placement model: 2pos
width: 20
height: 20
number of points: 5000
2161 1563
2632 3986
1769 8077
1311 8717
1689 7807
149 8407
1616 9012
225 8453
1558 8332
1447 518
66 838
1280 1940
1849 9621
742 9398
886 9979
290 8608
1369 9920
1663 8206
1 8223
730 8117
4068 854
1263 9430
1130 9642
1430 8149
1090 9579
1292 9350
1665 9824
3643 2856
651 8818
580 9511
524 5925
1503 9420
1762 8075
198 6536
1404 9947
1163 9698
77 9451
904 9137
1865 8099
1321 2896
15 9779
555 8366
1346 8064
1511 9136
972 8711
3259 1658
659 8489
1078 5331
1395 5774
1078 8531
3692 376
1026 5926
655 2567
1791 8299
413 8280
239 5956
493 9885
405 5546
399 9311
1578 8775
2663 4171
1116 9681
1093 9278
4268 1805
1668 9242
2050 7148
1607 9786
636 8626
252 9228
19 8893
553 8376
1182 9762
1745 9603
1955 9654
792 9258
488 1372
3926 7075
1510 7199
555 9730
3258 1086
3540 8818
360 3156
1220 8344
492 9132
1031 9166
209 9835
862 8913
1080 8369
349 8655
3421 6470
4390 9155
602 4946
2432 8849
59 8481
159 8488
1201 8860
852 8334
3040 9586
2384 549
2 9427
777 5791
480 7838
1744 8214
4451 9448
1827 8411
1671 950
1778 8167
827 9255
49 8540
752 8439
322 6791
2228 7392
4922 9766
1632 6245
542 6540
1258 9489
1096 1903
786 8679
716 8553
1427 8879
1970 9439
1723 8387
897 8522
4977 262
491 9562
1963 8375
1587 8668
3862 9789
1980 9012
74 9698
621 9049
150 9844
238 9151
1451 8898
1655 8701
601 9106
156 5259
619 8256
880 9887
192 8261
1884 8173
13 8038
1081 9665
1721 8920
1574 9552
1352 3262
473 8894
4868 1907
1111 9731
614 6775
699 9609
1384 8257
1971 9385
1808 9373
4073 5702
1593 9664
137 9736
1379 9995
1659 9015
1942 9422
768 9124
18 8923
1689 8849
1008 9709
4807 794
1145 9210
1964 9024
756 8315
4406 18
19 8695
1368 9233
136 8108
110 8569
1592 8590
914 9292
1200 9580
2416 5263
4749 9047
394 9326
545 9108
22 9914
460 8784
1562 8060
830 8650
846 8631
405 8133
138 9911
829 9232
40 8450
698 9743
177 8587
508 9602
1198 9170
815 624
3371 4127
192 5358
176 8867
187 8804
3269 8563
498 7373
635 8806
348 8894
1357 9387
528 2309
1536 9087
137 9293
121 9947
2873 4731
1895 9284
134 9924
265 8850
561 8569
1348 8614
1506 9963
415 7674
1449 8320
1386 8997
704 8624
1103 8373
1924 9411
615 9259
4 8297
493 9324
4574 72
126 8013
223 9353
2366 2567
3905 4242
588 8009
97 9528
446 9751
4756 8455
1054 8206
1880 8394
354 8713
170 9563
65 8777
118 9760
1064 8366
1954 4743
1850 427
1127 9859
2251 3319
1198 8377
1189 8001
1083 9260
811 9568
2416 4302
284 9529
1238 9826
35 9038
717 8852
4783 4541
774 8265
2064 9673
662 8988
343 9156
4146 3432
4589 4300
187 9379
521 8918
2714 2068
3646 8979
1572 9414
351 8671
2081 5211
400 9751
1573 9960
968 8114
4754 8932
765 8301
192 760
120 8435
789 9229
4057 9695
656 8773
4721 8757
1126 8227
1186 9624
1988 8710
10 9964
1198 7291
4933 5332
432 9642
4540 4385
1193 9078
1217 8144
1930 8427
2513 7764
1926 8015
1568 8400
520 5340
3028 8439
783 8731
1474 9286
1542 8042
514 8615
1129 9434
1574 8699
1718 8734
48 4208
3617 3118
4628 103
1151 9723
1669 9374
1800 9532
1032 8762
992 9509
354 9763
358 9056
1935 9696
1685 9483
873 9641
433 8044
2187 5429
1831 8284
1732 9065
2329 750
1586 5633
225 9604
1628 8807
1089 9805
1862 9969
1222 8392
317 9530
845 8474
1997 8965
1632 9907
898 8726
1821 9912
649 8825
1626 1698
1777 9028
2237 4572
3362 3646
289 8784
1008 9760
2390 7459
679 9776
622 9517
1346 9006
880 8283
2851 8936
493 9165
2370 3848
903 9575
4 8161
3646 8707
526 8392
1391 8308
1471 9725
650 9730
859 8744
160 9856
1529 8717
1026 8887
3848 9841
4915 8475
571 8337
1593 9247
1191 9222
833 9515
2578 2817
1781 8279
1446 9249
204 9652
3454 4554
1810 8407
1474 8590
2745 6615
2655 4766
1634 9349
1663 9019
1860 8671
2358 4600
1898 8435
1415 9589
1065 8774
1690 3458
1670 8352
1316 9180
1298 8181
1578 8736
1081 3260
404 192
1847 8423
912 8063
1005 8657
1312 8329
333 5374
540 8744
450 8486
851 8038
530 8742
1909 9005
1815 8101
555 9211
930 8492
1318 9050
582 9964
1341 9232
1358 9798
1522 9428
438 8200
113 9976
414 8694
1082 8047
1227 9496
1571 7151
3866 1225
1927 2802
2265 2159
2421 3368
3746 6270
4457 2114
852 3480
1443 6534
4184 4511
1174 9534
451 8980
92 9487
1382 8525
1543 9715
2761 1048
182 8032
2498 7884
957 9225
330 8683
1829 9263
2414 2787
1611 8616
168 9952
361 9918
1337 9863
674 8200
3445 5633
1900 8428
3439 6530
1827 8856
1326 8086
532 8672
1976 8775
1096 8273
1811 8505
3915 4627
1730 9418
190 8689
804 9982
117 8444
1461 8587
306 7100
1905 8842
439 9088
1717 9709
4101 5764
399 8152
2169 4728
276 8006
172 5990
308 8622
1469 9904
1275 8502
332 8762
991 8223
651 8194
744 9206
1258 8982
1106 8157
1073 670
1298 5759
839 9975
1361 8638
823 8009
1612 9382
2025 8871
1691 8719
1260 8456
1560 9006
1483 8892
176 9846
4507 5522
666 8139
3588 9586
2326 4825
613 4221
690 8952
1628 8110
1158 8913
3223 141
1208 9282
4538 714
1628 8979
1026 9949
4669 8273
3984 5120
1832 7610
4904 874
470 8806
1300 9973
4279 5308
169 633
1192 8253
1378 3414
1225 8319
1918 9578
1284 9893
663 9914
1936 9355
1237 9233
1350 8238
1216 9390
1951 9219
1954 9942
1234 8457
913 8565
1439 9355
591 9782
199 9515
1012 8758
740 8978
1442 9671
314 8800
1224 9827
520 8697
1892 8864
470 1791
4483 9020
2908 9769
579 8294
783 8174
1104 9214
435 8459
1926 9212
1187 9377
285 9753
262 8181
600 8301
3244 8661
1252 8670
309 9354
577 9478
1534 8724
1679 9158
3873 9086
1373 9973
1076 9687
1129 9046
1330 9130
103 8203
1187 718
1957 1686
1093 9556
1520 48
820 9984
1125 9600
122 8182
1569 9937
1315 8929
4649 8526
1987 8899
198 9726
960 8374
542 9182
221 8909
152 9874
273 9595
3647 4135
831 8766
1574 8278
321 8389
128 8434
4703 1727
1085 9045
620 8917
217 9453
4642 8051
1684 8452
1149 9829
479 9282
850 9698
1182 9128
1456 9754
1108 8935
1584 8294
851 9934
375 554
683 8885
4107 5568
1130 8075
612 9806
1594 8978
603 8241
1256 8444
3668 8502
1496 4393
250 9530
1967 9066
1884 8978
1897 9391
1550 8875
546 9412
4803 8227
1875 9994
1868 9479
3157 5964
3888 5031
419 8874
1439 9204
3738 8617
779 8396
227 6924
191 8010
1254 8539
1315 8039
4698 5390
929 8292
1397 9412
452 8360
851 8349
686 9264
1246 3938
1079 5784
1043 8852
1412 8627
1194 9555
1666 8727
4282 3405
1708 4367
1424 9306
311 9334
2618 4672
1006 9050
1313 8296
3261 9608
1261 9738
1246 9530
579 1125
1190 6996
3422 2941
1218 2462
24 9597
1945 7805
871 8798
1273 8747
999 8692
1788 7167
1893 8080
1459 9234
903 8258
1221 9614
228 9461
929 8523
1387 8568
459 8008
4800 7228
376 9190
3368 6500
1191 6301
11 9533
1858 8962
1750 9687
3892 3442
165 8252
4015 6000
480 8669
1284 3491
473 9587
2396 4693
808 8248
938 9606
1244 2472
1646 5115
1507 8875
2092 8458
986 9787
188 8488
1647 9661
3558 8771
1729 9540
1897 9350
4900 2790
853 9620
223 9871
1620 8257
1527 9995
627 8701
3934 6864
4782 6112
123 8884
549 9286
1852 9259
4091 9307
1848 9150
1118 9695
419 8472
1353 8675
1312 8000
1746 9276
676 8809
1325 6921
1158 9619
3362 7307
861 9484
1661 9918
468 8452
433 9905
1131 8354
1749 8786
121 8806
231 8958
832 9259
1577 8114
1175 8369
1880 8841
3264 4131
955 9866
398 2904
1825 1270
4146 3340
3561 2393
1549 8092
1819 9634
4197 3163
1155 9558
545 8108
4401 2074
3362 6613
1948 9812
1392 9159
131 8538
756 8818
1914 9383
1682 9537
198 9833
44 8735
251 9905
4872 6934
664 9623
1461 9475
541 8759
266 8680
219 8156
47 3061
1311 6522
1694 2787
1848 9720
4131 1717
886 9939
4951 8284
885 9869
3028 2881
4871 993
989 8231
237 8915
3283 8903
165 8711
755 6308
408 9262
325 8847
480 8697
437 8057
264 8560
1132 9526
724 9852
1197 9510
1339 8681
3219 9771
1917 9829
1547 8019
804 9915
1477 8700
761 9328
2762 4976
767 9386
1858 9967
1540 8223
1756 8620
1027 3858
952 8951
1547 9550
543 9935
4003 3360
1625 8438
4003 8973
77 8992
199 9237
1798 9866
412 9976
2730 3764
1961 728
698 9210
1739 9461
1479 9340
1010 6617
947 9561
1752 9985
1790 5756
903 9150
4614 6837
131 9935
287 9280
3559 3490
507 8281
1427 8182
1899 8487
1787 9618
2071 9367
938 9321
4621 2842
3507 2113
1716 8900
2216 9408
466 9035
1367 8052
45 9734
9 9342
389 9769
1725 9545
2169 249
2269 7599
1666 8720
460 8702
1496 9803
1378 8630
4796 9631
2042 1170
1743 8139
919 9189
1342 9784
202 9619
553 8322
404 9593
900 8675
232 8016
1298 9024
176 8579
926 9210
459 1406
3661 9145
961 9095
216 8585
676 8892
701 9474
857 8955
1973 9332
4025 4713
1337 8906
2828 5054
481 8866
1619 9970
1820 9220
4571 2686
3780 9490
1910 8495
1924 8110
306 8752
747 1356
207 8955
1070 8279
1989 9335
1380 8700
588 3705
1043 8325
902 8263
1001 9650
1315 9009
4871 690
866 8144
1708 2746
777 8480
221 9005
312 8973
2439 4710
1205 4377
1227 4499
1714 9537
1879 8889
1478 9100
2949 7039
810 1163
147 8946
1994 1458
1926 9704
952 9467
4496 7286
1768 9530
400 9114
1599 8821
1126 8762
1110 9086
774 9667
731 8282
1683 9410
3676 8302
3666 8533
2778 1121
4407 3764
4267 4428
4548 3183
127 8140
522 8152
1350 9663
619 9163
211 8819
1561 4903
2580 4189
1529 8934
1570 8495
2518 3000
3483 2312
1607 8686
1715 8859
906 9757
1240 2923
410 8101
742 9842
1026 8869
4100 9843
1722 6795
1899 9553
2575 7298
468 9036
460 9204
636 9425
151 8347
1303 6459
263 8945
601 8015
547 8533
932 8309
1510 8755
671 8668
901 8853
161 8835
1278 8637
817 9747
1390 9634
1056 8123
1098 8834
711 9499
592 9495
1916 8190
2814 4921
614 8141
3392 2347
511 1462
1593 2017
3343 5941
1056 8783
315 8311
1568 8659
997 35
1983 8426
910 8363
614 9404
419 9781
68 9537
4685 5446
1894 9892
768 9973
1741 9749
320 8411
1335 8443
1683 9628
603 6220
873 1438
3172 1341
857 9627
3733 2069
91 8536
4493 6231
1639 6570
678 8102
192 8021
124 7388
2990 9936
2002 5442
845 9737
1341 8567
1653 9212
552 8022
4939 1640
1041 8202
115 94
2172 8103
1381 9995
828 8739
1762 8372
923 9002
2684 5803
1286 6351
506 9225
702 8536
867 8070
756 3187
420 8556
638 9580
3445 3718
1249 9810
1478 8125
3844 8900
1272 5843
963 8750
3750 8923
1773 8822
1042 9628
278 9252
811 9500
1430 8345
451 9415
3183 2560
223 7881
4155 5891
4494 9649
1497 7779
1031 9730
3706 9094
1707 8054
1683 9587
1082 9421
1886 9281
140 9326
897 8125
424 9397
234 8673
10 3589
63 8469
1601 9576
4636 7432
4092 7882
344 8608
504 9058
1335 9782
1877 8426
814 9658
340 9974
1056 9854
46 9651
1102 8864
542 8440
3762 8827
1833 8395
1120 8422
501 8985
55 8065
1809 8024
1059 8919
99 9677
1638 9576
757 8964
1861 9582
178 9622
1513 9146
1440 8410
3643 1457
7 3255
1355 9565
966 8221
555 8811
610 8270
982 8560
4139 668
1452 9811
1511 8629
642 9682
1190 8878
171 9914
3781 9922
1065 9454
209 9300
3114 5117
4096 8997
179 9226
951 9824
349 8128
1442 8087
441 9828
451 9236
904 9025
462 4643
607 8544
67 7377
1283 9197
434 9848
2061 6195
1741 8290
1743 9864
364 8446
1846 8916
1307 8690
114 8746
25 9592
1069 9280
102 9232
987 9356
422 2377
310 9161
2997 4248
16 8140
1587 9731
1506 8615
938 8101
200 5002
1038 9952
689 8965
184 9225
1397 6388
1611 8588
747 9540
1929 2635
324 8583
210 9624
726 9439
1108 9945
4511 3436
49 8522
1626 9385
1807 9346
3101 7071
904 962
1075 9317
1611 9547
86 9935
3484 7495
1945 9806
1139 1490
485 9646
229 8704
2607 4824
2680 4357
880 8547
2737 4654
230 9926
726 7887
1216 8981
565 9555
415 9590
3543 5452
4276 2317
1762 8082
897 9542
1512 8896
1438 9725
1019 8748
392 9905
2692 6745
1617 9613
1970 8253
20 9545
1343 9594
1013 8730
2412 7475
4102 1048
1725 9640
4387 365
2505 8639
262 9913
475 8449
2650 8278
197 9644
1526 9824
2000 8367
1498 8455
879 8709
995 8020
1033 9593
759 9202
1539 8966
4564 1885
381 3043
3778 2285
830 8816
1236 8266
928 8819
993 8232
179 8879
925 8726
4560 7179
4626 8334
3707 8380
280 8091
4499 7224
2457 9116
476 694
949 2913
817 8574
252 5096
1341 751
4601 3750
1789 9267
3428 8625
4476 2280
1698 9887
561 9861
628 9395
1318 8909
1048 876
119 9294
4330 7671
3473 6513
1297 8107
240 9052
1045 9599
2710 453
77 5383
2427 8875
2220 3382
858 8232
1869 9381
1497 8496
1672 8428
1208 2449
1463 9361
3579 6832
3651 1436
3913 5762
4443 6151
1405 9089
1580 9563
4975 6197
1541 9937
1 6609
4583 3745
1752 9748
3573 2322
1112 9699
584 8392
1991 8397
3274 9571
3579 6606
561 6875
1216 2370
1983 9299
990 840
769 8791
2786 4199
2055 6249
825 8046
483 8814
1533 9082
586 9576
1684 8139
4928 7318
2590 9636
213 8082
193 9995
3412 415
962 8590
1757 8710
1850 2347
1009 8352
147 9432
1964 9075
299 8606
3207 2362
598 9444
1761 8260
1880 9958
4990 3128
913 9705
381 9666
798 7136
1150 9814
4495 4070
1152 8786
1753 1527
912 8013
1511 6264
1374 8207
350 9790
587 9068
1515 8147
1900 8382
1704 9670
3572 4320
4610 4137
985 9227
475 8145
28 9449
1227 9525
1531 8552
3889 8274
1184 9290
1867 9101
1873 8584
1708 8640
50 8350
2258 1967
541 9201
1325 9286
464 8563
1209 8430
13 9830
1137 8554
645 8715
4250 5775
1350 3877
1837 9236
2190 3700
543 8921
832 9753
317 4832
1208 8639
706 9297
1853 9130
2018 2951
1525 9900
504 9642
1836 8232
263 6723
764 8749
467 8007
1696 281
256 8166
1615 9253
1935 8319
2503 9433
1449 9948
93 8790
1090 3516
1286 8036
1106 8489
1749 8693
629 9703
1679 9133
1450 9854
2129 7920
4958 2792
3514 4464
1279 9827
1109 8408
126 9597
1460 8258
3970 8404
519 9808
1320 8247
827 5024
947 8141
941 8895
169 8962
1101 8941
1813 9634
602 8726
1608 9483
3078 2325
3247 7680
683 9422
694 9376
1481 9934
4102 1861
2712 407
437 5
1691 3998
1809 8501
750 6834
1486 9096
885 8850
1259 9536
1541 8197
1542 8762
156 9011
813 9174
456 489
4089 6466
2730 543
1428 8367
71 8113
1364 8885
1563 928
792 9510
1598 8345
1876 9711
1964 5687
192 8018
66 8124
146 9551
3056 1613
1539 8549
1176 8325
4028 5518
1177 9329
881 8419
160 8954
3514 3620
4279 8250
1994 6682
1356 8991
1999 8641
1101 8317
1345 8809
2756 3927
450 8843
2958 1125
910 9475
1162 831
216 8826
228 8167
118 7008
341 9908
1969 9676
86 9008
1567 9538
1069 8879
2960 1146
1862 9544
3499 7309
1333 4498
260 8852
1043 9693
113 9892
197 8987
539 9167
1387 9617
594 9662
1233 8105
2246 7389
623 9408
506 9575
1188 9628
1631 9881
2333 9692
748 4534
252 8411
27 9670
920 9762
1529 9291
2608 4008
310 9835
961 8353
2746 7353
244 8664
785 9785
1503 8849
1188 9222
1967 9714
1768 9838
374 9614
1232 8096
3565 7937
558 8250
835 8267
1007 9732
1541 9576
4768 3339
1106 8918
4521 9294
468 9990
518 8402
759 9534
1461 8517
2697 5709
387 9975
1927 2841
581 8436
1158 8337
166 9654
257 9872
428 1878
496 9959
858 9789
544 8533
1311 9328
948 9149
3156 3372
34 4184
4205 6806
173 8488
1928 8285
2898 9469
1794 8157
412 8657
617 6958
971 4208
4228 9395
696 7309
1271 9966
1917 8777
127 9485
1298 9101
110 9985
486 9709
1829 8209
3136 1793
1534 9067
1782 8603
892 8799
3709 3282
3519 1415
4636 808
894 2871
1630 8034
603 8467
762 8944
1072 9966
15 8178
539 9419
769 8481
1696 4536
2552 5955
1591 8191
1212 8168
2058 2705
1407 9574
2931 4923
2267 1445
1697 6473
437 8173
398 9175
1105 8130
3759 8738
1650 2664
531 9053
1973 8380
4725 207
1856 948
4472 4218
1392 8302
435 8034
151 9676
1423 8791
1601 8472
814 8237
1596 8927
1802 8911
445 3140
384 8698
1860 9198
634 9728
762 8914
1915 9268
1660 8778
379 8397
1542 9533
2926 4292
1286 8055
533 9655
2624 9257
1996 8442
1300 8048
2717 6145
4191 631
1980 8559
837 8984
4972 6914
678 9053
4929 6532
2196 3110
4721 6150
1327 9772
1843 8614
728 8967
3287 5165
1741 3785
3613 8651
891 8896
1106 9490
931 19
856 8656
4824 4192
2138 9667
762 762
34 8202
3441 9568
699 8186
1593 3575
311 9616
1089 9628
413 9164
775 8425
3284 2095
105 9249
4042 9643
4596 9084
570 9708
1592 9837
1854 644
384 3502
1622 8616
1862 9464
1429 5786
351 7887
707 8818
90 9599
528 9839
2087 2312
854 6069
105 9283
1122 5625
753 8038
1025 9736
500 9590
786 8471
629 4856
30 8160
344 5841
379 9435
151 9703
4266 7336
93 9137
745 9638
335 7459
1671 6710
1403 9620
489 5524
3078 2618
379 8981
413 8025
1455 8227
1641 8738
633 8790
316 9344
1004 5071
950 8669
1103 8292
3941 1587
934 8651
2806 2133
286 8802
282 7849
118 1217
106 8628
1864 4090
3703 8363
524 9749
1475 8555
1371 8063
520 9102
86 9660
1918 8523
1993 8847
3081 5288
1435 8640
689 8032
506 9959
1752 2044
729 8849
1897 9802
182 8762
1110 8803
4693 1223
772 8185
193 8032
189 8719
50 9920
3249 6492
1641 8644
3841 4519
1748 9560
257 9352
2034 8243
757 8389
1113 8564
2667 7844
1117 9180
4269 5039
920 9969
692 9232
176 8869
2461 4668
4177 3837
860 8652
573 9124
1167 8748
1479 8612
755 9712
1169 9522
1459 8453
1898 8052
779 9122
1389 8979
942 8347
869 8371
1696 9170
2345 9388
193 8928
1388 9934
1725 8352
1090 8094
1297 9481
257 8449
1524 9339
1897 8453
1876 9290
466 8605
1575 8799
3573 4658
1361 684
4656 4289
3100 6784
2809 1540
1389 9419
1186 8169
674 3177
4584 734
1242 9413
189 9324
1630 9683
388 9987
990 9585
461 9528
491 9266
676 9163
164 8486
2853 8617
1586 8286
775 8542
3583 9691
530 8833
4666 5714
3296 2002
1632 9538
681 8681
694 9980
1339 9750
790 8028
2779 1769
1481 9265
646 8490
409 3725
674 8660
1594 8698
892 220
805 9064
2129 7035
919 8048
1623 8852
1359 9305
426 9786
2260 850
1011 8116
49 8237
3957 3910
1313 9053
2124 2118
1842 8156
1204 6341
988 4759
451 9758
334 9754
1101 8224
1950 8897
353 9591
75 9229
457 9096
129 9521
1395 7393
1875 8866
758 9268
519 9248
1925 9070
1900 9207
2862 2736
862 8279
4681 8898
1463 8106
2 8207
868 6509
1851 9819
366 8557
916 8207
1122 8490
1773 4631
2338 5161
1977 8129
1263 8777
4449 7933
690 8614
4175 2025
1100 8845
719 8259
1265 9119
434 8317
58 8492
520 8814
850 8420
2681 339
851 9682
813 8037
1109 9334
682 8407
594 8319
3610 2888
4670 3289
4262 3993
643 9356
438 9700
1322 8236
3777 447
4555 7246
1047 8104
1845 3396
3288 1348
1038 9141
611 9375
1793 8881
237 9751
1719 9158
872 9056
1584 8297
1774 8650
761 8250
383 8292
594 8050
590 9640
427 8952
1819 3002
1366 8376
1309 9608
533 9798
3949 849
297 8168
1873 8458
1881 8786
461 9828
531 8674
1410 8840
417 8032
1275 9431
798 8383
2168 1377
4929 7172
3276 7691
1019 8125
1709 8865
2189 3971
344 8511
1480 8746
515 8589
1980 4073
833 9771
1984 8739
78 9294
1551 8963
2664 6474
1897 8038
1683 9517
1264 9339
1064 8311
1213 9234
1035 8576
1345 9262
1069 9394
1987 9201
138 8215
341 4805
1401 8913
644 8228
472 8919
1751 9593
4726 4890
598 9401
2799 1247
2813 4183
1935 9556
1674 9784
1775 8822
1655 8633
303 9524
1106 8399
1362 8356
1369 5
725 6639
1019 9043
3748 2030
413 8009
634 8496
3165 9785
24 9803
143 8986
1471 8041
655 7947
172 8527
2708 7171
1693 9159
1832 9349
1551 8973
4490 7430
1586 8710
1084 9623
1564 8412
1587 8212
1673 9241
9 9272
4622 1732
1913 9803
513 6
2128 9827
2050 4174
670 9809
3325 2811
3515 9796
551 8522
2421 1450
1720 8015
726 326
894 8161
1447 6810
1408 8121
78 9049
3724 2584
1494 9211
958 8168
1881 8026
3400 2283
1022 9273
48 8305
544 8974
1272 9363
424 8827
1732 6947
4664 4638
1010 2256
1067 2175
793 9458
4265 7092
3386 1354
1487 8858
2259 6531
826 9931
1728 8177
158 9486
860 9663
1071 9436
1286 8625
1587 9841
3989 5143
608 8145
370 9656
991 8499
2571 7301
1270 8376
3172 8921
707 9540
3791 2474
1781 8021
246 9470
1165 9605
142 9973
735 9192
3897 5464
1564 9063
2230 6803
2387 7547
7 8069
839 9308
659 9499
1503 9248
1707 8710
3600 6368
1134 9041
472 8890
330 9993
795 8989
3039 2936
1693 8132
1743 9756
662 9012
2790 884
1102 8118
4089 7923
1880 4161
348 3552
50 9285
1686 8895
2949 9574
1566 8900
1242 1042
897 3623
268 8370
4478 2559
2845 4318
279 8020
430 9795
1425 9786
298 8486
221 9182
2285 6538
4302 7399
700 8223
589 9627
470 9917
338 8441
4072 9167
1915 9375
1376 5853
1125 9296
44 8043
1739 8513
195 8570
1715 9409
480 8378
956 9943
453 9419
1226 9937
786 9542
314 6380
432 1997
730 6196
1084 8715
2882 7633
64 8006
3154 8048
1839 8306
349 8840
1679 8257
157 6277
1636 8138
3413 9348
1254 8780
1470 9294
1194 8526
1485 9459
595 1806
1166 8089
548 8092
794 3734
1865 8988
925 4699
655 8552
1059 9566
4693 4512
896 8782
1183 9256
436 8854
389 9183
1678 9798
820 9475
713 9611
593 7253
1916 8971
1452 8399
929 9446
3154 8040
753 8592
3194 1214
810 6899
780 8682
559 8347
526 7872
755 6730
807 9462
1347 8965
581 9738
924 8555
67 8406
1593 9327
394 8153
2839 7198
491 8977
709 8739
949 8994
555 8699
4199 5281
809 9419
125 9274
1965 9822
3509 3156
16 9488
111 8689
1427 8307
2506 83
3190 5444
1622 8427
896 8766
960 9888
1674 9947
978 8511
1850 8872
3358 1380
4971 9037
73 8287
734 9217
2019 3568
4434 7141
2193 1405
1087 8370
1127 2218
1119 8558
789 9142
2595 9441
1500 9292
195 8088
1408 8417
767 9339
1143 4201
643 8473
859 8689
1648 9838
12 8345
1286 9636
319 8724
1628 8329
1989 9124
2119 1120
1147 4705
1471 8194
22 8840
1367 8512
57 8393
2264 8814
15 9424
646 8790
1637 9942
1080 9780
1262 9658
3035 9187
1898 3665
859 8920
336 9343
101 8029
8 9730
1224 8652
4836 6456
609 8172
1150 8007
1208 9220
4259 522
4632 5492
4518 1930
862 6352
1031 8049
620 8408
210 8754
2767 6218
1556 9471
4408 3762
1269 8325
4648 556
85 9482
3283 542
1444 9016
1049 9666
1995 9705
1513 9786
1267 9253
431 9166
2763 7255
1686 9639
364 3825
515 9191
523 9236
3887 8315
1 9283
4609 4160
1983 9297
1293 9697
4000 7527
1989 8944
580 7943
1028 8409
985 9481
713 9363
0 8782
691 8472
543 7960
1785 8449
1194 8520
799 9128
500 9673
1714 9350
3251 3163
1561 8430
3179 8878
3328 7486
365 7214
914 9621
291 9486
1630 8368
405 9258
258 8493
1872 8689
576 6821
1728 8601
3775 347
663 8414
517 8268
308 8566
35 8179
4455 408
3949 7347
1984 8486
288 8950
433 9462
4657 7379
763 8619
89 8511
729 8851
4128 4119
2282 6018
1725 8210
891 9595
1511 9717
467 8410
335 8645
780 9510
25 6005
1783 8554
935 8737
680 9580
3725 7492
4206 1907
885 9392
208 8936
1803 3532
161 9696
1650 8611
2691 2340
877 9551
1759 6086
849 9861
659 8023
2363 4418
469 9804
1955 8513
3857 1415
4295 3547
4351 8771
3420 7649
647 9463
1381 8198
251 9467
1832 8619
1935 8109
1268 9609
1216 9158
556 9007
60 8682
4621 2461
1364 9137
506 8339
1663 8850
4794 6377
1060 4947
433 9225
65 9527
1074 9964
87 9237
4371 1824
1670 9188
1836 8753
3713 8220
2944 3672
1127 8410
723 9482
1319 9364
1983 8643
1383 8980
4311 1664
855 9120
1701 523
995 9754
1614 8109
816 9412
4834 6519
3710 4346
3815 4947
55 8353
1842 8229
3008 2564
1670 8981
927 9903
206 9283
1703 9274
2337 509
1269 8721
276 8234
2216 9880
1580 8283
4884 4016
1981 9810
293 9868
4271 9381
549 8339
1473 3203
3247 9465
1214 8552
1231 2140
30 8376
2949 9970
420 9635
1917 9232
1903 8042
443 8530
1601 9426
4476 616
1738 9494
242 8840
25 3954
1852 8923
1430 4535
1869 9077
160 8944
1426 6123
1064 1504
2119 6211
2780 2179
1714 8405
509 8791
1432 9806
1671 3816
1104 9563
316 8294
4745 6819
1738 9343
806 2598
3223 6718
4636 3785
1548 8307
1112 9107
962 6776
1026 9385
4293 2951
1408 8697
1895 9566
38 9362
1020 8249
153 9964
1997 9633
425 9932
1427 9169
2039 2529
2573 5527
4057 2048
101 9372
4421 7744
1618 9431
3800 1106
1224 9758
574 8002
2972 7806
1095 9176
550 9492
482 8106
4109 8043
1719 9736
3097 5945
1437 1855
1416 8422
601 4722
1769 8567
684 9385
84 8888
1041 8673
1212 9011
3169 9130
1217 8361
1362 8994
1778 9947
530 9699
1490 9689
1401 8877
25 9782
2718 3655
919 8649
753 8312
882 9401
1454 8756
359 2913
1868 9815
44 9817
1840 8805
225 9179
278 8415
3578 8314
498 8691
134 8516
795 9466
469 4061
1237 1370
1000 9467
831 8248
2550 3958
1041 9714
1997 8875
1130 9140
255 7073
550 9159
1103 8804
682 9589
1316 2840
1274 9762
854 9865
778 1104
470 9053
298 8403
1330 9174
1536 8654
472 8556
803 9670
1501 8057
2928 1589
4217 4281
2323 9768
3792 9177
1495 5107
1683 9491
1677 8013
1163 8769
810 9195
2207 4192
1696 9668
1506 9324
488 8141
1485 4276
692 9129
1929 8273
4979 1298
482 8579
2511 7275
4845 8930
276 8326
135 8210
3043 9395
1655 9558
1029 8285
3681 1229
317 9480
1698 8787
2 8221
1767 7388
1980 8586
1360 9179
4925 7587
1373 8596
4613 8993
4482 1282
1490 9621
1376 8580
1081 8078
1424 9840
3049 5054
343 8099
216 7157
323 8132
1024 8744
943 9190
173 8955
2598 2691
3459 7491
1063 512
779 8838
4725 3876
1596 1023
1459 8848
2564 8732
729 8837
4413 735
4108 9054
1026 9710
674 8512
300 8817
357 8399
1734 8694
1255 8912
102 9920
1151 8911
2843 1115
1945 8829
253 752
792 9418
1501 9633
70 9723
3933 9851
694 8880
1645 8184
3380 2580
717 8047
1540 9656
531 5654
1114 9781
28 9019
1549 6584
1963 9294
264 9298
781 8679
2489 8396
3735 8441
685 9014
2003 291
766 8360
1694 9260
1119 9921
2646 64
175 8834
546 9186
870 9548
1248 9359
1787 9890
1291 9057
4888 2550
68 8677
477 9431
1418 8094
135 8019
3091 4520
1373 8393
1236 8791
1194 8787
1488 9165
4367 5245
689 5045
1983 8660
364 9832
1443 8890
1529 8724
4875 7694
3160 5457
1324 8042
2900 9180
391 8468
1229 8990
1333 8570
1695 8308
1733 9000
1685 8521
454 3646
855 9814
1999 7260
480 9189
58 8575
1012 8447
388 9458
97 9414
1523 8461
1980 8658
593 9997
1172 8838
416 9028
1534 1635
1613 5408
314 9977
1006 8994
4622 2809
2226 9698
1571 8897
1680 8644
1851 9023
600 8244
1932 9127
3610 9023
1634 8123
1592 8209
1661 9525
2676 2262
1501 9315
4235 986
3775 5880
115 9426
163 9393
1664 8719
1659 9661
2761 1848
240 7885
1297 8286
1349 8432
1703 7503
3214 8597
309 9074
809 9474
1643 8290
1310 3096
958 9034
1474 8217
1781 9504
1104 9675
1337 6911
1187 8143
1676 8811
413 8784
234 9081
534 8521
4317 5794
1605 8766
239 8051
14 8661
1177 9773
1411 8432
1414 8148
168 9819
879 7534
1935 8846
2805 427
665 9166
1379 8551
1249 9835
1718 8993
861 8417
3719 3221
3567 656
1158 9824
3151 8583
101 8487
1109 9932
1941 9469
687 8785
847 8654
906 8667
4705 692
190 9956
1606 9575
1363 9036
1179 3839
160 1351
1125 8740
1677 9369
3960 8844
441 430
722 8190
3595 278
1056 9375
475 8791
1925 8002
852 5741
2998 7521
575 8012
806 9222
892 6275
858 9298
1336 8695
745 9109
1011 8083
1851 3057
536 8829
102 8625
1228 8683
1616 9824
3570 5510
617 6387
1447 8951
119 9912
1138 8324
439 8134
308 8416
4164 2992
394 7219
1538 8433
1178 8753
678 78
307 2973
814 8775
1768 8336
1248 9556
4133 3205
720 9195
347 8701
1017 9443
191 9828
480 8771
526 7643
580 2716
1382 9634
0 7155
2118 1530
673 9964
1829 7764
927 8249
1281 8339
3597 5276
1722 8570
1631 9466
2783 4686
3369 3953
439 8391
3742 7475
4561 8818
3509 2108
375 8324
695 9015
56 9213
1514 9549
2715 4969
985 9534
2084 4518
1326 9362
625 9643
991 8317
1075 9830
1350 7432
1059 8175
1339 9912
471 8454
4285 6844
116 9969
132 9586
1803 8863
825 8697
1820 9801
4316 5344
4602 6331
1759 8981
105 9775
971 9910
2575 7830
1622 4837
752 8636
1733 9353
1374 8150
1521 9350
1174 9014
2995 9610
4503 5670
1552 8734
551 8879
186 8111
1323 8372
794 9183
1282 9460
1126 8189
4849 5525
1456 9470
990 8885
2328 9223
338 9830
1168 1817
1242 9073
625 8454
886 8452
1069 8746
959 7551
1391 8577
136 8924
782 9688
770 5382
165 9314
2430 1067
2878 4798
4054 1770
196 5479
1567 891
2880 1719
262 8815
1499 9889
2334 9939
3940 4891
1143 8879
1688 9925
397 8063
1932 9295
907 9232
4687 519
3261 5128
1591 8243
194 1811
739 9861
75 8263
1989 8869
1877 9612
66 9339
1953 9523
505 8793
4472 7589
1337 8318
3131 3957
2658 2033
1465 6544
93 9531
803 9921
1322 162
1633 9433
502 9173
680 8424
3925 8770
1051 5787
1253 8947
1340 9820
2832 4759
1286 8591
1762 9965
1769 8356
424 1129
1922 9552
1065 9883
4968 2366
1538 8862
3456 5805
2756 8927
4991 2720
1459 8671
154 9133
803 8628
676 8250
1435 8236
1015 9930
2913 2942
1123 9142
2715 8090
2400 5576
386 8389
2746 6057
630 8275
521 8660
251 9462
1889 9531
2704 2314
994 8194
1039 8333
1920 9954
1082 9306
301 6746
1232 210
307 9556
1862 8491
1168 9432
1571 9482
904 9241
1545 8519
1100 8384
1071 8208
245 9879
1782 8028
975 9564
910 9208
1362 9140
783 8663
1173 8785
2616 2905
3014 6256
2784 6033
136 9622
1483 8081
1762 9901
1555 6271
552 1451
1260 8918
461 8734
3391 3040
277 8102
464 4594
2806 9709
530 8123
1576 9251
3959 3551
257 9278
1906 8834
3496 6355
1444 9607
803 8671
4607 4649
805 9511
1950 8011
1393 8188
1979 9773
515 9459
1921 8118
736 8027
1989 8849
4292 9203
933 9124
899 9968
4873 1800
1715 8680
700 9918
1009 8832
360 9587
852 6077
1296 9639
3381 4562
751 9505
1337 8359
1625 8865
280 8049
1085 8082
696 8237
431 9856
768 9777
447 9322
1424 8840
1901 9368
1938 9060
1284 8681
1012 8052
1906 2453
1789 9330
1314 8442
802 9787
1650 8876
422 8153
2589 705
76 8114
1509 8488
309 483
1631 8620
1972 9734
1075 8413
4993 5107
4335 9981
1510 8830
963 8898
2885 4523
1438 9406
585 8207
852 9184
4968 6317
1927 9748
1572 9510
1610 7302
2883 5140
1423 8909
1303 8369
1410 9996
1842 9799
1814 9491
1341 9785
1108 9004
884 9051
1932 8038
698 9336
1086 8927
183 5374
25 1855
1509 8412
727 8284
509 8083
241 9547
1114 9531
1590 8703
3951 739
3549 712
709 8268
514 8308
469 9124
374 9600
4631 8211
1294 9801
2038 573
810 8611
317 8476
1392 8238
2293 6527
1101 9242
62 9789
366 8284
593 1707
83 9135
698 8658
2819 2602
1068 8294
720 9715
1736 9142
508 9207
1291 8315
4050 1056
1725 9812
1996 8535
2554 1420
1574 8487
49 9486
1015 9823
4641 4257
1869 9599
823 146
2 9589
366 9143
1692 9012
1010 9199
4090 364
3907 6804
1954 8087
1243 8747
1914 6018
2807 7754
1111 9062
1287 8118
1378 8948
1186 9287
1071 3034
3766 3504
12 9106
271 9988
4095 3229
212 8081
3025 9870
1715 9171
713 8627
2804 1412
3547 4997
1848 9964
1884 9675
592 9831
585 9841
1280 8415
513 8374
322 8937
1450 8619
3102 7443
408 9813
3808 9062
1491 9906
756 9201
2695 6284
1600 9928
1616 9279
1112 8041
255 9935
1697 9495
4764 8443
1352 4707
843 9721
4037 8202
269 9884
72 8996
4554 2721
4833 7040
1522 8720
1501 1081
944 7574
1197 9225
1861 9542
196 9832
302 8406
954 9231
3964 3814
1092 5333
610 9255
14 8773
2604 3740
3852 1082
1328 9412
4672 3122
3215 8479
1267 4174
4756 8313
4408 7061
2072 6122
409 9067
4123 6778
438 8504
1644 8916
4949 5302
1577 9629
223 8730
2418 1502
1958 9924
997 3089
1540 9203
1824 6297
1134 8743
1582 8207
211 8520
1490 7408
577 9584
2251 2166
1131 8121
1947 9352
1459 9106
1401 8566
1569 9104
1456 8733
752 8064
480 9734
1590 8505
248 8074
2362 7476
494 8917
1047 9621
1472 1119
2119 2377
1921 9102
1347 9091
439 9826
1583 8809
1544 8261
677 9197
1525 8391
1810 9979
1161 8762
656 9127
390 9974
4870 8039
587 9773
1462 9215
739 8693
111 9882
1321 9398
914 9516
906 8481
105 9944
364 8333
1531 5451
920 8420
1703 8563
364 8051
1487 8128
4466 1881
3084 7386
715 9831
1423 3013
1911 8453
3165 6394
2350 3794
3792 9699
2917 2438
270 8784
1041 8365
621 8109
1226 8920
4518 2092
1050 9839
1273 8879
1911 9851
2239 4483
1966 2106
180 9570
243 8059
942 9902
1025 9604
1678 8838
1421 321
521 9154
1270 8706
1992 8980
3892 6252
1712 9888
665 8343
1170 9499
1699 9335
1686 1952
3251 6309
595 8680
1716 8078
60 9385
241 9923
1147 8870
996 9657
122 5534
330 9270
812 7099
1412 9480
178 8114
1897 2647
1434 9259
479 6569
188 9773
1969 8805
1443 9152
848 8843
1888 9078
581 8644
777 9821
876 9775
168 7147
1939 9615
2315 6088
357 4291
1124 9652
3270 3106
3550 8149
635 8828
932 9515
981 9376
261 9984
1372 8681
1136 6265
1144 9080
1116 7299
935 8248
1 8662
3714 2403
1289 9324
335 9835
2611 9271
1728 9747
574 9224
27 8429
1205 8400
488 9263
884 3357
1335 9591
1787 9023
786 5939
1876 8024
1058 4845
2657 9596
1564 1100
1940 9308
1702 5066
1883 9806
1031 8383
1969 9548
1913 6744
1139 9138
289 9790
1038 8240
628 9775
340 9007
1301 1925
782 9046
3742 5179
575 8919
469 8643
1957 9103
841 8847
619 8877
1333 8584
662 9420
1245 9518
90 8878
4777 7108
1725 8896
1593 8361
143 9061
99 8043
1715 8693
1895 9378
453 8393
744 8546
1758 8972
580 9196
647 8250
3403 1903
723 8253
113 8348
488 8848
1848 9054
1869 9504
3393 6619
517 9081
2849 5491
1153 9459
1879 4906
407 8663
1514 9466
549 8473
1621 9153
71 9312
81 8042
1072 9921
913 9073
3 8158
521 8519
274 8418
441 8047
1404 8809
551 9042
1750 9896
1830 9993
4061 3286
1306 8660
1248 9326
1381 9266
617 9687
1908 9568
2493 375
1919 8282
312 9217
1732 9645
4855 5583
962 9132
1800 4269
2508 8060
650 9170
649 6356
1641 9446
1219 8518
725 7631
61 8253
583 8454
1302 9822
3574 7720
954 8306
813 9387
53 8537
1217 9715
2005 2254
446 6340
363 8545
1331 8365
154 9324
259 9257
1959 8901
1377 5553
1629 8507
1582 9890
3515 228
2582 1290
3073 2795
4612 9656
3002 8205
342 9746
3687 354
3583 3678
1219 8178
699 6055
1717 8902
3117 7947
643 8491
1347 8554
4502 828
968 6421
578 8093
3187 2868
865 8149
820 8367
1176 9580
2196 360
2169 7585
2564 2442
808 9434
1326 8001
4387 1415
843 1539
1063 9504
2141 5038
1936 909
746 8252
288 9438
510 8069
1376 9942
1229 9567
901 3234
1788 8957
216 9663
3526 9908
4992 4257
414 9138
1183 8839
1683 8414
3074 5460
1845 9073
3875 900
1528 8258
346 9979
1619 8067
1412 8766
2305 8835
466 8590
763 9081
1152 9913
3986 1880
769 5082
1400 9347
3360 6114
566 5962
976 9988
3990 7914
3638 4082
3643 6387
2066 7260
1383 8531
1266 8541
826 8650
1581 9098
1465 3935
1748 9933
1420 5996
681 8469
493 9378
252 9218
2973 8244
220 8455
1869 9070
1028 9112
1907 8089
1244 8491
745 9322
1524 9319
1870 873
1448 9072
382 9080
895 8078
211 8506
4647 9002
601 8585
114 8921
294 9725
612 8977
493 8422
4506 2621
936 9817
1200 8835
1376 9903
3814 5395
2783 9405
819 9909
1026 8054
444 8393
1199 9278
1603 9275
3027 4282
584 408
4554 6763
1604 8409
1753 8590
1915 8321
2293 9466
1477 8771
780 8489
855 8872
432 8085
1643 8398
1798 8296
1014 8361
1640 8481
3118 5900
1707 704
641 8947
454 9859
4758 8265
4017 1422
1735 8885
2115 3417
67 9829
1304 8184
618 8514
1715 8265
4471 9990
3794 4740
3875 8354
1643 8667
2127 2238
1401 9215
3662 1722
16 1079
2563 8485
1141 8347
3887 243
419 8664
951 8336
971 9827
151 8330
1512 9547
712 9808
1690 8132
1821 8654
3913 8783
635 8646
1673 9020
440 7930
4853 2927
541 7847
834 9456
1079 8927
883 9787
1367 8509
2250 3421
475 8930
4086 9171
98 9956
494 8362
883 8847
1612 9512
303 67
84 9460
1120 9298
1434 6336
2491 4339
1929 8042
1973 9554
571 8975
1844 8970
150 9915
0 9707
30 9309
3531 9906
4101 7546
1844 9302
4703 8030
2351 233
3910 8434
1631 8871
1464 8844
966 9479
1560 8845
645 8395
1893 9109
1316 9181
666 7613
1870 8867
1305 9120
183 9805
1464 9942
92 9934
431 9848
38 5717
646 8519
638 8075
1332 4327
1926 8882
200 3955
1201 9110
2279 1447
375 8009
960 9345
1351 9203
2000 8821
740 8744
1077 4935
1726 9957
48 9573
759 9110
914 9303
4604 7274
616 9800
3989 3294
687 9926
1218 8075
1942 8221
771 8210
1378 9008
200 4955
1258 9725
6 7856
1063 8011
681 9658
1653 8778
2983 159
3064 660
263 9073
194 9573
2718 4834
1066 8056
1384 1380
490 8278
919 9006
1943 9927
1308 8625
665 8981
858 9538
275 4443
736 8378
4794 2811
1450 8557
2379 9407
1873 9867
1028 5880
933 9097
58 3895
1548 9886
921 8638
817 9735
1276 8693
840 8623
158 9328
736 5599
3959 3989
53 8802
76 2625
686 8283
303 8181
126 2251
688 3067
1085 8483
520 9503
398 8437
811 8103
1596 9327
1210 8921
3911 1865
1552 8234
2472 251
178 8953
748 8949
734 9464
481 9138
1292 9337
93 3393
4519 6221
928 9274
695 8783
507 9519
989 9825
1006 4662
966 8818
1129 8314
84 9652
1690 9706
2101 2924
545 9565
1561 9066
1211 8252
962 9234
1370 1648
2720 1120
2967 8874
625 8183
1277 9515
1229 8143
4862 967
882 9647
1301 8941
1788 9686
1432 5119
258 8751
1818 8875
1371 8001
176 9962
1810 1047
2974 6081
1826 9561
534 9703
1493 9535
1690 8445
1932 9280
618 8562
1059 9443
418 9588
40 8324
620 9322
1438 2591
104 9701
460 8314
4565 9807
1974 3823
466 9914
3876 6221
1591 9603
176 9053
1516 8636
1473 8814
3350 480
1702 3516
278 9230
1277 9424
2081 3631
180 9946
1689 8010
3267 4707
1864 8267
1662 9398
793 8803
1375 9667
1878 9941
4667 8895
269 7323
1406 8944
1940 9031
1536 9502
1067 8434
842 9738
438 9197
1609 9917
909 4483
1145 8978
1709 8676
1321 8848
942 8005
4493 8032
1837 8888
2981 2678
1770 7757
1312 5938
4730 9903
1761 9984
2430 2506
1052 9647
709 9102
223 8147
342 9816
1693 8764
224 9245
654 8579
1180 9054
506 8845
1418 3671
1030 9515
1463 9737
759 9091
1060 8350
2101 7183
254 276
781 9636
1160 9599
776 8259
1234 8848
208 9091
644 8750
1480 9385
3218 90
1355 8317
2888 9942
37 8913
805 9404
766 8072
990 8898
1978 1898
870 9653
341 9359
1143 8136
958 8487
405 8427
2907 7452
1107 9534
979 8896
1074 1719
2669 8435
666 9851
4693 860
1551 9180
2248 9620
804 964
453 8602
1910 8537
1329 9827
2308 7942
2307 5875
476 9828
1833 9054
1753 8475
1767 9357
1351 3132
956 8159
839 9540
752 9285
240 9443
1319 9645
1722 8059
1276 357
992 9271
675 8785
948 9235
1037 9676
700 9406
1428 9837
2276 7377
1551 8450
1701 9895
1788 8975
486 8063
1508 9365
1290 9846
403 8600
1844 9582
8 9068
4356 469
1235 9832
1451 9443
1877 9251
612 8403
760 8669
2353 8565
1941 9666
541 9993
1675 3498
3745 1702
701 9536
2284 7163
490 5140
220 8717
1236 8293
1807 8480
2166 1426
1789 8744
1880 6421
4826 6142
1003 9257
1567 8387
1511 8618
1760 9789
4383 7737
3672 823
589 9828
4354 7560
522 8465
1919 9336
1682 9114
3005 1034
538 8335
223 2096
504 1490
1565 9216
449 9624
941 8515
52 9128
4944 4015
794 9443
817 8268
1885 8949
736 9267
2489 1328
31 5582
621 8391
1409 9581
1449 9383
287 8128
1939 8513
2975 8294
382 8076
1979 3648
1608 6103
1058 8876
1709 9172
189 9379
22 8267
4272 4782
211 9218
922 9392
1056 9291
1369 8294
1694 8980
2353 9759
1995 9216
1508 3038
4402 1145
4895 610
965 9041
1851 8983
959 9756
743 7437
361 9701
1659 9399
97 8223
884 8016
3712 8250
421 9227
1128 9021
2832 2200
3224 471
883 9902
1565 9787
3489 7279
3525 5799
87 8493
3990 2247
562 8810
706 8743
1794 9706
137 8703
1763 8634
1403 9824
799 9253
1706 8901
1955 8787
1442 8744
381 9752
1311 4499
1775 8681
855 4386
4790 5781
71 815
900 8112
75 8138
322 9170
382 8155
712 8809
947 9556
34 9803
1102 8923
815 1024
3490 8916
1622 9894
1089 9242
581 8094
677 4057
2924 2915
4324 4966
1229 9276
566 9253
4105 1053
1535 8914
1251 5271
545 9964
1694 9663
1459 8298
868 8334
735 8375
3822 8934
25 9932
1270 9548
3309 9125
1304 8046
935 367
462 9678
997 6800
1357 9755
1846 125
1302 9324
766 8006
311 8138
1242 9961
313 5415
899 8713
4202 9661
2118 7340
521 8450
1111 9101
918 8518
1325 6514
1076 9843
816 8409
1228 9560
580 7596
692 9782
1694 8365
1117 9809
1380 8725
1973 6181
1413 9877
3934 6481
3749 65
100 7180
3741 3832
1800 7024
2795 6074
1411 9138
1286 8872
1850 9291
3187 13
298 8345
2858 37
717 8561
1046 9773
72 9768
241 2184
2340 6215
1336 8548
2141 4262
1508 9540
1862 9120
663 9808
791 8192
374 8876
1117 8583
1632 8753
3286 2151
1549 9451
617 8783
1740 9950
524 8901
3354 4577
3522 8468
1295 4255
3586 56
410 8949
2816 7055
1900 9766
275 8653
1637 9554
669 8566
1668 9036
125 9259
1378 9841
1694 8152
123 4131
187 8464
454 8632
1044 8068
3523 3267
4173 5138
1310 9439
67 8868
175 9346
1193 9774
451 8738
4329 1325
409 5053
1713 8213
3530 4250
871 8577
4002 6775
4504 23
2803 8485
470 8572
1033 9389
4069 5013
2878 4235
1519 9665
1036 9368
1801 8849
125 1429
1735 9016
1554 8730
4255 9151
884 8331
3093 6112
1530 8760
1262 9549
161 9671
1275 5656
1587 8658
1826 9413
811 8844
1116 8721
1667 9648
1772 8584
1773 9225
1147 9441
4432 7697
134 8769
336 1519
457 986
1285 8001
944 9233
944 6752
1070 8965
1999 8168
1366 9057
478 9414
1012 8303
3240 3615
905 9487
1114 9262
882 8726
1886 8235
1561 2181
744 7491
508 9793
1900 8538
1242 9446
3337 1915
3736 1401
2882 5796
46 609
1841 2210
1126 8085
1545 9942
1047 8757
463 9761
1510 1939
4368 2278
1781 9488
317 7463
1076 9332
891 9895
1061 8027
994 8558
728 9933
206 8042
1042 1187
920 8603
4579 6321
613 8414
1209 9011
166 9393
2758 962
1068 9855
989 8145
948 9735
7 9449
1593 9768
43 8735
1121 8609
1314 8047
952 8552
409 9254
305 9112
378 9293
4681 6163
393 9551
1182 8477
979 8635
918 9374
1474 9801
3857 9313
2845 7909
1292 8873
1465 3034
1301 5686
903 8893
1460 9641
154 5537
228 9130
411 9005
1426 8620
121 8305
2152 6029
91 9160
172 9501
1639 8213
4629 9293
4734 3663
672 8936
1060 8416
53 6849
335 9666
941 8937
630 8215
872 9368
2101 2292
1614 2646
1712 8314
1315 9571
1310 9306
3900 7605
1042 8791
1599 8080
1612 8258
4898 3517
1251 9675
979 9736
3744 3586
1832 9060
684 9428
754 9863
2102 1685
140 8821
1247 9104
110 8013
2054 1366
737 5401
499 8582
1867 9738
2533 2451
1814 9836
3617 1030
802 8174
2685 5556
1818 9905
1818 8599
267 8108
682 8208
998 9182
146 8693
1777 8520
621 9322
3071 6382
1219 9205
1318 8988
1791 896
814 9339
2000 8470
1917 9342
858 1342
1696 8784
329 9450
1631 9236
439 9104
781 8912
987 8125
732 7487
1144 8413
475 9002
224 9390
2605 8929
2851 5211
314 8650
1347 9549
1204 9946
1640 8827
770 8679
1371 9507
1298 8683
75 9971
4209 8828
707 9308
1564 9175
1315 9921
97 8081
1521 9250
719 9741
349 9525
368 8849
527 8411
4569 827
637 9409
1724 8628
29 8116
785 9118
528 277
1944 9808
1740 9054
3203 3344
2626 9449
1664 8730
202 8483
349 4730
163 9861
931 8331
1774 8445
4672 9412
924 8177
1854 8903
1833 9028
1466 9902
1666 9304
1857 8944
4787 4
1776 9480
1153 6776
1982 4938
598 9957
2803 5479
1705 8218
349 9554
1505 8498
323 8317
606 8359
2805 1659
27 8782
4463 7072
332 5539
1254 8793
855 9575
419 8775
2460 8800
289 8927
725 2489
716 9243
1829 9871
946 8275
1582 8561
4987 5514
4502 1017
1389 9527
1565 9273
727 8853
4300 6078
369 9361
594 8992
4828 1023
450 8840
1195 8410
3529 6080
960 5978
462 9237
4975 7100
4867 8241
182 8982
364 8089
2469 2800
60 8389
1693 9266
682 3641
1736 8870
3918 6672
1602 8881
1314 8401
70 8219
1789 9455
577 8844
1630 9136
1384 9443
151 9700
1890 9385
748 9501
3400 3658
1041 8810
1645 9098
4447 6501
3185 4491
284 9945
592 8016
4365 7744
579 8516
4551 9764
1651 9541
394 8169
103 9442
1163 9764
3187 4224
3144 2863
1624 6778
90 8121
1450 9418
1122 856
1500 9259
530 9578
937 8317
382 9579
1543 2361
967 9722
240 9964
343 9032
184 9897
0 9805
1537 9128
1903 9023
331 8509
716 9687
890 9473
1767 8875
1621 9257
4471 7667
613 8907
1133 3393
97 9733
3856 2229
418 2704
4439 3818
269 9568
180 8648
1317 8264
1365 9671
1713 4580
1436 9366
148 8736
488 8110
4698 6284
240 9507
1235 9790
258 8281
1612 9258
884 7144
1407 9431
4083 6448
171 8604
410 8003
938 9698
661 9572
1080 8002
1411 9038
1729 8477
1936 4675
682 6160
2228 450
692 8900
977 7150
2389 2407
2700 4523
171 8342
3766 2150
342 9971
1201 5866
1023 8161
1995 9743
951 8530
3752 942
2938 109
1322 9892
1962 6571
1324 9948
868 8553
1717 9803
1356 8079
1955 8682
608 9747
1241 9328
1510 9701
2926 5512
1934 9723
4781 5602
4150 633
4409 4752
2322 7804
4242 1702
178 9928
1662 9245
245 9550
953 9346
1056 8799
222 8620
1270 9388
4676 4400
391 8452
278 8278
226 1418
101 9348
1011 9942
576 8044
176 8368
3249 1763
3709 7148
298 8139
639 8417
3138 8420
1659 9496
1951 9875
788 8857
4907 2810
1166 9048
833 9814
751 9200
558 7522
1278 740
2703 4538
175 9703
1594 9033
707 8205
1477 4135
1179 8169
930 6765
204 8579
1727 8923
4232 8351
1852 8696
185 8182
1982 9963
1527 9451
786 8590
597 8304
1338 9746
1354 9808
376 9002
1886 8063
631 8038
1134 9699
1942 8621
4139 1818
1514 9906
465 9356
1978 8414
1579 9966
2150 8589
104 8000
339 9672
461 9319
1990 9108
1743 8730
2140 5003
1763 8845
2435 232
3829 8229
62 9574
3572 1265
2306 6147
4661 1467
243 1936
1775 8245
169 9625
1763 9809
572 8996
406 8027
1768 8181
4416 659
1813 8032
97 9710
3455 4793
82 9252
1425 8999
778 9913
239 9885
176 9888
180 8689
3622 5721
1707 9916
717 9057
191 3423
1197 8521
1567 8326
469 9349
3601 3569
571 8773
3618 7941
1787 8761
2511 6546
631 9802
2183 1401
3567 4622
1459 9055
648 9310
834 9824
724 8594
19 9145
124 9139
1022 9184
469 9596
131 9334
2200 3275
999 9410
526 9457
926 8859
3589 4380
166 9962
251 8780
3085 1586
3572 144
1996 9781
4009 7676
136 9586
1999 8115
439 9267
4799 5971
880 183
131 9498
1138 9580
117 8260
1878 8628
2030 6796
124 8929
900 9665
4408 1155
692 8917
186 7957
557 9000
3325 8625
2278 7440
976 9526
1625 9205
4835 2708
1712 9265
796 1464
813 9921
113 9131
2738 5897
112 9994
567 7193
447 8463
602 9363
2652 9548
745 9791
1249 8025
1327 8394
1521 7268
1561 9040
405 8999
863 9196
1834 9892
674 8945
1052 9422
1213 9736
1607 6282
208 9781
613 8667
1224 5679
967 8077
2403 2300
416 9082
847 8351
971 8133
175 8426
3548 683
75 9315
953 8217
1790 9687
1100 9326
2821 9985
1718 8455
1154 9066
1789 9854
3345 8978
886 8993
761 9149
1659 8396
1818 8323
1276 8602
4682 3904
1019 8854
60 8113
106 9170
58 9830
434 9152
469 5965
925 8861
46 9080
1454 9694
142 8688
3387 9180
1499 8885
1928 9360
287 8587
1859 5825
801 8396
718 8065
1669 1590
381 9155
4721 8794
482 8571
1915 8703
279 8225
4632 8339
1540 8504
1698 8436
1543 9122
874 9423
1556 9862
121 9520
3680 2841
843 9636
1075 9713
680 8158
1287 9498
195 8097
1430 8776
812 8379
907 9869
527 9084
441 8045
610 5420
956 8814
901 9355
1836 9095
238 9987
872 9935
4389 9100
234 9557
4787 5760
36 8214
1261 8791
186 9902
1689 8727
1133 7451
1247 8444
195 8711
237 9322
1667 9423
1173 4578
3851 2786
1166 8325
99 8063
299 9807
1437 9303
681 9352
461 9992
1728 9136
81 9432
2676 4526
1080 9818
694 9697
498 8931
607 1781
899 8436
1614 8828
1558 9111
2510 6565
667 8744
1917 9660
1618 9696
1855 9238
1366 8586
1361 8860
4771 8491
685 6589
240 9119
2262 3798
3685 3173
326 9722
3892 3920
215 8004
1227 8439
642 8864
742 9294
493 8494
1540 8392
301 9447
693 8940
532 5028
605 9163
231 4435
187 8751
4320 3130
1753 9851
1215 8212
1309 9569
987 8995
1354 9000
892 8149
620 9660
350 9829
1735 9228
1112 6705
302 8508
1105 4858
1706 9333
435 5826
1671 8947
3530 5474
118 9540
2569 8234
699 9765
3152 8017
1204 9238
2146 9015
651 9371
1933 9750
804 9510
1079 8415
373 8600
1010 8096
3834 4244
1022 8902
1112 8063
1524 8095
323 9572
1277 9218
813 8875
1704 9390
440 8813
113 9546
1279 1603
2846 9836
701 9274
34 9594
332 9491
3609 2932
1096 8900
2280 7141
1411 8093
444 5214
1487 8523
2018 3072
12 9850
908 9708
220 8409
1011 8499
500 8189
2907 5225
1089 8963
4392 3909
550 8961
1508 3849
911 5888
1708 5609
4926 1712
390 9733
1720 9911
1213 9391
3335 1328
816 8224
1037 9815
1221 8891
539 8468
993 8796
3095 8753
1622 8273
1275 9429
1571 6183
1355 9947
3350 1748
1928 8076
1010 8787
4313 7479
1964 8703
1141 9751
490 9949
135 8030
1350 4953
178 9643
334 8638
1035 9051
2010 77
2460 6912
161 9900
1258 8238
1334 9699
1334 8501
475 6688
1978 260
1232 8317
9 8478
1499 3546
953 8607
737 8201
1548 8087
364 9458
241 8293
654 9279
1749 9322
95 8496
2942 5894
247 9284
4035 3761
3330 8634
234 9548
825 9518
1977 9691
604 9397
2223 2489
477 8957
3566 3746
2685 1301
1508 8978
1775 9109
1153 9396
1127 9907
339 5993
1608 9683
1664 9683
1521 9235
1033 3313
1977 8001
769 9662
654 9416
4747 84
471 2314
4864 9817
676 8008
1880 8475
1975 9273
1503 9248
1669 9119
1188 8476
1156 9948
1639 7498
1860 8868
962 8154
1854 8770
136 8223
3467 8936
428 8438
1708 9859
1005 8335
413 8192
1307 6370
458 9233
3467 8237
3441 1183
1048 8208
3745 161
667 8994
4920 8475
822 9821
26 8582
1368 2281
2042 390
145 9579
1475 8953
1076 9797
575 8549
0 5341
1633 9404
3015 4085
2837 4100
3242 2837
1275 6807
1512 9543
1063 9060
1080 8869
1914 9236
604 8166
2389 4199
272 8322
1432 8256
513 5943
1461 9850
612 9911
776 9995
2051 7376
613 9668
1368 8273
535 9373
2236 3692
4600 3922
446 8155
1131 8822
1578 9005
2969 3878
838 9535
580 9568
1971 9681
450 9710
1437 8361
270 9292
683 8316
295 8347
1802 8434
1885 8369
700 9578
277 8525
1280 9128
111 9407
1357 8818
2908 5489
3882 2182
2721 2729
1653 8689
286 8355
1115 9259
1291 8595
595 6300
1743 8868
1617 9419
2989 7575
2635 5974
4575 9067
4810 143
1024 9197
4149 2521
3088 7381
1879 8818
3497 2157
675 8619
4867 190
136 9305
1568 2115
1330 8537
239 9826
1835 8844
1430 2466
84 7216
1030 9707
297 9687
1284 8303
232 9085
1245 8914
3311 1416
133 9268
1139 8741
1504 9905
695 8223
358 9166
827 3994
254 8275
3730 2502
1790 9652
1871 9383
772 9556
1609 9725
869 7250
462 9181
1693 8982
1089 3647
1908 9793
876 9456
1216 3487
1403 9990
136 9581
3888 2294
1751 9551
1936 9285
1040 9709
4690 6341
1401 8564
1183 9216
2223 2335
1227 5604
239 8339
4386 9734
3027 7298
990 8403
2307 5926
594 9328
153 9030
864 8117
1474 9538
176 4659
1542 8831
14 2089
1015 9622
1552 8641
88 9717
841 9123
1501 3133
1878 726
2395 4564
94 9775
199 5470
187 9354
2514 5072
1123 8250
1190 8820
1972 9734
1295 9144
1939 5990
1088 8296
608 8594
452 9157
1186 8744
836 8454
606 8048
1855 8026
1579 9078
1172 9436
1600 9800
960 8850
728 9634
143 9980
1188 8532
4630 4062
320 9190
1304 6944
1969 8177
1860 8004
3330 9415
1764 8603
1884 8368
4238 5970
697 9609
1325 9569
963 8733
1296 9162
1391 9215
1701 8126
1663 8270
1168 8350
2246 5469
1864 9373
459 9270
4549 5070
691 9549
471 8867
4203 692
446 5642
968 8783
1880 9114
409 9863
1367 8872
977 9895
978 9066
1327 9850
2767 9129
1321 9357
3934 4605
1889 8126
840 8672
782 6242
775 9934
1110 9004
1307 9556
457 8021
263 7017
1135 9089
437 8372
262 9878
137 56
475 9307
1113 3467
380 9640
3964 1996
1656 8455
655 8113
872 8361
1490 8201
1551 8731
2582 8231
3342 9503
1449 8037
1526 9061
1828 8289
118 9889
171 8460
1088 9685
