placement model: 2pos
width: 20
height: 20
number of points: 5000
3950 932
1446 5516
367 9499
1563 7023
1007 1318
755 9302
2512 1272
1569 7734
1954 9462
1665 9821
3273 5276
3030 9436
179 7650
3036 8607
2428 6607
84 9032
1957 584
3932 6969
16 4471
1216 8016
3335 3904
3425 2211
1861 594
1754 1354
2379 2535
44 8174
4923 2297
1909 9033
4211 481
4350 373
94 8357
2455 5419
593 9622
4352 2843
634 1363
2072 826
3849 6359
816 8029
3991 2927
3874 8222
2875 8377
429 8251
1409 7082
1808 2424
1798 1949
4004 2498
3976 9159
2827 9876
1933 688
3815 4742
3736 6744
1742 8012
4338 1815
1791 3053
4007 9936
2741 6142
242 4764
1653 3690
4940 3157
3881 6123
303 9044
2601 7842
2675 9051
3993 6619
3024 7866
349 9747
639 9332
780 8157
2360 1868
2255 6575
3303 9395
662 8272
1308 9798
1434 9115
1418 8858
3989 5191
3863 8320
4743 7227
189 2702
1133 2421
929 6714
2426 9115
2108 8358
3004 673
369 5608
773 450
1768 9674
385 7631
267 9532
2791 1520
1527 582
3360 3625
1900 5604
377 9304
87 8174
1344 7652
1205 3599
1921 8548
2931 5137
1612 8303
3169 3954
2282 8486
1923 9005
1154 8368
796 9468
291 9245
935 9180
3930 4222
4327 3556
2012 524
3892 9494
326 3907
4738 9620
2593 8323
1621 3947
3397 6070
827 2321
2969 4188
4055 2652
1477 8131
1585 3603
1075 1572
27 6683
2250 1541
4843 7439
3528 9060
1906 9389
912 3216
446 8123
1756 5804
1036 8217
427 8516
823 1577
183 7952
1820 9140
1704 4844
885 1708
2022 6044
324 9360
4686 2815
1989 6430
4320 249
4620 4642
1924 6536
24 8884
802 2034
1233 2521
2037 7389
837 9824
1816 8029
1635 9585
3833 5240
1306 5886
3301 9841
1659 2110
494 9029
1316 1217
4148 7290
750 5243
4209 9565
1603 8434
781 8374
1249 9374
2649 7570
3034 4653
3906 3713
582 9520
311 4544
673 8651
326 8872
1519 9411
545 5255
4728 9302
611 1614
2017 5716
2807 8386
4073 8342
825 6173
1575 8394
3721 6773
926 8720
2601 4918
1931 8396
4847 1618
2388 4832
374 9098
1477 8566
1847 9579
1896 8346
4691 9726
3740 833
4195 8028
90 9362
4112 4696
2687 1803
1356 1125
2925 8178
972 2974
4884 6025
752 4600
4714 8020
626 8094
3836 3330
4966 9355
1789 4007
229 9242
4384 8284
3895 101
1873 9889
3470 4426
2050 4157
2427 180
3555 5258
2161 9745
810 3401
1112 5488
3273 763
2145 9040
2348 3185
1140 4490
1845 8690
4654 9774
32 8813
1273 7261
4825 8621
3520 6229
1047 629
1712 5912
1832 5530
80 8933
1070 2302
1697 7867
92 8243
2303 528
1323 8783
2767 82
2533 7377
508 9672
1580 9245
4386 4548
1557 7612
4359 5924
284 7270
10 7826
292 8115
4035 8144
683 3223
1741 8828
1659 8384
4569 8331
4800 5486
2026 9084
4426 6571
2302 1533
4233 1825
1206 1806
4524 5586
4144 1083
3524 6541
4570 7732
3421 7067
3800 6894
853 4357
4989 3502
915 4914
602 8405
3331 3567
3636 5220
1285 9009
2779 5735
892 8735
3463 9832
2015 6753
2014 3301
4662 4878
1931 9609
616 9684
914 5758
3903 5081
2674 6873
2906 7709
2709 6014
2761 2736
616 9047
2148 7428
1514 9681
1558 9581
2003 9173
4366 1797
3321 1033
761 9419
3968 177
4235 1890
100 3200
813 8701
638 1733
2663 7688
3200 6593
1219 8684
1555 9243
2928 3967
365 9374
114 8864
108 8090
4730 44
979 8357
1004 9079
1161 2056
2895 9865
2012 8914
1860 8804
565 8409
3592 3555
1073 4737
1147 9749
1308 8428
4828 7771
2192 5916
159 2370
4463 2527
351 492
1441 7189
2039 9144
2421 2530
2498 6603
2106 1222
3980 2747
939 6366
1707 8181
115 9163
360 9089
4350 8920
118 9510
497 8167
4644 937
1104 9275
3514 3194
1330 2787
3514 6734
350 5586
596 8367
431 7725
948 8180
3564 1896
3828 1310
1982 8940
2579 298
4646 5756
2281 3702
1047 8416
2179 4013
1459 9336
1058 9325
206 9458
3868 6604
1453 9458
2623 4910
355 5130
3105 4161
4177 3765
814 9501
1195 6480
187 4254
1825 9946
1148 8099
1953 8814
276 8198
1546 4365
4260 9667
678 3114
3215 6762
1379 9406
3769 4819
381 9161
3966 2643
1063 360
641 8552
3954 9385
3227 7950
1511 2670
1295 9800
4429 6903
1448 3421
2926 29
3580 9297
1116 4367
2806 6519
4047 8973
4845 8467
192 140
673 8534
899 3280
30 228
2342 3632
1575 1815
4114 1305
81 9428
642 8673
2064 5938
4167 9397
595 9508
1982 4451
215 8072
1908 9870
3181 8492
4596 7078
1810 522
1433 8348
1461 9601
4146 7186
1106 8474
1522 6559
2104 4279
564 9461
1702 8568
1836 4943
540 772
98 1538
4654 4277
956 5611
3131 5271
1481 8923
4013 1615
2029 7809
1391 5220
2213 149
3484 7773
1369 8200
3149 4982
1307 8006
2192 5148
1539 9933
16 5417
4208 411
3179 6426
756 6853
194 9992
241 7294
1158 8334
409 1784
4935 4982
2528 1219
752 9794
1132 8434
210 8954
4664 9401
1371 5478
495 2367
1991 2428
3516 1415
418 1571
1839 8228
2292 1875
1736 5876
1230 8780
3840 1561
4576 4581
2185 2126
933 8175
2560 7405
3172 9635
69 5388
2022 6843
4578 7823
2493 478
821 8590
2651 8882
765 5830
1226 9562
3868 6608
2716 1679
2021 9192
66 9394
996 9467
4189 3050
1088 3029
1117 8981
803 5845
468 8118
1271 9184
584 9948
28 9108
1102 1506
4024 1472
2946 2268
728 4510
1258 7902
1230 7912
2784 3634
2822 2271
2195 7358
3399 6164
4311 5693
297 5194
340 8466
3865 8879
4376 2266
3924 5754
4564 9619
52 8430
1166 2470
170 9227
1876 9694
3915 7123
2050 7554
89 8524
1476 9713
4829 3461
2826 1345
3702 3462
2485 1716
1090 8126
3371 6904
2162 839
1925 8874
1868 9824
2878 8324
3103 22
1493 9903
4298 5841
640 8691
1398 8282
878 9930
3359 122
1178 6281
194 5756
916 5202
1635 8070
4240 5235
2132 5954
2825 5586
4945 5101
3130 5184
3746 6123
4143 7971
640 5551
1296 9997
24 9033
4276 9195
427 2197
1524 9967
7 9014
403 7372
2099 8379
2847 2134
4955 8575
1104 8186
1306 505
1434 3565
4691 805
2702 9973
1151 5963
1448 5744
1559 4637
600 8239
3810 3605
203 8141
3515 3875
954 8803
1608 9182
1124 9105
3531 4036
2248 5364
857 8508
431 8722
3139 1443
92 5234
772 9147
2961 4332
35 8741
1920 8996
91 9244
3640 7799
1623 9406
1622 9050
4346 9360
1295 9679
4724 666
1002 8070
716 8282
1307 9587
2885 5539
1600 8013
338 8365
3398 9983
3366 8547
564 9728
2017 9754
1327 8252
3325 9990
2890 6593
1419 9797
3367 1722
909 9879
649 9164
715 4285
4963 8299
4371 5627
137 4549
3724 3258
3297 4253
3587 7535
3409 765
745 4854
555 2966
641 8980
2788 3232
1582 9406
3574 3403
1489 8118
3470 7413
997 5754
4745 6898
1601 9990
959 8057
2026 4831
941 8759
2733 7704
3668 6956
1643 9651
4882 2046
1894 8908
1044 370
3100 1140
443 9405
3341 5825
3300 6510
2960 4331
2140 3316
4454 8308
426 8696
2660 1141
1591 9612
3479 132
2075 1555
614 9184
2020 3795
1262 2399
3037 2962
3180 859
772 8552
585 9023
961 5965
3494 261
4207 4067
1710 8582
4559 313
1780 9508
1428 8514
1582 5136
3804 8692
1472 4015
149 8420
3967 4520
457 8160
239 9987
1674 5750
1509 7359
2856 8874
767 7984
430 7115
684 3185
1766 9138
3665 8101
1003 9497
3791 227
222 1605
1189 9141
1808 9748
1642 9801
1811 3607
1558 71
3708 4352
4423 9213
2360 3178
1238 9301
1603 1410
3918 2708
3050 5549
537 5885
1558 236
1201 9730
2642 6006
4300 6860
1284 9660
2865 4653
785 1216
4872 1845
2276 2248
4123 7187
228 1068
449 3522
550 8483
1640 8611
2082 6728
513 9751
1412 9302
268 8186
1973 8323
4511 7447
3745 6468
432 6095
1616 9721
1784 8824
3251 4377
1853 8734
3909 597
4748 5018
2697 1611
363 9909
3130 3062
3001 3781
4923 3496
14 5817
1154 9027
1380 9233
2086 4974
503 9957
1378 9750
4976 2066
1302 8641
429 8619
2376 5235
2179 3654
1904 1201
3072 3120
342 6703
1616 3848
941 9613
3102 949
629 9815
760 2284
638 8513
715 4605
3933 3234
3568 793
1784 5361
1304 1566
1344 7723
1589 9806
3344 2354
2027 2243
1840 1098
165 5654
301 8788
2458 1804
1908 470
4045 5310
743 8764
385 2650
1571 9751
1852 167
1795 5003
4852 3766
2786 7675
952 8609
4251 7864
1637 1155
1951 9232
2580 3697
729 4146
1247 7238
2138 6049
860 3141
1610 8861
3617 5376
874 4328
1192 9238
712 9825
2431 1850
911 29
999 9493
1436 1279
1309 8733
1675 8315
2872 6269
3728 3878
4522 1314
1421 9308
2664 4474
2701 9982
1228 6983
1650 2807
4445 8955
3615 745
577 9419
1708 9905
35 4586
4908 7437
4489 8702
1488 9354
4339 3550
3512 1632
1608 8409
1901 9216
3983 5236
707 7659
3913 9307
1309 8226
1099 8421
666 3050
4813 9663
1310 9437
1560 8045
2314 9446
4899 518
817 5980
2247 7594
1796 2814
1581 9871
1553 9887
1539 9605
1179 1507
336 1218
1701 9466
1498 4922
338 9598
1641 9914
1429 9704
61 9154
1032 1122
795 9781
4094 8308
2010 9000
3461 5394
2511 9279
1882 8997
4574 8983
1296 9061
1284 6390
2470 4428
244 4956
4496 9288
3751 8038
466 9542
1801 735
3568 466
4926 6518
2211 4615
71 9520
4143 483
554 333
1650 9234
887 8106
48 2004
885 4278
911 286
200 3627
4701 4783
194 8749
1739 8824
71 8333
1084 47
2195 1833
936 8495
4830 4769
3969 1801
765 9463
1456 2857
199 9508
450 9166
2352 4917
1202 3082
2558 8237
399 9726
417 8450
2339 6296
1737 9734
1475 2592
728 5665
754 8962
981 7053
1199 4422
4824 6548
568 6821
1361 5434
4186 3424
3812 2936
4875 1866
1704 9228
1287 9984
4161 6033
692 8376
1770 6100
1974 2446
1903 9985
1976 9976
274 197
3843 7779
1453 9814
4751 2179
1071 9222
1985 8884
3292 3319
1536 9293
897 1658
1967 9862
144 9078
4608 2510
1953 4604
2468 40
3501 5671
415 2290
157 9371
1394 8603
477 9296
1342 6903
1155 8398
2849 2283
2158 1884
91 8544
656 2291
416 7768
1782 1334
4474 5342
3511 3115
1853 9649
467 1340
1947 1433
2278 6032
898 4965
1628 6580
1259 9599
434 1038
2423 6121
3889 7485
4911 1085
3211 9677
918 1130
1267 8680
862 9215
419 9984
2976 8553
358 6533
136 8299
347 8430
3200 7076
4859 4790
1698 8259
374 4304
805 9069
596 6764
1265 3043
1910 5946
3848 4819
2964 745
3890 4124
1727 5276
2483 3052
222 9137
4672 5532
3251 526
1739 9426
2316 8878
315 8571
4642 555
1116 6263
1678 8533
3033 7868
422 186
3350 3793
912 3872
818 9646
3104 7566
1306 8143
496 9240
235 9182
687 2896
59 8772
4728 499
3183 6669
3747 5154
1142 9607
59 9085
2461 6816
3060 7066
710 9552
1042 8471
1958 8997
1088 8964
314 8433
2120 897
945 8025
72 9014
63 3644
235 5277
216 2750
3971 4610
2424 7766
1483 4223
786 8379
2980 331
4137 1158
291 6837
4197 9166
1846 8070
4352 2121
2144 9988
4501 4356
1998 9584
1207 2434
4944 8601
3862 4357
2225 1286
1603 8973
851 7672
884 9802
2441 8351
776 1206
2554 5668
3345 2226
1495 3932
3107 7152
1606 8698
940 5615
637 8603
3161 9624
1252 8603
926 8063
2248 6661
4929 5735
1992 9177
944 4772
1654 4080
228 8299
4539 8491
1457 9275
1111 9416
4801 6667
2560 155
2474 3635
3729 8463
4616 664
4395 2113
4336 1401
1935 8262
4360 4257
4606 5043
347 4730
471 7374
169 29
1243 9895
717 3080
212 7546
3686 7399
3658 4103
1931 8616
2990 4558
578 2928
4110 3088
145 9607
737 9638
823 9475
1547 8199
3502 3362
1270 4080
1494 882
4133 7338
113 9339
4199 923
375 7933
3147 8051
1043 2825
1423 7025
1567 8137
222 8339
1016 8216
2831 2961
3038 5252
109 643
4654 259
1432 9329
1835 2802
1678 8561
4438 242
1308 9455
2127 6261
1117 3094
4889 9581
513 8055
396 8463
3165 9260
3639 9877
637 8432
4197 5051
317 2507
62 9585
638 9989
1695 9216
723 6658
3764 6881
3093 7183
3781 5256
689 9213
947 8452
1742 9770
1360 4826
208 2890
4866 8310
181 2577
211 1404
3691 5402
711 9885
1763 9106
1406 4292
398 8343
3373 3802
996 8274
2707 8259
4895 9145
3407 9205
4227 6340
3646 4197
477 8718
2081 8362
1479 3936
1096 4855
2548 764
1440 9521
4741 7180
1662 9515
1827 4554
244 9045
3348 6551
4847 6214
3077 3278
1274 5087
2794 8010
867 2464
5 6541
163 8799
3223 8976
4205 5200
3006 5317
2909 4945
2529 2557
4517 6887
3481 4748
1384 4968
223 724
1744 256
241 4761
4042 8896
4090 7410
2434 7827
336 129
785 3899
1155 8207
2035 6751
4854 7010
305 8767
3663 5712
1629 8703
4195 8192
2105 4468
4353 7407
2996 1357
3735 6380
4695 8994
118 9500
4090 4549
4471 5458
4328 5303
502 9987
1601 8601
3719 9150
1442 8609
502 2305
3144 1212
2287 2080
999 9363
3792 8108
1916 9345
1812 9450
4016 1985
1794 5998
1922 6927
420 9558
463 6134
4063 1286
1600 8248
1 997
402 9144
4454 2650
1864 7364
4966 6276
1153 8382
888 9921
1468 1119
1863 7773
4564 4204
1896 8145
3218 1220
1619 8913
360 3997
37 462
313 9694
382 6806
657 7374
3711 5381
527 9364
4408 6108
3894 374
3522 4481
3533 4372
2149 8373
2805 6014
4070 9517
2612 6429
42 9637
333 6491
4784 7372
983 8809
4665 4761
573 9279
1507 8066
2351 1369
866 9840
2450 6364
4133 3779
1946 7756
2813 4298
1379 8169
1764 3114
140 9046
3460 4386
666 3872
934 2526
877 9889
1512 9925
485 9089
4501 8683
3242 6003
1107 8182
1803 3952
4720 8155
1703 4399
1632 4186
343 5434
3824 525
660 5501
4274 7122
1830 4469
3330 6220
1675 9340
1935 8714
1110 1447
1657 9122
1716 9303
1828 9592
1185 1655
2260 582
4877 1632
3057 6018
298 7915
684 4255
217 8472
246 8401
1258 9575
710 8686
2890 9993
4508 2012
4938 99
1701 9501
339 14
316 9598
465 3345
2521 654
111 9559
4856 721
1413 4180
1050 9108
3444 1007
72 6850
2595 8865
877 9496
3809 390
3381 2489
692 9689
4125 9759
364 8937
2587 7165
4284 2294
4229 3679
1769 5417
4481 7707
4693 9345
2143 8423
783 9977
1528 9482
4331 1656
1758 9152
1419 6226
1035 9163
3691 6658
1834 9345
4887 7749
298 9857
4878 2308
3585 3241
1487 8251
4220 2467
3354 4275
4363 4698
1399 3666
4624 7904
410 705
2736 590
4341 4101
693 5224
4653 2790
741 8544
3303 9544
4298 4653
277 8432
2612 8824
3400 6991
3893 2916
163 9631
600 8889
1472 8825
3495 6816
742 8916
3237 4312
3643 4224
1505 1050
3283 8655
4164 9374
2487 1681
259 8511
910 8837
1678 9417
4147 4113
8 381
2316 1162
3733 5033
809 8650
1166 7570
1321 8990
1167 4642
4915 9806
3580 4498
1721 8483
998 8100
2649 3212
1148 8597
623 8503
451 165
3267 8854
2098 2804
648 8626
1717 2754
153 9698
2576 6625
1770 5393
2509 4327
879 3171
535 9939
1048 8869
1110 6708
1115 9134
4394 5955
552 1183
1194 870
743 9241
3232 797
4562 1027
4806 710
1231 2401
2766 828
2685 64
1650 8627
1115 9180
3048 2766
4807 6652
1269 6914
1296 7669
724 2731
276 4171
1266 9977
3589 6887
311 8128
205 8964
3938 3040
3696 4225
2596 8991
1760 9322
1670 6060
3114 4788
4971 9044
1333 4829
990 9925
420 8527
2491 3956
2060 6181
4128 4314
4259 7650
4192 9603
275 9402
1893 4148
293 7479
1730 8125
1133 9458
2283 2431
816 8819
4243 1144
2103 6765
194 4860
4902 270
977 8986
2210 5000
1418 8118
3041 5768
1384 5539
2435 7476
778 8788
1218 8065
297 9458
1288 8146
53 7823
1209 9123
415 3854
3659 3435
878 7062
742 1308
1032 9643
1746 6833
4714 4315
169 8379
470 9336
778 5058
2863 695
518 2937
3567 3277
2470 7653
3502 5070
278 9648
2990 1981
1681 2099
948 1116
1928 5555
1894 8462
338 8454
3760 2340
931 2761
634 9914
1070 8991
799 9231
1576 4695
4668 353
1264 8208
4035 8687
542 9064
1503 748
4689 8907
10 5058
2132 3573
1876 4849
4828 6864
784 7205
1641 8527
978 7618
4280 8357
494 183
774 6694
1314 5728
658 8123
951 9203
314 7996
3147 6468
1682 247
3605 8318
1472 9523
4111 7808
4905 6727
834 4952
4566 3041
311 4243
1907 3674
3533 9646
4090 5724
2275 6022
3931 3422
3151 7097
1518 7417
2019 8621
595 9494
4304 5728
4640 7890
2910 380
4518 8507
273 2078
3942 1528
1697 9980
1473 7171
413 8590
3096 8547
2813 5091
1815 7050
253 5708
864 9415
585 8775
3295 4425
3902 8687
2840 5757
1972 9759
4763 8159
3157 6968
3077 1946
1616 9135
2087 8544
363 2844
4662 5970
86 9135
1379 1541
1834 1821
4849 8202
183 788
1335 4243
1362 7233
4973 420
4089 8175
224 8088
1772 526
626 9832
251 4506
2158 6914
3875 4850
1931 5552
657 7167
883 4177
109 8540
151 8036
4995 7781
2478 1735
3658 5665
3665 3610
1931 8694
839 9993
1016 8841
350 3285
495 8721
1319 8249
1749 9877
1891 5694
1218 214
1639 9661
821 8973
1797 9672
4970 9400
116 15
2353 1454
2085 6933
572 7030
2562 1279
650 9013
4593 4906
290 8667
1330 8817
4503 7200
4580 2306
1226 780
1820 9506
230 824
1577 4479
3438 4687
390 8888
4331 5944
3690 3911
1747 7755
4934 6117
2062 2168
888 9397
2415 7834
3023 1001
918 393
2822 9015
895 8589
1698 3581
1704 7979
136 8274
2431 5999
1999 9792
4435 2701
3293 8107
4975 6447
3059 9125
1020 1428
2832 3832
1835 3642
3494 1889
1982 3021
2536 981
1111 8437
880 8830
675 8664
2146 6856
3697 1905
812 8016
548 8677
2181 2960
939 9351
3964 399
4489 1198
1802 4268
451 2410
1137 8052
846 6695
376 5685
724 8595
1661 4736
1811 4272
858 8682
4566 7757
512 9830
3914 7853
3903 8544
1104 598
1897 9776
2811 3272
1746 6142
1028 8650
4799 2965
263 8903
1614 633
1786 9744
1028 9392
4384 5756
910 7904
3078 4339
1944 3875
2503 4099
2759 6936
4437 8834
851 9455
2358 5819
1570 9956
2448 7237
1873 2919
3401 7221
1886 8841
2032 7204
195 8131
4320 6200
1844 8036
1754 8669
2431 7902
1488 9604
4968 1114
4315 2796
3538 3319
3200 343
4475 9935
126 771
428 3117
3633 934
1208 9404
3445 6717
4820 6546
546 8271
1549 4494
4541 934
679 392
931 2459
631 8611
4549 137
1363 2027
2384 7102
1092 8294
1394 7527
1520 7353
3845 9089
921 3578
2915 7427
3694 6799
1221 2216
1453 8601
17 8868
122 1379
3038 8545
1886 2800
1514 9492
3327 2341
1639 7452
1592 3297
1121 8925
1372 8738
1761 5907
335 8763
277 1409
1602 8184
574 9458
3033 8160
4153 7157
1784 4737
4026 5718
3840 8386
4700 1554
1410 3112
2713 3211
2543 3443
4602 6071
1775 9302
1323 7524
3911 2554
3079 1423
31 9834
3502 8726
1604 9508
925 9107
3996 8884
410 4341
2906 2240
1004 6926
4999 2854
3916 6028
2843 7472
1866 8225
2816 9171
1660 9510
4899 7372
1965 139
3779 2346
3484 7419
2857 1828
1100 9001
4113 8053
1784 1800
629 7878
4217 4797
4565 8889
3479 8176
1135 9315
3394 1517
455 9548
4221 3388
4486 6460
4001 1806
4007 3265
4506 1514
4255 3609
627 8560
1601 8838
4539 8806
3886 3128
3165 4167
4748 6834
4236 6304
3702 9512
1418 9467
1051 2800
2561 5663
1862 9242
4409 7032
1385 7064
2868 5505
458 8056
1615 9605
2468 9720
856 8449
1466 8065
1371 9109
2686 1650
2772 9946
145 9959
4040 8629
4957 8355
3087 610
791 8438
655 4722
1433 9201
1821 3067
594 9610
186 9388
1898 9906
1956 8173
3799 9554
4050 2934
1694 2882
4552 1004
1252 1030
1591 2058
420 6028
3097 420
2852 9090
1108 8457
830 8348
889 5479
527 8448
1540 8314
4196 8957
1092 6699
180 9333
2594 378
4183 5751
2086 4265
1208 7871
4732 8618
3380 8773
451 5807
59 9022
4817 1194
3293 7521
553 4026
3491 5257
503 9761
501 9240
2836 6269
2875 2457
960 2652
2399 5069
3745 283
1676 2268
1390 9618
4291 8274
3138 7885
2218 8923
1541 2267
4996 6971
1048 8974
1012 8026
88 8373
1179 8231
4519 9577
1359 9534
1230 8364
2739 834
469 2557
3656 6029
1014 7943
644 8970
941 7340
146 5069
2056 3717
3083 2945
1193 8231
1231 6069
1244 8027
1204 8242
1257 8451
4696 2733
2793 2775
1952 9672
349 8363
4349 3257
32 1663
1085 8340
881 840
1958 9631
2461 1070
2123 5912
637 6824
1852 6091
4831 3022
949 3021
1680 5474
328 8690
452 8117
4964 2413
511 8958
2704 1807
2634 2070
362 1604
1358 1014
368 7820
970 8047
108 6695
2134 2547
1270 8836
3556 2838
936 5979
2618 9128
603 2795
2175 2021
483 116
3974 4950
336 9496
501 9750
166 8561
2629 4235
4815 950
500 5035
1195 8205
292 8797
4491 4383
1012 287
1890 8103
3026 2728
622 8268
1132 8706
3088 4857
1756 9604
89 1061
750 4548
1407 1564
3968 9544
2856 4908
810 9950
1236 3572
4649 9456
2764 4893
1550 1453
910 3951
3925 1719
3664 9329
3193 3048
2179 4125
3753 1470
2442 9178
3254 1042
3441 3877
2406 5626
298 8060
2760 9445
476 2547
2458 9721
3318 2919
2549 157
743 6901
3547 4548
422 9934
1297 8051
3335 8747
157 7668
4470 4929
1810 8772
1366 4285
3525 445
818 9486
640 4983
2359 9589
2965 3372
2971 6250
2753 5861
2385 3692
3295 1224
2785 7933
1812 9231
1160 2768
2146 7361
1712 4803
2907 3859
802 8900
640 8997
1343 4114
766 9660
4852 2522
3509 5148
345 8091
4475 3057
774 8307
4107 6695
682 7484
2770 942
1136 8274
439 9985
412 9865
927 9544
1657 9956
3246 1853
3463 3309
1590 9735
283 5846
4851 3232
3897 1055
2358 5246
230 8181
3415 8049
1258 2056
1109 5744
3453 2233
1746 8887
380 3202
636 9287
330 8648
2152 3519
3218 1939
1316 4106
3872 4941
3051 6236
3929 6973
4345 1856
3026 9946
3322 8067
4744 5955
456 9399
1292 8447
1105 208
366 9591
4780 2843
3348 3666
4603 1228
227 9968
1746 5764
522 9263
4083 7608
1046 3590
2631 4220
4063 4656
2056 8813
3858 3677
351 1850
1953 9681
652 9102
1828 8420
586 5379
301 9777
3173 2499
3616 5430
225 9370
4855 9400
694 9519
3478 6548
2529 6494
237 9435
2510 1125
2665 864
2891 758
938 953
1511 8228
4980 2898
4438 4242
4749 676
852 9826
211 8785
4160 8179
3109 6261
609 2069
2423 5365
1241 9327
1760 8775
4969 2620
1722 9574
2716 3687
2449 8093
4173 7758
30 9765
946 9662
1806 7997
1201 9805
4033 3699
1459 1715
2256 7168
365 1453
3391 909
1832 2624
1861 6559
363 8416
3545 5282
3473 476
4388 3508
1545 8377
1947 9712
4943 7752
1982 3668
178 9267
699 1506
752 8151
1827 9837
1332 8843
4019 6248
1697 7616
1945 8524
654 9436
3169 2512
4216 629
4392 2677
4629 210
2530 263
2465 6137
1065 9844
3466 944
3470 8487
4789 8551
4065 5726
1024 8089
1773 4985
644 8734
2374 1886
1560 7879
1920 9730
1717 8411
643 8566
999 9398
2100 7749
4299 5130
1455 6226
655 5922
2769 9365
588 8050
243 7368
1592 9529
4169 5872
1701 6729
4252 9332
1514 8213
2411 8594
1961 8604
4049 8210
804 8572
1239 8954
1220 8890
1992 8145
3235 3603
268 5933
1460 5797
1752 9076
1338 9897
3533 2983
651 503
704 9471
1580 8192
3887 91
25 9891
4845 1617
611 1739
2783 5819
3865 7634
55 909
3738 7629
4396 3831
3053 6427
2578 8374
1630 9964
4460 639
2504 3126
309 9338
1354 747
17 9976
4721 1048
1153 9948
649 8666
3875 883
1651 7205
2530 7416
672 8301
58 9212
4170 9472
1876 6409
406 9724
4196 7099
1291 9132
2553 6231
1404 9308
2918 8539
2368 8998
4610 3197
66 9327
519 9597
215 8445
1986 8523
3343 3070
1134 8130
4422 802
517 7988
3637 3417
2444 9958
1008 2036
1002 6125
2238 5155
4619 1563
3743 6829
1899 3181
4033 7187
3353 8224
4646 877
2667 3656
3495 5121
826 932
1674 8165
3828 5110
1348 9423
2369 7682
709 6804
968 3967
3319 3785
840 9806
4970 9016
76 2561
182 7651
1985 392
2628 3375
1824 9878
1817 3389
2912 6939
454 4075
1728 9684
1535 8225
2021 9932
331 8789
3068 1360
2130 2724
4914 9386
4737 4601
3195 3938
3470 1286
3141 6839
3218 5050
651 8956
4873 2618
1061 2976
1334 8350
482 9932
6 5342
3484 3375
1063 4673
549 9422
812 8674
2507 3500
1211 8093
1576 2574
1775 643
4985 1852
4073 7501
305 8835
844 6474
1956 8231
3984 1680
1261 6242
755 8756
3768 5454
1581 4757
4507 5275
1731 7223
1718 3130
2918 9153
1301 5227
4244 1485
1401 9767
1729 1071
916 3844
339 9484
2902 7562
4101 324
1103 8767
2244 2930
336 3035
492 3364
1966 9407
4422 7797
4517 6021
1320 4897
184 3278
4104 2092
3983 8176
158 1117
4199 2203
699 8848
985 6961
3226 4868
967 9993
3202 2802
4597 3711
766 5457
4333 2975
1099 8456
3275 2014
289 8023
2381 8083
242 9187
3201 6156
3533 460
704 8816
366 1897
3500 3343
747 9618
47 4135
1903 9384
30 8126
1676 486
1899 9863
154 3514
3388 9011
1850 9338
4698 8267
1312 7736
577 1804
1273 2694
2027 9759
3572 4707
4614 2589
1782 8967
1993 5588
136 9643
1923 8173
3470 7772
1903 512
4627 2006
2247 6059
1388 5821
212 9720
1149 6650
1867 862
3759 337
2806 4511
3753 3099
1491 9105
2213 3137
1059 6090
3293 3329
2671 4661
3535 6272
2871 4404
460 9043
773 8016
584 5029
832 8839
4829 3389
2732 2959
581 8900
2203 2338
392 4218
303 9735
1371 9510
1775 341
854 4843
1053 5482
3222 7579
1099 8633
465 9553
4194 7268
35 9121
3076 7344
916 9738
4664 531
4648 2056
1850 9799
476 7969
255 9155
1322 9683
3324 9817
3435 6122
1598 7301
1837 9756
2998 5046
1222 8924
1825 502
3437 1580
3028 5670
3040 8046
4865 2420
2681 4087
583 175
133 9960
837 8913
2443 7549
1504 6871
521 5973
2246 1898
2243 7038
3603 6609
717 9207
4855 5323
3677 5307
2999 4059
916 4177
1441 2615
961 9014
2955 2013
1925 9443
4859 3743
460 200
1830 9634
4849 1266
521 8907
4280 3940
613 4504
2792 5911
1840 8623
348 9776
4595 9370
3388 1225
2673 1286
478 6949
2519 8029
4437 9785
2395 6387
1000 39
1986 8235
3811 6268
3397 6650
4368 697
240 8491
970 3354
4201 4970
4986 9460
1110 9837
1576 3412
1942 8454
1618 1902
4273 1772
1126 8752
97 912
2727 429
3945 9917
1617 3582
3173 2121
1461 4709
1050 4072
4952 8141
4215 894
3146 2743
685 9118
4278 2760
1770 6882
3 8010
4738 9504
378 9844
160 3459
422 8944
407 8908
986 8726
3765 5145
801 3563
873 9561
2558 9916
1922 8084
50 4256
1805 2709
1255 2220
2519 4071
861 3065
19 7829
129 9246
3728 7559
849 9741
293 9847
1067 8088
625 8137
3745 6431
1262 8513
4054 7862
1334 4344
1053 1740
4122 281
3214 7545
1789 9285
4106 516
3597 8768
2162 4070
3596 3810
1001 2976
2773 629
950 9537
469 9627
103 9433
3723 2499
473 8433
2553 5624
639 8492
4461 7681
4060 99
3195 198
4553 6109
3360 9899
4253 6639
4152 839
2558 1912
4447 9407
172 9092
3316 9888
782 8741
1235 9548
641 3752
654 8729
654 8356
2879 36
1533 9554
430 1538
1415 9518
4789 1455
1325 672
3111 8282
1311 2998
1120 7809
1356 9369
2033 9671
1859 858
4291 9766
1098 8933
2466 7011
2388 3983
4613 6325
3569 40
1638 9851
892 2517
1429 3914
1098 9070
132 8217
4399 1371
2587 4568
2663 7649
1146 4882
990 5229
1925 4889
1555 9678
3889 4820
1582 4505
3258 5546
3023 8318
2287 1795
3242 8463
2123 1789
1880 5942
4379 5730
4763 9635
3357 1553
1595 9178
4235 4916
108 8225
719 8400
1649 6147
1857 2977
1699 6676
2724 4136
2330 9146
1097 5464
1166 8645
2934 4315
2717 8977
892 8456
2232 8197
4969 2183
4026 933
434 9242
1350 8048
1509 4340
2498 3291
1317 8299
1190 8584
1790 8872
4252 2400
2945 3027
1656 8848
1442 9227
1907 8072
1321 8431
2827 1534
1477 3073
2108 7576
1403 9330
1331 3391
810 6070
2899 9274
554 8138
1564 9193
424 9797
1014 8970
1717 4566
1863 8633
466 7743
3448 6511
2436 1527
1148 572
1373 5105
1299 9583
998 4895
3020 9152
4811 7874
3907 3620
4295 4976
3140 6524
170 7976
659 2888
1184 9692
1862 6759
1330 9851
167 9873
756 9946
2844 2837
3008 1991
3934 3727
179 7977
1553 4964
591 7022
1932 6430
320 4968
357 1975
4838 7666
298 4783
3544 5609
3353 4026
4406 3702
283 4033
613 1699
907 8879
1407 7824
4689 9269
943 2029
1879 5432
2583 1552
1564 8823
4291 5771
1573 9794
1908 8235
444 1631
176 8460
4522 6228
1003 9912
2864 8695
186 3782
3811 4139
3613 4529
4392 3497
1710 5811
4190 7931
986 9384
2713 9187
1470 8734
2076 3640
1231 3140
1064 9240
1619 5556
2033 5006
4931 3672
315 8763
1702 6948
1279 7272
2700 7152
3372 4529
1081 9250
1093 8088
4996 9494
4425 9537
2073 4259
3069 9720
2990 1750
3634 4118
1803 2424
1118 6440
900 6611
2255 6960
171 8767
4989 1321
3314 6655
380 8966
2286 7555
126 2536
1130 6651
3653 9202
1955 9556
1715 9765
1685 3481
3163 9909
180 8737
3893 3846
1894 9305
1613 8430
1973 9541
3537 2365
3358 1755
1647 9897
351 5557
3200 1854
727 5574
3703 9728
2489 2102
846 3765
411 9291
3139 9658
2416 9762
1760 8460
1058 9068
472 9915
2635 9948
418 9569
179 9179
1654 8528
4067 2733
526 9946
756 8896
1896 8121
1674 9360
3639 1416
3565 5385
1385 8898
90 1615
1639 1057
1642 8006
3005 4718
3231 8702
2069 7004
4431 7148
1610 8303
3704 7034
207 6713
1348 8551
2870 7939
1206 8487
2745 4364
3048 3673
2610 217
1920 2074
1898 7801
3881 972
4278 7271
980 8117
2057 4149
334 3086
113 8170
468 9937
2300 6565
1964 9893
1440 7535
4028 2066
2355 7686
878 8799
287 9158
590 8118
3068 4353
4614 5462
7 9039
123 3471
2116 7181
3616 2757
947 1511
323 9037
719 6181
4476 8554
1981 8986
1710 8452
1586 8264
2458 8088
1233 6732
962 9283
262 9598
2750 4976
3900 4948
755 9163
542 6423
218 4473
21 9981
3584 3667
1516 2783
633 8627
1371 5049
1192 1528
2615 680
1006 8879
1218 3031
1228 8171
860 8115
4953 3315
21 1936
35 6061
2754 3495
1029 1200
511 1044
4333 7233
4200 40
4039 7966
129 9101
1068 7751
3931 9217
3540 8015
1741 5807
828 8118
1877 4854
457 2841
4770 1337
600 9692
1572 9525
1075 2037
95 8383
1584 3013
2352 5656
502 4868
205 3941
2888 9320
169 8315
1671 6062
2138 4479
1917 8544
2477 6264
298 9953
105 9372
2222 2196
1083 9705
4633 1059
398 9443
3667 5580
2863 6748
1321 9394
735 4099
472 1086
1804 8702
677 6000
1717 8629
664 9889
2498 7380
936 9932
4812 5799
810 8104
1237 9142
832 8486
2978 445
796 9519
241 2388
3445 1926
914 8251
1611 8381
403 8107
2552 8994
1706 8473
2099 4339
631 9241
4137 72
877 8484
4685 3640
587 1509
425 9722
1188 8894
374 849
1648 3565
4175 8994
4872 3226
3796 2434
4328 5746
1016 3682
4575 8042
1017 8415
1396 5524
1323 8959
4567 6879
1776 4803
4903 5134
421 1682
1362 7009
4134 7568
1896 5837
1632 9537
4000 2396
4945 4674
2473 1143
965 7824
1978 8794
2329 6448
2473 2482
443 5040
611 6139
845 8975
43 3229
4871 4735
1596 602
1898 8050
2264 6613
1458 9460
2997 6530
2156 7190
1413 9252
886 8874
1398 4794
3716 6198
4559 6900
4704 8329
3155 8426
4576 9705
298 347
457 9350
2918 9504
1961 9939
2859 9291
4408 7686
1575 9499
896 3777
2062 6057
4794 3915
3502 542
2232 9914
4756 5112
302 3035
4013 9657
190 3876
2150 4219
257 8358
906 9418
689 4947
2177 3056
1390 8179
1456 9324
4955 1949
2309 9288
3749 6473
2768 5634
3085 4141
4345 3775
3984 293
4430 6049
3281 5389
202 8536
1837 9624
4224 7289
505 4879
1684 858
4824 3688
1354 9962
1468 8015
547 7226
846 3631
1732 8368
995 2526
4556 4803
775 6294
2473 4274
4344 1342
1527 6794
820 1172
536 9434
4085 5085
2704 7477
2982 628
1922 9208
1348 6693
3205 5045
1266 569
4281 5803
3327 7431
284 8444
2276 8019
4076 6086
4873 7643
87 3306
1983 55
1626 8179
2734 7446
3634 127
2472 8260
4103 6247
3473 7509
3114 5322
4029 2373
1018 10000
954 3534
825 1400
531 8884
4070 2177
976 9093
495 9697
4802 5833
1925 9851
4987 6676
1689 9745
3864 9698
3235 955
1443 8365
2218 872
2885 3314
4370 1915
756 1264
1789 1319
2280 3896
2334 1298
4783 8630
1655 9458
1075 6641
660 2277
446 8971
129 6815
2208 1035
2905 5987
1681 9247
3963 984
2562 5669
3353 5597
539 3962
4533 618
2117 6180
1650 8201
4924 1278
3135 1331
537 9393
461 8390
1037 9693
3469 7556
1781 5867
40 4654
1590 8052
3007 870
1565 41
4390 1153
436 9027
2519 4733
1485 9800
2312 8535
1418 1837
1866 9319
2299 9286
3752 2088
557 8690
3356 8742
1798 8196
1450 8841
1918 9772
1104 9312
2165 1907
1602 9825
2670 694
1501 792
645 2576
3100 8875
26 8132
2505 8772
1513 8891
4282 6594
1623 5134
48 6066
230 9414
623 8631
4702 3889
625 4815
4126 199
4397 6243
32 7619
2189 8591
3732 9491
2336 9364
1972 4391
1661 8645
1593 1586
1997 9822
1475 6762
274 4116
4783 42
4463 6470
1550 7925
4751 8416
281 4320
2415 4598
135 9007
332 982
55 8018
2663 7428
3190 350
4730 5481
740 8616
1964 8423
3183 942
2182 958
4446 5418
3927 4438
4860 4273
1378 109
0 9951
1986 4158
3779 3448
428 3221
962 9181
3264 5025
3316 203
307 8436
3116 5098
1381 4240
206 3935
3308 8936
754 9587
29 8737
4964 6616
3160 4774
1761 9150
3635 9514
841 7437
3127 3478
1763 8972
432 7392
3889 6851
992 9861
96 3591
187 8906
4356 3209
4030 2684
1349 7583
2650 1905
865 8987
1659 4458
1830 1967
2022 6309
2344 3494
1292 7860
4294 4031
1825 8732
3921 4460
1308 9482
539 9198
808 9234
4176 1780
4173 6158
3242 6740
2034 725
2989 2165
4486 6925
1190 8271
2384 6408
1042 7261
3068 7701
39 9542
1761 7686
1811 9733
2090 638
83 8379
4006 4976
6 3666
796 6624
728 8314
4428 8047
1139 8018
2391 129
2027 6102
4298 6944
2285 2062
1722 7189
227 7440
3933 4963
1023 8896
1070 2469
722 9145
255 9701
4636 5332
3406 4477
2664 1756
198 9706
4065 1083
800 9860
4028 8614
2091 8406
1819 8643
2890 683
4249 4893
1117 7432
837 8339
1873 8034
1501 3954
1355 9690
1610 6385
2463 6388
2632 2905
87 8281
3923 7842
1775 9831
4693 6155
757 9797
4178 3402
3701 7601
2201 8503
2624 6395
96 9834
385 9908
950 9006
265 5895
4657 1418
2004 3219
4338 3910
624 8913
2283 3507
1786 7437
553 7470
1543 9385
3722 8748
836 1668
2620 4364
3137 1057
2516 539
2588 2923
996 4476
4386 2866
1187 5499
703 1765
4762 7238
1002 8319
30 8140
3851 1226
3172 3013
3748 9117
3581 4515
1764 663
713 1136
768 2288
885 3906
1518 5286
1925 5780
1411 3817
446 1287
2529 5106
2790 8759
2449 9493
2670 8703
2657 5593
3175 2272
4627 2941
3187 848
1868 0
3973 5168
4376 4271
483 5284
4235 6390
4776 2202
4768 124
2805 8786
1384 1341
1098 8169
1391 1483
150 8998
3722 8961
1366 6801
3492 5102
4135 3796
3730 4379
2498 4597
1309 9316
3312 8045
665 3361
241 9403
1518 9086
1636 7645
1236 9408
464 8378
235 9770
4768 2131
1444 4578
2992 3174
4812 1271
1490 3465
3263 8379
1737 4328
3268 5371
29 9454
411 9040
732 8207
1263 7314
2702 4628
1369 328
425 9096
4 2283
2173 2885
4622 3823
765 9240
669 8906
4863 9700
4744 8063
352 1191
4224 4607
4797 8198
685 7955
4896 8418
850 9438
26 8630
2002 7076
136 9395
730 6505
672 9184
126 615
3091 8157
4044 699
2590 8503
3595 9870
1898 9204
3912 2714
3082 2614
2068 757
4075 1062
2070 9110
3287 7804
1705 8154
1293 9475
253 7640
187 9955
170 1061
718 1316
2501 1764
212 3282
655 1353
2132 4776
1459 1932
1474 1723
553 2984
3413 9376
3322 5562
3879 3769
340 8311
2416 4502
1989 1240
1959 9637
3762 686
886 4614
1172 927
1259 250
3854 6448
3462 5315
4591 8572
1273 8748
741 8730
238 9420
4361 6759
483 1932
634 4135
355 8162
4621 5004
2539 9974
2884 8247
137 8419
542 6857
3800 3101
2601 5701
1445 4084
133 8032
3573 2057
4012 1055
361 8942
3740 6808
3121 9849
417 3754
3013 5215
177 9316
4248 5133
2368 9597
1464 2677
735 5800
4361 7749
4671 4299
2065 17
3022 5656
845 9128
1988 8098
715 1388
4798 734
197 3795
525 4347
1066 7463
550 3451
4813 1120
383 8222
1857 9709
1435 9961
3019 2612
981 2944
2035 2832
4412 9374
320 1095
960 9892
3688 449
510 9759
4942 5732
4731 15
807 540
322 5095
410 7069
1710 8941
2418 8249
188 4868
4516 9531
4098 6071
3664 4856
4972 7375
745 3407
3707 4537
3557 1058
2467 178
4181 5309
1418 1890
2064 70
393 9953
680 9732
3850 4665
1744 5162
472 8091
2554 3830
1026 8556
1668 8496
839 7168
4738 1965
293 9933
864 8721
57 9282
451 9468
1802 2173
957 3240
93 6248
1689 9480
1472 1629
4317 5783
589 725
4004 5281
1054 9364
2042 9919
4197 8350
1024 8644
1734 7300
1017 6356
3632 1933
1846 6737
1032 3568
1817 9607
2558 9718
1307 8143
224 1700
2975 981
714 9781
901 9395
4619 683
735 9795
563 9841
1168 8971
249 1666
12 2438
3070 8935
156 8797
3362 1413
3669 9525
1256 1585
4763 6520
2183 9227
3036 2837
2991 1782
615 6683
85 6677
1703 8094
3666 6374
2162 6735
1482 8047
4334 3950
3520 5885
3081 7869
2462 8183
3948 1197
4878 5520
4246 788
1821 9199
138 8963
4043 8321
1574 9327
3212 3792
3600 5269
1035 8697
1175 8996
3114 4986
239 9497
1196 8216
4976 4751
4698 5277
4452 1103
1370 9210
772 8662
1524 4562
338 6729
1669 8917
2447 2387
4061 273
3491 5328
4363 4310
2361 2021
2123 4631
1710 9685
4241 5267
1077 6100
4595 1116
2365 5808
398 7063
4250 386
991 9558
3612 2727
744 3449
2717 7537
66 9397
76 8312
3110 5368
2307 4379
4004 3368
2292 6438
1538 6860
1356 9256
3393 3001
4525 2493
3390 1277
1189 4470
4005 4800
1569 8077
2610 5281
4357 9557
4524 7869
4185 2312
1106 9810
672 9684
1349 8510
1792 9654
3976 2853
2643 7806
871 9425
2902 2644
4554 1105
1204 8511
3233 8798
3230 1581
2652 18
473 6568
611 9117
4548 3480
935 5809
1306 8748
1416 868
926 7033
4562 104
3230 4684
1071 4561
3047 8975
1798 9549
1330 8474
2696 901
3621 2005
293 3617
3903 2401
3421 540
4600 2840
2579 8429
1395 5961
1669 1119
1731 9134
1259 8841
610 8707
2713 145
4322 9765
1468 1682
898 9842
3468 3809
3289 5689
1612 8276
137 4857
1681 8537
2301 9780
759 9186
1105 4486
622 9713
4416 907
1208 6502
315 8659
1789 9060
4395 698
1175 4121
32 8744
4715 9087
987 6337
253 1586
4686 2534
881 8375
4685 8673
2985 1480
838 6354
1935 3902
689 8255
1873 8179
3060 1145
1774 8173
3510 9013
1106 9957
1901 8842
3900 2905
226 9640
1533 9121
4424 1731
4634 5710
3769 6848
896 2263
394 9872
1296 8977
1220 8243
873 8542
3074 9619
3099 3995
1430 8833
599 4355
1020 1693
1664 9066
1128 8893
428 5098
1038 686
3988 2901
4965 876
2369 3520
1259 8909
4031 2713
1948 8320
4196 1459
1725 8176
3997 4829
2887 6705
71 4101
2561 2345
4726 8898
174 4248
67 9068
3079 3386
2189 9884
1392 9786
1641 9040
4844 6189
542 9347
3312 2166
3837 7002
4765 7219
363 8064
4893 5810
2687 841
2261 8435
2553 3709
1937 567
1085 6159
0 2778
860 8257
1470 8151
696 8841
3381 2324
1227 1766
1216 9957
600 5918
4195 7504
4768 8511
1158 9207
396 7588
2686 7625
661 6967
1905 9007
1945 2983
1531 8748
112 9312
42 8191
4328 2329
1358 8806
4731 917
2306 3100
1426 9544
2051 4414
4951 6222
3905 5744
3708 7483
1355 6355
4171 639
4736 2827
4893 9911
1214 6077
2279 9461
213 8193
1341 9725
1804 9017
1653 8459
412 9387
4752 2797
2412 973
154 9620
3681 281
2793 998
2856 4318
1785 1583
502 8519
2030 1767
1917 5967
2978 2301
391 7194
1469 9550
2551 245
4312 5845
1907 9902
2274 2464
525 7648
2858 4099
1250 9624
3354 9310
2241 2157
3997 5913
962 9788
3224 5236
1597 8690
2582 2678
2849 145
154 8462
4558 8986
3697 3459
3563 3057
4104 3157
140 8210
4242 6126
4089 4721
1634 8462
237 9128
650 8338
2441 2439
196 8184
662 9378
81 4353
1735 500
2358 4246
743 9631
2089 2351
725 9135
4599 4932
3222 894
340 9755
3452 1182
2231 8353
4181 2746
3404 9521
3248 1084
2599 9151
2925 7911
585 8123
3437 55
253 9646
4976 6558
2230 1813
131 4738
3179 2104
2525 110
4056 5037
1075 8418
1578 9719
2820 8002
4127 8564
123 8523
1643 4958
920 9495
2605 7764
2128 3259
4299 2583
4594 2108
1994 8553
1329 7869
1369 5425
4075 2396
3696 119
1749 9390
4618 7009
1882 9172
3561 5227
451 4305
1555 9629
452 9665
1867 9004
2139 3767
203 3542
320 8888
3156 1451
1497 8708
4757 662
3145 8062
1629 9487
1150 8622
4734 4977
4718 8507
912 9397
1325 4338
2894 7452
1980 9035
2763 913
3917 6904
503 9108
3029 2944
1025 2715
1072 2879
3153 3857
302 9477
1192 9066
1761 9360
2115 7721
1260 9474
282 7365
102 9563
3341 3234
1907 6295
171 1603
918 1177
1458 6278
2332 5348
1894 6913
1706 8647
4862 1429
727 8875
1034 9230
2283 1223
1230 8005
3525 3917
1408 9118
2047 3571
200 8190
1688 9204
3722 8057
3569 9001
4129 6938
1970 8753
1458 9926
1541 4004
1411 9470
2571 6256
319 9721
570 9303
4360 5950
1275 5521
698 1794
2573 6769
731 6236
595 9054
1344 129
4904 6706
575 2783
1211 6435
2924 5277
3819 8694
793 1542
3974 2448
2286 9013
4190 8724
786 5353
3634 4338
2261 3104
574 8693
4823 6297
2990 4364
1177 3367
2479 8099
818 1277
1227 1373
954 9532
3684 6362
1241 8010
2215 8763
3392 3064
2612 1433
2096 1161
343 424
234 9893
577 9721
1111 9080
1349 8887
1810 9575
4728 2482
4385 7612
3965 9009
1372 8821
1193 8600
1294 8973
553 3245
4722 4340
3480 3863
3470 73
2669 3521
106 8225
1884 8226
3722 7963
3719 4871
1021 2910
3194 6020
110 8533
1019 9213
765 8410
171 9076
4860 3516
2159 2227
2940 4149
1423 5910
3728 3693
3921 4432
902 8573
3102 7310
993 8148
3871 1382
1738 2566
1977 8046
4219 377
3795 955
19 1354
1935 9973
1151 9728
4135 5576
2340 2104
400 8034
699 5935
1378 9066
2969 1006
3165 2776
1544 4576
1459 8911
4324 7933
2964 2918
179 9714
2794 4676
228 9531
1786 6549
3771 2814
603 8696
745 7832
1048 9114
4152 9539
4837 5985
1053 9099
581 8121
3387 9164
4614 6260
1185 9291
4467 4679
1837 9078
617 4193
2753 701
1394 9735
4936 9741
1516 8279
1985 9528
932 107
3048 4629
951 1383
921 8650
241 7095
3949 467
1506 9264
3599 1607
1438 9784
4814 8527
3902 9777
3126 2674
3170 5867
581 8237
599 3712
109 4624
3376 8796
4679 5925
1323 8142
910 1789
621 7263
1450 6415
1779 8634
1898 9968
1929 8800
2458 7077
3775 9909
1827 1104
360 9721
3878 5261
939 5260
1382 9137
1984 9167
1885 9364
1733 7668
1137 9490
392 9743
2330 5792
2938 8829
1349 7275
4028 6755
3442 3844
1951 804
4211 2567
480 7393
3312 8179
1073 6824
892 8195
3296 1870
2466 7578
2205 2805
2693 4035
1141 8023
3773 6382
2999 635
221 8457
2674 5443
536 8711
1832 4869
3720 5415
1519 2483
3624 9025
350 5329
4626 5782
496 9692
4326 2335
4644 8343
4754 9991
879 8508
2283 4719
3246 7915
476 8922
488 9747
4141 3393
3462 2470
640 5723
1060 8762
613 1384
1416 8614
3691 600
2900 4629
2853 4601
1532 9411
1163 5798
3452 4041
3337 1853
869 8385
1447 9678
3460 2677
975 1857
782 8960
1973 8683
664 891
631 8654
1801 7079
2029 8268
4050 8316
3543 5443
1913 9660
298 2980
884 8617
660 8656
537 8580
22 6171
827 875
1069 8065
3812 9717
1575 8461
242 7840
84 8854
1308 5954
1913 9440
1902 9170
2616 2073
3178 9168
4578 8316
1531 2985
275 9417
4590 5646
3352 3501
2797 2261
2428 2372
1278 7420
4930 7444
677 9664
3171 6702
726 2036
841 8827
2889 3044
2844 1057
401 9238
457 6903
1393 4084
2159 3997
1197 2967
1447 9065
303 8503
1088 8601
2531 186
2603 3253
561 8207
668 8543
2234 3011
18 1359
816 5477
3362 8591
4245 8775
3666 121
4165 8486
1867 4388
4829 7992
1543 8158
884 812
29 7263
1567 8274
4179 7622
976 4230
671 8040
598 9090
2664 3617
1684 5128
1823 8650
652 1664
1022 9833
734 5979
1250 7975
1473 9189
3359 6363
3745 5714
1006 8670
1585 8943
306 9000
4167 4963
484 8365
1004 9849
3935 9248
4837 1433
2627 1411
1703 3735
1215 9579
1123 8264
2348 4812
3958 7023
4893 8656
2145 5107
653 254
1474 6301
1214 8770
938 4703
1244 7554
1961 9752
1263 8167
1175 4962
479 8081
518 9018
1585 5549
4391 9689
2343 9622
672 9774
791 3131
1240 5425
2055 1722
143 3594
3036 7216
2983 1921
365 5167
3439 9706
3982 5659
1520 1260
659 9914
1874 2465
846 9074
1722 4870
3193 9395
787 9725
479 5992
3069 3187
2496 6188
92 1107
264 4284
1152 5518
4161 7158
2750 7652
2509 6731
1283 8357
4312 263
3959 9115
889 3552
1548 2612
249 7734
839 484
2995 6286
1650 897
1583 5879
2935 2114
3707 3513
742 4694
3202 9148
4059 3186
591 5734
1691 8192
1366 7285
3081 2214
4923 5027
1242 5140
1293 9268
1694 9840
2569 1704
977 8728
2146 9458
1689 9127
3662 427
1766 8112
2929 2726
252 6273
584 5439
856 8670
904 7908
1257 8991
1166 9960
3576 6387
4458 4077
1184 2864
1577 4452
3825 8207
1013 9711
808 4084
2926 2253
590 8328
49 9489
2811 1868
4219 4908
1076 9115
2272 8811
4010 7917
3671 5456
1603 9776
1683 9859
54 9795
1288 8029
4748 2349
4748 657
342 8073
3591 392
2989 162
2005 889
3270 8721
3610 6277
2997 5332
663 8116
1620 4243
3224 4967
4860 934
3006 5088
368 9888
1849 8852
2275 3271
3184 6610
3534 4771
3433 8843
3379 4756
1207 4588
4391 1158
1274 8802
2195 7657
4084 1121
347 7802
2672 7871
4396 2093
3021 2536
498 9507
255 9237
3367 820
372 1662
2411 3244
3702 8632
1893 8424
3425 8732
4753 5247
1822 5833
2065 7633
1279 8214
1171 9222
1136 2462
1728 4106
1051 8708
550 8311
3726 3690
414 9705
515 2602
1609 6213
3601 2093
2859 2346
129 8982
100 9675
2514 7317
4321 4115
3207 801
778 9834
1850 9583
4723 1507
1370 9286
4031 4454
3787 4027
4693 5066
1841 8635
0 8630
808 8418
1252 8085
97 3414
3336 7240
4070 3298
3777 5525
3373 9598
4358 7590
528 9309
1930 9030
405 8925
2296 1333
4610 6802
624 9065
597 8195
2896 9870
1340 8347
749 5142
585 1059
42 8411
1600 9962
1581 8731
3668 5909
813 617
3632 8423
531 1162
1998 1238
3692 3180
1184 5735
338 8055
71 9247
242 1604
3000 2433
2959 8720
1748 5508
56 275
1303 9983
2307 3206
1165 8957
2500 7982
2130 2159
1314 9418
1724 6991
2917 3292
4729 6877
1665 9209
263 9644
2288 307
4427 2301
821 2710
2750 3206
1204 9315
3775 6459
1151 9177
144 8224
893 8155
1905 6255
2285 663
233 8973
1428 9186
488 6158
280 5963
1329 8841
626 8841
83 1235
440 9018
1377 3666
2366 4084
937 8538
329 262
3880 8221
1877 9678
1831 4414
1678 8589
4884 4035
367 2148
497 6855
373 9429
1868 8127
4405 9009
2058 9842
605 9081
1081 9276
122 759
4148 1766
2087 8663
1004 8171
718 6543
2437 1627
2145 8462
4331 403
4291 5885
1586 5497
3748 3409
2475 2241
4716 5899
3015 9731
4514 2393
2867 9635
1300 9468
2635 4701
1313 7459
4535 5241
1473 8477
346 8208
2093 8591
1278 2242
4309 1758
322 9546
3708 1823
4238 4682
2923 1848
2261 7888
1223 9858
1905 9084
746 5060
4725 3913
1690 2272
120 5332
1672 6030
742 9664
2252 1979
1291 7254
95 1746
477 8134
4295 942
327 8034
2429 2528
1027 8299
4382 3317
834 3950
1880 9220
35 8071
1130 6080
259 8035
1588 8426
3635 9057
1478 8598
664 8845
868 3545
4449 1193
2238 3461
4472 7682
2118 3081
4795 9452
2853 7937
3152 8743
1159 9505
4328 4817
678 6768
2680 1775
3877 30
1158 8051
856 8941
1284 9643
4271 633
988 8258
2616 872
32 8330
1073 9268
285 4489
983 9216
4951 4442
3149 2101
333 8639
1172 1657
2937 1169
2689 6817
975 8805
3411 3060
3694 1261
4116 384
3484 3458
1217 7605
3605 8273
7 5985
912 8544
2628 304
123 3642
4455 2651
1185 9932
491 8423
2184 97
3174 5448
3565 6841
1430 7087
4139 2805
3143 1930
3033 4649
1694 4302
3032 5864
1977 1603
3782 9746
1178 1393
220 9250
3715 5516
442 2513
180 9121
286 2808
3677 1251
3047 9484
361 9119
728 675
1203 9091
358 4168
187 9340
713 7392
3415 8689
439 4744
603 4213
1747 4147
1744 7587
3536 8850
2021 9303
1827 9113
1807 84
3786 5175
2109 4795
1314 8242
3799 9596
3362 4840
327 3412
154 3554
3182 7177
397 9413
127 1646
1866 533
3189 2900
4298 6805
1541 9203
1093 5096
482 8536
3317 4691
3224 6787
2266 7622
4125 7591
2315 6447
3906 4951
670 4468
812 9111
2052 8309
1483 8327
1378 2281
1775 260
1994 9856
3592 6465
897 4443
2852 9419
2100 9429
3005 7164
53 8118
1553 9523
1614 9544
2683 5906
2862 443
2747 5210
660 2722
1620 5316
1888 9292
2846 8369
1654 9084
1352 8933
2322 5978
3090 1740
756 9982
203 2785
1732 176
1044 8318
1799 9329
1194 9473
3082 7223
1188 9641
2642 2650
7 9661
1693 8118
4850 9966
2262 3492
671 9318
525 9287
3052 2771
1348 6578
3188 4403
298 8560
322 9162
1333 9469
638 7657
2567 5409
3476 7657
3723 8080
1662 2294
4807 624
617 9506
782 6003
1080 9094
545 9710
94 9053
644 9991
3887 9612
3221 1951
3861 1753
2531 5024
1619 9389
3718 6527
3957 5602
685 9491
1011 5104
2603 2283
179 8100
1686 7426
2884 244
3494 9472
4703 1172
4739 6504
4561 4707
4897 4752
2285 6164
3769 4596
2435 7874
2845 2085
4268 7102
3424 9731
999 7284
2470 1207
4003 7210
1274 9364
1425 9250
1430 8341
2228 4352
4932 4075
2710 3482
21 9263
4098 5094
1283 8204
1760 8466
1420 3976
3177 692
2389 4763
3575 5400
3758 5412
2773 4210
4342 503
1388 8522
4407 1881
1825 7145
3766 8464
1010 9070
882 1016
3429 404
461 5448
1597 1671
3870 8278
2998 2172
3041 7134
842 9901
1858 9584
756 8725
266 9205
1801 9304
2163 5017
1231 9069
2906 4060
2819 1208
257 8214
590 8893
2265 4919
1824 3594
4703 9292
1233 9663
2505 565
4722 3186
2991 463
2402 1740
4485 8912
1382 9666
4412 7766
1221 873
2680 9708
3022 8325
1851 572
4259 4596
1952 8758
1435 5091
568 8384
2150 6366
2246 3665
620 8382
2088 7557
715 1446
1202 8005
2456 8426
734 6240
1487 7079
1309 5709
3256 7296
1947 9220
2083 8633
4376 811
3886 2581
4504 9694
2182 1151
3350 7665
3622 2160
1749 8717
2758 2240
1056 8320
334 9474
1008 8838
4355 5729
3568 1179
1625 2304
419 2362
4429 5067
3945 9533
782 9444
1143 9024
3206 1879
1439 151
370 8234
2088 9010
3783 3706
692 4937
965 9829
3501 2445
1987 3748
2056 7931
507 7412
3302 5208
2150 9718
3778 588
2701 1682
1747 458
3085 2034
1210 9991
911 9966
4472 8869
4172 3261
747 8611
1774 8437
4630 5787
323 9682
4082 5610
1068 2905
4062 118
179 1473
2063 1835
682 8833
4511 8181
1731 9256
808 9123
1366 1203
68 9422
1691 9308
3370 4024
4393 3286
4913 5353
3575 9152
1909 8775
4551 5393
1072 6968
2065 8695
4561 8912
1777 8771
1347 5176
374 1762
3691 5279
2365 6439
883 5746
1262 8730
927 2302
447 8320
512 8996
1833 8626
1263 6009
1368 8016
4701 8251
4807 7410
4833 2598
3862 8273
1079 5746
1079 8424
1804 8744
4535 463
4023 7677
3224 2800
2916 673
355 2159
1711 9140
1569 9924
3774 5609
688 2444
2358 4
2822 9486
4865 1474
149 5358
811 2459
2208 2947
2577 883
4778 7663
3672 736
3418 2931
4910 8766
258 8801
4320 9235
2721 2708
1508 8874
4506 8606
3756 240
3753 7257
3451 4627
3912 550
3525 671
4852 4755
1038 9008
293 3714
943 8702
1820 8833
4074 9496
4846 8790
521 9637
1505 8256
4977 3310
323 9042
2508 8816
4135 3619
2947 2597
2988 3775
2716 3652
1714 9155
1375 8392
4561 1918
4411 4025
23 4346
109 8275
307 9828
3054 6309
4342 9447
564 4258
1926 8654
4308 4593
1681 8784
668 2510
3756 2737
4386 1731
407 3880
2289 628
364 9826
3619 8681
1304 2638
970 8403
271 8655
1280 1726
638 9521
162 8210
3577 7458
1012 2214
1044 7141
3007 7948
4666 9678
2001 143
1465 9122
660 5146
4589 2749
1353 9945
272 7367
4978 8345
1570 8125
4290 6332
3782 370
3599 9649
2547 2489
1017 9645
1351 8783
1611 245
864 2409
4142 8279
670 9067
1572 9083
4984 5877
1456 7784
3520 3955
152 8868
3620 5139
1874 7728
3038 4329
4163 5021
1419 8540
1982 3537
1935 4328
1638 9041
589 9254
4933 1590
581 9366
4381 6783
2032 1663
2308 1289
1639 7698
3372 7457
870 8094
2352 8066
779 8997
3782 8307
3361 5527
4556 3973
2849 7722
240 881
1044 9443
1846 3478
525 3775
4382 4063
547 1695
557 9407
984 7910
1703 8557
298 8388
3644 3114
3163 6752
1444 9586
2728 9456
652 2811
1034 1102
482 5574
1436 8784
72 9417
1521 8964
3161 1489
623 891
62 8624
1234 9938
393 6912
1820 6844
2398 1245
2421 3512
560 8814
2178 6904
1105 4175
1720 9833
2804 1433
532 8596
691 3389
1546 626
497 9717
215 3683
3090 4083
3783 4079
1532 1673
2562 4219
5000 1215
4246 8249
1268 6598
2787 5734
3545 5286
3644 3552
1868 4372
1858 5145
1373 2876
2916 2639
4933 9736
2936 5159
4889 8361
1900 3022
1842 9512
1610 7037
4054 8238
1043 8724
3719 729
2119 2442
334 9970
810 8706
1042 1795
2608 9402
1783 9513
4604 8051
3200 6267
1210 8384
2628 3603
1883 9809
1209 8116
385 8458
2630 5473
4993 4020
1277 6534
1175 8475
2140 66
2731 1191
2954 4842
1522 9121
3162 8615
1649 8453
1954 5436
4882 1254
4288 9361
3091 324
3284 5434
1809 8964
449 9289
3426 3690
1017 7947
49 8836
1030 1259
3161 3786
3822 8175
2613 7445
1702 9429
445 6836
1000 9859
1952 8198
34 9581
490 8305
1805 8942
3010 1116
762 9445
3745 6346
420 8416
1699 8762
4716 330
1663 9132
1019 2189
3138 763
257 1372
2206 8720
1434 3056
729 2709
827 9324
4310 8809
1305 8009
11 3369
4953 953
3980 3857
1566 1108
2450 3549
303 9208
265 9818
994 7492
533 9510
7 5289
1754 8916
1674 9216
2837 6917
4890 3796
3431 7251
710 8900
1992 9513
1421 2728
1138 343
2314 2169
2679 6595
4968 8967
2142 6795
4840 2311
1634 8970
1919 4269
