placement model: 4pos
width: 25
height: 25
number of points: 10000
1874 9598
9119 31
3836 1943
1405 4435
6581 8991
9778 7303
2028 9202
9535 7764
8888 1303
3193 8591
4470 9304
7132 5653
1314 9265
8471 2622
744 9750
770 9050
3396 3423
7973 7160
7854 1996
5189 6845
9238 8957
9679 8952
3558 3575
3096 2837
3052 2546
3178 3388
6231 4196
8623 7893
9047 5736
8819 7692
3922 7975
3784 7397
1577 1420
4381 4046
8381 9964
9454 1520
1419 2736
2048 3021
2619 4978
9527 6355
1821 115
2931 2939
9663 6279
6451 8454
5173 701
8023 548
421 8455
5417 5989
5328 5824
1426 1499
6391 6606
3150 8528
9047 8553
1797 4129
402 788
5782 9992
8319 9786
2420 9767
7860 8436
1410 3999
254 4930
9529 9364
6573 5302
6069 8633
434 3378
4159 9378
7563 5037
9561 6875
3739 9723
8862 9327
5151 2078
9104 6490
6703 5433
3070 7666
2218 4130
7469 7375
523 1482
3442 6579
3652 9632
5201 9057
6342 8363
6650 2281
3830 1629
7341 4874
6560 6228
403 1009
3008 206
6457 8183
6378 2204
9702 7738
8816 5664
2554 9846
4575 8255
571 9148
2338 2351
6009 9685
3113 4871
9103 818
8033 2389
8644 6754
492 7745
1516 7741
6370 4970
6165 7257
4893 7219
7303 2254
3901 5616
1351 4237
6726 2107
4698 8767
7834 5248
8907 7353
6312 5819
3126 7279
3071 5729
238 179
8708 5298
3120 3743
4188 1871
2116 8469
6740 6551
3252 428
6620 7941
807 1651
7048 6098
7410 1907
4972 5143
9500 6304
5695 4514
8123 472
7264 3428
2552 5272
6756 9637
2235 673
5453 46
8150 7936
5022 9352
8942 8437
762 6419
6223 8084
7989 6734
6231 7511
3975 6477
8557 8719
9954 7405
8894 3488
2304 6050
3672 2158
8517 6663
4422 6138
5720 661
1001 5258
6940 9359
8830 847
409 5296
6197 4398
2523 8429
3104 4913
7196 7700
8482 7229
9288 3434
3406 1473
3679 6536
3753 2930
6814 7233
4499 7517
8576 9142
2210 8943
473 5160
9552 2430
7069 8025
4239 4900
5976 230
9606 6891
4214 2656
2547 7961
6711 6389
5661 4144
1804 1668
6899 1813
689 792
6667 6247
9446 8919
4159 7080
7624 9306
9022 1236
311 5923
9381 7011
8209 6805
5269 9793
3551 1272
1142 4536
4642 1531
1869 5402
3323 9845
3241 1058
2475 9274
6991 9935
1808 2907
4133 454
9687 4575
883 3058
2013 183
9748 46
3940 3640
6233 7237
339 3996
7682 9413
6650 7151
8622 9483
8593 946
9783 6607
25 558
9711 6420
9045 393
8411 9928
1998 8784
4053 6208
6166 5478
9924 8519
4541 3481
7736 4416
3022 2920
1949 5081
3059 1221
3039 9276
6373 1600
6287 172
1371 5117
6306 6277
5811 7659
6577 9571
7868 4234
1674 5732
2711 5651
9841 8362
3257 4678
8377 8606
794 7585
8153 3469
3733 3130
3124 1565
5406 1962
8546 8542
1916 239
9271 3513
683 4979
9771 3255
5390 5587
1940 5947
2167 9503
5565 123
7190 5396
4175 1824
6241 4090
9302 6805
6411 9832
7799 3119
7487 5662
2475 9388
4070 2822
969 2702
1111 9570
6991 1678
9118 6178
6902 6481
6352 6786
7725 4196
1667 2001
6223 9849
7758 9847
6429 7609
7610 8310
153 8706
982 5077
7792 6498
1424 348
1287 3174
3453 2400
3612 5415
8923 8723
1198 5209
4632 9472
5868 8514
2085 4128
1376 2206
8285 1805
6544 3062
7295 8738
9619 2503
4086 102
2790 7412
9868 6204
7949 7509
4342 5850
2484 9759
984 5890
3953 3197
1522 1387
589 4617
9467 9027
8270 9004
4659 9230
2351 3558
4668 3905
9482 4950
3856 8104
4734 4524
7232 3200
9762 116
1424 3923
608 8936
6822 6078
2475 7929
4026 777
640 6955
5153 2425
541 587
5182 7893
9779 5426
1783 4170
8247 3927
2783 9416
3711 9753
6807 7252
6408 7604
9264 9102
3017 7392
1428 4937
3909 3027
1957 8623
6149 6742
2214 9407
3932 2950
5193 1809
4829 4756
6372 9969
4799 7115
5955 2819
3030 3254
7072 9435
5353 4595
8916 2406
6347 6564
8173 8967
3384 7519
155 9606
7567 8844
1488 6140
2922 7477
7447 6654
2868 9843
7144 5293
6799 3043
6541 8528
406 5565
1484 7175
1908 7744
4998 4491
5785 3209
4938 8882
9671 9454
6797 6831
8506 6281
4562 1879
5384 6386
6346 650
4683 230
9060 3568
7956 8978
3182 2091
4661 8026
2075 887
1486 801
6687 793
6587 9090
7435 8888
6777 9149
8154 4084
3741 7755
6609 4823
8351 868
2229 2501
7078 6108
4877 7172
5449 1254
6855 343
8001 8479
4291 1755
9475 8490
7886 5556
1186 8513
9090 1827
3295 3103
7828 3759
7639 7922
8407 6436
5126 3488
6771 2153
8844 8165
5004 6357
7861 3731
5212 5730
1812 5520
143 6227
9031 8813
7860 1999
3477 2223
2217 3613
9026 3510
335 5523
3935 1997
3163 8167
5880 1344
7570 4505
4126 173
551 7887
7568 4479
4466 2846
5563 8473
679 4284
761 2804
390 2595
2420 4871
7872 302
6982 7477
2675 96
9466 7431
7784 6586
5627 3726
8419 7176
7517 2755
7257 6313
7485 6090
3212 1688
9898 156
7361 4176
6733 7821
6411 9848
3315 9018
4111 6672
9026 7682
6373 5741
4275 6227
1047 7573
5118 811
5643 5322
7083 1977
9386 5726
1404 3169
9372 6886
5855 7558
877 2445
8236 7608
729 7030
1600 7242
2957 1110
8187 9797
8098 4525
8254 8056
4912 6934
1675 6074
1639 2530
4104 5620
7869 4833
2644 1867
6953 2193
5331 2278
6502 303
4118 5130
5405 5138
8917 4167
4119 2802
569 7715
6619 7842
5350 5056
3644 8280
8743 2011
2140 1172
2197 5461
6396 8603
8945 9140
8292 8784
9490 3733
8841 8392
6205 9695
3338 3184
4191 4255
945 5504
6843 1927
6908 2050
4036 8049
9745 715
6220 8831
4014 3635
6368 7428
6876 2043
145 8122
9694 8216
8102 3905
8148 7751
278 275
8670 9918
1685 2311
7012 1753
3385 1905
7519 5502
2245 9664
6045 9916
6686 8697
9855 4149
3280 9651
9923 8855
947 8266
9785 8245
6865 7547
2922 600
2556 7228
436 8316
489 9728
9778 9097
3729 5588
4137 3026
272 1901
248 8496
9915 7185
8899 934
8795 8475
8891 5926
5755 865
9875 6710
449 538
8081 3480
406 106
1248 3047
3898 9694
8888 7381
6012 7817
1564 6620
9059 8865
6810 9762
2656 7852
3969 4801
1791 6961
497 6228
6097 7686
7985 1733
1604 269
7717 6162
9867 9774
9110 4706
9505 8831
3795 900
3043 8456
6790 1852
3838 4783
8987 5706
6832 9960
5420 2416
7788 3138
6465 8409
3273 2869
8262 5970
4437 725
9206 7280
9181 9160
9739 9063
850 4855
5472 8130
3707 150
1649 5517
8087 6678
4440 5135
6571 1587
7667 7747
8142 5031
5353 9645
324 8314
9055 9351
4800 4333
5168 7337
9893 965
3124 1300
6810 2062
4576 2470
9058 211
8767 6207
447 8997
2569 4812
7230 9198
1994 1477
8233 4329
4527 2637
2684 2486
7214 8319
5749 9700
2996 1481
103 7802
2487 1670
8331 2831
7006 6259
1766 5697
9349 9109
5894 8909
3684 3933
2853 7741
7238 7518
8083 7846
8878 7615
8992 8293
7993 8993
1042 2438
5249 9069
5113 662
9276 4763
3750 1946
1255 1859
9708 1374
3818 1101
4775 8866
6244 7309
116 6121
3835 709
5687 8894
9227 1252
9532 8847
6053 582
5520 5361
4755 8263
4126 9985
821 7976
9173 6144
8364 7648
6147 8234
3157 6609
5636 1607
427 3506
3573 376
257 9581
4344 1132
7830 6658
8986 6164
8845 7331
614 1619
1117 6288
8816 4970
6428 6897
3712 3580
6508 1
7688 6056
3852 9784
7143 8939
9414 3729
7958 9689
124 3383
7414 3628
8643 9890
3794 5835
4318 5844
3210 7806
7546 9662
4151 9923
4538 2429
4309 7210
8715 9491
5065 1783
2368 2407
6252 6359
9946 7751
7970 2596
3171 5907
8478 9765
2789 4054
6609 6753
8712 914
9894 7546
3098 9387
7234 1462
5109 2247
8596 2879
1738 8813
6141 7666
1007 9074
9482 132
361 4888
6117 8652
4687 5726
7242 7099
2773 4110
6549 3810
378 6900
1040 4259
8030 7247
2337 3757
3171 1813
6915 9529
3762 170
1404 8104
3014 2884
3905 8598
5668 2799
2320 9521
4314 4881
6002 2399
3333 7073
3955 1116
9175 7863
3238 8295
8237 9800
5815 1870
7819 7705
5129 7001
6039 9993
7790 9115
2701 1127
7382 9584
3013 5243
7349 2704
8480 2167
2562 6976
8984 4237
3745 6021
8266 1095
7662 404
9322 4964
8056 9449
1173 8161
8379 7221
8869 7508
935 8148
1989 866
3242 6487
2129 7012
9377 8929
8009 5819
4346 3890
9186 2173
890 4214
6675 6726
6025 6092
9522 9480
3216 2986
6909 7235
5298 7385
6947 9885
2506 9210
4835 8204
579 8031
9782 906
4740 3404
5677 6806
477 8312
6718 479
6939 4525
9976 1948
5525 2866
3130 6129
4260 8325
9177 1751
9708 6635
9326 8243
4533 499
7435 8764
3021 8362
6379 6246
1798 2199
8798 8772
8469 3380
2178 1246
7457 3575
6747 8558
5188 7129
8843 9445
8593 1088
446 3900
1813 9646
392 4309
5087 8553
4334 61
1382 3754
769 278
9419 1681
4299 6285
8949 5057
6280 9360
2689 5858
7878 9981
5692 7286
6119 9675
5459 8669
7631 9028
2696 1911
3935 65
9174 691
8048 1660
6818 7926
6770 4338
7435 8669
6030 5586
47 8081
6595 327
2029 4348
7427 5898
2439 6202
7124 2586
5536 9668
7540 9235
9130 2094
9596 1403
3574 8156
9020 7372
9389 8542
615 3040
2011 3307
841 4951
3140 4398
8363 8372
9148 8323
4895 731
5237 9721
2381 9658
5829 5570
1365 8191
7848 4601
2323 2906
646 9837
1764 3727
7673 1297
9185 8685
6266 9961
6307 2393
4108 3228
1652 5689
6125 9230
9005 90
4542 3393
8210 5303
9230 5164
3358 7384
3475 7588
7279 3060
851 4157
4204 7183
2100 7435
9304 7334
8818 9369
5695 1577
2876 7773
5450 7055
5959 1925
5246 7432
1651 4501
5956 5156
9656 3542
2377 7821
4940 3193
1195 515
382 7376
8298 3174
6040 83
9353 9483
1460 662
9670 6493
4021 4225
6699 2189
9296 3395
6636 9970
8616 63
6518 8500
194 5473
9137 4976
8647 8331
9377 9299
9803 9862
2639 280
8440 8314
8677 5912
4093 5500
1605 6167
5352 4770
9749 7474
8607 7388
3735 9855
3795 8413
46 4225
6519 8407
4598 6902
7212 8378
665 69
6293 890
9651 9061
2626 1061
431 9745
2770 386
7580 8355
4016 8509
1254 2541
7387 6551
1178 4396
9756 2274
1139 3186
9558 117
4252 6034
8957 6011
2881 8083
1250 873
2892 382
3836 3784
9761 7454
7122 7483
106 2192
3558 6593
8365 4011
1316 2991
1831 6874
2232 2641
5500 6200
9348 4921
9158 8502
2135 7637
4425 9116
5495 2933
6756 9188
8187 2708
9421 8069
8215 7790
4769 9400
5874 3767
4279 9255
4621 3425
7914 8957
7391 6441
8882 9865
4114 4335
4332 9039
638 3679
6716 1524
5267 7937
3176 8786
9229 8284
2936 8280
8780 616
8181 3634
9348 6868
6052 5465
9529 6920
4661 4329
7053 7717
3614 6486
8068 9619
6996 6245
3331 4768
3164 3014
7952 9523
1422 7635
4104 1243
1188 4343
585 3459
2382 9805
3447 5409
6572 2181
5978 9782
2711 8476
3724 3211
750 2146
8387 780
4634 1487
7607 3073
1061 8854
6063 7271
5584 7073
4402 8738
3138 4912
8973 6092
6145 9183
5391 9177
6420 9197
7618 1031
4059 6684
1694 4518
5599 4015
6804 9717
3532 7253
7853 728
2686 1742
8779 5539
7395 6181
3290 1104
7699 5248
925 7310
8762 2874
3449 7463
3726 4695
5541 90
6520 9029
8673 2490
3322 3214
2286 8710
903 5202
8712 588
6536 8632
2358 5341
6538 7355
4649 3031
5368 6430
2427 2059
1034 3506
5257 1307
8702 7706
1846 8258
348 8327
7658 4124
6692 2026
8567 6710
7049 5277
4155 7732
3336 5877
6791 8312
1782 5547
5702 4761
1455 8136
7092 7474
8114 9441
5780 5555
7093 8585
2642 1831
9208 7273
3501 8300
4618 7521
2352 4024
5035 6594
3580 5635
3631 7436
908 9922
9947 4110
2420 1474
8346 1894
8792 5192
180 999
5740 9064
903 7329
1114 2868
1200 5942
5601 8937
8036 6177
5624 3224
9012 8350
7888 8765
1247 4270
7841 7662
7466 7075
2613 6268
2748 7119
7879 7594
9928 3406
8105 541
6566 8410
4700 6625
8027 8677
4186 2521
2263 8346
6600 6801
8338 8392
6214 4773
1468 2461
4670 3103
7749 8057
4597 1319
9719 7759
4944 732
7510 8690
8719 743
5146 8918
948 8235
700 4845
3585 7548
8103 1705
8002 1030
8654 944
1005 5176
3859 3078
2290 158
176 8592
183 1517
6973 798
8827 6172
4447 3736
9453 6374
2714 6982
3085 9753
9247 9182
3276 6197
9383 8223
6320 6855
499 3659
3759 4955
999 7859
9577 8862
1684 5003
5246 6823
2344 4397
8052 3216
3974 7665
637 8380
6970 8062
7774 8967
3957 3225
572 5846
3417 657
4057 6181
2341 9133
6602 8301
9386 9667
7111 1615
78 5431
9998 3481
4616 9871
8613 6684
8365 7479
7660 5834
8064 9857
2848 8810
9355 7649
721 2656
8019 1249
7500 5362
2302 4662
1298 8381
9827 5240
8416 9008
7112 7070
9957 7038
3349 4529
4092 6530
3367 6376
4213 9270
7030 2529
1970 298
5701 2236
3732 952
5119 371
6578 330
7549 7353
8355 8682
7024 6250
4913 5942
6787 9475
1048 2728
600 9418
3070 9102
1403 2653
4289 3827
7613 8112
2744 9382
4946 1806
8514 8070
8234 2874
9809 825
1414 7185
622 3845
6214 9015
7833 7852
2685 2758
7154 6155
4197 4040
1325 9381
8864 6955
6517 9969
4237 1986
1934 1216
7523 7713
6807 8701
6592 7909
2715 9122
60 9405
8875 4847
1235 4798
8429 9609
6110 2685
3838 436
5915 3719
9491 9666
7054 7959
3611 8019
1383 7846
6128 4744
3152 4803
1818 8365
3915 1926
7395 7550
1837 6761
6420 9478
592 2545
1580 8032
8034 4123
1542 2272
7858 3366
2179 3311
443 9683
2694 5477
124 3474
711 973
8194 9085
6036 8708
6363 6106
7254 5874
3413 7667
8058 6212
3797 5719
2480 9585
5579 5021
7274 8745
7539 8523
5424 528
7131 7258
2340 1769
1928 604
7749 4356
9546 9202
7224 9682
7786 9881
4560 6287
2847 9103
9498 7123
4867 9927
5911 2522
9463 7975
8740 7653
4489 7720
7375 5907
9753 8692
6965 9756
7436 9157
4667 4697
9888 9717
5601 2171
6990 945
3165 1004
3569 5429
7528 3510
9656 13
4203 6773
7230 7463
2298 7522
4925 3121
6250 5989
2346 7785
2224 9055
1652 144
6785 7959
5344 7220
7638 2582
4858 4085
2392 7175
650 4300
3141 8492
9248 4790
9321 8743
2372 3431
3455 1755
9183 8907
7856 7645
5290 6166
2914 8920
9520 4904
4567 921
5734 1934
9865 7707
3417 206
8815 6863
6927 4802
3675 2466
8959 7512
7288 6233
5962 938
8714 2620
1709 6097
8893 6390
3199 192
2483 7643
7590 5499
9062 539
4730 9097
5772 2319
9398 1190
7079 7725
6402 6245
242 9223
6216 1417
9590 1678
7105 6797
7931 5078
8101 144
7352 3766
3831 8951
8973 3364
168 3001
2804 4048
7913 9291
8028 6918
1360 6473
1502 4485
1439 8780
1801 7191
5796 4236
1224 2707
649 6714
968 240
6986 7534
6086 6603
8304 8898
8837 4968
6433 2063
5366 9693
6142 8223
4143 743
3880 1871
3085 9581
2355 7223
776 8766
7661 9507
1258 4400
2309 9582
4420 8236
7693 6844
8006 4231
6921 6603
4890 8238
3631 4174
999 1005
4618 7181
9274 9450
3485 6938
9812 9687
4042 2784
9286 8680
8317 6950
7563 1181
8412 6605
9174 6819
5232 7469
9349 9221
2958 89
2043 927
9758 9050
6796 9318
232 8518
602 132
7545 4352
6333 7608
8744 9165
8466 3893
140 2233
9231 288
6038 1296
9198 4272
7732 8508
6800 118
1217 9168
6795 8818
2076 1449
6524 6669
7732 8029
2593 999
4005 7517
9435 7064
7160 6261
6652 6222
9161 8462
9541 1196
7741 9013
724 6110
2006 4499
5706 8132
9874 7752
9387 6081
9436 6973
4712 579
6932 3101
6307 7168
4139 1286
2142 7821
7456 6501
9241 7602
7875 2144
8467 8732
5224 9379
1371 3596
4852 9126
2491 3560
367 1857
4139 2693
4472 1455
7603 1251
8065 3315
6103 2298
1185 9645
907 7287
8235 836
2594 3427
8882 8502
2037 7550
8466 8757
7022 7308
116 9347
2701 4189
1621 6234
1272 2665
3011 4817
7030 9015
4954 8982
4452 3259
6873 4373
5975 1468
5411 249
6966 2342
9400 8922
5162 1027
8422 528
6816 9650
334 9776
239 3563
3727 3677
3706 1240
2155 9190
1034 9795
1543 7345
2534 7135
9567 2257
1280 6390
3334 5526
5962 4101
5100 772
6941 7673
1289 815
4277 5809
715 4355
379 7902
9820 8362
8255 9751
3908 6778
708 6015
9152 2250
7169 6709
6449 3081
6844 4877
6074 1983
9946 1582
4745 1938
5034 4918
804 9379
1411 752
5740 253
1113 1448
8085 7196
1361 7998
4023 2548
9121 1337
5031 5216
4363 9273
2106 6713
408 7026
6685 2387
2106 2728
8189 1098
2852 7043
6674 7924
9037 6845
7130 3205
6421 3163
497 6562
5159 889
8876 5302
7926 7167
8228 8606
4616 381
9211 5011
6866 5654
2573 6738
1002 9323
511 1814
6627 8661
7560 8326
6790 7097
516 2809
3681 8720
5459 4217
6567 2045
962 4662
7132 6308
7446 9542
9546 6070
3442 9512
5366 3070
3288 9563
9369 7488
3969 7611
6466 6139
9364 3411
8982 7959
948 7307
685 64
7327 6342
8878 1845
541 1588
9512 8553
8795 8554
5357 9919
9099 8407
7409 7074
2212 8157
5358 7169
3939 2348
3642 9568
7288 7426
5625 8513
9773 3685
5239 1871
8234 3110
2971 4944
5705 7247
1601 6841
5209 3074
4609 3587
2856 7468
7120 8477
3404 2592
6782 9885
6529 7362
4523 6083
3034 376
1582 1481
7210 6874
8181 4548
8957 6108
6717 3381
380 6382
4462 1917
3465 8803
4365 786
7166 9991
2023 4473
8576 1526
9080 9808
9466 9629
6246 6530
3169 2644
9567 2282
8863 3347
6848 7473
6663 6685
398 1990
9951 8430
9538 6393
9706 180
5012 158
1364 1501
9669 9937
9284 6574
505 188
8201 2969
7727 8695
5777 5942
1934 761
6085 7634
5814 977
8648 8820
3046 8330
2896 1496
8051 9364
6329 6223
9706 9949
2649 1230
8958 8372
7619 5982
7970 3041
9957 8314
3566 4599
538 7837
4675 9337
2765 8826
8385 5251
772 8660
1560 8426
325 7032
8168 8579
9081 9712
6604 6335
124 4105
6459 9525
8455 8608
3069 4959
1514 1414
9777 5171
6022 1643
9475 8984
7838 4932
6900 8175
4770 9829
5385 1982
6772 8800
6217 5572
4930 6527
9873 3394
7464 9236
9175 1110
9658 4421
1611 7894
3013 7752
22 165
4315 7143
3387 4909
3729 6464
3046 3427
5554 861
5023 2206
9477 9068
2845 5988
5340 2932
8768 2631
1129 1633
5733 2190
7867 6373
5219 7388
5341 8242
8461 3145
2707 956
3119 1505
302 9565
6301 6510
2519 53
3634 5501
7933 9730
4820 3895
3031 9664
7410 7059
491 8896
3151 9668
6628 8875
4870 4838
4679 5814
2345 1741
556 2955
8492 920
4207 1430
4373 8060
6866 5359
5961 3548
8808 3266
6179 2527
2404 4937
8499 5084
1650 6377
3610 7353
5228 2669
4094 3471
7155 8751
9303 3392
9085 6616
6231 9172
8288 6897
8291 7505
5193 3049
982 3751
9094 9106
906 8013
3095 3485
1160 8676
6571 582
135 4586
9515 7423
9171 8976
2830 2558
9965 9946
62 5925
5709 4574
7298 9864
5065 3630
277 3096
776 831
5786 1735
2714 6693
8006 1862
9884 7925
8796 498
2195 1401
3880 172
7128 4717
6100 6
8760 5675
9849 8495
6207 3494
4614 5762
6760 2386
3969 4832
4875 748
5020 5571
8155 9348
3914 3703
8725 8098
7523 8564
6164 2076
1889 4952
7894 6567
4098 9637
7534 9910
4208 231
5841 9833
2275 2400
2986 7319
8062 6530
400 3686
3407 9832
1372 5818
9861 7870
993 9229
8287 5456
4955 8813
389 3618
5006 255
3231 4914
8117 8925
3261 5172
2441 4468
8260 8550
8265 2446
1408 9053
8664 2096
3783 8085
2457 81
9780 6722
5236 2742
6974 9974
9377 3105
9333 7026
4141 5323
9229 5736
2299 1028
8421 8262
5898 8960
8393 5350
6632 3549
9101 6455
7332 5367
8352 2241
1770 6625
5330 3353
6929 3687
4647 4841
6476 7691
2699 3979
6724 4734
5500 8778
7418 9148
1893 3455
7111 3355
6200 73
9394 4268
1257 2087
7752 7616
2388 2104
8992 9025
6461 3408
9217 7893
9469 8037
8876 8693
1069 624
2381 8884
4652 5740
94 1426
605 9282
491 678
4496 745
5378 5561
9611 8676
8719 7882
6898 7913
6510 381
8439 7399
3912 6832
7837 1352
2461 4717
7934 4915
6128 8717
7918 3399
6283 9182
161 1010
4472 2673
9477 8625
6478 5368
1742 7164
9046 8917
6948 8312
8012 5776
2136 2854
1548 2667
3384 6500
9754 4290
2764 9919
6606 8227
8805 7629
1640 9577
1949 8649
2803 6855
7394 8192
5447 4641
3365 8478
8525 7166
4645 3943
2218 5215
9043 2522
9023 8993
5130 3919
851 2799
6262 4030
8534 6355
7443 7360
5577 9096
7890 5655
7441 9821
6144 7382
5789 8029
8988 6714
8614 9565
8693 7875
8905 3560
7548 8580
3428 4524
2664 4094
8999 4730
331 2313
9895 3683
2818 2712
7292 8264
6612 8224
3511 17
2077 2172
7516 3602
9854 6543
6057 7060
4658 5195
6678 8101
4095 7493
8149 7531
269 5626
3562 4383
8957 1945
7062 8614
8378 6560
8756 4644
5207 9484
7644 8179
4131 8895
7084 7776
9857 922
1869 4662
657 2773
1675 4513
6125 9627
461 902
5170 5749
4035 5418
6951 7036
7618 2576
8677 2199
3170 2750
9823 9149
8694 2519
7106 3725
3125 5502
8851 6296
6378 9764
7837 2115
8137 7487
3457 2830
7431 2702
5678 9783
7205 3079
6666 9072
8614 8187
7807 7391
7161 990
8460 3401
6913 9790
7491 7441
4510 1419
822 3511
2393 1138
4603 6774
6351 9620
6295 9709
6938 7492
1236 1334
7053 1143
3882 2054
9028 6914
5750 6737
3337 7736
7403 227
3516 9654
1565 8081
8780 1137
1344 2568
754 9526
5659 3719
6439 2458
4518 419
4449 6845
2682 4538
9346 334
9512 7468
1158 8878
5589 6222
4907 1670
836 815
9607 7387
1679 8589
4017 7902
5758 4152
4318 3827
5211 7017
4278 7182
5365 1533
7729 8483
7928 9033
4700 1503
7344 8372
3309 2956
9120 6299
1071 3039
5822 2262
7001 4415
901 5458
6240 8599
8940 8713
8495 6074
5245 3238
8748 6389
8272 3242
7194 7453
7267 5008
6330 6242
3744 5590
3419 7431
5313 4020
7569 1704
1856 2649
4822 8324
4287 2067
8856 2300
4139 9977
6019 7010
8424 7431
9844 5229
9869 4018
8107 5750
9420 6794
7010 795
9313 8058
116 6184
2214 4737
9059 6962
5103 6061
3662 7330
1751 8054
6645 2888
7211 1413
6597 7586
2020 5088
6641 7272
2404 3354
1901 2758
9285 8683
4894 5611
8554 8818
3509 3194
3209 308
8825 8922
6186 1354
6764 8268
9502 8777
5371 1402
7921 6640
5293 9444
1941 8698
6933 6699
8118 9213
9035 313
4833 1344
8998 7170
5910 3351
1383 1189
8022 6068
5614 369
8064 8091
8233 9272
2260 4242
7014 4073
3884 6848
6542 3763
7788 4760
6047 6732
8242 5054
4939 5270
4759 6978
6065 2460
3883 1626
802 3358
6335 8936
7420 3236
6931 5477
2512 4192
5176 5730
6852 4386
9019 8547
5109 280
3346 267
3409 7553
3743 3905
5511 232
1704 5869
4175 9776
2395 9563
8465 6564
7987 7041
4044 4063
4353 1311
3375 9648
9656 8099
7408 7312
785 6592
4006 5668
885 919
3344 4079
6056 9984
9765 1523
1746 3365
5329 3140
9044 5714
6336 8937
7236 59
9733 8146
2475 4106
4988 4706
7248 6260
8319 7189
1376 342
414 874
2989 5277
6690 6568
5248 2124
1061 962
1635 5319
3711 9904
8169 4973
5128 8462
5919 9277
2056 7254
8609 3912
4162 9072
6100 6896
6002 7845
8357 5107
9612 1792
9104 8330
1029 950
8393 6716
8636 9960
9887 9749
6336 8547
9604 8476
525 9545
3024 6465
9532 1267
9341 8517
8176 1197
9361 5640
9551 7398
1646 3886
3470 7002
7655 7569
5143 5513
9659 6490
7967 240
1861 357
7312 3663
6972 8870
4471 6745
8134 4669
8251 2285
6891 1621
9115 4302
3829 4178
3029 6707
8020 3656
1928 7308
1985 2248
6153 7287
2721 8676
9522 7156
3381 7769
280 3616
8517 7149
255 9775
7666 1497
3181 2873
7845 8344
9442 7570
1864 7987
8182 7992
7927 4876
1807 4967
1280 4258
5563 6454
4776 3116
6532 7048
6609 8468
5956 1306
6289 3921
9605 3656
2888 1706
8068 5325
628 4178
1566 121
3667 120
3445 1406
940 8885
9993 5911
9602 7573
7474 7694
1960 8171
4895 5967
814 1377
8463 7019
4751 9080
4870 3714
505 9503
2503 231
4439 3576
8917 8742
1278 4848
5445 2252
6432 9947
1862 1525
2242 7889
9596 7556
4496 8450
6000 7703
8210 8335
8710 6258
4021 1765
9605 7230
7117 8430
1428 3406
1706 2488
2165 1844
4550 9363
8810 7108
9397 7667
6440 9309
5337 2519
7656 6809
6029 1539
7071 3372
1563 9004
9623 5264
1983 136
1097 3458
8307 9519
862 5646
6235 6413
5310 8488
1804 8403
7677 8393
9198 2175
5420 7210
512 1294
307 7759
730 443
8493 4540
821 4607
9632 8192
1836 968
987 786
9103 301
6276 8615
8120 9917
6791 2218
7810 1371
6260 7106
502 5615
8299 140
3986 4067
118 7514
2858 1904
6248 6431
6474 4327
5614 704
2685 3508
5249 6150
9521 8496
5910 2758
8286 8494
9271 9880
7211 7111
6927 7960
6337 9363
8616 4415
8548 1650
693 5017
1642 7691
7664 7899
9296 6925
6816 6025
8146 8178
5989 2922
1073 1077
3658 6986
9456 8504
476 3207
5396 6731
6214 9267
5141 3078
1391 6597
432 8649
5168 69
3066 3219
1021 1389
2675 10
7154 219
6731 2306
253 7558
3885 9797
5698 5857
7436 7064
7907 1099
1331 9494
5324 3886
7102 7368
9045 7028
3579 6826
6390 3542
923 2772
3933 9910
7304 6046
2038 5834
8936 920
3767 3664
8748 6304
6169 3936
7569 6103
3036 5907
2704 2967
7232 65
8548 8494
3076 5463
9137 7091
5308 3149
7259 7812
4522 6987
2515 2446
3520 27
6120 8007
8925 9900
8034 7429
2223 5047
7256 6863
775 935
5259 1991
7551 7340
4678 2478
5085 4092
793 3426
1495 1722
6916 5041
9280 9645
7238 7642
8594 6968
1487 5542
3598 7781
5864 2922
4999 5873
7999 3782
7912 8389
2740 1420
7648 6993
9806 543
1060 1886
4134 1353
9255 5645
1104 7098
9498 6360
8137 6854
2889 6619
6745 3907
9584 7929
3966 5288
6846 3703
1056 5910
7654 7615
843 3938
4577 1727
9202 3150
7208 7083
5324 7912
9809 24
1890 4914
9567 9692
3623 224
2816 816
5012 8948
6674 335
7586 3815
3149 3392
9985 6108
945 7780
9801 6147
8710 5186
4096 9359
5141 9144
5624 9433
9479 5246
7616 6807
639 1100
7561 7912
479 2281
8724 7880
8320 6346
9878 4570
6414 7395
254 7822
8996 4451
2384 6928
2155 9174
6654 9270
7834 7238
4184 548
9313 3615
9432 2222
9873 1298
8433 4743
3106 7334
7147 7506
3694 3767
5859 4003
6872 7167
8337 5929
6131 8271
2595 5345
8598 9024
6284 213
6760 7006
9252 1452
5532 6893
7882 394
2839 1767
4617 3625
8211 2434
9519 366
3392 3315
6056 2588
6732 7230
869 9416
8646 8293
639 7341
1543 8581
8997 7578
8424 2483
6425 6924
3917 2035
4493 543
6139 1365
5690 4460
6259 8755
2438 7163
9856 3605
7832 2719
8023 9467
2248 7546
4516 1919
4670 5494
8771 8359
2739 504
5787 6805
3405 7441
3562 6742
2402 4311
1621 8692
7802 9449
8790 6577
6937 7976
2897 8025
1864 9050
3791 3140
4654 8415
5156 5168
1715 3771
5952 5898
5972 8281
7132 8269
7761 8596
9034 6155
481 2316
5803 12
1935 3468
5868 366
804 9624
9939 9260
334 4907
953 902
7157 9570
3828 6209
8538 6337
5136 5091
9747 4039
5327 7564
6234 3659
9294 9033
9147 8029
7091 6656
8318 5182
1316 4482
7278 6190
3184 9697
667 3371
5588 2540
5726 1455
2680 5709
7398 6235
7107 1944
1721 6975
1103 9735
4253 8599
9612 1219
8557 3551
6112 5316
7056 9374
7759 9058
696 6099
5352 5280
9994 2844
4082 9733
6358 1764
1672 1299
9406 6379
3259 9874
4503 229
6889 9602
7365 9929
8971 1804
6711 6249
8427 8461
7991 7749
9911 7375
382 5753
9116 7518
1082 1639
5345 4233
9912 7075
6705 5643
9032 3496
4724 2502
7069 6352
9346 4804
8624 9672
7009 8616
5057 5460
501 8383
8417 5891
6813 4910
2585 2229
6452 7816
1199 243
9886 9789
8190 8385
9879 4247
5501 5379
9128 110
9129 7001
8582 9624
6879 7335
8663 9012
2334 6955
7288 6095
9305 6249
5632 7673
4047 8731
9853 9365
340 7704
1037 9212
9152 7077
4201 8366
7151 7070
989 3923
1914 3589
8957 3279
6602 6297
7219 579
1971 6653
339 1907
9510 7101
8025 8331
698 9828
9935 1286
2211 9948
6123 6575
8683 8995
35 6748
8559 3432
458 2003
8577 8419
1274 9327
7664 6462
6535 7736
7576 1708
4718 38
4462 1028
7964 9823
7619 7551
3733 3843
7340 8387
8660 3935
3004 8252
1792 7509
553 5565
9501 8700
2366 761
5083 4613
6761 4325
8364 8478
9218 2829
8107 5745
627 9540
8453 7157
7180 8332
1839 877
7216 242
7439 712
7662 7085
9450 7614
4565 3918
6977 6979
8019 9265
6812 3075
6433 9664
7903 9464
1077 108
2531 6731
5084 8031
4921 6050
1288 7789
1630 5080
7585 9690
2360 6150
7665 121
8363 7181
5797 5320
2817 5097
2978 8106
7057 8303
317 7367
4582 7838
2918 5603
9954 6580
9191 2791
4046 5940
8723 9471
7161 863
2235 2125
834 4664
2664 7978
2603 3162
6561 9840
4350 278
7683 4554
5133 1686
5593 8716
5226 4330
9704 5181
8729 5276
4453 9364
9244 2307
1474 4127
2273 9239
858 7776
5894 9826
8276 2527
656 920
3833 1171
476 1734
3833 2798
7875 3596
6553 9808
8713 9721
7660 7077
3714 3021
6969 8364
1257 368
9620 888
4753 6019
7394 1547
3287 9944
2218 844
436 468
2782 9125
1329 4136
2993 961
3305 5246
1336 1381
9161 4550
7956 7942
350 9872
452 3482
9595 5249
2843 5774
3487 9072
6933 9278
6388 5537
3128 9953
8532 8156
329 4072
2797 5791
1201 2028
6025 7466
4269 5732
3291 6817
3875 6090
9023 6613
2947 8419
8328 9696
7446 7205
4372 4378
8345 3796
3376 5264
3939 2889
6133 3262
8361 2894
2057 4002
7855 4883
8590 53
1869 5698
1170 5618
4454 6482
8625 7187
7354 6770
1952 5563
5132 3536
6230 1106
9206 6297
4079 4123
1100 9776
151 5646
3919 1223
6956 9767
7455 290
9468 7326
4482 6750
9501 2752
57 7636
2685 7148
715 9996
9657 4127
6313 2043
3107 2995
1591 5214
4117 7382
5112 837
8491 71
9764 5024
6636 4143
3248 1533
8834 8730
3239 2992
9082 655
9393 37
2872 7162
1953 7648
1196 4583
889 1903
9306 5420
2100 1616
67 3412
9480 2140
943 4401
6126 9880
5685 5790
179 7898
7078 1770
6031 9303
5121 3594
6030 4043
2766 3019
668 4384
1271 4355
343 9920
8973 378
6477 2966
6378 9900
7374 9708
1892 3649
1515 3798
9240 6063
7951 7081
7688 9838
1036 378
1434 3407
4056 3692
2748 2243
4113 6675
8902 6904
2743 373
7484 8961
4621 946
9881 8567
5057 3014
4272 4468
8754 4972
9883 1370
719 1163
2753 3797
8259 7398
5369 2003
767 103
2745 9683
2080 7458
5267 298
7673 5355
7084 6837
6597 9288
7277 6415
3829 4514
5141 6110
246 6279
4 6419
179 5126
9236 6308
7043 9179
6344 7824
6934 9412
3976 482
5059 4702
9051 429
4104 8756
5703 8416
6162 3402
1675 9928
6376 7669
6269 3551
2920 9971
4982 5850
8233 174
6526 6049
7573 7592
5345 2528
1518 3406
8532 7245
4109 2691
8921 9677
9160 9802
7764 7829
1094 1077
4462 3513
7435 926
6070 7762
3529 7645
9354 6321
5700 6354
9799 9644
7698 2811
5887 3046
9754 8590
6735 8280
8708 8909
446 4768
2249 2890
9362 9989
2394 1339
3724 3042
464 1352
8302 9503
4220 8602
9020 5301
2939 7716
7689 9974
4655 6317
9425 4184
8762 7366
7244 4259
7285 6069
8367 9280
9570 727
38 5477
4837 2627
8546 1174
6048 9937
7261 9766
7034 9016
8041 945
4095 3585
5214 9795
7643 7956
6356 8322
4301 6098
3309 9065
1225 367
216 7031
3634 4055
7181 8952
6912 9257
8782 1339
7035 3115
6482 1874
2345 3844
1977 3784
7508 9525
2203 323
1683 5913
6772 9484
3467 351
5833 7247
5718 7299
7734 4548
4747 9576
3262 9005
5238 9952
5095 2107
7949 2870
5453 4130
449 9298
8053 6314
2189 5745
7456 9988
6791 8711
6276 8121
9472 3138
7335 8270
1132 9955
1195 252
7137 6923
8200 2952
8530 7427
829 9891
6638 6606
9312 8318
5428 7499
6697 6059
7230 7309
6571 469
5473 6661
8843 8321
1389 5594
6645 6947
411 3860
5215 9100
938 2680
9569 7630
4936 4935
5528 7889
5312 6031
8239 7394
9728 985
5082 9031
9373 632
9848 8840
4139 1172
1401 6230
6378 4593
5419 2432
6903 3623
9255 9732
216 903
8035 9122
4071 4598
8100 1327
9404 9326
8408 5460
8468 3727
6397 1408
53 5629
230 6637
8472 8063
8964 7600
3576 8647
7438 7462
6491 6033
7537 9984
898 3399
9682 711
5812 4189
5853 6299
2061 9930
6525 9524
3626 7070
3469 5786
6225 922
9179 6341
4505 9763
7801 7136
3002 3319
2413 44
6944 2737
3187 5288
5061 7532
3597 8816
8687 6354
5231 894
1854 398
2173 1769
9221 1609
9698 1811
2540 4313
7006 4226
8915 4506
1454 5791
5139 7893
2209 4900
2632 5287
7360 6843
6918 8853
8028 8072
9437 9738
8798 286
9710 6591
1092 2867
7925 7523
7978 7717
9520 7101
7311 9454
325 861
8914 653
5459 5673
5641 9222
8405 9070
1148 3675
2750 1898
8527 9216
1695 1399
8693 4350
485 8790
7815 7003
7036 6177
9739 8052
9131 9202
3877 4817
8821 9649
3613 8380
1329 5840
7088 9767
9647 6616
5460 358
6436 4644
1936 7116
1882 4004
3016 6084
8279 8430
7209 4579
3845 8244
7258 8034
6360 2650
4212 3843
6406 7805
6391 4851
4941 4774
7273 7783
3622 3658
8442 5021
4610 8547
7827 5328
7459 8121
9597 6170
7736 6309
7757 4560
9437 7043
4789 6457
8914 7046
4752 93
4583 2011
5584 197
6888 7954
7279 9841
171 1016
5977 914
7192 3865
7611 2785
1955 8084
8461 6878
8481 7042
9474 5671
1233 146
3891 544
5027 3869
3687 2955
7128 9067
7071 4817
6521 2262
6281 8932
3438 6338
547 9271
5817 4843
3594 9847
4828 7640
4405 7644
4551 4598
1868 6337
9675 9372
571 9597
8367 861
9709 7720
7573 9732
4535 6148
5602 7220
9686 8380
8145 8072
660 3204
5668 4424
7470 9192
40 5292
5658 8236
6550 7710
6208 9335
3638 836
7896 7540
6863 6837
2073 9001
9580 8081
3684 3666
9718 7493
6440 2350
3223 2525
5308 958
8484 8909
3664 9750
155 3917
6496 2020
2887 3954
1817 2918
898 5675
7072 9223
769 4617
8586 9969
1405 4155
6921 8466
2967 540
16 6415
6150 2551
8959 6909
9473 818
6239 4643
1667 9371
5935 1458
4476 440
5766 8194
3185 9205
6933 5714
890 346
4612 9159
2187 2477
9785 8321
599 6609
6526 2484
1844 9692
3569 5640
5548 9339
9951 9091
7404 6332
7219 6152
7843 8693
8676 8888
8649 5923
8204 3543
947 5798
6935 2762
6196 8604
537 5149
3571 3741
8750 1007
7775 5546
7427 3584
8143 4333
5004 6925
3410 64
5316 3226
7701 7474
7936 9126
8472 8840
5305 4155
4089 5860
163 8780
9381 5136
7177 2514
7837 7906
179 8631
9136 9387
2780 3664
4075 6571
5499 2399
3161 1603
5069 1660
9742 9742
4964 1698
6555 9470
9876 8259
6083 5021
2973 2829
8616 7142
323 7701
9759 6493
1277 7845
475 8357
5366 6666
829 711
8325 9687
7815 1745
2604 648
7371 6818
2382 3297
4413 1358
9499 9051
3460 1966
1912 7545
8314 9689
9433 705
9116 6341
6834 6592
104 1011
7504 7229
1653 6949
2010 2957
6284 8743
9458 7674
7420 3036
9250 4003
7041 8427
7267 4106
1465 2320
1704 7092
9339 6496
1174 1487
7032 9513
9170 7712
1085 6581
6994 2097
4117 2042
6206 7443
9720 4544
3045 9079
6356 9521
7164 6682
6439 6515
849 9871
7290 6984
9179 2490
6357 9101
4954 4462
1457 2456
8175 9918
7623 4382
752 3477
170 5943
7889 8035
6564 8669
2473 7072
1635 5474
8113 8048
7359 2893
5507 3278
4733 9178
9842 6713
7946 9205
8068 8412
1040 8677
6024 7837
5381 4550
9270 9295
5382 8844
1266 8360
2518 8872
5094 2295
1927 7129
8988 1600
4751 7577
3926 8554
9151 6557
8329 8343
6655 6958
3313 7527
5232 9580
6697 7397
1908 822
4536 819
7822 8627
301 6671
9060 9628
7537 1713
7739 6574
664 331
7030 9865
27 3065
8291 891
4007 5306
1493 5507
3907 1451
4550 4548
5665 605
8485 6196
9739 1713
6271 6608
7174 9335
260 540
6997 9569
9123 6263
8384 7139
312 1849
4152 9959
1059 3861
1535 3726
4119 5656
7917 2044
117 5999
609 8182
772 1829
6878 7731
9917 415
8775 4452
1139 3309
1204 5695
5062 6061
4405 8541
8411 3746
9528 1467
9358 8674
3923 3331
7355 8361
1437 8093
8334 8904
537 5460
1183 148
7844 4023
1843 1870
525 5941
77 1
4453 284
8453 9463
4307 7767
2424 3481
545 18
9367 8273
7294 7953
5007 1337
5263 513
8971 2485
7562 8458
7925 7582
9271 4053
5777 9783
6212 7398
3460 348
7727 5489
1501 7007
6416 7982
5522 3660
366 892
6377 8072
1708 5505
2222 7072
6274 463
1915 7167
401 218
6357 1833
4745 5080
9995 9977
5356 5075
5911 6481
7791 1072
649 8746
1751 1026
5698 7004
1528 1383
9287 4724
1807 1690
4097 9765
350 2355
2597 3036
7679 1887
2106 2483
6634 6527
6365 8608
4577 9580
6180 4056
2649 8520
6922 8887
9196 6304
5438 1605
4170 8754
8561 7545
8871 5284
9140 1187
7479 7785
3079 6646
7570 6085
3826 9476
9455 9194
7296 9071
8417 417
7993 8457
9792 6301
8850 6254
7764 7997
3491 8685
603 9047
9214 8452
1276 3456
4388 5896
1695 818
3137 2814
9578 2449
8979 4441
6399 9210
8989 7609
9030 8633
2075 2961
4421 4051
7421 5938
6029 9911
2540 6116
7306 4904
2023 2946
2556 4016
4561 5459
5213 414
8438 4134
2899 7665
6983 8535
2245 2636
6334 2402
6186 2435
7128 9583
6268 9357
4926 2802
7971 920
1672 6437
5651 481
7025 3885
3599 9677
4639 3012
2476 6368
5132 8598
2719 1593
9039 9378
1618 5536
7897 6833
6154 867
6591 97
3695 7131
3013 416
7521 5822
3866 1440
5253 3944
9105 7856
6038 8481
1418 9958
9844 5238
6449 6549
3975 6968
2639 4305
848 8888
7845 5326
9371 3420
697 7413
5883 7242
9013 2705
8707 8767
8186 7919
6299 769
431 3923
2300 1462
7114 2694
9734 8016
7251 9683
2158 8154
3521 9454
7697 7419
8040 4209
8005 4905
478 6460
7761 9660
9956 9457
6150 951
7661 6995
9348 7940
9971 2971
5609 6699
1314 4386
1700 5512
9011 1675
8543 1535
1178 1152
1091 1140
1241 759
3923 6450
6024 5109
9133 5084
7722 7732
566 1326
4350 8991
590 1171
9167 7504
6862 7847
7846 8900
6727 8790
2930 3592
760 7992
9695 9544
1415 8170
4736 1846
1913 1844
8487 9974
7195 3615
4847 5178
1556 6684
4605 6014
1364 7915
256 743
6255 6110
8423 8259
8392 810
5838 203
3323 2121
2556 6795
1371 1102
9354 7956
3977 5931
701 5290
9523 7316
8617 8370
4734 5769
6044 8039
2176 4614
2068 8063
7026 9889
5066 2208
7322 8316
5120 169
5583 9687
8677 1901
4226 4459
8516 1842
9728 8469
4459 6031
2061 7758
6783 4954
8316 9096
1998 7874
4393 4758
8355 5489
2944 4733
8862 6695
104 1442
3557 7604
8600 8961
3328 621
2114 157
8627 6005
6100 6857
6777 358
2777 1842
344 2721
8270 8290
837 3017
9883 8721
7257 2535
6808 9748
8342 4839
8043 682
8106 6682
3499 6765
8260 3829
8199 4429
9998 3159
3252 9135
7726 1689
6412 2367
1170 5393
9489 2202
4637 1046
6144 6417
4550 4999
7262 8945
1044 4389
4353 6533
1565 6623
7571 5208
6405 4174
9347 1280
3618 6676
7347 1957
4259 5106
9535 7619
8834 561
6006 1125
5620 4341
1763 5097
9169 6958
2062 9208
1861 7503
9486 2032
9124 8825
6721 6677
8185 2345
1987 6029
825 8096
1501 4359
8178 9383
3503 3459
7376 2376
5695 9056
6190 6440
5158 1283
3677 8920
8319 9081
8165 3167
776 3667
5065 1018
2077 2890
2862 4890
5876 6782
4811 1669
8743 9878
2051 4834
4285 8697
3671 5071
9061 9456
2586 6557
419 4585
2087 5749
2211 8891
6921 3435
1790 3243
7170 7449
8099 9446
6669 8249
439 5018
2939 8718
708 5632
5610 8804
806 7182
9335 7196
702 9874
6290 8636
7132 7944
8994 6844
7285 8581
7303 2721
3116 1959
1727 2028
7817 96
5934 7823
9968 1714
6590 2531
9697 7072
9761 9068
3000 6939
911 3971
6246 7534
3795 8791
6657 5902
9069 9603
4811 6096
1587 2137
8851 8017
7609 9021
4365 9692
3160 3092
985 9373
2624 3454
26 5696
9577 9257
6221 7360
4721 6971
3371 8990
4083 6262
8495 9782
7970 8408
5649 8727
282 3592
3242 517
9148 4976
7873 9986
9795 7257
1957 8039
6114 9372
8598 4447
7199 9692
6000 1015
2719 9226
5739 3490
7371 3490
5445 470
5698 4992
9849 8445
4468 5342
9947 3254
6200 9120
2754 8463
5637 4201
6743 8862
1953 3038
7402 8073
3006 6413
4625 1929
1915 7484
2425 688
9805 7538
6219 8877
1230 5436
6624 6977
2802 5318
7481 9297
7332 8631
5631 5462
7913 7156
288 4606
8865 175
7199 1365
5279 1121
1206 8931
7594 2909
4845 2257
1247 309
8349 1613
2783 2010
2167 9488
7892 7842
9713 8274
454 1767
556 1405
502 5721
2572 601
9243 3952
208 909
6817 2276
9466 1037
2006 212
2540 2045
133 9795
4486 7382
8795 7166
9724 9870
1654 5164
8803 4746
8937 114
3298 2209
9833 5919
220 5977
7855 3978
810 6437
6070 9356
3315 7728
25 5250
3612 6818
6575 9592
7590 7649
2512 6682
6653 9457
3297 7001
751 7462
6870 6892
8074 1980
9256 8158
9009 393
3218 8615
6825 1711
4316 128
7259 6015
6095 950
9073 854
6215 9897
1000 3177
7855 6816
1064 6261
9515 6654
4671 3542
6028 1656
4616 9151
9737 3009
9221 4449
3231 5360
8738 9706
3133 284
666 8963
601 2029
482 6325
6076 1737
9811 1836
8271 8668
8968 699
6823 236
6195 3691
1922 8492
9992 5103
6668 1624
9768 631
6742 8865
772 3149
6728 8465
4002 5884
2650 4182
6462 1924
2916 1806
8691 7969
819 5519
8559 1407
7969 3639
2417 3221
8954 7715
9811 345
584 4232
8113 6701
4292 1278
7569 6528
4904 8948
8641 8169
4532 2773
9292 7475
6809 7094
1985 5688
8636 2416
4401 5052
4173 9485
456 5807
8451 7947
5436 3402
967 7457
9478 2227
9778 4190
6026 2527
8570 7109
6180 2353
1931 5317
2009 1517
6987 2844
9062 4527
3189 167
9575 7741
9487 2288
8309 4438
4262 3183
2916 3279
2661 9851
8956 6133
2318 125
8118 9844
4691 9920
9386 9972
437 4812
2754 4717
3622 5688
7235 742
9371 9174
459 1323
2348 3769
758 5639
2133 1580
8476 6619
470 7587
5427 9813
9058 2818
7963 4991
4959 4635
7785 4543
1914 1075
2054 8715
1536 1408
4476 1883
4253 3353
6040 7859
9278 7651
9463 7095
9057 4733
3297 4559
6314 9503
8516 6388
2007 3844
8809 6119
7581 7770
5967 3414
6730 4199
5088 2130
8549 4862
7406 8624
6542 9778
3011 3968
1044 2350
8899 403
4533 5575
414 2624
9707 4944
6801 1052
2717 758
773 7783
7876 1464
4591 9242
8210 1817
5880 2957
7861 2404
8235 6092
4527 9548
1041 9217
1283 1695
8720 7051
9310 5174
9175 3526
8660 9911
4236 5266
3824 9043
6615 791
6550 3526
3165 5852
9590 3871
5446 4628
8504 7270
388 4916
5769 4218
8209 7160
7810 4293
7574 7258
8348 4997
7060 3395
9506 8854
2182 5294
8173 6884
4497 5394
7562 4537
9129 3734
2269 9760
8189 1419
2895 121
3709 5863
5202 7005
8373 9863
2026 1974
5333 560
911 2852
64 6764
5179 4583
9070 540
8463 3937
8619 8190
1202 3639
4443 7003
8534 9469
4015 8232
3790 5634
6912 7830
310 4332
8351 6466
3121 5267
9495 1804
4743 4277
7641 3457
6960 2331
1719 3744
7602 3123
923 1833
6301 5115
9501 9967
8128 7074
7288 8550
6306 8853
5920 1841
4764 5121
9833 408
336 8756
2483 3273
3312 1777
343 1533
1167 692
9869 8794
1847 742
1771 9481
3442 1310
3799 2636
8274 8360
8833 2845
9895 8361
8516 4346
178 4068
1960 9684
6801 9777
8672 8347
1181 1548
4955 8587
3259 2292
4784 351
5196 2197
7167 8539
3786 4242
8836 8066
1497 5777
8228 5779
9317 4363
7419 2060
8853 17
7739 7145
6203 8026
466 8120
7132 2517
4639 667
185 7542
3773 392
3234 3776
1223 5700
8711 7538
6181 7550
1724 6815
7211 6325
2453 4852
4297 8981
1269 317
6339 7846
8737 5813
4562 3378
8503 8122
7670 3854
2737 6852
9931 5695
1992 7541
6042 714
8863 8601
6079 8250
8323 9487
5537 3015
3586 5721
9441 9763
6210 7401
1075 6334
8586 9242
8627 2439
8428 4402
9267 2484
359 4317
7549 7246
7411 6192
7691 8397
1726 1281
9130 6533
2684 3596
2702 1753
5089 6075
8764 7313
6606 7767
5057 1374
362 5326
7845 6797
9360 9482
3267 5983
3567 907
8370 8077
7432 8220
5387 3392
9274 6463
2675 107
8994 6693
5480 4455
3844 2187
2572 6967
9159 2770
1947 2496
1522 9683
2597 8179
6348 5601
1501 1998
8907 7401
8145 1484
3063 8538
4675 4617
4354 5754
7943 7743
785 3641
4765 2271
8700 4561
4860 4600
1861 5686
4682 4542
3416 5785
3419 5472
4235 634
2709 9543
2566 3449
3445 1258
1105 4866
6272 9359
7855 7219
8298 7574
7384 2839
7415 6925
7692 8012
7382 7694
8075 5942
1423 460
79 2450
6660 2699
2216 499
4977 7516
4577 3665
1606 5185
8352 7020
7667 7116
828 803
8778 9681
3287 6555
3078 341
2025 6944
3962 382
4479 2
5495 8854
6593 8959
2846 7076
1273 8279
9912 8108
6616 1925
6303 5540
8256 7530
9368 6988
5575 3508
613 4771
1807 3214
1493 2722
9311 9211
8311 2996
1390 896
9947 6350
9575 6630
8304 6254
9433 9206
4420 5475
2155 9043
2548 2202
6498 9420
2226 9723
5878 7280
4724 1871
1387 1176
432 1239
47 5124
6904 9740
1591 8761
8470 8045
4299 1620
2604 4926
6189 1727
6359 9862
4721 7111
8401 8233
5060 31
8379 704
6810 5091
8190 9989
7871 9344
6889 9982
4852 7917
272 8936
9955 7209
2266 871
2968 3622
7741 9613
4032 925
7796 7948
6489 3054
2267 2484
5885 6631
877 6096
8405 5541
1179 2466
4546 9294
9756 7022
3904 4720
6955 4073
4743 8330
9713 1456
7657 6556
7037 7689
7681 8717
1202 5580
6882 1364
9118 4761
7778 904
8959 5011
6882 7074
8282 7374
2295 6851
7171 9115
1231 5961
5164 4252
6267 9052
5360 7353
8319 571
5900 4000
9016 7463
7362 4263
9019 5646
8986 6860
8561 2282
8385 7704
7168 6091
1146 9455
1926 9155
872 8690
2255 9011
7830 3704
4445 5105
4258 8630
4007 9600
2778 8859
8219 4593
3517 259
6955 3064
9747 1085
1494 246
4922 3328
5682 7337
229 7081
7838 5841
5877 6371
1818 1980
6125 613
9570 6902
960 1735
8724 7371
371 7867
9189 324
6402 1255
4353 3193
5464 4308
6741 1753
460 6433
8558 8774
5823 4884
133 8887
9083 4250
4478 8628
1663 8013
6404 9444
4823 6270
2793 5021
8023 5079
2102 887
769 4474
8762 2431
7370 1976
3191 4860
1212 4565
1696 601
5781 1515
5611 3051
9261 3098
1740 161
6618 6106
3522 7605
7020 6261
3220 2960
2000 3914
897 4653
4767 570
7352 9655
6070 5878
8364 8995
573 8345
1941 8603
4054 6614
602 8546
4050 5397
4019 1636
8234 1448
3384 1170
4657 1469
2917 1625
1397 846
8650 6651
5896 7765
3822 3909
3393 813
6657 7593
8403 8831
4225 5288
4662 7686
9117 1055
3588 4936
7809 6366
3636 3795
4887 261
7173 9312
4841 5975
2984 9877
8618 7072
1321 4442
6986 4474
6758 6578
989 3281
7861 9755
6367 7814
9062 8830
5927 3581
3004 5103
9628 6105
307 5748
2307 9616
7405 4664
9454 5703
6670 6479
5521 9322
3611 4582
8146 2343
2752 8840
1953 2420
8950 2206
1321 2606
4900 1741
7534 6482
9324 6842
3473 8615
3675 9896
8550 9805
4360 958
3758 8742
8668 7734
7593 678
2218 8965
7465 1826
1380 9044
7398 9073
6605 1390
4478 2564
9524 1296
7712 9295
1947 7215
4394 6438
6545 7643
4849 7910
3737 8099
528 3289
5521 5390
4663 2966
6918 6431
393 5534
7199 3366
3244 1628
3929 4871
6154 3949
5250 2331
6896 9158
3900 4762
3276 7542
3063 9109
2894 9701
6186 1421
1658 7751
8808 3070
3973 4488
9188 2722
1487 5267
9084 8710
7041 7148
9658 8599
653 6331
4860 8792
6794 3433
6291 2058
4189 4128
4479 3597
5827 8192
586 2610
7558 6598
7090 7689
1266 6011
1662 7369
9879 2812
6408 9118
5825 3171
8769 1704
1326 1475
7571 6008
7385 643
1766 276
7099 7035
3115 8671
5327 5295
1506 7741
5127 6236
7205 4588
7184 6084
7933 6651
9193 1310
8812 4158
8483 9967
2192 8625
1461 6655
9351 7272
84 8226
7915 7607
7646 7491
145 7302
7062 1037
948 5067
3406 9224
7972 3553
8389 9617
7461 5163
1376 6106
123 285
202 8349
7846 448
7756 8543
8714 1410
9583 231
2508 6797
8900 6821
4684 3026
6898 9979
8808 2117
2925 8786
7644 3688
5760 8794
6899 5842
166 8356
1573 872
5928 9548
1382 5203
3137 6651
3898 7743
2667 4766
7193 8836
3534 5073
211 4009
6836 7466
4984 5757
2228 7649
4733 5740
808 8413
4729 6551
2211 4108
2751 5884
8187 7970
7817 7671
6830 7256
6235 4944
8036 8446
4989 7012
8431 9206
8321 6542
8006 3066
9646 7301
466 1412
9062 2494
2744 3141
5997 443
9770 5763
6800 8919
2748 543
2160 7827
6519 7359
2533 3717
6748 8368
3154 4537
4971 4601
718 7072
1141 3076
3075 7789
5064 5763
8162 9126
1413 3398
6128 4996
3875 2373
3077 9958
5692 7076
6868 2687
6291 1847
4352 9623
329 7935
7477 9269
4259 3258
9925 5085
3466 9000
3400 3993
3724 8656
5920 3644
8958 6936
6918 6168
1647 6913
3500 6953
544 6185
8356 8901
5450 9906
4181 2236
5795 2639
296 3324
6753 2098
392 1697
5054 5731
7086 8819
6879 5411
7081 1953
9721 6515
6240 4102
611 3794
6165 7567
3527 412
8133 2659
9915 6204
6328 2607
7757 9006
6317 5633
9365 7809
8115 3568
3386 6140
3926 9624
6658 6430
9582 1175
8486 2801
6510 8199
7018 7084
8845 9177
3588 3336
9263 3062
6128 6939
8404 6517
1077 9018
4577 4621
3586 717
7578 6010
9994 7373
9847 9344
4349 8604
9609 8611
4732 2341
2449 9573
6143 5337
3377 8175
6872 5966
9110 5561
8568 1086
4427 9370
3854 7184
6230 2347
2098 2850
6534 8514
4156 1165
2482 8462
7734 2611
8713 9121
9479 8862
9065 4059
6278 2485
8355 7834
5394 4102
8714 4043
2431 7511
4269 4450
9479 2840
9949 9197
9143 689
8007 4847
2019 9273
7399 4175
7593 1552
9742 7346
9002 9432
6343 6997
8692 8914
9030 7223
8748 9066
2172 5016
38 6483
4705 856
6159 7735
1118 5022
7641 4289
7048 7656
9451 7819
8908 1082
9988 4687
5433 3306
6936 127
1639 3319
8866 7435
9891 9069
9385 175
4061 1821
7597 626
6914 5581
7002 9222
311 7060
6425 2319
5039 1966
5122 9761
4977 2188
295 9247
3184 536
3516 6291
4848 8210
7496 39
2480 3021
7880 6316
1058 4580
7721 7923
7266 9290
5922 2624
9600 6720
2714 3826
2591 4202
1857 5572
9802 815
5025 670
8958 8502
4838 9673
9388 8032
8111 2844
1292 8461
8232 9740
9691 4611
3222 3405
9420 4779
9026 8356
4712 7259
1066 8993
9458 7260
69 8306
1901 4660
2553 8264
147 768
2134 274
2484 9101
1958 9776
7935 9009
1713 7017
9110 1465
781 9322
1962 3071
442 4590
8392 4536
7454 4040
3340 3079
4786 7503
3012 3194
5500 6770
8039 4934
2570 8617
3525 7629
5913 8372
8950 9974
8714 1703
5263 8632
4591 2320
3943 3966
8501 3258
7946 1772
4383 2003
6252 6732
8855 751
8336 5271
8876 6634
9186 9497
2921 6104
1019 8855
6812 8532
7780 9928
7383 190
1299 4442
8661 6652
7381 5294
8126 7264
5729 479
124 9475
501 1638
1220 5596
4299 2911
2321 5453
970 2630
8306 7270
392 744
4097 1133
5554 1747
9883 9310
8874 8360
9266 8391
1873 9563
5795 4807
4890 216
5595 36
8091 512
6073 8408
1340 4777
3247 5949
1320 1787
2072 1081
4178 5712
6004 6630
6569 4221
8694 8062
5544 2567
6081 9224
9210 9590
658 1833
7854 6018
6395 1156
907 784
8669 8546
9723 6854
9937 6063
9759 2699
5368 4432
8108 5669
8142 7720
5606 9530
7589 4935
7632 7864
6399 3431
9180 6994
5495 4269
5288 3223
3340 5553
2359 3335
1807 1720
415 3743
7563 7605
8944 3500
6985 837
3281 5874
3187 1960
4103 165
7586 7130
7035 9957
7960 7435
1049 9547
9305 7452
3021 1514
1040 7254
9923 2977
8790 6767
9159 4359
2680 5049
8647 5371
2520 3540
7494 6952
3122 8791
8093 7918
2907 2134
1387 5832
5199 220
7346 6583
8287 287
6780 8554
6207 4658
9153 7926
3222 1575
3323 8509
9170 3861
9527 8711
6009 5295
6324 5688
8245 9714
4668 733
8932 8195
8184 6131
8874 8280
7028 7081
2234 7156
7388 1192
7328 7091
33 2439
9685 8871
2646 5530
1056 8609
6566 2567
7377 6725
3524 8154
3248 10
9266 6771
7526 9759
9584 7954
8782 6808
6276 8572
6295 5477
97 6849
6146 8282
7882 6981
574 676
5136 396
5296 2886
3462 4626
1122 514
7354 5639
6922 2554
4709 6750
8317 7037
4428 5967
1483 890
41 7388
7146 6585
1969 9206
8610 7782
6469 1188
7077 4002
6997 5181
7649 7931
5816 5415
2980 8009
5062 1514
7419 3432
6827 7065
2995 941
7971 4645
9761 7457
5170 4824
1260 8413
9763 1371
5617 9708
8060 7708
8864 9973
1337 3564
2791 8249
6343 9267
7448 8430
6022 2847
7150 3761
9676 9768
1197 3721
4603 3247
6317 4240
4078 2503
3435 4795
3445 7386
4759 1074
9944 1493
8265 9370
104 4902
6797 5906
1428 6128
7579 7249
8806 9840
2322 2921
6330 9859
4597 2516
6868 1820
5242 9221
3016 4710
4971 1664
6928 7677
9343 8038
353 7170
8146 9830
372 191
7222 5306
8683 3417
9203 8601
8025 1254
5337 1529
5679 7898
7220 8456
7035 9459
8779 8113
9875 3563
8899 5054
3888 450
6479 6937
5822 2398
8921 4349
2546 1562
7308 1703
9878 8179
142 5149
8370 1733
440 296
3402 5315
3126 3054
2369 7041
7322 3845
4665 1152
7796 6890
1445 6853
3449 4860
6340 7422
8832 8390
7903 9112
1132 246
3690 3211
770 8373
8523 8454
5134 3198
6574 6046
1076 6181
6137 1224
1174 1887
8185 760
6023 7516
8340 3712
8017 6225
5548 1669
3564 3127
5543 6586
2515 4471
8284 8841
4561 823
7618 1506
7937 6730
8171 3018
6195 9759
5671 9955
9724 1920
7459 1143
9930 5155
1588 9522
9490 8609
3105 5264
8972 565
9662 8748
5769 6210
4890 4205
7577 5349
2846 1437
157 9532
6156 7600
5545 3525
4257 2606
3201 6459
8494 76
7866 8901
5867 3408
6650 4549
2897 1837
7653 4004
2585 3420
6143 8871
1488 4164
7675 6188
9491 6672
808 13
1466 5552
8591 8947
4310 3089
4722 3013
6633 5944
7403 8694
9725 3970
6404 9850
1284 4940
901 592
1713 8491
6114 6805
3909 3196
1152 8134
4936 3588
5696 1795
7416 7644
5770 8255
2925 9615
6251 5768
2668 3495
2960 4630
5609 8998
930 3315
9606 4791
2502 7369
7637 6070
7292 5131
8937 7452
2587 9875
7404 3246
9476 7397
5190 3145
7020 8948
7392 9379
3434 1673
3612 1491
7232 1033
3804 6613
5969 2808
4991 9897
9863 9527
4022 2055
415 2668
1055 5543
9934 5479
6987 9969
4832 6766
5159 3316
4341 7628
332 3906
6001 9396
8287 7936
8988 8562
4734 5504
727 3436
9866 9117
6511 8324
8533 2257
525 7288
927 9251
5795 9544
519 7608
1556 7
6140 2853
9358 7165
9528 1047
1819 1468
3692 4326
6182 4055
1549 7748
4159 4835
2228 9831
1095 3548
5763 2642
9977 5413
8083 9179
4074 8561
8257 1134
6825 2913
8738 7158
9335 5375
27 5759
9978 4221
7162 8618
6890 8819
6114 9738
7592 2717
6068 5225
5936 9692
7634 7576
4234 4444
116 6789
7995 7992
8967 9164
672 5514
659 1515
1769 7931
2377 3576
6428 3738
8477 6741
8585 8329
8721 82
6333 3065
4340 6177
901 1547
3047 1226
7405 4789
8656 7144
5108 8073
8998 6972
2141 8043
6347 1175
8969 7646
9614 3988
8016 8817
761 4610
2628 1404
3338 1116
4111 6421
6070 2164
7744 9105
8403 7091
8219 8012
6649 9340
5907 6301
6525 4772
8201 3558
8235 5277
8798 98
6529 2813
5049 7363
3571 9958
1912 8792
1622 2089
8079 8177
464 9133
8705 2145
9488 5609
6375 6150
4453 6113
4076 9199
4925 9092
681 1580
7335 5082
6008 6913
6561 5629
5256 8800
7692 9523
5282 7106
395 3314
3510 4598
2178 5063
5700 2566
9694 6551
1808 9757
6139 6530
6378 5849
9412 7905
1901 1390
5497 8809
8273 8019
2724 8385
1707 9488
4746 1833
6826 8583
6716 1743
8257 6848
6641 6468
154 4872
7111 1854
75 601
9717 7019
1689 7358
7410 8134
2798 3146
592 8265
6109 6800
9260 8686
9851 6757
8420 9458
2836 2167
254 9732
9757 9162
1060 9055
3250 3380
8696 6980
8295 6602
1190 3199
8901 178
7690 5545
9391 787
9018 9987
7559 7699
1276 8636
9556 7212
5960 4665
5209 3579
1744 6165
773 7405
799 4778
8723 9753
7706 8863
5933 9051
3466 1714
3891 9816
8964 9248
501 7527
9740 7971
8144 2026
9199 3889
3700 131
8533 659
9088 8468
1570 419
5099 7788
6764 8256
879 3909
3124 8104
157 5501
7968 1226
3155 8429
8457 8228
8557 9435
2087 7636
99 6445
3442 2404
6303 9752
1148 4370
1370 764
2217 5066
5269 2902
2081 1886
7250 5854
4287 6218
2414 1910
3959 9402
8061 6293
8796 8308
5250 6954
521 2246
9263 6546
4164 2204
5333 7767
2861 5409
8117 4475
9712 8271
4658 2023
7345 7048
3041 460
5573 6213
4685 1749
4026 6949
8523 9124
7037 8710
5853 9498
8386 2055
7070 8781
8016 1366
7069 4447
8706 2682
4848 6970
6275 1958
2903 9799
6760 6280
9125 9929
7370 7426
328 1126
6380 9368
2366 9161
5906 2088
9898 2212
8328 3280
2726 972
6066 1943
4418 8902
3471 6862
6979 8476
7983 2896
9407 8819
2989 6013
606 6540
881 5945
3208 1662
6271 8157
762 6210
2748 9088
7934 5474
235 1103
3685 259
8194 5988
8430 9646
9097 519
5318 7008
3033 4565
8819 9404
9335 7442
522 1972
7836 2179
5652 5856
167 4675
5920 8714
9187 8863
3005 9461
940 438
6735 6717
1313 345
115 9326
1868 3588
8501 8327
8274 9403
8667 2581
9360 8433
8838 2049
9828 552
5568 5644
8515 2120
3787 6550
2388 8553
6587 5002
4807 5390
8226 4056
5125 7105
7089 2598
9014 797
1118 5848
1811 7832
1624 3967
6224 891
6468 6324
8798 6709
5509 6206
3855 8238
6846 4624
8954 9058
778 2983
2516 6959
1197 7903
9830 7363
5986 2345
2436 1269
7127 5380
3597 9227
2631 5615
5949 1111
9253 449
3721 141
1560 2043
4790 8435
8753 4475
1138 8571
5582 8178
259 1621
911 141
6651 4348
5815 2640
7468 8257
3901 5940
1011 9819
263 2912
361 5225
8322 3596
759 8412
3959 8985
2524 6866
3168 1977
885 8473
9872 6893
4207 60
4561 1794
6759 7806
2946 7158
5524 6746
6711 4956
623 8596
2777 7333
9217 5106
5036 3917
6847 9183
7377 8112
6862 9111
3087 7197
7133 2029
891 5306
3086 8544
6817 9407
9791 5356
957 1048
8103 6709
8324 3021
8406 6475
6542 2484
5560 7802
6977 8318
3204 4596
1319 1685
6024 8957
3589 108
7825 4953
7100 1114
8394 6796
7580 6330
5698 4243
7466 5514
7531 8326
5702 2543
7777 6734
624 7840
8431 1510
9146 7645
1412 1300
1666 9693
1449 4138
3341 7729
3565 913
24 6460
4673 1751
4465 3117
7061 6228
7042 1365
1601 1752
7159 5967
4856 2228
8545 6520
4554 3396
3223 3148
20 2521
2652 8366
6584 7907
7574 8060
3034 9175
8678 2191
3245 2884
5507 8717
4660 9447
1561 4144
9225 9014
1962 4043
4690 5326
2759 1396
444 8032
9917 9771
1480 3009
6632 6195
8217 6383
8443 7283
2951 8575
190 7575
8204 931
2651 524
786 7861
7680 135
6755 7812
6091 9051
6818 3548
6669 8706
473 9283
3073 9282
219 15
4096 4671
3728 9901
8840 4472
8733 9806
9792 437
7889 6113
9830 6647
5673 5315
7957 817
5155 9447
7445 8495
9204 2166
9072 7657
8475 7710
7601 5183
7132 6687
757 4009
5591 8371
4386 9211
6149 8689
3543 53
5661 4007
3650 2993
2045 4634
9256 2608
7409 9651
6433 7697
796 9241
7477 9445
6669 7828
1971 315
1302 834
4582 3715
2562 6459
1345 9559
7979 4841
3620 8045
2630 881
8510 1283
2169 1724
8033 2300
5879 2742
8813 194
8191 6244
5777 3641
7542 1862
6773 9785
104 8733
6005 2603
1855 1207
8745 3356
5281 1918
2409 7056
7303 5348
7724 8942
4009 7160
50 1946
7110 6368
9938 7634
189 6556
2145 6075
9823 6763
7579 6716
5975 3719
6571 3419
41 9775
5898 7708
4853 9848
6452 33
8215 9908
4036 3825
4972 3023
8714 3826
8838 2024
2369 2851
3042 632
103 9087
3246 4984
7964 4235
4566 6872
7628 3538
1436 3457
7394 159
2672 5576
757 4074
7361 8813
1133 9808
6866 9827
4603 7047
8851 1048
5677 5160
7137 5824
2435 8269
8298 8660
5122 270
4693 7029
844 383
3801 1931
1087 5313
5049 6812
0 6977
6612 2002
956 8766
7366 8086
1917 7324
5878 6554
6859 8916
7590 3004
307 9477
6753 7420
9453 8111
8900 1032
199 298
4850 3553
1566 8475
596 2767
9954 4453
9794 2457
4023 3042
9059 45
4824 7781
5943 197
1631 5945
7109 7746
8442 4105
9272 8359
2005 6867
4897 7535
9660 7183
9990 9306
2841 768
9528 9156
4946 4735
9371 6024
6052 6591
7439 6392
237 6155
1101 7619
6621 5335
247 2570
3011 1489
6149 7542
4304 2242
2537 3151
7535 8228
6783 8694
7289 8473
5777 801
9834 6859
6800 6421
8734 4739
3215 1246
6069 2899
8331 1457
6671 2064
6967 3324
1717 6990
4238 7216
9785 6404
3004 6900
6120 7664
6707 9782
672 1983
6481 1201
2874 6959
4491 9414
5098 1974
6954 9085
3402 5365
1808 7670
9102 4362
5197 6940
6002 9686
2275 7357
4782 900
7706 9017
937 8540
1778 1973
147 2060
2 4231
6142 6841
6669 2944
988 6190
3264 2145
8063 6756
6442 1595
7739 3393
5744 5277
1125 5337
3300 7716
4335 8240
7847 5699
8169 7692
5586 6253
8324 9015
9782 6010
9489 9390
8395 964
345 2025
1241 1099
6200 7077
7232 2861
9911 677
3056 5018
6529 4084
8651 2052
1634 5699
584 3650
6496 5327
8230 9959
6700 9154
144 9649
5787 7622
9275 7458
2209 7914
5380 9129
1823 311
1590 7613
8714 8429
8287 935
4852 6029
5422 2209
6006 8878
9395 568
4465 2855
5353 4469
6506 577
9993 4806
4516 7115
4320 3586
6702 8063
9312 4260
3488 2325
6531 1009
9846 4736
1284 5306
1558 8852
1133 101
9278 8513
9978 4350
2942 7095
4227 766
6389 7894
4842 2337
2334 4897
8099 653
2477 6388
9600 4087
8746 8054
7295 7410
9858 6592
9360 6994
8796 6324
7097 9282
9396 6096
6266 6550
3028 7072
9315 9009
7903 360
4715 4859
6575 9659
6413 5747
5024 7816
6648 7985
9233 9723
4887 4133
7961 3109
7430 8179
5210 3345
2145 8875
1742 8171
7630 3897
789 3409
216 6887
2459 7631
7374 6758
9151 8102
7718 5291
1864 2590
5373 6817
9911 7907
8971 7861
6054 7631
4512 9684
6389 9638
3459 2321
7348 7632
2385 7249
7876 7058
128 5978
5253 5729
2438 4550
2242 148
2140 7745
9335 9586
3074 5728
8092 9879
7385 9350
6288 8627
9581 7328
5188 4939
8841 2281
7073 2393
7586 6669
6325 2775
4981 3937
7648 9202
5312 5201
7320 7505
8068 3572
281 1423
4101 8572
9224 9981
6535 9061
8631 5626
2524 713
2137 4696
3924 5297
6781 8776
6564 8825
6185 2707
8163 9271
9743 7028
5423 6601
5991 2844
9458 7293
3002 1018
1370 9982
2072 4755
5478 6038
3859 1837
7223 4507
7019 7735
6969 6979
6683 260
6869 1956
8029 8661
415 7986
2877 9215
7114 9492
6236 6648
6562 5410
5785 2662
3399 4568
7800 7582
6370 7075
1021 16
9562 5538
2934 9310
7951 1987
7680 8554
8945 1772
764 1406
5152 7539
1128 745
483 6139
9093 8625
540 883
6010 9298
6292 7747
7181 8700
4210 2436
9955 7617
8026 1135
2123 6383
999 7854
1997 3873
4071 1546
6413 4071
8521 7610
3119 608
1 4249
7512 5644
4786 4908
815 7229
2820 2493
1875 7267
8328 75
7114 5973
2721 5219
8700 3142
3839 9334
2585 4990
1108 3630
7596 9592
6775 1922
6495 5209
1619 8297
228 9141
4879 2815
4446 7927
2251 1205
9520 7951
5699 1621
2396 250
4847 337
4538 7155
9813 8794
5653 9881
7227 2760
8215 6128
9517 7838
291 7256
9418 6609
9732 7647
2519 4117
758 6297
235 8614
5378 7023
1740 8007
3488 6459
6157 3683
6867 2583
5864 9158
2508 9294
9897 3510
8206 9036
8450 9006
7333 9480
1984 4823
4132 380
9436 4183
26 2005
2525 1398
4186 8085
2218 5122
7114 4928
2998 3147
8963 6447
7160 8387
7665 7517
8905 586
8084 2396
6348 1553
5333 9543
107 3367
1890 5508
2 8261
6662 390
7038 2293
7000 7945
8260 1675
9417 7566
5121 1324
492 5202
5071 9329
2006 1731
7796 6918
1468 9624
3136 156
2584 6425
9769 9569
939 595
2332 6853
8032 9845
9438 3942
6289 5346
1053 8782
790 31
7360 4330
647 9531
6957 6883
7331 9939
2466 2308
2696 1405
9456 8128
2310 1735
9978 8828
4294 4926
4974 2068
7663 8381
3032 7305
6180 2047
3689 851
6135 1271
1649 2085
4776 4520
3907 8935
7116 1745
9951 2708
6119 9941
6012 7855
6402 4150
9514 9377
6278 9185
6341 6968
667 7048
5019 9021
1887 5884
7750 8487
9252 319
9098 6200
4740 6098
8228 2372
1508 8480
13 819
8789 1824
8127 6694
8946 4559
7516 686
1947 9707
1937 5322
851 2312
7491 4966
8784 6021
4929 661
9417 3930
9345 7800
5458 1118
6713 7531
7500 5816
7583 3860
3916 5331
7782 3082
199 1904
8153 8109
685 5970
9006 5235
9544 6303
1409 8052
5917 9094
8515 6776
5698 4291
7961 9528
9053 6885
8578 6389
9289 459
6114 3873
9047 7630
1290 6899
2401 7937
7706 7390
6386 4237
1563 8581
2066 5126
1245 3009
8080 9330
6567 3407
4212 7881
6584 7728
6732 8457
6540 7639
6351 6891
8640 9887
544 4158
515 1056
8274 7712
4055 7188
5034 2016
8414 8467
4062 340
8161 9705
2870 3454
6371 6938
5491 3615
256 5667
6151 8939
4393 9386
9345 698
2726 940
9413 7512
8380 6560
1539 6862
7145 1629
9269 6165
1117 9122
7381 8271
6244 9321
9475 2768
8128 7432
3677 1904
523 7180
6024 4166
1067 7904
9373 6222
9235 9007
456 8382
4761 4773
2137 7072
7625 8187
6591 9437
5812 1124
8241 1768
7638 7521
7705 2294
3311 646
2191 7121
9591 5846
8274 9884
7887 5000
6061 3427
1190 8482
1923 3896
4107 7323
4212 3936
662 4222
8452 488
1315 3840
7872 8894
9206 8594
8790 7114
1644 5467
7465 6813
6290 3841
4871 8297
6629 6331
5702 132
5714 6719
2710 8175
7012 184
8997 2424
8117 2975
2535 1671
8659 3582
8797 8857
6109 449
1490 3227
8014 8624
8669 534
4947 2175
5458 6263
9163 4048
3904 3609
5244 7506
9060 3493
6261 3002
3905 9683
4863 6411
5139 3747
9859 8150
7880 6854
3271 2460
9835 655
6637 80
6949 3566
346 2131
9758 7429
4643 9946
4330 9964
7992 1861
1142 5817
319 5015
8347 8562
6721 9751
6447 8862
6903 1008
9554 5416
6600 7631
8367 9172
9095 8286
9335 6990
6420 9896
1438 268
8493 7100
5122 1651
1833 889
5011 7549
4199 2547
4231 1768
1961 1037
5089 6382
8195 9480
6290 9915
8204 8136
1701 7581
2330 4744
1691 9969
7716 9
7727 7014
8381 6342
3381 1149
5857 2412
8801 1036
6018 7778
5921 3234
1714 7082
7677 4019
5278 9180
4958 460
7285 7896
918 9347
4174 5458
8583 7003
4366 9785
4683 696
9897 4905
4761 403
351 9983
6138 8364
4795 3230
9024 5024
8667 7251
8875 9142
6755 788
5284 8597
8498 6785
7844 5183
2961 4381
3317 8264
8601 3064
920 2392
6789 5721
1394 8646
6431 2446
2836 2650
7808 9417
9627 7888
8396 7696
2522 4162
7564 1137
7174 6782
3441 8885
1093 28
4223 2138
6274 8031
6899 44
3430 4678
2261 1604
9846 4503
7886 6852
8693 8782
642 8304
7009 9613
3791 5949
2662 4312
31 1567
1165 869
8111 8470
8216 7292
9108 8671
6492 7114
884 5884
2324 4420
5912 4617
2881 5524
8649 178
1451 5115
7794 7116
663 7219
9586 3606
1300 8909
3045 948
48 6111
9724 9475
2655 8329
8078 7396
956 777
6178 8546
326 375
7850 774
1753 7696
2565 6066
2501 1695
4845 13
1555 5313
4490 2386
1921 2785
4188 7713
1338 5303
6402 8911
588 58
373 3308
6829 9144
3609 6097
7282 8846
8229 147
6125 8676
2260 6381
7856 441
4607 2030
4118 1271
4733 4454
8250 6629
6048 7993
5797 2316
7518 1660
2181 4400
5233 7992
9497 9727
5541 548
3967 659
5515 8291
7345 6599
9010 6733
2694 3417
7505 30
9022 7262
5824 9349
5745 4391
3500 7728
3942 6116
4426 5054
1988 6701
8555 5631
8156 5753
14 8029
7155 3274
9381 9479
2740 3687
3596 9437
7048 7184
4686 6343
9521 3587
6579 9439
4027 6738
9862 786
1711 4137
6810 1158
7660 1939
8095 2550
3180 5317
2430 1032
3717 8025
8037 7927
7117 7070
1771 4084
3958 4137
3004 3336
390 8512
9469 5661
9991 8700
9182 3328
1235 4195
3300 3214
1722 8896
9573 5657
7655 2366
4741 6974
4057 6753
3618 4735
6295 4933
7735 8264
9372 6473
5909 711
6973 9785
8385 4101
6054 7154
3796 583
7405 9485
8261 6411
9441 9333
8238 1478
8623 5640
4362 2958
49 8335
7880 7985
8428 6526
1232 972
8848 8644
6703 7436
9924 7034
6638 7012
7870 9445
8018 6258
4623 1922
2280 9289
9097 9097
869 3098
6563 8759
9935 1896
3082 6270
8260 3421
862 363
8008 7639
2384 1694
6888 8282
8724 6312
9216 6931
8340 3201
4717 6452
5358 6061
9138 8487
3680 5601
4065 4402
8814 5214
496 2260
9916 7385
1869 1495
9636 5431
3353 6680
7225 2574
8346 7686
8764 4367
3050 1716
3634 5501
9490 8852
8537 6479
4027 2873
3118 3183
6803 5190
9687 5103
575 5326
7464 6117
2867 4784
8551 8499
1228 8006
8026 9539
9810 6717
664 1453
8661 9852
5726 8331
8563 9758
3150 8856
3681 7754
8569 9692
713 4652
9748 8997
6712 2585
1423 8960
880 4710
9539 9099
9922 6621
9511 7485
2900 1686
8021 1745
88 186
7314 8186
7738 9932
7702 2483
1034 2172
7565 6836
1558 4433
3859 4767
5909 8196
3796 8449
7568 8672
5955 1641
9470 4812
8939 2555
8673 4238
1252 5774
7834 7708
9775 3795
2912 4744
9801 1580
1944 8362
3611 3970
7421 8778
5272 9846
3888 899
1422 7443
4037 8541
5575 8981
506 7365
1042 5796
8503 487
6365 5384
6298 7261
9345 1112
6402 6332
7910 2400
6405 2364
8856 1883
9859 8217
2255 958
3137 1346
1869 1520
2468 225
3357 3631
7897 2920
2603 8819
9844 8504
5247 1406
9432 4772
4718 9515
9078 7385
9792 7632
3987 4591
8047 5321
1265 5799
7436 7994
5225 9236
5114 9061
3480 8296
8230 792
4321 4731
4395 5152
2117 826
2545 4431
3531 4604
3339 3966
1715 8888
6633 702
6050 2204
972 1577
2843 9852
3256 3005
4204 5512
9008 7771
9834 9612
2320 9622
2945 5607
4227 492
4204 3757
5922 2347
7536 3756
9751 8539
706 5772
1406 6136
3131 9286
3042 2256
2350 7235
8855 4430
3362 7843
1214 1760
4610 4724
7520 7249
8143 7610
4914 7428
9051 2454
7257 7914
5797 214
8618 1511
4944 3622
2881 8086
8149 4906
645 734
3412 2653
9411 6614
9308 8434
4965 1514
9278 6203
5799 5541
7042 6538
6001 7176
3841 9546
7176 7230
9353 7107
1029 3386
9171 3371
7776 3435
3346 2159
9273 8452
9937 422
3526 1344
9335 1201
4362 1340
7598 5918
5082 3993
9036 8777
8688 5835
148 3872
4640 6333
9532 7854
7965 7607
3390 2141
4061 5282
7229 9782
8421 9617
1992 3978
8843 7565
9861 9184
4409 2231
8671 6841
6404 5227
6401 7649
9331 6918
8300 1099
9920 9074
4477 7603
9648 4984
8843 6642
7132 35
7667 3695
7207 6666
1123 6179
2206 7688
757 6232
7115 2347
577 2086
2566 1876
3087 3743
1783 1494
443 4198
473 5858
8160 6903
7238 5068
1937 4721
5457 2701
187 9120
8780 6810
6640 2088
193 5148
9526 5138
5259 8286
3173 8269
3983 4893
7636 5283
1014 2686
1551 5193
1836 8573
4586 7691
6007 6796
577 6540
9148 57
6719 8748
6701 5091
6745 5517
4205 6353
6672 4728
5415 9577
3465 5127
1006 5609
5634 4422
3225 6168
7036 6964
6374 8086
5130 9083
7774 285
816 8938
3004 7502
658 8746
9377 9423
9598 6984
5861 1077
4185 9980
7513 6135
5150 1476
8397 6665
9850 8521
8981 9687
9061 8580
30 9147
5275 2135
3644 1243
887 5941
9920 8550
4206 5719
4142 2795
171 1690
8641 1198
7917 7489
1057 7800
2705 3826
8651 1223
8438 9903
6581 9857
7552 2724
8711 9295
1642 7788
4550 5991
556 6582
5131 5948
2026 9980
9631 9374
9758 2480
5368 515
6623 64
5524 7601
7510 7638
9764 7526
9275 5104
6292 4258
7853 8054
7317 9352
9920 856
4628 5021
2957 274
9798 6099
3483 1446
9090 6875
472 1690
1774 7354
111 9559
1331 4040
7626 9245
1626 3963
8935 6121
8507 9413
7382 2188
4782 2205
5795 367
325 5537
1436 7719
9472 5686
4508 8650
6198 9254
9492 1006
5639 4740
8216 8079
7627 1535
2771 594
6661 8311
3015 8899
6128 9742
8206 8054
8053 2293
3252 4551
7381 9546
7342 1069
3886 7948
7140 9056
5871 3850
1354 278
6187 9725
7468 6094
4682 3611
2678 7693
6837 6235
275 9260
7062 7017
8077 4339
6172 7872
2470 9435
5888 7533
2820 1703
8715 6150
496 221
5308 5726
9827 5438
6128 6913
1556 8840
9545 7575
9685 7966
6833 6683
3456 8124
7311 1153
255 4003
9569 6615
5020 3075
9595 9523
6930 2218
2012 2937
4911 4712
8537 5170
4470 6831
4673 9423
9522 7436
3090 3218
6630 6226
8351 2020
3609 8121
7877 2237
1241 6738
8508 3238
2140 813
8244 1600
7521 7865
1050 9344
9136 7664
7036 7524
7002 9034
2228 7647
8394 2604
6297 6205
4368 7898
8449 6970
5868 4965
7333 1250
2921 5341
4574 9098
989 8855
9842 4189
3931 4224
5428 9303
1592 2213
6428 5671
6664 58
1578 241
9743 5367
1351 8063
648 923
5736 9841
8155 4140
5617 2892
7959 8427
7052 9033
226 5675
4397 2515
798 6366
6539 8017
7555 8644
531 1799
7758 5450
104 6100
6687 1352
8896 646
4338 5613
7030 926
9183 3055
1673 7709
7544 5665
3729 9956
8274 6803
6936 6340
9487 7223
3115 6207
3427 8959
1622 7585
5380 2992
4592 7184
6589 7071
7802 4183
9739 2177
6088 3771
6643 3086
4309 5604
1692 3981
9953 6629
6765 1775
8569 4651
1426 1082
9717 6315
8569 6160
6903 5122
6956 9478
2771 5421
7907 9756
4344 1630
9612 2084
8109 627
473 4568
3908 614
6963 6158
6968 8615
9225 8703
4120 5190
3376 8735
9091 1051
5422 1393
3244 9427
145 20
8408 5047
7437 7237
1937 2588
4550 8360
1252 8843
8862 7508
8216 2064
5842 983
8468 2170
8526 7827
519 5583
8686 7156
2773 4612
9765 6572
6705 7770
9076 1215
6798 8136
6385 5002
9915 8137
9577 250
1859 8026
6449 6616
1510 7213
3888 6797
4155 9900
8369 6712
7510 5449
6424 6482
5063 6253
3770 6422
7533 1434
2995 1809
5205 4867
2887 8317
5044 1971
8292 2913
7759 5145
8753 3710
7587 6304
8635 7933
8551 6550
3703 5138
252 2479
2140 7233
4436 2704
9074 9213
310 5458
7188 2101
3216 3520
1028 4418
3514 3798
3874 3518
383 7335
9965 1376
6925 7151
1544 6097
6745 7756
8489 8067
8432 7061
3241 3720
3114 3550
1458 5827
9933 89
9502 1168
2836 8591
8136 7063
7331 7808
2133 3169
6212 8462
8434 7904
7904 9739
9999 9611
5805 1916
1960 2334
5277 7151
3314 4808
2047 3545
6173 6818
9320 7658
3677 4766
9548 4187
4213 1501
2931 8383
2291 5889
266 981
5774 3413
4057 2517
7764 6593
7162 7194
6194 8903
8665 8113
5692 3269
498 4555
6774 1892
4051 1142
1787 2457
7716 2588
4465 5073
5851 4760
3372 9280
8060 9833
5637 4496
9244 2591
1287 8099
2679 8592
7881 8154
9243 3290
6755 2638
512 6532
3156 9799
691 2573
4773 5089
4660 3286
8078 6330
7507 4384
7513 9996
2743 8229
7152 7181
8891 6585
3209 3495
1485 2062
2034 7535
328 8254
7433 9241
7823 6116
6718 4292
8783 8450
2424 5791
2543 2866
6917 8538
9990 6844
250 9078
8762 7401
4084 5393
7359 6323
8858 7850
8394 7432
2869 3008
1435 6510
4173 5661
6847 9472
5151 8199
5100 6921
6405 7331
4787 8865
6675 6426
4372 928
8778 2287
9867 8417
3350 7577
132 395
8383 6931
9825 6575
8451 82
8908 6912
6644 7500
7080 4433
7604 2403
5171 19
8040 1649
9230 3127
2017 656
7648 6264
7349 8765
9243 8106
5304 4908
3848 7832
340 1773
1076 4755
9551 8780
9988 3873
1 8639
7818 4454
1650 6503
6539 7815
3361 6078
7418 2635
6831 9331
1902 1537
8231 2593
8721 5439
2508 5531
9685 5411
7712 4777
5269 1931
6107 1847
4298 8518
9116 4865
6010 7924
5098 9943
5286 3378
7848 5002
1355 952
5253 473
3599 6684
2097 367
7511 6379
6739 2048
8818 3376
9034 8925
8034 7744
9830 9153
7282 9316
8321 7850
1332 8144
8437 1423
6271 2556
99 9498
7414 3556
9441 712
4330 6040
637 4582
1500 9857
1496 4702
3805 1200
9759 8126
6920 7403
3835 635
7269 5432
1235 3044
5619 1800
7906 8477
7886 6898
3808 8492
8551 4800
331 5692
6845 2550
8093 6382
7653 7116
5706 7754
7958 7442
950 2648
8296 8918
8608 6759
8169 5237
4424 1243
4865 8779
9858 8182
8435 7261
3454 5377
6487 832
929 2067
7496 9320
8524 4451
3877 974
8539 6420
7500 7490
7958 7641
5735 600
6216 9992
6741 2257
6136 2042
5997 6659
9341 2148
6900 9609
1996 3625
3731 706
9137 8286
6367 9397
6814 6466
4366 524
2968 8067
3583 7672
30 4384
3806 5091
9220 6723
6858 280
1694 7026
7780 7849
1368 5339
200 8265
4733 3420
3478 8066
745 6413
8291 4194
3939 7527
6020 9634
8421 9552
67 3000
5940 1240
6825 9725
2359 1707
625 3585
1562 793
8114 7906
4064 5855
6184 1906
7038 8291
2754 1222
9067 9308
2594 4815
1990 2785
7953 7915
4168 8244
9138 6850
8199 9405
9840 3203
424 5585
3789 7397
5907 5650
4305 6908
9223 9626
6465 9263
3528 3514
985 7276
231 3957
9672 6563
5399 5411
7613 8428
2337 9953
2358 9420
6629 8279
2693 4464
8991 7174
9158 7485
7050 9845
8501 3192
8484 6787
4522 8055
5583 991
3796 8850
9893 2646
7355 7703
7069 3804
5269 6123
1404 9393
346 7200
2961 441
3908 311
5663 7768
7037 9764
1113 635
7184 2669
7571 9118
8306 6278
7569 5283
7151 8296
9975 2039
734 6272
3916 9492
7608 1260
6654 4022
5913 6634
5939 7191
7769 9147
2767 8179
5127 4937
3689 1258
674 6799
7114 3745
7818 7840
9915 6950
8547 9581
7212 8739
8776 8696
3088 7005
6764 8470
6706 9389
8238 9604
9026 315
8320 7620
9728 9372
9206 2234
8744 3762
6472 3756
8234 7155
7516 5624
9096 6693
1534 6529
9499 8946
3171 501
2933 4132
33 4586
6974 240
6509 9488
1272 8236
3334 8234
6392 9591
8714 3972
1558 4721
9129 6298
2920 8352
828 3574
7995 7291
7791 6062
826 8834
9201 4217
9178 8728
8396 855
126 9358
8678 8184
2586 7760
6502 1343
8118 7719
2346 4816
9375 320
1509 5965
9457 6292
7349 9757
7864 3987
224 5986
5956 7417
6249 9144
9088 9015
4556 1707
2553 7690
7336 6472
5005 5576
1018 8288
2192 3272
1887 2328
8415 6394
2102 8613
9457 9139
2477 689
4585 1799
9712 8818
7271 9965
8287 8691
6798 744
4606 3693
4608 6301
7829 9515
7379 9400
4877 7119
1031 423
7724 6571
1587 7598
1226 432
7449 9499
637 7694
9417 7366
7317 5488
9793 8978
9898 810
8244 5006
8205 8430
8211 8977
6795 8920
2290 3699
4771 9830
601 1911
122 1011
6966 6284
8648 8120
6852 5342
9328 579
7308 8324
9330 5353
7218 5033
9518 9731
9720 1937
5096 4126
8637 493
3375 9071
2530 6003
3158 9782
3402 9339
4522 2376
6317 2631
5730 2055
7973 9651
4955 6328
5052 9167
7688 8988
5232 5998
8006 8997
8080 8113
3421 3237
2014 3740
2448 3246
7581 9499
4958 4564
7250 7203
4336 5376
9628 6076
7277 3598
137 8348
1948 3804
4206 4770
3261 8925
5186 4406
9288 7159
8343 8428
6966 6592
7125 6880
2076 6867
9570 6867
4218 2715
6570 8074
388 7280
1614 1666
7500 8117
6320 7628
4060 8259
4865 6328
4205 1944
8070 6894
8971 3862
7625 8016
2684 4395
5301 8747
2880 4144
1810 6463
7530 154
9483 4588
1530 5557
716 1801
2234 1985
9819 874
9173 8291
5077 6669
6868 2469
9358 9767
9822 9842
3627 7452
4827 6279
9101 9397
499 5280
986 2897
8565 4120
433 9216
181 3898
3380 3815
986 246
8666 7611
9258 809
5203 710
9123 7212
4571 3259
7400 7248
6397 4772
4996 6714
5607 7804
65 8172
31 679
7339 7846
7640 7695
8465 8458
2464 4344
4633 2410
4106 7879
1098 902
3550 9513
8466 8299
2796 5921
178 4066
3697 1161
1852 4001
7435 9971
2654 2205
7369 9944
6894 9778
8931 8478
1265 3580
2150 5649
8789 2822
2061 8999
8513 7196
9517 2330
1235 3734
7805 8689
7943 1438
8845 3512
2329 7572
751 9917
9533 2368
8332 8921
7081 7325
6689 7593
3072 7299
1140 6590
3237 5956
677 2097
2759 8294
9826 6137
7853 4641
551 1042
6672 748
3914 7943
3592 4803
2645 6490
9821 3242
884 4394
867 6758
6547 9241
5553 8927
9720 5344
9379 9450
38 5236
7907 7976
6249 5591
2480 6341
4564 9500
9795 2969
8326 1760
8760 2323
8418 1761
3550 2079
2651 803
7549 5874
8623 9865
6503 7405
8283 8619
6247 6535
3658 9825
3916 7804
6397 4605
4569 4520
2169 6101
6348 8663
5917 8985
6771 6395
9145 9492
8148 2860
6316 2295
6157 7755
8760 1369
6600 5201
9605 7613
7705 9960
7820 3635
8079 1290
2547 5723
2781 5369
7734 1249
157 1932
4797 8923
4021 731
5383 7989
4512 2925
8424 3352
9599 7208
3497 1798
8836 2709
7660 8794
2483 5868
5199 5762
2447 5883
2196 5849
9094 1651
3981 1917
6548 6632
1634 5679
3349 2661
7190 8899
8445 2227
1725 9923
3476 7851
2094 6248
7373 6565
9554 8729
9942 7285
6745 9548
2674 6574
716 9016
2977 2436
5880 3535
4722 1933
5464 4158
9366 5559
4716 6056
8094 1378
2504 9056
269 3791
9365 7857
7657 78
4054 1170
4944 8271
8469 6383
3433 1793
502 4787
6259 761
6353 9338
3529 2167
5368 1111
8247 389
5125 1639
9357 271
9697 4438
5922 745
4138 6753
4321 2531
818 9933
6298 8609
7518 1019
7941 6937
670 3550
2630 6847
7258 9386
2084 902
9534 464
5429 6212
98 5759
7668 5366
3878 7659
2474 206
6174 197
7408 2276
9701 9314
9597 6903
8073 9209
9180 6097
9641 9880
4081 7233
1958 6854
7061 8226
6475 6011
9759 6315
7983 8617
1413 1259
1992 9477
8531 8122
2386 8495
8369 7422
321 10000
781 7407
6961 1286
5004 3214
2529 6049
7346 8640
6154 9336
3146 634
1352 1255
7585 3278
5240 6000
3478 3619
2135 3681
9983 7298
9402 8944
6151 4926
9620 7372
2821 2817
6626 4380
7910 1208
186 5511
3007 3751
5975 5142
1166 3930
8347 6678
6777 9926
3164 5368
2241 4537
5426 7922
1749 6045
3319 2488
5031 6192
1122 3688
7599 7306
6514 7464
7845 6736
5021 9148
7610 7944
9717 9950
8190 9095
9618 585
6889 9846
1010 6835
7802 8731
8100 4535
5626 4465
5563 145
118 3159
4223 7484
1802 2188
4099 4178
7819 9773
332 261
3199 8816
847 1598
1418 8234
1674 2593
471 707
4287 4428
7114 6432
5036 6094
5550 755
4637 4812
9086 6946
2028 9114
3116 2145
67 6200
8794 8825
8513 386
2253 9996
9204 6312
1479 5733
1210 1217
1776 2126
6756 2197
6599 7396
193 8961
786 1927
2018 9060
8941 5538
6839 2872
6756 3442
125 9464
6838 9134
6758 2768
4338 6620
4310 8228
1171 3486
3158 7813
2569 1306
4098 1456
3939 7030
3853 8483
9356 3538
5746 37
9005 1249
7825 7567
7381 8560
2815 2802
9892 8248
2155 7141
2186 6149
9456 6297
7558 8618
6885 7608
4577 7842
850 5790
9487 277
7313 8009
3618 3076
7699 9785
791 8067
3495 2726
3118 1632
9556 8761
9044 9603
849 2364
7132 6259
775 7322
6739 122
230 3090
302 1601
5980 3642
5238 5549
5916 3217
44 9866
8956 8607
7183 5206
7120 8148
7519 4317
3907 6618
8172 7335
687 3993
1396 5492
5627 2629
2938 8540
7030 8311
6288 4913
9693 6821
3673 1627
9481 7656
6780 8643
9307 8510
8844 1751
5078 4145
7596 8229
5640 5856
9146 458
266 8575
7612 6197
3138 6299
7140 8497
5200 9317
7367 4797
8754 7341
1280 9025
3467 3695
2740 4267
8681 3133
4178 1553
6578 9606
6593 2635
6544 5794
5929 5026
5088 3619
8182 2039
8920 9307
8558 3033
2179 860
9715 6819
547 9992
8616 8326
243 3335
7470 6054
6296 6194
787 8140
9389 7105
3865 2155
6060 243
4699 9852
9655 7732
8536 6058
2003 1698
6682 9592
5453 8633
7674 6238
4670 7894
3388 5285
6878 9456
5022 3763
2216 2360
9574 6487
6783 8733
8525 7550
9529 9164
3805 6078
2633 7796
731 7694
8816 9380
1456 2413
8049 8622
3059 6566
6710 10
8424 6723
7024 7758
997 8387
6694 8021
5259 5491
1912 2635
4602 5458
8902 9281
3513 2110
6705 7009
1896 7654
9296 1290
4029 123
2957 5026
5284 7243
1170 6841
7292 8475
9703 7790
1896 6034
9670 2689
7886 6916
8479 6957
6895 5600
6471 9251
3573 5194
2844 1372
1208 1150
8973 7250
4264 5044
6620 9250
959 3429
7562 9960
6215 6862
13 5957
8006 4160
9027 8470
7620 5865
9290 8241
8380 5095
8445 6970
6476 3141
3538 7650
8735 3754
4681 7517
573 4294
2668 1933
2711 2958
1300 7960
2842 9883
5687 4319
8695 8123
1236 1941
5275 7016
1547 1052
6022 7399
7091 9292
2323 8443
6716 8446
5344 4535
9892 6321
2135 9630
9267 3753
652 9870
9015 6492
2732 4773
732 9025
5409 851
5070 8402
9562 8834
1003 6283
8027 7763
9278 4830
5623 9978
6844 140
9786 9578
5755 146
9175 8664
9350 9984
9088 6384
7807 5078
6719 6997
9639 6540
3284 4606
5385 5500
6082 7325
5500 7544
1974 4533
6544 6277
7171 7013
3067 9422
7206 7290
8869 2690
2483 845
3202 2288
202 7407
9598 6575
5956 7103
1439 4806
9365 9952
2979 6489
4217 7226
5497 3602
6630 4956
2285 580
9932 2182
4447 1514
7477 8168
6405 7289
9550 7352
9624 7653
7765 82
9532 8381
3635 2540
1435 9380
8291 9440
8981 7222
4003 194
7416 7127
7560 3185
8010 3621
8110 6986
1267 5059
3116 9435
1133 4520
5173 8286
8051 5964
4446 8362
5511 2036
2152 7814
2711 9891
4353 6405
9513 9406
9535 3253
3916 9606
4283 460
706 1788
8922 1029
9517 5525
8145 4830
8322 7785
6979 7032
4910 1493
5174 2452
6105 9487
359 8871
6893 3979
7651 2724
851 7592
7406 3417
9436 9011
6320 8412
6729 1092
6728 6784
4862 8691
9079 6976
7841 6778
5132 9135
2920 2784
7971 7027
9833 9205
5561 6189
1864 7754
4001 7322
3955 1963
1450 5255
7689 6111
7933 6844
4734 9079
3975 2690
3686 720
7527 8561
9670 6275
6510 8824
7973 9428
860 870
2643 2814
5833 1393
6583 9758
1707 6440
599 1715
6207 9565
7768 9028
1146 79
7164 9323
5609 6618
6217 9393
6856 9412
1131 2404
5689 7359
5992 9091
6621 3545
9014 8524
3857 2729
5701 3005
3051 7032
1025 2332
8464 9816
2057 9324
8926 8498
7906 3610
9367 4106
4620 2529
7248 3093
6749 9851
2109 5299
9476 5519
7372 8228
3900 7676
2770 459
9580 2775
8962 8822
9737 290
9698 3198
5225 8383
6929 7368
8584 4035
4371 970
7454 9315
9728 7567
4973 854
6830 9316
9188 8361
5524 5738
4467 1576
1331 5790
688 1019
4041 6154
8481 7605
1135 8569
3079 8155
5208 1889
5976 2532
5062 7732
6058 264
6443 365
5951 6629
3946 9429
3546 7656
9359 7829
7902 6260
9300 6663
2029 9912
6562 1185
9259 6585
8485 9067
4566 2720
9371 7418
8797 946
6174 5055
337 2319
7097 4463
8662 6568
2308 7444
6944 9329
6606 8604
2138 583
6451 227
5452 6418
3196 8265
7135 8808
7423 9850
50 7697
6998 4387
124 5339
8204 9502
9129 8672
5685 8339
782 3799
7002 1563
8155 7529
4086 3652
8650 8250
4870 4489
2794 1274
5803 8060
2519 8613
5824 624
2714 6176
3549 4640
5950 1305
6475 7696
5653 4402
7105 8358
6212 936
8481 6356
7221 385
3230 3137
5212 4551
9811 7133
278 5358
8731 9780
9537 6945
981 729
2260 7279
9664 4513
3594 1974
4041 559
3094 1803
7083 5987
8692 5622
1982 6
3673 8573
375 3447
6024 2746
6338 7908
9494 7982
8779 7793
8248 5646
9801 1801
9466 2756
4273 4798
2494 7172
9916 6146
2473 7612
9692 7819
8522 9336
7451 6074
1519 4074
7811 8932
4577 8295
1940 6230
6308 8892
3749 3537
342 9801
3040 3282
750 6076
6041 2294
4045 4854
9314 7195
2918 9440
8066 9986
1271 3106
6656 6328
2325 2133
5679 2097
7424 7842
1171 9533
5827 6751
3333 5506
2528 2731
2424 3868
2336 8498
6242 2771
7058 8196
651 6739
9154 8693
7324 7899
9059 2687
8796 7049
2949 1283
7695 8219
5032 1726
5011 9225
1766 6613
555 2451
7931 6811
3866 1022
4939 5452
9830 5409
8212 1790
9676 8287
4649 8750
2895 9165
8116 6798
8326 9103
1646 2908
8839 8871
6435 2748
9418 1543
9177 472
8043 6167
9108 9517
4876 970
6206 7150
2236 8535
2394 9622
5034 662
6800 9237
1090 2322
6711 7265
5515 8023
5633 3795
5807 4598
4370 3287
7220 4770
1539 6269
2926 6978
8387 9303
7251 8264
2322 6290
8533 5107
7596 1884
5571 418
6665 4883
4817 8590
9841 9177
3149 1654
6808 7595
6947 7544
3739 7415
6101 8217
5288 3099
1412 9201
7608 8724
9038 3937
8586 8001
5765 8494
7345 3640
2068 5967
8405 551
6910 837
5407 6617
5379 6942
3758 8623
6670 9709
8936 4024
8413 7063
2901 1349
9247 4315
5558 9394
7835 2208
2312 1247
7755 8504
6253 7957
3815 3156
6063 4880
9795 9066
4751 5664
6262 4188
5028 9740
7406 9389
6808 9062
5356 4540
7101 7851
5495 8044
2769 5093
7735 4511
6587 1251
4308 2908
156 6364
2075 1097
6651 6284
7037 7209
9164 7462
9251 6929
8736 6179
6023 6733
8966 4737
5515 6990
7250 2823
4933 811
7732 9303
9445 7736
7775 664
8584 6830
3053 9275
1222 3928
7453 8471
375 9479
1868 6715
7865 8399
7103 5937
3846 9346
593 2418
2573 6372
2456 4126
651 1628
6589 7846
3328 6956
5693 5822
3149 3518
8054 6287
1676 7229
7326 4440
6385 4106
2684 7906
7141 8110
2009 7825
1972 7303
9428 8444
9270 2426
5574 5332
869 7383
6963 4113
6624 6680
6033 7632
3687 7792
9131 6373
8057 7221
1542 7538
2728 3287
9138 7247
1706 3673
8277 6209
3638 9566
5372 1564
8133 7858
8819 6726
2980 4755
6891 885
3519 1315
1664 2874
7380 2351
599 6128
319 230
2430 9464
4544 1350
6930 7621
6954 3008
9498 7743
7243 1715
1122 4837
5258 4919
5097 5927
643 1308
2883 2361
2439 9199
8888 4370
3292 3996
9449 1793
1872 2332
5866 5942
217 7978
9496 3984
3228 3928
5895 5658
3787 7778
4916 6541
7214 8252
9376 9409
9233 7941
8080 6979
3694 7196
9663 2586
3178 7047
6051 855
5945 1841
8372 7667
7529 6331
9221 8337
4710 8553
1613 5506
9459 4340
5176 4550
6136 7248
8518 1664
5309 946
8957 9267
8732 7460
8483 3769
1419 6135
8844 6737
7334 3121
3241 5709
8879 8657
1378 8095
8794 7993
2054 2513
3447 7443
204 9736
1071 7297
3446 2444
5451 6481
7759 1658
6094 3542
3790 3067
7699 1887
1841 9962
8804 4191
5232 4294
9423 2745
5552 9603
1290 8176
9263 9388
8616 7391
6147 4194
8914 9055
8984 1917
8518 8130
1800 940
9219 1267
1919 1429
8559 5371
6764 1141
6965 7658
3102 8537
8594 743
3328 3266
8415 1128
8741 2802
1859 1582
5991 1742
740 1379
1753 4451
7364 2358
8629 2089
4774 1561
7345 6737
8145 7127
6397 8833
9779 8958
9142 2432
5623 2198
8064 5250
5803 9159
9588 8624
9630 2027
7308 821
7534 3652
2761 2060
8601 1927
3569 8627
2047 9932
9754 6832
4860 1879
9227 204
4393 1196
6655 8620
838 6533
6660 7602
134 4915
268 8713
7280 5479
2942 5897
3390 1925
4464 4940
3930 6567
4139 563
3770 5067
408 1699
1112 4806
115 3731
3374 7425
8294 8343
9587 7613
5756 7518
1633 2694
2138 7132
5175 123
6821 8745
2484 4494
8261 7986
1906 356
9246 7675
7694 3356
7898 654
5563 5240
6510 9673
9007 6499
6519 4155
5545 1097
3967 6181
3073 4513
9809 8100
4543 7694
7715 3627
3191 7739
1258 6947
2340 4517
6644 8433
2474 7804
8764 8747
5338 2515
6880 8014
4732 2683
9765 9445
212 9872
4269 4171
3539 3447
4693 6866
8238 7915
5209 4736
6425 7599
8192 33
9027 6968
2151 6802
56 6231
980 4530
9321 8635
6774 9826
3664 490
7977 4164
5188 5453
9322 4471
6641 7214
4179 655
3887 5929
4528 2047
1940 7240
7759 9728
4992 1717
6194 6269
7360 9804
9183 8765
1770 9120
7900 3677
6471 9863
9194 7916
8068 9730
5261 7548
3592 7119
5577 7187
1329 8090
6616 1029
7064 9938
7950 7101
8057 1029
5933 4188
2067 9746
2030 8348
1 3105
5100 5908
5292 4333
5346 1909
9169 8949
3000 1421
222 5621
418 6616
4197 656
9778 3458
6605 8198
9793 6797
388 7999
1189 7775
9198 486
9544 4580
5954 827
8785 8134
1101 96
5434 2137
9923 439
6943 8846
7627 9581
1095 8086
6085 6296
6518 3014
656 4536
1511 4085
7583 7698
8858 6182
6894 845
8217 6900
7305 9929
7563 4017
7589 7790
6870 9926
9838 6191
3203 3196
251 7583
3119 7269
7137 1018
6454 6970
5267 485
7895 9207
8595 6865
213 8394
8651 5347
9745 608
6485 2017
1088 6421
1804 7631
9366 8938
9971 7352
4278 5318
6754 7007
9586 4419
3206 1821
5295 7431
6983 6389
7592 7964
7859 4764
7677 6789
919 3540
6910 1247
2672 3665
7163 8598
9200 8055
2545 3182
8895 8479
1162 4452
8642 8059
9737 4090
9093 3400
614 5148
4391 9224
7251 5569
3595 4113
6989 1669
3406 7142
7808 8685
3478 5543
9596 9811
379 2701
894 3409
4856 306
9941 5909
8709 4514
1803 9145
6724 8337
4226 7779
8050 3998
9921 992
8440 9331
571 5320
3620 8677
3934 9773
6308 50
2149 4931
8106 7238
5167 2311
9886 9246
6588 270
7572 1994
8633 3307
726 3119
2895 5789
1643 6523
6460 4903
6139 7030
5023 9760
2467 1553
2701 3309
3662 4760
4575 3302
8863 6696
2309 2405
7158 8710
9332 9408
6314 6454
6985 6696
618 4605
5830 7740
8691 4205
5381 5356
2680 8510
4233 5270
43 7079
7890 8777
8758 8824
7676 647
8470 6342
8927 6615
4684 7010
3695 8961
6969 5660
9035 6213
4052 3193
1935 4182
418 495
7737 9986
3880 5808
4644 9032
8744 9404
7496 2846
5823 3533
7568 3731
4852 7332
5636 1349
9447 6855
6281 5357
1378 6462
3667 5591
9200 3283
9611 7051
6973 8711
7403 6626
5133 2298
5691 1398
9285 7971
3123 5824
2309 8849
3777 295
7856 6022
8940 9410
7802 9048
7512 6266
4298 3909
2973 970
3064 9064
6950 5008
3800 6058
7500 7734
4958 5620
6410 9548
1504 6591
2166 6740
8512 3379
6803 1030
9535 8893
9982 6672
9057 476
2256 8725
4095 2322
7341 8097
6246 210
1180 8672
6644 493
9489 3306
7848 5040
5291 4551
8257 9979
4682 8595
1469 5718
848 7185
6911 8743
7845 6727
8526 9536
1062 3476
9340 212
2218 3310
6165 1794
9960 6600
656 3049
8968 8357
7866 380
2624 1442
6987 7093
4429 6635
2805 2042
1604 9845
6617 6480
1169 136
7791 6096
5027 3371
9119 9073
4195 7349
2635 4180
6871 5191
7438 3311
9813 9986
7229 8148
543 1574
3385 9405
7389 7705
6570 6319
6049 7722
5246 3765
7594 4445
6175 6881
4485 2405
7544 9331
8049 8305
6595 2383
1499 5551
9173 6119
9974 8290
9841 8590
6070 9804
5875 539
8263 4796
6509 1880
6199 8603
9851 8311
2399 6601
6473 8588
4031 7698
8115 836
9749 3759
8085 5674
1076 3842
2154 2367
5857 8932
8680 8905
6806 1231
7963 7949
6317 6547
547 7422
618 9242
8657 6267
8443 1497
1433 863
6017 4884
2199 5672
4176 2321
3488 5558
6093 7456
2461 3508
6093 2272
2796 5189
3231 4945
5413 7812
1166 7897
9988 6137
3168 5109
9252 8579
7072 6268
1706 3672
7667 9525
1262 8036
9142 4239
2926 2320
2794 7792
5689 3115
8634 8573
443 670
3113 4910
7363 8838
1336 8796
8556 8704
3200 7817
8916 5551
2907 7860
162 8587
1378 3150
3694 5188
6113 9636
7176 9694
7932 1034
8541 9578
1054 9993
6976 5115
400 7702
7739 497
9692 7298
6480 4263
7530 9406
9379 9942
5301 9984
567 9861
6739 5453
1738 4144
9911 4387
9711 2818
7301 8846
7093 1485
8301 7094
8314 7427
7157 615
1172 5802
3571 1133
7063 3295
1006 4166
1688 7653
7862 9705
1566 5181
8909 1828
8532 9858
9334 8186
5740 4087
5637 4861
9500 7703
195 5982
5959 7270
4348 5188
8335 3054
1007 5474
6262 8422
4331 4121
8547 9343
1296 8700
8392 1597
3665 1871
4088 2330
212 2861
8627 8690
7205 1454
2158 6661
9888 1511
8735 2836
3065 3252
9512 7567
3703 8329
7718 5979
5458 5005
4729 3982
2544 8957
7732 8844
8563 5434
3501 1629
5556 8911
9682 3413
9832 8412
1391 6280
7168 9242
9878 3932
8112 612
9116 9836
9060 4132
8300 2884
6685 9641
2450 6295
7664 6083
3111 6771
6217 2065
584 7753
7295 8590
5446 2056
3039 4487
9365 768
4983 888
5415 4608
9148 7048
4171 1427
746 825
1427 7018
7904 2077
2173 933
3440 7057
9273 4797
1242 2800
9894 8447
4333 1426
1671 8701
1705 3513
5568 8494
7029 6830
4640 6928
7555 4951
5163 7276
6443 917
9394 6966
6413 8502
1419 2518
5341 6328
2602 8905
9476 3051
6836 4026
6844 7750
1699 2421
3329 3031
556 3782
4313 4620
2503 9012
5285 6510
7894 9454
3163 8153
1538 8454
8110 9544
8099 9297
1934 5179
1400 5925
1439 8294
9767 6238
9649 8241
7808 195
193 9053
805 390
2895 2182
7007 9919
81 2829
1340 6091
9769 8516
6176 7326
9086 1264
8809 9795
4374 471
1757 440
7777 8214
8514 6241
709 1094
9261 6919
6278 3365
7142 6235
9487 7251
9915 8365
1725 6803
3763 8225
6865 4547
8302 5367
6493 974
4974 584
8197 54
9608 7232
3742 9459
8267 4873
9645 2493
1921 6853
648 3203
5141 8449
2008 4255
6384 8502
8848 2630
1111 2274
7865 2202
6489 7238
9984 9964
8219 4252
1037 7398
7840 6817
8178 8003
687 6295
5045 6849
8041 997
4438 4504
721 6725
6087 276
9194 4816
5541 2330
8732 2502
3631 4714
4669 6258
9830 7230
6306 76
7648 9758
9401 2280
3089 8010
5357 9781
1023 8598
3717 3949
8824 6343
9631 8873
668 6965
2480 4992
270 190
4527 9139
1274 4095
2055 5260
5560 5937
2577 9469
2442 7533
2149 8359
5697 9467
1123 8485
5070 5228
6557 6689
6125 6102
5208 3348
9073 537
3198 9345
1113 706
595 6404
728 2757
2664 7742
2890 1901
9957 7631
4635 286
911 7000
7844 9997
8768 831
75 9006
6225 9491
6007 7275
7711 9337
5967 7805
6965 7011
7346 7687
4210 3744
6006 5745
6369 9220
1545 7765
445 3069
60 5803
9054 3738
754 1699
6644 8827
7246 9403
8431 6368
4868 9944
4311 3993
7796 5181
2513 8262
4469 9309
8063 122
5941 4426
325 9064
8715 9948
616 7866
4351 6971
8345 8041
3307 77
7756 7497
2316 6050
5067 6845
1912 1109
199 5866
2273 9688
2532 8869
800 6708
6277 9120
9348 9765
1070 218
6082 8427
9866 1881
3224 4223
5563 617
7830 9807
8513 8062
6428 2104
3642 1369
7827 7452
1543 2219
5553 8535
2485 4550
7238 8926
6017 8112
8169 4948
5304 6830
8464 8734
6935 7365
2555 8026
2618 8750
6938 9180
9485 1074
3955 7348
6576 1708
9520 8394
7192 9243
9977 3891
1807 8641
4919 9404
8200 2646
9561 690
288 7205
7035 3600
9723 2536
9986 8948
6341 6055
4606 9938
449 8389
3954 4316
135 1937
7661 208
7993 6584
7894 2733
3193 2896
8294 6517
9917 8792
6004 6118
9786 7389
9389 7804
9974 8904
2136 4111
5712 6087
4389 545
1747 7548
4723 8013
6896 2407
8083 1731
7797 7306
8166 1053
8672 4284
8427 6915
9854 3169
6286 223
9699 5108
9119 1056
4430 8843
1462 3743
2410 7542
5156 9346
3754 4936
4202 1594
6511 8947
4725 4807
8812 4544
18 4297
1848 7409
9076 8459
5509 6731
1507 5320
4107 2218
6731 2713
4331 5523
7477 6342
5907 8178
5801 8110
9767 9095
7117 290
8530 6894
9483 6702
4072 289
3892 9244
1823 3973
5290 9058
3770 7896
8797 6493
1485 2939
1178 9412
7837 5999
2695 4270
2797 1364
7729 6376
1355 9672
6567 3116
1427 577
5647 7140
9022 660
3837 8004
8992 4991
2908 5006
8241 6487
1795 9919
8201 6255
494 7924
4951 1291
8596 9529
240 4914
9718 9665
8418 3186
999 8304
4730 5069
4430 3970
8803 8358
4952 3687
4222 2896
4236 9485
3057 9535
7553 2870
1666 3011
7298 3582
7711 3283
8860 2341
3753 1779
3846 6216
7753 8459
7485 8168
3517 411
1016 9168
2872 6007
9424 7557
8071 9357
9337 5959
8805 9758
5553 388
6714 5402
7222 2436
404 1184
9022 768
233 139
9426 7429
39 986
7366 8338
792 8305
6209 6632
6455 4515
9652 7967
9621 8931
3944 3321
6364 3434
9992 6828
8806 6945
6401 6964
8004 6904
3495 7132
4499 2223
9038 7180
2908 3696
3006 8762
2786 6793
3426 5569
2540 6443
4215 6622
2520 5058
6357 6600
3198 1113
3366 2654
8031 6853
7617 3736
3340 4017
1869 6583
9513 8565
8858 9979
3185 5747
7490 6264
3574 6574
4312 2088
3500 2797
5341 8253
6891 7640
3156 3338
4939 5038
9514 9200
500 4418
3297 9065
6013 6558
1314 5868
2497 1486
5827 9871
2834 270
6699 7052
3676 5784
2877 1409
890 897
6869 3686
8747 3208
6459 6005
9803 9069
2683 2851
9147 6754
6977 4733
5908 9571
6035 5851
8381 3219
2839 670
7344 8970
7911 6268
88 3906
6658 9723
7407 9099
6280 7367
4591 8464
5571 9787
9677 5779
8881 8889
9253 9915
9791 9273
2831 3081
7459 9856
1746 5528
8341 9440
3656 6892
9639 7364
1560 1788
1117 8252
9740 7824
8848 6106
6679 4188
9931 7302
9287 9770
9982 8688
5085 9223
306 2941
8496 4562
7756 6913
2675 8960
9443 7869
4578 7013
3080 9158
8468 7503
9590 755
9404 9806
6360 6751
5423 984
2676 6477
3127 7186
1607 2633
1426 120
45 2030
6166 6484
9902 9240
173 4613
738 8561
1626 9478
5379 6211
7005 6746
6747 9231
9602 262
9441 9628
7078 3269
6307 5489
7992 3929
9094 8287
9169 9693
3437 5452
3401 4865
2415 7457
4522 6533
5791 4115
5463 6191
9833 111
5467 4653
2926 6174
142 6998
3389 1294
4742 4438
8747 4773
8418 6535
1153 1399
1369 4734
301 1098
2440 4786
8340 8290
641 3986
7347 2351
8720 7191
3035 2747
4140 9338
1867 7834
6881 9740
4795 6033
2420 5612
6651 2779
6768 9234
6714 9100
7033 70
4257 5007
1614 8542
3273 8191
9931 7848
8741 20
779 4103
4596 1095
776 851
2290 7705
7458 9674
6691 6922
5833 4705
2374 589
4170 3070
6363 3961
1879 6215
9921 2554
5386 7010
5988 6724
1394 870
129 1839
7640 7926
7485 2357
9628 638
7967 8432
1802 3147
9116 8145
3289 7307
7953 8757
8309 8594
37 6732
8348 8374
8161 8999
4563 1318
3080 3914
7219 6897
3597 8302
7562 7626
4672 9619
2812 6733
7250 7598
3968 7715
305 9603
2874 5643
9131 6215
2635 6802
7688 6881
2001 9871
9207 4659
9795 2919
9619 3978
9484 8393
6147 7639
8374 6219
9277 7803
8498 5490
9220 4455
7499 5432
7171 1867
1779 8576
8597 2309
2462 4067
9298 8690
7771 7994
7432 8306
5707 9382
2966 8922
533 1755
9139 8043
2515 3383
4912 7728
9779 2018
4315 6607
9909 8743
3423 8817
1594 7296
2254 8962
3447 3823
5649 7987
6998 3884
2558 2888
6717 6242
3093 5324
8513 7784
7075 8208
9571 5370
7952 8867
6928 6969
5178 9440
7400 179
329 3781
222 5298
8904 6308
8072 2353
5679 9437
5057 7166
9905 6950
109 5657
9530 1039
3332 8258
3761 7365
9023 9871
2284 7299
3017 4091
5188 3731
7695 4725
4733 4199
3878 7128
7921 3399
5886 918
2204 2618
8658 9563
3093 1944
7738 5943
9190 1060
9906 6587
8212 4377
3390 1765
1475 1510
5671 9306
17 2904
2255 4079
190 3349
2335 8035
9341 230
6611 9437
2100 3392
7453 8075
7731 285
9856 8487
8590 9105
7253 8514
7627 9495
8022 6415
7415 872
1484 4408
9888 1267
6260 4754
1209 1497
1670 343
8351 4568
2566 7215
1099 4868
236 6046
363 7739
9363 8182
1607 1712
7550 6201
3673 6010
1898 2099
764 4357
8834 6330
2153 5392
6760 3119
5910 1900
4148 4792
9344 8481
2066 4258
6035 390
1518 7325
7826 7678
3890 1592
7947 101
7735 990
7787 5228
4765 6837
9687 7048
8682 9395
2620 7381
8716 67
4895 4953
3094 2948
9487 5182
5609 9068
5602 2252
9314 2617
3828 4433
1880 4800
1695 8907
2154 6529
7498 5029
6991 5561
8307 7984
7337 8077
7367 8798
7643 4847
242 7237
2514 5158
4476 9525
1249 3267
896 2345
1350 6783
3978 6429
9866 1054
4998 8002
5976 3394
3903 7006
5959 1631
8487 8993
714 1417
7493 2208
5995 1989
6158 4298
7544 6194
8511 9706
8338 3024
9456 9313
4635 8348
3485 8733
9464 7277
9694 8663
5890 927
3079 7290
6929 7265
241 7152
6694 4622
3833 5207
603 6701
5818 3015
886 4404
3188 2055
7497 9539
1680 9527
6097 6577
4474 6615
4268 9462
690 6716
2633 2321
8984 5943
4317 977
3905 9988
924 9419
6292 4486
6706 1080
6478 4397
7311 6435
7787 838
970 6839
9066 8837
1936 5278
3432 4284
7025 9000
6075 7690
8133 9019
5518 9249
7408 8741
2066 7948
1355 9150
915 9384
7000 7840
8766 7303
1511 8713
7268 6482
8999 6320
4562 7848
7191 6106
9545 3882
6572 9855
5868 7903
6087 6847
1386 6373
1320 5864
6848 8416
8363 6452
7226 2657
6311 6121
4235 7186
1371 259
8894 7642
7792 7529
1202 3905
2822 8592
1866 8479
6006 103
9415 8701
6443 9783
9807 162
7373 6147
6823 5559
6555 4589
6794 5907
9636 7979
8467 9857
372 3475
6017 6800
2686 7005
7317 107
4987 2005
8701 3345
1731 3945
8577 4965
2121 6018
5292 7734
9511 9551
1764 9462
7230 978
9452 9847
8488 2488
381 2980
4092 132
8874 7997
6700 9434
5097 3405
3758 3823
8892 6459
6323 9055
9365 9529
6212 6230
518 2376
8984 8950
6149 82
7891 3894
2765 1330
3360 632
6629 1208
8614 8356
2350 3947
4705 6706
5946 2452
7596 8317
9997 2691
8487 5652
8718 8992
6154 1078
9687 9007
9922 6795
9448 6797
336 5569
3604 7278
931 8318
4227 6984
6991 9012
331 2771
8245 113
271 716
7731 803
3910 123
1328 6125
508 1317
4364 5301
5953 538
6778 8420
943 1542
5208 8422
5577 3688
2527 8500
6934 7639
1280 6918
6766 4832
2335 4354
2433 7223
4275 4668
316 9110
8462 2393
6575 3223
8430 1002
9928 9084
7570 2671
40 9650
4741 2310
7516 6981
2634 1700
9004 2656
3489 7145
4434 1921
9400 3546
6587 9059
88 7221
4736 7036
3017 6356
1090 1971
9799 9446
6598 2066
8466 6390
6646 8693
2678 3619
4000 8635
494 3321
9387 6577
8942 8657
8116 8952
6002 9356
5943 1527
9170 1830
5353 7959
6302 9457
3418 3875
7349 23
8216 9216
3250 3744
6740 6578
1053 2552
8121 8417
538 1034
8383 7998
2710 3205
6541 4663
7215 1259
2936 6447
4767 8378
1021 6442
8526 2234
7603 2505
3798 7054
3003 6390
6086 6350
8786 8872
8282 1898
694 6849
4553 2282
6840 62
1322 9817
3634 6175
5803 9435
7173 124
825 1887
9628 9550
2913 8508
6772 3489
4352 6506
9948 3643
7134 9030
4417 4184
4382 5993
5305 9467
7309 8315
416 3241
1325 8637
8741 8079
8002 8624
5925 1808
7026 6821
6088 4967
1390 9042
5823 8063
7422 7974
7128 6268
8692 6182
5977 3294
5171 8303
7238 1061
9554 6812
7254 2420
1022 5801
8549 7175
2857 8693
969 8590
9325 9161
8839 743
2725 8889
3331 215
8687 3058
2072 7941
15 4250
7915 9317
5495 7672
9939 2985
7037 2683
9287 2577
2268 6242
7043 6279
6401 8826
8726 8901
5134 9541
3236 3179
2925 3303
1911 2961
595 3538
3396 493
1390 8895
1030 4178
30 2125
4675 9874
4067 6254
6003 5941
9144 3873
8412 2256
3583 9186
8615 5940
7090 9116
890 1338
370 1761
8746 9739
8447 792
8282 3057
5436 4505
8037 3980
802 3428
967 8678
3880 8655
9467 6555
5146 3185
2567 3716
3634 7939
3880 6944
7678 7128
8520 6586
7987 7142
6527 8926
3059 5903
5221 9084
7710 9581
9819 7717
9227 9515
2136 3156
9279 709
8208 4750
7160 5509
9822 8721
2969 5851
1185 1096
134 8423
9358 8248
8424 9406
1131 1677
1088 1323
9069 8649
5127 618
8212 6299
4792 6327
6616 8202
9105 8183
2070 6290
4392 462
8593 8589
8389 1981
4589 7991
133 8831
2403 3844
6083 8249
8540 6042
4400 8184
9383 9413
6189 8149
121 1087
1738 8080
2992 5082
6619 6665
7741 9213
6799 3827
9559 809
3261 2262
432 4783
1196 8860
1373 5684
7695 6636
9535 8782
9665 8932
9031 2158
9433 4544
223 9193
5021 4342
331 9562
3494 6208
9612 9328
9897 9644
7381 8115
9631 4111
8461 7161
5778 902
7121 5070
4978 2246
6939 1228
6837 4031
2907 2554
7768 9320
7852 2027
3229 5133
6593 6859
413 3357
2973 8769
7565 9406
8460 3023
2430 5324
5287 3639
1519 8704
1635 4657
2550 5653
9129 9198
9313 5019
1253 5354
2563 7471
6007 5713
7255 7951
9768 9480
615 1682
966 7661
827 8279
6991 7327
5737 2089
7085 8512
7393 3289
8277 6914
7191 9081
1248 2652
9820 1512
1270 8667
1996 3816
8799 7545
668 5153
7946 800
3138 6982
8568 5831
9067 4419
8568 6920
5230 4056
9225 4164
2327 572
9970 7554
3362 2810
9497 4463
9950 8587
8178 6195
9405 8070
5758 7944
9283 2594
9645 8496
255 5870
3933 3270
4670 5464
4916 3671
6531 9062
8689 8892
8348 3868
709 2081
4068 8713
3006 3626
9360 7047
8945 8771
5131 7510
8907 854
4617 8061
2291 3500
5250 5913
9888 6854
2100 4618
9055 6218
7537 8578
3664 4584
5151 1824
7791 2441
9172 7057
5092 7990
8169 5977
4561 6127
2784 2070
8543 7115
2329 3113
5 3611
5774 2898
2382 2193
1936 8356
2843 5336
8011 3422
8159 8713
3591 1831
8128 4907
8025 2735
1514 865
7956 6544
4748 6831
5056 8073
7378 1859
7913 2848
8504 1382
5687 2010
8957 2230
6712 6878
2719 2430
8600 5867
6360 8332
8859 9175
5802 9463
6655 3222
8676 3539
7739 7105
6242 60
7154 9776
2743 9979
7334 5063
7212 8435
7135 6663
6537 1180
7919 9172
7691 7380
1675 7866
9173 2525
324 176
9906 9543
8114 2957
6886 6597
8618 4893
6148 7850
6037 7560
2717 5901
6324 348
8969 7959
4622 2714
9025 9689
8905 255
2383 5396
7726 6197
2876 2846
8800 2752
9312 7829
6407 2427
6796 565
7835 2856
8655 2725
6369 1294
5709 3527
4647 382
264 8278
1862 8947
3248 6874
4636 8692
2534 1420
4163 6070
9890 9669
4710 7253
7295 6919
5066 5202
7485 796
2904 7833
9156 6953
9713 1514
880 3766
475 642
7942 9388
2119 8725
5092 1943
6841 6030
7019 5674
8160 1049
2433 654
573 3893
7167 8151
8501 8410
6444 7962
8456 1713
3391 2253
6657 3627
8733 7452
8839 8227
7043 8104
3848 4808
6196 9646
8275 7604
486 8435
9983 9035
2202 6704
5408 2446
5005 2751
9324 8975
1390 4533
4090 1084
726 9121
6601 7524
7088 6453
4893 732
964 8287
9326 3727
5394 8808
7027 9532
7785 4835
2987 2292
2123 9791
5647 398
1011 9110
9291 3548
5081 8237
7450 682
2040 9558
3684 2830
5873 1589
4656 6466
2152 7514
9886 1176
9029 8268
6806 7788
3191 6475
1570 5675
954 7786
5371 6289
7724 2520
6436 7354
5335 2188
7612 3707
1872 7065
4914 7626
6787 1382
2991 7059
675 4381
5652 40
6396 6852
1763 1982
5888 4317
8266 3834
3782 9966
1159 5337
3050 8151
3505 5497
6468 7002
4964 598
4792 7781
9353 8859
8962 9475
6288 6110
7946 4721
9367 8473
1629 4744
6289 9075
9565 4625
1943 3567
8976 6979
5938 1486
1596 5808
6488 8942
3354 4335
7504 9473
7394 6312
7456 9809
6288 6521
6151 7106
3654 4132
9959 5027
1765 4227
8998 8255
9056 4015
7049 8796
4445 66
9154 6583
9495 8820
1260 3816
8561 8737
1097 988
8910 7386
580 621
8958 1974
1631 4035
5625 8477
6813 2532
7287 2231
5199 1200
1533 1242
5684 8115
8556 9498
3185 5211
8178 6300
2700 469
9692 3157
9752 3622
8482 9147
6365 957
2919 9088
199 249
9952 6643
7694 4973
898 5210
310 1222
5858 3397
410 3690
4695 1839
1634 135
1545 938
287 5946
4132 5178
8025 1494
5945 4526
6549 7335
4291 2257
5097 5073
9169 6968
2689 6152
2427 6251
3090 9954
2538 8832
2775 9654
5987 1298
3963 9382
3037 2440
7826 284
38 7921
8933 6625
8167 7332
6068 1950
2326 7455
7266 5078
9999 501
