placement model: 2pos
width: 50
height: 50
number of points: 10000
9665 2569
9038 533
9121 7681
8060 543
9274 9549
9584 1219
9010 9683
9028 4909
9288 5932
9062 6785
7429 1885
9318 6441
9035 1478
9967 9905
9124 8855
5752 2371
9743 7060
9696 9017
5090 6161
9217 1506
9697 7297
6811 2698
5013 3724
9671 5531
6259 7306
8185 6307
9456 1280
9328 7158
9609 696
9556 7514
9494 800
9950 688
9060 8094
9440 5248
9907 2828
9357 4778
9728 1007
9066 2014
7167 6502
9634 3602
9331 8524
9039 6355
8277 6433
9937 9105
9996 5744
5973 1116
9471 1012
8738 59
9337 9542
9412 7357
9433 701
8094 8754
9662 8336
9884 3014
9888 3662
9879 687
5680 7608
9637 5138
5715 8669
9004 8649
9445 4629
9803 5590
9283 5020
9983 9096
9831 2157
9267 7537
9538 5640
9432 9622
9210 8262
5482 6542
9375 4335
6912 6541
9294 8557
9439 3241
9825 6455
9780 9163
9538 3223
9112 3869
9574 4787
7968 2828
9179 3
9133 219
6985 5927
9297 7878
9717 9895
7414 4699
7192 3862
9875 9205
9366 6207
9973 7365
9412 5699
6226 6404
9120 5150
6329 2654
7075 8918
9363 9516
5146 4073
9094 4970
9797 3858
8581 8995
9473 1852
9322 3783
9367 1526
9080 9137
6952 7803
9169 1579
9584 1674
8053 7447
9064 9690
9208 4229
9190 4839
9240 8700
9102 3716
9935 5039
9334 2462
9738 4809
9466 963
9794 7771
9502 10000
7898 9666
8312 9405
9734 6574
9651 1784
9411 5796
6677 1502
9520 875
9473 1033
9085 4038
9470 4466
9195 5765
7026 1539
8689 8299
6974 8390
9956 7869
5901 2869
9583 5743
5524 7304
9276 3905
9938 321
8890 8606
5771 4891
7447 4469
9691 1922
9240 3120
9555 6124
9590 5037
9412 3254
9704 135
9566 8336
5075 8059
9703 2303
9099 3461
5263 2881
5465 8998
9880 7435
7217 852
9576 1223
9386 4965
6583 6583
9698 6819
9934 6833
6292 1552
9227 9280
9878 3079
6920 873
5822 5128
9903 6995
9727 6856
9186 7816
9939 3862
9058 371
9674 68
7925 2124
9054 8647
5640 7218
7889 1395
8060 1970
9750 2600
9585 7596
9040 9916
9719 3428
6571 1542
9344 9793
9299 571
9895 4223
9689 3544
9066 7194
9037 9149
9922 5682
9150 124
9296 2045
9729 1633
6518 4502
9117 3745
9202 3735
9875 5797
9147 6277
8395 3402
9966 7942
9324 2693
9786 4806
6897 6531
7682 3724
9229 3458
9074 1289
9627 808
9947 7733
9690 4575
9370 8010
7763 7512
6229 9847
9396 9047
6080 9904
9980 1666
9587 2877
7067 9872
6385 5697
9224 7489
9633 3179
9018 3354
9377 9861
8192 1920
9816 7059
5507 3529
9145 6203
9459 7067
9359 3292
9338 9767
6522 3763
9602 2809
5714 4799
9751 3876
6749 5532
9601 4239
9633 4039
6548 6761
8788 3729
9848 5216
9509 5601
9074 6030
9776 9707
9498 5163
9288 774
9330 6464
7306 7722
6510 7085
7488 6923
9070 7696
9376 7491
9431 1801
9606 1627
5909 55
9870 5046
9221 5787
6272 8155
9266 2726
9373 5939
7827 5634
6143 5239
6039 4503
9092 9365
9515 2276
8077 9684
9703 2397
9276 6540
9270 37
9916 3326
9174 3014
9542 6486
9046 602
9225 26
9131 1676
9632 7722
9256 4938
9165 8564
9840 2204
9462 8846
9390 447
9199 2729
9035 3999
9813 4333
9073 5373
9622 8107
9976 9079
6940 4890
9202 722
9613 6467
9306 1678
9547 4295
7632 1448
9238 434
5353 7654
9824 9565
9258 8884
9841 9501
9123 7958
9183 2616
9617 148
9928 5085
9063 2705
5834 6698
9009 3298
9411 2898
5774 4836
9195 5071
8990 8134
9649 738
9664 8909
9552 9799
9686 634
9011 1186
9646 3239
9742 4724
9746 9766
9600 9684
5775 6963
9916 7545
9204 2330
6174 6110
9797 6626
9041 5675
9767 5082
9036 3750
6650 7042
7375 6927
9451 7648
9155 7899
7434 2533
9245 5401
9365 5053
8292 1086
9153 3441
9919 4419
9177 5607
9148 548
9303 2508
9775 1182
9044 2047
9709 8226
9191 9416
9893 1316
5998 5366
9053 407
9218 5094
9127 41
9136 3878
9012 7047
8712 1618
9995 3330
9722 2878
6941 4410
9962 4511
9593 445
9933 5496
9300 5618
9203 6620
9765 6950
6546 2116
6359 7682
9694 3977
9368 7205
9272 6640
9019 2678
8754 5127
9867 9196
9911 94
9324 5081
9530 6276
7127 6868
9111 5651
9684 5594
8165 3075
9081 4082
8063 4980
9076 8289
9754 3734
8961 6172
9940 313
7784 7175
9163 1756
9810 6068
9774 8057
9184 8496
9157 2147
5239 3683
9285 7804
6101 4525
9233 4571
6114 7641
9454 3561
9618 5485
9295 9283
9421 8131
5516 955
9213 4766
9736 8677
7356 7860
9613 2688
9315 4451
9302 6949
9451 2771
9382 5139
9970 3706
6006 6586
9289 9713
9820 6473
5046 3774
9674 1966
9621 735
9587 2416
6553 5101
8590 7185
5785 2891
6471 7898
9694 155
5365 7689
6803 7973
9836 5755
9442 2146
6908 8366
9074 391
5318 3328
5958 9842
9467 1160
5339 7330
9198 7609
9214 6495
9591 5769
7949 526
9609 8933
6200 5162
9727 4121
6053 6201
9631 6058
7317 6132
9111 577
9544 5160
9748 9215
9505 3063
9788 7737
9510 5955
9210 1719
9129 1070
9408 9277
9962 8261
6787 2455
5565 4197
7859 7960
6116 8477
9702 8687
9742 6080
9571 9232
6180 3684
9837 8699
9114 507
9248 261
8075 996
9522 6979
9189 617
6294 7266
8385 7385
9841 8935
9890 6712
5561 9728
9229 7213
9794 330
9892 7251
6037 30
9928 4440
9885 1295
9246 962
9790 3074
9774 6376
9531 5959
9681 1814
5298 9449
9177 7218
9878 7931
9833 4134
9380 550
9860 1119
9099 7239
9613 2311
9582 3257
9821 5265
7459 4567
6267 4395
9486 8433
9583 5049
9105 4072
9500 4099
8974 3564
9310 5028
9709 9329
9251 2637
8234 8152
9817 5720
9798 3224
9302 4624
7801 4746
9985 8007
9538 6969
9885 5672
9228 8994
5093 7885
7634 8509
6227 9470
8934 4131
9730 9225
9658 4358
9488 9363
9405 5255
9161 7127
9550 7460
9741 3328
7969 6903
5504 3191
9690 4266
9884 1851
9998 8820
5466 5671
9285 6323
5987 7113
5480 5059
9920 2871
9949 8300
7816 6959
6838 5661
9725 8135
9501 9858
9179 3931
9316 4451
9075 3757
8898 9910
7774 889
9745 5957
9524 1002
9496 9927
9660 282
7021 2396
6706 9582
9089 5672
7386 9040
6589 2601
9038 7034
8193 3283
9876 4845
9031 2845
8679 9554
9627 8084
9309 5057
9324 6127
5094 9982
9305 970
7177 2142
6363 1396
9491 2759
9070 4007
6843 6337
9082 1971
8358 7974
6236 4930
7276 9756
9786 2485
9849 7841
6689 6131
9458 9248
6499 4035
6440 3395
9712 1275
9840 7508
5945 9753
9010 5871
6872 6369
7337 159
9896 6771
8207 2377
9954 2924
8190 3508
7811 5756
9329 4124
9862 7862
9892 3647
9661 3958
9860 3237
9515 5654
5937 9507
6248 6711
6816 449
5142 1998
9831 5679
9445 6834
9034 8626
8480 3579
9742 420
9208 1464
9050 4662
9305 1228
9943 1596
9651 5101
5121 7955
9813 2609
5016 5498
9508 3214
9043 4754
9709 6589
9774 7319
5470 7476
9641 2023
6798 9985
5438 6407
9029 2782
9300 5948
5659 3931
9872 1740
9862 7841
9799 2172
9120 7124
9928 1803
5408 4145
9002 1763
9459 2860
6322 8069
6059 2946
7531 3212
9391 8422
9200 6231
9770 9739
9965 8691
9481 7592
9658 8303
8511 6932
9920 1703
9186 2769
9061 8872
9341 9034
9473 8234
9309 9540
9112 1841
9235 2690
9563 7406
9065 6399
9523 4885
9662 6060
9259 9120
5387 9812
5119 6499
9628 1523
9785 1920
5518 8239
9970 1281
9068 940
9788 3932
9316 6240
9193 5266
6150 6104
9095 6341
9687 2067
9031 6367
9929 3699
9180 8043
5763 2424
9667 2454
9636 2441
9097 3580
8898 6993
9853 2778
9098 839
7069 4681
9164 5204
9424 4694
5636 8385
9561 4086
9770 9118
9466 2351
9912 1578
9895 3358
9293 2428
6436 3159
9268 1994
9608 7251
9180 3611
9965 178
7589 6556
9437 2206
8775 288
9878 3331
7050 9069
9055 6925
5616 41
9361 5082
9026 2874
6464 5955
9764 2817
8738 8311
5902 1844
9502 3001
9724 2753
9054 9305
5516 5200
5023 7391
9723 2766
9191 4556
9276 6962
9809 7041
9971 3709
5341 5688
9117 6291
9816 9302
9336 2763
9683 2451
5714 6488
9542 9228
9787 1543
7570 1251
5079 3482
9025 1985
9779 6007
9548 3606
5075 9045
9709 4899
8278 1316
8440 3341
9071 2302
5012 8154
9623 4097
9645 3
9656 6463
9239 3076
9701 2229
9733 2072
9105 6105
5489 8252
5764 9000
9046 6148
9711 3567
6248 7335
6810 9414
9912 7469
9674 3984
9538 9428
9400 4890
9176 7659
9584 4825
5525 5525
9227 5713
9038 5335
9544 2669
9680 1980
9391 8757
9279 4383
6016 6975
6585 7653
9322 1561
9693 1846
6459 5189
9770 4485
5732 66
9961 3495
9268 7091
9831 5851
8986 2094
9799 5854
9832 2614
9180 5564
7401 2720
5823 8794
6415 8482
5016 5460
9772 8533
9423 417
9416 2944
9963 9199
9850 4444
9375 2025
9158 2401
5325 6306
9856 9594
9379 1455
9955 1357
7964 1695
9513 6789
6111 5915
9052 8124
7477 576
9781 2950
9571 3386
7970 3792
9553 3121
9195 4825
5538 4397
9257 603
9266 9564
9062 3714
9531 5171
8014 4261
9899 8402
9556 1262
9193 1580
9554 993
9227 8436
6133 2011
9124 5027
6630 7575
9265 4340
8310 5475
9750 2631
9566 2903
9366 5985
9080 6954
8977 760
8507 9551
6058 2593
9366 8467
5635 7742
7476 7249
5253 9647
9718 7550
9433 401
9100 7189
9287 7246
9502 3822
9859 7347
9970 7194
9703 6729
6958 6297
9838 6250
9758 7967
9121 950
5885 5461
8182 6778
9456 2656
8725 322
9037 9930
9785 6041
9848 3332
9890 5104
9519 2011
9182 1153
6071 7768
9462 5426
9671 1891
6343 1130
9655 2929
9081 9476
7604 4278
9166 671
8572 7622
9306 6739
6047 7161
6025 3099
8132 7831
9854 9226
7832 1043
8223 1294
9103 3041
9642 5048
7105 6657
9056 4385
9061 7025
6564 402
9787 3314
9715 9515
6216 9556
9314 7393
9292 9570
9740 4599
8929 2139
9052 735
9186 6933
9446 2123
9886 1558
9013 6949
8238 2358
9971 950
9727 5077
6737 5766
9687 6415
8705 9218
9255 742
9565 5303
9057 1088
9638 681
9193 837
9512 8433
9103 9547
9971 387
9804 723
9793 3347
9852 7499
9635 577
6635 1708
9246 6247
9844 3885
9034 2788
9188 4042
5172 8649
6727 1615
9774 2591
9516 224
9986 4137
9786 816
9612 3609
9492 9412
9300 9222
9013 8518
9029 9710
9303 7074
9954 2482
9174 1367
6574 7306
7638 9576
8490 2891
6864 7698
9257 9569
9482 7080
9383 6228
9362 5881
9614 723
9745 7708
8989 4659
9865 3558
9216 7741
9507 4775
9508 997
9870 2105
9797 3560
9164 3055
9426 5659
9649 549
5870 4507
9669 2725
9614 4162
9084 7027
9076 8292
9608 769
9502 7728
9118 1747
9296 4797
5635 5470
9688 3476
8590 654
9880 475
9873 1354
9310 6902
6291 9324
9698 9181
9271 7412
9513 8518
9188 9463
9358 5365
8035 5571
8668 6876
9410 4989
9775 4336
5550 6270
7650 4556
9809 145
9466 8677
9035 5093
8213 3705
9520 8479
9896 77
9978 7509
9996 8682
7031 5849
9878 2661
9530 7496
9068 8582
9310 8652
9860 29
9261 8093
6480 2344
9595 7401
9647 1377
9950 7462
7710 126
8200 3817
9362 8390
9524 102
6231 3019
8374 9984
9810 8623
9750 3031
9164 6648
9396 7124
8915 8432
9291 4702
9133 6719
7568 4748
9454 8223
9063 2744
9766 4721
8552 6613
7659 6636
9267 6470
9703 8723
6128 2413
5541 2309
9853 2176
6867 3363
9892 8817
5833 9820
9041 6683
9690 6882
9479 7550
9220 8002
9165 8959
9580 7163
9382 6140
9785 7837
9999 5698
9229 2706
9463 4431
9711 4948
9163 9184
9328 9219
9613 3932
9935 2902
9047 4327
8586 2815
6312 6081
9322 6740
8980 9626
8971 290
9545 9219
9166 5310
9101 2680
9684 8430
6276 3879
9343 6491
9395 6379
9288 4104
9186 8477
8301 2983
9613 684
9016 8371
9190 2310
9156 260
9233 6223
8423 5474
9601 830
9222 778
7378 1084
9193 5053
9383 4349
6871 6695
9792 1721
9548 8831
9265 5977
9761 5941
8121 2251
9957 2410
5964 4589
7795 1922
9556 9329
9643 6746
9067 5568
9440 5215
9098 2624
9163 4638
9963 3814
9912 950
8507 2762
9848 2111
7426 9366
9312 4879
9505 5912
9960 3314
9494 8798
9232 6102
9581 5497
9777 8219
9024 5881
9350 9239
7864 2113
9182 294
5907 2025
9955 5591
7107 9776
9634 8068
9195 8771
9138 6321
9153 5242
7738 9334
6614 3535
7630 1695
9426 565
9182 6436
9266 2384
5340 8222
9068 8933
9420 2615
7038 1683
9635 6028
9999 7045
9647 4228
7138 2881
9897 1613
8159 7220
6244 6186
9630 7470
9391 5616
9833 892
6017 7355
9322 3546
9388 2516
9638 5889
9535 2084
9572 1869
9289 1128
9835 5721
6849 7262
8508 7258
7562 7745
9500 3048
6828 34
6333 6691
9062 846
9080 7862
5949 7559
5843 1378
9490 4669
6656 5484
9923 6213
9941 7312
8531 1453
9271 5633
9564 7361
9130 5930
9239 4499
8516 6611
5289 6928
5003 6363
9447 6950
8485 5209
9908 8762
8150 227
8007 9547
9993 7096
9497 7827
8696 7820
9819 9428
9000 7045
9783 5122
9413 2013
9736 9064
6745 1860
9780 4824
5033 487
8093 4276
6201 6409
6464 9638
9935 271
9742 5636
6547 770
9740 7297
5867 7710
9234 7606
9506 7300
9781 8212
6768 3021
9447 1469
6964 980
8850 8839
5190 2634
9060 1976
9830 9450
9440 5137
5872 3968
9159 7652
9449 5415
6157 3772
9673 1144
9909 43
9313 4410
9609 6082
9320 1840
6352 1504
9243 6257
9118 7546
7393 2770
7523 7267
9031 382
9512 1430
9182 4297
9905 1613
8637 849
9039 6067
9509 5838
9243 4881
9663 518
9389 283
9731 9509
5757 6533
9450 6026
7016 1653
7844 5206
9361 2126
9017 5425
9531 8161
6280 7333
6432 2106
8860 7544
9750 6964
9585 5511
9285 7689
9721 9278
9039 5082
9914 8495
9600 8352
6879 989
9010 1194
9388 7361
9811 1672
9701 5197
8448 3935
8729 2565
9034 7390
9072 4422
9337 6204
9477 7449
8629 4385
5512 8027
8309 4644
9435 7375
6428 9495
9957 4605
9974 740
9958 6297
7812 2222
5265 6323
9429 6101
9068 764
9867 317
9294 6884
7966 1700
5204 581
9323 7128
9056 8344
9827 9668
6674 6555
9866 5475
9615 6678
6395 3775
9675 7579
5871 162
9357 2862
6183 9846
9573 6357
8881 6123
5710 9078
5089 3737
9243 4167
9402 7479
9992 7113
9430 5636
5857 2522
9437 4380
9963 14
9635 749
9238 2567
9843 3828
6259 6938
5997 1677
9712 1759
9914 3926
9159 3634
9066 6420
9661 4452
9055 9769
9277 2862
6431 370
9548 4983
7017 8509
7098 6047
5437 3938
6348 9062
9362 1148
5954 5063
9660 9268
9681 2934
8580 3894
9554 9027
9557 4304
9798 7968
9725 9679
9797 2192
9027 6816
9164 1139
9997 9119
9827 1982
9955 5793
8205 1113
9724 7740
9466 4385
8522 66
9064 5172
9677 5983
9520 3064
7761 8880
9762 2552
9070 497
9100 8227
9544 5324
5126 8796
6524 4638
9001 3095
9305 9233
9848 3707
6298 4717
9113 1092
9043 7507
9522 3536
7160 2195
9216 6412
7758 3138
8097 1738
9493 4066
9308 3967
9972 264
9332 1291
5116 5452
9694 1680
8605 2121
7512 4066
6686 6725
6518 1880
9266 5294
7178 1020
5321 6200
9263 6041
9320 9529
9510 1733
9601 8353
9400 9602
8709 4816
6876 9102
9445 4431
5060 4822
8176 5755
9994 4722
9631 5462
9999 8254
9112 719
9546 2393
7799 3376
8981 6248
5122 6663
8589 5865
9758 170
9100 1129
8363 1869
9267 5772
9992 5931
9165 5626
9244 6857
9388 5285
7974 618
7920 9710
6266 7147
9598 8072
5905 5516
9627 4849
9234 159
7035 3622
9911 8258
9691 9636
9046 5456
9224 9838
9492 5052
7386 95
6905 6849
9674 8730
9127 7659
9306 5173
8677 3816
9216 3453
9827 8906
9554 5344
9960 8305
8909 4864
9496 5638
6509 3981
5904 8418
9638 3246
9325 1800
8941 4255
9694 3999
9495 6017
8373 5755
9766 7526
9893 1201
9719 1483
6406 2405
9171 1443
5164 5083
9314 1984
8243 2078
9538 3123
9648 5500
8595 9803
5017 8498
9881 1066
8649 6486
10000 9072
8161 1983
7657 9374
9560 8219
9480 4370
9046 3310
8521 1515
9541 6655
9629 5642
9281 6365
9187 3067
6296 6241
7658 8221
9483 5083
9673 8535
8758 5365
7470 8724
7427 9005
9308 5471
7269 1052
9472 8289
9026 5177
5967 1093
5591 816
5823 1142
9957 8969
9108 317
5684 1097
9431 6370
9898 9095
9201 9507
9790 66
9135 6904
6763 6598
8948 1962
8747 2277
9899 3270
5045 5327
5962 2823
8785 4655
9493 154
9006 5909
5611 3308
6615 7166
9798 4381
9179 5087
9199 2102
7322 1462
9365 2587
5578 5515
9932 9556
9889 4806
9320 6135
9054 2737
9733 2811
8259 2050
9354 7216
9100 5917
9744 46
9658 8873
5958 3897
6467 2682
9628 8192
6411 7076
5324 4989
9871 9797
9540 5240
9991 7598
9055 2669
7242 1377
9692 1190
7360 9794
5369 9839
9366 1197
6044 2770
9965 1154
6790 8433
9269 381
9232 8439
7865 2732
9108 7143
9743 4920
8301 7238
8763 6533
5565 4614
9911 9563
9641 3004
6748 902
9480 7650
9387 7716
5417 7702
8197 3649
9523 8310
9243 1904
9715 1784
6884 9852
9206 8042
9715 9779
7383 1368
9201 8361
9007 2862
7152 1682
9243 2382
9506 1112
9128 7886
9361 7587
9935 2704
9648 6532
9762 63
9118 2419
9782 4813
5626 7301
5808 3286
7373 2126
9781 2846
9106 6041
9616 3911
9613 9177
9312 7975
9618 2768
7222 6040
9942 4404
6916 7081
9165 6235
9415 6385
9298 8139
9699 3406
7337 9816
8718 5024
9339 2984
9278 6615
9306 2202
9369 2269
9195 8174
9382 654
9431 6086
9011 2243
9105 8593
6201 8611
9622 8542
8177 9000
8342 9817
9183 6500
5104 2753
9515 3666
6094 2682
9968 4572
8048 7374
9101 7657
9159 7854
9401 7108
9880 9883
9526 3674
9991 2704
7585 1023
9657 5346
9821 4908
9151 5445
9791 8927
9252 7859
6661 3053
9561 5085
7077 8149
9636 8039
7294 2537
9354 9634
5880 3981
7502 7570
5669 7390
5856 5776
6985 6541
9128 3419
9031 1440
8426 4979
9546 1829
9670 3752
9312 7925
6280 316
7002 7718
7406 7871
9137 3556
9170 9737
9436 3394
8989 2515
7362 8411
9642 3256
7040 5366
9647 6407
8816 9398
9526 8560
9408 7790
9084 9034
9682 6156
9821 2964
9495 2888
9895 5165
9550 5263
7221 3355
9316 4624
9206 4304
9558 8316
9767 9281
9280 1906
7129 5621
9192 5305
9396 5497
7895 9049
9066 2473
9947 9110
9775 4479
9196 3126
9093 5558
9822 3413
9999 2824
9910 1178
9195 5078
5783 7857
9397 181
8744 153
9948 9699
9225 8759
5960 9081
9903 5121
9884 3657
9433 7497
7602 2454
7586 8276
8642 3164
9541 9396
9130 6947
5090 5873
9553 2647
9738 5246
6234 6173
9677 3385
9099 6479
9978 6689
9802 1653
8263 9946
9249 9640
9886 8303
9695 826
9406 5748
5884 5109
9450 5606
5174 8774
9511 2846
9554 2478
9185 1133
9212 9549
8399 2760
9613 5651
6272 5011
8105 4995
9642 6513
9292 2511
6118 2817
9970 3643
9002 2582
9830 9772
9491 8013
9098 9064
9764 1926
9412 4174
9950 9223
8520 3310
9655 32
9212 1309
9086 1691
6071 6129
8477 4
9246 6415
9570 637
7159 8846
9824 8758
9290 9614
9902 3961
8247 7542
5417 1877
9852 9978
6483 986
7429 989
9222 5764
9563 306
5768 9673
9023 9347
9916 695
9013 4559
9989 5287
9497 2682
9137 3578
6818 4357
9518 4210
9936 9951
9609 7276
9356 2638
8213 3208
6265 1513
9202 3877
8107 2566
9612 2637
7320 2030
9380 3776
9694 8338
6378 7967
8308 3145
9388 69
5179 7792
9719 4518
7363 1306
7623 3939
9243 2867
9741 4816
7777 4629
9865 2871
9143 5551
7654 1821
9438 4037
7346 1682
9579 565
9808 5991
6267 8367
9346 5755
9575 1777
9913 4003
6586 8490
9715 9670
9657 5387
9333 8644
5978 4115
9222 462
9070 7706
7652 9233
9688 1461
7997 920
7013 5591
9628 238
9045 7269
9039 6590
9575 1874
9128 604
9151 5485
5680 6562
9189 909
9750 6892
9347 3418
9667 3712
8017 2614
9061 5309
9729 1539
5360 8503
9895 8574
9444 1767
9531 3608
9553 8317
5695 4482
9076 5120
9425 9715
8937 4113
5783 9619
9361 3630
7174 6394
9209 9560
9685 4877
9505 2134
9573 1194
9294 7924
6017 3956
8524 7914
6866 2811
9056 2428
6621 7444
9009 3226
9333 8896
9331 8482
9191 3338
9781 4964
9070 1273
9331 5228
9399 7357
8472 1813
6586 6170
9136 5856
9307 5491
9352 7529
5314 5385
9089 4532
9499 2227
9343 3422
7651 8332
9376 1679
6070 4178
9306 5461
8138 4188
5917 6899
9293 1960
6505 659
8670 29
9233 9890
9855 3696
9688 8234
7136 5211
9643 6948
9879 8601
5839 4684
9703 4417
6187 7538
9097 8583
9969 8342
9405 3663
8703 9170
9456 8965
9766 3255
9951 5090
9760 4785
7222 9030
9936 6779
9797 9618
9422 9590
9750 3582
9767 4046
9387 6247
9980 4754
9975 7354
9894 5374
9065 9955
6703 139
9487 1885
6500 9621
9746 4131
9322 7539
9226 3245
5169 5407
9033 3108
9640 6003
9029 9201
6925 9503
9385 8946
9971 5627
7576 6303
9936 9637
9415 6579
9358 3022
9297 3000
9637 9126
6998 4786
9418 627
9910 9866
9846 7278
8748 9291
6920 3683
8387 7604
9041 2912
9833 2294
9521 821
9833 1313
9794 2541
9158 9841
9616 1889
9978 392
6274 3309
9843 113
5750 5472
9668 7896
6694 7315
9102 7957
9023 3029
5711 8674
9437 2647
9492 8475
9698 1917
9006 8477
9865 9726
8211 5022
8266 1256
9060 8895
8409 8449
9417 2797
9281 8435
9867 7472
9232 1966
9427 1459
9899 3102
6831 399
6116 6218
9775 7553
9225 6044
9076 7897
9050 9786
10000 4745
9491 9498
5904 6029
6933 2975
9702 3892
9056 5856
9240 6125
9150 3576
7043 5944
9182 6352
5779 9488
5722 9774
5929 8885
5463 9412
7013 3363
9916 1911
9754 3566
9025 7909
9430 6132
9572 1575
9567 4995
9252 2150
9673 2695
7860 5751
9494 400
9489 55
9354 2703
8120 8014
5972 8062
6164 446
9609 7270
8627 6580
5372 5793
7113 2572
9253 4945
9395 4355
9244 1195
8879 890
7783 2596
7699 6732
9358 3348
9981 1556
5140 5252
9687 6184
9572 5139
9057 30
9070 4804
9492 2270
9360 1177
9010 2458
5930 6293
6127 5494
5167 5358
8231 5248
9901 9729
9394 840
9912 8666
9885 8203
8833 8467
9929 8465
9436 9343
9484 3459
9401 3029
9087 8786
9022 8109
9192 3513
8585 6534
5620 622
9663 7760
9010 1521
6444 1732
6623 5127
8655 2741
9242 9047
9714 6988
9837 3831
6708 8037
6085 7924
9460 8783
9622 3292
9690 6709
9057 5705
9202 8618
9873 315
9137 6290
5197 2260
8734 576
9009 9159
9115 3453
7743 6038
6972 2635
9904 5895
9946 5939
9093 8706
9080 9427
7937 1136
9511 3688
9196 4218
9893 4657
9994 7110
9936 1718
9981 2896
9646 9873
8385 294
9189 952
6003 1562
9270 9118
9619 8683
9726 1463
9164 4418
8325 4990
8330 1627
5732 6000
9864 5781
9492 6157
9233 1981
9708 7821
9634 5094
6604 5512
8957 3520
9469 6632
6858 5698
6098 3070
9070 9375
8499 959
9576 3777
9031 533
9319 5970
9502 3182
9344 5991
9637 6607
9762 9209
9989 4989
9332 2508
7870 340
9838 7022
9728 6250
6242 4663
9283 8343
7424 1137
9815 1096
9243 6587
9595 5135
6379 7875
5580 1829
9193 3604
8042 4528
9476 2742
6325 9483
9032 7518
5468 4210
5681 6152
7209 8873
5031 2277
9952 9896
9925 4085
5998 748
9869 2664
7245 8861
9759 8324
9759 4575
9764 6554
8494 462
5224 377
8734 9717
9697 3813
5335 6451
9834 1698
5729 6291
9680 7113
7136 7419
9454 5535
9207 6488
5609 9004
8936 5148
9613 5100
9956 1544
7070 4358
9049 637
5405 2958
9123 2585
9030 2937
9665 9586
9694 813
5153 3618
9603 8262
9466 5046
7348 4610
9859 7816
9392 779
5277 4748
8666 6661
9366 6015
8717 4594
9736 7080
6039 4796
8188 8266
5391 8281
9486 3298
9912 954
9960 2137
9781 4654
9694 2013
9215 2925
9099 2452
5861 1737
9515 2819
9417 4822
9762 4704
9898 6904
9073 4920
8090 5015
5384 5024
9011 8410
9213 501
9409 9240
9510 9489
9793 9130
9139 1222
9866 1927
9235 8092
9415 7540
9189 5608
9824 6472
9282 3187
9591 8161
5614 2460
9176 3265
5273 1364
9756 3046
8602 4904
9881 9946
9001 152
9847 7141
9823 4326
9755 1590
9211 4968
9962 2947
9014 2837
9199 6911
9831 7653
9520 4490
8983 2475
8214 8435
8145 1398
9544 5427
7129 6282
5903 9588
7701 3029
5964 4040
9608 3569
9848 1836
9483 4475
9671 3637
7375 4789
7315 1421
7156 6969
9166 2811
9837 1840
9441 141
8381 9851
5527 9910
9801 4747
9143 9847
7397 7544
9429 416
9548 2002
9345 3618
9274 9079
9997 6327
5568 3573
8256 2395
7788 3641
9122 3281
9041 1833
9792 1620
8477 2930
6128 3004
9963 8185
9299 4532
9582 3046
9965 3026
7571 5824
9987 8838
6914 8095
9663 9915
9549 4943
8536 9683
9982 5061
8699 266
6326 2930
8324 9934
9671 9901
8170 5341
9497 5906
9586 2742
9966 2228
9224 4010
8985 4580
9264 3998
9357 2191
8385 4854
9705 371
9624 77
9438 5979
9753 5729
9351 4976
9127 4370
8981 3691
9091 5531
9141 6945
7611 4367
9523 6357
9418 1713
7371 5399
8761 9594
9505 7317
9687 1432
9534 648
9827 7738
9093 7324
6533 7253
8112 2887
9824 4004
9485 1610
9128 7917
9040 280
8659 9494
6163 4894
5361 2731
9923 9067
9679 6121
9970 7769
9948 8425
5449 9814
9354 3716
8006 6787
8301 4657
9241 3313
9799 6435
9187 9351
7097 1168
5832 2592
9231 6710
9339 2049
9263 7120
9506 8241
7388 8932
7802 261
9516 2347
9738 9280
9376 2281
8470 8307
9912 5991
9769 7324
9898 2335
9228 771
9703 2612
9179 4932
8195 6885
5980 8091
9159 1405
9522 2085
9184 5722
8716 3195
9800 600
9065 636
9664 8696
9296 6744
5284 8293
9968 9986
9256 3093
5683 6213
9252 5066
9455 4472
9315 1835
9543 8131
9326 6163
9784 5184
9313 5899
9150 4674
9088 4888
9632 1148
9930 4442
6882 8081
5775 4013
9439 1472
9677 6285
9795 8921
9602 6001
7588 4251
9582 2286
9147 1084
9287 2363
6223 1751
9676 2547
6727 7205
9658 6764
8986 3499
9081 4698
5620 9524
9895 1139
7456 6152
9998 7548
6863 8722
9430 7912
9619 2939
9634 5649
9398 1166
9761 6041
9888 4783
9372 7257
9426 4323
9624 782
8684 2828
6889 7894
9980 2973
9664 6461
7649 3079
8778 160
9960 4028
9538 3718
7686 1703
5378 3820
6895 2927
7376 9233
7183 8373
5608 9655
6485 6801
9600 9302
6147 5204
9311 9214
6952 9411
9252 3887
8997 8868
7952 7260
9407 3618
9475 5306
9513 1338
9972 7635
9224 483
6124 589
9398 637
9752 9772
9558 1864
9942 7103
9961 169
7523 4802
9048 9920
9185 9569
9660 3777
7312 1501
6785 4595
7295 3681
9030 3626
7681 3447
5282 5642
9308 8714
9260 213
8543 857
7734 5409
9677 464
9217 2887
9664 3929
9471 4715
9324 2299
9360 7542
9312 302
9461 9685
9992 1494
9307 5054
9406 7197
9986 1109
9061 3595
7990 9581
9196 5585
9432 8843
9611 2605
9157 3559
9708 3842
9581 2146
7816 6468
9421 3382
5187 6925
9959 8550
9264 920
8383 2162
9685 1735
9600 1303
6852 3342
9555 5461
9820 1678
9628 9778
5648 2274
6233 5778
9483 5619
9030 8488
8217 633
9437 9383
9720 5828
9498 5753
9825 7897
9690 9198
9983 2460
9770 1706
9091 7051
9739 7687
9554 2946
6476 5749
9446 3522
9876 7452
9076 6668
9625 2171
8500 3120
9335 9511
9221 6817
9045 4607
9690 6996
9204 1171
9467 2268
9877 2702
9402 2463
9892 7768
9671 2243
9145 5385
9590 3941
6718 3557
9746 7769
6388 8124
9121 4901
5111 7751
7437 5906
9201 7021
9977 8308
5931 6189
9907 7026
9506 955
9842 3132
9684 7153
9821 7921
6957 9835
8560 7779
6653 4527
9148 7537
9284 35
6803 7202
7729 3681
9586 5063
9303 8039
9312 2512
9606 7733
9413 3637
5400 7314
9620 6281
8755 5031
9175 2547
9670 3486
9025 3762
9478 9052
9856 8150
9001 4143
9662 4812
7323 7149
8506 876
6800 4189
9242 5681
9702 8873
6622 2021
9375 6252
6701 8402
9198 5564
9754 884
9165 1168
9260 186
6525 3718
9860 6842
9471 1099
9916 4119
9007 2905
9965 4429
9964 5679
9213 1128
9004 9700
7112 3127
6389 9390
9677 4530
9104 8671
9382 4280
9029 5150
9533 7089
7009 754
9947 5022
9890 3687
9852 4567
8135 3311
5443 646
9972 5647
5509 1168
7746 6548
8974 1740
9100 4250
9067 7617
6273 583
9213 5882
9072 7527
5656 1247
9787 6505
9462 4963
8506 3194
9908 3000
9692 1150
6780 9522
9707 2374
9241 1023
9261 5959
9205 7468
8811 3227
9917 1409
9401 662
8108 8388
9298 7447
9497 5163
9406 4217
9433 1368
9366 7761
9957 2235
9630 9995
6133 3671
9988 2864
8568 8422
5639 1278
9690 8279
9582 9583
9406 6023
9427 4259
9838 5886
9929 6980
7799 622
9757 6973
9960 3141
8566 3968
9965 6658
6694 9411
7117 2330
9978 8464
9905 180
5003 9136
9572 2326
8999 3720
9296 5067
9103 8542
7045 3001
5258 1739
9690 8753
9682 3260
5268 2815
9817 3059
9253 4980
9755 7315
9029 8580
9039 6250
9334 9586
9264 4315
9690 6728
9709 492
9078 4947
9893 3282
9050 4
9873 2236
9727 7609
9146 227
9931 6759
9296 4060
7615 3094
5579 3474
9121 3778
7969 7775
9238 3692
9338 7203
9476 5061
9278 1300
9578 697
9989 630
9067 7450
9689 586
8992 3835
5644 2194
9919 5266
8305 7541
9011 542
6602 1507
9065 2555
9200 2913
9008 9562
6263 907
9685 3071
9357 659
9595 509
6163 1221
9697 1039
5894 7276
9180 5283
5623 4562
9722 9224
7373 6119
9739 920
9924 2880
9380 3860
6536 626
8073 4259
9567 7190
9548 49
6533 2094
9143 3738
9159 6480
5186 9952
5801 9159
9198 9911
9802 9052
6360 513
9945 7843
9275 4573
9626 6984
9784 9439
9070 9420
9318 2285
9507 1196
9624 7892
8438 3960
9001 9324
7916 6904
9573 1158
7174 4940
9015 879
9236 6657
9315 7387
8602 4617
9295 8392
5722 4417
9445 2851
9394 6834
9967 6129
7446 804
9240 8022
9826 9454
8453 7297
9301 7979
9959 6777
9427 3211
9480 2721
5427 490
8349 7455
9276 1363
9689 7604
9036 4928
9508 8991
9782 7790
9940 9137
9992 8061
9847 9206
9685 8067
9539 4536
9506 4710
9732 6704
9216 1016
9164 8259
5840 6600
8818 115
9508 1937
9539 3525
9082 5614
9520 4227
9669 1856
9661 2961
8296 8653
9580 7065
9584 1959
9445 134
7179 6012
9467 9042
6710 5935
9751 1114
9486 1869
6977 1042
9908 3588
9343 1766
9972 1770
8009 6512
9730 4823
8027 3414
9753 9183
9745 6924
9598 7809
9979 2189
5779 5144
9295 9316
9903 314
8101 5170
9305 7036
9283 3010
9596 4283
6006 2898
9713 4196
9836 92
9684 3956
9893 9878
6687 6862
9311 5900
9203 7822
9925 5801
8281 2827
9957 8688
9420 7432
9987 6039
6033 298
6454 1840
9428 8723
8311 9054
9683 2292
9775 6283
9095 8979
9863 5306
9549 1487
9977 6427
9945 6309
9801 3182
9254 6454
9664 6467
6426 940
9434 9104
7425 5941
9819 2368
5257 1759
9929 4188
9220 5110
9497 696
9032 1476
9083 195
9609 8005
5352 4565
9215 5615
9580 6568
9319 5414
9299 1717
5213 2216
9320 5158
6192 2531
9832 7165
9854 9330
9575 5259
9469 3862
9402 2427
5755 6176
9032 5237
9797 6119
9617 3973
7712 6401
9556 2722
9671 9227
9663 9691
5934 8785
9783 9838
7207 5819
5440 3603
7979 7099
9311 5926
7252 7359
9923 7167
9303 2332
9919 1909
9676 8413
9647 4477
7453 3361
9649 1654
9754 581
9164 929
5434 8527
9460 7628
8677 6173
9416 1635
6767 213
8007 2600
9050 4771
7872 6166
9831 7961
6521 1830
9028 4665
8496 7870
9108 74
9684 112
9616 3655
9095 1733
6913 7104
9291 5903
9752 8770
9817 8151
9538 3880
5210 7174
5007 8613
8504 3309
9548 6645
8534 5280
7459 6674
9471 744
7252 8888
9447 9564
9345 8609
9558 2115
9435 8352
9603 3644
9503 6567
6099 5049
9030 2213
9924 1603
9080 8866
9760 4663
5024 8735
9999 3433
8319 5604
9374 6236
9379 7140
5387 8696
7216 5545
8940 5138
5691 9033
9962 2071
9641 790
9812 9332
5690 2305
9941 2005
9488 48
9216 9608
9074 8846
9772 213
6272 5109
9840 7156
9230 8922
9134 2230
9462 7643
9852 3717
9488 9925
9428 5845
9682 2231
9553 5751
9732 4267
7386 8907
9197 4444
9617 6811
9490 6075
9993 1404
9739 4782
9907 7324
9980 1934
9443 9920
9140 8740
9794 3868
8011 142
9909 5794
9264 1200
9396 8740
9709 8650
9259 7461
7793 8198
9144 6276
9424 8720
5264 4293
5111 9679
9965 1485
9740 6440
6829 5449
9921 8068
9787 9472
5415 8348
9133 9616
9890 2918
6441 7550
9116 9184
9310 16
9089 4642
9681 8401
9395 7703
5504 6808
9681 1068
9842 8770
9024 7593
9047 4195
9510 9377
9744 4094
6045 7546
9848 1190
9952 683
9426 8231
7335 4248
9887 5139
8525 4482
9526 2960
9328 3884
9631 8984
9193 231
7473 8645
5106 7310
6725 8496
9408 146
9053 9600
7558 9005
6481 9348
7543 1858
7779 351
6919 816
6477 4810
6359 4460
7512 2506
9791 6283
9703 4348
9714 4896
9543 7428
9061 5876
9519 1110
8654 8215
9301 7375
9005 9207
9349 6031
9443 2040
9351 2414
7660 4223
8332 539
9942 918
9976 4648
9313 8470
5806 811
9408 4768
5829 4893
9409 2844
6185 651
9609 1246
9500 8414
9083 5183
9957 9337
9240 3868
9984 5262
9826 1319
9515 5940
9270 7692
9573 7339
9456 2329
8574 8197
9188 4416
9066 9871
9036 8567
9555 9671
9856 5189
6261 4189
9528 6485
5066 5271
9868 4805
9070 7148
8386 150
5911 9304
5570 4329
9428 9618
8356 4632
8104 3671
9814 9636
9581 1882
9468 94
9036 7262
9384 2891
9028 8955
9662 6420
9321 4037
6113 9924
9544 979
9111 6671
5566 2301
8351 7472
9801 4818
6709 7012
7268 1514
8731 755
7844 9416
8395 4080
8567 6816
9512 3620
9408 6296
9074 8053
9202 1631
6302 8467
9647 1517
9189 3909
9185 303
9788 5720
9488 1134
9111 5693
6875 8422
9168 7452
9257 6417
8070 2010
9383 9941
9275 7770
9423 3300
9584 4426
9168 2711
9637 1187
5439 9430
9345 3516
7955 7023
9050 2166
9583 6550
9160 4470
9473 3549
9828 8845
9735 5804
9021 9003
7707 3638
9523 2369
9848 5343
9138 5542
5660 9802
8503 7010
9894 9930
9252 8345
9303 8005
9912 382
9918 8320
5250 4154
9383 860
9165 6339
8626 4205
7565 8794
9695 9213
9434 5984
9514 1060
9904 7569
8992 9704
9009 8839
8317 6569
7689 2915
7094 2936
6440 1301
9661 648
8075 6738
9606 5695
9584 800
9680 9983
8664 6399
9543 429
9587 6501
6258 2969
9316 1196
9629 251
9400 4352
9132 7529
9897 843
9551 6304
9477 8865
5336 5155
9956 9103
9633 9588
7155 1321
5839 7823
9894 7213
9128 5969
5562 8862
8083 3320
9876 8805
8044 5878
5946 991
9354 3648
9152 4047
7910 4108
9204 4819
9112 2693
9116 947
9411 2057
5774 7184
8978 6692
9522 9211
9407 5033
9885 2282
9616 4529
9333 3085
9068 4137
7635 5265
9359 2974
9309 5704
5334 6097
9641 129
6417 8598
9066 5493
9133 8928
7173 355
9305 5397
9373 2344
9277 4625
9718 383
9431 6541
9992 3353
7068 8683
5763 110
6373 8232
9708 7614
7556 16
9938 3124
5884 3195
9062 8425
9283 2220
9676 5499
5102 8198
9544 8092
6789 2134
7264 1187
5036 5567
7390 696
6559 6302
6874 2512
9021 9241
5732 5934
9346 5243
8112 5408
9630 7996
9410 5988
9874 4251
7449 9878
9047 1133
9463 5406
9139 4861
9289 6953
9640 9128
9095 4351
9767 9913
9553 8054
7921 7053
9189 3327
9415 7531
8950 1089
9435 4031
6260 1810
8018 1820
9170 4394
9472 4149
9371 6072
9881 5988
9290 3122
9034 7649
9675 9116
9376 1320
9680 3430
5299 6650
9628 2548
9847 3774
8384 3954
7675 1368
9659 665
9227 9666
9674 392
9149 5829
9858 7371
9727 9715
9622 2561
6900 4814
9943 9100
7001 1625
9349 5073
9590 1315
7107 1130
9225 2753
9227 1969
8520 8706
8151 6293
9468 5596
6675 8292
5258 8310
5591 9044
9113 763
9903 5049
9971 6404
8786 5982
9691 1826
9696 8355
9743 743
9002 9310
5408 3871
6098 5411
9366 6320
9387 5218
9689 876
9785 1305
9472 3293
9904 7421
7525 9722
7789 7457
5057 9805
9584 831
9190 2347
8163 6995
9427 439
9532 9985
8196 4383
5776 5844
9066 2295
9374 2111
5579 3118
9880 8868
9280 9404
9889 2113
9900 9447
9365 9545
9936 2900
9219 4312
9820 8871
9465 5491
8465 4724
9356 5226
9046 1068
9256 7413
6889 7252
9591 4210
7583 8033
9348 5222
9215 4549
5122 2671
9710 7961
6455 5369
9498 6625
9527 9385
9322 9010
8571 8892
9317 1229
9805 8459
9326 762
9692 797
9476 4679
7036 1137
5973 319
9903 1223
7673 5465
8022 9294
6081 9975
9468 648
9620 6040
9314 9760
9231 8526
9576 4462
9876 199
9057 5128
7656 8735
5223 9107
8647 9607
9880 1295
7807 2460
5830 3290
6821 3184
9311 6054
9689 7467
5819 5099
9489 222
9681 9772
6908 1628
9131 8246
5532 2800
9830 388
9716 9606
8520 4614
9852 4381
5593 8679
9830 9584
7987 5429
8996 3548
8198 6162
9133 994
9470 8285
9393 7892
9875 4232
9306 4116
7054 4410
9945 1314
9420 7590
9009 4309
6297 9116
9149 8267
9572 3863
9540 7464
9608 8137
6072 9274
9795 7489
8683 8238
9887 1856
9088 2981
9132 2250
5928 8199
9662 6939
9235 7050
7076 4061
9170 4616
9104 8080
9726 7004
9194 3053
8579 2887
5416 2111
9931 3087
9981 5481
9419 5080
9491 8341
7224 6195
7564 3068
9899 3641
9637 8916
9878 5026
9034 9340
7752 6690
7012 7191
9923 2666
9114 8190
9292 464
5474 3888
6699 6140
9459 896
9316 6568
9984 9787
7436 6720
9571 3312
9232 2252
9883 884
9199 3623
9488 3792
9251 9644
5497 2132
9884 4843
9839 1101
9764 6631
6697 2040
9761 4833
9260 9653
8131 2858
9370 4619
6642 2071
8984 8465
9482 17
9515 316
9383 177
9761 2421
9797 2219
9485 7776
9536 3743
9872 3401
5377 8661
9172 6138
9494 4742
9077 698
9661 9864
9169 1126
9757 5252
8199 4312
9220 7382
6126 2753
8218 9344
9993 2631
6488 7732
8954 2612
9951 2345
9176 5999
9718 3149
9002 9675
9139 4957
9016 5923
9648 8498
8632 724
9495 6913
9266 2649
9817 5543
6370 2930
9368 1798
7006 3133
6885 1898
9285 3670
9401 4364
9790 9899
9321 3536
9931 7764
5817 214
8643 7547
5367 3635
9734 2536
9786 1736
9536 2502
9813 7243
9284 8929
7240 4552
9258 4451
5121 122
9997 776
9402 8951
9329 6219
7451 9106
9707 2747
9194 2599
9402 4831
7388 7002
9489 1376
9460 7119
9137 9308
5896 6969
9146 5485
9068 8243
9586 8150
9965 5453
9491 438
9773 1816
9614 5703
9419 1253
9482 9859
9180 1514
5280 4341
6385 6763
9016 3516
9392 4020
9538 8566
9332 8208
9640 8989
9153 7691
7971 9099
9422 8009
9648 130
9831 9308
9603 2267
9814 666
8082 3919
9353 5112
9779 3453
9814 2014
6308 7928
9519 7194
8719 1106
6160 6716
7233 5426
9964 7830
6981 3212
6768 6643
9887 7590
9273 308
5036 9300
9880 6285
9378 2232
9227 560
9224 3757
9856 5451
5275 9207
9853 5102
9528 6175
9020 5996
7619 967
9801 7436
5526 8806
9509 7399
8278 1103
6238 7520
9226 5491
8315 9178
9766 3131
9322 8831
6475 9490
7202 6733
9119 5540
9314 4423
8120 2146
8957 6014
9749 2252
9544 5015
9202 3872
9923 8060
9219 1256
9514 631
8412 9099
9753 7613
9627 6178
9652 3068
7694 1996
9082 6058
9283 1969
9030 5166
8828 1159
9956 3501
9022 4552
6252 388
9954 3965
9291 6766
8831 1176
6899 4431
5353 9478
9226 9186
9720 6382
9833 4657
9404 437
9808 7692
7636 8153
5057 703
9510 9626
9204 9676
9838 4512
9982 1052
7329 5557
9512 6028
6794 955
9008 1263
5099 8305
9657 3762
6219 1321
7060 1764
9816 7107
9317 7835
5548 1050
9247 2076
9993 6223
9020 1809
9300 5355
9953 5800
7130 6894
9686 2356
9460 4872
9238 161
9125 9634
9793 6957
6642 4281
9766 8207
9516 311
9307 1636
9029 5866
9990 7714
9913 468
6097 2179
6724 6537
8705 9763
6905 4530
9901 4955
6807 4912
9277 4469
9708 7939
7947 973
9618 8327
9289 6185
9489 5282
9013 1030
9366 8082
6069 4463
9174 3648
9616 9646
9071 7624
7964 7002
9235 5567
8985 1352
7262 8195
5854 5478
9936 6227
9049 9694
9707 6857
8248 1850
8336 1259
9841 442
8661 130
9998 901
7790 3248
8736 2792
9628 8430
9598 3156
8155 9270
9220 7321
7545 8748
8015 4668
9551 8848
9781 4182
9301 1077
9073 7041
9285 8648
6732 4434
9995 4229
9593 6437
9756 1243
9146 6501
9497 3471
9789 220
9022 5476
9474 2022
9242 5086
8707 5209
8005 5643
7189 9285
9242 8793
8733 7040
8667 5588
9597 9973
9660 75
9616 8807
9605 2048
7422 5295
9657 9584
9764 5362
9297 2045
9575 9362
9244 1919
8854 3173
9512 6081
9788 5916
9125 9389
8761 4459
9144 204
9564 2235
9521 4547
8050 531
6772 9134
9584 6478
9351 891
7475 6756
9236 457
9091 190
9905 5007
9482 460
9820 3607
9323 453
9144 7135
8284 6141
9738 5391
9641 9153
9980 567
9962 1487
9129 412
9520 8867
7218 7255
9275 9673
9190 2447
8599 3883
9268 7784
7395 1002
9308 5453
8644 7732
8646 1108
7302 1752
6967 482
9706 4940
9093 526
9300 4331
9477 7879
9465 6488
9350 4154
6061 9752
6807 9208
9069 9712
6042 4057
9862 3795
8452 4154
5386 9374
7381 2495
9571 7613
9714 3650
9443 4417
9532 8300
9779 5364
9585 8529
9490 205
9851 9462
5217 4119
9952 2980
9911 1387
9946 4288
8644 4566
9799 874
8254 142
9641 2763
9618 1935
6990 2265
9876 6875
9938 1993
9859 7398
9885 9392
9242 7531
9025 4993
9037 8674
9441 1865
9311 1074
9790 2622
5079 4314
9820 7746
9496 7995
9904 6051
9055 214
5736 3718
8775 1202
9082 5863
9694 2857
7956 6294
8265 6233
6371 806
9434 6505
9632 79
9257 6075
9275 3535
6415 8092
9624 4659
8594 5803
7730 4676
9373 8660
9445 4754
9737 8153
9031 9357
5222 9066
9362 4602
9290 6090
9202 4074
7527 5818
6495 4882
5188 7675
9063 4420
6888 5832
9773 9630
6229 4368
9051 9757
9197 6266
9308 2489
9562 3292
9901 8771
5892 4410
5427 687
9625 3989
9824 3085
9699 1938
9286 9304
6198 8409
5887 7148
5819 5158
9652 7926
6595 3712
9575 7744
9354 33
9240 6617
9215 3511
9556 2222
9479 5007
9123 9498
6065 1831
9934 2033
6548 9900
8522 3177
9470 3207
9183 1724
9556 8099
9179 6256
9133 7306
8180 8998
9321 1753
5423 4354
7499 229
9743 7945
9196 4495
9655 2623
9106 7144
9068 8514
9031 5641
9040 5366
9134 9134
9925 5253
7478 861
6250 7185
9904 2993
9572 6708
8151 8304
9461 387
9856 6187
9172 2415
6620 6847
5796 9782
6694 5713
9286 6902
6194 4173
8693 2107
9754 6176
7006 4551
9672 7182
9008 9308
8493 5616
9868 409
8646 5334
9633 8501
8738 5336
9776 8409
9161 5301
9866 3281
9005 1358
9328 333
9854 5600
7646 2682
9918 1009
9801 2431
9157 3339
9248 765
9132 8368
9728 332
9898 4109
9999 1541
9714 2782
7981 7662
9991 3634
9060 4795
7878 1302
9446 92
9921 9646
6739 8411
5512 7522
9617 1741
9101 1402
6248 7913
9311 3031
9365 1086
9699 9219
9391 2235
9566 1634
9963 536
7001 9826
7467 1500
9171 8580
9269 729
5865 6246
9069 6251
8406 549
9160 5441
9013 3362
9604 3205
9041 2928
7308 6924
9190 7298
9361 9946
8002 8772
9049 2230
9080 2906
9383 1433
7359 7573
9115 2102
9292 702
5775 2494
8206 9045
9557 1277
9024 656
8590 4871
9833 6725
9519 9166
9742 4897
7890 3923
8981 5742
9370 3423
9217 1361
8403 2447
7208 9560
9332 935
9949 6276
9733 6351
9972 8775
9649 7355
9308 5112
8506 2748
7378 2025
9355 6520
8755 2928
6186 7091
8017 597
7033 5784
9650 7381
9573 4430
9844 7199
9912 8414
5486 5644
8526 6934
9007 3164
9137 5510
8474 3723
9684 6250
9974 1481
6798 4752
6433 5216
9918 3807
9741 9244
9198 4151
8119 7737
9206 2218
9891 3244
9434 2490
9106 6823
9978 5166
8294 4489
5589 7154
9463 8409
9887 1640
9259 7995
9739 1617
7277 7444
9097 2822
9608 4023
9895 7644
5040 1680
9299 9612
9700 2720
9974 4399
9710 6329
8720 6636
9723 6344
8579 2686
9509 2431
7551 4105
9533 8151
6968 2517
9261 9696
9208 3793
9018 8807
7977 2993
9906 9590
9811 76
8966 5073
9031 4674
7162 9919
9387 6105
9387 5803
9793 6180
8033 7476
7822 9484
9671 3371
9346 1901
9849 771
9191 6988
9684 1527
9666 340
5964 6099
9811 1816
5115 3424
9488 3080
9558 6798
9417 3852
9756 3283
9198 5289
9911 4632
9634 7480
9293 3127
9032 7339
8278 5025
9709 2691
9377 8394
9885 3189
6817 9821
6759 67
9488 1672
6906 5569
9943 1143
9369 7928
8996 2024
5794 9295
7259 7101
9761 9072
9770 6865
7902 9509
8956 4860
9219 5823
9776 315
9511 2938
9032 6914
9751 6557
9572 3679
6856 3224
9614 7716
9047 8941
9526 9025
8828 1585
9356 2182
7913 6175
5400 2841
9266 5850
8584 3678
9113 5362
9001 3115
7864 9488
9907 5618
9170 8225
7562 9220
9358 8818
9980 7926
9503 2853
9064 3603
9908 8629
5200 5632
5292 5364
6973 9785
9683 8527
9526 1711
8434 9503
5293 7094
9861 6908
9877 1055
8099 448
6787 2530
9476 3260
9353 2804
5018 6881
9226 330
9047 900
9027 9336
8076 1851
9946 2258
6562 5774
9140 1878
5932 5017
5056 690
9780 4928
5896 6693
9110 4192
5791 99
9739 4271
9819 9873
9562 3835
9813 3799
9940 8171
9795 2218
9800 8203
9235 9549
9923 5867
9140 4416
8148 7295
9176 2539
9145 5724
5789 7759
8785 6963
8758 7660
8840 5625
7645 2954
9727 5941
7202 5413
8758 3789
9201 6005
9452 8333
9781 6192
9339 7505
6103 2324
6464 5131
9716 7034
9910 2719
5154 4559
9545 5367
9348 210
9043 8062
5887 1434
9791 8147
9955 5088
7826 452
9355 6116
8226 9676
5014 391
9417 2888
9658 8308
5192 1537
9748 442
6571 9088
7238 8311
8581 3872
6241 1923
9459 9347
9847 9201
6181 2861
8087 1121
9384 4255
8806 9774
7911 8495
9951 3003
9684 1756
7000 9842
9580 5369
9950 8435
9634 3837
7844 5257
9991 6356
9034 8178
7950 1870
9830 2326
9605 6881
9022 4576
8953 5669
9809 6314
9757 1036
9087 8075
9093 1296
9468 540
7752 5466
9534 9447
9753 6552
9892 4467
9049 6627
9499 8555
9903 2965
8608 2328
6661 6050
9474 6699
9550 4797
9811 9940
8132 5016
9420 9805
9422 1438
9182 1385
8430 3283
5540 3842
9456 139
5506 6649
9888 8488
8245 2
9807 813
9047 8672
9388 6580
9389 767
6574 3227
9949 7412
9935 9856
9861 422
9992 5539
8105 609
8225 1539
6513 3215
9506 2662
6261 5496
8530 5306
9529 7513
7340 9926
8260 7853
6542 7038
7736 1350
9840 3389
9623 3219
9855 1378
9647 9009
6215 4916
7646 1238
9523 5110
7167 1823
9369 7764
6570 9354
9931 763
9845 5352
9810 9460
6568 5780
5768 8427
9270 235
7307 8033
6862 2693
9732 1843
9276 5140
9047 8969
9139 3821
9529 5243
6063 880
9421 8270
9308 3801
9954 6509
9453 2510
7309 5400
9619 9014
9809 1244
9977 9796
9096 8282
9313 4923
9037 7003
9138 9901
9063 5457
8674 8181
9243 1221
7014 4747
7365 2819
9975 612
9005 8122
6996 5814
5949 8717
9641 3094
9471 4898
5616 3478
9380 3461
8489 752
6858 3123
9699 7112
5778 4640
5084 8967
9242 4734
9634 7363
9587 1032
6410 8429
9022 9691
9223 7995
9795 6092
8718 6692
9305 7428
9183 9579
9346 397
9300 8632
7616 3743
9398 4903
9540 2830
9850 8581
9402 3335
8681 9566
7482 218
9540 6530
9686 9117
9767 8570
9455 8600
9802 2235
8850 4767
7297 2156
8298 9159
9157 7208
9818 8095
9477 5399
9411 2785
9020 8547
9443 6548
6892 9905
9809 3319
7432 8487
9917 6024
9186 7061
9067 2473
9582 6888
7389 6803
8450 6560
9678 3915
7709 4292
9392 5335
9350 938
9276 2599
6846 1589
9995 4699
9125 458
9991 710
9014 3866
9494 1703
8272 8838
9581 6120
7541 5209
7630 4664
9872 5865
9683 4429
9605 5939
9558 9406
9021 4278
8556 3008
5702 565
9658 6129
5957 6611
9279 8597
9701 8766
9375 9660
8037 3678
9100 5279
8712 9131
9561 6025
6591 6797
7974 5646
9188 9635
9367 927
8880 8932
5900 8034
9601 3667
9695 9624
9144 7789
9383 2244
9069 7006
9787 942
9338 4740
9612 3180
5448 4891
6409 8681
9299 3294
9263 9077
9937 9724
9883 689
9015 7423
9962 3063
9983 8612
9814 6743
6196 4968
9634 2749
9930 3894
9403 3917
9960 5699
6129 8692
9140 6654
5479 8899
9663 804
9552 755
9876 6023
7819 6972
5082 8251
9153 8810
8591 7692
9154 4516
5395 8325
9704 7116
9556 1722
9748 9882
9740 970
9978 3583
9663 7286
9701 9369
9941 2652
9325 7834
9808 2388
9433 3899
6078 1996
9784 3274
9522 7338
9054 2159
6834 3972
9841 9074
5789 8579
9821 6536
9687 998
9265 6106
7046 9647
8688 135
9672 9628
9174 7853
6937 2478
9239 9645
5033 3059
9361 1776
9406 2942
9144 1685
9190 6632
8549 2804
6742 3578
9296 7149
9417 9152
9176 5355
9447 9960
9159 504
9950 429
9901 147
8763 6094
7694 3800
9851 7883
9787 5914
9652 6313
9736 2032
9397 4547
9533 7083
9686 432
9962 3736
6129 4351
9954 4056
9021 8142
9572 4235
6029 4471
9728 7016
9821 2505
9356 3906
9950 6014
9409 8955
9361 7099
9712 6097
8688 1349
9967 4066
9937 1152
8479 2189
8627 7444
9351 280
9550 7138
8216 2425
9382 2182
7312 6319
8725 8597
9310 8440
5876 6522
7699 1435
9321 2438
6127 2924
9094 5591
8481 9893
9575 7796
9214 2772
9192 271
9112 8450
9292 3148
7028 6739
6581 9235
9878 985
8470 1835
9731 9161
9621 2657
9433 9892
8755 2695
6538 8517
5948 6118
9017 4876
7963 7088
9470 4364
9330 6371
9423 4318
9101 8180
8535 2948
9535 4706
9730 5745
7454 6412
6860 1583
9346 8959
9752 2651
6988 2343
9551 6520
9670 956
8364 2089
7832 2027
9850 4907
9525 6680
9884 9255
5331 3743
9243 773
7926 9951
9317 3557
9292 7559
9759 8823
6983 7277
9650 6837
5868 6381
9901 4837
9240 1717
9108 780
9887 5627
9889 9963
6176 8435
9629 6947
9450 1459
9229 1300
9036 5185
6384 7892
9064 4033
9304 9602
8113 1113
9621 5642
5691 4931
9276 1445
9642 3931
8340 3766
9085 9724
9396 5414
9615 9269
9536 9255
9607 4792
9549 8834
7073 3792
9347 7144
9904 47
9544 3595
9768 9247
8804 7042
9336 1586
7002 7909
9290 9043
9022 1318
9417 4980
9431 8126
5911 4437
9876 6171
9845 7150
5230 1499
9940 9503
8281 3464
9975 3066
7112 8054
9467 7717
9761 6103
9268 7672
6720 6160
9182 8802
9449 3977
5985 1333
9766 7048
9819 5048
8863 7513
8086 4890
9466 2411
6116 2569
5298 9194
9151 3341
9830 4145
6810 8844
9461 9591
6122 4108
9281 8787
6026 6837
7870 5383
9907 3159
9166 8695
9818 3830
9964 2903
9355 1617
6990 5412
9830 3416
9713 5633
5847 7050
8808 3146
9422 8091
9069 6186
9736 7695
9165 3285
9244 5571
9309 7616
9950 1785
9837 611
9243 736
9249 5580
7080 2986
8988 4794
9505 4451
8102 4351
9279 7250
9561 3451
7653 2775
7647 9134
9148 9894
9548 9555
9254 7165
9938 1906
9577 6165
9102 468
9215 9456
9345 682
7393 999
9642 3935
5040 1712
10000 2524
9076 8228
9929 154
7078 7184
9779 7758
5407 6356
9395 591
6433 4044
9538 6102
5710 9813
8405 2371
9839 5849
9093 3480
9936 8611
6392 7441
9371 9420
9322 7833
5640 7723
9083 4473
9179 2924
7873 6747
5520 9101
9484 2807
9717 4967
9797 6710
9432 1595
9544 655
9465 1717
6935 1723
9210 3118
9083 2358
9445 2714
9744 7807
9127 840
9899 9286
9577 5813
9194 6365
9363 1801
9673 6632
9753 4403
9659 9281
9262 7051
9168 4998
9588 7542
5686 8040
5476 7742
9581 991
6076 6210
9916 8921
9193 4123
7952 9848
9486 5057
9603 6073
9124 2553
7807 6437
9447 8329
6887 7577
5627 9599
9020 8050
9509 728
9470 6360
8535 2752
9740 1267
8025 8143
8721 6323
9634 7765
9610 3854
9388 897
9508 1088
9585 4065
9050 2220
9440 8118
8299 6167
9975 7347
9194 410
9273 192
9381 3913
9934 789
9199 2808
9347 1101
9978 5129
7798 3074
9111 2513
8721 6975
9933 6485
9013 6847
5453 8487
9589 6314
9589 496
9629 3291
9114 2859
5959 3615
9530 1938
9819 358
9716 8847
9886 696
9753 1965
9477 8071
8217 1258
5432 3740
9232 913
9741 1468
9296 8821
8101 365
9940 6240
9763 9030
9591 662
7714 3620
6844 5685
9210 5540
9828 6354
9587 5631
8066 7439
9409 8073
6833 4769
9865 7272
6236 8661
6661 5209
9733 5278
9086 1302
9405 1289
9958 591
9566 406
9931 1066
9139 570
9115 1216
9583 2294
8838 7633
8672 9229
7235 5297
9022 2022
9433 7871
7875 4614
9553 4009
9158 5408
6317 6462
9117 8330
9717 8599
9622 1555
9414 3900
9085 9782
9561 253
9891 2898
9181 8095
9321 8858
9114 6356
9007 4686
9268 7962
9758 9885
5564 9390
9625 7721
6150 4485
9856 9660
9802 7531
9539 290
9769 6071
7813 7687
7252 8866
7341 914
9689 3564
9103 8077
9129 838
9411 5275
8239 1356
8676 5819
5452 8657
9862 7174
9249 3474
9624 9166
9781 5782
9062 479
8607 1712
9934 2034
9513 142
6525 7730
6375 2633
9467 3273
9086 3530
9633 4019
9676 7578
9290 8312
9222 3885
9564 7755
7519 6761
7600 8902
6287 933
9460 6315
9415 8197
9219 4807
7199 4622
6252 6015
9605 2651
9431 7124
7323 7540
6310 5381
9206 11
7839 6428
9056 114
6934 2063
9266 9515
9971 9366
9288 3615
5932 3117
7127 2386
9775 865
9785 2529
9657 9129
9744 7199
9209 1867
9332 2151
5381 9656
9183 920
9223 5384
8551 5888
9897 5566
9088 6603
9277 1764
9168 105
9627 6516
8249 3239
9562 9553
9848 4383
9807 101
7837 8824
9216 1491
5520 1552
9896 5263
9756 8024
9943 55
9156 3301
9491 6388
9511 4907
9862 4965
9155 7834
6664 2391
8923 8670
9955 9450
9299 6776
5804 106
9159 1185
9447 953
9818 9549
8068 3594
9626 6667
6206 7836
9174 9932
9184 6850
6454 2402
6574 5773
8274 4663
9775 8272
7885 322
7137 67
9337 9920
8819 3182
5805 692
9108 262
9769 4700
6999 9452
9479 4256
9806 1335
7673 9496
8191 2748
9389 9904
9136 933
9273 3275
6369 4891
9849 1204
6259 7542
9558 6830
9484 594
9418 3303
5381 2852
7950 1111
9923 4951
9432 9806
9675 179
5442 7715
9129 3623
6186 3850
9566 2986
7977 9335
8199 7815
9536 7736
9865 3419
9461 8247
5659 4464
8009 1395
9158 3561
9544 45
8016 2222
9217 8940
7084 3200
5089 8906
8394 2939
9685 8814
9844 7598
9570 2314
9198 5221
5154 7784
9209 9178
9703 5334
8748 2183
7512 4160
9375 1558
7444 9295
9902 5777
9090 5436
9645 6833
9702 4800
9217 853
9316 228
9744 9135
8596 5841
9624 6404
9717 462
5136 291
9856 5207
9265 601
9754 8252
9747 2070
7887 7933
9443 9670
9016 8850
9298 3907
8164 9727
9898 3354
9890 5872
9571 6367
8100 8340
6623 499
7250 5079
8276 2217
9916 3829
9778 3446
7089 1347
9703 2919
8002 37
7514 1637
9625 6930
5591 9638
9396 2090
9216 7726
9771 5142
9601 3884
9972 9493
9784 6255
9151 5156
9759 5975
9160 8013
9538 4265
9515 134
8685 3608
9791 5660
9292 5204
9773 1580
5880 6068
9922 7881
9719 7159
9458 6892
9838 6945
9055 3746
9390 8689
7962 6857
9644 8562
9309 8111
9430 6378
9764 8874
7624 8659
8003 8931
9770 588
7842 4288
9539 8348
9409 7744
9383 5164
9632 961
9027 2288
9781 9929
9645 2949
6456 1888
9948 9162
9912 9632
9169 6926
6770 341
9980 755
9657 5489
7244 22
9920 9032
9665 559
9732 8775
9222 5751
6117 9075
9649 7059
9577 4096
8049 6493
6171 8482
9273 668
9966 7657
9002 7669
9684 7756
8610 8896
9929 5877
9737 8824
9687 3956
9372 6642
9909 840
7287 8285
5252 5291
9540 1076
5315 7400
9995 5145
9986 4687
5608 1662
9285 3962
6448 4153
9715 1236
9229 735
7425 3581
5979 4725
9322 5059
9582 2693
9155 3681
8338 605
6963 9077
9380 6628
6817 5208
9171 2727
9278 9501
7976 5569
9944 1725
7623 9382
9869 7990
6930 683
6059 8563
7794 8240
9910 9479
9073 4090
9278 3188
9341 1323
9159 8970
5345 9290
7968 8948
9571 6213
9175 9300
9986 5207
6109 35
8012 7452
7515 4736
9456 7024
5746 6434
7817 4076
9548 2538
7462 946
5043 5324
7283 6876
9120 4758
9324 2951
7269 4353
6879 9220
8368 1373
9838 9939
9124 6560
9766 3421
9030 8920
5051 9450
9683 7280
9893 4507
9207 4750
9168 6351
9701 9936
9462 835
9573 2916
9407 2247
7135 2346
6294 8137
9934 3652
9664 7262
8122 8602
9414 8271
9805 5426
656 9165
42 9124
231 9947
3119 3210
771 9920
791 9037
4469 3919
234 9972
510 9930
228 9515
384 9375
3174 782
110 9945
169 9182
2638 3570
930 9598
2901 2494
4863 1130
830 9415
2926 8611
19 9035
762 9917
557 7904
3317 8355
638 9701
631 9657
692 9794
3542 4523
546 9687
3593 5819
3048 1061
853 9317
2924 390
434 9366
1491 3486
2206 7813
856 3084
3520 1280
1206 8844
546 9654
499 9392
258 9020
847 9848
1797 1281
301 9916
424 9479
396 9723
2014 7264
760 9025
3048 9547
526 9240
1437 4817
408 9189
992 9312
4303 793
736 9748
1667 2201
550 9643
3787 2792
585 4594
1393 8338
488 7482
219 9730
4180 1419
2353 5992
433 9185
659 194
3378 8711
944 9268
736 9216
504 9528
4742 1333
3912 4384
2773 2001
1520 2943
4709 263
4718 5597
726 9794
772 9730
667 9003
4925 3713
2313 2086
36 9276
2562 8328
372 9816
118 9545
1258 2682
12 173
520 9003
2112 4743
947 9926
192 9306
1689 7110
52 6915
386 9765
66 9571
4783 5095
1124 9850
325 9351
4441 8857
2626 8486
510 9494
644 9219
914 9597
857 9037
630 10000
220 9307
815 9084
284 9444
730 9223
932 9135
589 9644
972 9414
554 9719
643 9136
522 1018
4544 1020
372 9687
3928 207
457 9337
152 9800
120 8963
1462 9409
4358 5356
396 9378
644 9929
143 9879
114 9368
111 7573
717 9915
898 9032
2565 8880
56 9831
372 9811
4320 8821
365 9714
980 5755
2375 6633
4756 9972
2034 8511
4698 6068
555 9606
1091 9385
4246 6083
1250 7400
419 9173
1016 4985
2739 1733
3368 1528
788 9844
2272 2992
770 9757
8 9016
2660 2516
574 9599
1334 3606
979 9125
3228 9258
225 9846
410 9788
744 9889
4233 3538
2610 2724
422 3695
4578 4459
551 9005
383 679
459 9743
182 9103
2456 3476
5 9222
636 9777
110 2278
365 9590
4977 6607
2339 4291
141 9559
117 9793
3319 5834
695 9331
787 9171
912 9073
819 9531
971 9772
140 9461
580 9157
880 9454
510 9440
170 9288
435 9441
51 9373
2193 6383
714 9760
709 9239
1362 1578
498 9331
359 174
4372 104
4957 7534
1368 8111
690 9904
281 9514
1806 5224
3890 7025
193 9293
194 9653
1280 9450
306 9109
723 9055
459 9921
735 9138
1683 6890
139 9473
942 5486
782 9667
955 9036
4155 4956
636 9473
1585 4491
41 9510
2815 4406
4433 1172
355 9203
1850 5044
342 9821
828 9327
795 8904
2428 2363
3005 2986
1813 4006
112 9259
50 9173
339 9369
264 9920
389 9261
54 9845
647 9123
212 1280
757 9571
2062 679
875 9419
10 9516
559 9636
2873 8919
934 9962
164 9303
4863 8952
104 9127
4766 3623
69 9670
591 9004
3670 8484
982 9556
195 9096
857 9192
1135 2279
812 4954
4930 6358
3224 6881
4828 2788
175 9488
3075 1328
3878 3772
865 9487
56 9136
1056 5990
4772 5186
32 9193
4115 6588
933 9252
824 9905
342 9942
2963 4805
442 9588
455 9584
1148 8453
805 3224
43 9975
355 6554
779 9946
1456 2649
2214 2673
289 9882
109 9379
353 9007
312 9586
44 9194
947 9195
544 9549
4715 7956
722 9556
923 9262
875 9119
219 9277
4031 7201
182 9383
284 9334
852 9237
3808 5594
1056 2297
159 9293
1863 8609
157 9568
527 9523
95 9075
207 9347
828 7196
259 9928
259 9743
3342 6827
827 9971
148 9039
2218 8458
100 9423
246 9476
1885 1192
495 9104
712 9649
4963 9295
1462 3980
613 9585
79 9170
425 9666
1515 4160
4982 2922
2920 8265
920 9506
582 9416
572 9114
4395 6608
135 9414
4230 3045
785 9592
777 9762
560 5037
2892 410
962 9108
769 9576
1083 8770
807 9447
971 9755
2544 8556
3655 1361
276 6495
91 9472
363 9363
1552 2240
2746 4060
445 9694
679 9313
871 9451
541 9866
952 4444
633 9483
606 9461
1400 8808
949 9063
137 9084
2229 2314
2848 8663
1927 5765
290 9635
317 9240
4236 7705
72 9282
43 9625
3857 5295
395 9953
532 9975
3261 4809
859 9734
242 9821
1459 7124
45 9137
500 9440
840 7036
212 9514
795 9937
2223 8069
85 9511
455 9450
2378 7817
450 9329
3338 3275
2226 648
479 9514
255 9303
3193 2716
761 9719
537 9329
569 9726
165 9701
905 9532
328 9281
778 9562
2576 602
789 9578
175 9081
180 9649
73 9180
63 9856
835 9054
87 9810
855 9842
27 9351
745 9491
754 9767
2000 6365
115 9609
217 9659
3131 210
495 9514
165 370
275 9765
861 9444
774 9616
277 894
409 9003
181 9425
4213 6052
36 9199
50 9897
2384 4687
728 9436
92 9072
2609 7613
911 9980
130 9149
1726 8088
670 4045
408 9080
801 9664
889 9495
898 7845
3073 2599
744 9573
148 9412
242 9710
2228 4437
2366 9731
3935 4818
1964 5391
3506 6518
273 9699
218 9948
59 363
197 9282
740 9102
786 9929
186 1131
468 9618
850 9407
617 9530
3068 1406
200 9689
476 9170
4075 4386
618 9927
4045 9937
552 9828
1184 545
1591 5631
298 9205
682 9246
363 9000
142 9618
4407 8089
601 9868
539 9267
265 9011
820 9483
7 9275
323 9155
1649 5494
3838 8835
937 9136
538 9760
939 9326
473 9586
4795 6049
2780 5617
356 9874
26 9319
242 9765
953 9748
13 9942
604 9229
926 591
3756 4133
234 9484
484 9677
909 9353
1470 6851
4216 8022
903 9191
4157 7993
763 9109
3157 705
998 9358
703 9098
426 9165
2098 6600
2311 7135
3310 5447
186 9062
609 9497
439 9026
836 9221
540 4301
190 9147
465 9499
1376 8573
22 9558
784 9956
693 9802
16 9259
1480 1759
925 1721
592 9938
45 9381
808 9971
447 9993
4527 1883
421 9147
527 9624
644 9541
591 5275
749 9448
225 9385
822 9468
596 9909
1268 4836
911 9451
278 9083
975 9773
386 9162
3136 3832
713 9027
2376 1687
657 9203
492 9254
752 9825
676 9285
306 9141
942 6067
329 9162
1594 7810
384 9569
705 9792
218 9690
506 9478
433 9455
618 9100
1845 9790
983 9453
604 9802
624 9962
417 9159
896 8357
631 9761
4591 146
224 9075
140 9078
777 9298
195 479
3809 5014
2974 3451
613 9557
2417 319
508 9402
3293 8153
742 9873
452 9136
4366 1566
613 9807
81 9026
1024 2037
120 9035
343 9795
1100 8392
182 9936
1866 6134
899 9152
904 9519
942 9331
2839 8659
377 9120
466 9554
464 9462
442 9696
3327 7853
4774 4457
170 9915
386 9546
980 9662
176 9439
1118 7629
352 3256
128 9621
1430 4349
367 9082
3566 5585
4503 9399
2766 2567
3621 7824
939 9216
574 2525
944 9018
629 9486
207 9202
900 9704
3874 8884
4058 7955
530 9966
1393 9966
2083 3860
310 9473
983 9674
502 9599
847 9819
851 9241
337 9066
2511 6541
227 9073
327 9257
602 9952
597 9423
263 9588
154 9968
2188 2176
4327 6229
1240 5090
230 9155
442 1259
906 9126
781 1673
2987 277
119 9126
4859 809
3351 3607
10 75
441 9599
94 9345
459 9165
415 9437
164 2643
1333 8267
646 9092
250 9262
591 9698
748 9491
10 9641
817 9051
825 9765
2877 5410
564 9091
997 8236
483 9125
3589 1866
699 9088
3490 5224
508 9301
819 8924
935 9770
5 9919
16 9781
459 9513
2347 1378
2351 3942
417 9869
4287 3629
4410 8845
3018 6575
284 9851
194 5774
753 9950
1603 9
885 9501
843 9182
237 9179
869 9982
103 9290
446 9587
850 9741
762 9998
279 3511
776 9017
417 9731
388 9065
419 9629
838 9438
568 9781
1705 9482
136 9685
604 9309
3913 8241
1759 6496
987 9309
475 9735
133 9327
611 9465
57 5950
850 9714
618 1084
1520 3716
819 9001
4518 9050
541 9934
144 9360
133 9479
736 9623
920 1673
2369 6975
3444 4794
990 9009
4390 8000
958 9316
14 9863
705 9146
1714 4737
2879 7691
746 9823
1649 8849
525 9412
3680 1284
590 9914
180 9578
227 9511
46 9521
96 9651
352 9018
306 9092
2246 3622
221 9498
493 9139
2917 3433
2895 8291
3969 3845
811 1508
654 9522
4137 5389
513 9736
40 9061
4930 693
359 1229
4949 594
896 9029
916 9353
774 7400
3958 3266
3597 4559
1278 5635
3637 6513
349 9679
602 9052
748 9076
187 9092
1703 9119
868 9520
218 9825
671 985
3619 9616
648 9952
678 9796
708 9960
3344 1890
229 7977
1069 2184
3736 8205
3744 6064
2927 2242
27 4275
532 9593
332 9768
1740 1384
786 9663
815 9606
2536 9602
4616 3253
884 9893
3160 8419
842 9678
302 1330
1091 7564
516 9861
297 9156
3531 6628
4844 8390
2467 8065
669 9356
384 8816
1607 2816
704 9033
3408 277
108 9173
560 9559
301 9452
7 9583
177 5555
840 9343
589 9268
746 9775
672 6629
731 9868
3236 2624
113 5002
497 3322
146 9886
572 9414
825 9164
232 9505
134 9068
769 9758
392 9733
84 9663
267 9226
884 9012
766 9996
583 9409
500 9277
433 9157
1686 2425
1425 4957
421 9456
2615 4325
370 9136
4157 8012
241 9757
3168 5096
9 9434
336 1870
2498 3205
1260 3926
491 9520
229 9384
42 9693
968 9339
2543 489
91 9416
3872 7007
637 9866
848 9360
750 9228
3466 5434
609 9255
3106 4152
880 9773
630 9871
1790 3004
354 9201
670 9992
829 9326
486 9027
3575 1634
376 9227
335 9486
296 6813
2996 1329
1564 544
815 9317
888 9335
3797 2648
378 9632
891 1095
425 9120
900 9661
52 9344
683 9838
1026 1416
4687 3632
3750 6117
4395 9653
703 9236
3948 8751
785 9806
388 9534
8 9549
3653 2372
957 9901
26 9803
2212 8320
672 9165
577 9532
3351 8526
2566 1012
2102 7445
1184 1654
4309 4771
3757 6032
53 9528
778 9685
995 9313
2881 5892
1253 6827
484 9993
3361 7912
1945 710
1293 7937
442 9897
557 9628
479 9973
1589 2623
4776 7094
895 8323
590 9592
3835 5464
1858 1532
268 9511
4233 7967
797 9192
822 9742
701 9431
284 9193
818 9271
274 9082
100 9373
614 9334
669 9217
190 9289
185 9719
963 5508
2020 6820
3035 2218
948 9675
546 9365
193 9109
813 9581
3727 37
214 9092
128 9684
95 9470
155 9338
1190 748
366 2107
210 9793
427 9625
472 7593
708 9858
127 9907
444 9520
829 9182
337 9869
1334 6517
311 7991
4562 1950
67 1992
2356 8282
4377 2213
1056 8937
988 9943
668 9544
809 9948
2092 1983
104 9381
1479 6026
3074 3252
900 9157
4523 6904
198 9197
664 9663
1468 4008
4337 6380
1657 5783
3323 4418
752 9984
255 9967
13 9295
14 9013
334 9417
297 9106
124 2951
124 9332
755 9169
234 9784
102 9271
82 9493
3875 5272
782 9008
463 9116
559 9489
1751 9856
12 9989
193 9615
421 9406
4533 8912
994 9320
4661 4060
2356 9841
340 9210
592 9930
750 9967
439 9109
639 9762
32 9580
960 5645
667 9776
3601 8774
666 9571
780 9358
1866 8814
627 9536
16 9784
3830 1001
756 9667
1575 4208
4919 5596
2177 3239
720 9560
153 9293
4669 2036
102 9904
726 9002
592 9243
2749 4515
68 9375
4017 4923
1583 3184
3082 6488
4098 3738
969 9801
4661 5732
508 9912
518 9591
792 9263
810 9701
216 7074
432 9582
1476 8259
1000 9478
4865 3483
738 9045
167 9587
495 8223
704 9728
4570 4659
3098 2409
853 9392
4802 5219
282 9531
135 9232
3623 9123
1803 574
479 9200
552 9024
4159 9886
1016 5696
746 9497
840 9628
982 9927
955 9439
563 9087
1283 2823
734 9628
608 9052
294 9781
356 9972
397 9141
4268 1078
275 9755
904 174
3492 1934
17 9894
580 9341
2719 5489
1400 1353
936 9723
2092 355
3448 596
46 9432
1453 1910
174 9200
4631 1844
4253 8197
261 9848
222 9173
285 9043
96 9431
204 9218
513 9088
395 9954
3880 8000
715 9698
690 9237
1895 8435
571 9229
17 4392
787 9007
487 9379
928 9994
970 9980
129 9820
456 9507
868 9803
2216 2444
2798 9361
993 9671
190 9191
709 9769
454 9279
2687 4163
259 9782
3424 7216
2547 6669
3866 2220
146 9145
869 9884
4438 1859
851 3743
2334 8885
349 9402
146 9052
3976 1262
2724 232
8 9372
2851 3645
4095 4243
343 1019
4564 5403
2240 2384
835 9084
334 2335
2782 4685
413 9707
4567 218
360 8355
151 9568
945 9568
808 79
865 9754
4 9964
27 9573
411 9600
548 9897
153 9803
258 9183
30 9793
706 9816
2069 4815
276 9258
3971 6752
400 9652
473 9803
286 9043
3217 469
186 9332
3784 6226
4256 158
945 9826
4613 3090
466 9835
2361 9312
1627 5241
168 9350
163 9306
904 9167
4569 35
692 9416
563 9568
26 9709
101 9018
4878 867
3340 7829
37 9710
307 9031
233 9189
567 9862
948 9192
903 9132
182 9531
4927 4295
480 9522
308 9987
8 9601
27 1900
337 9358
4095 8544
1407 398
3337 3519
572 9737
4658 2546
557 9389
1596 5061
727 9766
903 9418
869 9161
990 9263
439 9073
476 9019
136 9413
603 6945
4496 2855
1986 3483
128 9043
227 1731
658 9864
2807 6431
2262 1924
469 9392
1231 9309
15 9135
546 6462
1828 3811
2512 3728
3780 2297
575 9741
454 9405
204 9159
870 9354
538 9260
967 9052
817 9642
4966 7655
436 9234
151 9617
117 9675
190 9603
665 9607
458 9152
4260 5947
2520 5351
628 9893
487 9471
835 9195
467 9386
985 9032
3802 4002
146 9945
620 9578
2842 7235
4117 8056
84 9312
99 9236
4137 9267
3874 8478
4454 2264
1210 5984
464 9605
1484 4902
824 9902
378 9255
674 9503
387 9639
2746 4118
8 9225
698 9189
3205 8935
118 9658
166 9525
3254 8971
936 9975
3931 7477
1245 3562
4267 5397
663 9879
349 9220
319 9387
3577 4812
2035 9230
525 9384
401 9497
656 9121
571 9635
337 9099
786 9698
882 9788
398 9670
996 4670
531 9408
726 9085
1151 2224
474 9943
2838 9289
834 9924
528 9189
812 9156
2588 2083
794 9059
4336 8648
860 6341
250 9848
519 9525
1844 7325
4703 1674
875 9608
293 9529
2332 3345
967 8748
2190 8587
587 1720
521 1543
1354 1586
432 9632
215 9558
57 9287
488 9605
1251 7027
3966 7033
202 9644
1759 6254
376 9578
410 9458
1849 9295
60 9926
893 2416
425 187
992 9642
3180 3229
92 9019
1182 3367
649 9905
220 9242
4321 5610
819 9569
235 9480
795 9610
619 9726
157 9891
820 9524
818 6212
341 9069
487 9275
923 9796
1655 3647
725 9219
3885 5505
174 9591
759 9781
391 9896
155 9012
753 9550
2280 545
285 9605
404 9116
2824 2938
93 9313
115 471
56 9652
45 101
833 9333
14 9035
4408 3871
222 9739
2163 1383
4493 6784
307 9123
3071 8684
197 9452
4574 4521
2615 5112
922 9063
4672 2508
631 9624
6 9914
829 9877
321 9188
2545 3999
420 9926
499 8271
26 9964
958 9578
279 8034
2442 8605
2181 8513
341 9968
1000 9667
3788 7719
588 1893
808 7989
683 9373
3410 4005
871 9459
685 9883
573 9473
587 9863
169 9762
4216 2287
580 9068
793 9507
1705 2816
287 9030
58 9010
2485 2758
385 9167
614 9435
641 9204
918 9031
214 9570
290 9285
231 9469
934 9664
948 9440
2840 3400
133 6899
630 9575
678 9149
4480 6446
374 9217
928 9394
303 9927
111 9383
4320 260
966 9629
781 9458
2755 463
1051 6856
949 9321
4841 7682
171 9520
4592 4324
126 9954
739 9994
2525 3065
296 9093
4718 7563
131 9137
116 9115
703 9281
1214 4370
3157 6452
565 9349
903 9641
2191 5015
3661 1993
3031 1398
4632 2165
215 9000
16 9617
598 9732
538 9546
982 9151
797 9559
567 9149
630 9585
272 9567
92 9902
3000 8678
738 9401
825 9657
602 9782
847 9732
4500 6351
395 9962
2109 7516
3303 6411
4581 2412
1391 7565
614 9556
406 9227
429 9172
974 9913
4196 9058
8 9382
1622 5151
507 9753
1157 2857
762 9196
202 9765
553 9368
825 9853
488 9917
357 9591
2350 8214
512 9913
184 9795
62 9347
1753 3213
688 9766
814 9128
553 9983
990 9332
915 9934
879 9852
366 9243
870 5419
720 9825
501 9284
1182 4818
2704 772
530 9243
610 9441
532 6024
4014 5217
30 9829
3377 1703
322 9469
286 9172
115 9167
832 9631
403 9014
811 9622
845 9331
4612 1105
722 9033
949 9930
850 9052
4195 5484
124 9648
245 9202
506 8604
588 9925
567 9874
3998 1063
158 9414
482 9982
4652 5995
4253 8924
962 9465
234 9493
967 9918
4816 1536
245 7128
342 9852
4209 7102
1994 9015
254 9593
632 9642
2194 3344
3319 5714
185 9689
225 9593
1026 930
2950 1192
153 9102
662 8791
4553 1804
455 9458
3439 6393
5 9536
516 9782
1989 7065
333 9341
4025 3379
136 9024
1901 8385
1194 9845
971 9323
705 9212
1000 9514
6 9111
437 9607
817 9184
1204 9141
939 9413
308 9322
611 9834
4178 989
585 9020
1432 7706
4074 4045
3603 519
422 9732
67 9061
117 9238
4974 958
309 9101
4095 7333
3471 7534
944 9544
2163 8400
4034 6945
128 9806
1427 9628
148 9000
2738 1114
3200 2024
152 9655
4362 7049
4580 6993
481 9978
161 9200
564 9114
679 9951
1933 9940
752 1098
473 9795
832 9613
67 8935
1205 7721
441 9749
3757 7830
941 890
441 9132
107 9339
921 9108
2298 6376
3712 2231
4723 7238
141 9790
4897 2982
241 9485
848 9696
960 9809
1306 7492
291 9298
553 9010
114 9261
3037 6408
114 9635
795 9575
168 9871
666 9342
840 9807
3191 141
307 9281
207 9935
95 9283
181 9138
748 6268
237 9264
846 9241
750 9381
1792 5021
487 2989
910 9438
859 9917
373 9962
2998 3028
675 9286
3454 1932
701 9069
2218 3382
842 9054
261 9999
728 4200
3077 4022
410 9771
1459 917
4958 7484
2668 37
479 3129
2820 8254
919 9483
138 9764
716 9614
15 9306
434 9284
4197 8098
984 9749
249 9385
3403 9793
4470 8629
292 9905
895 9864
817 9651
572 9042
3896 6577
3192 6406
335 9527
443 9388
597 9492
3305 13
68 9811
35 9852
249 9090
2496 1901
334 9960
3414 7821
402 9801
2856 2880
817 9137
332 9453
93 9880
3927 3116
211 9438
762 9392
1411 5563
369 9541
200 3630
487 9631
4064 6098
3451 6172
2499 1568
82 8919
712 8481
733 9368
553 9679
555 9934
478 9312
1881 3340
866 9484
940 9632
186 9132
182 9238
3858 3782
4235 3596
3470 9253
4882 3447
484 9586
3139 7071
213 9595
476 10000
299 9114
793 9402
929 9436
2583 731
764 9965
3684 9217
2708 9385
3235 1440
297 9172
955 9380
373 9280
443 2983
676 9364
4714 8815
945 9570
4840 3982
993 3784
689 9339
3439 7165
162 9146
64 9153
4103 2699
555 9052
1918 6
677 9793
114 9179
360 9538
441 9688
636 6982
81 9659
651 5422
4031 6329
745 9870
1338 7894
879 9107
335 9127
1860 2058
901 9929
125 9404
177 9912
4947 36
176 9415
2156 7168
462 9828
883 9898
52 9137
2053 6877
816 9274
2523 3536
591 9685
1956 7530
322 9595
406 9940
584 9215
823 9652
22 9763
132 9215
3988 5574
2 9208
2022 2028
968 9012
2358 4049
61 9290
226 9497
285 9706
366 9148
3284 5930
3317 6616
860 9043
2786 9217
528 9882
801 9716
346 9305
353 9905
4107 8697
4700 1864
596 754
2113 8091
995 9616
4530 5560
3144 7489
332 9902
1378 1712
265 9576
490 9976
216 9298
807 9946
824 9708
959 9463
1360 6212
1942 3341
689 9365
772 9122
3588 1147
168 9366
252 9878
3763 6147
546 9006
163 9830
856 9319
37 9709
745 9986
719 9628
661 9915
859 9954
2731 497
4557 6704
724 9319
1692 3499
838 9953
789 9684
131 9664
120 9154
573 7962
1909 791
87 2789
978 9585
1466 3320
583 9391
3570 8231
2365 4329
543 9361
103 9745
489 9035
23 9005
582 9341
965 9787
868 9861
847 9306
4504 1089
495 9724
305 9679
86 9744
749 9836
1268 9297
534 9591
366 9610
354 9711
3917 7740
184 9567
681 9126
4272 3374
300 9090
2624 1551
591 9399
164 8539
263 9190
258 9309
813 9877
4235 178
667 9311
600 9696
529 9105
816 9125
217 2812
266 9744
397 6684
2503 1811
1113 2812
688 9517
1564 7928
936 9291
3131 9045
32 9351
3413 3837
106 9171
1613 6962
3816 5145
168 9025
726 2910
972 9986
242 9244
541 9629
231 9538
166 9205
583 9649
357 9283
562 9708
731 9553
798 9636
382 9584
733 9058
143 9044
471 9624
4071 745
492 9052
507 9165
517 9229
432 9442
1723 418
930 9494
769 9433
621 9343
4526 2432
509 9958
183 9362
679 9176
2815 7370
3585 4393
689 9731
2240 8595
508 9238
811 2644
1026 7417
476 9748
809 9818
966 9052
880 9598
2872 8944
365 9586
3947 175
524 9543
924 9318
4090 8743
644 9204
318 9299
458 9613
4452 6352
3086 4015
3635 3485
336 9084
3084 7185
630 9862
1439 5502
224 2423
483 9396
57 9756
47 9745
494 9806
59 9246
418 8422
122 9646
553 9775
475 9747
531 9569
215 2866
188 9966
3293 5513
659 9417
656 9410
2001 3612
532 9179
2203 8884
161 9275
599 9437
1022 2770
780 1677
4030 486
856 9531
51 4428
541 9318
788 9621
3474 1957
419 9866
370 9440
439 9637
3778 5479
1449 7678
2243 8683
264 9339
3943 4137
153 9204
325 4258
811 9238
35 9668
63 9230
889 7511
512 9968
4732 2121
354 9890
61 9630
672 9082
181 9351
613 9258
2098 4
297 9739
1346 4651
2060 23
4931 2425
881 9887
434 4409
3658 5519
1325 2105
286 9593
956 9756
884 9582
276 6778
965 9070
181 9710
215 9292
234 9856
2384 931
573 9659
840 9880
3168 2250
301 9337
1211 9501
522 9373
239 9280
74 9344
196 9899
494 9455
1100 1453
75 9925
68 9868
1496 5673
677 9506
379 6903
496 9854
2978 4592
1108 2950
769 9793
993 9355
645 9804
254 9686
1272 8417
1202 4327
82 9080
605 9040
673 9008
254 9578
2134 2915
526 9225
624 9184
482 9664
1236 5609
147 9909
33 9303
739 9845
1094 5283
788 9423
909 9188
8 9302
1266 9449
113 9641
746 9134
154 9746
3495 7370
1428 4965
776 9833
631 9535
1452 9862
297 9139
650 9663
708 9876
225 9227
4541 4909
395 9872
365 9917
3774 2356
50 9108
709 9927
574 9204
3044 7460
3345 6862
618 9299
3965 5337
248 9409
487 9088
1114 7266
22 9565
5 9509
3371 9219
2632 4525
601 9546
821 6623
980 9761
503 9106
676 9258
620 4453
700 9346
190 9185
2691 8733
924 9117
104 9124
4147 4125
3884 8341
508 9246
2041 1089
123 9218
585 9341
234 1031
650 9094
809 9929
4368 5744
1196 8990
890 9638
1053 1267
715 9413
736 9830
162 9626
545 9169
992 9634
3688 3508
1295 598
3101 1813
77 9134
623 9851
446 9059
717 9973
2733 1550
1479 7511
3552 2671
697 9784
1964 8970
276 9304
436 9624
563 9199
70 9743
517 9395
4279 2931
2505 1950
734 9666
3468 8547
841 729
884 1640
1173 8874
415 4487
565 9824
711 9090
330 9450
749 9937
132 9323
4019 2687
450 9823
414 9385
592 9602
4945 4420
21 9543
1472 6410
285 9678
2453 7965
243 9059
599 9067
141 9161
397 923
800 9008
2450 2638
4887 7604
750 9288
1042 8760
948 9953
235 1181
236 9424
2739 2226
310 9824
3101 7654
220 9426
2499 5959
236 9827
3827 307
4611 8913
393 9030
297 9884
856 9042
3538 6670
976 9186
987 9344
282 9645
1216 3691
899 9740
29 9365
75 9745
910 9595
562 9931
160 9338
3982 5630
3874 9566
153 9351
372 9976
4183 4913
884 2959
17 9086
3435 9269
2535 2298
1095 2504
3914 6559
831 9938
706 9159
733 9392
238 9703
724 9228
530 9703
4155 1975
376 9350
289 9818
3018 9930
185 9811
895 9767
3839 8901
2649 7829
3284 9137
3496 9321
4937 9037
4969 4133
4721 4021
292 9211
3874 5600
262 9397
930 9724
755 9434
771 9455
456 9543
2263 6456
2674 9136
543 9795
818 9853
600 9064
47 4890
576 9104
1059 7957
675 9724
4738 4588
319 9768
3152 9670
347 9585
103 9600
1419 2369
731 9397
933 9047
145 9690
4216 4207
779 9290
58 9394
2093 8882
971 9744
3153 8456
588 9871
796 9939
467 9185
439 9789
340 9530
780 911
3852 7460
96 9781
1486 8331
1000 9712
469 9240
245 9540
464 9208
470 9412
119 9115
936 9684
91 2213
946 9990
1163 6983
343 2061
3585 7399
1764 7241
4932 9710
838 9497
918 9207
4745 6680
3962 4892
258 838
3941 2307
300 9824
402 9910
187 9655
28 9565
3238 3369
4583 141
229 9505
734 9077
4120 2126
566 9968
394 9950
478 9731
3788 2493
2233 4031
1009 6591
460 9758
3658 7332
627 9702
848 9500
90 7516
698 9432
698 9957
455 9946
1492 3963
4442 7820
35 9195
422 9088
4852 2341
2770 153
2224 1807
3251 8534
562 9733
220 9011
423 9350
251 9164
2044 5180
992 9313
516 4375
3767 9688
3157 3642
148 9031
696 9978
3726 3901
3474 7169
128 9695
3243 7968
940 9923
3169 2367
382 9163
332 9421
3371 4725
2900 4120
481 9360
1717 1609
4143 9362
1266 9728
868 9140
965 9339
753 9513
4994 3429
2254 9806
759 9373
2855 6239
293 9204
1944 8793
3424 2234
824 9086
259 9342
603 9620
51 9254
330 9338
1539 8231
217 9807
1264 1883
231 9959
860 9221
691 9420
3062 5761
999 9648
3664 5888
22 9727
78 9538
179 9567
2065 7983
1984 3978
2236 4538
1311 9901
412 9697
4156 6939
3748 3512
4079 8125
1141 3438
436 9677
710 9826
61 9628
2487 3235
621 9080
427 9819
638 9609
653 9464
859 9687
981 9275
529 9929
617 9403
2719 3776
403 1782
1015 1010
4867 1357
789 9891
113 9692
38 9012
868 9137
363 9808
190 9273
2239 8021
285 9385
654 9930
3512 2642
2415 2447
753 9275
942 9636
555 9198
639 9069
450 9719
544 9283
2826 2931
499 9352
768 9598
3701 6858
428 9844
4799 5488
684 9242
165 9604
344 9327
1605 9816
866 9127
886 9807
1339 8705
852 9204
805 9757
289 9347
43 9201
1533 9509
673 9168
886 9483
4485 1359
382 9043
185 9495
3723 1746
2483 2958
654 9533
930 9460
80 9909
843 9456
71 9555
201 9999
3700 451
807 9910
218 9089
502 9653
3769 1176
1629 7993
17 9827
4606 9304
301 9348
2300 8264
678 9244
4031 3750
20 1428
4038 5055
466 9728
3022 104
1289 8057
854 9520
4297 7089
171 9839
4797 5888
2053 5691
774 9496
777 9001
902 9689
627 7937
2730 9006
325 9724
643 9269
338 4720
2806 1971
207 9733
985 9837
975 9427
994 9648
1652 5387
520 9472
606 9765
336 9694
962 9456
243 9085
647 9274
208 9311
722 9137
857 9461
2752 8772
163 9507
843 9340
575 9895
4340 1211
574 1976
158 4085
200 9866
428 9942
288 9709
277 9875
2519 5024
2074 7473
4690 28
4413 432
2264 3774
4111 2368
810 9439
492 9222
1833 2391
2220 336
4916 4867
592 9451
115 9826
409 9097
508 9990
378 9935
846 9586
141 9252
1004 9668
377 9533
1926 6678
1816 8065
844 9265
2809 6204
558 9415
823 9518
4178 9844
955 9589
3781 7865
3750 6589
353 9322
3731 7806
828 9960
517 9442
105 9213
883 9512
797 9864
82 9476
170 9610
657 9064
4851 35
845 9254
3693 8416
587 9473
41 9956
731 9861
3986 1715
157 9804
489 8996
222 9720
780 9980
203 9007
202 9689
443 9702
645 9027
3989 8704
4791 5006
320 9147
3862 3185
7 9264
959 9369
728 9066
4965 4445
413 9061
617 9900
731 9958
821 9259
703 9573
957 9534
270 3410
13 9496
4482 7226
1980 7993
707 9109
359 9573
550 9373
826 9042
465 201
234 9564
193 9476
853 9009
119 9831
749 9348
2433 2857
137 9545
2317 9172
466 9049
1598 1603
4329 8911
452 9552
389 9553
3055 3134
4446 5500
285 9466
453 9171
678 9650
986 9662
924 9889
929 4896
66 9651
146 1646
437 9521
647 9041
640 9325
148 9416
191 9734
597 9578
4162 3763
307 9715
879 9509
175 9633
912 9756
359 9562
2740 9637
517 9255
49 9209
1954 8834
798 3096
313 9375
1680 7327
3562 4737
86 9348
423 9277
887 9387
185 9944
135 9040
784 5450
51 9500
300 9764
94 9512
22 9614
3925 3056
4211 4497
826 5228
22 9271
3231 4598
483 9129
1252 2331
19 9829
646 9908
641 6860
479 9915
3515 3893
129 9917
1324 5812
2585 9802
3936 5206
685 9106
611 9839
158 9843
310 9315
761 1338
111 9439
2792 9484
758 3295
544 9583
536 9164
936 9280
492 9877
205 9734
58 9442
3889 8127
4965 6471
3215 8852
393 9487
244 9765
544 9195
797 9495
68 9794
4015 281
299 9779
280 9060
951 9824
170 9972
4511 393
180 5056
553 9461
545 6462
815 9786
109 3579
1273 9625
412 9498
442 9894
531 9910
2611 4865
935 9222
3089 3859
568 2533
762 9722
321 9878
573 9076
3800 1993
139 9228
707 9811
4198 7961
274 9934
838 9681
614 9114
1574 8030
277 9945
585 9905
4857 8339
1181 9662
299 9415
122 9176
3699 4402
97 9268
770 9416
565 9741
513 9639
980 9785
626 9321
2466 445
1062 1772
924 9302
574 9670
3025 1667
585 8235
786 1203
205 9939
207 9787
524 2834
668 9486
897 9572
438 9028
308 4382
688 9058
1302 5236
1150 3348
947 9092
574 9503
1461 2150
510 9686
3200 3341
275 9362
2925 5270
1818 2532
4565 7716
156 9367
261 6678
4212 2716
884 9393
3178 6756
2997 6466
4579 8080
4009 9289
84 9006
83 9170
4188 6993
906 9577
304 3911
1142 6874
3546 3648
2953 3333
3321 2169
3554 3426
837 9235
372 9845
419 9786
3785 8090
785 9835
215 9128
911 9182
436 9884
4331 127
2242 9134
983 9834
51 9013
2499 2935
796 4101
960 9779
4122 9418
867 5373
3435 2183
439 9191
319 9520
468 9126
380 8029
893 9263
766 5699
828 4978
1550 7478
926 3559
3616 9978
4900 5796
1991 7217
177 9032
459 9511
463 9766
575 9575
316 9060
547 9267
1948 7710
682 4184
380 9902
609 10000
810 9662
935 9372
2792 1702
202 9910
185 9344
1492 2040
372 9027
811 9156
4890 8871
685 9784
2 9027
851 9600
3205 7070
777 9263
117 9219
3075 1836
102 9675
134 9341
222 9295
580 9739
3418 8224
530 5045
887 9460
647 9578
48 4781
3968 7132
843 9898
1047 6643
3063 2864
0 7078
166 9707
3019 7586
123 9033
216 6138
176 9334
602 9785
1783 5243
789 9053
4070 3273
901 9977
250 9758
4024 5098
4742 7571
529 9983
574 3185
375 9816
15 9102
962 9707
1217 9505
3839 5347
2528 5646
600 9832
4761 6991
1328 8300
717 1356
1780 2439
150 9144
1430 478
646 9632
102 9364
3596 9236
68 2144
110 7960
680 9033
827 9741
548 9774
14 9498
881 9832
412 9414
327 9651
738 9791
584 9170
86 9628
893 9142
296 9654
127 9521
830 9609
1862 1459
4699 8724
2306 1714
2533 5088
1821 9817
25 9789
4053 7660
4890 1425
488 9246
484 9379
194 9245
388 9264
390 9277
645 9469
146 3015
3439 2719
619 4442
1425 7140
599 7116
2761 8942
13 9553
1319 7233
844 9423
916 9113
227 4475
86 9252
857 9217
4714 9789
89 9490
606 9463
1328 7327
384 9070
963 9922
591 9319
144 9008
476 9339
448 9869
269 9777
332 9257
975 9117
722 9854
4287 1394
4592 5681
124 9259
4051 6723
818 9935
1087 2107
388 9270
4452 841
852 9433
894 9814
948 2769
2869 2643
4990 2662
1575 1459
422 9675
369 9066
209 9407
779 9742
916 9162
2634 7214
559 9023
989 9449
920 9459
931 9918
3028 2370
34 9881
756 9167
2905 3486
468 9400
872 6139
1668 8897
32 9161
939 9430
99 9388
723 9389
233 9284
394 4858
248 9562
219 9155
795 9484
308 9222
847 9943
583 9958
950 9093
29 436
720 4101
197 9878
789 9518
394 9305
312 9168
352 9615
460 9002
235 9842
2121 6591
690 9644
4655 6177
2325 2115
973 6063
11 9564
962 9865
848 9604
610 9310
39 5785
934 9340
87 9675
964 9146
410 9341
1081 9260
664 9372
630 9722
749 9986
645 9470
688 9644
4818 723
2166 8136
795 9908
653 5846
271 9988
991 9051
782 9058
3077 551
557 9725
625 9682
667 9544
576 9115
771 9587
1045 4150
435 9941
193 9692
608 9525
847 9154
300 9444
905 9633
979 9523
1490 5943
2991 2327
939 9747
711 9781
939 8611
3511 9133
586 9056
448 9806
4345 4232
741 9832
1789 6745
923 9678
4225 592
463 9438
504 9281
541 9219
658 9452
599 9497
276 9334
4695 6429
164 9966
1565 4864
126 9908
466 9802
341 9232
765 9474
2424 247
1695 4228
3117 6860
486 9002
851 9135
4650 7075
797 9417
4408 9841
384 9467
92 9644
899 9884
1496 7278
330 9830
450 9712
4427 2334
573 9465
178 9101
2528 610
191 9121
3592 9364
990 9264
886 9741
1454 1178
629 9832
525 9352
958 9548
164 9072
3760 6877
4337 1140
917 9315
655 9661
2428 2067
706 9710
1743 1600
360 9774
935 9623
4110 5429
214 6498
557 9779
793 9051
667 9247
214 9906
3505 1297
851 9093
251 9422
4916 1634
103 9084
722 9354
2263 9070
247 9651
2795 8679
4758 1448
2238 7340
556 9293
4652 6568
3743 4708
525 9210
467 9981
495 9450
920 9623
2308 8782
534 9970
3088 3050
2650 4492
756 6332
380 9742
2578 7589
355 9980
3459 9426
3224 8066
608 9712
833 9977
764 9862
2550 558
728 9705
234 5512
396 9850
801 9477
1796 4783
816 9352
741 9904
1003 5170
593 9118
3418 4056
975 9114
748 9498
633 9119
552 9226
204 9284
581 9166
1688 4695
728 8131
3368 6815
2408 517
732 9732
243 9632
3690 7294
438 9222
734 6380
793 9301
514 9359
4324 8215
282 9349
136 4619
4193 1409
125 9645
920 9849
982 9587
891 9677
138 9222
3399 8556
690 9951
852 9983
2775 5483
679 9954
2778 8349
170 9212
328 9162
4690 4460
264 9019
998 9727
3683 8612
483 9509
552 9494
209 9347
281 9269
4810 47
3789 3512
487 9578
111 8611
317 9104
804 9877
458 9898
748 8111
960 9756
2951 4161
2516 9984
53 9129
671 9081
272 9527
776 9538
4392 4565
888 9139
126 9344
678 9325
113 9115
4819 4203
63 9861
788 9375
26 9059
690 3209
95 9709
361 9413
955 9825
240 9953
2327 4970
61 9934
345 9540
4972 7969
656 9920
2309 8003
869 9772
345 9739
197 9682
458 9337
336 9510
151 8708
125 9793
3519 5288
611 9737
4276 9055
414 9577
4702 863
111 9046
2127 3575
3085 3360
42 9347
714 9402
649 9744
3375 4415
998 9817
167 9773
815 9508
666 9361
736 9182
87 9435
182 9454
1644 2026
620 9891
2495 8757
2736 2794
815 9540
782 9054
552 9103
88 9768
412 9346
1720 9730
1970 3913
780 9344
509 9638
796 9037
1390 7709
557 9515
849 1331
61 9768
726 4143
2056 755
839 9108
17 9601
892 2617
179 9911
130 9648
741 9616
74 2669
3859 2782
3291 4810
555 9016
129 9529
72 9286
567 9765
904 9005
3825 1579
3458 5762
616 9648
615 9242
16 9854
346 2506
456 9546
659 9891
653 1379
2476 2745
4309 3001
955 9743
567 9829
772 9418
285 9988
606 9714
777 9784
242 9366
252 9459
4302 5130
140 9160
669 9264
204 9149
1703 8286
846 9908
1857 4744
820 9542
1013 291
645 9171
71 9433
16 9234
391 9179
367 1547
772 5724
434 9345
2266 1433
3051 2316
500 9207
20 9591
907 9577
288 9934
1702 6786
211 5617
3354 8720
771 9356
718 8137
548 9163
747 9568
1199 8504
482 9834
2701 320
3694 3552
886 9664
3718 5471
4832 9470
391 9277
903 9003
702 9330
802 9498
2464 9349
4731 7819
4505 3173
495 9359
90 9803
847 9923
2605 424
2341 1474
4954 3149
331 9892
907 9578
344 9940
1042 7038
283 9504
2506 914
378 9334
103 9771
80 9086
127 9815
966 9174
44 9947
849 9445
444 9256
907 9537
52 9259
6 9605
107 9085
8 9889
42 9135
871 9288
4411 84
992 9969
1481 8888
2107 4141
902 9938
577 9427
4337 5967
2467 7424
3994 2044
711 9611
312 7751
524 9055
18 9174
708 9898
3158 9062
687 9786
659 9917
3799 5661
403 9254
379 9540
122 9181
334 9127
741 3928
1596 9192
840 6163
1783 3489
194 9242
862 9628
4184 1585
627 9186
2903 7836
1003 6465
120 9076
1355 9708
4292 3577
995 6130
1101 537
281 9217
57 9608
539 5465
831 9665
254 6700
746 9440
4956 2673
2386 7149
164 9734
1533 7908
3117 4325
2475 8329
284 9942
727 9790
781 9731
17 9618
293 9478
402 9521
371 9778
633 9959
650 9688
389 9581
2030 8010
2610 7118
874 9684
821 9512
683 1883
798 9727
2298 430
576 9267
653 9797
398 9757
985 9190
3649 6133
443 9770
133 9137
750 9792
201 9591
763 9306
448 9956
3509 1244
861 9972
4273 8064
1932 7003
4985 822
849 174
439 9003
2500 3693
831 7430
135 9753
258 9298
4688 158
838 9281
1135 6001
3398 2630
834 9086
2889 5036
583 9522
554 9735
936 9059
824 9955
1017 2655
487 9085
158 9123
778 9448
944 9597
390 9575
677 9261
521 9682
819 9737
3656 8676
3487 4673
240 514
2008 8398
924 9051
2090 1808
3301 6942
651 9517
73 9408
595 9068
72 9879
317 9912
873 9202
883 9263
208 9957
177 9342
2 9404
621 9741
732 9697
4883 1420
4854 30
749 9381
290 9920
4135 3816
765 9267
94 9052
2519 181
769 9505
341 9689
3798 2791
1215 4702
481 9992
514 9282
3120 3779
729 9700
300 9812
2311 8590
63 9180
988 9870
551 9529
712 9840
477 9753
801 9343
752 9906
2507 8135
1211 6018
260 5234
287 8916
362 9790
296 9580
4044 9381
4382 9786
437 9257
2738 3722
251 9967
688 9449
1459 6928
928 9257
4798 9776
980 9946
2600 4753
379 9825
4673 4573
368 9673
757 9104
594 9865
379 9943
393 9008
1589 6428
2816 1994
810 9396
350 9837
469 9289
968 6644
1057 174
562 9187
572 9727
4214 8357
276 9541
156 9264
3519 2144
1628 8332
645 9710
471 9825
3373 2170
2925 1019
746 9177
1196 510
839 9575
4888 2522
2188 7943
428 9405
3234 2780
430 9726
2158 7490
1182 2508
3772 3966
4488 3422
4748 8456
19 9530
3477 4129
150 5003
625 9673
914 9746
485 9457
291 9500
998 9070
976 9916
438 9793
717 9361
217 9299
1629 9471
1019 2440
3998 2268
3714 4559
397 9020
99 9894
548 9166
1516 7121
459 9503
14 9596
2658 5582
1162 229
188 9890
168 9713
4025 7409
848 9345
720 9129
1995 7964
205 9607
703 9376
620 9796
645 8825
1383 3589
49 9526
489 9137
507 3701
4228 3197
2850 2896
484 9154
436 9917
3827 7982
369 7660
45 9994
396 9027
201 9351
795 229
771 9347
721 5430
3351 4542
4665 8538
724 9179
367 9070
122 9937
84 9553
4524 4852
1967 548
2299 7856
2611 4200
1982 5405
506 9759
1818 3976
922 9370
616 9749
109 9741
3678 6237
846 9459
807 9196
288 9896
925 9557
748 9897
551 9201
94 9695
456 9450
2928 795
3106 9589
2691 1904
104 9874
743 9119
19 5412
340 9663
136 3103
924 9284
19 9474
963 9405
43 9252
128 9354
192 9410
659 9218
338 9602
511 9764
510 9866
22 9864
3996 463
21 9536
2127 8991
1365 3853
596 9119
281 9765
696 9162
159 9416
830 9063
4581 2889
731 9772
3611 7520
635 9091
867 9081
4398 9671
902 9248
697 9120
3974 7064
17 9287
402 9376
924 9468
536 9953
2785 782
931 9561
2342 7537
211 4408
2768 8175
116 9896
66 9763
2097 7291
181 9776
885 9693
599 9472
924 9690
71 9854
503 9008
784 9695
168 9768
127 9647
517 786
351 9578
4697 2184
619 9955
4964 5518
222 8001
134 9627
37 9042
947 9104
627 9222
929 9845
991 9738
2632 7755
1540 3249
691 4268
3453 8171
699 9686
3673 4843
861 5173
4784 1034
771 8373
358 9966
987 5866
754 9190
68 9970
451 9062
382 9432
2032 3712
981 9775
3166 5449
820 9551
779 9436
406 9806
636 4381
1911 2724
453 9759
368 1720
935 7082
888 5240
501 9777
2977 4432
4365 2927
175 9395
3983 6904
2786 1753
243 9656
1483 5614
52 9705
940 9569
516 9532
2446 3474
391 9991
506 9591
2074 8850
3363 6910
3631 9665
2809 1554
11 9196
181 6177
4317 3226
580 9267
4007 6868
3592 8632
58 9474
111 6543
472 9735
658 9934
184 9462
992 9000
1528 6775
950 9674
1143 2215
1820 8618
4788 773
837 9637
2617 2777
699 9042
289 9027
4300 5646
260 9865
1803 4639
426 9033
113 9737
2694 9846
1296 4656
693 9889
636 6965
188 9158
244 9107
161 9963
2644 9699
109 2342
326 9292
2441 6323
700 9575
123 9901
816 9759
4690 7655
441 9901
1602 1088
2420 1690
343 9415
927 9716
505 9545
849 9110
520 9907
502 7231
434 9564
439 9039
101 9062
48 9858
704 9511
3825 2280
855 9468
4273 73
483 9881
367 9094
831 9733
512 9809
18 8056
310 9046
1793 2137
4217 5084
212 9870
608 9588
3660 2506
890 9377
579 9952
4838 5411
2928 7471
468 9027
865 9959
808 9295
39 9062
771 9288
162 9306
311 9728
128 9916
352 5645
185 9323
3158 4833
4794 644
318 9513
3496 533
991 9325
4451 9034
657 9886
4721 3732
1238 6071
4694 6843
1495 7003
2102 1909
633 9407
333 5441
1028 5065
652 9267
231 9176
744 6813
248 9480
95 9656
91 1548
539 9462
4883 4078
67 9976
598 9298
796 9345
707 9376
248 9753
156 9235
971 9446
901 9882
693 9884
169 9002
105 9508
458 7316
2022 2207
568 9982
1717 1138
62 2590
421 9437
314 9172
184 2531
971 9258
124 9161
876 9249
739 9486
248 9119
2882 7430
712 9780
740 9399
381 9751
2937 307
6 9641
1203 4424
688 9592
387 3525
2080 3894
826 9771
1281 4587
2254 3131
82 9593
643 9432
854 9306
566 9367
924 9738
723 9723
541 9801
595 9106
3194 8554
488 9903
112 9646
646 9222
386 9932
794 9300
3594 4130
1093 4786
295 9111
665 9996
265 9819
353 9547
884 9436
1186 419
366 6158
97 9749
863 9513
805 9169
331 9610
694 9715
1566 2139
391 9693
3291 1259
828 9959
1373 3360
662 3587
868 9429
910 9062
767 9528
996 3233
224 9066
3238 9024
460 2450
4347 5095
1744 2672
494 9317
309 9272
1603 9589
624 4996
923 9527
2302 9639
1718 5960
881 9005
627 9879
3201 4097
204 9002
527 9214
806 9629
127 9384
4170 1623
139 9037
4239 3053
51 9390
813 9292
218 9840
406 9617
195 21
126 9129
222 5863
4550 9910
4362 6679
153 9345
3891 3477
549 9338
2064 8059
2240 3653
267 9316
297 3714
495 9787
132 9998
163 9576
2910 9532
288 9019
655 9376
658 6303
549 9411
1924 2302
96 9412
811 9385
964 9051
703 9586
980 9615
1178 2467
217 9639
78 9102
958 9548
447 9463
2910 793
3502 4689
318 9144
928 790
2836 2163
973 9094
635 9512
136 9896
4039 846
716 9861
3596 148
327 9184
964 9582
4330 5491
3741 1596
4509 6616
245 9830
1781 1078
725 9260
581 9975
358 9007
833 9844
376 9124
4248 346
3148 6397
2695 601
316 9186
69 9898
2561 9170
2939 3194
485 9958
56 9786
769 9435
875 9710
322 9069
518 9284
17 9587
4869 8909
4924 4709
750 6726
590 9730
1083 5581
724 9728
819 9336
14 9701
728 9393
918 6954
3028 5508
1593 4516
2777 9540
3883 347
3328 4608
938 9705
134 9338
982 9356
598 9935
869 9488
582 9673
892 9143
3958 926
765 9231
66 9426
729 9811
349 9626
296 9352
2344 5173
3334 7030
611 9419
1643 2279
662 9608
118 9315
324 9711
532 9150
3028 3270
2059 2029
2158 169
2080 761
818 9967
76 9094
358 9495
504 9130
115 9802
282 9013
905 9926
71 9151
13 9869
490 6251
689 9506
1002 691
88 9770
2580 4932
575 9905
633 9958
4337 7441
2839 9937
194 9373
30 4585
845 9823
3064 8889
99 9136
4493 2843
813 9355
963 9621
979 9603
2777 4478
2372 8366
735 9810
356 9338
654 9818
294 9030
819 9915
196 9665
399 9839
390 9454
792 9736
569 9009
1280 8596
965 9783
755 9889
154 7851
4068 4755
838 9463
71 9351
2133 7453
194 5024
833 9072
508 9392
773 9629
3463 601
295 9576
418 7837
227 7661
491 1789
419 9223
675 9772
4880 4900
722 9062
321 9811
1854 9453
518 9380
681 9155
3973 7003
978 9745
777 9694
443 9281
13 9294
982 9574
34 9722
96 9313
188 9418
525 6979
117 9209
470 9218
877 9199
292 9511
427 6225
1466 4079
929 9880
3476 6506
4797 4365
31 9905
486 9155
766 9046
797 9285
3947 3889
236 9563
782 9650
2456 2651
1562 1091
302 9780
39 9135
1431 9639
686 9426
417 9908
3981 5414
872 9421
952 9004
301 9896
437 9792
700 9970
356 9678
661 9398
318 9403
684 9698
134 9068
971 9785
639 9011
429 9212
0 772
725 9982
628 9003
237 4115
824 9889
603 9999
4433 2015
298 9366
957 9042
1992 9569
713 9835
114 9843
176 9608
8 9781
384 9777
975 9758
748 9171
889 10000
575 7183
818 9863
3918 9802
4968 7123
870 9482
708 9385
189 9401
4238 4955
2874 9264
651 9417
419 9260
665 9979
1808 7104
664 9216
86 9690
291 9310
774 9539
529 9148
412 9817
470 9573
1405 9773
758 9893
442 9928
324 9813
3211 1917
114 9347
324 9308
302 9117
504 9692
2034 9944
3498 4517
685 9283
126 9710
486 9157
741 9877
137 9132
374 9838
180 9487
386 9642
755 9914
500 9344
988 9972
929 9704
691 9709
972 9421
773 9481
333 9021
928 9676
6 9906
294 9689
596 9944
4360 9239
525 9686
412 9474
871 9720
1377 2395
744 9859
553 9884
545 9624
155 9332
946 9116
4740 5356
810 9948
789 9554
3679 776
42 7971
395 9641
946 8555
3799 9401
995 9587
276 9841
755 9511
199 3351
394 9871
1831 7872
3074 505
776 9128
3736 2814
2512 2259
377 4017
473 9271
394 9145
2566 6837
568 9753
1919 7342
239 9052
770 2149
3064 4089
1377 9639
754 9567
586 9105
640 9450
4297 3135
421 9068
401 9030
412 9264
333 9608
21 9023
2155 5208
586 9415
2043 7576
742 9990
793 9901
161 9071
808 9290
656 9043
3206 1217
220 9011
357 9667
885 9958
1999 46
909 8935
2365 3755
16 9960
662 9331
836 9756
453 9538
2023 6236
2155 9817
546 9373
625 9594
289 9023
673 9737
79 9448
321 9806
1446 2286
637 1731
406 9146
47 9402
970 9125
2047 1438
4050 8960
567 9828
164 9682
4290 8784
1252 7802
904 9149
984 9700
2662 3346
4 9881
2383 6149
650 9201
1913 6521
844 9039
780 9834
603 9118
621 9642
142 9929
3921 5886
651 3799
3526 7568
122 6586
2840 863
927 9151
86 9649
219 9179
392 9290
364 9373
408 9877
84 9299
2894 8482
3709 1289
950 9641
679 9121
315 9701
438 9620
4902 3263
963 9657
3734 7831
3550 9838
1230 4923
25 9975
96 9715
537 9323
781 9964
627 9447
57 9145
2216 8578
316 9146
54 4998
1964 5573
811 9571
308 9956
876 9359
228 9716
3142 9822
393 9627
62 9036
3362 9811
320 9356
161 175
697 9382
426 9450
348 9917
594 9007
475 9024
836 9231
755 9125
366 9510
2342 3355
680 9010
552 9527
435 9653
761 9479
73 9131
3503 4430
798 9058
560 9604
921 9531
1285 8176
3103 8227
3623 2395
4566 8390
619 9029
22 9031
3 9852
123 9052
287 9465
420 9935
3869 40
255 9919
798 9639
465 9766
671 9964
394 9347
1229 9570
793 9122
666 9590
74 9678
622 9677
3418 427
1137 278
4361 20
4540 2476
507 9048
4453 7603
658 9477
427 322
317 9110
643 9508
10 7333
848 9215
1776 2403
731 9439
3149 5544
573 9024
1355 89
4873 1533
820 9210
4356 34
805 9436
1983 1774
1636 8611
301 9727
305 9221
515 9425
514 9160
1756 9584
764 9783
2464 1769
332 9785
891 9643
638 9432
2061 4252
1961 7928
763 9808
1142 1911
883 9195
14 9736
1453 2756
250 6454
750 9158
152 9886
1044 7328
4114 6447
158 9994
735 9508
4860 8564
2070 5375
998 7549
370 9395
339 863
3028 8305
164 6291
966 9271
668 1978
860 9003
2797 7622
169 9556
1606 6043
988 6182
873 9225
977 9416
4222 8811
533 9377
981 9211
3471 5610
2893 2993
409 9823
745 9052
592 9715
180 9579
1525 5984
326 9755
766 9155
652 9997
972 9809
4593 1642
756 9820
2350 7398
3559 8634
4214 3546
3502 8019
258 9215
4861 127
605 9147
869 9214
4196 2176
4087 6937
2792 5186
85 9264
625 9215
1288 8166
1561 302
3153 2641
873 8839
603 9475
276 9294
51 9586
506 9254
1420 8820
582 9137
2735 1878
306 9849
1458 8990
4685 5267
4184 8231
673 9404
393 9215
724 9695
417 9277
152 9359
161 9505
1571 369
949 9793
268 9895
2598 6089
817 3922
1191 6778
354 4863
7 9705
549 9699
4109 5867
792 9900
149 9146
534 9138
29 9535
57 9071
461 9404
248 9988
2284 9359
3527 6153
623 9006
972 9915
4203 6981
978 9562
390 9114
316 9807
908 9326
851 9472
641 9710
1635 1636
2141 1177
428 9957
566 9355
300 9743
373 9371
12 9181
3289 2735
105 9145
140 9469
2678 2275
255 9326
1518 5154
779 10000
568 9302
278 9397
37 9202
782 9672
12 9369
3226 7521
2783 3614
4073 2932
967 9088
3864 4950
7 9998
240 9707
229 9981
1949 3324
391 9294
597 9929
3678 869
15 9022
4555 7528
634 9462
1252 800
114 9890
3922 6430
728 9526
880 9379
957 9067
605 9969
708 9381
730 9439
787 9638
798 9302
3491 2864
3023 2913
292 9384
922 9307
963 9487
3999 2104
4835 5490
853 9811
713 9463
2589 2984
972 9095
161 9053
844 9200
186 9330
392 9933
4428 6679
304 9509
523 9296
3275 796
159 9554
3160 736
711 9047
711 9151
925 9249
499 9418
919 9627
3249 9711
537 9129
76 9608
188 9965
560 9812
176 9756
371 953
862 9096
267 9823
3367 5573
301 9635
1222 139
649 9842
1566 1807
2235 8222
366 9227
103 9202
1422 2754
761 9673
391 9649
2316 8134
448 9448
209 6956
835 4946
3914 1906
3054 442
795 9283
726 9282
1382 5578
594 9818
385 9988
526 9640
558 9406
583 9435
3370 796
517 9580
564 579
1480 6465
3994 5641
140 9619
954 5113
729 3475
4683 9056
403 9870
442 9229
414 9670
268 9775
995 9894
270 9821
970 3908
729 9841
799 9100
2025 5026
715 9358
447 9189
490 9681
650 9994
883 9931
296 9066
788 9311
255 9191
3028 5907
1271 5568
591 9665
1920 6267
1966 4978
170 9581
449 9421
317 9807
4980 5715
2932 5191
670 9504
620 9919
788 9089
1247 2845
644 9786
11 9273
580 9087
81 9161
334 9059
252 9635
821 9827
4429 1617
25 9620
480 9567
101 9310
589 9167
272 9045
3807 5593
332 9992
25 9506
4049 9787
997 9825
96 9997
734 9066
2274 683
801 9925
206 9237
94 9098
2209 8959
1874 6414
757 9940
189 9831
2713 6374
459 9280
0 9780
2090 9085
919 9395
144 9627
2499 6413
805 9508
381 9371
4746 908
361 6285
2646 6488
22 9952
4715 8121
1903 2673
145 9755
702 9315
2516 9355
4957 1967
312 9795
641 9634
570 9948
750 9383
10 1216
449 9049
497 9556
2955 8029
639 9456
502 9316
3655 1525
2976 3713
855 9456
4610 8167
104 9592
3518 4331
944 9989
1824 7004
547 9694
250 9833
407 9493
648 9223
882 9615
182 9332
360 9956
321 9963
13 9089
3698 1210
4723 2942
746 9469
4158 665
1684 9282
127 9505
546 3093
1891 2399
753 8573
1905 9444
3630 8711
866 9954
843 7459
1304 9630
977 9081
387 9039
1174 9971
2685 1703
4547 8160
986 9596
638 6830
912 9057
1880 8012
765 9712
2179 5893
446 9159
271 9477
3723 8499
4 9137
4212 4952
398 9526
332 9795
3455 6908
402 9773
259 9835
770 9611
995 9033
943 9351
841 1224
4014 570
195 9489
4612 7877
935 9350
188 9802
739 9091
409 9343
815 9981
874 9754
914 9526
736 9568
342 9755
816 9589
2267 7710
393 9927
531 9435
944 9562
151 9732
4374 652
454 9641
3581 2675
530 2455
522 9924
2157 3555
968 9678
258 9807
118 4696
528 9478
301 9684
8 9026
633 9317
4369 4905
2015 1782
494 9862
945 9880
335 9066
120 9396
2549 2111
2383 3377
3754 818
15 9238
891 9947
3852 6534
658 9593
3 9263
893 9998
434 9300
2353 6391
102 9395
740 9152
773 4461
153 9910
646 9503
764 9102
522 9098
275 9518
4352 7015
3026 2066
257 9292
4032 6439
623 9452
538 9516
3590 4889
931 9240
250 9634
1854 7822
573 9895
979 9567
980 9084
1193 1895
557 9834
860 9761
4756 8233
819 9204
138 9149
3512 5995
174 9350
1327 6248
280 9715
916 9868
2115 4446
981 9900
615 9458
4857 2582
721 9714
474 9417
527 9322
569 9045
518 9642
4140 9033
1283 7839
144 9533
590 9802
141 9878
101 9992
567 9104
335 9295
1773 5819
4 9304
73 9384
536 9328
520 9893
2762 963
870 9442
924 9051
863 9169
962 9235
3217 5050
667 9365
1467 3144
214 9706
2816 8289
501 9041
723 9987
333 9133
3878 4071
8 9159
187 9433
249 9421
2117 7545
1436 5616
165 9123
13 9959
880 9731
774 9739
639 9296
4536 7086
1077 4556
737 9463
734 9253
195 9283
2253 907
4858 864
582 9850
458 9980
4613 5407
4693 2306
3962 614
763 9918
615 9593
990 9014
947 9061
135 9134
2504 7009
4672 2178
445 9736
632 9798
673 9595
17 9449
2337 1837
924 9525
709 8722
419 9853
2383 7931
77 9538
78 3189
2509 719
357 9808
930 9946
4150 9269
978 3373
306 9745
978 9978
838 9469
2280 8186
769 9718
202 9986
3960 6898
1311 1007
612 9394
758 9298
344 9062
609 9655
825 9398
556 9350
2819 8804
481 9760
1618 3516
4002 621
976 9607
210 9804
2843 9652
664 9482
3915 2686
4049 2625
672 9535
339 9890
748 9648
594 9612
810 9351
880 9772
702 9513
533 9199
747 9895
229 9599
289 9397
1665 5392
73 9882
707 9395
712 9513
768 9984
725 9762
576 9869
234 9846
1699 3791
3611 6039
918 9670
3859 4112
2370 3823
1673 8355
32 5825
232 9083
492 9528
482 9554
731 9526
725 9971
741 9980
256 9283
371 9769
4221 6774
731 1452
25 9770
711 9720
72 9980
348 9169
3812 3704
583 9090