placement model: 1slider
width: 10
height: 10
number of points: 1000
7582 4043
1066 1580
4906 214
8731 5150
7596 821
9588 4710
5626 5796
9355 6716
6205 9176
5745 7882
3608 8539
8633 4655
2615 877
9224 8189
812 8448
5772 400
1649 7216
7698 7770
2865 800
1072 7772
8582 1865
6558 3027
6930 3984
7647 6747
6351 5628
9944 5248
6150 9144
6361 1837
5055 9702
1881 9919
8050 4243
8070 3643
4316 9800
6116 4088
1212 5571
5609 5840
7986 3342
6295 2728
1336 7595
7040 3685
5663 4847
6920 6345
4294 797
977 5032
6023 3492
4887 8149
4343 7901
6539 4178
4747 227
2802 844
3616 6923
1150 2624
7310 672
8681 4141
8843 6575
6102 4441
4788 8976
1777 3092
5826 4625
8423 7268
2120 9430
7073 9047
1862 9615
5548 6395
5815 2187
8636 420
5272 5487
4315 6865
8924 1182
5555 5890
7881 7365
1848 481
1231 4697
2271 4199
941 8639
195 1339
8148 3938
1515 7506
8453 2587
3912 1195
3152 8265
1083 7305
627 6577
2821 6232
5200 8911
1155 9469
3221 192
6954 4986
9822 9247
7788 4611
3216 1190
79 7138
7747 4603
3430 3196
5795 2865
3415 7931
6286 907
1509 3245
9389 9915
9752 8220
6638 7729
6020 4629
9996 9549
5289 5659
9340 8462
2859 9084
8370 6622
2391 161
9759 9865
5570 9486
2268 3536
9051 5978
6024 6776
9846 5864
660 6761
8318 2178
6075 9066
6707 1253
2088 816
7991 6115
4621 2240
5649 1958
7154 4285
9313 5449
3460 5212
8283 5901
380 9084
4518 9791
3954 6762
4200 9347
4703 8017
6480 9419
8754 450
6875 9658
5488 1332
7116 3611
4102 1348
8081 7965
7144 5320
3313 7657
2047 9905
424 6048
1968 1531
4954 623
7122 6891
7204 9789
1325 4024
213 4649
6257 1176
6675 3261
8141 1007
7882 1767
1274 541
2689 4891
7289 8520
6854 3641
4881 7432
4498 2641
6465 6063
6316 7687
8682 6371
3777 13
6826 9311
6948 322
7524 2003
2594 6224
2600 4837
2424 2266
2075 8414
8182 6409
3794 2789
1445 3313
1705 6688
5829 9937
5218 8814
2264 3733
3765 5316
1576 5877
5364 6104
5165 6242
5639 9375
9260 9967
7150 3362
2641 900
3323 5605
2107 923
4248 334
9393 2426
7075 6499
2663 3062
4241 1859
6582 5527
5731 5922
1520 8304
6175 6537
2848 1593
6033 6706
3251 4855
9297 7283
2304 9002
313 9339
5897 6658
9614 4664
1835 6053
2782 8909
6790 8064
4275 5399
9376 5886
5226 9747
8036 6850
2153 7254
4871 985
5673 974
4638 4429
7642 8704
8331 29
539 9247
7059 2471
873 365
6049 1523
8717 3219
53 3622
8537 2862
7666 9411
4558 7853
8556 1066
6053 2049
2957 2325
9578 5151
8675 4112
9847 2203
3222 1965
1075 5021
5709 565
7910 5876
7028 4518
9746 5702
63 1505
3776 8083
5881 4630
9972 9548
8075 5928
3453 4185
5919 5766
7592 9076
5093 5340
1878 5367
7123 2589
551 8550
6095 9243
2426 7992
4269 5086
9716 4920
9203 3461
2077 9419
9872 625
2700 8427
9863 3026
6921 211
9272 2823
8416 9350
5468 8448
5186 5349
4848 304
7017 265
1042 5238
6454 4689
1702 7871
4510 1760
4286 5209
6712 3072
7955 9604
5454 3872
5359 9989
5200 1835
3748 5240
5073 4806
7547 9720
4964 9854
9978 7105
4568 5768
1395 2991
7579 7824
5753 1903
3052 6915
5308 5714
9497 1787
6262 7746
1650 6513
9820 545
6686 5516
3223 9318
3227 4858
773 343
6643 772
443 8321
3909 6413
7814 1587
7727 3422
4694 684
3807 2358
6646 9509
2073 5887
8716 3133
8837 4325
931 7822
4692 1811
9520 985
1806 1908
533 243
4738 3833
1311 1001
2832 1023
5016 4181
1015 4223
281 5477
4557 5043
2882 2499
7910 8880
6854 7657
2360 4483
6256 6961
8238 3861
3541 6671
5945 2536
484 5900
4602 6731
9943 8054
5684 9843
2816 134
8394 8362
1124 8523
2475 5105
1884 6492
5420 7092
8159 2635
4108 3910
7833 3678
7817 3050
4352 7969
7275 8118
6787 5172
4846 2986
6547 2644
9572 786
4350 9039
3457 7895
5878 6278
2504 301
8324 6832
7774 3078
5211 7079
90 1698
2581 8167
4039 23
8118 2719
6701 5007
6235 5632
995 374
6691 5881
4762 8434
9185 5549
7156 2469
9075 4702
3481 3763
4165 6941
7502 3202
5046 4346
7318 374
813 6037
9768 5848
1462 7235
4186 2293
8586 2005
4792 4557
6555 1204
3065 6614
6139 8295
8843 1999
8691 8579
9373 2439
1898 4250
8745 7198
8970 8084
2165 2111
1577 5704
3248 9255
4310 8933
5316 8083
8267 2981
1985 9033
2708 255
9202 358
8971 5196
4473 9582
2362 9321
3815 3926
5578 6358
9572 4822
2282 9779
7488 7879
952 9436
9195 4862
5046 8117
6674 1032
8507 7271
5795 7334
1680 7169
8762 6222
5536 803
1058 9964
1081 1983
2046 9614
6613 8065
4345 5344
6494 5086
630 9123
6001 2765
7930 6316
8598 5059
8706 5329
1623 812
369 5272
6698 9361
5734 7021
6136 4356
6158 8706
8107 124
5794 9616
8110 7576
339 3787
7763 783
6026 8923
3961 9115
1001 9774
589 704
49 4649
465 9280
4144 5082
9720 969
7609 6228
4759 9618
4037 1016
3328 9817
5642 1519
4434 5816
6712 8447
6352 239
4511 5136
1542 4816
6558 8231
9469 2278
1887 1482
6601 7429
6214 8679
8468 3334
7642 2967
1166 6522
3349 2410
2122 1662
5710 5786
795 267
5118 8000
694 6771
1046 2494
2495 1429
6670 8461
2698 7011
5444 7279
8869 2188
7205 1252
545 893
5158 5812
3537 6968
1432 4113
2807 9487
1715 2607
7522 788
9987 6527
6054 9713
9468 4192
959 4424
8867 735
4605 278
1485 3426
6987 682
5511 243
5537 2888
2674 4600
5815 4800
4171 7457
6847 9358
9334 3079
6849 6867
2774 2820
3816 8572
536 2670
3372 8056
2339 6449
4819 9957
9879 2157
7562 2873
3570 4903
161 3244
1884 1920
9794 2336
9929 8610
9391 9581
4120 9580
8420 7329
8109 452
4061 5085
8972 5363
557 6157
1801 3724
3009 5918
3364 8386
9630 9670
438 1671
6720 4797
4692 279
9216 9189
4864 2902
878 7689
7943 9458
6068 5977
7037 7204
2392 7951
2686 8323
4515 8838
6776 7645
4048 9308
3118 5530
8373 4209
1865 4183
8518 368
8971 5559
9112 9718
6640 2941
8379 2980
3618 3297
4700 9279
950 4306
4875 138
7789 9811
7967 9048
3623 718
6499 8646
1317 6088
4522 455
939 8083
8873 633
3865 629
1911 4642
9318 6239
8494 2452
8588 8136
672 6782
9337 1893
8483 27
8242 682
9142 3912
6827 3756
5456 6256
3129 7412
7539 4911
7024 2631
8485 2018
1183 9687
9608 2969
4742 5526
9048 8078
524 4080
9988 2923
330 7237
379 8567
7680 4589
841 1376
8980 232
6000 3267
5057 9877
6134 4123
1923 4975
3835 6924
1319 7100
7397 2975
7639 7217
4704 3032
6065 4722
6843 9776
2747 5069
5961 5023
9100 8701
9048 7590
4664 8775
7176 130
4141 946
9374 8448
1337 4356
2613 8044
5876 3253
4801 86
8802 1625
5252 9210
3234 4370
2843 8942
8690 2408
9193 155
8604 3452
3969 4536
7014 3251
6290 1895
5722 3573
8641 6676
6233 2572
6739 9613
1568 9574
324 6123
4895 3374
52 6617
3755 8490
5347 4302
6835 5764
2409 8128
4787 9308
6481 8305
2438 6536
4905 5677
5534 7651
7757 1068
5132 8564
1536 2636
5030 2899
6522 618
7964 2027
1722 7988
5570 9945
6403 5198
2597 3306
7231 5607
5124 7223
3570 4799
5533 3945
4909 6011
5982 3388
7937 6756
9982 4580
9826 7666
9555 7797
2396 7686
4578 4705
4975 8126
6765 4707
1822 4543
5744 2900
7369 4970
1205 6230
1223 8884
4061 1158
390 6205
2614 3395
8390 8466
4363 3741
7963 4897
2888 7712
1947 64
5241 8795
3503 2718
5081 902
251 5885
7555 6924
8369 9555
8958 6980
5425 2476
6315 6509
1268 3860
6070 1736
5580 8990
7385 9833
1976 4677
3295 9921
8643 7636
4823 1173
7226 5409
2730 9496
8265 5614
5799 4818
8162 9275
1089 8102
1161 8905
7696 2532
5608 2786
945 5970
4900 2645
4090 8058
2802 594
4648 5451
2585 7335
9520 201
338 3392
7288 6267
5765 4614
6175 6338
2294 1659
3009 5629
1575 1947
220 7472
9289 765
3214 7679
2223 7268
231 9231
4157 8533
6054 4236
5399 8353
1170 544
2858 6555
1185 202
10 6008
2397 1669
2952 5400
4934 6128
7806 8725
6495 6452
3581 6879
7420 1167
8083 6999
4794 5166
1997 988
8991 8300
8056 718
9853 8196
7961 3760
1386 9175
8048 962
7252 9957
8861 9834
9703 1655
9862 8402
4192 6901
4411 6856
7597 6414
5850 9264
4234 5351
515 4646
332 6649
5635 1027
8358 3371
34 7251
1534 95
6156 5686
73 6240
4207 462
5819 1080
6865 6950
4788 2821
9086 1862
5636 1855
720 9094
1763 4017
9877 9858
3647 2336
6561 6671
8968 1131
6279 9437
8628 583
4179 178
7551 2846
626 3314
6022 7465
8908 740
5484 6347
6185 2098
2596 1811
3174 6039
1221 6524
940 615
2547 5104
1754 6394
9996 9654
8173 8003
3074 3612
1868 3685
88 7566
2302 8131
7861 120
503 9595
322 2212
8857 5727
8389 6091
7303 4605
2178 1570
6491 2961
7598 6968
2707 3146
4408 8296
516 6577
4772 582
3324 7580
3036 2293
1100 6228
5645 4780
3568 6086
1146 9852
983 1316
5138 8294
2272 5754
3983 8661
8211 8340
9324 2102
5701 7568
4842 4038
215 6034
412 3562
6084 9880
9761 9838
7665 3487
1816 8475
9412 6312
3158 1896
1285 7091
2841 2127
2390 7380
9135 7638
796 7898
9246 3396
4798 9518
7966 8217
448 7761
8266 562
2961 1474
165 2750
1019 2158
4636 5525
2735 4955
8334 1192
8754 2978
6459 5422
7178 5993
7875 885
7674 8964
7652 7018
3347 6261
5916 3560
8537 7824
8198 673
5956 1317
1349 3031
6863 7484
9314 5458
5943 2985
4042 5689
7590 3001
9167 2931
8200 133
1172 2684
8511 9958
5848 4033
9164 8971
772 3655
5802 4841
111 8241
9799 6373
2132 5780
984 7253
292 1386
7237 1613
5608 1036
7375 2483
764 378
2349 705
7493 3591
8611 1615
4890 964
3342 4448
2878 1966
174 1186
1167 5633
3667 2120
622 1511
2545 3729
9235 9489
5157 4223
6250 6031
993 8496
366 5757
1705 2343
6614 1604
9595 3309
2857 3705
2470 1741
3609 3843
4575 4792
7531 4296
9267 5989
8980 8741
531 5766
780 3520
2045 1895
7934 9378
9055 3340
1038 2392
8317 3248
1382 5914
3933 515
360 2113
627 1732
8592 2724
7123 6731
2906 2223
5811 1954
1128 3268
2266 8759
9615 8864
6054 4756
5390 5974
9353 7534
9958 7906
8601 3598
4461 8766
8774 8619
5754 7072
3841 5935
5963 8817
3808 5188
2061 676
5197 9430
3997 2879
9730 8835
6823 3852
7147 7370
2259 4765
9932 4902
2852 6419
5659 252
4332 3958
6315 9776
4003 5801
4607 9717
1957 9167
4794 5202
758 2240
4446 955
9502 3478
8775 7634
5936 5807
9601 4713
5782 6807
1387 8309
2182 3204
2734 4457
795 6613
8332 8282
2283 9788
2929 8916
8742 6937
7168 3836
3799 9414
6915 3754
1091 3733
6588 6333
1237 8575
528 6978
6155 6310
8102 4479
111 2804
218 8840
7679 933
8835 9942
2828 4363
8981 1216
3094 6712
8919 8568
1706 6127
4893 5348
5258 6412
9167 470
7563 3543
4068 2787
4265 3527
4425 7357
8200 6044
900 1475
2072 1282
5639 9757
7448 8615
9608 7165
822 1576
4462 9197
4963 4717
5708 4948
6988 7918
1571 4888
8110 8124
7199 9064
1999 5312
5689 4870
3675 9554
5275 4723
4431 8724
2195 5408
