placement model: 1slider
width: 10
height: 10
number of points: 100
9055 250
9140 7452
7749 8525
6548 2045
3224 4927
5642 3066
2371 9045
1403 2559
9698 807
3226 7603
3543 8290
8414 8832
4746 4130
5021 1360
6923 1864
914 5622
6739 1283
2821 9078
2139 3079
878 8035
1430 9070
6201 4954
6185 1887
5439 5330
2229 8351
4193 8649
1915 3954
3686 5615
5566 6290
4229 2331
4509 3798
8166 2101
8617 2600
6543 7080
781 1171
2647 9472
7936 5049
4942 9928
2802 1715
5036 4622
3624 6274
2297 9990
5042 9581
4514 6191
6711 1624
8757 1654
4690 8646
6847 6697
6461 263
4611 4526
938 2795
3595 2640
5386 6539
3373 5066
5759 4627
7026 1808
4638 3383
1424 2004
6241 1896
7248 6857
5547 9450
8991 2401
7195 9751
6843 8344
6989 3498
4124 2391
582 952
4359 9731
773 2837
5979 6680
3381 6910
8412 4814
6399 1776
3422 6387
7304 175
3361 734
6535 6975
271 3538
4583 9807
4978 7781
4407 6083
841 2402
593 1026
920 7690
2979 1793
6961 5652
8611 727
375 1098
6299 3799
2834 6438
9194 9346
8452 7502
7410 5009
7545 6642
230 2173
7879 1109
2994 7684
874 15
926 2993
5907 9814
