placement model: 1slider
width: 10
height: 10
number of points: 500
7670 9312
5487 8493
2165 505
9873 9658
5875 5682
7815 4655
3807 3784
8389 1695
4321 6255
7335 4356
2203 3994
5317 961
7122 29
2940 3090
7621 2834
3180 7313
1518 9723
445 9324
2002 847
5649 4490
4683 6068
3519 2415
2372 6250
8289 9761
8076 3570
6264 7339
3236 6424
3398 5852
8922 5157
4785 8963
6633 7205
7698 9085
4557 6322
8815 8615
1236 7306
3472 1529
9 1970
4917 4770
4118 9916
2255 270
8685 2996
8769 6749
3956 6619
5076 5398
5216 2693
6939 3666
7550 7691
3484 2590
7254 2905
5405 1815
623 6179
9802 694
1578 1627
6725 7081
2784 7228
4662 3338
2833 8808
8175 1330
3801 2727
3673 6618
3242 5073
4990 6344
3278 4520
4952 2118
8332 3514
7435 3269
9190 6245
6348 3045
5758 357
1841 3195
8811 5926
5959 7704
5561 5251
1095 8688
3158 4108
4608 2452
6376 5438
5755 6564
7287 3875
2996 6670
3518 727
4829 7746
330 5689
9917 2011
9836 7840
3674 3134
788 3523
577 8172
1673 8814
6273 6220
198 2670
4859 9299
7581 9289
3843 4224
2095 8440
2931 8551
3742 8376
5728 270
9522 2203
7018 2832
8520 940
6113 5976
9422 3653
2720 8027
6913 823
7688 4599
1784 2140
4910 2579
7417 6896
4613 1762
3610 8388
5761 9801
9435 3886
7933 7051
626 4689
4870 9949
3924 2680
9439 7265
6609 1712
8141 5770
4580 6395
2580 7188
519 5622
6236 4786
1698 2504
4915 272
2280 4403
2081 4625
3093 2548
8955 7551
8060 149
1501 2830
9093 7442
3565 4053
3800 4829
1881 2743
2662 135
2915 8875
9997 6344
1679 5143
3761 2841
67 1710
2607 5718
2945 2902
2242 4970
5157 5226
8296 5857
8791 1348
5877 3627
7982 9047
4290 1685
6303 4683
2742 1182
6980 2168
3050 190
276 3837
5830 1723
6976 805
442 7796
1966 7232
1734 5244
2639 2009
9345 1504
5847 4292
3967 6791
6011 2645
9593 9446
9517 6956
3069 4816
9512 443
6797 379
8040 9642
1058 2092
4803 7848
6542 5532
9047 2387
858 5402
2269 6963
3230 3475
5922 5412
7440 1455
3916 5693
2005 1907
5046 5595
9444 3081
5934 513
683 2748
6457 9313
4995 383
6843 3375
1751 5165
9027 9090
1945 3389
2459 1193
5152 9564
8434 1438
3172 8517
5080 6923
1067 5395
2584 4295
8683 4194
428 1377
6354 2599
6767 8738
311 2031
1162 5380
4236 9619
3505 9574
5714 259
2110 9712
3277 6420
8869 9915
1052 6366
4064 5903
439 484
1593 5120
8013 4472
9915 5231
649 3991
7722 852
2546 2921
4171 5371
3052 7081
2297 4690
1857 1294
1115 1271
2125 7247
3538 8229
5204 6947
8125 9728
8517 3099
2243 7404
4680 6449
3015 295
4702 5719
8944 4060
2409 4371
5282 1779
2302 8572
9421 5672
1470 3867
2838 7670
1750 8482
9292 9750
3644 3976
315 2729
1155 1076
3928 9232
8241 4386
681 5410
6128 5328
297 3994
8883 121
5407 8318
8129 7844
8238 5423
2371 1688
8182 6962
8982 5089
5129 2703
6351 8412
4177 9425
5856 1406
958 4712
2891 1106
1034 1753
9 7225
195 9674
8447 1169
7215 9154
2208 9541
7717 6162
6504 9537
8924 452
7893 4296
4317 8871
622 1450
3258 2349
8616 4805
259 9626
3697 9279
699 5363
3982 2774
7881 3675
9660 553
1596 2777
5144 5559
511 9288
2471 2076
2515 5694
3903 8525
9490 7371
586 482
4659 2833
8300 3667
4002 1099
9845 9411
5875 3909
3273 4312
6614 6496
2783 4296
8624 445
7877 1888
2267 7796
1479 7381
1099 5426
5879 674
4050 2552
8423 4750
7209 9100
8576 4539
9666 9629
6708 6274
8255 4
4462 2150
7504 1416
2579 9379
9437 6651
1156 36
6401 7249
1660 1910
8405 4142
1937 5872
4179 9176
2779 3474
4042 6936
3811 2441
8762 9940
3014 4353
2229 653
3597 6750
8499 8316
3362 6814
5675 7595
7046 2093
284 5567
7776 7277
9085 1190
1286 3570
4048 7379
8034 4443
3295 8182
4099 6075
4936 9078
4002 6627
8475 8839
769 5572
6801 6916
7646 7393
1997 5810
154 72
8461 82
7730 4947
3522 3365
6052 1873
145 5194
1644 1242
8939 2938
2482 3038
947 8540
5873 6968
1817 292
4239 6792
219 6615
3216 5875
2509 2776
5674 2919
9479 4096
9863 6990
7909 2515
4261 9937
3476 2792
8012 3386
7764 9322
6821 2314
7221 5141
1873 9957
6803 5578
1468 716
9533 3258
6988 3546
5400 6840
5802 6760
343 3938
4830 4669
6849 4977
1736 3115
585 4873
3316 1684
7590 9022
4144 49
9907 9043
8254 542
3298 4122
1493 3527
1500 7006
3010 8982
2061 4286
915 1708
3119 2007
20 3992
3259 746
8939 7425
9279 7828
691 8999
1184 7966
2172 3629
8890 8952
5217 6884
6020 8741
6327 2985
6398 5910
1271 895
2413 5317
5109 6692
9609 1369
8714 9115
3214 1431
5320 2972
9823 4727
8565 2625
4121 1026
201 7727
1256 6809
8868 3472
8062 9874
5580 1715
6230 2802
4418 8876
2146 4095
3 3698
9980 1184
5021 5586
7025 1514
7825 9702
3312 2820
1439 8141
6862 194
4153 2525
5336 290
6967 4357
8841 6455
4769 5178
9139 2895
5493 9247
4601 5721
2274 4277
4623 5711
9923 9078
3623 5472
7545 577
1742 4215
7598 1158
5305 7306
3160 9287
3353 4369
4874 2560
4913 3258
6859 3426
9975 6279
4910 3018
5902 8694
1930 9996
8638 1315
1161 1094
9658 1852
1991 7470
2395 6209
6993 1979
8266 9418
6601 5660
226 2016
127 669
9711 8176
3333 6272
9254 2575
3096 9448
3030 3073
2760 580
8082 686
833 1166
7040 3051
7829 1235
4342 4507
3358 6425
9061 2527
6379 6791
3465 2765
112 148
8604 6498
204 5114
8617 1165
8969 3736
5324 1122
5066 2773
4728 1271
6807 2410
478 7570
2197 9855
1209 9086
