placement model: 1slider
width: 10
height: 10
number of points: 3000
3005 3628
8286 9337
7742 5495
773 2585
5373 4127
9008 6506
4684 575
1145 1263
9888 7511
8077 8155
2732 4720
9700 1166
7579 1113
8240 3015
5343 8906
3901 3644
5267 8184
2259 6751
4953 6695
9282 9817
8668 5984
3863 4724
1511 3710
681 6970
524 6270
6553 2487
7995 8189
6589 6483
8652 9236
6154 9506
1313 7719
714 4976
2984 3703
3123 9852
2971 3920
4462 3642
7997 5429
8950 1466
6680 1650
7613 3069
6621 2404
1102 6293
5099 5555
8745 454
2976 6174
3138 8824
4107 4829
8851 3047
3010 8694
739 5123
5915 2291
2169 5461
2623 8770
7677 6781
9399 6095
3471 3727
818 7071
6578 1995
3014 3784
2791 6247
3297 4687
8767 6625
3384 2873
6214 7154
8764 6338
8829 1812
2426 6747
4614 1461
6715 6736
4208 63
3685 4735
1021 4014
8335 1714
7383 2801
5986 3230
5756 4388
8 4455
9159 3617
957 7083
897 9255
5762 9541
7553 8679
477 4319
841 1556
8374 1972
3866 8003
9771 750
4983 6812
3122 5036
6466 2933
4652 6058
3079 8313
1752 3173
7778 6687
3139 2878
4033 3714
8412 4888
6998 8389
620 2927
8847 84
7258 8094
5349 1776
9042 4833
3861 7038
5061 9088
1601 965
9198 5962
6438 7940
2575 3580
6831 2989
230 7799
6049 4244
4517 1139
3514 9334
8666 3620
4987 1672
415 6505
3883 1567
4681 4723
8753 3189
6097 871
3123 6940
6499 3297
9834 4564
5037 6762
8709 4967
7861 4218
562 1928
8691 667
7873 8742
6123 1135
4539 878
3788 2145
5721 6561
8097 1274
1059 6274
3122 8842
6350 8592
5672 484
3366 9279
59 3358
8917 2265
6001 6
6692 6453
8026 1597
6226 1940
7178 6445
2620 629
7652 7077
2414 5387
6439 9618
4235 2479
4179 8406
754 6495
7696 6233
7918 8247
2026 9408
4889 7025
8626 9082
1047 3202
647 8605
9485 7292
4126 5602
3485 7064
1550 8367
7280 6193
995 2079
7926 338
9425 1610
2983 75
7766 1188
5704 542
6250 4169
8785 5758
7672 914
989 5091
5672 3223
7725 2660
2067 1176
5525 2617
1840 7675
6499 2147
3246 3877
3556 9305
9687 3766
1214 2792
7199 6682
530 9852
9022 5785
7567 302
3203 5610
6550 8913
6111 1465
3224 1500
9483 9529
9849 672
6728 4591
9060 5515
2083 8195
3657 4708
4888 8511
207 8645
1213 8219
6968 5203
2599 7659
1760 6993
5430 9966
3207 3665
582 2453
3284 1919
5999 551
6976 7854
5198 769
5621 4901
9303 3431
413 4753
7036 1696
4455 8462
6229 8616
2590 8161
1153 9266
6367 2854
8448 8674
3284 1467
4691 5991
4381 4889
3779 6410
3168 4688
812 7396
9376 1288
4758 8230
8737 1434
7044 4077
7458 7139
2781 6105
8357 8624
9819 8566
7552 672
9952 9968
4438 5159
7804 3616
1795 7432
6815 3746
2023 5115
9218 2201
6643 376
9209 9517
9672 9490
520 4609
69 4442
7005 401
7135 3277
311 1742
3827 3728
8981 566
976 2683
8470 7116
1248 3845
5077 678
7984 1538
9050 2012
548 1611
5914 6594
2515 707
8457 9133
3758 2155
2091 4664
7433 2897
222 8548
2151 1118
9096 7744
2716 1117
89 7918
2188 6119
4676 7957
4551 1997
7415 8828
6583 2687
920 1696
9021 3099
7886 8199
5854 3145
9264 8368
6447 1022
9577 5862
4869 1825
577 6221
5795 1504
1776 2327
228 6025
6863 8973
4616 2194
2318 7301
4545 5066
1329 2064
9768 9993
1583 9411
2627 5252
2565 5044
9956 6127
276 7452
955 5973
6357 2980
7629 3758
5096 8638
7701 2792
7653 8605
4080 3643
1142 2774
2091 1532
7522 843
3815 8892
812 1484
9230 8104
4026 6736
8281 4354
1978 3771
5741 8538
5464 3567
4661 4457
9849 6063
2828 2927
2949 2764
3190 1877
5799 1380
8364 4415
9492 6351
8144 8412
7852 4621
8302 566
5188 3521
206 5728
1253 6286
7480 5661
1140 3920
2308 7974
2869 7868
3340 6321
9431 6734
5800 8040
7580 8739
9364 4073
8671 5304
472 9203
8606 1395
6215 8851
1309 8743
5959 8050
6776 7058
8043 540
752 9689
7641 5588
1762 5658
4428 5344
9202 4399
7072 69
979 2923
4494 3544
8091 6452
3603 102
3380 2745
9322 1019
2093 3584
9066 8569
9760 7759
5817 5351
5526 1874
4742 1080
3633 7626
1083 2074
3926 772
4251 2037
4576 5715
883 4077
9777 671
1305 6159
4089 6806
1610 2669
6814 1559
2044 6551
6859 290
3362 2153
3391 2180
3812 3603
6096 4184
7655 9088
776 2594
3268 2521
168 6220
9299 7221
6665 3434
1578 8130
4202 3035
2059 1898
3227 7761
7371 4952
1083 6927
9243 9410
5155 5735
8618 251
6865 6111
6859 8182
4807 7565
1296 9387
7241 8600
4455 4881
1808 2845
7491 14
2836 1643
8744 1204
7561 1572
1941 2833
9114 6109
4876 4288
1796 3086
133 4480
1586 666
6887 2659
3144 2329
5494 3538
299 8113
9065 243
9290 3088
1271 4935
6439 6588
6696 4440
8911 8173
7642 8376
6138 8343
3501 3599
5098 1583
7465 1466
3889 2562
303 6183
6145 3168
1885 7711
4802 5304
3179 8298
498 9719
3762 897
729 6216
3414 824
7307 2567
964 1313
3348 909
5600 2536
7246 2337
8698 6953
8269 5926
3331 2046
9495 4071
6580 9067
6226 9223
9324 9324
8354 1851
1321 4068
7204 9085
4809 3485
5756 1011
3107 6701
5134 5375
6214 3850
9008 861
3835 3084
3792 7431
1969 5921
7354 3418
9087 8733
1857 382
620 5901
7685 5480
8731 4409
6013 7413
4857 9128
6587 3090
6242 2591
6515 6850
3755 8042
2827 6906
5523 5733
8564 8841
9572 5244
5238 1413
9487 4930
7700 2558
8730 6878
9429 6887
2675 3666
9911 1916
546 1709
2069 4861
9783 2518
2071 9931
7733 2601
2439 5568
6194 8158
6496 7722
6478 5153
3193 7780
8981 2621
9129 4979
4276 9531
243 6945
9249 4157
1390 1763
6436 2450
32 7514
7434 1128
9510 3468
4625 2713
4140 2246
3112 8867
1271 2313
4034 3387
1680 7714
3162 2779
7200 5472
450 1794
117 6523
4579 3441
89 582
9158 4324
2888 9055
3613 4496
9206 2001
3601 79
6387 5142
9232 2216
1765 977
4178 6758
6802 1107
7419 1393
367 7389
6062 9100
3252 7361
5356 989
6710 9495
338 7962
4340 6762
3083 9966
419 4411
4174 9956
4208 5124
1256 8091
1209 240
9299 2925
8745 1259
4562 5911
4259 1149
3775 3646
669 6872
6227 5777
1280 9211
6239 5093
4319 7977
4855 8979
5208 6433
7068 3520
1116 5433
4818 8927
2270 4492
537 4203
7957 8341
9242 3943
2879 2305
801 1849
9707 5055
1805 8222
7151 5074
9433 4892
266 3929
8718 971
1920 9983
9825 4171
8378 4154
1575 8456
7075 4085
3611 352
5929 7780
4013 2295
6984 754
3781 3682
5473 95
7419 1525
2353 5843
5534 6220
1422 4283
317 8512
1454 1071
4820 8461
2923 7804
7288 9936
4610 1529
5793 3847
3162 5191
7934 3597
6935 2003
2429 4476
4152 3758
6757 1799
8488 5175
6135 7358
6508 2454
2412 9490
4294 2676
5630 9004
9127 7364
1453 4070
1757 3061
2450 6692
55 218
6102 138
6155 8676
5092 4100
570 830
1134 5448
2568 5212
949 2639
9939 5367
4267 5399
2467 8072
1785 8546
5239 1524
1604 49
4827 4459
1682 2507
7332 1516
4734 5413
7297 6256
9732 4732
2952 529
4910 655
7252 438
1405 8455
9943 7250
8369 625
8258 8408
2690 3608
6706 1804
9333 1940
2582 4246
7026 3482
1005 5625
1369 9534
7741 5031
7447 6350
2354 6355
988 6639
3302 4436
1036 8449
5053 8513
3163 7534
6839 2793
1899 5292
2131 5982
8093 1881
3736 6485
1087 6931
5819 923
6351 8480
4455 9235
3109 4825
9678 3754
50 5883
1696 6013
330 2620
3298 6321
1993 3778
4356 1834
1522 899
1011 1154
6111 3004
3183 676
4019 3045
5384 4788
3674 2
3546 8424
9685 3065
9133 9305
9634 162
7418 4509
8743 5247
7616 9728
6783 9810
8638 3891
7317 2268
2077 6483
6358 9793
1382 2376
5397 8422
3094 3929
9695 7215
3500 4786
866 5814
4931 3235
3648 2143
4826 2591
5921 340
17 1229
4583 876
69 9550
6600 7833
5918 966
485 5423
9454 1518
253 4577
4153 8403
3303 1916
1441 7660
8852 4031
4460 3434
6256 6771
9204 3534
3758 5380
4420 3937
3328 3873
896 3054
9806 8072
4339 8885
4329 8841
5830 5321
8478 5981
368 6469
1315 590
9599 2255
4069 7628
6185 6127
7753 2560
9202 6694
5605 2965
2833 384
8470 5124
8318 2257
94 4417
7499 1344
5534 9456
9432 7355
4475 9013
4283 4441
3562 3064
9019 348
2233 5018
2786 6968
54 7593
8066 4370
7115 6257
2190 7907
2165 2116
2213 1001
5236 4524
8619 3201
1308 312
2660 8449
8239 4515
9838 2240
622 1365
8258 9048
8668 9544
6544 824
8913 810
9972 9982
5262 4400
6895 3568
4954 4045
4234 4007
330 3895
3128 5361
4691 9176
8760 1705
4834 1825
983 3419
7601 4074
6663 53
3915 5037
9954 3145
7262 9472
6673 5007
2693 8016
1791 2129
3755 966
3757 3078
6078 8575
2944 6434
6051 2535
6717 7227
2048 4906
9303 7909
6540 1140
5293 1211
8428 2607
1716 9980
6544 5441
3302 6676
2895 780
1626 5790
3345 9332
776 1100
597 24
8337 2792
3515 1330
2166 6578
6374 8243
489 5948
3081 1101
2050 3410
49 7219
7888 285
3228 10000
491 7225
5364 8464
7336 7927
7392 230
4986 6451
1980 4696
8104 7708
577 1497
2445 6725
9403 8461
8977 2424
6037 9258
8599 2579
8230 3165
4692 4149
3878 3642
3254 6719
7844 2856
7749 4341
3871 8685
2741 3514
2085 2994
7283 7566
1441 4017
5006 5705
6250 4808
5167 9663
1278 9977
1354 4109
2660 5794
2127 1768
8614 6559
3781 4254
1933 2555
2392 937
3643 8687
3366 6366
8968 8627
3706 6613
7075 5889
9141 2907
9853 8517
6613 9508
3704 8566
9915 9656
955 8505
2419 9650
2071 9248
6911 2783
498 5306
8699 6609
5744 3908
3759 3888
5488 1608
7193 3120
2719 1723
4203 7982
1823 6192
350 1298
2484 4689
8017 1562
1008 5384
5087 7570
6436 2348
278 247
6751 8115
1593 3845
2822 269
2581 8050
8845 7838
8192 6229
5437 1769
6240 8618
2245 4969
2935 7140
8221 330
2431 1094
8331 4445
2875 6402
874 6683
1548 2989
6719 4727
84 7297
4218 7947
7755 8141
2267 8686
6039 8567
4266 4621
2472 7349
4417 3335
5202 8076
9127 6329
2371 9020
8107 3258
6981 9012
1305 4609
981 3288
2479 3174
1211 6363
8430 4986
270 6410
8518 4313
3900 5265
4569 8260
4048 6834
8884 8372
8848 6859
3765 9845
266 4046
650 7776
8905 5380
4404 4370
5389 9630
7933 5501
6095 2781
9426 8570
9348 1553
3749 5162
5784 5480
5355 1726
4145 6851
6227 4069
426 1058
7897 1339
354 8128
5145 311
1585 5108
6196 5971
1368 5222
5836 2450
4936 133
532 2686
7459 2925
3631 9855
9183 2853
3528 7892
1086 1510
1133 6985
4006 8641
7994 7911
1504 4974
3254 2675
5427 2067
5761 969
8611 9614
2520 7548
6911 2780
7378 785
6575 3956
9562 4850
6675 101
9795 5944
2803 6760
9430 85
9868 1693
8067 1326
7232 8965
7682 5602
4282 7858
9472 7332
4519 1618
3663 7436
8361 8357
9989 7133
3128 8000
7595 3291
17 6810
3399 7969
6507 1144
2651 147
3923 8480
1438 6603
8154 1426
624 5428
8584 7195
5304 5973
9139 6748
4174 9749
2646 8787
6984 3715
5730 4371
6848 7010
2716 5967
3581 3021
9700 4777
7216 1619
1283 2299
2724 826
8306 2673
2123 8470
4118 9688
9904 561
3399 9827
9036 5739
4793 5811
7261 5192
6896 339
4759 8974
9486 3455
447 1397
8237 8738
5317 8138
3482 8715
2336 5600
3966 2515
8697 7541
4700 5079
730 6354
2484 754
1567 1468
2617 655
7902 5238
2574 1552
3856 6704
2629 3711
5837 3825
6242 1699
1818 1332
8147 9839
3130 1219
5166 7982
5344 9242
9703 1645
3446 4667
9227 4617
8988 1253
6969 1482
4452 5404
6774 6252
4300 2059
2682 4130
6575 1736
8800 9499
7352 7613
4292 398
4312 4373
2393 913
9442 600
9185 3763
1090 2440
1630 5344
8263 5754
3880 8681
98 9399
1206 824
6218 4752
2296 5374
4326 6041
2948 6886
5158 2910
5280 3583
9203 6861
3267 7738
8287 5006
9585 6829
5775 3398
6624 2352
5556 2611
2579 2360
9139 7722
1649 7817
7266 9387
3386 2448
4778 2630
4947 9808
1380 6921
9648 7649
6581 9748
9415 8942
9299 4021
2093 9047
5450 6646
9498 3280
9460 3580
3515 4829
8053 789
5715 9498
3366 2129
6351 5049
8505 6438
693 1273
169 2321
8654 8877
2803 4614
7004 5309
8296 4220
6679 635
7407 7950
6210 1455
6761 7517
9069 8422
133 2922
4860 6217
685 8898
6297 393
31 4315
1301 5323
782 5013
1604 3431
6002 2734
3889 1291
8034 794
5571 3832
4263 4956
672 553
8537 6049
834 1498
1935 5974
7047 9823
4635 1856
2141 4756
7753 668
2333 9835
87 1084
4125 9202
5356 5659
8605 3839
8086 5493
3244 5315
3213 7349
8460 5586
1764 6670
3400 2850
8326 8580
8307 1374
701 3473
1744 8581
1766 2820
9745 1588
4881 5450
2403 7520
7933 7077
2466 9341
6040 7846
8521 605
1385 5092
1034 3732
7426 5208
9488 7678
3283 4220
8446 3161
6649 2666
3457 5139
4936 7106
9873 4453
9640 2191
6906 8619
5266 988
8080 291
5930 3558
8530 8302
9098 5863
9528 1710
8102 8585
2046 2774
7977 6726
6950 7560
5883 1968
6225 4825
5185 6662
9443 5562
2281 3012
3462 1994
6094 6638
3276 6168
3590 7726
5919 5837
8151 8359
5869 4326
1555 6089
5531 9335
7982 8993
1874 4661
5890 5675
4934 6818
5642 7234
942 621
5643 7728
9405 7026
1064 8663
5286 4045
838 2719
3225 6193
2835 6106
6323 3611
7001 8082
6713 4220
3089 3519
4406 2639
4130 2952
9614 9393
1598 7397
6266 3924
1948 6253
6392 8015
7082 3635
889 2062
2614 4227
7479 9642
7630 1611
1994 21
1890 104
3623 672
2265 3285
5243 849
4739 821
8046 4720
3103 8745
2744 9419
2166 6422
9470 902
5738 6790
5377 5281
3547 7588
4769 5957
5473 3246
203 1440
1754 4506
8545 1971
9043 9691
4069 7565
6353 6224
3777 4938
7340 9788
9609 5831
6378 890
4791 826
4537 7055
859 6233
7689 1975
8132 1954
8467 3252
6789 7301
3504 7514
102 7218
574 7231
1066 6155
1084 2852
5433 4379
1911 8494
723 3100
5498 8528
6992 2875
9128 1766
1684 5592
5859 1891
573 4062
5017 1562
4711 8617
8305 6621
851 7624
1341 2802
3975 7181
454 351
6725 1468
6016 7909
4963 4480
5635 5797
7379 4639
6897 3277
2576 2332
6632 7449
862 4462
8006 7760
4355 5795
815 4396
4211 7878
9879 8950
2818 3628
2290 9360
8939 2423
3482 4378
3746 5011
1502 8960
5987 8487
5994 625
4815 6608
4349 1472
327 1217
8405 2258
5248 7718
5526 4093
8850 9375
6929 6310
5082 6848
4136 9452
6775 2560
1607 6726
2783 324
3845 6621
28 4940
5229 3815
1493 9323
8327 3334
9216 8437
8562 3816
6110 6901
9592 6132
396 8444
6406 5232
561 2924
7724 1385
7007 2368
9540 3868
8702 4325
9264 1331
2329 3363
4284 9820
7651 575
869 4345
4574 5580
3931 1766
8392 8418
5757 5027
1359 1771
1047 7462
9827 9914
4278 3470
466 1902
6576 7138
8029 7882
7071 1385
555 7894
5360 5977
2872 8922
2837 6831
7665 8581
399 8762
6389 7416
9703 1661
3755 7019
1240 2741
7701 5185
6916 9682
3840 6789
7282 7019
9350 4246
3122 6103
8153 9831
2533 6047
9532 2737
8376 4720
499 3622
2465 6676
4926 9827
8348 8219
6374 4001
366 7070
6358 8574
1507 597
1947 8435
5932 5011
5264 7718
4903 4964
1052 7661
2328 6900
1827 3784
5219 3604
8668 6308
2472 2488
903 7228
9312 187
9350 5215
7492 8963
5906 1497
9344 8798
6832 4056
4980 2756
2488 4864
8544 2220
527 40
4803 4204
2319 7413
3828 1161
754 4613
5890 4442
5741 4862
5694 6621
8480 1759
6371 3994
9691 679
8043 7142
8804 6046
3918 6323
3062 4762
2971 5678
2896 6170
1365 8446
9360 8815
3275 3751
5065 234
4640 102
628 9896
7314 6102
3164 2512
3223 3198
257 3357
9916 7288
4076 4727
9387 5009
5081 4079
6170 461
5915 1539
4047 5842
4462 7139
5658 4128
8485 249
2991 4925
8208 3002
1770 5399
9684 1390
3793 4252
3518 1796
7533 8543
400 1013
6397 6893
1959 6729
8452 9044
5509 9151
7671 7793
7050 458
367 7911
9633 7981
4352 4492
5985 1455
597 8413
5688 2536
4383 1027
9788 869
2855 6067
3138 4695
5672 9183
6025 7769
7578 8005
7150 9135
440 8239
5172 4741
1305 4999
1101 2263
4092 6133
5827 9470
2710 4152
8360 5207
9161 6827
7350 7389
9057 4199
2087 1897
669 9099
2745 3922
2560 5636
6775 3107
2714 2775
8243 6810
2220 9004
229 6857
5411 2335
6039 5636
7780 4892
4750 3381
2971 5747
8654 6387
5042 7729
6767 5618
7094 4755
6987 5370
556 9289
9471 1003
7070 910
2784 2450
5766 4418
8014 9777
7777 3677
4752 568
4981 8432
9113 7421
8835 3453
9820 5435
860 9605
3631 6899
3973 9614
1802 6351
5760 3990
6424 4958
3733 2765
110 5992
8846 1292
3867 2637
8031 1717
4062 8943
6366 524
5306 3251
2443 8572
7774 5096
7343 2357
5688 9664
3655 3156
6531 3492
8237 817
8215 8899
963 1311
6126 8256
7267 5318
2438 9826
3404 6920
8757 1451
7312 7263
5163 5411
4708 8946
3399 5108
4743 4231
7237 5455
2297 8991
4337 9018
3320 3995
9462 5078
9590 1443
3328 925
6379 7304
478 8871
1026 2103
3911 3199
8268 2171
1211 6818
8484 4087
3878 6627
6738 6405
6565 2017
6550 1654
4175 67
3437 7888
674 7146
5374 8755
8355 6701
8168 6159
341 6805
7644 7501
8307 2426
8139 5472
663 7180
9995 1229
1923 1152
4162 1506
6576 807
82 9480
6080 7416
2579 9100
425 3790
7814 6786
8169 3235
7261 6540
7655 2562
1706 9236
8967 7909
3143 5465
341 3652
4233 3220
2154 9036
5819 6523
7377 6926
2963 6606
2540 8028
273 5316
3450 5865
3934 3589
2781 6996
4733 781
8097 32
8556 2526
2702 6870
8188 2868
7995 6529
5400 2575
7699 6942
7330 7340
6495 1661
7611 910
5657 7108
6492 999
1475 1450
1898 6377
468 4168
8090 7229
5946 3465
8661 3164
5648 2089
7587 1708
2287 8511
2540 8636
8223 1136
3374 3045
6643 9482
7424 6718
3812 5008
6531 8622
4073 4180
6231 522
9243 9339
821 2770
4347 4918
8136 3940
719 3234
7295 9936
5075 4810
2176 7604
6299 3723
7350 2803
6048 9452
136 9522
1880 7341
8562 6134
8779 9838
6515 3116
9910 9735
3793 2697
1047 2924
403 5888
3565 5352
8483 182
3419 8322
5439 7687
9461 9640
7262 9981
836 7132
220 9217
2641 4927
5574 658
6961 6451
8857 4390
705 1292
1680 3912
675 2168
4852 4528
3667 9464
3972 9054
186 432
7336 9505
2554 9408
6726 2024
396 4287
6276 3197
2401 4968
4279 9659
1079 4456
7852 3237
6671 3317
8331 172
9297 9677
8345 4457
1760 3848
9521 980
4124 1060
6265 6913
7487 8021
4284 4811
7148 496
5561 6022
1303 8236
2056 5863
4802 8656
96 9856
8416 7437
9562 6781
1864 222
8087 6457
9350 4256
5918 3735
8958 6217
7596 6993
995 5741
6898 4395
7895 7627
6166 2244
2780 8030
3134 4462
7531 9267
6105 2562
8394 3599
3129 3852
5781 9108
4830 5294
3202 5259
2442 4764
6781 8214
4211 4334
6556 5608
8317 513
6243 7237
9673 959
4572 7589
7375 1741
3606 1253
3605 4052
8925 3473
3879 2508
6439 5569
4977 2482
4068 4180
6922 8488
6991 4917
9463 1716
9194 8212
6357 8244
4397 8988
9418 9470
2619 9747
3436 5386
3433 3366
3028 8093
17 6052
8128 2083
8871 1296
1169 1240
3132 753
7415 7767
5097 829
709 7831
833 3089
4187 1240
2498 3954
7858 985
9944 3719
6861 7752
5830 4598
6138 9566
8398 9641
3200 8317
8781 5557
7853 3553
320 6536
1626 9793
2887 2687
5551 5553
3270 7770
8194 3028
1398 9500
8306 3275
784 4304
9213 7720
8061 4483
8112 6618
4834 522
5361 3551
7276 3601
6425 1982
3282 8877
6044 8454
5431 4100
7342 8041
9165 9186
4642 9557
633 8064
8673 7191
572 6546
2809 7146
9286 337
3437 8570
6614 3067
9513 7250
9864 2338
4655 8044
8393 5379
2717 5392
6550 8685
5121 9138
3335 4604
8842 2636
472 1001
9458 6038
5601 5163
2403 3433
7095 5341
3772 7898
7915 126
8577 4941
4209 3336
9353 5506
1037 5138
438 6432
2132 342
7953 8642
3703 2878
5993 1147
8014 5977
7989 5009
4595 3568
7026 9407
8096 1610
2441 5454
3092 1696
4034 5762
1973 2347
602 1659
915 2632
440 4710
7807 2067
4422 1937
7327 9199
1258 6974
2378 2756
508 2142
6183 8198
156 9390
8032 8458
6178 3058
1492 2569
1790 3118
457 1297
5270 5328
5124 4898
3083 8503
1635 7166
9998 3921
8089 8455
2777 1229
3261 4375
9790 7487
8174 4658
4332 6418
7134 1822
4148 481
3951 2181
1667 3510
1776 2858
246 5385
7048 1643
8850 8536
6886 7868
5951 1034
7549 4195
3408 4619
5729 1516
4862 1372
3458 6692
1337 9345
805 3032
4864 2419
5360 3349
8102 1600
4738 7246
5596 7318
7958 9194
9472 4054
8215 2561
6081 4264
7785 7137
9484 4336
3895 1367
5904 6131
9814 2108
4996 5306
7952 1078
6425 6500
8484 1171
7288 4776
9448 3153
4456 9006
1644 9031
1263 9344
8193 300
6268 414
272 7993
1048 6598
6520 3518
6484 6500
4660 467
7809 6219
3348 1513
8275 8629
6872 3686
2966 1373
883 1891
1638 3151
8911 8860
852 538
9522 1183
9649 6765
4392 1965
2354 5637
675 1686
189 9554
1213 9589
86 3318
7460 8313
9849 9834
7030 3065
8687 3702
5022 1254
5319 4330
2977 9451
7436 4487
3580 7552
8218 188
1622 4959
2415 3159
8757 2852
2928 5971
7679 8263
9266 9550
3997 6035
7673 2542
8469 2749
7382 3551
781 6146
901 1418
1050 7497
9802 3483
7597 3830
7992 3042
1799 9530
6688 1642
6720 1248
9856 2684
9278 2426
2213 9592
4438 6672
1391 2580
754 2493
8311 921
1032 1318
3067 45
5501 2852
5825 3791
6069 3397
6904 6135
9689 9988
5380 2907
124 3913
4798 4805
7837 3050
2992 1765
6028 5458
9845 5184
9061 1648
2136 6273
235 233
9331 560
584 2684
2986 3874
4506 5534
3938 4966
8389 8659
4471 7321
8356 3994
5306 5614
532 7065
836 4418
7963 5511
4041 9803
834 6369
926 3973
6430 47
2424 4857
9490 1327
5395 2562
6096 7102
931 3733
5323 3967
4782 8556
1474 4396
9994 4797
142 7702
694 9052
8327 9632
1136 496
9883 6083
6905 9726
8223 4051
1633 5497
3150 8788
2876 4000
4472 2433
5057 9554
8815 581
7585 5748
6669 1498
5978 3641
8334 3846
1057 2477
9320 1451
5261 7450
1240 9700
268 4209
8971 8717
4746 1521
2615 3002
9196 3017
657 6328
9232 1919
6001 1230
475 9499
9276 7239
3222 7284
7607 5006
7988 8685
9211 8132
1137 9424
4903 7761
1281 8910
804 7156
4468 8864
7625 1227
1551 3900
3268 8447
7845 4507
4308 6500
8858 8417
8686 7609
1649 4532
9220 2625
3314 8903
6938 1012
1978 9586
422 3467
9146 5496
3744 9529
9622 1291
8804 1285
6446 1454
4284 6838
3400 4524
6195 1723
959 2701
2614 6792
8100 143
5880 2712
4043 1699
9210 7657
8815 2364
301 7938
817 9183
9164 2826
95 5117
3276 1608
8479 5053
1202 6343
5284 2907
7998 8596
5489 8263
1185 5989
4902 917
4688 2232
9699 8198
8981 5361
7093 9282
9203 8712
7082 3185
4078 1827
7484 8499
4552 5486
4676 6872
3542 8453
5317 9667
2159 3759
8764 1729
2768 1443
4257 9025
2499 3584
6099 7438
361 4134
3320 3480
3505 8226
7754 8383
1559 5594
7220 6681
2600 1844
6046 3173
5258 1892
9740 7430
3319 1606
3371 8172
5538 5865
1582 2212
5642 7965
2859 6004
2569 4053
5596 480
6169 1234
1677 3581
2787 4326
2628 3534
9599 3446
1339 5385
1698 1703
6291 1243
6823 2930
2402 9232
3414 5198
5900 9411
4625 8223
1322 5238
6753 4145
5615 9230
7876 4354
7626 8268
4235 5910
1609 9482
2862 3580
3766 9016
2236 6407
9913 1373
9646 4723
3118 750
2995 6597
8248 6472
8434 3239
3710 542
3395 4997
7944 8508
6808 3902
127 1029
2322 5228
4145 7188
5877 4140
4282 1966
3286 9233
9020 7538
6053 9055
377 6382
7706 9805
6255 8689
9621 8509
4286 5907
2700 9498
5250 5071
1917 6295
2746 6425
1381 13
6278 516
3848 163
4666 7047
2831 405
1491 1080
6806 3575
9173 6769
9694 8424
6095 3350
8160 2550
928 1819
7350 6614
1855 2857
1769 7855
9347 8034
7613 136
470 6511
1497 7399
2692 5266
2758 2553
2291 4358
3610 297
6696 7086
1170 8321
732 5854
7269 1728
1259 4619
8001 3696
4712 5073
293 4202
6065 8353
9510 7381
8147 562
3014 3965
5969 2482
821 4605
6161 7393
7835 9632
1778 5941
8180 998
8821 9390
2005 8576
6315 8737
7598 8060
6789 7944
6586 4518
1062 5118
2119 3702
3219 7907
4056 3874
2277 2748
6404 5906
5641 1158
9437 3595
268 8048
288 4465
4639 8944
9430 6374
8667 1598
8692 2087
3641 8452
7158 6116
6141 8173
7783 5902
3656 7453
9507 1523
8938 7592
4678 6007
663 874
4680 5973
6527 4627
4308 3159
9363 6733
4544 4221
4545 1266
6229 7452
6405 5006
8623 6985
734 7065
6107 9018
5836 499
6811 695
3912 9982
4547 4285
2365 7663
8123 9402
4887 7316
9360 7090
5329 4996
7871 6520
982 5301
6957 3321
8488 4445
2101 6921
742 7933
7943 3294
8679 8032
6838 2093
9889 9913
5037 718
5906 59
7520 6621
8836 6739
3248 2244
1976 7512
4013 8591
3270 3354
5478 3457
3928 5191
3665 1260
9008 2893
2765 1333
448 8474
3590 1623
9656 6693
3796 3817
3442 8916
1670 2539
4844 3176
7866 3536
4168 4407
3745 6715
516 3098
3153 8211
7929 6764
1713 6573
1119 4260
6287 4489
1321 6545
3641 9379
9909 3003
3067 9150
4624 4004
110 6073
2643 6697
5538 4633
7326 569
1286 2407
4353 9917
5232 5869
909 6638
6065 5628
2467 7029
5693 9131
4179 3902
78 5926
5741 2152
3034 6275
6317 2869
7874 3185
4264 1341
4932 8875
131 4993
549 5443
2789 3643
160 5098
4459 1149
6369 618
2484 1152
4445 3480
6194 5202
7586 130
8358 7911
9197 971
8219 8593
8343 7661
7061 5378
2877 3896
4792 582
7757 4009
1499 5719
1803 577
5368 8603
6255 9294
2134 4126
1541 7497
6068 467
1021 2632
6765 7058
8329 7474
8586 8797
6920 5410
3983 7611
5916 2563
2083 6873
9555 4626
699 2185
6905 4357
2773 15
3466 204
6597 1691
2602 6088
80 2277
9008 262
8189 9669
895 5314
4087 993
7126 8680
9856 7330
4605 4949
1308 5543
4031 2137
5824 7903
9054 5548
5927 993
5037 8862
5810 8704
3599 5733
7760 6874
2457 9015
4958 1288
7326 1931
4498 1457
582 6763
6493 3655
1091 7666
721 8630
5470 9167
5052 9826
849 8886
2568 3392
7653 6521
3977 8581
8987 4837
879 7984
2597 4963
1212 455
3735 6677
7975 7469
8526 3790
4798 3941
1218 2096
9420 6410
2635 7830
5971 6684
4822 3523
9380 4572
2269 9354
8902 1996
9848 8069
4183 314
156 4987
9030 6371
5329 2777
7313 5289
5747 9457
9756 8329
2597 1231
5817 719
251 6069
1953 5673
3059 1582
3020 5750
5446 3838
3045 8780
4874 6870
6863 2192
7594 9874
9306 6370
6814 1971
9999 5779
5477 6871
4757 4508
9631 4054
1428 7037
7592 9038
2428 1319
5702 8213
3657 9552
9029 3846
993 1220
3727 8138
6528 6840
9213 486
9904 6362
7777 598
1445 7399
2820 5208
3594 7740
7067 8247
6748 338
722 5085
3382 304
1766 1122
5668 3756
2080 8704
9166 6692
721 6567
7523 1567
7024 5540
1797 4012
4884 2380
7313 7323
1508 6209
4116 5703
1929 6205
8566 235
8652 2316
1343 1068
4946 2966
901 5006
288 418
9508 7469
9458 4313
5638 1843
3882 192
9737 9211
4629 4262
6304 6791
8178 9000
7042 9315
1995 9481
3235 2659
8810 1482
4135 9657
8519 2708
5940 2437
5798 3420
4523 1610
9284 1113
9727 9756
3245 7614
8326 2061
7304 8572
3867 6485
9367 802
5250 3765
4506 832
4139 6143
2718 1948
4241 6797
9039 1734
1769 8986
7527 3960
9470 8455
6553 7147
2302 1987
6137 2780
8293 9378
6144 9801
395 1725
8668 3620
8662 3923
4239 322
8545 3189
6914 207
4668 1956
4219 9711
4429 6857
3331 4985
9835 5502
6940 5223
7310 3039
6460 2805
9660 448
1630 5033
4227 9107
5429 2880
39 233
8763 1180
9484 5185
588 2303
3622 4880
8720 512
5001 8039
5419 3984
1810 2709
8851 299
2413 1259
4643 4440
4944 6346
3024 6464
6690 7304
9715 8656
8470 2750
4143 2073
4390 6583
5912 2027
1336 5094
4923 8009
6231 8292
6839 5301
9775 9818
5664 6315
8203 9500
2743 7241
3906 3209
7838 1268
5126 638
8837 7181
9001 3252
6996 7236
6199 1329
4199 9660
6466 3389
8571 7057
2149 4946
1356 8910
4388 6812
1991 6953
8606 8312
6648 6710
826 6185
7684 1053
7158 8808
3942 9621
3170 2677
6514 732
1955 8782
7795 7345
644 8898
6728 282
6892 1153
202 2972
7326 3359
7158 3650
1203 6782
1094 7219
4078 3227
3391 516
6555 1360
2695 2274
109 3940
668 1585
6165 5660
8092 4829
3449 8534
9901 7657
6069 7001
5129 2151
1800 4455
2205 1128
7809 8721
2836 7210
2645 2597
1694 9230
7971 3900
3577 7008
9431 720
4487 726
8211 2474
8323 2465
6731 2977
9606 6455
7758 138
8163 3754
6891 4768
3955 1421
8405 1637
8698 3930
3570 3255
5100 1301
7401 8699
2524 2710
481 5262
6114 4242
3102 9847
9800 9143
6521 9387
4470 7641
3118 5095
8704 3828
8532 3805
3667 5781
6183 8734
2677 1014
4665 1393
6790 9752
2057 6349
4562 6509
474 5382
8812 853
9008 9226
6648 2229
5959 5422
5085 2134
2927 9247
4499 1852
9348 732
661 7121
3573 4754
1760 894
2620 5899
7941 2426
2063 8557
3650 1695
2868 2918
8757 6021
6905 6520
9488 9514
3966 9774
180 7112
1211 295
4950 6456
4216 3490
7774 7922
8260 5907
7078 1713
7220 9247
4190 1247
5460 9550
8530 5001
7409 5443
596 424
7874 488
3405 706
9105 8654
4146 3723
1446 7997
2235 2078
4918 8587
1424 5457
338 6827
7744 3158
4635 7319
1135 7910
7682 236
6630 8458
1110 373
9620 6762
4294 2568
5981 6903
7354 180
4857 2866
3527 4182
3260 9083
943 2190
4088 5242
9213 3203
1091 2699
6587 5042
5545 5026
3478 2910
4368 7612
2703 6644
8890 9350
1415 9254
8268 1737
9015 1688
6509 6781
3878 6248
1559 1393
5608 8274
3269 236
1213 2314
2610 4362
7259 1862
5652 82
3765 8325
6219 4155
9607 1016
4358 5934
4068 1782
6752 7693
1170 7406
8339 9444
3333 1799
5993 6945
5270 1188
511 3958
2892 7248
7071 5266
4653 6802
1094 8900
9711 5674
7432 1530
3836 9341
5529 7198
7816 9535
3508 5619
1373 2971
2100 6314
6170 3850
5230 1572
894 5714
9420 4522
9651 8368
1398 9188
1279 6973
7925 5515
5562 5585
5571 5685
87 5214
4865 5050
2322 7553
4287 7867
5667 4630
8931 4823
6956 2826
6914 8070
7646 6967
733 4500
8580 689
1414 9994
2499 6547
2841 5401
1770 9262
9102 1922
1176 2765
7219 6448
6547 2626
6028 621
9616 1067
4503 7298
367 3634
8832 9435
3055 1415
2255 4980
6902 6533
4976 8387
53 4345
3110 7316
8115 6134
2149 8688
2071 8206
3214 7282
3263 6996
929 860
4490 4274
8427 3071
2762 5569
1783 3437
5827 1435
4434 4031
6569 6120
7318 8357
3912 3357
7339 8748
9170 2955
6620 241
9600 4552
8243 9770
9426 2958
8183 7826
8752 3088
8948 8423
5804 1756
1173 3319
2608 3208
5932 8752
3392 505
5945 1144
8644 2901
9749 7399
1340 955
6957 8978
912 6215
1600 49
7369 7598
5416 2759
9219 76
7379 504
8848 7084
6005 5501
7525 9801
3890 9779
7618 2279
2143 9229
7238 6405
7059 4491
2185 8868
9241 4865
4824 9471
9523 5374
381 9299
7145 1507
9276 3446
473 9085
1519 8275
7476 6640
1453 1554
1056 3122
5008 7693
526 9592
1751 8066
4575 2982
2928 9299
1744 6440
7703 6106
9454 5245
4472 1750
6337 6094
5723 7848
8117 5492
1851 8995
7377 4150
5344 4429
6874 7173
6535 4634
4809 8022
4576 563
774 8170
9691 3952
4705 8754
5036 9488
9094 9257
9098 7231
9824 5674
8170 8191
5041 9177
275 480
2877 6501
3173 4569
5176 7876
8019 8313
6054 3345
3886 7343
6807 8041
8436 8247
1653 5049
7677 1867
7052 4706
9830 6388
6653 571
1291 7507
2670 3681
8862 2221
4370 386
9492 2171
1126 2862
799 923
7559 2956
7226 9301
5090 9203
3280 1274
5315 7230
4308 5823
4938 1808
9018 5309
9178 3967
3146 3306
7943 2260
2236 8699
2317 5128
1537 9893
1412 8966
534 464
8723 9681
530 9951
7270 4288
342 9618
9666 4820
4172 7284
6224 2254
1247 4735
2330 5909
2509 9043
8781 7211
7996 9579
8731 6398
9900 2244
4204 97
421 2592
9086 7772
2279 2650
6653 359
9345 7164
962 4427
6960 2820
7028 39
4849 7370
6326 4658
6405 3059
3266 4879
868 1283
9539 6794
6730 9148
9234 1295
2743 2011
3758 5550
8840 3997
482 9922
6446 9207
494 9818
6280 2877
1971 9819
3427 5518
97 4297
4119 7033
7923 4942
860 7057
3971 2789
6437 2533
9450 7105
8696 3164
6014 9956
7654 8749
8833 9861
7224 6501
3317 9205
7839 5906
4621 6500
2973 7001
5154 7129
8143 4716
6573 1332
6283 3258
8794 1875
9507 10000
7624 3076
725 4496
7774 8486
5183 8874
7509 3148
2433 730
3741 806
9293 3497
2518 470
36 4150
5285 220
7357 7875
6544 306
9635 988
49 7746
9706 9709
5171 440
7736 4550
3262 6405
5871 8340
616 4364
4500 3038
8607 4542
8942 2012
4886 9680
5489 759
2084 9238
1744 3839
8065 6969
4433 6877
2986 4209
7729 271
9739 2397
2210 4563
2594 6209
6069 1050
1350 3396
2387 9519
1568 8110
1098 7073
5139 1032
5243 887
1888 1054
7230 7759
4695 8487
404 681
5982 5482
9945 8821
9102 4515
6698 4485
7792 3434
5903 2291
9683 1483
4840 4742
6557 9877
8703 4834
738 221
316 7095
9607 8624
4220 8727
4678 7604
1790 7671
1936 9773
3276 8211
1585 7625
5222 5424
