placement model: 1slider
width: 10
height: 10
number of points: 1000
9266 3061
997 5619
6502 6925
2214 530
4541 5028
9164 3811
5240 7703
8658 4042
6659 767
6736 5619
7391 4331
2028 4874
1564 3899
2174 4598
2930 8467
9274 7086
1889 7225
1001 5321
6307 108
3554 1868
5696 2838
298 1629
9786 9039
262 7512
3548 6685
4118 5611
1328 6281
5321 4112
7456 8431
1738 1664
4774 1631
2175 5648
180 5300
4790 3997
7497 2662
8355 6432
1899 5507
9481 7368
608 2988
3057 5578
560 4211
3179 5209
5706 4078
4613 3783
7115 3067
84 5114
9554 7239
6636 3444
3315 3358
6499 5243
4639 5652
7804 2488
6769 1179
9557 1103
4456 8207
1511 5690
7904 7927
6824 4220
1654 8318
3078 545
5123 3802
9752 4497
8520 2648
630 1105
9921 4741
8847 1447
2252 3402
8443 7224
5729 7393
9353 6841
6784 3322
4181 104
5763 6401
4607 9651
2696 3269
2593 2219
8046 1315
5256 2826
1112 3735
1180 4966
4771 7949
6843 2457
29 5390
9441 1908
1781 3465
3535 6226
2111 359
7383 3127
3377 615
7973 5982
8681 3242
9531 6425
5375 7703
426 2266
4868 2807
5753 9934
5830 7800
7539 6732
7739 1082
5566 2577
3011 7339
4508 1625
7370 4666
4889 646
3797 9723
2599 8800
9767 8181
149 9946
3421 8469
430 8523
4110 2682
9143 6229
990 3642
9903 8391
4352 2950
2649 5667
2878 3696
211 7365
8272 3277
8212 3064
4856 1172
2808 8842
348 1669
3870 4547
1923 8289
717 7615
3201 7269
4764 5593
4498 2724
2501 5807
9589 4730
7418 6527
910 5068
4697 8008
5655 1269
4322 1945
2374 8661
6839 2492
9490 7583
8241 5653
9543 799
8125 450
6790 2531
5051 770
1974 100
5916 980
4277 5835
2467 7585
9588 8532
8425 6395
9209 1651
7287 155
1469 3067
1136 4306
6847 7072
138 4026
3881 313
184 4379
4886 4226
699 9946
219 8431
8851 5747
2798 7879
1326 7308
8801 6613
8922 2676
7413 5512
3993 1056
7690 9522
7447 7918
7691 2814
3871 6184
6309 1103
8481 7821
9543 3496
3179 9674
4685 2064
9358 86
9207 2836
5057 3580
1896 9564
9394 8286
414 4254
450 272
295 4444
2878 1184
993 8620
8789 1549
2957 3719
1266 2106
2070 1992
6957 8348
9409 7244
8571 8846
1511 9865
7642 3463
8812 8782
9188 282
6962 886
5276 3674
1035 1596
8742 2433
6563 6974
7901 9313
1150 5314
1202 2973
6470 7859
8541 2226
3726 798
6214 9686
775 5050
9641 5954
1155 1870
7100 1196
2861 9714
7270 8662
9055 4824
3573 2559
902 7503
6581 4384
6796 5440
8159 2572
1963 6894
8719 119
9461 2118
3381 762
3269 8788
8976 8623
8378 6556
4552 3845
1434 9542
9814 5660
8210 1792
7424 8064
4823 8876
1027 7674
5066 582
2323 4552
4555 8783
8588 8710
8855 6539
8518 3007
2647 5711
4789 7058
5126 3450
6243 409
3704 2886
730 4102
3428 9905
1871 6626
9550 8114
3404 9080
8632 9638
4977 1753
8598 1075
8430 6271
6898 905
7223 2834
857 9453
3078 6429
1563 1095
6342 6750
9097 1254
7333 3284
8252 9790
4331 8041
8992 2497
4674 7642
2305 2622
802 1005
1172 9667
6421 93
8483 2684
3758 1876
9734 1040
4733 3677
9628 7073
5455 5822
1088 1221
6767 4216
4432 9996
1269 3647
1139 5655
8182 8167
1948 9257
229 5237
4955 5899
8620 7151
1848 1501
7262 7464
2714 6585
8495 8546
3869 4613
9271 9835
3294 3013
4099 3448
365 7571
5882 7574
4243 3130
5426 7456
5164 8370
8792 2651
8486 5634
1304 1421
7937 6568
7790 934
6122 1561
1585 9752
9744 1252
4208 7165
9759 1885
631 5516
366 8952
6155 3582
6701 2275
8589 5165
1989 9686
6749 2403
9738 7997
8441 1077
4407 8315
7586 7205
2206 7220
4050 1309
437 3601
7715 4395
977 250
9599 9774
8917 7397
5337 9712
3984 2591
3461 5866
2372 842
1732 9960
5150 712
9116 6141
660 8817
1639 2572
1968 9902
2875 7150
4041 9405
3466 9382
7120 4784
6823 350
7938 7282
1887 2688
8265 8045
8112 2785
9614 5319
7693 6904
2159 2261
3536 6582
5137 647
1532 5384
6443 1937
8545 3094
1552 3699
4011 3207
7440 3300
6983 2748
3202 8580
195 9659
9980 6664
8048 4943
5380 9743
6123 1948
5871 1789
8924 4130
3491 274
165 4701
5676 9356
6615 2759
8622 9311
8507 1446
9055 9946
25 783
6630 6850
9554 3265
5050 3682
8452 4310
5881 4806
9639 2846
5125 6854
5732 667
7308 2174
3527 6422
5485 7976
7435 8784
5980 4727
1815 712
2286 6845
6089 8047
6626 7621
5105 1357
8131 5956
226 7275
9048 7723
9117 8425
8466 3963
6127 1729
8404 8209
3695 671
9127 6221
8041 5375
4652 4410
3606 5911
7088 5216
3318 39
5546 8430
7153 8090
9942 5643
2680 5310
9969 7481
2728 3425
8564 9175
7653 967
137 5533
6303 2119
5563 8314
4086 6497
6694 2793
2667 6438
4542 6602
7076 738
5852 1653
9302 1385
5494 6599
6550 9017
5712 206
4279 2638
1498 9822
8538 9953
9315 4933
6212 7532
2007 2668
575 3629
1120 3896
6509 765
2811 7734
3445 266
3077 4871
3184 7457
6498 7386
9153 2187
1937 5858
8067 274
2639 5895
1129 7128
4173 8712
7522 4025
7807 3544
333 8182
1466 6281
2992 2237
7191 8425
9987 5952
4713 3708
9953 1385
9648 339
9997 8059
6684 3091
35 9580
3854 2721
3840 5189
3136 6841
9596 8015
9321 6583
6304 7657
8285 8984
154 8498
5546 5134
6614 1938
4734 6563
4946 5817
1324 7849
1179 6621
314 9431
538 6855
2409 8460
2756 2434
5527 4920
9251 9136
8546 4552
4959 3749
6348 3045
397 4471
9243 6161
5249 9442
4729 8718
6873 7803
4680 5819
1294 6419
4869 257
7158 312
4540 3236
7522 3155
1022 9391
1976 7493
8719 5410
3899 7250
734 6687
8334 6778
9529 1252
3172 7465
3078 8051
600 215
9484 1530
8273 569
3593 927
5506 4994
927 7439
1172 630
2812 9656
1629 270
8432 9639
8308 4038
5332 5846
535 778
5074 6653
8885 8496
8373 4446
788 1612
3504 4302
2443 7288
9772 9422
6658 8799
7372 4996
5790 1698
9230 5830
937 3119
4167 5554
8415 7534
8319 5430
3258 8553
3822 1002
5151 7262
5931 3689
3799 6475
3993 2525
5410 2664
1633 6983
7248 4928
5635 5290
2006 788
3353 1557
2046 2517
2717 3186
3962 6478
6425 3775
1190 6060
654 3570
1962 2416
8292 1164
5558 694
5040 5494
4510 1821
2589 3492
6079 826
3486 3882
3999 3141
9983 6444
4888 328
28 9154
8499 3867
2926 4926
6021 5329
7306 3909
3935 6966
8146 1198
6852 5166
9869 2438
2792 7637
1044 226
2472 2271
3288 1773
2753 4325
9982 5845
1298 6203
4919 8080
2477 4634
5003 9141
7378 4404
7425 9520
4697 3422
9069 3424
5685 9130
8363 2603
2757 3858
6146 4262
8380 379
2371 8049
5593 6259
9700 4258
7985 4167
692 8555
2575 8312
5347 2832
2455 1436
3120 5738
8555 5138
9941 7651
2873 7160
9262 8080
2133 3925
7823 363
9880 8224
5906 6092
2507 3486
2133 7294
8072 8776
2933 1895
7789 3904
2290 9676
7507 7941
6384 5542
6950 7194
1571 5682
2631 3885
5747 5473
7671 9366
3598 8594
2588 2845
5143 9782
2016 5940
598 2187
7983 238
1751 4117
20 5161
3958 7602
6115 3753
9292 6749
209 7039
6976 9948
2888 2684
9701 8335
1333 7188
5229 9142
9722 532
9218 958
4722 9303
229 7687
6820 8069
4820 3683
3833 3623
6800 2347
6013 4541
3028 5587
5391 4523
5015 5893
3725 922
3541 8999
538 406
1252 7208
8033 3048
9070 1181
1506 5060
2759 3664
4975 6109
8536 5018
6223 8718
8864 1166
2755 129
2567 213
7710 6301
6785 135
4392 2455
7021 5554
719 5118
2726 4045
3180 188
3724 4924
6354 3884
4541 7204
7751 2515
9271 9628
404 7118
9154 3555
5195 2061
972 9555
6061 158
7269 7040
5225 635
272 6687
7028 8695
686 9731
3453 8256
8410 764
790 5388
5979 3615
3534 6822
6996 5240
1438 7076
5889 9029
9721 3914
9864 123
2836 6238
2310 2245
4630 7695
3664 2663
6026 299
9107 3072
2387 3265
8663 8952
6753 3664
6032 8609
4650 6188
2458 8225
3278 8129
3189 9281
8989 4333
7787 9968
8949 4389
839 3406
1042 3987
1146 6727
7525 7511
7762 1310
6660 9289
6070 6427
6568 5215
2770 4067
9126 4678
439 2296
549 3899
3116 9651
6257 1173
785 6835
1420 1415
5687 519
4765 5413
6134 5968
7145 9379
9790 2015
5292 1430
1312 814
1247 7886
3383 9538
4966 461
8661 3359
7617 5653
6757 4901
4176 3576
5368 2893
5586 7088
4697 4577
1756 8957
4734 8231
589 4326
9416 2769
4689 1824
6253 2016
6855 5505
7053 1267
9901 6306
8551 6306
6270 9954
6302 4876
5249 1790
1416 6762
4888 7399
1363 2212
7169 3218
8109 9346
9591 2980
6190 9642
9328 2348
3100 9736
8719 9912
9626 9146
9609 3725
7526 5374
3490 9442
9679 9714
8774 2077
7212 9034
3516 9564
3017 8949
4099 6361
2905 9253
2941 1179
6664 7093
6116 324
3787 9979
287 2793
6425 6207
675 1338
7493 2151
1742 8016
5618 2799
9215 2707
1164 1933
143 5572
4462 5153
4045 9460
7510 7791
6137 5019
6175 503
549 8458
8677 1723
5605 9676
2425 6530
3041 9565
4064 3353
7445 442
7878 3829
5729 942
1879 3804
1709 1781
1250 2270
6581 7130
688 6053
221 3622
5871 678
7777 3957
586 4121
134 2204
8185 9155
957 3061
7467 1286
481 9867
9321 9510
8878 4036
6986 8773
1383 306
9740 1253
3613 5881
1561 4213
830 1445
8059 9545
99 6641
9118 6878
3288 9812
9382 1488
1844 3907
8027 5068
385 7125
3920 7256
5648 9515
3943 354
6177 9029
7467 8825
4369 4
2558 4890
6988 1767
9187 4634
8620 7421
4933 7862
611 5376
9562 7495
7916 9908
1621 6795
5374 4277
3265 4063
2184 5671
7423 9975
302 910
8258 4730
196 4991
1452 9180
5112 6839
7123 6179
5197 7393
5385 8043
4830 2932
1596 658
4612 6654
8616 2351
9982 2186
4650 9979
3309 1220
7604 8655
9545 458
8303 8649
6621 4154
9975 405
9104 9824
9491 7445
2668 5465
3038 9949
7325 6444
4288 1075
6814 7063
4446 5965
1385 4944
9318 6642
862 9768
3870 9032
7998 777
2436 927
6696 8910
2055 4771
8479 3036
5529 251
9727 3590
2599 8171
1844 4893
3179 5836
7356 7597
2799 2758
1613 1278
1289 1787
2462 735
2217 2209
5621 7571
1173 6484
8354 6618
6684 4214
2442 5099
8888 5746
3504 2877
7337 8900
4100 3353
1443 9736
1192 7529
5556 7863
3377 9763
2071 8680
589 5948
2296 2616
5733 511
2873 3215
5301 1490
6648 4698
2791 1390
3348 9789
9339 8342
1861 9429
396 9352
1736 270
2994 4261
2599 1954
3703 1472
2819 86
6002 6461
7322 4504
4840 7813
8492 805
3066 5330
7341 1773
8577 6669
7057 9084
3310 9415
2142 9838
3526 2256
1403 1308
6539 5249
2955 8923
1467 5487
2793 6163
8971 1617
8308 1795
2863 4833
5174 887
2718 6533
8762 3406
8119 992
7542 3832
4323 5024
6709 5329
740 4177
1385 8887
7769 3247
3036 4923
3774 6058
9946 9940
6071 4341
7841 4375
5948 5870
8694 7336
312 1493
5558 6438
7261 7353
8774 1230
5724 7980
5590 7766
4213 3069
5144 9873
288 1942
7180 9797
314 5023
1348 8313
4866 4324
5250 1073
9143 7565
2335 3074
6819 2528
6709 5056
7356 7711
8054 5163
269 4099
3162 2777
6952 4970
5489 4532
6917 6968
1659 9533
180 6988
2646 9308
9293 8264
7397 1366
2139 6957
