placement model: 1slider
width: 10
height: 10
number of points: 2000
8300 1800
293 4944
8628 9087
82 4812
229 9759
7941 6229
6117 7373
3281 2573
1231 3306
7660 2712
9242 3913
4269 5362
4672 9580
4164 1307
7192 4520
8317 269
1993 6368
5240 2776
1728 1445
5163 8340
8210 5463
2960 9227
6121 5870
1679 2725
9878 8304
46 5514
6480 3304
7602 295
8415 6892
4296 2560
3234 8
628 1721
339 5845
3309 5853
7476 8213
594 2149
5959 7870
3013 2164
8458 2243
3777 3673
8047 7093
7476 9424
9678 4436
450 6357
8952 7081
1548 6249
2348 9896
6834 3153
6365 9742
4839 3149
3858 4608
725 8084
114 9137
5459 8031
2526 4302
2742 9930
2876 8659
5432 1047
5814 9727
1124 8367
3180 4062
6376 3888
6152 172
3080 8440
4833 119
7819 5187
1764 7848
8025 1159
5923 5255
5386 893
4102 1985
3405 1808
1298 1899
4247 9557
6655 248
6813 3354
3363 2197
8426 7778
5034 3145
7964 894
1169 8732
8529 139
5987 7157
1741 557
4720 2457
8856 4067
6720 2563
3272 8657
1694 5353
4277 955
1607 4894
8155 8051
3463 9206
6282 9609
1865 9462
3107 4970
1521 3577
5097 8395
7744 1262
7212 897
1539 5235
6151 6868
3747 4685
3779 5616
5271 2212
6932 2507
3645 7123
3033 3294
901 5505
7886 8504
9896 3613
6099 9740
6501 7962
558 8601
1995 117
2861 8480
258 1502
669 9398
7651 3540
6179 4480
1235 1348
4899 8043
985 7821
499 6616
8512 9381
3706 7582
5446 8632
2907 5205
2338 3500
9250 3314
9504 6953
9220 9648
731 8005
4608 6372
1049 3689
129 867
1778 9534
2206 9023
8466 2168
8982 9552
8436 3587
2861 7127
2901 1797
7809 9542
4645 2603
528 9090
9746 857
4840 4183
7581 5988
6256 1999
398 8862
7013 4638
8871 5197
4290 2389
5830 9597
8627 8885
5186 6631
3895 8745
9703 4270
2024 3149
7066 9210
5598 5630
5239 1936
2602 8327
8299 5245
8528 3880
9304 8979
1285 2164
1290 4381
6627 1207
8098 3382
308 5520
356 9335
3469 6298
2419 3959
3326 6297
894 1687
7041 3755
8500 9824
6438 9751
9346 9350
4143 3424
3435 6801
3664 989
2963 3833
742 9110
5883 1573
9437 4129
6696 2101
1776 2977
86 1023
2424 8143
6641 1466
8677 9316
5128 6309
4013 4642
6187 71
2715 1094
6240 2066
6405 7169
1764 2273
3432 5985
4788 4589
6845 5393
158 9080
5952 6832
3240 8537
6002 7136
9805 84
9592 455
6740 2573
3701 9249
9691 9577
3037 2461
6787 5025
8564 3823
302 9983
85 9218
4274 8047
5926 5906
5498 7802
8059 5171
9799 7062
9363 7782
9727 1454
4705 4968
6821 7211
1179 6829
277 3895
9137 3503
6638 251
1024 7455
712 9322
1958 9851
2287 4686
4940 5512
1205 2476
3649 6747
4397 9828
8094 419
9933 2211
6801 3444
1634 7436
306 5067
9155 423
9122 8217
5169 9228
6898 4751
3831 4013
4077 9998
3792 4345
7651 3088
1284 793
7048 8522
5461 8151
1745 9853
7454 3514
3516 3757
2553 2424
4142 5783
5790 1871
6519 4195
7831 3059
8998 4180
3794 1223
3848 5148
6115 2436
2865 2871
957 4740
3721 133
9398 3528
4005 1159
7402 3274
1404 3183
4386 3580
6920 8964
6852 1908
8947 1640
390 2649
2264 5311
8968 4562
2150 3362
7147 5806
4830 7562
3022 9327
5964 8237
3514 2777
6087 7800
3945 1025
5134 9932
2239 3065
530 2931
9913 5808
8907 9975
5462 1588
4736 5131
5598 2328
9322 2815
9032 5810
491 2413
5091 4637
9872 3325
5880 9312
4872 119
531 7221
3014 1943
5400 6366
3910 7437
8764 2144
1878 7646
2102 9801
7859 2072
3650 2565
795 1019
5870 4627
7631 7316
269 5154
378 6765
7875 3931
3765 605
4513 6382
1729 1903
385 7539
8575 1053
4356 988
5132 714
3789 2810
6525 9767
6272 9172
9073 4737
1606 5682
1876 5759
4919 8719
4272 6160
29 1119
62 4162
9485 9644
2276 8703
6907 3850
200 5230
7168 4130
9048 9561
5402 7242
8429 2537
6795 6420
1333 9529
532 5357
7872 2178
556 2062
7781 1494
7544 5543
1157 5061
614 4484
2063 1038
4606 6018
2332 5439
8038 4010
4185 8077
5602 189
8183 8643
1802 8211
3961 7842
1989 6070
9236 6703
6174 7543
5568 3462
2445 9127
8419 9103
4831 2019
4371 3798
1094 8183
5084 2149
3379 1461
3863 4900
1911 368
5533 6767
8768 5799
4686 6755
4374 7973
3211 2665
7559 9096
394 6421
1893 9056
2582 8682
3819 3664
4341 9633
1045 8450
4672 9685
8670 3984
1718 7929
7855 9084
9835 6582
8244 7775
4729 1535
1305 8599
131 8858
1178 4169
6685 2635
7398 9128
4680 3260
3460 3740
7695 889
6009 8845
5790 734
9856 6958
1696 8078
7758 7064
1404 2680
887 4063
177 8825
1107 7216
7810 4484
142 9676
2279 7765
8830 2915
7867 4089
7929 4223
1598 7365
6687 2887
1583 1549
1834 8992
8781 5033
9158 3518
9770 759
9655 1408
5355 833
9830 7734
825 2864
2042 6028
3004 7621
7425 3388
1599 8356
4980 8903
9037 3336
9257 5920
8330 3869
9363 1152
914 6021
7492 9868
5243 3544
4887 7535
5320 8579
169 5273
9080 1301
62 1377
1443 1810
7839 2787
8981 5316
3804 7348
6175 5843
2112 2051
42 6287
7196 8276
4728 4844
2420 4716
1947 6183
7191 7037
2000 9739
8803 5968
5641 5635
6051 9695
8687 2579
6231 1623
687 925
4236 6559
8615 3864
4671 1830
630 4498
2450 2603
9933 886
2593 5849
9049 7392
7376 7679
6402 4837
6631 886
8978 8662
6645 4128
5320 376
1453 4777
2605 6520
5371 6814
789 8813
1119 6131
2364 2184
6995 7442
9955 5912
1775 6031
5367 9656
3492 3905
6159 6488
8717 6073
5413 5959
5178 577
755 8489
5853 7857
8796 1823
5017 4190
6032 5113
175 625
8711 9544
9515 1113
9624 4977
4051 7223
2243 887
881 9186
3868 1656
2662 7788
2783 4461
6390 3038
2951 9962
5783 8937
5888 4874
8774 5450
7577 9270
7380 7933
3250 8510
4684 910
2172 6279
2390 9364
2710 3407
8875 4220
6758 6170
2378 8653
8234 6050
2250 7380
1610 8290
4973 5142
7830 9976
5641 3315
2068 9217
6868 2639
8138 3225
9040 5181
2374 2183
8656 3537
5477 9712
4773 2785
2699 7678
7163 4558
1981 5946
5606 9024
3673 3711
6131 6875
5337 7119
6622 7059
648 9939
8619 1010
2290 9338
4360 8167
141 895
9210 1974
9089 2137
4384 4806
1588 2418
70 1176
6229 397
1201 6509
3099 869
9142 2031
7714 4683
4058 5109
891 8879
428 4137
4221 4451
3631 5899
3790 1408
7798 3575
5999 2034
9478 6198
4419 4360
168 3659
6584 8812
7174 1787
9231 5950
2337 6888
9150 828
2886 5289
1669 6408
6376 798
2264 3939
5828 2295
360 9143
7758 7490
8228 3540
7740 8488
315 1239
422 9237
3218 325
581 5050
2507 9905
7554 8835
7932 289
6185 1459
6885 6140
3292 9522
4287 8382
7353 9530
9400 9713
3631 8091
1484 5163
7165 583
8999 8171
4728 7778
4327 8494
8562 3864
7020 8418
73 1992
4158 4697
7966 2103
6340 4619
2068 9205
2404 8532
7173 2330
4134 3333
5049 1588
5186 3022
8816 2666
8375 6368
9980 1520
8602 4580
8306 745
4380 3436
6797 9301
3118 7650
1557 5258
8761 7855
324 4767
6930 1096
8564 7166
8021 285
4375 8129
4279 5010
1811 1300
6586 2400
6678 2806
401 8234
125 3498
9081 4895
1670 3590
2201 8018
722 4295
4228 4519
4749 8750
2893 3212
8834 3536
27 7330
52 9
5476 3152
8842 2163
3600 2903
1249 8390
3047 9418
5790 6451
6032 4258
7220 6828
8541 2882
2791 4662
2704 4380
7207 2222
6442 8996
9819 1132
5905 3183
6048 2488
926 6982
2525 1495
606 3911
4200 4700
5592 6347
8153 5723
4821 9733
6232 5885
8690 3653
8668 3990
7968 6414
2695 2771
4424 8991
8020 1655
291 7024
718 9016
7425 2045
4329 6591
2397 808
8269 4056
5073 42
2977 2102
9382 9038
9055 8137
5121 3568
6128 7602
2619 7895
2619 4534
6390 7277
1914 626
2100 8870
6832 5387
903 2798
1595 9780
6552 7571
651 9476
2709 4649
5629 6919
8800 3250
615 5328
3391 9472
1994 3674
1269 9706
9767 4828
57 9289
5252 4537
9893 3823
5693 5433
4334 7244
4787 1210
4216 5865
61 8565
8013 3557
4190 9367
1914 7528
4280 9818
4738 7003
282 3907
9491 2774
9961 4432
7397 7291
9409 1798
4948 3191
2609 1432
3885 5029
7537 87
671 9842
8512 3774
1552 1327
622 6734
8399 4349
6206 8736
5322 5392
7515 3193
4139 9385
5496 89
3899 5894
8283 1743
9081 5173
133 9114
9220 6299
2403 8386
6367 972
6412 6706
2171 5256
5776 8937
2168 2022
3457 512
7072 287
5914 4211
2949 6269
353 7334
1700 8377
4834 763
9012 7973
8967 1331
8106 9177
1848 5084
7049 2306
3000 2643
8768 5523
7478 2047
3784 4812
5345 5550
5506 7406
2482 3859
3723 3981
775 5563
3126 9824
2251 6046
4442 7888
4 5085
9239 6163
7033 6188
6483 9315
987 9973
2802 4640
4388 9404
7018 2164
1254 4806
953 8748
8446 995
9449 6902
51 2162
3703 9366
9981 920
6889 5220
8694 6646
7418 9021
2206 8459
1538 8129
8402 6528
1022 266
9137 666
885 2823
4612 6272
3063 2877
6630 206
5727 6554
4999 405
4876 1037
6645 5241
3630 823
5912 6630
147 6825
2311 512
5344 5932
2092 8170
9706 247
6244 4627
2696 841
5307 7546
6624 7762
6625 8571
1316 694
8553 1884
2248 2244
5919 4315
2676 4376
1638 4124
893 6523
4464 5697
1308 7141
9043 6917
1394 9665
9402 5637
2131 5259
8233 3120
5724 1054
1099 7249
5153 4387
5945 2794
4809 3728
3142 8331
6757 8436
2880 8055
2902 7333
6454 4717
7574 5460
2577 5553
5583 3555
28 3351
6049 526
8393 8232
2413 2861
4945 9615
9774 1803
4007 3173
2762 4203
4865 9834
4500 9532
1534 6849
5445 4745
1806 780
9802 6097
2624 3585
2579 3258
4238 2667
8142 1417
485 5247
5761 9053
2217 6848
9586 6450
5917 4241
1927 2113
6332 6284
4153 9871
7843 5016
2799 8391
7457 9088
718 8970
500 382
3311 7350
7359 2025
4935 6716
8105 4933
8951 8846
5398 3256
7931 8929
3484 2670
6636 3038
5840 7708
2480 7565
5160 3632
9305 2809
565 9389
3070 5930
5815 6817
1117 191
1057 7486
9069 5467
5692 4550
9193 8957
9475 4463
9819 8613
8969 972
1801 7953
5623 6773
4300 3618
5427 4151
5441 4337
2447 2244
7864 2344
8388 1775
2818 4729
6713 6012
9089 2402
9936 9832
6055 8567
676 5781
4747 621
9635 6720
3238 3883
9868 5315
2892 1826
801 3863
9604 2416
5683 4594
3736 7541
4082 4802
8358 2896
5760 9916
6395 2261
1114 4331
7501 4969
5860 1466
9386 7559
3679 2206
4791 6487
4887 394
7632 5457
1996 262
8158 1081
5127 5730
1590 3709
8782 2636
1119 5380
172 6586
3057 3929
5684 6116
8038 7639
6808 5091
7130 6316
9331 7363
7018 5680
9110 5509
7527 7258
6692 4128
552 2958
2681 1113
4177 4711
9169 2366
4239 2401
2262 7781
6851 208
3864 4272
3147 8584
2465 3350
2470 6084
2173 7170
3440 9126
4664 8727
1579 3345
7803 1337
8031 5885
4052 6413
1162 6639
5537 5823
6047 6060
9259 2911
9443 6462
974 5046
6689 346
1639 5797
4934 4586
6074 1249
6426 8023
5744 4297
8123 2955
6121 9119
6531 9688
3520 6148
3077 5980
1376 1764
237 5441
9951 5381
3285 8223
5360 4323
8506 7723
8936 9033
246 1283
5055 2969
8115 5139
8618 2065
4039 2308
7 4555
8023 2776
2286 9503
4015 2545
2234 6651
1611 1495
4849 5973
1453 415
75 3103
6865 7612
6822 1361
8015 921
2279 3613
7328 973
2079 7743
9284 5672
4397 883
792 5492
370 5839
3002 5875
8598 6291
1385 1597
2851 8937
8164 3641
4434 4893
7265 7093
5728 984
1635 8929
2697 5488
3307 9296
6978 1734
1637 2299
4988 5537
8073 4457
6661 3917
4964 3256
2814 5773
7495 4299
8824 7933
7130 4406
332 2223
1279 5983
7190 2653
3592 9603
5808 2445
3219 282
9333 2241
4586 6145
7786 2365
6158 2038
2585 4968
973 3213
9582 8871
4755 2414
1184 3635
6038 1008
6368 6598
1957 4490
3621 3877
9968 2659
2398 2210
2879 2791
6340 6552
4589 7085
4686 4388
6676 9147
2304 7495
3848 5590
6513 1407
2831 6275
8141 2962
7964 1176
3614 3506
4880 8658
1527 8627
9778 6364
7745 7396
6218 1607
1843 6258
106 4018
3197 7054
9096 6866
8543 6372
5789 1240
7626 609
6439 4042
5112 1909
5348 3087
8354 2219
7919 4409
5329 8064
9840 1521
9604 5562
1225 1961
2794 2790
2152 3049
5933 3340
6772 578
1283 1921
1249 6898
567 7422
8096 4344
4819 1391
8965 3145
6176 5495
7526 7759
8987 9292
3871 966
8543 4475
907 1554
8727 2934
7872 899
6733 6278
9633 3426
3325 3654
2654 1633
7922 2247
4787 7611
1036 4088
6358 9748
7127 9978
1224 4618
8740 1628
4393 1599
3839 4300
6854 6292
4637 3893
137 640
8577 5683
1508 9369
7386 9182
5944 4463
1384 9344
1599 874
613 8952
7753 49
2417 3168
680 9390
4042 9434
122 8392
6129 5956
3841 3225
2109 2206
7321 3403
2139 8078
8135 4746
322 2191
4402 7115
7022 5069
2751 5846
5839 2915
5570 7261
3323 7498
5330 7352
8013 7228
4262 7877
2698 1529
9660 8905
9275 2649
425 1860
9248 6971
3703 9422
9459 8761
5835 535
6534 1336
6460 1173
4970 1992
8603 8228
9646 7672
4768 2658
1410 293
143 8111
978 1876
4800 47
144 9971
7211 973
636 4305
930 7943
4269 1556
5877 4874
3971 3803
4122 5195
8113 9266
7829 3279
1810 1837
1619 2902
6900 1613
4367 2061
2516 4835
1432 2120
5813 8284
8895 9220
6734 849
7857 6281
8030 4893
3974 2583
5260 7100
447 2608
1523 2083
4673 3437
3108 6232
5298 2426
5243 615
9967 5368
6634 5071
2864 4723
4216 9788
8359 1712
7508 4877
1113 8147
200 7970
5284 7895
7357 128
5411 270
6820 7008
8236 28
9981 3477
72 2404
4585 7958
3056 7980
506 3617
864 2061
2905 6846
2436 1500
4820 6129
2969 3044
1683 3155
2205 7933
3748 9692
386 5644
7706 6019
4292 7207
1740 9438
6241 6086
9337 1187
5228 7933
7763 4736
1326 6651
5959 837
2907 483
8177 5308
6252 9566
1646 5054
9327 2154
7069 467
9205 4665
4681 7087
4686 1809
1700 5598
8162 7421
1181 1498
8544 6530
5386 3474
1211 3763
6853 8889
8444 5483
5034 7984
8492 544
2196 1133
1043 9097
8029 8106
4141 4266
629 8990
9229 5166
6725 7802
677 2349
6969 7197
1522 1843
7298 2203
8923 8906
6928 1162
9428 2325
4458 6198
8326 594
6098 478
7239 1637
1586 1856
6758 1121
7072 1646
9072 7006
3467 3907
6065 8810
6437 5332
3279 9466
5939 9804
4035 5156
9996 893
6399 474
3082 3248
1748 6965
9903 5999
1646 2396
5264 4202
1901 2612
2307 1471
5921 9576
6980 3433
6735 1995
3613 6347
4558 1623
7071 3323
2252 954
4208 1676
8059 1837
8258 1233
9380 1368
4671 8542
7054 1899
260 442
6399 6434
1072 9140
7946 3740
4855 9649
8194 3331
4015 167
915 3660
7596 1751
3972 4384
7690 3796
439 3325
1018 5250
5966 4438
7336 393
2547 5517
822 8471
3898 2008
58 9982
1372 6981
3192 5255
8353 4259
8510 7866
5110 2165
7859 5816
6169 7022
4921 2011
9048 5695
9493 814
1407 2782
2942 7448
9109 8773
8028 53
6470 6031
680 2016
7223 104
9569 1611
5220 1766
7926 9432
2182 86
487 9978
8874 5327
6949 6025
4433 2450
8558 4792
3505 3494
8475 8635
2014 1735
8443 23
7503 6160
5931 2823
4717 9086
5720 2726
104 5273
3871 2598
1825 7776
406 5328
423 6829
9967 2732
2760 8655
4538 7354
659 1040
5558 2030
4680 1777
6207 9451
9653 4568
443 9544
8476 309
8631 2627
7654 2551
7136 8729
4885 3546
6197 697
623 6982
9170 6960
3690 684
4703 4488
5220 2277
9479 3274
7170 9588
8318 1980
5654 8632
3616 2566
4785 7202
5816 1105
3530 9838
5572 8057
3213 7232
259 5988
2301 3170
1167 6864
1999 2900
2714 875
9651 9094
8241 4389
2233 5359
2851 847
4892 2097
6864 6136
9597 7226
1126 9194
8470 1133
5308 9352
4106 403
5025 3859
97 8658
2264 5320
2660 7502
2089 3742
4906 4660
9142 9719
10 5969
8857 8957
7214 3020
7637 8182
5552 8522
1837 3372
6241 3277
4566 6538
9148 4371
4239 1014
9801 8640
8925 1954
1591 4372
5024 2713
3485 3808
2751 3112
7318 55
4783 7864
9598 6368
9251 4983
7224 7798
4768 1879
8443 5258
9734 7058
3025 2463
1049 4644
4962 5044
7096 589
6149 9254
6600 9080
7285 1852
6636 6156
2557 4084
1024 8874
4339 4832
2343 6712
1638 7344
461 6100
6694 8450
3855 3853
6310 1484
8643 3223
8608 7067
56 3045
8849 6183
736 2370
4077 4483
4719 7518
1406 7331
6859 6609
1679 1994
7360 4011
1631 3269
341 4342
4712 6578
4715 330
8197 1197
1734 9569
76 8497
3602 7872
6466 4419
2530 2693
6510 6324
8553 2522
113 2361
7626 4650
8518 9911
9014 8704
6604 8577
9635 90
9425 4867
797 1119
7438 6213
2432 5502
4947 8420
7363 8957
7959 7285
3645 7579
5424 5939
4500 9274
381 6994
7938 5109
2111 2160
1006 3330
9274 4205
813 63
2644 1559
2113 9065
3753 7086
4368 6550
7177 757
1773 2051
8804 3056
2588 3091
1122 7856
1230 8023
5738 8605
3804 2741
279 9870
2735 1735
6210 7330
4208 4394
8729 8104
6784 6685
412 2185
9483 4863
4043 2546
4390 2543
5556 1999
1405 1316
2719 9457
9579 4558
5627 2827
357 1008
6488 8085
4801 3674
1763 2011
9245 7481
4599 5082
3215 336
8 1593
2930 2171
2426 9765
2542 2835
3411 3632
3883 3844
4042 8372
9252 3447
8537 9584
1919 3079
5103 8908
2940 4426
3595 839
7669 186
6922 2896
8085 4647
393 5553
5229 361
2307 7153
6947 202
1805 5056
9115 5678
3823 2947
6514 2784
906 2449
2117 4015
4362 1686
3706 9748
8076 9312
8361 6040
6094 1070
8064 8344
1166 2409
3981 1240
1753 3990
8273 7673
4897 3657
4856 6433
8696 8464
4996 829
6257 4291
7406 9237
3729 6259
5174 6868
3671 4561
9846 872
9548 8167
5764 5454
7242 5241
6523 9824
2096 9678
4209 3520
1708 2397
7289 7071
13 3653
4501 744
9041 5615
8268 5264
8249 3771
8159 9568
9866 3284
5448 7837
6507 9523
3755 8513
2905 202
4626 5311
5839 942
8063 4185
758 6904
5161 9071
330 684
500 6523
1622 441
3583 5234
9276 4082
1185 2576
7031 4660
5899 9023
3304 1585
7784 1198
6058 2920
56 4561
4268 1638
6646 8114
4212 2979
7994 4062
553 4753
7568 2781
2732 1278
4248 581
8187 5650
6743 7722
3021 7532
3085 7661
7091 8670
7472 8798
5978 2977
6898 5622
2918 6883
3441 992
7539 2948
1473 3826
2743 3918
2555 2667
866 7698
1882 1351
9834 5904
6707 4213
5145 3168
7922 8775
4162 8509
5034 159
4558 2521
9267 5708
2935 8331
3944 2510
8314 7982
2916 5873
4309 719
8068 3714
5560 9366
7023 4096
419 4973
2629 9992
6947 3912
5992 3022
2608 4027
7776 8934
6216 489
7664 9095
3020 6990
9856 7589
2798 1991
7987 8498
7192 2985
6629 643
9773 348
4074 2199
2347 5145
7859 4548
5799 68
4123 2429
5225 5929
732 6123
1357 1551
7015 4296
8136 212
9769 5256
2946 9977
9883 6482
8580 1073
1233 8166
3676 9119
3306 7965
848 5953
6866 1237
1450 222
6691 7164
8234 7508
891 4742
1306 2461
5473 3363
7029 9931
4834 2628
3042 8478
9908 7302
6644 4484
2284 5838
5587 720
5730 9542
9523 7125
3128 6005
6070 3854
8202 4649
9902 562
4304 6368
745 5279
2973 4505
9430 300
7909 364
8120 126
2604 152
6060 4926
4142 5834
1765 9595
8711 7911
894 82
7058 1635
2008 7239
1090 3293
5893 833
2986 9254
4001 2337
6197 8886
7540 1022
8552 2653
5015 8390
3841 3589
8936 8678
2906 4276
7043 5168
2356 6642
1270 3323
8537 3024
3159 5083
8014 6750
2992 7013
4072 4801
5933 4296
2705 2299
1916 6903
7785 8021
2998 5533
371 9333
8739 1959
3218 2493
4865 2487
4899 6112
9391 6047
1073 5693
1386 2553
717 9094
2668 6950
8532 2555
8532 939
1726 8618
9507 1569
3707 7044
3378 8534
3744 1888
2307 1028
3520 2618
4396 8728
5575 701
9516 443
2558 2488
6905 2131
3609 7680
2396 8365
5661 3072
9593 887
3292 5036
6848 6249
6434 5101
4237 806
9527 9472
7226 1652
8031 2906
9109 1511
1285 1141
6429 5026
4711 9129
4403 1020
5627 268
9769 5220
1479 1157
9312 1225
5380 5091
366 9887
2194 1406
7350 9264
9649 4317
9558 3878
2250 6641
5058 3183
9614 3039
4127 9441
6556 3843
7104 6062
3862 5627
242 2767
1893 3127
5116 2142
3314 1562
5352 2010
5462 527
5851 1102
4954 851
5467 3172
98 2960
2012 3775
9316 8768
962 3443
5835 4544
6972 6609
9872 3086
1717 5059
3998 8127
2393 4935
4239 6146
3377 6264
4748 2042
5053 7603
594 3870
1313 7318
8078 9402
6248 6852
6064 5533
5071 387
3216 2792
3913 5861
2004 2562
4085 5054
8160 9092
8082 3745
4689 4301
6977 7826
2103 3544
8715 2515
5384 3959
7537 1377
1641 7479
9222 5089
9638 801
3114 9985
5387 420
8786 7717
8674 9526
9911 1495
5725 5740
448 418
9589 6165
6870 8381
5651 245
6691 120
9995 364
5642 3233
252 4833
1052 7547
3678 7590
3046 4837
3254 5079
8352 2469
8232 7770
5551 8848
7193 8133
9301 3768
2588 4051
4160 6772
4763 9924
3130 4297
945 2831
7964 372
9517 8877
4498 211
8321 232
7309 3230
5514 8716
4769 334
9168 2537
8683 1968
9225 2284
9666 5303
1958 6542
5859 8243
4915 86
7053 9853
9427 3220
6902 100
2500 7666
8710 7336
9401 167
8432 3944
8177 9556
5421 7234
2266 4582
9261 466
9621 4647
7724 4824
8056 9270
7520 5574
9003 2856
274 3915
172 8655
7254 4046
4113 6709
3377 5095
6413 5644
2582 8221
2280 8691
5182 946
6262 5128
146 2616
3993 5542
9816 2269
5308 118
5992 7484
8675 3078
6772 7479
4078 3129
999 478
5500 345
6566 5553
6018 9508
7569 3800
1427 8749
4475 4092
1382 9947
3670 951
6318 8428
6324 5388
6807 2109
8140 4979
8294 9998
1537 9355
5206 7918
25 7998
9762 5595
473 8466
7011 3525
3576 3821
5321 1896
2685 6907
1468 7139
5366 8268
5455 1027
9712 9327
9848 9136
6315 1390
1259 1917
3995 6329
3669 6031
7736 1302
7914 2404
2591 1342
6390 9387
5943 5510
6123 4086
3747 7955
1419 6553
5680 8648
3767 1476
7044 8609
2643 7086
9277 2117
211 2745
4145 7459
8509 6130
6901 4253
691 8961
7384 8703
2885 9599
3710 7711
4648 7175
7989 499
176 1328
618 5542
7932 5056
3783 768
4583 2134
3745 2947
6454 2831
766 7819
4008 4523
5198 7272
1786 8749
7731 9660
476 6793
9981 6178
9812 2236
2366 9376
5664 1378
4571 4612
