placement model: 1slider
width: 10
height: 10
number of points: 5000
4748 7922
3530 3109
7365 4845
8583 4754
5331 8828
347 2294
3410 3204
7493 7731
4696 6512
3744 1265
7383 1479
3366 7667
4817 1553
4753 455
5033 6205
75 8696
4565 6007
3587 2500
5646 1949
9962 3260
310 2238
1302 2564
9235 1017
3235 8513
3701 5923
3883 7130
8820 1733
2881 3290
8583 8865
8206 6376
5947 8191
9925 7046
7184 4274
7204 8091
7524 8398
8083 6663
3811 8572
4639 8388
3493 4103
5837 9169
2489 6207
1351 3558
5913 5175
6385 8993
8045 3191
8929 7619
3074 3304
3399 1463
6362 9632
251 2660
4040 9868
9701 4478
298 7011
4434 272
2301 2720
3231 9077
6278 2052
9882 6019
6427 9741
6608 5436
8920 1520
231 8350
5328 7707
5719 1117
8390 6067
3116 6607
8972 864
5221 24
9609 8965
7355 7478
306 4180
4793 5744
2326 3401
9036 5805
6724 9885
9470 2541
8044 3562
6292 7840
9678 9024
436 4856
9244 548
2562 9658
327 6644
1507 1139
5801 1800
2691 7580
4209 5221
8877 1926
9855 2019
8265 8789
888 7905
2283 2517
2614 4507
980 4360
2226 6842
8174 5202
6476 1640
5588 2542
7935 7002
7609 3905
8451 9153
9258 2496
5699 5788
6582 2445
6318 9817
5287 5009
2432 8162
6192 2174
6653 2721
529 7352
6531 9167
9893 4936
3267 3199
5503 4672
8919 2521
4922 5726
1485 4062
87 8581
153 8731
4928 5396
8972 7465
201 3538
4773 2574
2500 2608
676 2232
3574 1140
1736 6005
921 2983
8599 8597
7278 9851
2537 3972
2855 1325
2787 2981
1145 2380
175 6879
9223 9506
4726 2632
4190 5575
7120 5909
2822 4580
3859 2822
9810 3557
5322 206
3692 332
764 3875
9948 7922
7532 1240
9130 1586
191 5606
9559 2661
8819 3088
4783 3747
1521 4005
8721 2915
8341 8267
3535 2099
5679 1547
5115 5043
7189 4240
3116 6194
5625 2340
5912 8596
5920 7678
7764 7393
9935 9713
3615 8937
5152 4442
8474 8784
5679 470
944 3775
6341 8685
107 3910
6388 8517
7669 3410
4664 6805
5190 1945
3830 2050
2483 7652
2170 2080
7061 3545
4084 6067
4538 9968
1860 5201
2411 4004
7056 3231
6661 47
9617 5688
9693 3161
5714 5761
2989 6965
2530 575
1088 7470
1501 3311
7401 9645
1848 799
4741 9988
1112 6553
1159 6748
4829 7711
6971 71
7590 3451
5198 8525
8349 605
2068 2664
6370 2257
1121 3711
6433 8726
6576 273
6318 9694
6668 4680
6591 5689
8830 636
2311 1628
5850 2597
3207 6037
6616 8080
5259 4717
561 1433
8639 8378
197 7471
3012 616
8091 6090
2911 4336
1889 8973
8227 7296
4944 9489
4680 6330
8808 1668
8587 8104
4590 9250
9846 9543
1079 5369
3984 2322
2465 3566
2023 7537
4368 5333
4525 5008
1687 704
2220 5420
7070 4064
8522 2662
4850 6205
3468 8451
6819 4665
3888 8998
3576 6937
9445 3966
6019 5225
2448 9268
7740 4176
6582 1786
3783 5238
8508 6169
4625 6942
770 8201
7282 4246
6783 2836
9937 6038
1582 6728
3212 5088
6600 2914
6335 1959
6846 6527
976 4288
6444 5243
7909 4607
6665 3152
5314 9204
1889 2590
8106 8797
5562 4429
8198 5530
9522 8634
8297 8867
5044 5331
2785 5243
3499 5371
1836 1272
419 5572
9044 9015
2733 5077
5828 9419
8803 7127
3519 386
4448 9804
8920 4160
5089 8413
9270 1614
4756 8474
3203 8582
3853 6386
5083 6682
2409 8331
9732 7497
194 256
9904 6657
9842 2137
1129 4960
5909 3139
8617 15
7738 133
3502 3340
8064 3651
5173 5897
5374 7832
1669 5458
9686 4015
5182 8317
5750 7512
5329 3322
2132 4452
880 6754
7601 6186
8105 5393
4159 2276
7664 9872
6364 4725
3731 3446
4960 2375
8770 1424
1985 7531
8168 3157
5718 5196
1571 9315
6421 5340
3735 4819
4824 4747
733 3425
874 6461
4173 1929
3292 4489
9010 1805
1474 6254
1555 6329
3206 3345
5014 6545
8791 7238
4205 6337
9253 4749
2352 9276
4033 4662
2073 2596
8110 6834
2395 3245
8062 9346
5725 5844
5615 9953
8371 1237
9231 701
8117 3838
622 6107
6614 882
3482 844
5038 3459
6211 6154
2711 7855
2514 7529
2382 6593
7759 2495
6330 4654
983 114
1179 1700
3373 7457
3959 519
8122 3376
4972 8186
3779 7439
5711 9052
6421 7512
1016 8070
3239 9514
8377 9142
6429 5384
4649 4449
9380 1577
1049 8803
2255 2648
3016 5283
1991 6670
7172 7880
6787 4952
8186 5144
8037 4212
7116 1739
1439 9980
1846 4102
3889 3848
9812 8725
6809 1180
8673 8691
1223 8184
3752 886
9939 860
1141 4027
6281 4534
8363 7574
739 675
6907 7145
1039 2903
1964 8733
6995 4799
2904 5697
3918 7217
3946 6108
1342 7483
683 6067
739 7244
2470 7467
7899 1039
4153 4419
3707 2237
9211 8934
6357 9070
7048 9817
51 9518
9654 6486
8212 5188
785 9839
6463 6045
5982 1690
6983 5533
2328 2996
234 2427
7262 7929
1151 8296
2857 1889
3260 1827
603 6326
8207 1922
2465 514
1973 372
2268 1752
9732 7788
6592 3808
765 2458
3541 559
4517 3354
1259 1318
6835 9309
5562 2325
8136 1793
3447 8784
1819 1854
5158 8509
8766 1179
9371 8466
2742 4303
9471 7554
224 593
5951 3330
4588 1650
8067 6608
1193 8865
4646 6017
2897 1831
8445 5200
5356 4355
7125 2283
3076 6934
4202 4017
6470 8282
3316 4218
392 8
3076 9670
8690 6327
4149 648
1290 9959
9750 5717
8097 7089
9999 2471
1758 4807
1824 4352
1798 500
2486 9213
413 1008
6098 883
6669 9167
6099 5464
7126 2011
4333 3355
3793 4864
5581 2899
4978 9730
4560 9671
2333 8704
2606 9792
2387 7879
5398 6021
3795 2157
8998 3981
7982 8860
5426 1996
1742 8576
7161 4824
1953 4848
4416 2267
6045 2156
959 8228
5433 5418
6704 3609
1117 2337
9655 9670
8329 2525
6669 4314
446 6306
8036 6392
3633 2888
1117 1120
4507 3047
8068 7893
7135 8228
3253 1769
454 6147
6566 9105
8804 9915
17 315
5372 2783
2523 9159
9628 4791
2565 7184
9136 1733
2409 1574
6206 1996
4128 2856
3437 3422
9464 6345
9175 1616
6958 7477
9860 686
4685 3544
7305 6070
9881 2523
9239 4620
3575 2774
8415 1671
3671 9946
7473 1011
4778 1248
6545 7928
3801 973
2358 1487
7264 3499
9192 9656
3798 2408
8767 6493
5933 240
1574 9111
7558 6633
9836 5288
5848 1164
2161 1846
298 6184
2906 547
8420 5921
3097 2022
1594 703
1211 5385
7967 9754
9749 9616
4152 5497
5545 9612
6765 2261
5358 5855
3572 7207
4096 2884
714 6903
5367 1058
3216 8333
3541 6713
4329 2247
298 1694
1294 4743
7973 1353
3419 4855
1866 125
6804 4798
1315 4171
1219 6145
9735 2805
562 5460
5394 712
2975 4191
7754 3303
7162 5426
3146 9056
3261 654
3302 68
6504 6927
4724 5314
7482 1164
125 3547
529 2212
1824 1137
9777 8023
4270 8644
1032 8769
4094 5459
3515 2718
435 3116
272 3863
3729 9607
9803 4539
8613 1314
6663 3111
4834 7283
3898 3760
5502 8332
5011 1536
3600 7538
2304 7000
7128 5289
6188 8061
1848 1076
8905 2437
9494 6949
6645 1569
2482 4427
4973 9571
8278 1093
2783 7815
9495 4267
8691 2101
658 6354
759 5052
8230 2563
3183 3058
9352 9325
9344 1887
4510 2004
3896 2115
4836 1671
5900 797
2268 9008
4086 7008
5700 1640
7097 9012
2089 8006
4362 1695
5342 9639
1545 780
8340 9679
1548 8786
4619 4499
119 4599
6437 959
3951 5641
8958 1343
1049 6103
2112 4840
1804 3274
5551 7522
7129 6177
8097 6164
909 2222
6339 206
1848 7438
6064 4868
5368 5520
2150 3336
8215 3274
6693 7545
1506 651
2073 9599
2563 9659
4634 9246
4025 4328
5926 8235
1893 5322
4269 7702
5220 1130
8724 7275
5846 9508
3539 4219
5908 2992
3916 9065
640 4634
719 2978
1328 4023
7836 775
2460 4700
2466 9517
3269 8446
8924 9592
7070 9603
7414 9024
5625 9778
1431 6497
9830 9756
2490 4624
2428 2556
832 3920
5800 1192
7162 4266
1238 2169
7072 2613
9472 2959
1746 9862
6014 2239
1873 1199
7637 8335
6960 3812
6387 696
6770 5081
9381 5881
8531 5514
789 3306
7260 3849
4896 7137
6287 7316
4451 9975
4666 7902
6835 2929
7608 1881
178 970
623 3319
3197 6829
1618 3845
3507 3480
257 8892
9089 9123
3324 4505
7513 1988
7622 7731
6255 6208
6471 9459
6342 8046
9648 6508
3764 338
2724 9314
5975 6701
594 2527
6296 8098
1172 7905
6860 9100
6768 5804
9987 1403
5820 6852
615 232
2064 6622
3322 1537
8749 7351
5400 6652
600 9167
8638 502
718 3928
7814 6422
968 7904
4861 6105
8212 3577
8990 2650
6123 1588
2950 3727
2454 2099
6750 7900
7525 7125
2717 1287
3544 7853
9848 6817
3159 3833
217 1668
2580 5545
9597 6636
2128 5255
1027 2511
8529 7848
709 5525
7507 2915
7967 5961
7774 3825
4661 6732
5485 9952
8048 2839
2183 3802
2533 9394
685 6731
9362 2467
7300 4701
7363 2125
5412 3018
7911 5494
8964 8062
5905 150
2893 7819
8311 1106
5695 4286
3999 9693
7518 1435
1240 1145
1280 7082
2830 2034
9707 8707
1881 7650
9887 8595
168 706
3344 3036
4549 8160
7232 1565
3396 6862
8943 2584
3919 5158
2998 9132
2590 6560
7595 8502
8705 9745
2006 7900
8861 4826
6419 2154
8663 4608
2351 632
2732 7910
901 5044
4141 4148
6017 9321
2904 2946
5088 6482
258 8207
6062 7852
4624 8953
2805 8275
2483 9672
4838 8299
2302 799
2105 7874
523 8178
6971 7928
6674 4619
8737 465
6009 8147
6515 4748
6517 1262
9511 9271
320 2660
175 3637
3532 3511
6760 5127
8149 8835
1520 6203
5428 3803
2822 7982
5083 9271
3189 5011
188 4915
2526 7128
5838 3620
5430 2635
2057 2911
4646 1006
6813 8945
8683 3230
5698 4021
9550 5149
6848 2070
1645 9276
8816 4279
4793 7418
4882 1620
5061 6184
4231 8751
7515 7996
6992 8871
1135 5544
4213 8705
1063 3007
5614 5246
5923 7399
2460 2523
4143 8430
1055 2347
2928 7627
3194 2770
1689 8075
7198 7721
3510 8108
6640 4022
3705 8566
9248 8566
4146 7975
5847 2928
6186 1037
7435 9185
3253 4115
1031 5500
1223 727
5399 2512
931 7974
9472 774
9136 3990
811 7880
1548 8459
7404 5984
7179 4818
2802 6117
8918 8013
5795 3664
7976 7272
9975 5050
5853 9237
3207 5795
7972 3275
2106 6158
5636 3174
2567 7691
8795 9338
2699 8669
5227 5321
1342 9656
4318 1852
3 4992
8098 7503
5815 7832
7654 6264
5111 3784
9175 8259
7288 4884
3464 5189
7599 8863
1088 7152
90 850
6196 8209
3010 4348
561 4996
3000 4631
9296 5308
2976 2906
2810 6363
6930 4129
5057 5158
5654 2381
7526 360
7260 2819
3509 663
4012 9653
9517 3504
293 2675
6905 4220
2675 5602
2670 721
9333 6758
7333 5947
9722 8829
9425 4656
1047 1805
4271 8563
5287 5296
9237 4510
5163 7309
9978 286
6811 7981
7250 7094
1386 4186
3989 1545
7969 1505
7798 6578
827 4963
739 8540
4605 1400
9245 6005
7459 3008
1467 386
9092 7627
1881 6616
2740 1086
5746 5396
5895 4677
9771 7323
5885 3636
3978 2163
9912 2628
8892 7066
6061 698
2321 2753
3237 9917
2444 1238
1646 8862
356 3919
1694 8459
5752 94
7037 6835
1591 4640
3039 6665
8419 4548
7278 6025
5377 601
262 9803
5636 7043
7819 2713
3293 2988
2079 299
941 4769
2430 9734
7326 1826
3803 5997
9707 2021
3748 140
373 7948
1689 456
2710 9773
184 431
9316 7737
3781 1074
8019 3036
676 3242
945 3977
7576 4414
6326 737
6155 5507
2831 9569
4183 9107
4261 6780
7307 7833
9451 5216
9319 6469
6768 4565
6958 6135
476 6317
7894 1461
9118 7781
7479 9896
6248 3952
6650 2038
2539 8166
2219 71
1677 9294
8740 8802
6405 7912
8569 3473
2988 5132
7363 6447
5770 2127
9212 9931
6600 5533
8162 7758
7354 4320
1358 9124
8654 2187
1904 7590
9903 2542
8549 7941
7930 3914
9823 6694
9424 4069
6735 81
3209 7898
8885 9748
6403 116
4230 4054
9196 75
3013 3639
9140 4409
8012 4746
3321 8429
4673 9630
9379 698
4964 241
7024 6832
1556 716
949 3746
952 3723
9676 965
9799 5331
5596 2616
5619 4323
9455 3445
1246 9213
7696 7943
5725 8490
7579 2054
8679 7333
9063 710
71 6906
8094 8065
8417 8711
9360 5694
2546 2679
1688 5931
4075 9289
5062 6269
4842 2117
1212 7300
4458 4758
8509 2757
7266 8278
8645 521
9467 6028
5339 1305
4993 2394
4445 6385
1833 9307
5596 8726
9798 7184
8787 2063
226 1133
1490 3115
9893 1721
380 2830
9356 7435
6971 9371
161 3685
4877 7789
9129 3237
5625 8291
5486 7994
3313 1602
5851 4589
2966 8987
9783 1661
9403 6128
6480 8383
4752 386
1269 954
4203 4804
6992 2466
2041 2717
2928 3310
7089 757
3323 1955
8577 1326
9409 1572
3990 1187
3526 430
7004 1157
4155 3256
392 7021
6589 8795
9955 4542
1300 7155
2652 5345
3003 3566
7044 7295
1492 5582
9396 6175
458 9268
3321 2456
4289 7190
6884 8261
1570 2640
4617 3421
281 5654
2243 8722
7660 2829
5991 9224
4644 4048
6401 951
1678 3670
4617 8295
5160 6891
3015 6163
8821 5421
3004 5232
7594 3331
8396 360
2657 3429
474 505
6733 7890
6917 4721
7684 7233
3152 2916
3628 3720
7870 4527
5226 3953
8774 8707
4087 9041
4334 9668
1487 3787
2473 1687
3713 383
4590 3565
3734 1974
2939 1144
9115 3093
8598 2050
1147 1783
9101 4771
3039 4949
4925 4103
2254 7133
2688 4709
6410 9769
6596 4871
4673 9283
4947 7796
8166 8148
9736 1997
3029 6546
2694 5545
7918 19
1445 5043
9702 7952
917 5577
5572 6628
745 9385
5516 8924
1815 5018
3876 5002
9488 7399
6262 761
9904 6743
1465 9724
4885 6546
9149 824
3273 6567
8320 7637
8068 2280
303 1074
9782 8546
8661 7259
9984 8152
9322 8791
789 5155
3493 5540
1421 9893
7383 833
4400 9404
5744 469
2814 7587
9568 4782
2558 8479
8454 3833
4741 6623
980 952
8495 4741
9577 7519
5159 9613
2300 6104
7264 7136
3217 3993
6333 9475
3448 1303
5354 7069
6959 1319
1664 6550
2744 5919
6362 4761
7779 9755
395 4369
2094 334
7771 7943
6594 6089
6761 4136
2996 1021
2071 3730
4484 2565
5450 1607
2416 4262
6177 4325
4751 6788
9691 1042
2076 6805
1986 6556
922 6885
5093 8434
1802 1654
9090 3516
7264 3544
7250 4945
7192 5819
9875 641
4631 9223
3044 5195
8649 6229
2973 2361
4836 228
6751 6785
2893 3893
5988 9378
3031 6067
5495 9945
5399 7702
7863 9311
628 2145
8007 2565
7817 4291
3361 2842
5301 7991
2211 9725
8871 4873
2906 7244
7271 2258
8624 335
3718 2929
5639 9231
7906 4265
4100 1628
9324 4575
5403 8215
3913 6149
6875 1886
3464 3932
1153 1212
32 379
7865 4666
1325 6268
6333 6840
4962 4091
3884 3440
8983 9967
3664 8319
7062 3405
6407 7821
7031 3795
1367 4679
9588 8636
3424 1423
4006 128
5264 4709
8781 9572
9936 1971
4646 5656
4471 3122
4250 1813
1609 8829
7138 3480
7058 4380
5131 135
3111 3488
8797 8606
5131 7166
527 2139
913 323
6594 9921
621 3810
2556 821
9447 7031
2597 9337
9042 2575
5926 590
1109 8073
5171 354
639 4767
1342 8079
6860 1724
5928 226
7977 5413
4617 7255
8354 6579
2918 2929
8660 1569
9188 3149
824 343
2794 5640
7477 9356
3401 9930
3963 6923
7719 7206
599 3784
4043 9215
7181 6216
3245 2184
4374 443
8980 135
4451 5845
1920 9816
6301 5265
69 1435
2309 6346
7529 3491
5187 4774
8385 9392
7531 9502
4948 3593
8271 9037
8973 3000
7770 1271
4326 6244
1135 9817
1099 6589
2079 8598
8656 5875
6844 2991
9182 7243
9880 4389
8312 3748
3321 8879
3472 2148
8525 7251
802 4943
504 7976
9516 6536
8141 8543
235 778
894 8406
9384 756
3165 8415
91 6590
4301 1220
7039 2692
7946 2937
7932 9293
8424 2817
3477 4480
8458 2244
7876 4715
554 2031
7332 5537
5887 7801
7525 4484
8555 6125
5728 9976
9162 552
2527 874
4103 5197
7632 8862
5355 2288
616 7986
8054 3248
3260 4830
6034 9469
6156 9877
9090 9387
7627 1621
5159 5370
6134 2657
4301 2101
4684 153
3606 9475
98 2562
7247 3940
6230 5440
3482 4791
2744 2628
3845 4525
952 1337
8161 2870
1187 5231
8837 5891
3776 339
8006 8306
3858 7449
7416 756
1604 6342
5161 1025
2310 1
8142 8645
3923 3939
8551 9173
7246 9715
6440 2857
2911 6670
1466 7965
1431 4063
4796 5847
1762 8918
9303 4236
1663 8308
4577 2988
5569 7784
8184 8799
3766 6641
9168 757
1966 4222
2905 8515
7188 9027
7524 8197
1819 5054
5087 2847
4273 8681
1985 1060
521 9546
8909 7027
9728 6491
5028 3218
2306 8808
2144 6890
2230 8428
9238 8885
1022 7049
8421 1165
4154 4361
4538 6667
9356 5322
9663 1678
8283 7811
7605 5602
8715 5559
6266 6277
4101 2102
6326 5150
5539 4821
2805 6746
5377 9285
2753 2115
9476 6746
877 6129
3599 8703
6512 7833
6463 9344
1995 636
1450 8155
4782 4157
9346 6419
2118 714
6655 6581
8219 8431
9862 9657
7890 7595
7942 7343
2048 104
5338 3990
4281 4888
8650 2102
3568 4021
7477 5294
4321 8423
6603 9321
7244 4998
9999 2810
9439 1236
9600 1478
6854 2926
1554 432
1930 2718
3284 3103
6823 7630
9099 244
3332 7445
222 2657
4753 5119
9343 9200
9496 7188
2605 2813
5068 2049
9883 2876
8771 7733
9730 8487
8315 8173
7476 1959
1957 2934
2217 1234
3246 1188
6325 6448
9710 1168
3589 5568
3104 8385
3284 2695
4935 3579
3793 8962
3516 4873
4098 9111
5271 7090
9625 495
1310 6113
5527 5290
8657 6821
2503 6836
5239 1022
6944 8259
2357 4340
9948 8363
5104 2540
9684 4065
2302 6426
7336 7699
1827 960
2788 1375
1485 5940
4889 5009
6870 1821
2531 9660
8002 7343
8963 3356
6023 5261
5843 9556
1138 6878
9842 2973
6028 7449
1501 5884
4120 9922
8884 4540
909 1092
4383 6476
1998 4822
140 1144
8483 1032
3732 1558
2161 7175
6891 5653
5415 3708
7302 1843
2035 5936
7315 9552
4924 6134
5543 3327
1646 8206
171 563
516 3521
5589 6804
8895 5481
4389 7345
6290 1837
3481 2927
7041 7253
1074 4712
8956 6445
5932 3830
7307 9331
6610 5835
6834 3628
7369 9109
4191 4984
35 239
8238 7619
3274 2174
9024 1456
8887 8190
7812 7443
7001 8309
6691 1879
6330 9215
9669 4551
5527 2593
3434 995
1829 2688
9881 5527
126 9783
8057 1856
9008 1013
2007 3828
6298 1033
8736 5568
9897 3319
1858 1518
7785 8789
3515 3994
4136 6274
9634 9221
5262 2028
1475 9994
9532 5816
4568 8107
6691 964
4919 9939
8054 7122
8138 2009
9153 8855
7534 2529
4555 8229
2419 6853
190 4169
7178 8887
5369 3105
6621 2743
1213 6340
1153 5320
3723 2893
677 5225
9592 9601
5114 5421
3854 8818
4413 1770
5834 3458
4989 5071
8667 7759
1580 7398
8803 8925
9334 3410
2675 4372
8417 7361
5540 4281
5729 4521
3404 2261
7533 1276
840 1618
2636 798
8572 1102
6496 7903
7880 5232
7612 1563
805 3453
753 1505
8980 7103
7937 8347
7600 3335
6400 8372
4299 6293
3137 2016
7444 9002
1072 9926
7492 1101
5231 9536
6324 6777
8900 8512
4781 207
2189 6500
8153 7205
8382 5807
1345 2992
1782 4181
4273 2101
9870 6162
2977 9724
4550 7417
7538 9846
8888 7999
6755 9669
9008 5212
979 5414
9808 6927
7960 6753
819 1132
5229 106
2798 7085
8632 3665
479 3981
5914 6541
9425 4068
206 3366
2285 4159
6454 5939
9557 5313
2573 6822
1121 9340
9365 7244
1287 2685
1689 5734
1306 8999
666 2682
485 185
6683 260
1209 5316
3044 5614
8141 759
3021 1232
3390 6694
4633 1782
5504 9378
789 7097
5874 7006
722 4572
3465 3467
1095 3610
1365 3710
9704 6822
6490 2932
8789 6604
1346 2489
9873 4596
5085 7501
6651 3657
595 9684
4648 456
7092 3768
7584 6132
9683 5411
9826 3663
2185 4297
9759 6580
490 7348
2503 1130
2391 8624
226 8129
6262 7621
2069 2641
587 1181
8387 7463
6749 9919
1471 9550
7486 9450
2104 3463
2593 4598
3887 184
2677 1956
333 5432
9449 2928
8763 6651
5156 901
9839 7354
1262 8520
857 3055
1599 4284
6348 9212
9908 9496
9010 422
8625 7640
745 6108
5603 6147
4850 4078
9463 9000
2047 9720
8266 6252
9533 9666
896 6340
5431 5380
800 2216
873 1498
3744 4534
2397 7768
2673 6031
220 8984
3519 7771
3303 6791
5444 7970
3131 3058
3353 7785
8060 4586
5042 9349
7523 5963
8652 890
9742 9701
433 9906
2079 3434
4633 4864
1466 9075
5955 120
8814 603
398 4891
228 2810
2291 106
8645 8898
2096 2424
8758 6178
5115 1918
7405 5959
3092 9171
2345 2603
1621 7000
7469 3577
3978 5993
6465 9831
9046 1838
3608 7877
5743 1072
275 9155
4978 4463
9333 9299
6541 9087
1131 1142
7586 3831
8646 7883
6419 7698
6044 7339
5875 1728
835 3423
5118 7746
2234 4402
2367 3201
5742 6073
2430 8980
2082 5866
2851 7464
9926 610
3666 1692
3151 9315
8449 5619
9117 627
9293 9601
5715 3143
1426 375
555 9977
4420 8813
4484 7103
3160 9095
7310 6463
5009 379
1317 3531
1706 7959
2432 8609
2421 1395
3295 8493
3927 9147
3892 2468
714 1153
4704 9584
1452 7458
7108 9177
360 8968
2547 7098
2789 4984
5343 9894
4876 4369
7451 2286
1368 8163
5870 418
4444 9016
3869 1985
9199 8656
5933 3494
1233 1392
8752 9312
9712 6017
3864 3066
5952 5831
5678 6575
262 5489
2479 4591
5942 1621
6842 9612
2674 1054
6150 9244
5549 3317
3706 5701
6162 9867
7635 4955
5520 5141
3262 9371
6026 2651
2137 9698
1555 9405
3268 349
8630 1866
9349 1511
5638 3687
4809 8317
7260 7959
3692 447
591 3123
9547 5237
4073 7884
3544 655
2284 3915
6534 8972
874 596
790 7023
2695 1771
7123 6803
4696 7727
7280 6760
3814 1488
6583 6498
7549 8011
3084 6398
2805 3806
9926 951
5124 5809
5339 7997
7521 4926
6552 7472
9257 2608
5038 3536
2778 5019
4857 5814
7644 2620
6635 7495
2779 7903
3149 457
1434 5021
9169 6637
8687 5580
3257 9625
376 7443
3330 3073
3290 5739
2192 4258
9232 3489
4694 1491
4649 5834
7275 2664
9973 2791
7509 7455
1621 1382
8867 30
4392 154
8341 7018
9344 1432
1374 3760
4834 6512
4649 448
7080 5345
5234 1880
4914 1608
1005 6166
2536 7959
9937 7557
2649 3085
670 5991
9188 6964
6283 9784
9594 6696
4542 6751
328 7160
9761 6791
2043 7854
5254 9704
57 5337
3232 1287
5506 2953
7850 639
5271 3102
6077 1798
2621 4625
2997 6657
4861 9070
2591 1786
48 7132
2383 9548
4646 3107
196 7588
6386 7833
890 383
6016 2722
2405 2159
1560 8006
9660 9438
9846 5510
3285 1939
3033 9447
2812 8468
4878 6967
4982 7641
1630 2059
1384 7071
6932 35
9413 961
3114 3133
6677 4643
1095 4048
2402 7569
9742 803
7847 8471
1075 3530
8295 3375
7692 2654
1025 6152
4178 6269
8011 9735
3484 5206
3746 139
2076 367
3890 4801
4960 4143
9949 7996
1172 7103
1254 5174
948 492
2975 8104
1024 1535
9712 769
6833 4180
8485 3904
1454 6475
7762 7514
7254 6529
3896 5615
1522 2865
8988 1431
8429 63
9729 8536
8531 8797
5277 1978
2454 3663
358 5344
5719 1282
9348 5379
6875 7890
4642 4713
937 5773
8381 725
6084 4472
9873 3195
7577 7213
1633 476
3945 3983
111 485
8844 34
3475 4561
4372 2819
1347 9530
1216 5327
426 4154
7450 4491
5748 3254
3686 9882
1566 4241
4537 9757
3366 5525
7214 1733
4058 1727
5591 1998
6835 9748
718 5860
7686 1859
6410 3841
1544 1077
9409 5062
7011 9027
7594 1753
7472 5837
8886 7183
3646 1506
2120 1127
4820 2110
2139 1207
4779 8646
6324 4055
4149 5961
5889 739
4470 1040
3216 9453
5702 8905
3972 8373
6518 4930
8307 6712
9855 9607
7176 2677
9076 758
7663 7114
5229 7010
6660 8504
3546 4061
7771 9820
1000 1796
4810 8963
1580 5321
904 9374
1405 3543
5476 8108
3263 3617
4933 2200
1833 6539
6503 7423
8120 5427
8717 7405
3929 2404
4777 4260
2805 1739
8920 7568
8821 742
7790 5017
2262 3930
3970 2981
8482 4615
7233 5933
9469 8999
7158 8591
1249 8382
1355 6566
6484 2408
540 1888
6617 9035
298 7699
3067 7937
1854 2565
746 1874
6975 3733
9014 6995
3103 1194
3150 9298
5214 6557
8336 2780
1098 2943
52 6118
2774 5348
868 6845
7331 3667
5798 146
4176 4504
3526 5922
4090 1203
7300 158
3480 8163
5390 4633
5253 6584
9572 5794
8159 6050
3764 5266
1005 6155
3981 1170
4117 8824
9865 1161
7788 8110
6864 4032
8543 8564
1400 9470
5909 3491
7464 6481
3103 3096
3076 5567
5915 1157
6354 9759
3498 6623
6565 4491
914 7045
8795 650
8049 9823
4694 6505
6843 3006
8529 9473
5635 431
2239 8225
6992 2111
2848 9715
9997 2014
1122 3037
1559 4504
3060 8423
3097 7666
6244 8755
1443 8218
4006 2577
9818 8311
1535 2787
7994 5973
2855 3768
8193 256
2337 8468
4298 3523
7853 6820
3043 4484
3868 588
5207 9517
6532 2031
7909 781
5782 998
5993 965
9858 2623
4540 5576
471 2048
8296 8694
7279 5856
3201 9184
8111 6996
8648 9170
6248 278
8804 9779
1327 7404
6296 4968
5056 6320
5847 6575
2807 9731
6141 2610
5803 8091
5337 5539
7336 9171
8952 4511
8985 4086
4110 9557
9648 8190
3923 5417
7080 9253
1287 7232
555 6693
7736 8286
5805 560
9260 4343
3142 6197
6159 5302
2448 7635
9988 6541
2875 43
6099 2883
2114 9837
9967 1237
6833 470
6803 5190
5849 4194
7731 2725
3417 5391
4604 833
4865 2154
6317 706
6712 7267
9832 6620
7249 7802
6873 8440
3723 6494
5454 5957
6118 4420
1115 7329
5004 3242
8865 7877
5669 4436
3393 4872
9123 2013
1836 7518
810 5608
1233 6894
7440 974
9171 2802
1361 7462
7014 8059
332 5210
4081 8460
3651 9047
7436 8667
1616 929
7212 1067
3569 2415
5712 5162
624 4637
8920 2715
3470 9587
7689 6885
8380 4256
1354 8745
4722 9746
849 1824
3795 3568
25 6765
2900 2725
3336 7990
2698 5165
4973 3547
3396 3525
8370 206
3050 2894
633 1471
2032 3872
9095 8063
1427 8780
4933 2205
4933 6809
742 2801
8639 4693
2647 6265
5640 1857
2047 3816
8347 4527
7619 5102
6192 2088
1822 8622
9608 9615
9082 2759
6627 2471
7518 7632
3389 5567
6870 8654
899 8514
4855 3107
4806 8180
9846 3015
239 9398
1492 781
726 9320
2628 4542
864 2277
7997 2101
6233 2960
6286 1096
3761 76
8135 7382
9009 6541
4500 9818
5656 2359
8319 9696
7880 4280
9466 7978
3769 903
5297 9430
4705 8811
9192 8906
7673 5941
1 6678
9811 4402
4601 6761
8744 2662
1959 9540
5233 7045
1487 4816
7846 8620
1176 5649
9662 9835
7093 8069
4458 1321
2229 690
7862 610
9319 8310
3984 5889
6381 1169
9587 6696
6064 8077
1131 2066
4846 1336
648 2564
4126 1993
9943 5907
717 7822
3966 7235
2735 9917
8212 9068
5679 1744
2813 3812
2838 7987
1485 3630
8306 9787
1244 2748
619 4692
8555 73
327 4537
8108 2286
3459 6381
836 8673
6011 6397
9001 8212
4134 6728
6460 9117
5218 2686
5898 4328
5270 8056
9441 8585
115 9847
7010 249
1408 4490
3907 4967
1416 6649
8883 7238
2729 5298
5467 2925
6474 1729
9377 4208
2501 8923
8215 1019
7916 6069
7074 9010
6627 7371
4919 6504
6727 7636
1832 5200
7086 9520
5224 3485
2621 1080
81 7405
1398 4350
6429 2520
7297 4646
8281 8909
6419 4360
4978 8302
7093 4402
4280 9626
4565 9518
7370 6331
7578 6737
7086 7510
3308 4097
2795 7713
5760 119
7619 709
3837 9152
4356 6302
564 412
8880 3532
2468 5208
6417 6113
3937 2987
8841 473
7312 8164
8911 6143
2315 9140
938 8586
2224 5608
2716 4150
1030 9928
6224 4946
5313 9266
8793 6955
4027 5253
5805 9852
3152 928
5155 1553
6711 3866
6901 7581
2089 3452
6092 1797
4664 7801
5316 209
9124 3803
1721 7066
9624 7244
4683 8025
2206 7319
2614 8705
2898 614
1476 8709
9194 1780
3485 3456
5228 76
9125 3498
6868 711
4616 7537
8130 4411
1993 6311
9884 298
1170 6582
2121 7430
9661 6675
9094 466
5582 2634
9331 1277
2910 460
1698 9572
3704 3637
8307 8083
6482 5032
5245 5818
9524 4016
9721 8515
2007 4879
174 1428
2146 7857
5888 3034
2362 4697
1298 3047
2979 3225
1600 5938
9600 4957
5077 5383
8446 2366
320 2274
7804 9344
6351 7135
2163 7519
8379 5973
7944 3949
5864 4568
6704 3330
6151 2591
1802 2419
891 2939
5367 5684
6470 1304
4839 562
9043 9266
7891 3252
2477 7507
9746 626
4108 1117
4342 8159
1871 6735
2827 9061
5082 2289
978 261
4770 1521
4123 6085
7840 138
411 4278
3062 9790
8267 8329
6721 8560
9669 6562
574 4478
5939 2507
2455 4979
4696 2167
9296 8677
8659 2155
7001 1407
4275 9193
7839 6257
3653 4021
3190 610
9563 7184
2573 7247
1376 9876
5420 7902
203 3403
6614 3168
3469 9427
7789 5885
6182 2442
1798 4026
2649 5436
9630 2381
453 7342
7025 7566
135 2721
9879 4102
378 7330
1406 8704
5668 6086
6220 4286
7559 1906
5760 9294
8694 2601
1738 6202
9948 5210
4163 1365
3073 4645
4306 2435
3702 5799
1340 2557
5821 5220
4306 7211
5978 4019
4296 1456
8499 8265
3093 9772
3154 6462
3660 6037
4571 4997
3596 4662
2864 4826
9010 287
824 8948
935 611
895 8928
7836 9868
3012 9824
9512 4335
5880 8214
5692 8676
8256 7555
4515 3094
5751 8382
6336 2301
4873 5518
1462 2410
5638 7427
9844 1805
9922 5244
1434 3512
2842 319
9331 5255
1739 2290
8272 3733
4386 7600
864 2621
6522 774
2932 1803
4246 8680
1030 9004
3375 2059
1654 6648
3636 3957
3670 6277
7353 4180
6375 1910
1572 1259
2668 6179
3623 9734
8083 9560
8264 5263
9365 4395
1279 8464
6756 7074
1176 1378
2640 2389
8774 5857
9575 2280
119 689
5765 8
5854 4544
3284 5078
7448 1072
9179 2346
8554 4999
6147 5103
7571 1917
7620 9336
2134 6605
6703 1606
4906 5533
4874 856
4240 1466
8061 295
3451 3728
6077 9238
835 786
6801 8448
4000 9301
7301 6696
6413 4670
363 3098
3524 8023
9734 6552
7306 6155
5983 2817
6579 2204
5390 7498
4604 5792
9910 3316
5214 8722
1111 9737
2615 9382
3943 518
8923 1238
3149 9531
3768 1883
9739 9621
1024 7758
4250 992
6824 9351
8334 4729
8674 203
5395 5056
8843 2800
4364 3281
8406 3680
7854 1182
9164 410
4636 1874
449 9167
1397 3520
1028 9677
2576 342
9214 4202
8722 9605
1148 312
2643 7166
8764 4520
9866 7953
6949 5034
453 1592
5590 1216
4670 7863
1833 1643
92 6558
6815 6541
5856 5723
4307 3561
7651 2661
8543 9747
2119 3139
4083 2558
5561 5061
5167 6237
3646 2712
9115 669
9855 1994
1247 5582
3341 8261
4631 5343
4053 5252
1477 8763
730 3612
5114 3048
3011 7020
4906 9164
4197 4646
2105 6866
1966 2402
3998 471
2904 4765
249 6801
9859 5508
3562 602
1447 7519
6878 870
8000 4397
1239 3742
6002 2866
9945 9644
498 3680
8929 3337
5171 7710
1091 761
3140 6220
9485 978
3205 8027
6149 5568
4753 2459
9142 8466
2196 9330
2076 1169
4172 4082
3910 6268
722 3346
2555 3065
2302 7885
3673 7867
9651 2887
438 9632
5472 5704
3153 8758
7776 9601
9571 2464
2874 1348
9297 4728
7140 5293
6317 9992
2619 1950
9954 285
3779 6907
4522 3829
1702 3952
2880 2948
2890 8394
6426 3420
2965 2766
8597 264
6932 1918
4405 7917
8955 7847
5256 1836
8906 2114
1210 4799
7812 197
2762 4314
1186 7771
3658 6494
1333 6093
5416 1864
9172 1971
715 6006
1919 5768
4099 5636
9311 8020
8821 2755
5079 7775
5491 2584
9063 1187
8292 3867
8266 4382
9067 4767
9234 3635
246 6264
4365 6832
7774 2209
9843 5155
4552 9315
6057 2672
9768 3213
4940 1221
832 8569
5713 1552
924 7976
7820 9311
5955 4902
5574 8602
7483 455
6091 4898
1231 5048
1911 8550
8571 6588
1195 4323
1688 1384
5311 6780
3449 7996
6324 1552
689 6097
764 8601
3800 7540
5703 2013
3741 941
4857 9758
4653 8088
2219 1606
1537 4210
2905 7697
2789 4330
9381 1415
2938 7611
5032 2618
2655 415
7849 6639
1584 212
8312 611
1287 2123
5225 424
9818 7656
9393 1690
8509 6028
7677 3243
6802 1876
802 5904
4105 1299
6813 7738
92 7087
3264 5087
9426 5493
2463 7723
700 5536
3773 1087
9866 7801
9731 5836
9970 9960
815 9996
2108 2652
6812 3024
5608 2310
2098 1964
1655 868
3043 34
652 4125
1414 1057
5597 4494
9656 5649
896 7396
2592 9439
2962 1929
9773 8169
708 7359
9229 5926
2136 5174
8844 4610
950 2988
2673 4883
9539 2507
7455 1818
165 2192
6588 7237
8138 7911
3209 7480
6465 33
2691 7144
5818 909
2495 197
4085 2707
6408 6519
6909 9814
7000 8407
9743 2103
207 8100
2881 9819
7316 8427
7600 3839
2956 3164
4093 1308
3082 1879
3694 7345
6841 1787
6443 8830
3263 1260
8486 8697
46 8494
353 4603
252 1196
6300 3491
3028 2271
548 7747
2650 4189
3385 984
3472 3697
54 4539
6826 9040
2050 9085
3824 3825
3107 1555
4048 4967
3305 8832
6334 648
2081 5973
3006 7131
4901 4602
1146 6955
8219 9204
5575 7783
6138 6113
2543 6824
9920 750
2493 2384
1132 3215
8064 5625
4575 7977
7253 4858
393 9621
856 8211
8941 5286
7398 984
5065 2526
5313 3697
8757 1677
4771 3715
8102 9839
5315 8347
1655 7643
4179 8773
3972 5042
1691 9784
6482 2546
4689 766
1816 7291
6381 7046
650 4600
6060 4282
7901 6255
9168 4938
1768 6409
8678 2434
8529 2713
8183 738
318 8850
3035 4448
8068 343
1114 6679
6719 8345
201 6320
6063 2289
7361 523
3006 9286
2586 7263
2003 4361
9544 9880
1641 3077
3239 4035
782 6841
4178 4494
592 5769
8070 7521
4462 2624
1166 2960
7584 6880
5688 1837
8212 2671
3527 8635
2104 3702
751 1716
5124 8099
7844 219
8126 5450
3527 9861
4468 4179
1755 5147
1054 7703
1006 9240
7271 3090
4656 8231
6894 8674
9195 1420
3537 5632
9382 2596
6532 9506
8313 4670
7873 5761
4961 1134
6851 4432
7520 2157
2579 9688
3988 1505
5083 2860
3395 3938
756 4711
4972 5959
9546 3537
5589 2763
9124 4665
7455 8164
3737 4220
9218 8519
166 2155
1715 2439
523 3563
9050 5149
4996 1220
4428 5194
8412 8544
8111 1622
9168 9477
2288 7586
6780 2668
3918 3785
9050 2913
6091 586
5843 7031
3995 2652
1620 4948
207 7049
7143 4448
8472 9883
2380 7448
2185 69
6892 7451
7864 2320
3206 7202
1958 8155
1055 7765
431 2157
4872 9451
288 8683
6258 1950
5551 2148
3523 7526
8196 3678
2840 7464
5957 8473
4590 182
4994 197
693 9366
1845 2237
8993 6999
9030 6832
819 4702
6270 3185
5607 7109
4190 408
8807 856
6313 3569
4451 3205
2578 4272
7681 9150
5947 5795
2618 1273
392 3890
7429 2493
7659 5920
6549 1083
4386 2641
8620 7829
5431 7162
6264 985
6268 5101
42 1993
7013 4975
5305 7524
9581 8455
7747 5371
5328 8120
214 6918
7640 8394
2970 5259
134 9629
2241 3081
6679 2386
9644 7446
4736 8643
1361 2533
2693 8724
5 1599
8230 8615
445 2915
6012 4095
1880 1929
1547 2600
2683 535
7651 1076
4381 3459
9028 8395
2655 4917
5631 4077
5622 6067
152 3829
6370 142
6831 1179
2673 3041
653 2765
4711 9060
6664 3507
5635 1952
7354 4032
7572 9194
9467 9340
2545 9974
1148 1480
6877 4917
1144 248
7127 3582
7056 5820
7257 9389
4627 1507
5373 1262
6880 3239
8531 7838
6128 7454
8849 3555
6311 8586
379 3270
6933 7886
1942 8669
5082 2677
5851 1943
8567 7616
787 1986
4546 8266
6954 5380
9682 7741
4864 9440
8759 1683
5357 3423
1664 8684
5012 1263
3791 3436
2111 3672
944 4517
3965 3131
2898 7664
8448 4244
7255 3463
9999 9561
3072 9878
8877 9578
1517 1433
6730 3827
6484 4666
6265 4186
5892 9904
2321 3726
4276 8847
4473 2211
8875 7095
5468 5362
4418 3568
4713 8798
3772 4550
9440 9283
4842 6735
4264 7687
3587 4348
2354 7255
1195 2303
9505 7973
1719 2751
2553 9876
914 5610
307 4602
7614 7817
495 4771
3047 2636
9897 3870
3803 4825
6505 9768
4956 5804
1061 2600
5366 9791
8984 1136
7852 4615
6488 5208
6195 3020
4433 5571
138 3789
3796 3848
5263 2814
182 6624
3165 5804
5930 8345
3644 6810
2744 2679
8282 1468
7267 3915
9891 6889
165 9326
5448 5419
1586 4713
6804 2321
6770 2325
2365 1534
8907 6177
9406 4177
3602 9880
8104 4587
5695 9858
1754 3628
1647 9795
7351 1382
2958 2026
7038 6025
4356 3421
8925 6565
2385 7541
3852 9024
5584 3247
3361 4294
1787 1939
8194 2632
2137 6410
1726 5131
4732 5181
5716 5266
2410 2154
264 1505
6624 9021
8839 5496
7690 6651
4104 7621
2726 2291
1500 3012
7959 4654
2429 388
7651 6851
3099 5051
6524 1923
6717 1132
9123 9849
4097 9763
880 8289
9373 6966
251 9707
1497 5516
4322 2246
2619 9969
8005 8648
3256 7747
2643 8841
7616 551
5079 9915
441 1321
6444 9935
9167 6811
6706 7915
1072 176
4093 4833
5644 6302
4763 9674
7964 735
5363 5805
3325 7571
8564 3391
5445 2773
3895 5368
8190 1575
1902 265
6551 6254
6890 504
5205 2013
469 4231
3674 2615
6465 6866
4855 687
3663 9845
811 5113
1259 3996
9123 7029
4795 514
636 5376
6619 2062
3985 6090
5734 1664
7671 5439
9756 9061
6487 3843
1122 4650
6335 251
2094 2390
1119 154
8245 7065
8650 9668
2757 4124
6575 7476
6451 1515
4212 335
5954 9434
1621 950
4609 8449
3419 87
6032 6800
5476 665
7921 2968
1520 417
4712 8886
1646 7444
7104 1175
5189 1393
2439 1396
9685 2188
1042 4405
1852 1382
4774 8740
9998 6450
5226 3329
5662 4614
1635 2176
9159 4610
8045 1197
2714 5797
957 9211
1841 8220
726 1102
1039 6863
2415 3063
8371 1274
5222 3069
5914 2988
1870 3023
5391 2977
8245 2557
9062 2863
2887 8537
3638 6373
6712 6676
8213 2995
9713 7703
2369 7125
1048 1826
6430 8895
9322 6190
1803 5332
1252 1921
5995 6973
2273 5290
7472 8208
7921 3671
6177 2231
2658 2566
5961 1087
6018 5353
834 4213
7703 8387
731 3367
521 6779
9609 9195
2868 3496
6685 3174
3990 8285
8938 5071
4774 1627
2151 874
2214 9794
7359 759
8601 65
3058 8450
1331 7169
3396 3355
8684 3917
4177 5632
7506 4630
9484 5036
6365 5250
5526 9457
8424 843
2018 6129
6990 5573
247 2577
6528 6435
4247 7009
3758 2202
6748 8479
8338 5457
4410 7682
2531 224
5460 7647
8160 9345
382 3996
832 4676
6834 7797
4266 3297
3440 390
4411 6416
1825 5295
3452 8486
9220 2453
5031 540
2208 8781
5353 4365
6897 6507
3473 4618
5694 2076
5682 565
5318 5012
3 440
3328 3318
3386 9941
6253 4682
2275 2031
7093 2541
7405 2575
7708 9395
7372 8963
448 8445
9566 9914
3372 6009
9660 3504
8056 3939
235 701
4243 3921
8102 7713
5162 9118
1811 2940
8802 7209
6900 7690
8064 999
3997 3767
8501 2599
761 6256
1861 2076
1520 650
5338 1557
9128 5680
5728 757
1165 3564
5859 1064
3569 3594
2006 7129
5285 592
7943 3964
8096 5546
1660 6483
6295 4778
3325 5985
9551 328
4536 358
8458 8082
8173 5207
7066 9135
5103 4712
3105 4961
6395 6592
7923 6501
2474 9670
4084 7753
8610 8306
267 3729
9461 6199
4686 2865
9658 657
8990 9568
86 2265
5171 738
8661 2751
9685 9596
3399 4868
7226 9428
6876 3807
4450 4484
1829 8084
7984 8188
1767 2603
4362 4542
9477 8708
3739 790
1198 8397
9740 7854
6516 9826
7298 4067
3029 549
6799 5604
2047 5124
7838 9114
3070 8282
6149 2680
4637 9972
8460 471
5413 1049
3157 1884
1221 6683
8797 2337
8669 8121
2233 2644
8912 267
4608 7916
1854 6458
7476 2683
101 4092
63 5957
9801 2439
1729 9386
6021 4645
478 7710
2398 1770
2212 2508
8194 8702
6161 7257
5096 5219
9997 6647
916 3405
3894 7020
4818 9353
9145 8309
6765 6162
9601 611
2947 9022
1248 8344
8 5565
4663 9337
939 4376
3254 175
8679 7461
7549 359
1610 3721
8251 7297
540 7285
1245 6542
2784 8688
571 8088
5141 1201
5431 7733
6538 5294
6315 9001
9066 7643
5274 3004
9899 2047
1137 86
5336 3713
8931 5820
7309 1868
5181 9641
8264 8158
8835 4487
111 5527
3979 6806
2944 1267
3801 896
3769 9964
6446 469
6018 2679
1996 6891
6417 721
8917 1056
7484 479
4089 9964
7974 985
4998 8426
3227 2773
2463 5376
3042 4230
8131 9727
4312 5725
3234 5052
6263 2471
2836 4822
1358 4700
7585 3133
6159 4133
7681 3071
6103 9836
6480 8374
6465 2653
2955 8563
7389 650
4933 8960
8722 3301
6271 5015
1983 3423
4445 7155
3334 5113
9472 6162
1854 6308
557 7653
1941 8449
581 8532
4930 873
9707 681
9501 7510
4774 4337
2447 2305
2350 403
8248 5216
3315 6106
3162 6712
7622 6855
2200 2544
9369 1704
8856 8249
8025 5549
3516 3235
5782 6648
8786 348
1816 2062
9937 2358
4796 6339
5975 7984
1067 1523
4070 2703
8722 2996
8708 23
2652 7605
8619 2732
4622 8225
7828 1880
5056 2223
5170 6523
5612 4162
665 4663
6192 8880
8818 1332
6925 4486
8853 5966
3783 4042
4544 5447
1339 4193
1819 3482
4196 3679
3455 4712
5813 6396
9420 1628
5049 2000
9066 983
6565 8013
412 7259
6425 1248
6529 9872
2919 4866
6512 3506
341 9233
6366 1251
4867 5957
9544 6905
5305 5666
6738 7923
3141 7377
837 9568
3150 2350
3365 5735
3030 4108
8818 8080
9968 6327
7874 7447
5361 3929
6489 8481
7547 8320
5684 8208
9265 946
3539 7415
1888 248
7863 5665
3879 9830
1503 8728
5336 9365
7531 3465
9458 7988
6975 9999
6488 7881
3878 9026
8693 7070
9257 3898
9148 4362
6117 6483
8134 5893
3175 2599
5883 7831
3994 2311
7614 2489
7241 8360
7329 4588
5603 8373
9874 7149
4849 9182
3231 8588
9586 7481
7747 1356
5774 699
6257 3583
3121 9096
1654 8938
6409 8255
5613 7306
8229 7391
284 5705
5240 7546
5604 6347
4310 2940
9059 9857
1412 1259
4395 199
1333 724
1867 3882
6570 7211
4483 3500
3093 1158
1903 6616
3441 1777
9917 4960
6706 1059
818 41
5198 5348
3849 7241
461 3447
8661 5261
4275 5423
4960 3395
6099 9128
5881 7842
4516 7463
1190 1159
991 8815
2511 6265
1633 3449
2004 7692
6514 5841
7589 5877
9703 1681
4250 3346
3605 132
9946 5832
9220 9973
5580 7264
4591 8699
4494 3892
6625 4333
4511 2783
9293 8078
8107 498
7518 2705
5562 4912
5215 7084
6961 3269
6966 8360
4483 5557
2358 3139
7539 617
2505 6523
1142 2581
1712 5716
6258 602
2589 8246
608 2267
9429 2317
9050 6861
333 4679
6258 4550
5454 4828
1272 2249
4807 2824
7623 6340
1449 7817
232 8489
3875 2694
6215 9722
8639 9573
636 8118
1223 45
6851 5605
106 4522
7105 2310
2043 6440
4673 462
2400 438
8135 8844
2477 2746
2466 7192
4092 6570
9161 6613
6839 6150
4598 3331
6519 5215
1874 1782
4056 8053
1235 6419
4188 6105
1226 3392
4323 2364
5322 7152
4431 4375
6352 2670
415 5813
3359 2638
1412 3896
9169 5751
552 5733
8851 8143
7862 2739
3421 4842
3693 5181
9233 2056
8758 4816
8599 3785
2963 4181
909 6760
8090 9211
2589 3340
7542 1499
8533 7916
2065 9322
5468 9926
6919 4425
8254 6071
1593 9268
2049 897
5111 9059
9317 3638
5827 2456
5058 8851
8797 6848
7760 3208
8792 1611
3635 5543
2606 2893
1576 5918
8485 9155
5607 900
6405 8156
567 890
4738 8914
4384 4942
1859 4682
251 1372
1980 8419
3042 2764
466 7378
4383 8457
4955 114
8368 6424
2787 8078
8174 1446
8501 4851
1231 9273
287 8912
467 5049
8224 5391
3672 9828
6333 2556
427 6738
178 6910
7279 3761
2889 6522
8350 8329
1533 1729
9953 5843
2426 9256
2536 5290
7372 6122
9130 9022
8419 6364
1512 61
7220 9429
9792 1010
1086 5163
250 5353
2410 1331
3751 4139
5518 9636
218 5113
8618 9602
1079 7332
9105 7607
7541 6903
7439 140
2518 4592
3407 3549
7178 6478
7267 8627
849 311
1605 3816
9212 5263
1617 2567
3764 6657
1830 3803
1440 9875
3709 2283
4285 4550
5188 613
82 9204
5363 2352
1971 6385
8447 5257
6225 7446
3901 7431
3356 597
2131 7279
7591 9599
7234 5279
8090 5926
870 9948
1336 7094
2800 1083
2506 3971
8100 9134
310 9647
5467 1470
756 2344
390 4426
5502 8598
5822 7476
8474 6456
6247 2767
8073 5496
19 7110
8854 2696
3276 7486
5612 9478
4404 2953
3899 2906
3415 5261
3228 4392
7725 3089
3371 966
3407 2559
3924 7808
9936 2092
5147 5856
3623 7623
1255 753
1905 4053
3975 5355
8810 1926
3345 4401
6733 211
2931 6742
3878 1225
2148 6871
3000 973
8201 1726
2048 4528
1500 2092
3068 4530
7889 5618
5760 6840
9600 5913
6631 7261
9858 5532
9908 7847
6626 6135
2474 2724
716 2608
3653 3638
6383 228
557 9748
9444 1310
6926 8955
3892 1789
4555 2534
1798 9051
8156 9960
4900 3810
1425 2092
3736 3307
4874 5698
4696 510
7820 41
6319 193
8096 7006
8371 4908
6515 1363
2701 3037
707 9654
2506 8267
9572 9866
5776 6441
4086 5095
7789 6304
3581 3741
4391 4132
63 5330
6809 500
7676 9337
8287 8780
3425 203
9968 2155
2105 5040
4155 1397
2652 7989
7055 9700
8272 7439
8760 4796
6261 3910
7330 1543
539 4711
3542 2509
9960 2686
842 4481
9092 9793
2242 5044
671 1219
3537 5198
9264 9082
5652 4501
3106 4257
7537 3717
2240 5573
7828 8777
626 8736
9303 3520
2663 985
6273 2076
5623 1448
3871 7596
8188 7506
7893 3722
9000 8722
5522 697
7653 3754
5960 1113
9712 5619
5889 6089
3739 8375
1334 2557
7862 4567
6113 9617
2341 5321
3374 892
7977 3345
6694 3348
9666 6471
2024 1910
302 6367
7415 6564
5399 1172
1631 1556
976 9824
5254 2614
9998 6083
5909 513
6617 453
1414 278
9054 6681
5520 7932
6499 5897
5802 3853
4418 1427
5929 3359
5820 9456
7646 6946
2956 7631
685 8387
4567 8755
7563 8796
1777 2455
7284 3812
7436 7935
2018 8083
723 3920
4571 9809
4627 4366
1519 3828
6376 2519
9358 1379
838 9592
4041 126
8672 4391
9125 5929
6639 8149
7374 3585
616 2861
4482 9166
5178 6839
5549 5702
5064 3181
4360 1111
7134 2271
9896 5192
5191 2126
8817 4211
297 9539
2113 1688
3331 7918
1362 1461
9864 3716
7165 2318
9115 5528
6260 9932
5043 7435
9621 4939
5042 5824
1225 9801
5943 6620
2353 7578
9416 2269
5498 3148
6085 9941
5098 1118
6558 766
2466 2012
1619 7994
4193 6083
736 8896
2671 8973
6131 9416
4600 2940
7246 3688
3165 3359
9968 2145
4673 1804
1321 6223
5814 5599
8983 1789
658 1342
6411 4817
4605 5245
4512 2797
6207 4611
7855 189
789 8145
1051 8823
6258 1736
6711 6937
4303 4860
8683 7243
3690 4160
9835 191
1072 7536
2723 1174
4669 4927
6266 7973
9490 1710
8474 503
6066 5283
7407 5898
4013 9829
8945 9163
3942 7791
176 3028
4710 5226
3914 2903
6022 9456
9280 3131
3631 20
5033 6113
1717 3019
2527 9564
2616 9672
900 8092
8196 7507
4993 8557
5707 3822
1711 73
8022 3896
4015 7208
9980 912
7218 1194
3173 1187
7837 4730
6829 6651
5204 811
4934 2055
543 3272
266 209
7889 7205
7758 4503
4843 4037
7710 4329
8162 9727
4028 4077
3566 4058
1134 1092
1830 7671
2279 1101
9281 4534
6852 7928
9428 9780
7978 6869
5025 3127
5530 6617
7812 8342
5407 4387
4302 5380
5193 8923
458 7995
5606 7236
6789 5619
9835 9471
2925 1853
1055 380
3810 1706
6659 7577
8905 7768
3419 8055
1646 971
1159 3333
2221 3350
7670 8881
2431 2500
9859 2686
6552 8998
1558 8247
1866 1134
8912 1588
8741 8927
1147 544
9920 7317
5107 9981
1054 388
6665 8543
2009 1943
6209 4196
2200 4284
3224 6470
9341 4894
2172 6220
5785 8335
582 5187
9136 7834
6396 5272
3154 5697
4124 6922
4021 600
4349 6385
3163 4378
3563 778
9783 2079
3368 6196
4503 4534
5165 3963
8754 8871
9950 5527
472 6780
1748 4329
1218 9643
6614 6455
2741 5457
36 984
9959 5827
1404 2209
7436 7562
9017 5998
8968 6541
2805 538
367 9164
6771 5891
9750 7808
2734 779
9903 2184
5880 3733
1617 1249
9687 6770
9979 8936
7212 8660
6379 6931
1184 4507
9508 4005
2150 1464
5499 4684
1725 2406
9828 3782
3690 6777
550 5641
6179 7824
1667 4537
9403 2311
3499 1599
7240 2053
2452 8425
174 7667
8308 1524
7891 8397
4940 2945
4712 8109
2569 8908
3174 3659
3702 1605
9369 1895
7865 3308
2086 1708
9604 3138
1813 7008
1029 6056
1967 3933
3698 8546
8039 240
8921 5615
5597 3607
9853 7173
6448 9494
3564 1957
6303 1587
2936 3719
9426 4972
6697 8007
1651 8433
7084 6775
1467 7951
3706 4150
8656 9024
3356 5206
5199 4008
943 1267
3257 1213
8148 9513
8782 4693
5873 9485
7899 6895
6932 5060
9861 302
7892 1944
9245 9521
1711 9890
7606 4921
6113 6282
5128 9731
1967 72
4215 6995
5306 2689
4676 144
2046 2686
1063 3934
2363 5638
7255 3126
7009 9428
1893 1929
2488 1379
4118 4201
7102 8104
966 4817
8897 3193
5798 2104
7647 7090
2037 1207
1589 8543
5776 5263
7430 2652
699 6774
8456 2359
8305 4968
649 9114
410 6362
5423 2946
3159 331
5639 9735
1519 1877
968 1059
5600 8617
6357 3290
4598 4238
95 3113
980 6997
9565 6617
8111 3886
608 8519
9765 9720
7050 2297
3129 845
2395 4723
4671 5077
7973 6345
1890 2979
266 8836
3737 7311
4821 1757
5792 9753
7709 6417
5510 5919
62 2659
8085 9946
6576 4836
2693 6789
1201 4089
6922 4342
5226 5898
5128 887
2728 7015
7269 1106
285 7179
5504 8644
8138 4197
627 2040
4148 986
1956 7817
1241 9383
6768 9010
3541 6217
44 1418
5793 8348
6282 7587
4249 9029
1120 6830
4199 999
5157 1739
3437 6714
7115 6867
9344 8930
9088 1721
5090 5238
3025 3535
3138 9796
7586 3866
584 5390
2632 6672
3713 4683
6432 6493
8657 770
4153 4370
178 3299
5751 3529
9050 2098
2147 4823
1628 2111
2567 4190
7272 4718
3721 1053
7091 2828
5329 2387
6506 8071
3722 7532
8594 2296
1053 5700
2168 7392
7832 6999
7346 3324
4366 9331
9810 3027
7903 5590
1016 2674
6976 3882
1445 6219
6471 114
3115 360
5631 9927
6269 9626
9193 4211
9553 8769
9786 9679
4575 1717
3899 4633
124 9972
8332 880
4116 1797
1722 8483
4990 7123
9707 9491
9962 9095
1600 1807
1321 5718
2613 5616
9623 1210
2856 3092
9693 2032
7765 5568
4376 5683
2757 7930
8514 2135
7187 4374
963 9196
9984 9534
3257 959
357 2978
3963 9544
433 4068
5147 9030
6118 6855
7075 3643
7205 9303
6518 7512
8068 3652
4794 3641
4702 2702
8705 9717
8915 6845
5397 9657
2984 9381
1709 5462
7733 5190
6020 4991
9909 5052
4075 8748
6515 2689
1581 1928
9556 181
2421 8925
3888 1778
5950 8592
6895 6366
5690 5008
5049 6654
3818 7656
3972 1746
168 9497
617 8497
8569 4657
1978 1105
1017 5606
9990 8512
1223 2983
7836 9291
9226 7771
8817 9100
517 7337
9295 5779
5813 9533
9592 55
5466 6655
860 767
6101 5211
3843 2897
1058 67
7890 4217
3884 5723
712 3902
5282 4602
9587 4203
1403 6884
854 6692
8742 1879
8902 1558
8262 6766
6941 9404
1384 8285
8617 7852
2577 8829
3745 9981
9990 521
5530 9336
3849 5364
8680 8294
16 6470
2190 7225
5886 6421
745 4027
5187 101
5226 5036
1317 8695
7242 4091
5363 3106
239 932
716 9432
5644 1050
4635 439
4377 3563
784 7092
2209 5492
5045 7758
4206 1040
9219 3577
804 1488
5118 5055
9357 2294
6091 4773
6984 566
9761 6088
171 5658
8896 3304
1471 5395
1539 5089
5902 36
6578 4994
3006 7113
4039 1574
8362 1620
49 7363
7245 2764
7489 4747
6249 2810
5818 5383
7328 5641
2503 1219
6864 5361
4824 7519
2781 6260
8368 1950
292 6225
1969 2403
3659 3480
192 8736
2514 4132
852 3899
8259 4939
7608 9456
8177 7717
2071 9573
8018 706
5586 5340
9672 6834
7282 9355
2054 3624
4582 55
2655 4150
4561 8398
3209 1340
559 2161
2482 5612
9983 6073
7689 4265
4392 6459
4716 6837
2298 6334
8673 3124
3825 2533
4043 8025
796 9064
2650 4180
1433 1448
832 4856
3709 790
2799 3003
7158 6923
9800 3584
114 784
4757 5585
2015 2082
5800 965
920 4582
7642 7743
5433 6476
8414 912
6343 1951
5589 5951
4245 8818
9749 237
8613 8406
9772 5745
891 2094
8441 2330
4694 9876
8870 505
2801 1958
8248 118
794 4388
6559 5455
708 7864
6876 6282
6281 3554
7407 2024
6944 4729
1913 212
8330 8294
222 5232
9732 5388
486 327
7890 8732
6939 906
3494 8423
5098 145
3419 6214
2915 3616
1893 498
7541 2382
1717 7009
64 5793
9912 8787
6062 7375
6501 6261
581 5674
1341 8211
8821 9944
4878 4475
4446 8437
8972 1425
7326 9055
9456 4185
9019 7550
3334 3844
265 6942
187 314
5483 4345
5840 9776
4310 5793
5459 979
5371 2118
3636 8267
2778 9682
2976 1399
8544 3908
471 7749
4278 9000
1707 7037
1790 6947
5978 5303
3480 631
7398 9235
917 5365
6684 3628
4518 1420
7124 4974
8954 492
5843 7327
2579 153
8363 688
2223 2808
6281 3807
6928 7796
4759 9553
6713 2324
5417 8433
9956 375
9051 6541
3165 2272
4521 1594
1529 8918
9768 8020
6967 5944
5584 5552
4018 2681
5075 5297
3721 578
4319 4325
1049 5931
8712 5417
4390 7528
1723 1914
5841 8888
6796 1845
2792 5981
3531 420
774 1912
3423 1848
7002 5262
3231 4194
6982 385
5513 9247
5943 5562
4595 7568
2439 2800
1163 9443
514 5961
7673 3533
4955 2240
5383 6645
2953 635
5460 1754
3693 9183
7446 479
7704 7345
6009 5336
7498 7828
1450 8870
9356 8025
9138 1737
8378 9711
3261 4524
9579 6022
6554 5069
3714 6671
6744 2468
8356 1536
3919 1669
9941 4843
4616 6201
1472 147
8447 3964
8853 1500
7653 209
5708 4962
2827 4674
7686 6523
4349 7976
1421 7880
7391 7063
6511 9343
2061 5929
8384 6607
7201 4392
991 6517
6593 5046
7119 4863
4651 1283
7088 9858
6429 6952
2000 9443
8695 9013
1533 5849
2249 9076
7033 2023
518 5858
3461 9140
6871 5761
748 1469
5275 7725
2062 6861
4185 4041
9051 945
8027 4828
4041 2787
5231 3449
6073 4226
6096 6867
5640 9675
6498 8811
6530 8456
2110 4351
9795 8761
1632 1941
3080 4612
7375 8513
80 1144
6148 9980
9815 2176
5805 174
7531 9458
2773 6543
1792 2039
946 4842
2670 5244
2445 3663
8691 7193
5430 1699
8724 7889
3631 1405
6480 522
6167 3177
3308 8580
543 5658
5295 8155
7816 565
1276 9937
271 7336
6178 4393
3036 7906
1827 4554
6020 9246
5435 5088
3241 6858
9836 8966
4495 7443
3165 9562
7848 5565
8815 8685
6591 5460
573 8950
690 9010
4253 212
615 4765
7432 1474
4299 3524
6470 5782
4264 3809
2636 8944
8595 748
1821 8777
224 5352
6461 2816
9116 8989
6155 4640
5006 9070
5940 912
1321 7752
666 9611
3916 3188
1734 1929
9275 9562
9602 9101
6785 3946
4236 5282
3892 3767
6773 8287
6351 106
1693 9326
4978 9205
3994 9967
9266 9839
4199 7908
9518 2897
5840 1926
9217 4116
8082 8298
7408 7152
4095 6733
4020 846
9375 2475
5808 8929
6473 2397
3976 2984
7351 6610
5944 255
9584 2746
3363 8492
2253 8579
3178 113
6602 2154
1678 969
1713 7901
7250 894
7703 2578
8580 912
2798 2431
4525 9018
2316 8973
2317 7014
8787 4413
1251 8745
3248 5142
7356 7622
9820 5170
6965 5488
5013 2917
4706 5806
8089 1080
394 8376
376 1182
3362 9871
2515 3310
3752 5489
3832 2233
5793 6130
6728 2083
2165 8305
5968 9095
8229 6846
7598 2360
1433 4919
7151 8338
8611 8035
5817 2940
3245 1495
7694 1541
1385 1209
4785 9860
9037 9002
6205 3200
1208 2521
8965 6000
8816 1650
8325 3377
1192 7459
7965 3969
1392 9378
836 9059
1864 1561
9635 4398
28 4527
7382 149
6547 4499
2792 6512
5838 3700
6852 9583
7581 2480
5701 6014
4674 7302
6479 6367
6461 9203
3431 64
4831 9484
6316 3091
7929 4823
7721 4501
4789 7462
996 8672
8801 9073
271 3007
9356 1983
1945 3080
6310 4630
9342 760
9520 6923
285 3388
8247 26
3038 5681
8021 6395
7654 328
7490 5551
5170 6624
2220 122
3411 1824
5686 5573
2345 134
2866 1098
1060 7718
7053 7873
5843 3583
3725 8411
6227 9377
8070 6925
6733 6418
8141 4011
8692 7067
6592 5050
7540 6121
4456 8653
8155 610
4422 6703
6706 9147
2561 7070
4755 1188
7917 6441
4682 427
4899 3997
6436 4910
