placement model: 1slider
width: 10
height: 10
number of points: 500
7699 3589
1395 9951
8861 913
6932 6333
4844 2880
24 3374
3874 8113
8278 1710
5299 7582
3810 4425
3704 7068
6303 2823
8482 7014
6954 3147
2559 5822
429 4968
929 3195
4176 4251
5401 6261
4609 483
9166 7967
5215 605
65 196
5610 992
4524 870
3602 7199
526 7507
2505 3960
8417 5729
9759 7377
832 5299
5450 1642
6717 5849
7293 57
5695 3499
701 9901
6376 1940
6160 319
6313 3972
1842 7929
9640 2574
1427 7271
7102 5504
1152 225
6908 7702
4910 7184
4465 8599
1762 9422
5649 4758
5456 2403
5567 3427
8670 2957
9776 4906
5361 7740
2167 9198
1937 7290
8581 3733
8929 9937
5877 794
4252 4246
3172 5207
2589 6186
1165 7016
1080 2987
6893 2251
3990 7264
7628 8145
4411 6357
2264 1034
8613 2876
7813 4018
9276 8770
9736 9392
6505 4703
8246 612
3875 2305
637 4548
7219 2406
9782 3416
7041 3175
766 1633
8783 2910
2490 380
4364 1589
3362 2814
776 4646
3012 571
9156 5757
7408 2432
1241 2139
5153 3682
5006 3102
8124 9847
4671 5976
8596 9468
8895 5946
3151 7733
6898 1873
1235 7815
1412 7302
6999 8675
8314 5814
3300 7982
7810 5109
2493 705
736 2608
1782 8259
6284 2756
827 3978
1219 5997
7172 4092
3007 9851
52 6632
7637 9184
3022 2889
7119 8962
4435 5037
7696 8378
7132 3710
6534 537
7171 3427
1523 3010
252 9018
5967 2916
7187 1339
9678 2892
3253 1655
2651 8163
5847 5757
6136 2144
2442 7993
5251 5600
2711 7177
2680 5500
2707 1536
516 5033
7473 263
5472 8233
2053 4130
4036 3543
457 8737
256 8381
4543 9665
4420 7085
5561 279
1053 4573
6367 636
1708 9976
7112 2347
9097 1943
6713 4321
6753 3348
9780 8152
9869 9048
9460 6882
6843 9899
6199 5403
4089 568
1976 8421
8145 9944
3650 8657
8708 1794
7418 2021
632 5483
2645 9173
6892 631
8604 2052
5713 3774
4363 4953
6304 1876
1817 5382
5279 273
4682 6357
9969 1953
1026 3789
2747 8775
2853 1789
2459 7360
6448 73
252 2906
5756 8880
2479 6956
2077 745
1210 5654
8234 3608
4645 984
1907 8926
1849 34
7462 8501
6866 3991
9946 8630
9036 4343
8422 9245
9299 5577
1131 6146
5944 7703
6987 6748
8223 609
6230 4443
5169 897
383 3274
2786 7818
6561 7993
6785 8737
1560 4248
1351 8240
6995 4920
1259 2763
5704 8426
2318 5336
707 7339
5275 4747
1499 899
3892 5979
5023 6890
4269 9739
4829 9404
3118 6432
3005 2597
9984 5615
9807 4991
1845 8371
4122 791
562 4363
4881 5138
3723 1608
6335 120
3447 561
6339 6296
4408 7346
3878 6749
7482 967
2765 2872
3312 4631
1627 7974
2553 4761
8914 688
2705 9087
6429 9143
329 2415
4717 7291
9430 9422
7815 5239
6025 1763
6187 2937
2603 3567
6886 7790
7921 5566
7404 1893
895 4008
2926 562
6093 7373
831 1777
5382 8429
7407 6200
3491 9282
193 3603
7835 7750
2610 7112
9844 6785
8654 3330
7095 1189
3672 7833
3117 3197
7758 5308
4932 9408
977 7589
5949 5900
822 2610
6084 3804
4015 3132
5358 8394
1574 2010
532 2273
7400 6410
7688 6791
5757 1866
881 1553
1425 6429
782 2382
5299 2759
9553 7756
7493 7388
8791 5655
5750 6959
8937 4645
207 4807
251 6439
5655 3023
8412 2121
6160 2229
6720 7507
1750 8456
9042 3649
9905 158
6373 3145
6695 7530
6755 8281
4068 347
3852 4406
7206 5481
9095 8542
3401 1478
1151 9274
5982 9429
7714 2807
1068 1803
314 7186
6557 6349
9559 7816
8195 9865
1745 1407
5621 9787
1848 7353
2319 3878
751 4309
9491 7983
5320 7959
8257 9575
3117 540
6910 6451
3087 6425
783 6677
2659 9091
1240 9452
1033 9813
7736 1660
2315 6097
1499 4507
4276 7122
7065 7565
8331 3975
3467 3081
3351 5967
3895 5951
2381 3080
7 2475
3574 2641
9319 5468
5213 7250
1927 6440
5180 2732
9968 776
4022 6697
9724 6140
4957 7425
4895 1471
1500 9872
225 6271
3580 3664
2142 6523
5331 6267
6049 8773
2281 3814
5546 7426
494 3168
6302 3558
1903 2533
1763 2953
2067 7649
2551 7375
7348 262
7245 1676
3821 5715
6624 9445
6628 1263
7309 1811
4397 555
9643 9246
5869 993
778 8275
378 6574
7576 4041
7589 7542
7743 1911
5746 3628
1931 7428
4852 4191
478 3719
1787 7477
984 610
2194 6545
8376 6373
9989 7090
4647 9251
9142 1711
3981 442
4735 7818
1701 4001
2116 2434
7071 9494
7190 3587
4917 1349
8340 7917
981 9507
6327 7318
279 3217
4100 5292
3181 3270
8816 6197
7770 3776
5464 5108
193 46
1348 6486
9872 3116
2053 1628
8549 2467
9531 1638
3805 5762
8483 5975
8198 9579
7912 7358
2325 5647
4246 8084
5324 6491
344 5056
1238 7571
8386 5068
6047 7153
7782 6048
3062 7177
4526 3254
3284 3172
2604 8972
466 2990
9037 1500
3004 396
8084 1335
8309 9325
6473 4261
3177 1461
3733 851
195 6346
3536 2950
3003 7641
7047 4929
759 7810
4985 2631
3256 5081
8815 9343
2560 6906
6250 1713
2329 3563
5789 3347
6189 9235
3514 5134
4636 1780
1361 7995
7948 6117
9573 4657
9743 7331
1609 5609
6534 8888
9766 8635
3013 6107
1687 6299
5853 8240
4556 8272
6256 6508
5984 3900
855 7206
7448 5993
7897 5152
4652 9342
3791 6491
2028 2323
781 808
780 7648
7015 284
3785 5908
1352 6060
2200 4571
7579 9755
2000 9598
1915 3428
1995 8341
2524 9788
7312 4852
1495 9094
8669 9225
8468 8446
576 453
7990 7932
1883 8539
8158 6758
855 1841
5422 8622
74 1458
1242 7861
3926 8964
3976 3039
896 6118
295 5228
5938 3307
9388 9251
5155 879
6585 6189
2439 53
90 381
3296 4450
