placement model: 1slider
width: 10
height: 10
number of points: 5000
2305 8484
7748 9429
6476 9270
7140 7087
6384 9561
5717 8356
9757 4944
4271 6555
451 1411
7746 8568
6782 2232
4894 2415
4197 520
152 5434
6503 5146
514 5398
8713 3473
6145 5222
604 4457
5988 2280
1318 7449
1438 9844
8534 6656
6812 8278
945 3054
4097 7143
9936 1200
6119 471
655 51
8996 1908
799 2777
9807 3720
428 8727
160 5726
1046 5506
8879 1286
6507 5049
4278 7132
9508 6413
7353 2129
2750 2391
1371 3211
7191 2846
6954 7422
6646 1769
7605 1625
1757 2230
577 384
5543 6690
4702 5375
4567 5001
8347 3535
1120 5759
3603 6480
3481 9100
6417 5301
5291 8247
5186 8635
6373 6101
7684 4745
5989 5695
8739 9933
5261 7338
8792 4724
3250 7922
7382 5549
8408 5438
87 343
2023 9419
5186 3092
2606 776
1700 4764
4160 9892
8689 6019
5582 4880
6153 2538
855 2596
718 4226
8983 7378
7642 2329
6372 8273
5200 6777
3332 9689
5356 9965
2468 8142
9322 9615
4642 1466
3247 6513
2075 9633
6253 8583
888 4151
2408 6117
2639 6522
9190 9911
6184 3676
7055 979
1471 6318
965 1048
3003 605
7484 2161
440 3947
8347 1143
886 8636
4551 6083
2472 9082
951 9004
676 7899
6574 9743
9978 3268
7768 8233
9017 1767
3048 8499
2512 6535
2181 165
5552 9442
9218 9240
9013 2045
6630 317
4261 268
9793 7002
2433 7441
981 6027
6268 2486
9381 204
4480 55
7677 790
3930 3160
8453 3780
3289 3454
1210 5764
8463 6594
7017 6198
6674 8355
9513 4223
9148 3844
6686 2357
5536 9855
5623 420
4923 8139
3822 6677
459 7816
9469 3022
2680 9995
7952 7914
6882 8104
2328 2632
7154 4046
7738 4860
9837 9765
6586 3696
6069 1962
1686 1358
3236 5259
7416 534
4695 4289
4215 2225
2939 1640
1834 4782
2194 5187
6561 8044
2990 5186
2692 4455
8266 1464
7657 4575
2478 1154
7087 173
4542 5050
6253 8195
4181 5358
6161 716
5864 2581
246 8499
4976 2361
6368 2303
277 8667
1918 5847
8480 2549
2934 1092
4196 6346
3774 2984
5251 4842
7745 1036
8307 4712
4828 9040
3219 2029
4590 5689
1008 2164
3109 7706
1715 1644
3560 9072
994 4291
4826 4975
2139 692
1827 2877
3400 9334
8726 3720
1728 8794
8880 4773
8266 549
4359 4212
2290 8907
8143 378
2514 6522
574 6536
9404 8495
2105 3308
1745 2041
2778 8430
1220 9634
1934 1087
9430 3940
5988 3624
5135 1764
3125 7616
8405 3898
4853 1710
3109 496
3859 2635
8479 4457
1601 3478
2735 3504
3601 578
7016 9263
7624 3202
812 6598
3405 6777
8810 8095
9190 8290
8713 245
6299 6171
3253 5425
615 275
7337 4905
468 7130
2258 5253
1313 4714
8248 4557
420 1996
448 5677
9110 702
7231 9577
2754 8748
2527 3048
5659 437
3462 9831
2211 9609
2464 718
2969 1582
7234 8785
8335 6248
2801 7811
6976 8629
8401 4326
7472 3878
7077 9335
2046 4881
8888 7734
4931 8913
7865 2904
2917 6215
5195 5034
3117 239
5245 4354
6122 814
6638 3539
807 9552
980 4109
2260 1671
2344 5471
1615 1968
4396 5161
8043 9611
68 9282
5375 2704
337 8654
9388 7397
2641 9852
3764 8523
375 8249
1645 7420
7667 5907
8773 425
6109 2590
5753 3355
4714 2743
835 6150
8878 9863
2624 9506
9920 3916
5505 8040
4509 471
1017 5828
3122 4488
6284 276
5495 4518
6935 4514
4358 8359
1960 5405
8859 4012
8173 4651
1810 1245
2985 9320
7838 4995
9755 4008
3178 7185
6639 3821
5089 9886
8864 4833
8746 5916
4535 180
6541 8654
4769 8768
5233 5499
1658 466
3946 846
1096 9552
2028 9668
4524 3836
908 8649
6596 5861
1135 9202
2512 8767
5435 3841
5990 5760
651 1680
7836 3747
4927 1071
8735 6022
4610 2725
9920 666
7149 5271
8983 1853
9093 7788
947 6554
7867 5492
7788 2257
1245 5956
6725 2644
3941 536
4793 262
3522 4942
5181 7658
2695 5652
3692 4446
794 4771
674 993
5816 9318
9962 7498
5752 7684
3337 5680
2362 6838
6646 8308
6530 6721
2143 9587
8973 8305
4991 1186
5687 1883
3045 4134
711 1171
1056 1850
7414 3538
8376 7116
6261 5399
7327 4938
8187 3405
544 7490
5925 208
3321 9526
3458 7075
4394 8211
2209 4156
788 2225
8853 3489
5174 1945
5172 6597
211 9024
6675 570
3073 8461
8268 4251
3584 5964
4869 9840
3787 1431
658 3237
7346 9465
3394 5513
5068 671
4659 3253
5037 2155
7922 9178
3088 7509
766 9173
8629 4596
468 6357
3209 8657
7685 3747
4492 1277
331 9406
8740 1148
6046 2122
5218 8576
7941 2449
3134 9491
7550 8553
3332 8287
8578 5065
3649 724
8217 8147
8520 6141
7475 7930
8012 796
355 2012
4400 3520
9524 8705
7108 4457
5684 4364
7726 3673
4511 8878
6164 7794
301 9845
7719 1516
5742 355
3160 1223
7524 8393
9857 4258
5259 739
4985 2065
3393 1978
2416 5943
2375 1695
39 4626
7085 4767
6940 5452
6208 5720
5058 4331
5921 2560
7402 4229
8215 5635
6202 7756
4280 5788
9777 2987
258 1247
271 5807
4751 5284
4627 6018
4486 121
2864 1551
675 7972
6864 3493
7660 9132
4451 1032
9325 3156
5724 7169
5155 5609
940 4861
4746 6133
5154 6795
9043 9364
1366 2457
1857 1620
4353 14
4055 6590
1966 4938
3183 6952
4808 2141
9362 5218
312 4617
1816 8438
5944 5661
4331 303
5483 6838
2144 9778
6162 6188
60 7923
3458 6694
979 5357
1836 100
6974 6081
2698 3747
6201 8046
4805 2845
4066 2888
4630 5330
3298 1048
2163 4602
9481 8132
6261 4893
2143 4170
8480 3127
1629 8225
3479 7555
7721 1579
9853 3092
5986 4612
5532 8684
5004 5415
4273 3774
4534 9692
9809 1884
318 6627
3603 9014
2725 9880
9035 7350
9760 2477
9831 7255
1809 8224
9766 1950
3741 2069
285 3646
6797 4179
8629 856
1087 1426
5041 6353
9786 4206
6159 9442
9518 8120
1690 9785
8217 4261
7870 3091
4300 505
3120 7064
8488 7003
2609 8999
7214 7114
8627 4484
1476 6102
9974 2499
2699 7936
9574 1116
6446 2654
1999 2312
9384 9747
7722 9122
8648 9451
5594 8070
7930 6379
30 8048
4195 1603
7645 2570
8896 6192
3988 606
9579 435
3028 3805
6789 8901
3464 6599
9087 6107
3337 2099
3758 9977
7145 9489
7289 6007
481 8356
744 7555
2052 1878
954 5604
9462 1825
2277 6027
1305 3137
7682 8911
2177 9022
2116 5602
2523 9312
9372 9001
8990 6523
9670 9044
1386 3874
6213 19
2561 9698
9924 8975
5242 8425
3031 1567
5709 4688
1693 220
8224 6892
645 1048
4492 9775
9255 2148
4408 3065
512 8355
1461 9565
2210 3927
1439 846
7624 6829
6936 4092
9221 7420
4398 6563
1845 2964
6702 6292
9111 7671
1790 5497
9884 5451
1166 3896
1672 4449
8126 2116
7566 2794
4768 4455
9680 4354
7694 7587
5671 3067
3753 2654
6926 273
5010 1077
4244 420
4827 1574
816 2742
7023 1458
3676 7494
4939 5381
5165 4400
1166 5973
117 9116
9704 4597
7865 3825
1666 1350
3835 1133
2091 3420
5986 9543
977 3847
401 6313
6392 1174
9278 4007
874 79
986 8388
3209 5305
447 8611
821 1771
2425 2499
5669 5538
6131 5709
7905 3238
7759 5399
6809 8029
7528 2616
7683 4744
1000 861
2176 6310
2791 8314
4223 8326
5617 8328
8040 9231
3649 1892
8374 3606
3766 3344
1527 2705
8142 1946
9268 4001
1347 7608
8072 5183
6872 6897
2819 7718
6212 6541
4161 7977
1281 1007
7930 8542
4655 2769
3835 9571
8457 290
1802 5783
3443 7108
2841 2152
4662 54
1958 452
1430 1812
2515 1247
6393 1214
9567 6219
6098 4907
3862 8247
2676 7268
4293 3083
9274 4516
5877 3920
3896 5786
7936 4841
3547 8810
770 4268
3075 4102
1958 8231
2266 7804
1230 7865
2839 5252
3982 6874
8182 8737
7436 1373
1780 8934
1194 4730
1528 9033
7912 1487
5326 9344
5415 2194
590 9796
3074 3941
8218 8689
8365 3062
308 3341
9723 3238
4114 5246
4171 5326
4131 1568
9510 6536
8744 6456
6879 8262
8449 6237
4004 3284
9586 3440
4338 6006
4397 3211
5509 9060
5609 7288
5075 2744
2200 5689
2425 5610
3622 175
2947 6300
6167 7986
9140 6632
3344 2939
4022 8395
4213 4993
5077 6042
3069 2615
3031 9347
4924 8651
7104 509
8087 2029
7257 8771
7060 3180
4122 6641
867 691
9800 9722
1836 8777
356 3590
3385 50
229 8899
5630 9924
5835 2757
3101 7535
2102 3555
5976 1026
2595 585
801 1840
1259 3379
9539 1871
1200 8514
5029 8747
664 5353
5670 7366
5972 5694
6008 7990
282 1108
8841 894
3216 4891
1763 9777
1775 2313
4047 1526
5597 359
7983 697
3050 5665
8298 8051
8581 6698
549 8274
7942 3042
1768 3738
1737 7957
5326 2264
7959 7138
235 8189
4494 8934
2026 7020
1427 5334
4544 5135
4626 2070
6217 2672
1237 618
7614 8670
4042 3433
7113 650
4208 1248
7936 8584
449 5030
5626 9055
9064 1164
771 7181
8854 7793
6810 4451
4645 2165
4276 6815
3081 9248
2813 3235
1713 6891
5915 7635
9016 4715
4980 3095
7088 1057
393 4117
6916 2135
77 5
6455 6798
5660 6690
4505 9730
3853 9946
3421 918
7782 1154
110 9992
6498 1988
2786 7434
3101 1990
3684 6444
9084 422
8401 7526
6779 9024
3818 1849
1143 2149
657 1673
1653 4306
211 9717
8607 342
7622 7315
825 7820
9790 6255
4524 5662
3403 2068
7031 1946
2593 5474
2920 8039
8982 8879
1038 1241
9581 66
6786 8754
5829 7330
3861 6924
4572 3908
9475 1325
1565 820
9299 75
3469 6730
1450 3922
9092 6491
2726 1561
53 1187
3907 8726
9760 6228
2913 81
8890 1712
3927 2911
2790 3914
8525 7784
6953 7649
233 3886
8854 3237
1606 2962
3950 4010
5878 7439
6453 2917
7998 1430
6119 6423
8735 1536
5205 1684
5167 8847
1984 8761
5224 5329
6067 4163
9007 9498
3894 3665
3400 9517
7840 2226
4564 477
4263 5214
5712 337
9371 536
4714 9622
1401 250
3625 4421
1238 1491
4166 4697
8039 4260
3577 9073
6484 4726
1690 7344
7072 6288
9775 6245
579 5660
5166 7506
4 5498
4455 2043
2356 502
4633 9511
5273 5476
5583 9138
6732 473
8704 5334
6765 2621
5068 3903
8885 5011
8756 9934
2899 8339
7016 5668
7648 2875
7460 5767
8620 6108
6078 2829
4377 8924
1102 6023
5667 1839
8444 7200
6419 6031
5669 9156
6521 4134
8418 2608
8163 9722
4611 1889
5975 8180
6055 3985
8312 4183
32 275
484 7190
7149 5742
8762 4717
3852 1546
3190 6229
8796 8576
3466 7137
1699 3002
4965 4104
1520 7176
7043 5154
4485 7202
1244 7487
8300 7290
2816 8339
1176 2974
1967 6736
2500 4392
6779 4254
4649 6331
1604 1487
1299 7904
7787 2719
76 1146
8553 3295
1411 5736
6712 410
3385 924
499 5032
1424 754
7305 4385
1964 5275
2348 3889
2577 6918
4802 4175
7255 4804
1426 763
4031 4047
3919 1420
6028 2051
1387 9045
6251 2249
1900 2911
3401 9293
18 6323
8499 3081
4211 5317
822 689
4798 3736
4879 17
664 9111
9418 6829
1243 5281
3170 2916
7712 5485
4553 1041
7992 8454
593 5841
6783 8678
2185 5593
7954 7576
1534 8891
1991 6713
602 448
5946 1242
9909 8710
5865 4378
5161 2914
2600 2913
4515 3539
6093 5060
3447 9944
2000 7841
56 6407
548 5413
1062 7137
7267 5458
4315 6317
1297 6806
1445 7393
765 1376
4159 6516
2034 8042
2697 2533
6802 3007
2232 6562
54 5281
1423 3552
7934 3709
5131 2109
3485 6984
1308 277
9379 6107
2481 4538
9470 4432
4211 2110
2294 7464
2359 9259
6030 8863
2274 1573
8790 4128
1077 8382
7844 5725
5991 543
8700 7778
2590 6441
4220 3628
8854 4552
5719 8114
7454 6221
6614 9101
4760 7
8078 8514
5753 2700
8177 9225
4881 4557
2994 5254
6638 9771
500 3833
237 7508
5121 6890
645 754
6025 3814
7806 2696
1172 4149
348 859
3353 7650
581 7647
4882 911
7124 8122
8235 9401
7731 3280
7701 5436
6270 2267
416 1781
3560 9022
1173 6222
4557 4994
7889 4994
3220 4705
4021 4522
3439 2448
9587 5264
9166 9860
7210 2187
4109 9102
4961 977
4858 8381
9568 7741
368 6297
9761 7973
4718 8543
9204 6385
350 4665
8567 5982
6988 2774
7389 8197
8342 6675
505 4659
9193 6850
6413 6158
9132 1197
2838 962
4841 5951
9175 9939
113 8410
7602 6032
5416 6010
5321 8102
1272 7265
445 8111
6738 9048
2613 8323
9233 232
2784 9486
2959 4850
4577 8112
9856 2788
2442 8038
2259 8453
9000 9843
1415 6249
1559 8006
105 739
7460 5366
6006 6344
6830 7997
8934 832
8407 347
7162 8491
5234 1465
4830 660
1075 8280
9935 6467
4032 8930
462 6132
1589 8328
216 5442
8026 1632
8701 5598
9526 1474
2624 4209
1473 5708
2268 3853
4229 4890
9474 1628
1159 2103
3061 3127
5947 2472
3114 7742
5220 8313
1231 2679
4932 850
9975 5764
764 5181
58 1917
9580 3777
5127 6975
6603 1654
7915 3172
5012 9280
2571 9332
3207 5375
3734 6519
4105 9558
2924 2057
6388 1763
1813 6048
4369 1273
777 1127
9442 4622
252 4471
9429 4522
4023 8775
9431 7757
9097 8048
545 3458
6362 1094
3660 6266
763 7899
8415 5371
4216 6273
6920 39
8783 6253
3309 8653
3449 4039
5826 3379
865 1684
8532 6728
4730 7343
4120 5963
6367 2264
8120 7731
3817 6792
1229 4492
4653 1482
8666 8322
3651 5980
9609 6951
3094 9966
4803 6459
2483 4306
6407 1423
4432 1960
8434 7419
5574 7416
9915 346
6142 4070
259 7617
3937 7933
6306 375
2121 6056
6493 6571
5098 5642
3613 1226
6163 6820
2174 7486
2768 8079
1651 5215
2176 506
403 6665
9215 4929
8180 9127
9375 5438
5307 1760
2447 2085
114 2094
3776 536
2329 6755
9466 6789
8205 1709
2840 5369
3064 1139
6411 4152
9805 982
1982 1770
8348 7065
1982 4807
226 1950
8952 4619
6164 9011
6565 4983
522 656
7818 7510
4064 3843
966 7085
9863 3015
7021 6769
4975 135
2449 5600
4100 34
755 9995
279 8935
4590 9215
6972 6471
8637 1386
764 1460
1733 8467
3666 8627
6469 7593
4185 7406
1280 7341
5601 3639
7590 4500
5949 9044
135 9886
8005 8413
929 2004
1291 8288
8549 4814
8792 271
3825 7126
1617 2655
7953 5388
5617 7130
6342 9544
2615 6089
2883 8550
6701 6960
1507 3443
6972 6418
7413 540
7200 3811
9643 7272
3088 4670
4393 470
5427 2079
7340 3173
9323 8082
6484 3449
9094 8647
6696 1974
9827 5055
4120 5272
7697 7487
1480 2803
7097 4837
5490 1470
1505 667
4798 6875
8841 3093
5780 5224
8838 9397
4879 1554
12 9813
1998 2901
5907 4738
2499 3983
511 8386
3779 5183
1905 9512
5600 2834
4691 4376
1099 8448
272 4049
3007 4002
2131 8442
3983 9050
6126 9828
6228 9942
6850 1254
3751 3828
3329 9877
361 8640
2144 9215
310 893
3907 5332
8988 1668
4299 8274
2429 8282
8640 8319
2514 5497
2757 2777
3272 1878
1153 2303
1123 4539
254 4656
7107 5447
821 11
2914 6916
5457 9176
4935 43
4508 2120
8323 6678
5990 2226
9810 4267
977 3855
7694 2576
9885 7017
4502 4329
7919 5838
3624 2477
4693 4080
9963 2606
2449 623
2632 4082
3749 8899
7120 9283
8318 9189
5498 7197
1205 616
5895 9378
3351 113
449 3957
3823 2603
6514 4549
2793 9223
1984 6713
1216 3254
8549 2648
695 6615
9655 7278
939 9037
3861 7355
3503 6085
2034 2989
9791 4597
1747 3194
8635 873
4381 7848
5749 3697
9270 4673
727 4159
9651 1620
7704 8367
4452 7381
3554 3574
3830 6047
1839 7234
498 9902
2935 8558
3471 6197
1508 8326
670 8375
5306 5516
486 8774
8014 3547
617 6969
8233 9509
9742 1312
6192 5135
6654 1580
5449 1327
1910 346
9498 6223
8885 1567
1831 7843
5720 7868
3372 6393
6999 7027
2546 956
3068 5837
949 7170
5060 8046
6463 5259
9341 9608
9021 7639
612 214
925 3061
9078 4590
653 5424
1770 8058
6675 2937
8107 4061
3440 4697
3984 2691
8253 3664
2419 9406
8666 1179
8550 9939
1604 7173
2385 4430
2433 1505
415 3670
4851 790
442 8610
6193 4345
5348 1197
7066 8681
9930 3518
894 3321
5448 6200
4664 482
4748 4905
784 5387
6897 2880
5066 6023
8996 1465
7844 7772
6279 8898
2090 779
8002 2045
2002 4881
5772 4370
6682 9196
9123 1015
4986 9054
1585 2509
80 5848
6233 5313
7619 9902
5600 9980
703 6881
5878 6208
9054 6146
1434 5817
882 934
3692 3166
9916 9329
3436 819
1958 3438
894 3951
9422 5782
9306 2840
1239 6569
7354 1518
9586 9522
3216 148
3289 4835
875 6701
1222 4547
4872 7450
4862 9757
9752 5480
3478 9958
3105 4269
9986 8523
7333 4606
1314 4157
3588 1705
1230 4046
8300 6442
6886 8812
362 4487
2921 5241
1945 2495
4296 7899
1584 9459
5213 5216
3708 6300
8266 1502
2068 8540
6214 2750
8197 2942
8183 1291
5580 5136
3846 4257
5078 5094
8146 2712
460 2306
9736 7859
4810 4433
300 9678
2257 8977
5731 81
210 2918
8667 2495
5083 6752
4996 8713
4967 2241
5994 8476
6012 838
1286 160
2582 8932
8391 508
4515 7852
332 3118
1309 5665
6783 2255
5596 4260
2226 2743
4634 325
7643 6056
9404 4393
2456 3668
8956 2880
7046 4380
3726 3090
5484 3134
9998 8112
318 6647
443 3019
2224 5528
344 6120
788 320
7612 9281
9139 756
1735 6884
510 738
6324 7722
5764 99
5340 7183
4625 5197
7029 9991
2163 3014
1080 5918
5059 1371
570 6900
5541 1756
8881 4770
4641 291
2506 3433
5890 146
492 6552
7847 3068
760 8799
8970 5155
3071 5138
6102 8720
854 2565
1115 7005
4875 3950
1999 8888
1335 7658
4437 6276
6116 5638
5314 4077
7150 538
5989 2633
6345 9925
1702 8523
8510 1917
8185 2749
9303 3706
9840 1644
5677 4396
4281 9038
3874 2597
1268 1386
9627 3109
6428 1684
7459 9659
2948 3975
417 4116
4242 2996
3847 501
6467 4066
3079 10
9977 153
1713 3629
5389 2480
4305 8378
5991 4135
2956 6495
5359 9163
3578 1108
7902 6908
6585 1082
7782 133
9955 7842
1167 1595
2886 6068
344 9042
6274 5971
4828 629
2621 8834
6562 2551
7114 3056
2867 1203
1637 9839
5927 198
5477 1156
7846 534
5344 2110
761 7748
4675 5412
3555 3291
5424 5614
1893 5522
8173 1173
505 5448
8290 6699
3115 6606
1139 2370
9409 4790
2803 6859
491 9478
1898 5352
98 961
6122 7291
8978 4091
87 5207
845 4194
7362 3345
8033 7766
6613 1265
2580 6992
170 9746
455 5558
6988 1981
5445 6779
4364 6288
7829 3217
4485 2902
4726 4950
6894 2640
3718 5506
7678 5105
1194 3324
6841 3152
4392 6335
4695 9800
8464 182
9033 4422
4001 5219
2513 5961
3816 6242
2056 7795
4364 9095
4670 5824
6168 1319
7539 1069
4917 3998
3164 2308
119 2628
2550 6700
5158 1520
9059 6274
4063 8824
9340 6232
4592 9790
6932 3641
4359 7027
2239 1539
4025 1574
2063 4177
1561 9235
2057 7888
4980 9858
8859 4859
3665 3909
189 4489
9824 5330
5765 611
6054 5163
9040 3767
1329 1195
4975 8609
831 9074
1512 3162
7003 8725
6217 7877
7186 3624
1624 2106
6389 6045
1166 7404
851 3635
1829 1570
1918 5247
7262 3598
2071 8949
6043 1414
6287 7260
2974 1987
8139 2104
336 9565
6189 3937
7650 3774
3419 5313
902 6641
5781 4724
9326 4742
8832 6609
7616 7738
564 1080
6186 8584
158 2314
4456 1910
1984 8038
8848 8112
1541 8426
8601 5850
4673 101
5634 5637
4060 3196
6002 8984
359 4897
4454 1335
6672 2490
9988 4766
6368 9173
3446 5603
323 7764
7646 4453
7702 6034
5351 6
1566 3019
6238 4890
4001 4771
2195 9053
7757 7816
3252 6585
8529 266
4713 7151
3147 133
3195 4743
6596 4146
9961 1155
7648 1652
7392 23
9960 8122
9685 9667
4117 9280
9273 7713
4193 1049
256 5314
4539 4861
3910 6762
5271 9924
5104 2805
1837 2489
9503 4417
4989 2471
7668 6177
3565 6613
6396 7888
7939 6462
4638 3540
7373 2176
1856 5007
6027 5537
4411 956
5274 8766
5761 3077
3260 2599
6420 1942
8048 3486
8778 9852
165 5200
5042 166
1668 2260
6186 2904
4605 9669
3134 540
646 3937
7544 6024
4016 5126
2244 9552
8939 5072
3224 9265
8229 1370
9398 1689
1354 1362
7037 5707
6222 5927
6441 3390
8807 7291
1320 1848
765 5021
5665 8144
5684 4458
3869 4516
1935 2255
6858 5026
7 8636
2862 9608
1794 1465
3572 135
1308 9157
6891 9653
6013 4655
6694 67
1802 2545
5054 1365
7714 1268
9388 7250
7640 3815
9928 9473
577 8672
9831 2206
3133 5750
7896 6360
7482 541
9522 7414
6382 6015
3977 7203
4497 8360
965 2612
7332 3107
6492 4849
1916 1419
4350 3309
9126 4106
9919 160
4945 4354
99 1745
8095 8310
4609 1921
515 2740
2245 2408
8367 8144
3062 1270
1062 3854
2469 8039
1125 8120
9918 8700
4040 8229
1623 741
241 6125
6726 4486
7380 8585
2437 7206
6200 4093
4688 2089
1553 1379
4217 4887
9797 65
1238 605
5821 2544
9125 5174
10 619
989 2045
3992 2112
9791 774
5041 5673
1343 2228
6289 1188
9136 9035
7495 4608
8204 1939
2976 1125
1843 6082
2420 3619
6128 8995
376 1559
4455 6183
4013 1156
4797 2196
2039 7335
6418 7987
5058 7521
2350 3078
9585 1306
628 8066
3391 7528
589 3889
6665 526
6149 9151
2396 3396
5413 9955
9445 1164
8829 8389
1706 8091
5327 9740
7167 3709
2315 1514
8172 2122
9821 3367
2955 2862
2988 5106
5055 9657
2177 44
9356 546
2803 5391
5848 1556
7280 8855
2577 4110
770 7978
4109 6825
8093 4942
4395 3826
5991 1979
6351 1364
7156 4978
2859 9600
2418 93
4566 4337
6935 3863
3964 7680
3112 2737
6059 7376
2424 3515
1367 2487
6361 8882
8669 2813
4716 5255
1528 5916
8909 1473
9443 8836
5518 6694
1808 7092
6239 1761
6673 681
894 2953
1280 3282
2150 762
3377 6992
680 5979
4119 4690
3154 9167
8948 5626
6196 6705
142 2429
3350 8622
5330 7934
3392 1099
183 9575
3547 579
1606 3949
4040 6167
3156 2825
989 3551
8969 40
6907 6417
3457 3861
8092 5698
5455 3107
9125 1699
5896 9074
1537 197
4272 6750
8722 8470
754 986
6497 4488
2208 5404
1241 9815
4936 1348
4396 8841
921 8158
9809 8113
3772 9380
1463 908
8722 618
2857 9857
4292 743
834 7754
3313 6611
2568 8611
7747 591
4619 8710
7327 8112
532 5019
7991 9235
3921 6324
7676 5608
5542 5078
8220 9602
9296 1229
7373 8134
3140 7284
1180 5094
6882 1166
352 3505
5618 3725
2702 5601
9950 6245
5283 7607
2492 8588
1150 8911
6421 3634
6455 8778
7235 7125
2887 5072
4554 3555
2140 5245
9895 5284
2037 3295
4144 2249
6454 7114
3843 3840
2328 7164
3453 8103
4092 4412
2847 7013
9522 6712
8481 9340
5182 5695
5770 5093
3703 5304
828 3421
7950 762
7138 9993
4121 1945
9422 2052
5282 7977
5447 2375
9400 4986
6695 3570
9872 39
2617 4980
3414 8944
6988 6659
2389 6306
2706 4227
9611 4307
3465 5681
7450 1042
8980 6767
1462 2911
3371 7007
6631 9094
9860 4304
1426 3838
6971 6142
4002 4997
3555 6665
7020 8835
2436 1925
6230 3293
1532 7249
6538 9566
9481 2111
3662 2074
401 9970
9176 8686
5478 1786
2142 6705
1970 1596
9871 4761
4832 3986
2057 5245
1922 4349
3596 7227
4770 526
907 9743
5574 2768
8055 4881
2381 5218
8943 6748
3844 2349
237 5583
6813 8749
1526 859
961 333
3975 7589
7823 9462
7035 6731
9134 5262
6902 8746
2321 961
885 394
7188 2797
9976 2660
6461 309
4901 6890
7087 237
3530 9992
4101 6555
2955 7614
4574 6241
3928 1395
7718 107
7378 6234
3456 4673
8261 1006
7266 8091
5278 610
3950 8527
3167 7871
6249 2082
901 3071
2847 1381
2052 3146
1583 7489
6807 6757
8653 5190
760 9090
4823 2317
4881 7495
4793 2497
1051 4306
392 3478
9043 6357
6322 5226
7033 3827
3607 4153
2948 941
7009 3038
3580 6871
4468 6249
1019 3809
7416 4174
3546 5107
3319 2618
4534 2696
8448 1611
1732 8020
5810 9274
4253 7932
876 35
7209 7944
8798 8075
976 1008
7463 7894
7038 1138
5605 3952
1326 8875
3637 4941
8202 2880
5649 2570
6061 158
8379 5450
6392 1430
3623 4814
7990 7057
4465 34
9574 5133
9891 9693
154 949
3308 2803
7281 8804
8216 2475
2948 1485
4122 289
7214 1334
6334 412
7290 507
8573 8722
1805 2940
570 1294
9106 7079
4719 5343
5630 4551
538 5308
5816 6483
3099 146
5156 9115
1628 9513
7695 7746
4810 4468
442 4377
3271 7506
4706 6972
5282 5305
4374 540
9048 2626
4058 1445
3673 9150
777 6514
4078 8299
2650 7645
3831 3237
3579 6490
2162 6442
9625 4982
9561 4801
6974 5322
6601 5937
3296 5601
6069 1233
3753 599
3547 8922
2019 8223
3063 77
3365 8730
7233 6161
9634 374
8093 5265
579 1106
1631 9705
9749 1660
7999 623
4244 698
356 4590
2503 6597
6801 3829
7858 3606
8742 6862
1326 2679
9949 1919
6956 5645
1824 4916
2822 1742
3890 1631
5805 4124
7506 100
8608 1704
9372 1675
1912 6226
9905 5697
8765 3447
5226 1843
7464 6846
4400 4871
6705 8267
6613 3077
1924 3452
6417 7176
8181 7504
2670 3824
5679 5856
912 1683
4352 5370
3690 5190
3352 2567
9915 243
4775 4561
8524 1919
7164 6430
9031 7497
8254 7198
7170 1835
8262 5436
7730 6601
3508 1701
1758 3087
9149 3090
649 9739
6890 2844
1147 8072
8430 655
7381 1690
493 9201
6154 7508
6757 8458
6999 6239
3069 8398
5546 7763
5959 6253
585 8806
149 6591
7767 5534
5421 217
8321 8984
6590 8713
3014 2091
2699 7181
5447 1548
6298 9337
8939 9459
1320 1821
7426 656
9002 6279
5088 4216
2676 1003
9990 7618
1974 6635
6688 8035
5151 7591
1607 3523
9379 6802
1224 8002
8933 5667
8808 461
9201 6430
4614 6222
7691 6062
1942 5876
6030 7274
2326 9196
2857 1473
4088 4910
9014 6871
6211 9079
5638 3118
9866 8750
4460 1513
3575 6477
9709 3064
3962 6037
5031 1065
1563 2900
2046 1049
2226 3812
2864 3602
6095 5760
2986 5972
4827 8637
2913 6045
1568 6867
4835 2867
9578 8012
5920 5477
6756 1646
7579 7223
4332 9462
8163 5276
1837 2182
5801 2240
6210 4576
3757 5434
7262 8997
559 1807
5871 941
6511 4280
1723 2890
8025 8147
2561 1927
5567 7680
5383 7301
9137 139
3358 4847
9027 656
3871 9601
8217 5410
3228 5570
5544 7866
3267 8951
5094 3072
9776 2681
9145 3249
2159 5067
8503 8333
4680 2917
6006 6168
791 7053
8560 8176
111 4670
8108 1822
1138 7294
7160 9384
1393 7394
4623 7086
6482 9601
1895 102
7308 1584
7218 7502
7469 1174
4244 3237
7092 6120
7296 1848
2683 9501
1840 6678
4724 8174
3360 2189
8761 8313
7972 9303
9229 6641
8360 3517
6327 6052
9011 797
3840 1351
3930 840
6005 5816
7492 4386
6459 6525
1138 2548
8592 6236
3787 9440
733 1449
5142 2471
7903 2466
5425 1293
3628 1058
436 7367
6464 4037
591 3463
9332 2657
2426 8200
9004 3038
1891 2776
1809 6172
7559 8427
1102 9395
6525 2633
9082 8909
8734 813
2482 1824
7969 6873
391 7168
2281 7876
6223 5155
6470 5168
6195 8334
4551 3540
4889 6974
4398 9086
4099 6996
5201 8548
8564 1912
2707 4083
9759 22
6580 6553
3252 4922
347 853
2961 9655
4744 8788
3789 405
7527 979
4867 1022
3107 7939
4904 5446
5883 8999
9534 2297
964 4654
9919 7749
7636 6649
3595 9673
6954 6808
7184 2845
3544 7978
6757 8217
5724 4539
6554 9641
6456 3149
8207 6337
2881 781
7167 1655
4651 8145
1675 5448
1424 4572
2487 6968
9882 2116
4844 6106
4431 5675
9908 6573
5191 3129
9491 9298
4288 4277
5518 5712
9307 6019
2964 7174
9353 7981
259 5404
9131 5166
6557 4227
7865 2447
9332 3314
2312 7694
2819 1751
5842 3638
3449 8137
7733 1231
3861 4288
4097 8484
6759 5289
3533 1737
9939 6933
8200 4072
4608 9260
2525 5017
9528 6543
8412 6268
9550 2083
3718 2073
2779 7148
54 6933
8012 9544
3687 5213
6547 8428
6023 998
8281 540
4169 4090
3439 183
816 2382
5581 3287
9216 3686
16 3353
1799 3472
3430 8081
2670 3039
2764 5067
8345 7151
2724 9625
2841 6150
3743 3021
6622 1017
1653 1527
8757 4310
293 1410
5364 4540
7782 4743
1293 496
59 7737
8627 1065
5652 3670
9563 8073
3389 4850
8613 1103
7457 6081
87 3396
4867 9667
1709 4157
2233 1080
3919 3132
7092 7938
3415 5593
3311 2601
9112 456
4823 4886
8494 5081
6829 9673
6716 3777
7291 1458
9286 2363
7620 6930
7497 500
8074 4690
8157 9624
7867 8748
8534 3285
9829 1342
7415 6668
181 1682
4265 9123
1648 9448
1075 6848
2226 810
856 5546
7081 1869
1722 7395
4312 7133
7086 7741
5702 7795
9436 9615
8389 6364
7000 6554
4014 9661
7287 7164
8580 496
7233 9279
7778 4204
3158 3254
5425 6394
8445 6208
6345 2540
2931 2085
6323 5052
7282 8828
4604 969
507 4768
1745 4737
5523 4492
8751 1321
5715 444
5659 2368
788 963
1872 1983
5409 5216
9467 1182
7977 9778
4026 4177
2313 8453
4782 1203
80 7132
9447 1113
5517 883
232 7612
9639 7149
5020 9339
3539 8152
492 5892
9123 5367
9287 3580
8267 2712
6603 153
3680 5375
4054 4156
7489 643
8426 1
8650 204
3837 3428
7351 9286
7683 4507
7836 4692
1466 2687
237 2552
4671 8201
4551 6288
1475 7469
7172 4167
5165 3
3397 4349
6878 9775
323 9692
5146 3730
1339 1034
9587 508
1614 722
3855 9017
4379 4580
4581 3741
9808 1891
5241 6965
4 2382
7507 1991
9533 4707
1000 4948
6632 198
108 9199
6367 5875
7247 8256
1552 528
8153 4557
3780 7695
2166 1894
9495 7361
1433 6119
1235 4
568 2906
378 1345
3935 1289
7616 6988
2215 1691
5284 3399
8281 6450
5084 8646
5104 2313
374 3271
7223 1465
2734 2300
8592 2562
526 2928
693 9572
38 1241
6056 5515
6772 6077
4384 6956
2184 7459
9586 6900
3441 9263
5741 7680
9214 141
6818 240
8775 116
9827 2260
7459 577
5379 2201
3548 4662
1321 2729
7983 9329
8132 6778
3825 5481
3882 3944
326 3607
4799 8632
3367 4036
480 8049
9048 8309
9923 7712
902 8203
4588 8641
6680 6334
4864 1628
46 8497
2475 2935
7959 8901
1595 6015
7000 8403
3999 7138
535 1675
5024 7445
8110 689
4549 1954
1147 808
3077 5960
8181 6443
5173 1258
6384 3364
2377 9119
2001 4298
3196 3055
8813 2539
6655 9250
7647 9904
2033 5982
4047 3407
2626 5152
4447 7238
3299 7246
3800 1258
4527 9397
8331 6821
4290 4752
6095 2056
6428 6554
6224 6898
8936 8098
158 4303
7010 8568
9364 1184
2149 6435
4183 5768
7569 5379
1725 6195
9170 6687
5350 8212
2714 1040
8800 6251
3476 7100
2551 4529
5638 5054
5033 4633
3474 8133
2830 5134
2559 4476
1781 8053
6996 229
135 4175
9603 3688
8582 7953
2775 8636
4778 2702
6721 7388
8172 6953
2609 1662
3375 3151
9473 9407
8108 23
5243 9486
4384 240
4355 7338
3382 511
6749 3466
8828 175
887 4123
71 3672
5394 916
2234 5627
1347 2683
6396 8969
5755 3051
1222 5082
6540 7102
4061 5301
1691 7805
3682 6523
6599 4934
5424 4988
2902 6535
4125 8067
8249 808
9546 9052
3299 135
9093 5792
2691 4306
4836 5640
1801 5066
215 6903
4017 3289
9088 7254
5921 8374
3157 6856
6488 2283
493 7710
9590 5016
9312 4037
8048 2766
1615 9826
785 5701
9882 6057
9718 3
1187 1414
5063 7549
7183 1321
9628 4439
3385 8859
2995 8658
289 3542
144 3330
4758 856
4133 765
3308 9839
9139 5672
9135 4319
7144 4321
5790 8780
6135 4225
9723 9918
4843 2975
7646 8913
1069 6145
6729 7320
181 5092
8452 7885
3787 7183
1599 3803
3189 957
6174 8301
3916 1449
4322 6100
2628 1083
4825 8149
4423 5508
574 1675
6599 2534
5615 9032
8615 2010
1091 478
626 643
726 93
5919 6767
5136 4442
7118 8587
2325 6547
8182 6970
6262 9938
1800 3590
1830 4514
8012 5640
8817 19
2021 4211
8719 5354
9838 6561
1333 3018
2610 5548
1292 6458
4294 84
6743 2328
3966 6360
8587 9491
1645 699
9133 6517
9149 8717
8731 8762
7613 8669
6900 5821
8093 3073
4390 3711
2867 6137
4675 5520
8257 4279
7670 5548
8841 9435
3861 2084
408 5645
5699 7855
4669 8686
8032 5910
3442 8546
1389 9224
5232 3564
6138 6020
2404 816
9206 5824
7222 6076
774 8255
4774 7761
5445 4994
8339 2098
9822 7013
9746 8240
3078 5254
1110 917
1856 3304
4183 4853
5820 8694
4069 6821
1530 9535
65 4860
9648 5808
3881 4530
6454 4519
4559 4564
6173 6998
6340 7873
1802 310
6369 4996
4068 2044
5599 6350
3790 9037
4293 2603
6726 5625
1834 556
4855 4297
2589 3680
736 6495
9735 2449
6793 1094
5903 5269
5527 231
2040 1570
3714 8344
4244 4776
5388 4393
2187 2897
3381 9119
9376 7276
5701 2965
927 5596
8823 1005
2662 7289
461 4721
8570 3795
3641 6170
9536 6549
4457 8176
4858 8171
1871 4805
2746 8156
5001 7968
8195 9601
2346 5653
602 5897
3099 9023
3872 5826
4823 5513
4786 3819
6207 8611
4884 4000
4325 8742
1552 4119
5357 4405
8237 4130
6033 204
3309 7625
5563 2931
3127 2947
4131 1291
8910 4692
6072 9859
4200 2885
5432 8281
4888 5387
7540 4680
3209 3780
5291 19
5207 2333
4789 5915
353 4207
6687 1926
1260 1987
9502 2949
1812 7297
2596 3517
2511 6605
7985 3821
4580 7215
9096 1138
5144 5552
6197 6921
7052 3215
2387 1980
6404 1161
9560 922
8147 3604
6517 684
517 9173
4414 4867
3114 5636
8717 330
8290 5935
9401 1496
9553 1622
4351 3494
6597 1265
6217 2319
9820 8586
9248 240
8757 3410
2880 4005
8269 217
1691 6533
3003 7238
4677 1024
2193 7088
5762 8141
2223 3714
5656 886
1592 9782
6846 2520
9301 934
8188 4689
6430 2183
2720 4779
7925 3831
9079 5277
6847 4590
93 1452
4581 5850
2977 9688
182 5372
8935 4252
7576 2798
8070 323
2609 3012
1599 2277
521 4534
2614 1088
4013 6605
4751 4170
255 4671
9041 8858
1005 8973
7344 7133
2736 7208
3996 7664
7129 3271
5466 4449
6405 4492
9971 3974
432 9019
5779 8158
5042 3440
4811 7045
8586 4440
9646 6780
9649 9681
669 9151
4655 7728
5572 6641
1384 5020
9069 213
3472 5580
9176 4383
1767 6402
2672 8866
2591 3084
400 5737
7447 6012
2701 438
4787 8228
4459 5650
5489 4976
3578 5027
1866 1536
5321 9745
1535 524
4189 4140
893 5691
7677 6175
8428 4256
9154 5585
7523 6031
7302 743
1424 4353
2457 6548
5832 6507
2790 5631
2199 6306
3759 2919
7935 7548
1519 1222
2847 9147
4562 9169
4595 2309
2511 3849
8914 1278
7833 3349
1529 1929
7944 4837
1315 5376
2315 5573
7417 198
2773 7935
1814 8947
8087 991
8141 472
1614 4611
6685 7526
2405 6599
7840 6012
3468 9866
560 3138
5732 9930
23 166
338 9709
5214 2525
5733 106
4130 1531
9072 9621
7474 6958
6943 6230
3193 1659
8395 4793
8444 4355
335 9703
8620 285
7548 4576
2861 2058
8214 1788
804 9248
2408 2365
7245 1076
541 9818
4778 2408
4601 5203
8449 9645
4269 4340
5127 7383
9191 3082
6153 456
9390 4012
9353 1470
4326 6702
7537 3977
706 4756
8224 6944
1526 320
4378 607
942 9473
5451 8355
2911 9211
1984 1012
2540 7097
3285 2839
6402 7704
7808 7938
9671 7556
2120 8985
6367 5470
653 8341
7278 7820
3694 8726
2435 5701
6291 41
7901 7608
9710 9870
1944 4242
4357 7728
2847 3964
5176 7904
536 6595
100 3189
8396 5828
8608 7099
9155 636
3883 2537
9084 9499
389 1104
5738 9798
2659 3818
9944 2942
8945 9996
2325 4026
3008 8884
6819 196
4874 2790
9788 7035
3413 2550
430 4753
1681 9242
1479 5801
6174 8840
7278 986
5745 9222
7514 1622
4143 4555
9500 912
7503 3177
265 9428
4950 6932
2489 6783
5845 1831
961 3904
5132 3026
3453 6185
2132 4142
2715 1249
1370 385
4664 7802
8660 2801
357 6739
2217 550
5105 7639
3325 977
8351 1755
6556 3040
4840 3269
3660 8169
964 9184
590 7843
3257 569
6263 8774
7520 480
8751 3313
1079 302
5913 3271
4945 8331
2928 2471
9215 5280
8577 4832
4397 3304
8444 2945
759 1046
7301 3680
7191 798
3012 7540
3056 8050
7889 2090
9502 4061
8420 134
2310 9752
5102 6372
4489 2348
9855 9536
6996 8874
6643 92
1793 4211
2865 8629
9434 1358
158 8436
2754 7484
4758 4102
6754 9315
9855 8184
7438 6096
7304 7523
5576 6513
188 5582
866 8282
3465 6761
634 173
5199 4702
7219 1492
9438 7128
3524 9294
267 9579
2000 5062
9260 1072
4929 5233
4344 7470
976 6051
338 4378
2935 7410
4471 5441
1164 5818
247 3753
5469 3065
5075 3789
2889 1640
5014 2864
9529 6878
7145 8196
9407 2017
9336 2287
7003 8229
7846 1876
488 7907
8374 761
932 4021
7888 1383
1129 4202
6323 8088
1487 1066
5120 2626
4560 9633
5700 2132
4636 7067
2812 4819
9599 9315
1970 3310
6124 1949
2195 8984
7276 8867
6721 8370
2880 1712
1373 7183
9371 3983
9208 5710
9821 8599
9713 8691
349 4185
1390 1749
2058 1985
466 3770
4374 9120
7539 3815
7142 4129
4958 9289
3395 709
1993 1510
8448 7193
348 2243
8362 2540
6052 8881
5943 9875
924 411
4421 9893
8615 5682
8084 4505
4965 4990
5292 5227
2141 4752
4833 400
528 9126
9457 4145
4119 149
1046 7553
3268 4555
9688 3517
6017 134
6734 5447
1245 8657
2135 9101
7554 2568
3528 1511
327 1439
4905 7065
9003 2936
4151 9275
2222 4154
8544 9597
1191 2726
2587 6640
8590 5612
2347 4600
5362 3170
6062 6911
3965 6241
6563 4419
8780 5014
171 7625
2059 5489
6786 1258
5811 6407
8274 8386
4312 3228
8612 2543
558 2958
5894 9595
7094 762
940 1663
6251 8371
1893 191
3834 5437
5017 9283
2707 7898
7374 8193
450 492
3296 84
2588 4374
9190 2728
1426 5211
9283 9876
4685 4678
4486 7243
7457 2321
2782 2967
5447 885
7107 9823
1448 8802
2487 7104
3142 2181
3061 8470
1091 1406
2645 4928
7084 7422
4461 2680
3299 7043
3695 7277
4013 2179
7542 3987
3870 4287
5932 3025
1721 6052
2009 215
5566 5946
2836 8290
4377 5812
415 5451
8801 8831
7524 3040
2606 5773
4076 3562
9315 5427
4480 4879
7632 9395
3893 8668
7520 6447
2579 2012
5428 4671
6129 2832
2849 6091
3592 9690
1438 5319
4380 6425
5225 6060
3780 6701
8409 7568
1027 275
8378 5570
6870 8776
9002 5444
1067 9784
7805 4913
1202 1673
9429 7596
2375 8854
7064 8817
8753 6911
3846 8012
3774 972
8177 8146
1048 8591
3815 8362
4218 5196
2998 1298
4657 7902
5711 1675
1338 2504
3036 4151
9255 7531
6431 8518
2700 9065
9406 3529
755 6409
9846 497
3451 2069
6695 2637
8935 9459
9623 522
8968 7384
8181 8212
7647 3336
7114 5736
3115 5482
738 6764
8811 5264
535 3101
1295 9190
8992 4151
5549 316
367 7471
3709 1840
1357 306
5927 879
2152 4099
1689 7467
4522 9422
1954 9551
4389 3284
8111 3252
5120 3390
422 7918
1638 7629
9473 4035
7832 6631
6528 5409
703 8320
8803 5760
9946 8485
2058 495
5536 1105
1242 5557
3591 7331
8495 3613
4567 1250
5971 9751
4512 5489
3117 4227
763 8016
2067 7578
8047 4744
1227 744
2074 7039
9226 7192
6001 5137
4043 8984
5361 4745
8273 9565
3329 4647
7785 5059
468 8979
102 1968
2560 3321
4711 9020
3898 2929
8451 6501
9937 3565
9384 4940
3912 5467
865 6935
8975 803
8015 8289
7981 4948
2638 5228
5347 5773
5642 1368
3787 6142
207 2459
658 6506
4453 6723
970 5193
8418 8647
1232 7998
4816 86
2461 3194
2947 8107
2518 5788
6903 212
30 1082
3139 6477
8257 3275
1201 5047
2519 4012
6713 4562
4271 4314
8847 9967
4846 149
8997 2231
6220 3990
1224 1485
9763 6801
7376 3498
7062 1957
8622 1506
5497 706
6932 9822
7630 3007
5567 644
3824 3172
455 9109
6697 7045
7647 8690
7661 6972
3744 726
1432 5404
7964 194
4336 9338
9909 5854
9437 6785
4683 1048
7001 9016
8295 4674
6086 3569
4946 9864
8256 1160
3813 2408
5270 183
9520 5799
4697 1105
3012 7530
3920 9081
6255 1523
4695 1588
6222 4506
3842 4131
8724 3091
4354 8795
5106 8922
1532 990
2509 9289
3533 1816
8962 9559
7600 3579
891 2647
9782 5168
4925 5646
4476 1233
9402 2384
2905 9163
2154 3417
3376 8707
1475 6293
3251 2270
1467 7684
6150 4348
2067 2713
5223 744
4296 7109
6431 8057
6661 5865
6569 3693
2873 4767
2003 8364
5302 7803
2812 8055
106 338
3537 723
4719 4714
2132 3285
5012 4836
824 3929
1115 3031
3011 111
8373 5447
115 4314
2922 1755
2968 8795
4384 1656
5159 1312
4913 8724
5390 4476
4014 7387
2753 2680
9858 8905
7066 7208
8421 1365
9825 2935
8925 6095
6784 5897
9674 8114
7056 1847
2573 5483
1678 3229
5699 8109
687 8918
8713 6083
3308 199
7489 8361
973 4254
4018 978
8195 9705
4351 3849
9359 1277
3478 268
7847 5250
3595 4242
8291 2359
6401 971
6716 2000
6731 590
9320 4218
6903 5022
2102 6643
75 2453
4033 5168
731 5885
4077 6342
6433 5244
3028 1834
5444 4653
6214 4897
127 3179
4281 3552
4521 3623
3205 933
7879 6488
6673 4666
9181 4243
8013 4475
8112 7569
1694 7763
1953 232
4472 429
1682 936
4145 7172
4458 5766
2612 6115
3973 5825
6328 4503
1910 6060
3849 5094
2465 2717
9155 1157
9555 9590
7941 553
9906 3373
4078 1100
6606 3107
4659 7213
4272 256
4988 17
7187 843
9494 8979
9471 9651
6220 1604
7010 1573
3829 3521
717 5157
3176 8393
6135 4092
8728 8163
6957 6823
4025 6660
7935 8971
6493 7441
901 734
8293 7553
4809 1198
443 4078
586 7622
6681 7319
5385 3071
2556 9846
411 1910
7392 7475
7791 176
9584 1709
7968 2497
7321 565
3152 4595
7743 1067
859 9960
8576 3795
6679 5990
1919 433
2191 1767
6214 6756
6535 6364
7964 8009
3479 5474
8672 8659
8706 8871
5117 6257
8329 9672
6918 9363
7667 6831
5354 3230
1807 9285
9121 4816
4676 3811
1869 6698
2296 3256
7948 6784
8490 1693
8324 251
6509 8615
4464 2827
5511 7595
3672 6952
8138 5647
7373 4641
6861 9155
9031 8985
9513 3556
4569 7094
5828 8058
7856 2252
810 9436
1698 6393
9362 3985
5423 605
8504 6033
427 3897
3315 5681
1363 2701
9299 4749
4392 9499
9013 1268
4006 3024
2846 6250
8256 2121
4137 3304
2121 9563
4975 3473
8102 2196
4661 9702
4422 7675
7395 2838
6432 4591
8643 9235
5203 6186
6393 4518
5730 4748
4940 657
2062 4658
1099 103
1202 3522
2274 9088
3006 6039
6360 2139
3872 5853
5627 7205
1715 6079
8174 9183
9006 6112
1835 8096
9749 9735
7125 9367
1421 6515
1312 3473
9867 5393
5276 4157
2240 8796
860 2620
8735 2137
6457 4877
3820 1747
2490 6338
6886 6856
6637 3781
1703 9343
7355 6475
4994 3633
393 8717
2546 5860
5772 5766
7926 3332
684 371
1129 8897
7252 7391
7871 3254
7594 6979
7001 5627
242 5026
1821 3142
104 2605
2312 2007
3056 5769
1869 8703
8037 2025
5867 7883
7965 2599
7603 5048
461 8612
5047 2266
8460 9518
9423 4968
2373 1193
322 6323
6868 4078
8922 4199
5170 9289
7055 291
2377 7193
8683 5265
101 704
5593 7804
2069 8935
646 7916
1762 7811
994 7386
708 1286
6128 5861
7668 5505
8262 8004
6139 7679
6107 2907
5078 4501
1961 984
867 997
6793 1389
1614 8266
3031 810
5517 9450
7200 6696
7807 8595
6770 912
5860 8943
2917 2728
5947 3226
328 9597
4903 1816
4484 165
7960 9614
6459 3802
6707 8915
6991 956
5887 4401
9250 9712
9544 2296
9454 1724
8552 7607
7135 6232
2101 9521
3271 5077
1392 4115
5254 7754
3165 1495
989 6836
1629 8447
5900 6126
9114 9639
848 5412
6974 5062
2627 8962
3299 4151
6137 5659
1902 4440
172 3602
330 8145
3627 3106
163 4395
1941 1669
219 4740
1677 442
4179 4264
2863 4969
2829 1296
6137 5186
7175 4698
9187 9207
6360 1955
1853 3166
160 4287
3264 8525
5819 6985
608 9416
4871 7900
6922 3043
8630 4032
1319 3172
5873 4385
7411 8300
8221 4648
3156 1122
7285 7578
5679 5920
7854 2043
2566 7320
5923 9065
7430 3541
2262 2251
8599 6605
5435 6672
1172 4059
7001 9950
5874 2971
5067 9741
1397 313
6916 6017
5410 8291
6069 4784
4527 377
6485 404
3192 664
9049 4314
3900 862
7296 732
3197 1816
8001 6889
3316 1145
8380 9728
3118 4904
2385 3835
1561 8349
9936 5232
2790 5266
9743 6367
6305 3038
5491 6415
4557 3731
3206 7679
956 7875
6805 6043
5046 8326
6269 8927
3230 9536
851 1440
2395 8553
2352 5804
6144 8036
3721 7321
5149 3517
9714 7777
8440 4768
4920 5109
6360 3369
176 6924
2504 1858
6934 9823
9592 6373
4824 8928
9003 8260
239 4586
8349 8393
833 9184
4839 5588
6605 798
4607 7952
9344 2967
2912 7012
3823 4873
4276 376
7220 7640
9160 2383
9803 4882
7784 1097
4462 6866
8535 1931
4306 8600
8183 3687
8118 6067
9594 3770
6394 3967
8227 466
4563 6018
1697 769
1374 9398
7453 6218
7025 168
9871 3434
6318 3653
6123 5531
5955 9163
2637 2934
5270 4686
8130 3397
3407 2592
3451 4055
3173 5999
1381 5224
9042 7632
6688 8712
5739 4278
9006 1599
9222 513
6213 1453
6486 9553
2269 6014
4210 1343
3359 1544
3325 8708
6603 262
9364 7313
5018 2311
9293 7744
5360 1048
9403 8839
7906 7960
1393 3492
1374 9813
4063 7468
3617 2329
814 5552
3184 1332
219 6540
5281 2213
6856 6391
2306 8651
6848 4361
8575 8610
4381 7835
9879 7266
4292 5943
7149 8179
6884 5824
692 1100
5713 5079
9805 2241
9479 2524
5130 7377
877 6512
7935 6848
2944 155
7908 2843
1371 9947
136 66
7772 3862
8985 9169
9560 8508
1876 8346
8908 2145
6359 6020
3336 145
7332 1368
9565 2434
7005 1239
9019 900
6761 4660
3288 5882
4551 8620
3904 2378
2274 5073
9885 8217
3124 9581
8012 2305
522 1103
6839 1004
6625 4703
2058 5703
5923 6075
8861 4056
8082 1675
5641 397
9862 9602
6778 9203
76 9934
4817 6676
626 5374
8155 5611
3357 7108
1455 9691
6117 3507
2969 4259
6565 8488
6671 422
1172 2635
8879 7685
3955 4024
7282 7660
6584 7142
2540 4932
3224 6316
6866 9477
7287 7290
3543 9718
9274 4867
1732 4855
4854 8965
5161 4475
6755 3126
9098 33
874 3992
3768 9715
9217 3516
4020 7408
6971 448
9931 9016
186 5558
2524 7940
2941 8367
5683 6014
6988 7664
563 884
9757 7053
8041 9792
7915 1873
8945 707
4569 3721
1848 4441
9547 8097
5114 4692
2898 9147
2916 9335
1146 5695
450 7780
4552 1208
4600 9079
4687 8771
2906 2345
9909 8862
4026 5777
9121 8450
9568 1028
133 167
3876 5401
8370 1248
6158 8864
9264 6494
9623 9547
7796 3743
7028 8305
2754 9448
6680 494
1506 1448
8473 6868
4836 674
3919 5859
3525 1581
1385 1056
5129 4455
4390 5622
575 4481
4055 7192
1715 401
662 472
6361 3315
6664 2466
602 4179
5178 8826
7034 1184
4383 8689
4280 5973
2335 7038
8763 3392
5863 8296
1367 3254
8378 68
4138 3863
6091 698
6092 1439
6635 3232
6180 9768
4367 3281
2032 9653
1966 9074
4285 2243
1561 3688
744 8731
8285 4652
1961 276
528 4990
714 7258
988 8092
3851 3510
4828 9266
3523 8968
7945 8928
4802 4385
5981 622
3640 3680
1006 6255
4818 2042
6775 3256
2494 2456
9243 5081
7552 2242
3370 6494
8703 1715
7481 1441
2900 5976
9962 2788
8095 1424
7300 1571
6663 6250
3440 3012
366 8300
1473 4203
1691 7984
6461 1218
1671 3983
6457 2351
2294 6297
3774 1980
3767 990
6850 7778
6378 9468
112 1137
9960 6450
7744 6195
8166 563
5179 9486
5847 8864
2927 1502
1467 5858
2806 560
2113 8345
9801 4591
2938 9549
8257 6604
1176 9186
701 7958
2987 8634
2768 8153
1860 4228
4488 7826
7825 9872
8890 9476
3629 1431
4801 6138
9612 5841
8985 8624
9990 5070
1662 3920
9509 9989
5279 2976
6388 9355
232 784
1173 4613
6736 9379
4402 8187
5542 2549
9775 5160
5575 1927
9185 6349
2632 7404
7449 4935
1042 5082
9234 121
424 4839
8321 6348
6333 165
1825 4532
4857 3543
8009 2142
2113 2588
7143 1422
6019 2748
5019 9536
2749 3472
2677 4499
4294 4605
1380 4908
6805 2605
9055 5065
6296 6695
3471 8887
8165 3156
2392 2428
6143 6059
1046 806
3607 3002
5080 8157
4845 1600
2471 4702
8009 3082
4832 1801
5975 9283
5941 8145
3067 919
3339 7435
9562 2621
446 7903
3115 5357
258 6404
7966 6087
910 4099
9743 6952
1068 4960
6770 5035
3818 5025
2892 9762
4383 8374
1905 8315
118 2624
7146 1186
3101 8268
8632 9716
573 3636
3564 7216
8904 9024
110 5505
547 7952
1272 5099
9129 3020
4566 279
359 970
1013 8127
2611 6889
916 6544
1651 4124
6373 5151
7055 3641
437 5712
9156 9455
2604 7860
9427 4022
1037 5357
5293 816
9890 4806
3963 1208
4260 6979
9127 6614
1222 3003
8851 656
7361 1008
5356 3042
4299 8969
9614 5559
55 5714
6586 1587
5311 7320
9258 7725
809 6440
4094 453
1176 2077
2249 7109
6760 6062
9654 4610
3186 2370
4921 3499
7915 1293
2737 9164
4346 8620
59 9334
6017 5063
3333 5379
8468 1411
1730 6660
216 8300
6059 5370
3819 4305
6668 5421
5895 1314
4863 1525
7281 6808
1402 7731
9029 6103
7826 9320
3971 1058
4789 1616
2215 5140
3993 8810
5153 8529
2277 5318
8545 7196
7212 4069
5457 8088
1643 1171
8702 2371
441 5095
8905 8620
7194 3426
5274 3175
2879 1373
907 8927
7759 1099
947 7233
9733 9625
1438 6456
932 7438
386 2864
7496 1858
8125 1669
3537 9196
1337 4262
7925 7496
4984 8953
2758 7803
6628 7361
2751 320
16 2465
3568 8531
5522 3808
4076 2148
87 1532
1217 3101
9695 7239
1037 1094
8034 9128
2584 8588
2752 9061
1541 1627
9074 9338
6120 634
9730 8400
8290 970
907 8736
6966 1575
4871 4089
9004 6016
2788 9713
5908 1761
5644 3889
2607 890
9391 740
2564 7963
7038 5145
4050 7033
2479 1156
369 1082
9313 5059
5228 9945
483 3528
7092 9411
6440 5901
5505 3367
690 7101
2622 4147
6940 605
9169 1839
1073 2674
4799 1498
1727 4460
102 1335
3554 4083
8653 1825
4068 9417
7017 613
3938 3037
142 342
5739 5033
6937 3204
4961 509
3741 7076
7087 2678
403 4563
2347 1812
7706 3831
9870 9343
6247 7670
1065 7563
6438 2581
4988 3450
526 9043
4906 8742
8714 5616
4072 6827
2354 3595
208 1264
4651 6161
6163 2771
4663 496
5670 7986
8440 3908
8880 918
3526 9566
3708 4102
3773 692
1364 5885
8576 3487
8626 4685
2671 5972
3984 4015
7392 3285
7245 4727
3762 5083
5898 2452
3101 7402
3702 2921
7134 6370
4871 3978
5198 9413
9091 8930
1253 1347
8126 6918
3138 3242
6263 8707
3440 453
8650 1230
2255 5687
4596 3032
4918 6769
2619 5920
2835 3535
6923 3931
6651 363
443 9288
5504 4415
3448 8728
8037 4482
627 6831
1634 7846
2012 5427
2621 5664
7021 6000
1961 6891
2259 6258
6162 2063
6938 8615
9220 3146
7882 4517
5369 7438
456 2865
5073 7909
174 773
9648 1794
9623 1584
9174 3164
2029 4286
9390 5349
1630 8019
4614 7405
2493 6891
9871 3812
1278 7069
8009 3587
2047 3878
1712 2673
1772 893
8582 6990
8121 4444
5275 5084
9111 3420
2689 1702
5400 541
6611 5525
3434 5678
5539 8198
9496 3241
8925 566
3631 8414
3660 3483
2672 189
5201 9114
841 6558
805 3613
1965 2729
4321 7847
9591 682
6859 1029
6251 9011
1694 1629
1330 2982
1606 66
4230 6354
3216 3758
5049 33
4104 2728
8804 4073
1681 6765
1533 2964
801 9501
4988 8811
3843 9070
7827 7175
3648 6914
3361 1084
6107 7159
6559 399
1688 7280
126 8716
9836 9920
5228 9876
7485 4317
737 277
1875 9569
1147 6297
4903 383
2626 355
811 6630
1225 366
489 6478
728 35
6580 2481
4093 5835
8131 3845
6115 4757
9931 9391
9466 7945
8039 7707
1302 1692
5692 4494
1967 5393
531 7982
2759 3308
3929 7032
1086 8865
9530 676
9958 3
6938 6645
1071 684
9185 4452
3543 5084
5838 8713
4965 4655
1350 1646
341 8248
8760 1462
8223 8521
6889 6794
8802 1755
8045 1169
6715 3968
6192 575
3989 2807
5308 6987
9563 9540
5471 327
8627 9567
7766 7437
2330 5513
5309 6645
5162 5732
147 2851
4111 9316
8914 8562
8028 4571
1582 4076
1181 6808
7574 8308
9856 6866
1485 2691
1585 8015
6057 9528
4928 2729
2608 6454
891 6349
4187 9282
9330 9540
9365 3781
9852 4294
3325 2566
6884 9082
8416 4926
8634 4351
5557 878
7725 2422
716 1419
8191 3119
2037 3223
1400 8892
6300 1428
456 9563
5484 9112
8747 7346
7931 8821
7049 4414
2958 7021
1954 5431
6991 4131
3815 8806
7425 1626
3169 9626
219 3693
1610 4156
8687 5193
5120 8350
9840 6067
218 1848
9672 7600
7093 1169
9364 9513
1631 1501
7204 6719
5271 7351
3833 5809
7744 1723
5660 744
5586 7019
4094 3542
5605 1413
9193 6580
2720 4605
1465 2275
7748 9511
7156 4096
241 3654
765 5542
6723 1533
3388 8680
5297 8812
2202 7093
2495 2113
6872 3664
3323 383
8031 6558
1425 7416
2226 5214
9014 3537
4435 952
2545 1244
9512 2492
3298 7852
8686 3941
4236 2355
9498 7740
7187 7635
6992 6977
7484 7257
8144 5562
7192 9872
6793 8944
7682 4943
1366 7540
5634 3125
8543 6629
8222 4020
5309 2992
9680 8420
1972 3791
7102 4238
9612 8719
6437 3258
8229 4136
6224 3441
5691 1084
2265 6545
1564 2076
717 5349
6569 104
741 7405
8539 7290
9079 5523
1739 2259
409 7207
7085 5437
2747 2152
2198 8074
4570 2010
2478 3350
1650 8429
4500 5410
5100 78
1161 8071
6171 6369
5411 3939
6517 2114
2636 4288
3517 5737
682 3739
7805 9380
8312 9917
3798 5209
951 2865
3178 6523
2220 498
3273 1183
223 4948
2897 7660
1006 1377
8966 2377
2879 7101
235 1702
8911 503
3565 795
3359 7866
3415 1644
7541 7177
2089 2022
5935 7412
4137 8742
6669 56
2954 7096
3993 7132
9709 1352
2445 577
2158 4641
2310 9048
9257 5013
927 4929
7899 857
9005 9640
5433 2013
6892 601
2109 4260
5120 6241
2168 3922
8257 2464
9104 5805
9895 5665
2441 9358
1343 1809
2905 7146
7069 8021
7796 9035
772 3334
3688 4723
6219 1573
797 4066
1622 1842
8675 9886
9658 521
7475 1917
9315 4784
7566 3241
4153 9118
9511 536
9588 418
1644 4035
7877 8970
257 5453
6563 941
7993 7526
5963 2907
1305 472
9713 7195
1589 631
5271 2404
8990 1359
4608 9790
5373 1686
9356 3983
1959 2350
8670 9766
4558 891
7343 4206
3957 6293
8772 8197
2420 7876
6466 361
6828 6956
5657 565
7653 9306
7291 7959
9731 4360
1939 9708
4311 5721
2581 5176
4422 1867
7682 8247
4840 5007
8685 7452
6937 4228
9755 9111
7622 8095
1128 4472
692 6681
9476 7266
3973 7969
7168 4237
9217 610
6056 6544
4236 8767
1905 1486
4006 7120
6421 9289
7081 9322
5309 1325
9114 2629
7187 3425
4705 404
4713 4007
8410 1621
6870 9616
2739 2513
2749 961
6052 9794
4351 2634
7105 7461
4677 6416
5831 471
6299 9366
3029 4406
2150 8162
4563 8197
526 5295
7461 339
2828 4307
5375 3364
8104 3107
26 9638
9420 9574
94 8604
5991 6011
8616 9345
1911 1998
7849 6564
3540 9706
7170 8397
3810 854
8575 4418
4675 7032
4955 1524
9591 9922
9524 1870
4151 2053
2012 5804
2193 7959
1239 3727
7824 9779
8110 3015
9179 6656
9384 4147
3750 4596
8970 1844
3699 5500
9520 3406
4142 3091
9694 7100
6433 1999
2716 9421
5225 6451
8603 3725
1180 281
2874 6254
4190 5646
3593 8579
732 7519
5974 9615
4922 9454
758 3383
5988 2221
7062 9340
3345 1633
3569 8059
1803 7022
8319 4080
999 1161
9600 2031
5355 7229
6294 7796
3862 4728
7401 5811
2467 8583
3146 4595
4422 4967
6099 2321
7377 8663
6190 4784
4416 3131
8730 9300
699 8946
3609 6514
3841 8806
9749 7222
420 8826
4617 1326
3804 7249
2627 5940
116 2896
7616 166
5518 4547
3693 9147
5387 6868
4552 2395
8305 1174
7797 993
5987 1454
5614 4692
9778 2864
4556 9119
3672 4090
5688 9018
6915 6348
8298 3901
1346 3272
6666 147
2306 5618
743 147
1445 4756
7108 835
8907 2069
2868 4760
7930 5555
3496 5984
9912 4461
105 4594
1025 4717
8767 6677
7858 7418
4940 1500
1768 5743
3248 1841
4891 5285
4357 803
3543 7585
7142 2440
1444 6338
7066 5785
781 6688
5885 7462
3634 8620
9230 4995
6291 797
3029 2272
6366 9190
3781 4348
5474 1088
3306 3420
1101 4035
9779 5049
8803 6327
4646 1822
