placement model: 1slider
width: 10
height: 10
number of points: 1000
779 1777
2008 4938
2870 7529
775 6204
4700 271
2047 3712
644 6231
1254 11
3221 7378
354 3375
3215 3487
4858 6907
1708 5536
7017 2905
873 9575
7898 9155
6977 223
8410 8724
3497 9755
3880 9639
1480 3330
777 5843
3588 8432
5366 4394
1447 3989
7859 9694
3137 9248
4824 3882
4821 191
1863 8778
4399 5062
2779 3482
693 9686
7076 4581
6506 3797
7185 2381
3861 814
7992 6860
3150 7800
1070 7419
1484 8082
3834 652
3393 5995
1312 1188
9353 1485
6548 4897
4207 1409
7591 318
5172 8151
6314 8866
5490 3669
8574 5177
3087 9606
9771 6284
6774 8792
7822 8540
2450 7513
5892 9080
6200 6016
9088 7890
3337 8870
7817 3807
7157 6744
854 6005
748 4179
1885 350
1255 4906
1417 4971
9758 2984
8607 5966
7253 5734
7305 4278
4378 4755
6110 4353
7456 7731
8637 9841
4795 7053
3048 1933
2999 382
6696 9324
7793 2694
8409 9513
7537 6654
7360 6816
8837 8480
8043 6166
6769 9829
7109 9326
2295 8333
4126 8830
5651 1571
3514 6737
2890 3145
584 4694
9904 9011
3291 7692
4499 8558
9890 6931
8199 8114
1074 5418
8368 1496
2848 596
9437 2788
2539 8461
85 1087
9686 8250
8298 606
3648 177
537 2907
8270 5047
7108 5268
433 5165
8468 1667
7489 1760
753 1969
8611 3065
5819 9850
3212 9717
8535 6375
4863 445
5257 3070
8942 5607
5118 9213
4411 4012
1025 8230
1391 9124
8214 3280
9869 6641
9784 1829
9033 4027
9467 5419
5017 4535
496 5227
5402 5014
9302 3860
4588 4005
9918 262
5497 8120
6186 4115
1762 4263
6768 1976
8318 4891
843 5345
7704 6904
8392 5313
6253 6196
4683 8700
8548 1760
5743 6091
725 656
3153 2950
9810 4743
4844 7804
1663 2575
8282 155
48 5521
6913 5094
1100 9952
845 534
222 910
3725 5588
1768 4552
6349 7750
9576 6538
4864 285
6593 5312
5466 9780
6649 3338
8680 5449
2696 4013
9681 5538
7958 9866
9438 280
1244 4381
8874 6160
6999 8089
2689 5925
6997 5843
9399 7361
1628 5327
5280 2112
6007 4532
8175 9314
6972 3551
4704 382
1938 3386
8987 8390
3736 5635
5901 6366
3188 5784
9915 3917
4551 2397
3624 7462
2847 1610
7076 8746
5227 5919
7957 3224
3617 6765
1655 744
4085 2515
5022 9635
7192 9244
5470 7636
3296 1723
172 1309
7857 9369
9850 2484
1909 4995
3781 6118
2353 9185
9793 989
5680 1548
4179 4184
7535 3901
3320 8511
5821 9732
1876 9828
5477 4888
9167 1757
6726 4308
1750 6368
8262 1274
1029 949
1297 5043
7898 7403
2687 8318
8033 6269
7506 6776
1788 4860
3169 357
1165 2282
9233 7484
297 1145
7543 8510
8803 6125
5818 9682
1510 3076
3882 1637
2289 8541
368 8765
8455 6859
7601 1886
2829 3533
33 2223
581 9633
7090 6615
9413 6371
2410 6863
9806 521
1708 2068
8855 9147
8517 9411
1176 4417
4622 4409
3772 5333
3088 1835
9233 8166
2386 7187
405 3399
8254 5348
5913 3335
532 6373
9804 1466
5428 5209
3633 7184
1263 7089
2053 8028
1834 9322
5938 3502
7044 2348
3651 2210
3485 1515
832 7471
4788 6137
4169 1030
5955 18
9472 178
1402 9078
5843 4172
1655 652
4961 7548
5150 102
4865 580
9375 6145
8940 4088
5490 9079
1847 1696
2695 8050
2626 6134
1498 5272
9575 4428
7091 1773
1663 3234
4434 5592
2040 5842
2353 1749
300 6240
3841 8054
4923 8155
1051 1027
2982 6396
8171 2756
4195 5761
7166 4079
4139 8764
2947 5220
5914 6391
7843 9592
3921 8843
7636 6588
3304 3994
2534 8785
317 1407
2616 9598
8805 1493
677 3987
8595 4938
3741 9873
9228 4754
3408 9050
767 439
6394 6286
2569 1110
2063 387
4283 2259
9951 5348
8022 4201
5308 6053
127 4750
917 402
2357 8890
3460 1659
4527 3214
9394 1993
7422 913
9028 3466
4624 7024
1312 6773
3793 8090
7741 2182
7455 1793
7280 7274
8160 3620
3132 6287
2247 2194
7448 3810
9494 1509
3124 817
705 646
9056 1256
9134 8869
4844 1334
4721 6370
419 8521
5799 7390
585 9102
8425 9595
9630 2050
2559 3755
8652 1212
2660 5203
5861 2485
9296 48
4496 3003
5722 6138
1806 5512
5900 1467
8342 5394
7783 9158
4408 2775
3445 1431
6085 5326
1095 1074
4004 4473
5614 609
8368 5114
3732 8440
295 3853
3030 9104
2734 8432
5307 5807
8654 7368
6882 5196
6487 4477
3242 3734
1935 5877
4708 8245
2428 3286
9835 3088
7379 4607
8516 5908
6680 5088
276 1895
2442 4757
6686 7039
2719 2106
4784 1887
2296 6115
7639 9649
9963 5619
9009 9071
5939 5644
8045 5308
5803 6516
671 8718
424 5040
8824 3898
1212 9297
7452 7999
456 4491
3753 3499
5610 3981
2746 7313
3321 1566
5209 3393
4907 1458
7461 2868
8009 9818
4375 5305
4737 8556
682 3470
2567 3148
5858 5318
7001 5440
2874 5167
4459 5712
2408 7745
687 4070
2047 5286
8913 1518
1678 7145
9016 2427
1589 8366
8814 7823
4825 4302
937 7068
5324 5800
8779 2358
8822 7153
9030 1561
297 4342
3566 2463
1554 9467
3672 2070
2629 2605
4727 1562
907 7707
7057 7123
8737 4601
4950 1489
8834 121
3592 4880
8294 7522
8174 140
7357 960
8640 1826
582 5381
3450 2662
8051 3079
367 7613
6887 7253
8893 6993
2460 7097
9202 4098
9335 4059
8039 4005
9755 7817
4498 6144
8316 9649
8214 7205
2754 2967
4401 6513
7109 8365
5769 4951
724 9394
9590 6604
6211 8375
237 9692
5301 1211
8643 2991
7165 6910
4821 6505
7429 1886
8604 8050
615 653
9497 7468
745 2926
7649 4398
4344 9747
5217 7051
7335 8608
5266 2922
8762 7954
3382 4878
4131 3161
7366 1263
982 7890
5208 4785
8145 2497
2348 2868
3239 6674
1269 1520
3526 4313
8084 1459
1673 6068
973 8343
8403 6378
940 4991
1774 5074
5556 683
1149 8649
1552 4442
1559 4978
2551 3948
1708 8278
4059 2775
4754 4306
8736 2491
95 7008
9499 3036
2083 1421
3054 8856
3023 1765
9575 9670
6764 6872
3936 1639
4460 9587
4120 7832
7864 7925
5685 7122
3831 3215
4622 9969
4192 6941
1015 4181
202 9889
9902 270
4641 2007
5740 4811
7787 8884
1371 3468
943 7984
6920 2503
8538 2115
5765 9256
1208 6711
726 2377
2826 6455
8067 4065
5567 2558
6450 1855
6726 1571
3037 699
6131 5693
130 1130
8301 9524
2738 820
2588 5352
6478 6879
8111 5658
3895 4885
4248 8535
3808 4113
4251 6887
620 55
4186 922
9005 154
8829 8735
3400 3178
8633 3125
7670 6097
2425 2036
9777 902
3977 2454
7814 9301
4793 9052
2400 7587
7700 6818
9774 5616
6931 2798
1957 5817
1126 6523
4820 2214
4796 9710
1947 2919
7141 7337
1724 7930
6253 7903
5581 7025
531 8047
3308 6051
7047 4585
217 1562
6118 5327
1763 7878
2248 7786
6313 3420
3215 7918
2246 4279
150 4174
2334 4384
1837 4287
8950 3409
2411 2066
3465 9689
3935 9161
9446 7735
4413 7771
1714 7489
7269 1882
6750 23
392 8678
548 5515
2140 6254
7178 3317
5284 7218
2746 2353
5337 8697
8317 1137
3864 4346
1539 6187
2760 4123
2752 5976
3545 7940
3960 7632
1488 2575
5905 1920
1451 3614
5233 8720
1827 9090
9194 2059
6499 1749
9106 9899
4039 9328
6610 2299
3933 8584
9716 2790
8659 5359
5701 1906
6861 7011
3440 7400
3428 6307
1141 6080
5925 2589
3932 804
3988 1239
167 8421
9832 3482
4254 4358
7400 395
1834 9874
6069 9902
7488 1854
3937 8274
7702 5330
3194 555
5051 9799
5803 6796
385 9666
7322 3793
8386 717
6743 8720
3411 1882
6594 8892
1991 956
3293 1625
7730 8934
339 1238
540 3150
7163 959
2021 7327
2050 5727
1896 1429
9983 200
8490 3279
8016 2434
6996 6563
5420 2221
3204 3869
3171 5276
7739 7366
3588 4995
8576 1062
238 2782
4813 5502
1005 7570
7294 143
4398 6063
2359 9924
1700 7886
3870 165
516 3069
5453 1572
940 6853
3322 3
9323 1985
7585 6342
1232 233
5198 4701
5257 1361
8475 4631
2447 9771
380 4403
7529 1059
6931 4408
2264 3382
269 7712
802 5388
344 3126
3000 1035
9769 9750
1923 9700
4160 4213
4769 4085
2613 3201
6892 6418
8101 2944
15 8917
3855 8314
9165 2868
7670 7273
4093 7922
3474 4883
6326 2489
1035 8104
3521 7586
8750 1664
6973 8952
6500 3181
3618 1670
1876 5696
7146 561
3595 2617
3317 8004
8040 1284
5251 4600
233 767
8668 8901
4159 5263
6484 4071
7302 5461
1653 8256
8249 2401
6688 5432
7823 4125
6655 3042
7899 4213
8202 4261
4287 1423
8607 4540
6728 415
8084 2001
1591 3172
5599 449
2 4865
40 3529
2756 3785
6033 5564
7156 220
1418 4122
9161 6292
9291 8225
4715 5003
3429 6271
4258 1297
5728 1713
6638 5349
9514 4975
4999 3588
8831 9126
29 1307
6687 6900
9534 1480
2805 3001
474 2488
1717 6101
9460 4624
655 3736
1498 7897
5054 9832
7883 1785
474 5647
7289 2780
8978 5786
5330 5506
3491 3416
2662 4224
6244 4320
3078 1810
5600 8248
7205 8343
4502 6047
6322 6489
2728 2076
7125 1011
7256 3122
8435 6357
2584 6880
8508 503
2220 364
3324 7310
3418 6546
4991 9725
5276 3379
2335 6854
8418 5970
8969 3645
7405 6079
7854 5752
4676 5500
277 8321
7260 1973
3979 8815
3019 5920
3220 6208
5359 3090
4825 9025
4461 9817
1245 152
1244 6884
160 8403
8431 9422
4073 4575
5170 7402
1097 7732
3499 2161
6830 9945
1376 9889
2879 3832
7222 9369
123 1340
8205 7869
202 4112
8626 3587
5323 6
2986 6268
5034 1295
5433 9450
3890 6071
106 4739
4690 758
1178 7034
3879 4025
6354 1195
1354 1625
7009 5627
6227 7375
3218 6910
6226 804
5184 1028
7805 2722
5290 7222
6857 9104
2816 9718
104 9232
1088 2825
3378 8741
4312 2817
8616 7917
9662 4865
4937 1346
5435 177
7118 1488
6414 6379
1389 3627
735 3804
5511 6673
4060 2165
461 4710
6029 7364
1869 106
2288 1982
5368 3108
8034 6005
42 8100
9049 6401
5860 3932
7217 5346
5304 458
7607 8137
6560 653
1107 8093
7207 7919
1810 5764
849 3733
8177 4614
9192 4545
4380 1413
8249 8418
447 7313
3421 5134
543 924
3399 5284
5013 7544
872 5244
7004 6112
3776 4820
498 5285
8401 3317
2473 1401
7622 8714
467 8522
5556 7408
9958 6518
4108 3386
2952 8641
96 7039
9435 7780
5201 2370
6901 1676
8025 175
6620 8004
2862 4127
8671 6720
6470 2936
1380 9945
4011 7603
7940 8468
6826 975
8758 7512
5145 2630
7124 1785
1857 3699
1694 7363
9649 6868
5206 2370
9820 6927
9176 8908
8371 9238
4268 6416
1152 7191
5352 5916
9069 7063
4231 3518
2431 3038
4580 377
6160 431
746 4069
445 2316
5654 2411
6695 5534
6057 9154
2 8495
4823 9641
6221 4255
1376 5910
2751 39
6027 4178
281 3858
6709 7698
1302 929
9444 9016
3603 2327
8767 8682
7946 8584
8362 5089
1312 474
106 9750
5476 4087
9277 5807
7899 2803
5538 9860
5325 6665
5886 3567
325 1051
4625 4565
776 6180
3780 602
7133 356
6214 6595
371 847
2785 7072
9957 7488
1083 551
767 8256
487 9537
389 1626
6976 4855
8163 7093
3836 7311
1044 2402
878 6340
912 5365
8841 5677
6842 1583
2314 2925
7382 9795
7953 8302
9951 9401
6310 4719
496 8877
3006 8237
5122 3358
2005 5883
6165 1252
382 8620
9653 9947
1540 5450
1923 8254
4202 8063
2749 2082
