placement model: 1slider
width: 10
height: 10
number of points: 2000
6633 7895
3727 4897
9423 1207
3720 2552
2210 569
2091 3560
1611 8900
5878 4104
1300 1624
4983 9770
675 2256
4107 3654
3156 4551
8276 1385
8623 4582
3765 3279
8030 4635
2387 6625
9081 8
9155 3381
3021 1281
8856 7371
4823 7812
5930 7911
8771 592
6176 569
2468 7217
1779 1682
4041 1517
4106 8004
4597 4971
3789 1962
3783 5287
562 14
3549 7938
4807 7243
1280 5690
5346 8790
4564 3158
2838 3578
1901 4280
9117 14
686 5908
4154 9933
3008 9538
3709 6973
9180 1662
6688 9471
4749 5713
5249 1555
4137 227
657 3296
9113 8309
5602 7483
4282 215
7769 3681
6871 631
4483 3665
6869 1026
3326 9773
3791 5135
5505 4125
679 2117
547 4908
6364 8886
4160 4110
1189 72
1166 4509
1105 7720
8796 7948
8667 6702
2992 7279
4326 1198
2765 2081
6021 868
1561 4625
556 8628
6212 5712
3778 6794
4585 8648
163 993
6101 7537
2278 9060
9212 9836
6062 5570
7456 9460
6375 9279
7288 8144
1306 6307
9404 4703
2853 6774
9945 9218
3041 5151
9703 3445
8862 9602
5294 8162
1506 1118
1576 4782
7380 1574
8288 314
7449 8950
5540 5382
418 6388
3013 8289
3299 1972
2405 8772
1870 540
2121 7478
9492 6213
8016 7074
1411 7218
6592 6643
602 1937
2002 6804
9087 5990
8085 2761
8506 9490
8069 1713
4784 981
2289 4211
986 369
7084 2695
9647 4678
3493 7025
1709 7417
7231 9555
5767 8548
7586 3950
9682 572
8401 4741
4549 5953
59 3637
1399 5418
9827 1576
8812 5712
4141 3657
5856 4011
9139 4683
7609 6200
789 7249
6441 9663
4437 797
9626 689
5144 1351
2083 4912
4725 5918
1613 4013
8130 7522
7160 5795
8158 4523
9459 9131
100 1133
9180 9515
7251 7736
1686 1350
1325 3513
5577 3926
2934 9847
3594 6340
2841 5889
3133 6240
7338 1106
8051 5378
9714 3352
3638 8454
321 1878
2289 7415
36 2362
8346 6914
5306 9790
5427 9299
2613 3305
2104 4340
8605 5435
7613 4335
3916 9998
2759 6224
3178 7135
8849 9373
7992 8514
8332 4210
1638 120
4418 978
4797 8254
2310 6702
5546 176
471 5982
9477 324
2537 4722
5674 4862
9714 8380
2279 2355
5372 1994
8886 282
3415 8334
1344 9112
4295 4876
1516 7260
9258 8237
5653 5780
158 7639
3063 454
6181 7510
6447 9105
1839 3968
7120 5183
154 5199
9025 4783
2903 297
1041 2836
3574 1468
9122 318
1253 5802
5836 2524
7143 3992
1866 7520
61 8384
162 889
6661 6008
3218 992
7758 9137
3229 7942
4925 8533
9304 1045
5626 1573
5439 1914
1011 4374
780 3875
8383 6887
4423 7513
5363 4467
7937 1721
9629 6197
683 2424
8674 5145
8599 8594
23 718
4656 4035
464 918
4797 7222
9223 5450
7938 7156
6737 2179
9352 2375
4633 6530
3373 2398
1017 2709
6466 255
5352 9146
5067 8246
9704 2119
4698 7927
4726 1322
194 283
6018 2167
5881 6512
474 7584
6039 2650
9405 8110
8765 1121
7405 8717
8624 8611
9438 6189
7467 1178
2391 7971
8988 1882
9483 2562
8739 198
1438 2107
1676 4579
565 367
604 8251
6997 218
2162 4782
369 3660
6143 6818
6011 3971
1456 579
3192 5150
92 8108
3494 4906
1241 4222
6523 4523
3576 2882
5184 4369
1848 5205
1457 9706
6977 1658
3171 8322
3466 9781
6839 3369
5319 887
7533 8370
8646 4007
5232 7116
6955 5154
8462 4324
359 5292
4756 8007
7949 9002
9843 7938
2435 2815
1669 4566
5491 1332
9007 7134
1164 4694
5690 6650
9107 5569
1474 1002
1683 5729
8251 2833
7797 7391
5734 1999
2503 7438
3044 9852
203 1734
3320 8530
4269 3452
4963 1366
1071 7972
7932 4223
7737 4237
9085 8042
2192 9778
8735 3714
5068 7884
7933 937
5409 3468
7102 1934
666 36
8666 9838
1985 2992
563 3553
7340 6085
763 805
8821 1873
2406 8698
795 614
3136 6332
3125 2013
9961 1532
5556 399
2325 9933
7227 2181
5643 2965
9128 6359
4755 1999
2959 505
4411 5984
1752 5287
7081 8115
6249 5262
8717 3843
9506 5646
8414 6835
5943 359
1093 7969
5495 8684
6807 6468
4713 8627
1931 3319
8031 2614
3898 8198
3796 9024
8857 7378
798 5153
8771 116
6937 2396
9961 257
7553 6901
3563 9331
2534 8552
8121 7174
9687 8828
7356 4484
511 4016
2421 3453
370 1430
4817 9944
2467 9884
7676 6967
7418 2389
8408 2106
6937 1896
4156 5456
103 2027
3227 6535
3365 1092
2286 3441
5206 6335
5855 6341
2260 4505
1642 5977
1963 7876
1271 9393
4424 5182
8131 1715
7980 4758
383 5202
1583 4924
1653 3380
8111 29
1292 206
8250 1818
7234 6214
5233 1802
5892 2760
6245 5218
4598 1583
8021 1939
4011 6066
3868 6684
1716 5981
7002 2400
9898 5756
5944 2534
6106 8023
8600 9360
461 4863
92 71
5212 484
9586 1711
5485 9777
1635 9247
8194 7831
2890 7439
3625 6848
8009 8912
2150 8196
2053 114
2174 8434
1081 8804
8788 9896
8763 3628
9090 9662
3053 9319
96 2157
1138 4647
4203 3483
4745 2016
9206 1130
4698 7201
5655 1578
9987 7389
2888 7408
2556 9926
3064 7578
4204 6832
540 9622
7615 169
5116 2522
8796 7437
2228 125
9163 1175
736 4003
2295 396
5775 6637
3245 8587
2367 2193
6820 6406
7714 8820
9105 8434
8830 3251
9900 7695
5412 9401
5425 3079
2025 3033
3587 9514
3869 5563
2635 2213
8804 5847
5690 2580
8511 3514
4395 9747
9546 4843
4522 2328
1045 9985
9340 6770
4104 810
238 4840
9848 4914
2847 7555
8100 4444
6345 3874
782 6887
4819 909
3499 8579
1629 5425
9543 7074
4612 833
6623 802
5278 6960
664 911
2972 7221
3520 9750
1978 7777
1414 3343
8264 9575
2504 3594
6643 4087
5416 6127
3118 1056
1609 7884
5154 9083
1690 6383
7111 101
5515 4945
9362 2486
7015 1880
7909 3643
2538 8632
7006 6545
7027 224
8871 9312
8217 6073
7128 2245
9605 3574
6029 3300
8117 3717
5402 2629
6114 1703
2752 3365
9063 7257
6303 4468
9753 7006
7875 9436
53 3943
684 8398
4113 5327
8496 8643
1145 9574
7967 2169
9973 6577
9217 2474
6769 4967
6112 7220
39 2663
4016 8086
6803 9272
1720 7763
6483 5030
6086 2240
2852 3706
7674 4968
2329 267
4275 136
517 4906
291 5487
5131 546
7953 4542
7991 8817
3031 163
7609 6228
9422 7384
1179 565
3904 6996
9462 4264
4206 4991
9911 6456
6019 7603
8938 6249
7738 3597
2019 5495
4239 8978
4841 665
6535 7483
2103 933
1657 1230
6257 3881
3766 375
3872 2962
4138 8620
4995 8956
2620 2741
1959 5289
9074 4086
2632 6688
146 405
5646 6239
5478 7812
3920 2297
1817 1159
6853 949
5914 1882
6558 2206
3545 9099
1950 5635
6496 4196
1359 217
9510 8837
7012 3912
4366 9616
7283 3393
1284 6756
2477 1158
9898 7356
202 898
956 8449
2850 7951
4099 640
1994 6269
4262 8811
466 4964
7091 2439
1883 1093
4048 3743
995 1675
3444 5912
6178 4297
8243 229
1190 4447
1172 2885
7999 6580
3548 8308
6923 9682
2913 6237
6390 599
9293 3474
9051 5261
8496 183
2723 6548
5465 8769
405 1336
8075 6858
6339 1503
1598 6958
7643 4028
1667 7130
8055 714
4401 885
1018 4152
7311 3304
5986 8982
6042 9265
4765 6985
616 7205
9227 9860
7761 6083
2565 9194
1025 3837
9035 2244
7709 6759
5502 1615
1285 4776
4775 521
5772 9109
1331 72
8813 2964
6765 8505
8582 470
7574 1852
6469 122
4452 8466
2816 96
1756 943
1412 2442
1750 2203
3930 6789
5519 6229
1064 2169
2725 4664
7238 4258
6204 772
3085 6126
9696 9437
2345 4653
8653 1086
8748 4141
3659 1355
1904 4843
72 6447
8604 9344
4806 6677
2633 7532
9068 112
1706 4649
3959 4468
1195 1162
8886 2595
8926 746
7707 3896
995 8621
368 6726
9104 2668
6625 9338
3447 1778
703 3176
7216 6285
6176 1458
4651 7221
4859 3298
7437 5963
3950 9955
2872 1215
9990 8605
2739 5311
6415 8693
8237 7727
9708 2731
557 380
1131 2010
9683 8484
9069 9551
3907 4283
8484 4225
2373 694
2262 5947
8739 2977
6065 2865
8808 4124
8605 3538
1198 3138
7592 1261
7683 3165
601 3562
6980 6175
899 8906
2429 5446
4602 4124
5033 6766
175 693
7585 952
1623 624
1119 3228
6077 6355
5018 7814
7431 302
4243 9463
8116 6362
6509 5689
6443 4561
2087 9952
1160 4095
465 8468
7240 913
2372 4988
7240 4311
9602 6815
3870 9029
631 1042
8922 6233
5150 8835
9254 4383
5926 4370
6731 6341
9508 4908
2111 7970
9543 3577
2507 1067
5917 4296
4631 1175
6312 97
9948 2692
9023 980
8323 844
4797 8575
5077 1101
8256 5152
649 9548
6891 7734
2807 690
5789 7429
7481 4634
5084 7553
6478 6067
5633 8025
506 2194
3398 5302
1200 312
125 9245
1851 6534
9650 5942
4555 2503
8959 9971
9139 3379
2075 7804
2206 8275
1836 7276
5430 8149
2081 9261
5890 6920
7480 2984
2703 4402
2797 4340
9854 8347
1754 273
4015 4561
8179 9870
8587 7196
7314 1227
8969 1842
9500 1432
3800 6907
2729 8239
7577 7316
1874 4326
4672 624
425 3287
9225 5391
587 1360
9998 2006
714 7011
6677 6637
1211 8385
8322 7054
3079 819
9010 431
2734 5127
6563 8208
7743 6313
8087 2619
1376 745
4670 3848
7697 4800
1941 4210
6850 6482
7972 8971
516 1426
9498 3471
2735 5523
5888 4105
8238 9836
5086 8651
9471 4454
4416 497
7450 2149
3011 7152
8557 4095
246 3000
1743 1746
7489 5363
3553 45
6979 4017
135 9086
7444 8290
676 609
917 4569
9609 6936
4759 4163
8079 4484
206 3585
8286 2842
8786 7731
2005 1132
4417 8207
1770 1835
5245 5736
9097 82
1288 6068
8149 627
9981 5502
7135 7684
6365 4345
7439 2260
2378 69
9418 8435
6949 5499
5696 2092
208 6095
6187 8878
5095 7395
1820 9197
5750 8472
281 4084
3227 2644
8343 2634
3573 5603
6705 5771
8230 2147
2880 8677
8651 5388
7070 9520
937 2818
6836 6926
880 9867
303 8098
6388 1787
2901 3898
3145 5062
9115 2377
1094 763
6591 3986
5281 540
5675 6357
6565 876
7139 4717
7986 5262
6292 6364
2087 4760
6055 2673
1216 6400
8322 280
7281 2896
8544 1579
4921 2385
4783 4073
8213 5731
3059 2733
1506 1336
8990 6728
4926 7045
9787 1948
7085 5230
2346 4084
6276 7816
1545 3932
1986 6433
1644 9908
6379 423
812 4266
2595 5594
3682 4280
9349 2287
352 7850
5695 2452
5796 8128
197 6757
5422 7864
4103 6048
2893 8674
6583 3991
7860 46
4906 831
1715 2507
6265 2349
8697 1263
5789 2430
7898 4017
9141 5931
167 2064
8061 5850
3 3144
2100 3973
7978 9850
8795 5687
7663 1532
1500 8746
619 778
2287 6963
6749 2357
7662 6396
6061 2679
3341 3194
1948 1961
8126 7736
1971 9540
2723 3641
6684 5557
1938 1307
7173 2366
5829 248
9009 5122
5056 3219
9307 9345
5211 5040
8542 8527
2902 7702
1154 2041
7220 4777
1216 4066
1452 2817
1639 2722
2434 5402
9414 9129
6604 6640
8549 7795
7251 4746
8222 6593
2274 4543
5008 9397
2500 7887
7540 8345
1445 7057
8457 237
7404 5332
3481 1903
4656 7445
3710 3387
3751 386
8345 6136
6229 5472
5122 7935
532 6182
7287 5379
8208 4779
2941 5404
6007 5735
5028 4034
7574 9568
5587 835
6481 7336
2563 4892
9556 6929
5816 132
4151 7275
6903 1929
7188 2027
2931 3931
3005 685
189 1373
8365 8455
5433 7747
8328 8356
4413 7347
9775 2043
7652 2689
9644 7581
8009 6919
3818 6980
7591 298
265 6962
4445 7763
3766 8689
5153 2229
6225 5259
5208 3134
6416 4293
3482 9996
321 1352
4961 6708
7360 1629
4681 6199
1751 7938
9170 1701
160 1350
9512 1789
3741 9746
2768 847
7351 3460
5697 260
3743 4074
5794 4438
5635 8958
7906 5163
5172 1950
2747 6164
9979 7475
4431 1229
2817 7427
135 1920
7457 2957
6179 1501
3345 8900
5952 6485
5453 1307
4948 8213
287 683
2997 8526
6733 4954
631 4191
9320 199
2372 8819
4250 3474
6747 9955
1724 8706
3959 8927
3899 28
6388 9383
541 4562
1850 7608
4223 4910
7154 6860
2606 990
5646 1753
9824 8356
2529 1185
7792 6154
6389 6321
5363 366
3895 7452
1784 4143
8436 6103
567 2973
2001 260
7292 7379
642 4037
7618 4621
5842 6849
1065 4511
5739 6959
8563 1582
1009 4687
7574 237
1930 8593
1356 7979
3567 5152
251 9704
282 306
3001 1029
2256 272
1555 9892
7183 4047
5122 1828
3304 6081
4262 2443
547 8198
2399 7174
3122 2060
2925 6999
804 7649
7907 4365
1012 3964
6160 3860
7505 2325
6903 6472
7913 7189
9459 4273
5102 779
7301 1615
8126 9396
9964 3227
1764 4202
3335 1455
3141 9629
8859 1864
1620 1565
5502 2546
6678 860
8111 6853
9719 9544
7958 3821
4577 5108
9081 5674
386 2157
2278 7851
5946 3682
9355 6542
1613 9812
2192 4295
8989 4048
7887 3239
9499 1656
4179 8656
7120 8711
3330 1217
2853 8971
4864 5046
1718 7600
1614 5532
6169 965
880 2615
6537 4339
6097 3272
5211 5908
9475 441
3276 8384
1160 5189
9707 8837
498 7113
637 4398
3889 9667
2694 1166
4226 5665
3731 593
5176 1048
7597 7345
4644 8295
2916 8282
5136 3188
699 3837
8025 327
9918 7162
244 1362
9241 3218
9045 7832
5728 6910
8328 8202
1791 9642
1257 5733
9053 2177
2219 4716
6899 2381
509 5229
9619 2338
1495 1344
8463 601
2030 1964
2649 8196
4240 9622
8265 8094
643 8733
996 2120
2647 9808
4918 2746
8499 374
9699 3377
209 6186
655 6495
3623 3110
5341 697
9244 5303
170 3086
6352 1595
3882 2048
6285 1903
155 140
5307 6018
1019 1927
2920 5135
2791 8321
4210 4958
7380 7598
9050 7742
8488 4533
5993 3514
3659 3758
5952 3294
6879 9602
7225 3976
3575 6127
5637 8294
317 8324
7377 6621
8499 9505
108 5685
4014 7190
2022 5531
1722 4023
9624 4112
3761 651
6757 1221
4954 7005
3823 1835
5031 5829
1533 9849
5689 1216
9776 4376
3968 7837
5880 1286
9641 9447
8823 3792
5378 5271
2274 370
1409 840
5068 4721
405 1046
4384 6043
8280 967
5105 6774
9009 2580
8735 869
2575 4250
9819 3010
2022 865
8247 5971
2899 6356
226 4291
3802 112
8288 1331
8839 837
8655 7331
1448 4539
6341 8404
9965 5181
5299 814
4514 6702
4605 9879
2730 7992
1565 4197
6419 1881
7040 523
4780 2722
8272 3052
3002 9864
3846 6128
9804 4946
3379 8201
5322 2297
7314 1723
7313 4514
4258 2671
2383 9253
228 8365
8865 7732
4067 7920
8919 5402
5197 2262
3512 9899
6737 6051
599 1567
9997 8984
533 1491
2432 5964
2631 8412
9992 1432
9198 6983
2771 6576
6029 6795
4987 3049
916 1768
7621 187
6761 5460
3021 7382
8823 9788
8107 1889
6539 8516
5749 1201
3952 9725
8327 5157
2613 1538
2783 1803
9082 2447
9711 2092
6166 6991
955 9670
3961 17
6838 6866
7845 1088
6770 253
4534 8133
4657 7273
1808 4853
959 8373
4536 3400
365 5664
8585 4386
5858 9371
4975 8417
3416 6961
6079 3545
5286 8439
3520 6971
5890 1080
2661 6191
912 4689
8355 173
9538 9651
6581 2116
9582 9291
77 4290
3760 4276
3479 6553
3441 8090
5746 1422
4043 805
3250 6068
3874 7772
1538 8548
201 1385
5514 2004
9062 6088
390 5926
2554 3225
2121 4365
7153 9396
4676 9097
2303 3139
1955 7164
7870 4526
669 6103
6898 2792
6015 1644
8713 4208
401 2816
951 2515
4358 9407
9804 9236
8790 7933
6810 3985
5210 5972
1719 6214
8467 9436
7970 2407
7253 5135
8544 6638
8168 5761
8646 6499
5354 8642
6770 9598
6101 4218
792 8030
8376 8350
5212 8931
5099 1168
5967 2217
5545 2320
6751 8352
2677 6527
3190 9172
2722 6734
5549 700
6516 7684
8351 2467
5734 1501
8741 3040
3237 8942
4959 5906
2230 4379
3488 8003
5583 338
5830 6934
1575 1142
6632 127
7419 4298
3085 4946
434 4204
8330 9273
7476 3047
346 4015
9383 8587
3429 4048
5069 1701
9197 5400
2770 8634
6905 7371
88 2532
2787 2478
7754 7052
6420 2916
3585 3758
3488 5404
829 5318
1929 6284
9966 4606
6168 9081
9252 7555
2120 3088
1572 6014
1106 5485
9078 2941
6866 72
3791 2979
2948 5729
5337 2298
1534 8666
8135 6430
852 9110
4808 9096
9592 9067
5312 678
8329 9135
4982 6856
1507 2442
6369 300
4353 4630
502 4014
7044 7111
6846 134
9967 7893
2000 1366
5175 1728
8111 1172
1504 1050
3014 2043
2981 5614
9105 4117
4967 7413
3220 9353
7597 1341
8378 5700
2700 3248
6733 769
423 5334
8109 6250
6818 7797
4125 1936
6527 5685
6147 6914
8383 2670
1800 9809
8974 5897
9384 9849
8169 194
5084 2487
1531 5758
9511 2030
7821 3090
5097 7007
273 4064
2026 8099
4352 6452
849 5991
6544 4300
6342 1466
6313 4189
9714 2439
8243 4966
5696 332
6293 2938
2451 8644
9844 1855
4868 3631
5859 3975
3230 6667
7666 6815
3960 1664
6792 4411
1380 7397
7408 5630
4302 8116
3576 5802
1585 6056
1503 107
7233 1398
7810 7851
3970 1591
3548 6380
6546 9265
9686 1559
1516 2085
7129 3498
9055 8546
9027 8497
3696 6254
1496 6767
7630 2953
5010 2122
2995 3073
2607 574
3930 9332
7646 2900
8414 9878
2183 9351
8514 5072
302 8897
5719 3711
2417 1243
1951 4109
3293 424
9594 8543
2965 8059
7823 4070
5146 69
2478 5633
2799 4621
156 2880
191 7125
2664 8124
563 3058
8010 1919
8318 9076
8445 7252
425 1446
5660 9705
5746 7844
2438 3203
4540 9259
5001 9290
805 2828
3924 719
9170 4229
9793 3407
8734 6493
689 1185
6277 5308
8916 1066
8007 5537
3901 5042
8994 7271
8704 7870
8571 8368
2866 8566
8686 3080
1926 4744
1739 5336
3902 1454
6062 5653
3816 1078
3663 2214
5826 5633
2581 7314
2214 9975
2906 4645
7515 2644
2657 3283
5630 8917
902 9866
189 7179
5513 9300
1522 2915
1096 8412
5820 2271
2394 3977
3754 3114
7190 2781
59 9358
3008 4066
2828 637
9103 7647
3210 5270
6923 9718
3954 5764
9206 1326
1165 8797
1615 5801
2660 9144
8686 4770
6588 9598
9697 3870
6387 2981
3939 3977
8754 1534
9183 4620
408 558
8611 9588
4975 2287
6258 2584
4426 3374
6685 5666
6916 1543
8164 5497
3531 4266
4955 9620
774 5687
9565 5298
1599 5376
6292 8770
2443 6567
284 5103
3557 2855
2229 537
6095 1857
8015 4881
1985 4760
8673 119
1206 1639
4411 8686
6479 5879
1280 823
4460 5775
9286 2382
3305 2973
25 1372
9204 9636
4246 7618
1663 5401
4379 4931
4023 7615
7687 5027
6596 4851
848 6570
1878 616
9299 554
8246 5534
3797 7285
7783 9398
704 9700
7535 9584
8395 3227
3823 1242
7176 1156
8527 5874
6532 1200
8993 2830
2307 8318
618 8018
8101 9986
7680 8777
7314 5200
8372 6782
7085 8356
2846 8404
9303 7636
6498 1200
4900 646
353 6356
3712 9723
9632 5627
8869 317
2554 8206
2467 9482
9776 6358
4658 7610
3613 1894
4792 6289
865 4609
4732 2509
5182 8960
7264 8732
1419 6663
4028 5078
5580 1227
9123 9761
4163 2392
6983 6876
1521 1520
4275 9821
7871 1852
6233 2027
9530 7088
5213 2548
8051 4977
3883 4624
9658 7546
7483 1708
8817 4341
4102 678
5579 6472
3228 8970
3564 7302
7004 3418
657 3054
2220 4258
9817 7829
2944 4643
9416 7841
9434 3394
8638 4458
3375 2788
730 7021
6340 5362
8750 6863
6552 1895
2466 5818
9686 1967
1905 2088
7286 3631
8610 4267
2760 5836
9277 7825
8759 7374
8867 1549
8662 1426
6447 9718
1872 4067
4655 1062
2803 6697
968 9736
3645 34
9462 7692
5525 5366
8579 2102
2476 5560
4028 2751
8165 9798
2174 1906
7948 367
8797 5557
2085 4911
9951 2782
8666 8410
2792 7985
8741 3799
533 3019
711 4960
4385 7176
1967 1774
6889 5715
5604 5911
5904 7832
246 1560
1916 1356
5329 8727
313 2359
5681 3821
1377 5653
2616 763
842 628
9494 864
542 4390
8212 3799
8416 8455
9798 9636
7313 7316
1161 5163
2992 2654
5066 260
8531 8890
1029 5967
2054 1671
2624 7112
8849 549
5951 6745
2281 8147
4518 1103
5167 4764
1004 2872
4531 6985
8740 3008
729 2598
2675 5037
4029 5479
3535 2766
6322 4403
2206 1596
5312 8804
3431 5878
4989 2394
933 6248
6404 5577
3570 560
7237 7368
8683 7081
8149 339
2874 2992
8627 9838
412 6037
3849 3016
2631 7039
3775 7789
992 7520
5513 9999
1494 9216
578 7053
4276 2625
9292 3304
9587 9124
6056 9596
7525 1313
6894 3740
4696 3967
7611 9640
7359 2877
8349 9605
5545 7392
4518 4338
2086 8304
2123 3192
2256 9162
6459 3213
9449 8123
5184 938
4984 6532
1155 4506
3877 9603
4556 2760
8820 1395
1527 83
9052 8066
9379 6733
9383 6091
404 706
2659 2553
5849 1746
5443 2305
6456 4631
2829 4050
6294 126
6630 8417
6394 5267
138 6337
1114 309
9973 5271
5056 7149
4058 1578
9343 2942
9227 2872
3207 5652
3866 9561
4627 6432
1748 1405
134 8691
7393 8578
6397 7857
8660 7912
3200 5645
244 7563
8694 2779
2937 4179
4168 2878
425 2756
6398 9333
8935 9844
3300 1693
33 2092
9534 2563
6593 1061
9831 9952
6046 6501
3909 9924
5891 7670
5970 7157
7607 5074
4885 6992
1120 4347
2862 3916
1585 9988
8212 1386
4675 5978
9626 3130
6248 4688
5181 5513
3390 7934
3219 3308
9677 4538
7222 691
6187 5426
9672 1505
953 3040
4831 9515
8101 7104
6844 4574
276 1807
5272 1475
826 4734
1900 5665
8901 7202
3866 4983
4122 9839
4601 424
8519 5068
382 6430
5038 4657
6595 9529
7743 7741
5158 7701
5407 8211
55 6674
757 8398
9856 4900
2068 8593
5611 8231
3777 2947
8992 6642
374 8619
3205 5779
4955 8184
4708 7867
5511 4094
2322 8343
846 338
2530 3934
7962 6697
3106 4856
2519 103
26 4906
8895 8181
1924 7586
471 8995
7901 8181
5628 3993
6796 8580
5267 8841
8979 3353
2549 8605
4476 1741
2146 3020
8982 2688
9871 4231
862 4527
6128 9480
8095 4202
8408 7592
5776 8717
8909 2225
5576 2187
2736 7766
6434 4927
6405 2516
8902 3776
6089 1998
8906 9744
8318 4061
139 5152
7402 8645
6917 2330
8529 5154
3339 3937
7673 2673
9552 3601
1950 1462
5617 2666
1445 3410
6098 9701
2199 7728
7487 2983
3821 4248
5764 1683
5642 1603
9980 4875
6182 1868
1232 8313
840 1385
7871 4396
3254 6876
568 9513
2319 1944
6551 3137
3057 7406
2866 633
9092 1526
9798 4068
6739 8265
9360 4261
5503 5923
8718 8480
7579 7245
9922 594
5065 6673
6769 7144
5932 4646
3346 1670
973 6053
663 1945
8331 7993
8634 3046
5627 3519
272 3095
1736 800
6743 1400
8148 1647
8372 7659
5849 4526
8242 7740
4919 3556
126 1666
4580 2736
378 5609
6295 6665
4144 4994
