placement model: 1slider
width: 10
height: 10
number of points: 2000
1773 6216
8993 3408
1186 8126
7076 3843
6810 3779
2079 8808
9720 9486
3712 3302
6593 5094
3991 7477
2872 8921
9871 5263
1061 157
8546 1252
5545 4634
8182 8697
4149 2900
5928 6440
5907 8921
3961 8875
2024 3885
4300 4039
2998 8277
7288 1754
8586 3902
6472 2158
2987 5361
9665 8184
6496 416
1164 8677
5365 1678
2418 2765
736 9134
1229 5748
1823 5076
8576 7114
819 4265
991 8992
8343 678
8535 9359
5170 8111
3348 7504
4170 1080
3261 3952
1845 9533
2863 3159
5763 2663
1120 4473
9426 1929
5490 3206
2457 9943
5231 6890
9678 5862
4249 7159
8144 659
5064 3730
7156 2874
9613 3252
7515 8789
1756 3321
3802 7926
7374 1499
6218 1414
4427 5519
8844 9313
231 2938
5816 8104
7108 7414
1809 4082
5550 9101
453 198
8419 8855
2859 2155
4862 8804
2767 1522
2637 1150
5515 5256
7989 1884
6303 8764
7769 3016
5022 8101
6592 3906
1751 531
9504 9296
3109 6764
6057 2994
8000 1731
4801 5108
5919 3431
5136 7378
4210 8916
2665 6203
5918 8620
152 3214
7500 6640
3507 1160
5729 1149
5013 5237
4199 7090
8956 9951
9636 9453
2812 7185
9940 3374
3977 1607
6483 1287
2701 5865
8654 103
4487 8236
1046 3590
5785 7887
4313 9777
7394 9258
1524 224
3600 7361
7383 8109
5823 8077
2795 4103
8637 6642
3454 2969
879 9130
7434 2838
446 7343
7753 6406
6232 2332
726 3205
123 6302
6421 8726
3397 6869
8020 1927
512 8143
9910 1242
3405 5964
9561 2705
8951 3907
5880 3553
9135 786
9028 9191
5045 9099
1357 1158
5782 7993
9399 6692
4045 6008
8865 4758
1653 5169
5659 8999
4846 6561
7072 3390
8972 1041
5255 8743
2808 2202
2305 1336
5737 7992
1131 5900
8858 4082
8220 6768
2034 5455
4273 4758
3755 3333
796 7859
8016 5106
3311 7236
3131 8733
2266 5120
8565 9252
514 9620
5322 665
1974 9581
578 3981
3539 2253
2417 9451
4612 9810
1789 1586
8292 9386
8827 3548
9453 7645
6615 6796
78 1139
2934 3609
7178 5263
1834 6714
5053 8269
2986 1628
7252 7195
3595 9547
491 9305
7746 5546
3038 618
3733 5774
4116 4726
3250 727
8996 1141
6237 2183
4466 221
5719 3248
779 3126
6275 503
4085 9532
7271 2652
1819 6432
6332 8032
8926 463
3533 348
5702 305
3898 3015
2511 3929
2805 7992
1155 6278
3681 4440
591 4450
9816 1100
2069 6517
9043 4972
5604 1451
7944 8240
1843 1673
2949 6874
7688 6839
7456 5382
5277 3540
4795 3769
6742 2985
5848 4316
5032 6358
9750 642
6389 1443
3587 4216
4253 7751
950 1723
9233 9297
9415 2245
5268 1304
4226 3068
1712 1833
7331 5224
3357 2927
1268 9671
9517 4907
2524 2275
7761 2902
5742 5980
1717 4176
9932 7309
4105 4395
1668 4585
3228 3249
8418 8330
7585 7311
7096 6942
8498 1355
1120 4698
6399 1579
2167 2406
832 2564
5834 9623
202 6166
991 5337
7776 8474
548 8887
1343 5648
1898 1145
2384 7562
6010 9480
5263 6224
9198 5451
4031 1937
744 7699
6957 95
4624 827
859 2076
7843 26
3688 1621
8740 551
9656 5348
5601 2881
2711 5939
4573 9313
6961 3348
4996 278
8187 180
7237 4970
6761 1453
3258 8490
9771 8524
8642 3847
3410 2593
3316 9753
7449 6144
5838 8677
3583 9352
9797 7694
7121 2636
765 8045
1988 857
433 9131
5127 3695
2624 8099
8163 4143
1791 6957
5982 1590
7614 1376
2421 9843
411 771
1590 546
4965 165
4958 2296
129 2508
4223 8467
5615 1806
2813 6851
689 9931
6222 9396
3120 3170
8681 1447
2089 5496
7056 9202
6815 9128
7343 5269
8092 7597
1676 8221
6496 1490
5603 3453
6798 3634
5903 3315
5695 5406
5625 7572
209 2944
2516 7415
6277 6148
8711 5207
645 4428
9534 2008
8765 6181
8385 8654
7528 3378
361 5434
6153 2304
3469 8778
9738 7139
6558 6484
5901 9769
5282 7293
4701 6994
3236 2339
100 4327
6908 4758
1254 6796
1329 9649
3309 6344
5518 7690
5765 4440
6682 9503
1474 6481
528 6147
6858 6170
8275 6058
8966 4607
8017 9738
8739 1467
8777 8395
2008 6498
9007 3703
7499 3485
7313 379
8888 4382
8970 5946
5001 8673
8829 1438
8524 9775
9046 4274
4299 5447
9666 2640
1255 4822
4699 69
5501 2284
796 2656
3867 8164
9546 2068
2555 5452
8239 7842
957 1332
3777 7608
29 6090
8917 6259
7091 9972
5698 1911
6271 4046
2913 4672
2295 6653
2718 5587
8043 5551
6009 2354
9858 3629
3102 8250
1839 5353
776 5589
2735 6337
3342 5078
7952 4546
9596 4018
5550 1327
6194 5313
2317 4479
7558 6195
7838 6149
6371 2251
3014 9328
5617 5733
3864 8739
1397 3122
8734 1958
1469 5997
7179 8933
7852 4109
9133 3225
2096 7969
8076 8638
4311 9742
3454 6208
6711 8685
9967 9919
9295 1033
2378 3638
5932 9628
166 1085
8406 6412
9667 9185
753 780
2564 455
6221 9685
157 3937
8917 6300
4172 6494
6628 5586
6031 4924
6965 4055
857 2477
6718 3480
5126 9266
2505 7762
730 3851
9688 5902
6930 5268
3455 2873
1074 5436
9828 8447
904 9701
8178 5588
8989 3497
3048 8296
5262 5800
3253 4646
6368 5931
6870 8608
9417 1204
9305 5880
3859 7015
6076 8340
5878 4737
9847 3188
5152 7482
1203 4168
2145 9068
7850 5452
5405 1820
275 7120
7783 460
3486 7103
3675 9443
8178 6763
5144 2917
3982 5597
8821 6880
9876 8339
9823 5906
721 6841
4174 9618
4242 3817
2320 3965
1329 3608
4726 2411
3559 5508
4946 973
1993 3013
6837 1431
6525 2079
2977 366
6704 1464
9296 9886
8785 6714
6755 7341
8748 2587
8115 5946
7495 8943
6364 5099
8784 4471
1603 2114
5709 5266
7897 4913
5679 7864
986 7789
94 6929
6560 5923
2462 1094
402 5749
3537 1415
3925 4740
8234 2426
9655 3647
4691 9207
6871 8166
8227 8307
7949 887
6270 5178
6196 5026
6793 9250
6655 2534
4095 9986
2350 6384
1637 9964
6100 977
7083 8618
189 9928
4838 8449
7192 6676
9183 1226
6364 4137
9977 7837
6544 863
1048 8222
5137 907
5685 2316
9275 4838
466 218
5174 7971
3308 2675
4759 3335
8986 6107
1852 7968
9123 7555
5370 2681
2742 287
1739 2721
7038 676
2282 6803
8523 3732
5871 3759
3142 365
1863 6740
5748 1087
778 5703
8571 5409
304 1118
7961 1627
859 8401
5841 8203
3581 1344
6078 5584
2986 8697
9939 3376
365 8497
7597 9840
4612 3525
5063 2192
1197 6524
5057 6048
783 3076
939 2235
320 6851
8848 7718
884 9965
1858 9028
5643 2794
9073 9282
9335 3683
5651 499
5560 3759
5345 9439
6425 2938
5415 9113
7991 1197
5682 4202
5610 3038
6205 8434
9128 7695
9198 9460
9889 6298
2226 3614
2732 9142
3122 5559
4884 7451
3606 7311
9469 5919
3694 9235
2101 6436
9931 6164
1993 9723
9923 6459
9830 6888
7120 4014
6774 9074
198 5332
1340 2799
7933 4359
6684 5589
6453 8643
8743 9455
5651 956
4705 3927
3297 1595
5235 8528
4081 8544
920 7613
8325 6404
7160 3710
4190 2244
5991 7571
1227 8663
7456 7624
3242 9683
6503 2451
5958 4707
2986 6148
7454 746
1061 9008
9063 9413
4139 9974
6755 2092
577 2676
7760 5091
5081 386
2133 1890
4879 5501
961 9087
625 5602
1843 719
8987 3898
4297 18
621 1871
5033 7182
1551 3900
5842 509
9012 1427
526 5711
2285 7180
4899 1799
5224 2701
7469 8551
8589 2488
4166 27
8404 5115
2313 3410
8772 9943
2501 8525
5825 3724
9426 4276
3543 3371
2686 6269
3901 3197
1229 6746
7237 6174
9638 3272
3768 49
2772 4471
292 2850
1283 9553
8709 441
623 5760
3356 3272
8071 5076
2146 5230
5812 8820
2255 6726
2881 636
3482 5321
7354 3340
4526 6923
9344 6038
3533 7894
6478 9829
6870 5239
4643 9589
7852 2295
1515 3188
9888 1489
5587 4292
22 108
2298 1023
3347 3976
2286 4286
529 3967
628 3154
4220 3870
3388 888
8870 5560
2417 2215
51 4312
5114 4790
5963 5748
2840 789
9957 2813
2409 9196
3922 178
6688 8626
847 452
2705 7724
6076 9693
9454 3766
4918 8891
4402 5257
8266 3273
8434 1199
8790 5753
862 7683
3122 7831
5443 8507
4437 8039
974 7683
1461 1315
9743 3545
7518 8898
9294 5290
4280 6150
6112 5923
1820 4305
6484 9946
5713 4098
7795 2419
1698 2368
5441 2824
9629 4098
3230 4828
8442 9653
4638 1264
5976 5963
260 5162
2676 2468
4552 5823
9285 5570
4023 5309
4165 6029
6078 1353
6733 9282
9523 1526
6367 5555
7722 9429
9734 5468
1633 8709
2837 2780
459 2515
3852 1957
9940 505
8974 7732
4990 195
9753 9733
8569 1315
8758 6292
9744 3754
5459 4073
3193 9741
8615 7296
6360 6602
5880 7929
8970 8046
1805 8434
6274 3939
515 986
9138 3945
1919 593
6594 8973
9860 890
1949 1873
4451 4607
1934 2012
3015 6062
5670 8722
1920 9198
1225 469
5974 3074
1899 4559
4952 4519
7147 4669
5347 1693
3622 3376
1728 7702
1506 5507
134 5633
5053 9040
6509 1369
8809 1817
1700 9834
3994 3742
163 7637
3537 883
6519 2995
6115 7643
3712 2614
5221 9774
800 5576
3144 9136
745 8117
3093 8974
6168 8808
5378 1693
1388 8955
5820 8989
4379 4764
5906 592
799 1984
8014 3450
4950 8229
952 6717
1188 8794
2599 1686
8880 2071
9443 6448
4485 575
1275 2250
8674 2039
5671 5974
1262 1117
9437 5365
5215 9254
1335 2709
159 6523
645 4089
5858 4509
302 9691
1067 2516
5203 8606
8629 765
9029 7667
4207 3617
8076 1190
3726 3734
6340 1864
7902 7412
7666 4358
7976 9367
1520 4940
7350 8847
9861 9067
1189 6700
8431 4005
5694 5156
8244 4873
4282 9980
4738 8742
9425 9077
8898 8913
1152 1662
9945 906
177 301
8377 6674
5015 5097
3603 3924
910 4722
1726 2772
3540 4241
2781 1025
5290 2146
6850 5729
6728 612
2684 8123
5467 7058
9506 8699
3293 3236
4472 4086
3822 5931
7656 8395
989 695
4419 2826
9509 4160
5463 4780
1237 4184
1887 6960
2390 6670
9291 4506
8510 1147
5674 4489
8780 7621
9098 302
4696 232
1966 2589
1602 9668
5049 747
9547 5314
4413 8696
8360 3637
7320 7877
5215 5974
5520 836
5887 1143
4629 9905
3649 5645
4015 1885
3861 3269
2668 3914
5956 5530
9753 8260
1964 6239
5599 3864
1687 4844
3906 5577
1554 9830
6867 2297
9728 7469
2047 1049
9504 7341
8219 6790
6013 2455
8360 4063
8545 3053
4785 6100
7726 5864
1364 9539
4974 691
4784 3400
5084 6714
8723 8138
6431 9347
4890 4518
156 9747
9994 6650
3328 1185
6191 8871
7017 242
3380 4304
7549 9210
4709 740
450 6732
6729 6863
6144 6183
6798 8604
8058 896
8595 7087
8164 1407
5220 3062
1042 8038
9098 603
2831 4984
8440 9863
7047 8925
8454 9799
1733 7548
1544 2314
7841 6184
6787 7418
6961 2727
6450 8907
7771 8103
1741 9325
2645 4750
8647 6257
4070 2680
1146 235
6775 6154
6158 2821
781 8433
148 8528
5921 3245
7382 2144
8354 5257
6805 9220
3700 6915
5158 8824
1651 2978
4049 8933
6303 9775
2982 8258
6926 9150
2352 8505
4893 7229
6831 2774
5161 2058
334 899
9124 5170
2795 4376
2941 1377
75 9289
4081 9154
4232 9059
4722 6689
1531 7154
9714 7362
6436 8638
1490 5153
36 2192
6089 4022
6191 1781
9632 4623
7536 7839
5415 379
8498 4140
5509 8985
668 5702
9810 9645
9396 5715
2994 158
2247 3618
6491 3411
563 417
0 2490
7349 9359
325 3789
2362 1317
9999 9911
1869 4434
8118 5500
2956 5574
9839 3676
2874 5487
2753 2420
1028 9313
1554 4443
3538 4972
9649 9563
6193 8427
9379 8749
6458 5600
1051 4421
490 4777
1980 9856
362 9563
5002 4358
2244 5264
9633 7880
186 7784
2121 5791
9185 4063
681 3523
6616 6512
1203 7992
8992 80
960 4590
4035 3527
1662 9236
6551 3985
1459 3668
2084 2348
9772 3149
6415 4336
4285 4522
4123 2197
1757 129
1853 9148
9430 7870
7698 2863
8105 8577
6399 4910
1733 5639
7132 7534
5395 2722
3851 6603
5818 6913
6205 5843
3095 7474
5445 469
6753 6408
4994 9401
9976 5403
5524 7036
2288 913
5518 7355
4787 6780
8947 6485
4539 7634
6191 4829
1950 9266
8722 1973
4939 1918
9529 6022
6266 4313
5574 8634
8530 713
9911 5094
4957 7357
9382 7020
3174 1916
9783 7462
9850 895
4071 892
1126 3562
3646 8819
7090 5246
5603 297
953 280
4386 4721
5025 1110
6448 4330
1666 5950
7545 6497
9441 3400
4643 1518
5861 9532
8811 6744
2254 8643
201 5727
3422 776
1931 1953
1628 5699
3530 1921
5500 7497
847 8202
5146 5247
1910 5842
6413 59
8774 1618
6138 7836
7069 6323
6023 5670
8055 8601
3330 2124
9669 3934
5528 9621
9814 9623
5898 8745
698 4079
223 2625
3243 9497
5239 9391
399 7592
943 4593
6366 6341
5053 2703
8868 7523
7140 1623
2600 9158
249 1276
628 1880
7293 1332
1785 3617
7769 6614
1552 9164
2460 6887
1346 3707
4131 2893
7165 1541
7318 4700
9653 6014
7324 6663
5145 8034
6790 1074
5279 3569
2213 3541
5726 494
9371 7785
4913 3699
70 6838
9962 2976
8086 7727
9518 9310
3923 8037
6919 6959
7243 4003
8472 9653
4616 4226
7500 9057
7162 7398
5614 5794
1700 1862
5363 7346
5133 1563
8853 265
9212 5211
6966 7668
5174 240
5573 3903
7932 8502
8079 867
563 5981
8293 5522
3323 3973
6695 3789
8494 273
823 6248
9954 9348
4432 7760
6913 306
2035 2595
1513 1322
4422 2302
1143 663
3859 2848
7808 9414
4321 3408
3220 555
1064 662
6579 7197
4410 4683
875 2095
1856 5687
9252 1636
5707 5
3338 4869
4423 3960
5534 9505
5656 9229
7844 5946
8660 7315
8877 2311
4892 765
9700 5147
5833 3884
2205 8571
7372 9402
4341 3380
1963 6997
2508 3005
9026 9644
1690 3571
9497 8512
5841 1307
9675 9869
6413 6702
7812 6908
2213 3144
2262 7015
723 4572
4374 2799
8643 743
3232 4758
6569 1001
6904 187
5854 5218
7014 7601
2759 5590
7656 7402
3824 1759
8037 9669
199 269
144 6427
1743 824
1952 7450
9514 8126
7956 5432
5516 7741
7851 1612
6731 7544
8794 7085
7582 8123
5280 2780
6024 6574
5289 5424
5539 8336
1535 706
585 4698
2093 5417
1024 9219
5251 5303
9613 9459
3468 8932
3541 4103
5792 1655
7621 8625
7317 7137
5236 3800
1452 5988
9677 8752
8482 7890
8505 1193
332 6067
789 2930
2857 8190
6056 8873
8552 5733
1119 3842
132 1239
9285 8080
7338 7920
5634 3432
567 9083
6223 5295
9152 9530
6641 3111
7154 4659
8304 9622
4101 2591
487 777
613 4862
4288 662
9161 5397
522 1705
6202 5477
2268 5353
8386 3601
898 3270
4924 5394
8525 8723
6548 2859
1753 2800
1368 978
9340 6181
4904 2207
3819 6466
774 2418
5779 4775
7383 6402
9889 4845
2989 2587
7855 4677
8559 7253
211 4887
2646 6246
6988 6432
2621 8226
7824 4470
4689 2214
8588 8266
9977 5110
9669 771
4565 8335
2590 1930
4605 3153
8787 6771
5725 3814
3658 442
6113 6614
3475 6677
1563 9457
1541 1535
4710 5092
9632 2842
4594 9051
4510 4945
8986 9125
396 5489
1360 8076
2575 1786
3004 5663
3757 4101
5213 1634
2107 43
1150 3683
7248 1954
141 4792
3678 1368
6072 3292
7812 6680
6703 8049
3080 2243
4684 6975
2397 7987
1512 4808
2871 5645
2649 169
3003 6351
5188 1841
5146 961
3927 5689
1152 3993
7765 9816
6936 7248
4245 395
1646 9999
6906 5015
6587 9366
8562 8563
2384 1316
3224 8939
8344 5854
33 3090
1163 4243
4384 4541
5084 3403
3555 8174
3721 8665
7478 4084
3240 4714
6608 4535
8498 6599
305 2870
2026 2103
1120 819
3172 5932
5998 8815
3460 5073
7655 379
4162 5205
9269 7535
7508 2235
8175 1905
9103 7384
2223 5379
5651 3935
8542 2650
6959 9101
1028 3205
8654 2842
2239 5880
954 5012
9533 6130
4239 403
9223 9326
4084 2446
3916 6482
347 4255
176 1923
7965 2671
4905 3640
1542 2769
9072 8238
6219 3710
549 3569
572 8530
3358 6969
4307 3131
3658 160
3684 567
8566 534
4133 1513
8531 8007
3729 668
2820 5980
3680 8062
1293 9064
1493 2224
9642 6561
9498 1918
3707 3944
3905 4406
8803 3681
6902 6126
9186 5777
4694 4302
2378 2591
8558 8242
7370 892
9990 9764
325 9812
9262 6063
1195 3821
7296 6999
4144 1038
8897 2658
5884 7033
5547 9098
5123 636
3806 970
4524 6204
7320 8576
407 2753
822 4927
4750 49
906 232
1094 1315
3781 7162
6273 7709
9398 9425
8149 6717
767 1831
6310 5498
6678 7633
7372 8394
6158 3048
2498 8359
2534 7364
4599 5850
5671 5658
4712 2912
6677 3977
530 8038
9503 8259
5678 4373
347 9370
8641 3697
6379 3873
1644 2015
9247 1879
1704 6720
7618 4378
617 3493
7150 4625
3640 9030
768 6345
4107 2152
5785 9754
7801 7304
7543 2737
3565 9882
6554 7063
8382 9508
8855 2027
9172 743
5162 9703
6658 3736
4015 2119
8559 1322
7050 9585
2496 5284
8414 3067
1280 4776
5560 4190
4088 3313
1139 114
4622 1102
9649 7246
5332 4918
5456 1286
7257 8523
9721 543
6119 532
9232 1821
3891 6983
3648 7590
7747 5719
7450 984
9466 7508
9515 6613
4798 696
9876 5704
5386 8963
1120 3397
7243 3401
8708 449
2464 2725
6428 3349
1809 3946
9904 1779
6386 6026
49 4165
3009 8955
1253 8472
3560 2215
9798 240
372 9077
8789 198
6767 9915
4381 6889
7119 3812
4303 5010
8785 8678
9135 354
8537 4819
2403 2330
6186 3465
3792 6062
8466 801
833 5175
9369 6794
6098 7886
7319 5505
4068 6534
1263 1238
7040 5718
2550 9411
3821 2119
542 2782
9199 1850
5623 8313
2611 8908
5921 166
1004 6889
9187 4697
2799 9246
5986 5820
2874 6060
3763 9287
9662 1544
2804 4589
8991 6779
8090 6152
2922 9099
382 9449
283 6778
1211 2175
1943 3625
7812 2653
3403 9340
7827 3881
7093 3014
4818 9472
6644 2800
4368 9448
2203 4596
1281 9595
8476 5429
788 3643
183 8650
3931 2411
8848 5548
1147 4907
9336 5761
5881 7311
4482 8612
2294 1184
4494 6935
4123 8603
5684 7989
7707 4591
7951 1395
6346 4494
9249 7442
2808 9973
9357 3490
4528 8010
9051 450
5535 904
526 5839
8902 9624
5347 8448
5815 5871
9329 5809
9768 9213
3212 2445
7330 3365
3312 7587
7693 4006
2980 3506
8280 544
427 1001
4260 5843
2896 4474
9908 8308
6152 9881
5885 4432
4500 4016
7584 1650
5661 6179
7145 9214
7216 332
7589 7788
1218 2197
1844 716
3620 9633
971 9229
5867 778
770 1812
8314 6859
3798 5157
9683 5179
9729 8205
1976 439
8093 656
3349 8130
143 4745
5302 7115
8392 6298
7248 288
3110 3594
5015 2980
9745 1895
6780 940
6071 9696
2090 4697
994 9542
1382 4003
6172 8196
2912 2569
9947 6202
2146 1429
3588 7002
9008 7095
7533 3253
2102 7362
216 9463
4326 373
2165 9391
1378 1901
5833 2463
3056 9528
4255 2983
5888 8986
177 7879
4234 8106
3004 7366
1114 5136
2813 3940
6126 5850
536 3029
721 2103
3906 1242
4755 5850
8071 7326
3012 8719
9673 3481
6792 7259
1174 1648
2773 4742
1771 3207
7143 72
4927 2851
417 5895
6916 5762
5314 2301
1211 7223
7831 7287
2927 3261
3761 6064
8480 55
1243 9546
4517 9035
6831 5441
5481 3703
3871 9896
7402 5792
8183 3998
9021 1145
9415 2125
3301 8419
3339 1504
4450 1456
5554 4277
2545 6879
6220 3698
2413 5213
2308 4609
2129 7541
3369 1540
1883 6937
9491 6527
4998 3744
7415 8155
113 947
1399 5899
2635 5873
4050 8693
7056 5294
9859 5586
3320 6556
246 2095
2471 9655
5706 3913
99 5808
3626 9213
8993 4167
6494 7339
59 7557
3873 1983
8184 9390
6312 2062
5952 8808
9602 8949
4049 9965
5104 1401
8172 5008
400 8780
1465 5225
3307 1053
3257 8200
7806 1092
5277 1132
8133 7235
2307 2575
422 6472
8282 9456
9944 762
7420 5631
8479 7662
2327 156
5509 4469
5611 8794
3527 7117
5381 9398
9545 4816
2922 7202
3334 3385
8703 9103
9149 246
3326 518
9563 5032
9954 4702
3570 9108
1256 9591
4147 6489
4024 877
1253 3331
1350 7231
8634 4928
4999 7941
389 8391
7445 0
940 5391
8967 1745
5656 2412
8482 6493
7799 1367
8701 2039
6902 3339
8371 6100
4717 5445
7241 3635
2501 4189
4743 1912
4884 4027
3364 7026
1726 6560
36 3729
4038 4288
9680 7643
9779 7979
9730 7477
1495 2736
8451 2086
9372 5536
7246 2801
8774 153
3046 4692
6659 61
5562 8586
5244 9493
9843 6985
1867 6970
8077 8991
3915 13
9692 587
9439 2199
5356 8496
1680 3383
6462 4179
483 8305
6971 394
9885 6244
5063 6903
2560 1449
1694 7447
8493 3722
3433 4012
7815 424
2341 6892
564 6464
6568 9297
5289 8429
294 2438
9608 2906
3590 8645
2787 4850
1027 1893
2812 8242
9734 3163
7870 1111
6932 1715
8484 6377
8628 2723
1836 3801
4126 7911
3949 9436
4573 9805
711 3411
7089 3261
4314 9720
1048 5016
3743 6467
6512 7455
1545 7466
951 36
2014 4404
7941 7221
1259 9501
7514 9634
9227 5612
7941 7816
4952 9141
3235 6965
5537 4807
8329 3264
4153 5291
2857 9589
8593 4361
633 9131
3299 6267
9172 6925
1215 2964
5520 623
2486 9206
783 8038
1614 2828
1750 39
7689 4490
1459 9934
4924 6567
318 5686
2366 6313
7313 5029
7044 6906
3163 1481
5234 3765
4052 5622
6349 7738
5487 9362
8190 8226
59 3770
8518 8497
1662 4427
3113 7211
5701 5200
7801 7628
5844 7372
4846 2914
7530 3970
2042 8560
433 2401
3831 4615
891 8604
9532 1826
8871 814
7809 3252
6480 8382
1240 953
3768 3663
2394 6855
6637 1620
1405 2098
5641 7080
4698 8952
2017 2469
6419 452
2298 6238
1376 3514
1047 1569
6245 1645
4499 198
7726 3589
7720 3014
537 9436
5281 4729
2762 5448
1079 4183
8407 1486
3406 6321
6208 4101
8908 1881
6255 4545
5592 7370
6167 6185
624 8439
5708 1008
3370 5637
4151 9334
9397 7835
3470 6372
8483 3384
9321 7169
2035 6138
8388 6487
5036 7681
8964 4422
7215 2506
8179 1532
4830 3144
3976 6403
8473 7988
6896 5837
1187 9306
2272 1130
5496 5623
9863 6254
6623 8733
2053 1259
6253 4779
4890 8583
5180 6002
3442 7091
5827 4527
2852 5471
4420 7519
7493 4075
5498 1670
7576 1632
9846 4078
7520 3537
3232 5975
4274 7663
3701 1914
4576 7660
6393 6018
6199 7571
2463 7856
1520 2108
2891 9213
9711 4782
3878 4038
7451 8072
7320 7788
4117 8556
3583 7037
7198 8206
5381 2809
1562 960
2808 9444
5266 6800
5158 6252
8340 8551
5627 1283
9042 7620
3420 471
4961 4747
6797 8024
6815 5829
2790 6494
3492 2834
1996 8642
4227 1915
6566 3089
6523 5277
6615 8968
434 9853
3905 6350
36 2527
5883 6500
1071 9688
