placement model: 1slider
width: 10
height: 10
number of points: 5000
2843 3547
7060 5924
8943 3488
9359 4688
4790 1095
7923 1689
7847 3797
4972 6708
5547 1183
2805 9685
9499 406
5742 5459
2798 3617
8863 2787
2884 7039
4390 7460
8004 9021
4143 3718
9420 7728
8932 6261
5550 8715
9207 8784
6527 4584
6731 9781
2747 4647
489 2605
8234 3217
2095 3232
9136 8670
5158 6108
8700 6117
2306 7334
584 727
7538 6789
756 3814
2268 9288
2604 1170
9994 6253
5929 3872
7225 2992
5657 1975
7387 5344
8025 8899
6975 2622
5264 5218
6664 5646
5124 1407
6110 1860
6407 7443
8207 4220
7410 1820
8036 2563
8002 9292
930 9228
2265 7700
7677 3897
9395 4076
8778 3029
5650 754
6420 8035
922 8778
3459 8362
6001 9823
5797 8673
5696 6293
7758 5428
295 5447
1913 3056
5961 5576
6332 1337
5587 5527
4244 4933
9256 6431
1454 99
2147 5470
6852 4788
758 4850
6454 9483
225 1962
9449 5434
8354 7464
7967 545
6753 1467
3080 58
470 3074
5206 4741
4336 6930
8064 3469
7565 7177
3891 6672
8924 3099
4736 8936
1941 76
9022 9757
2630 3537
4977 4963
8770 650
7062 5009
8634 1789
9212 7791
3443 8216
8881 6877
5068 4519
3368 7241
7004 1581
8956 3245
6270 2688
1133 8964
3239 627
8552 1703
8743 2844
4314 4127
4044 1289
6043 6355
685 195
847 8971
7521 1203
1287 4777
845 4758
6038 47
6470 9296
1213 686
933 8305
5771 663
7415 2030
734 4476
5469 1104
2777 2946
5497 8182
8657 8683
2300 6396
2785 8386
2416 8869
1146 1428
9228 5817
7904 5480
5956 1108
1993 9304
6282 9987
2686 7207
4036 8072
5497 3458
5788 3087
5897 3791
459 6548
753 8573
3728 8151
6024 188
7943 8937
756 3109
9213 620
5638 8013
1826 3896
3760 6097
242 7284
7640 7233
2020 2516
1516 4687
303 3939
2927 9888
5038 7169
9733 6699
2965 2341
5748 4056
518 3826
6734 5678
2998 5284
9246 1001
5713 3216
6213 8394
7993 7036
7732 6018
2377 5323
3706 8443
816 3282
1005 4180
2202 2694
3845 8234
7817 5655
5184 1749
5594 360
2048 584
5705 802
221 6654
7725 5493
6816 5854
7320 6248
2714 5241
1154 8110
13 5089
784 7682
6130 4099
6680 3056
2230 9267
7617 2805
2122 7371
5761 7176
3175 452
5446 2697
2258 992
9525 2076
7999 9193
8468 3267
4422 6854
3483 5960
4591 9723
5670 7445
6568 209
8134 7672
6432 1963
8957 2620
8333 8543
7188 8227
8777 5100
2299 6634
6138 5240
4006 4462
6675 8257
9691 6130
210 6413
4680 1589
1223 7440
1493 4708
3907 8355
1017 710
6821 3318
2785 9258
9873 3021
638 3068
6329 6532
2909 3485
2200 8860
468 1674
1105 5952
617 1632
8807 3259
5757 567
313 4367
4501 9518
5199 8001
2511 2529
2817 5534
4009 1054
2626 1661
5428 9420
3054 5785
9574 2460
3862 4981
4844 8279
1520 3181
4922 8496
7407 5499
4322 6643
2622 9942
5052 4391
169 6361
3706 4466
8392 8571
655 6287
8920 8141
649 2179
3556 2420
7594 5662
4026 8075
7696 5844
3448 4642
398 259
8890 1231
3652 3525
1467 498
5600 4174
200 3398
4286 1555
1923 7400
1482 6484
3392 4079
9453 268
6014 9019
1151 9476
8500 8744
4832 8924
3261 4985
4687 6580
9659 4264
3955 5719
9223 7148
4707 9818
7028 6685
573 2377
1541 344
6888 1878
8605 9366
757 6110
4598 4526
4598 2737
9804 2867
3601 2200
4920 4086
657 2809
3451 3081
2545 1319
8771 6509
5047 9027
1113 790
7701 793
2510 4969
5815 7023
5622 157
5307 7401
9825 2634
9972 1791
917 7789
4941 7677
8730 7171
9693 7739
3398 7251
7755 1208
8935 2380
417 2564
9630 143
1203 7837
6229 355
6428 1063
8008 728
1773 2277
6409 7482
3041 6585
8547 8642
2180 2829
4350 8648
8859 8020
6205 6992
369 7346
9363 7564
487 6334
3613 9696
3989 9793
6954 1630
998 4455
72 3663
3297 1915
1688 1650
9490 5991
5006 6230
5028 4082
5056 7174
6133 2448
344 4193
3763 6012
3594 1258
9234 7993
512 7312
5633 7415
7092 7544
8836 9571
6727 2462
2310 1006
8659 8441
4839 708
4007 8223
1064 1430
8985 5104
3694 8426
2578 3456
6272 517
3888 8644
7100 3575
5396 1379
4206 3111
591 1883
2313 8347
1381 1856
2592 6603
7235 7017
5739 5494
9965 7131
58 513
5585 9631
6644 8780
5542 2200
1058 9048
6609 9011
9614 7789
4199 8921
4088 1127
7756 402
9410 3470
3799 4542
4359 6179
7779 3241
1706 7368
5146 5175
8939 7739
5966 5533
9076 6161
8855 3076
8863 6637
3745 8321
5711 818
5007 3320
4391 528
4216 5798
5012 9656
2940 4198
6476 4892
906 148
5625 7641
1352 9133
1859 1602
5310 8271
3447 7468
9481 7530
5658 4722
1254 6010
8734 8
1960 5030
6196 1786
9056 4649
4109 7938
5896 9947
8518 232
7240 5586
491 5488
1381 6503
6840 5383
8493 667
1106 8345
852 1301
8577 797
8312 1346
5182 105
8023 7453
687 4857
2352 7278
5930 8353
3146 8972
3423 2239
1492 19
4411 9933
1040 2938
396 711
829 5564
6450 836
7435 2982
9816 4809
5359 3523
3652 1978
3819 6155
4905 2532
424 8388
4989 8026
1145 4533
1429 978
8764 4224
7792 9010
7166 8622
6827 3918
4512 5167
6065 3776
3091 9321
380 5401
5341 967
605 8295
60 1185
9289 2381
4386 500
357 7196
8871 3192
7705 1084
4900 131
6589 4170
1041 3613
8021 8083
8363 4251
7927 9401
2119 5431
3404 5406
6749 1767
8103 538
387 9552
2568 6540
4653 6731
9645 5405
1723 5086
4973 4762
417 6965
9076 3724
5033 3953
2538 8531
50 2253
9562 5235
4175 5650
7320 9932
2575 9704
8780 5194
9479 9199
7644 652
8113 3703
9465 9103
4858 593
2421 3676
3436 7198
6832 9074
2575 5367
9354 4187
4055 2051
136 8328
6399 4754
3879 5440
9260 3840
8881 7043
3889 2658
8964 640
9797 2334
4912 6353
8307 9212
5670 8956
1082 7022
1590 4514
7635 6738
6412 4108
4879 1323
2862 7156
2070 4214
369 764
8439 2187
9799 9970
5061 4045
5275 8587
4363 5280
9029 9693
2435 6606
5863 2944
5491 9401
3420 8700
9796 3144
2939 3984
7045 2581
8888 2390
7523 5505
2842 5223
5126 2626
2004 7006
7878 5405
2070 2457
1015 8449
2838 54
7985 8572
8927 2343
4066 3926
1023 2478
4730 6194
2252 9222
3148 3484
8323 3029
6383 6561
8189 7960
1911 2018
420 1511
8719 262
1144 6630
1361 9719
9582 5800
537 9476
2545 5871
556 6851
5248 7587
1748 9262
4545 4224
5087 1331
9350 162
6242 3526
2849 6776
4033 2560
2314 7700
5893 7881
8082 8677
8662 7316
3858 3785
7719 2875
1587 296
3070 7157
6334 715
6169 9459
8684 9896
4612 8521
3044 3874
5895 4301
4763 5809
9490 9234
1018 7478
2602 1073
5452 8031
6779 1974
9424 2877
6828 2544
9423 4440
958 4381
2918 3845
5370 947
4138 5564
6641 8626
9714 947
2791 3363
6093 9977
6518 2472
8422 6350
5543 8383
8583 9490
7359 2366
2562 4486
7096 7108
1661 3130
3338 557
7061 1814
4230 9537
74 1241
8927 3704
7770 9900
3868 2695
6649 6155
5116 7416
3572 4820
703 9583
6363 8902
3771 3169
2436 9269
6577 3597
9687 7696
9306 6456
3295 2312
6654 9339
4063 3814
8202 3316
3375 3230
8679 1579
2780 4116
8207 2833
4 1269
6004 556
6942 5885
2987 2846
178 2785
2821 3410
3078 2222
7012 2906
9593 6313
8466 9985
923 5173
3663 3636
2605 6621
6761 189
664 4729
9804 3492
4668 4276
2506 7770
2536 7374
8482 6690
6589 6292
7321 979
2904 5390
9331 1995
507 7478
6594 4598
4337 9443
978 5075
9710 555
4521 5497
4161 3411
2725 3734
653 3649
9423 7357
8780 5429
5851 9266
9462 5834
4382 2131
4485 5584
3078 6117
5088 7691
662 3293
4742 2945
7913 4249
6777 7435
9341 9559
8744 171
637 2927
9029 1305
6825 8989
6615 2896
6787 8174
2108 4706
9496 8113
5468 6021
263 8307
5935 4609
4408 3574
5424 5289
3530 2782
638 8593
8337 3488
6849 6601
8918 6115
9567 881
6921 169
8212 9796
5124 5323
2902 9525
4091 7356
6511 6095
5825 4370
8408 2162
3484 1673
3467 6940
8344 6182
4786 428
7300 7528
8719 138
413 1008
1803 115
9151 9458
8406 7924
4063 4356
5161 1604
2494 9130
4751 8757
1082 6542
3939 7852
5206 1175
6947 3034
5779 2263
328 148
4936 2254
1843 7047
1206 889
2823 4584
5522 4684
3673 4793
7771 9000
8837 963
7324 706
4530 2012
5402 6938
3910 4923
7444 4035
2375 2374
6381 8392
1277 3048
9718 3942
5671 1936
9598 3588
8636 2616
4002 2968
2715 499
9562 9251
68 7271
7405 4644
3437 2835
4394 6804
6151 8739
9467 5226
8541 6106
4111 7807
8513 9974
6934 4903
7317 5008
7748 2985
136 4303
9509 9693
5973 985
5507 7848
2814 7068
4626 7776
8210 6026
7906 9070
2758 7647
9363 6314
9604 5942
1274 5668
6712 7831
4074 4994
5713 4835
1654 7760
9383 5278
8373 5241
3314 4315
3112 2611
8199 3096
3061 4707
400 1544
4790 2944
8092 539
6113 5603
2233 7346
3979 7668
1321 4893
2592 4486
7099 7135
5352 9929
2008 7182
9171 8012
6225 6613
949 2384
8019 3170
7388 9036
508 5486
306 2069
7223 1971
7739 7427
3232 5345
8024 100
1905 9246
76 9491
8870 4925
4961 291
7453 3501
8909 4302
140 5844
5134 9851
9720 2440
4473 7046
8980 871
5069 5143
400 3211
9350 8016
342 3621
5127 2546
921 3715
9853 6052
7346 3368
3282 3043
1958 9201
8984 9933
3843 691
3752 8468
9802 7496
2959 5560
2441 2048
4414 233
980 9344
6893 6290
4531 3042
1919 3580
8408 1594
6072 9083
8683 1526
8086 1419
3718 6399
2048 7212
1546 1483
7759 4649
2716 6967
2510 4883
7848 824
7970 5433
934 8828
4300 835
6093 1703
6303 7450
5872 9446
3706 8731
8119 1262
9886 3973
7110 6823
1542 5180
2210 5846
2039 6392
4205 3475
5140 6167
5330 2476
9909 1208
369 6140
3573 3533
4588 5972
2341 2853
9841 1491
5081 4991
3853 4085
9821 3229
7495 8827
9761 4698
435 1568
43 4502
7192 4724
9483 3895
712 9821
1968 2607
5017 5073
8626 5673
699 7919
990 2037
1938 2871
6716 7470
8985 6842
4581 5631
3295 7472
6789 2060
2490 5770
4258 8584
2157 9414
7997 8531
6959 3012
6101 2284
4341 9486
7293 6534
98 9175
9738 5298
3920 1756
7386 6254
4867 1236
9133 1745
5598 7856
3095 5926
3342 8564
2460 8525
1039 1029
1303 1926
1889 9349
5140 327
6435 1783
6668 4839
3119 2926
7991 8867
3769 8746
7318 1943
723 8253
308 6725
733 8808
1943 6929
8249 8002
3823 462
1893 9285
4928 9414
1625 5491
9985 6367
9113 9242
204 4778
6408 9160
1318 4325
8343 618
4158 4932
6572 9033
8989 9276
4973 1497
6489 9993
9291 9782
7351 5962
938 5141
8149 8160
6001 1173
6998 5192
835 232
6053 1468
1040 242
7574 6308
4925 3678
8910 8328
509 2979
5525 4804
6456 8847
3712 2488
7166 1623
7157 8408
2968 5902
8092 6897
7262 6832
473 9865
1303 7660
9644 1473
7024 1597
1992 619
2961 2773
3455 2339
5022 9637
1791 8713
826 3198
5386 9130
7482 1423
821 5266
3875 2007
2306 581
9965 1562
822 46
1437 3284
6464 9235
5407 6148
7010 9762
3453 5382
3771 492
6516 9620
4280 8704
3660 9774
1418 6007
8623 4821
6445 1057
2060 6595
3238 1270
4794 4676
2285 6
3602 5924
8453 3704
4615 36
6575 2490
1275 9546
6714 6487
3520 8028
6064 4906
139 1539
8038 1025
5037 5389
1252 114
2536 3902
9424 8188
8390 9428
5525 4374
7503 7906
9188 9031
1931 9142
735 449
9080 4739
4268 8128
8430 621
525 5476
308 5551
9629 668
5977 1113
664 2595
5908 5203
9846 1426
9468 8741
8182 1179
7302 5980
5396 6935
1184 8989
2079 136
1602 1391
4263 5383
7022 1133
5573 9264
8023 80
5536 1221
1305 7810
8131 4447
942 1838
9400 3132
3790 2742
6227 7494
7249 6411
9144 4888
9753 8328
4573 6450
4692 8298
9505 759
4640 2976
5062 5285
1784 1741
4182 1185
6367 9206
9640 8657
7288 1543
5172 1372
2238 7702
7342 5444
411 8781
595 1841
4099 5345
7447 7381
1262 3496
5690 2019
3582 2087
779 8378
8403 1341
5700 5299
96 1776
3371 1894
3503 6156
6582 8103
9523 5322
2788 2286
7906 9705
8833 7319
289 3739
9226 4842
8281 3827
9622 8461
6194 8763
2844 2921
1414 3451
4532 5864
1679 1122
2507 2267
8388 6033
857 8626
2365 4579
7768 5938
8008 391
5605 7797
4158 8757
2583 7294
6667 8333
1879 9552
8001 9953
9523 8166
5937 6745
3510 4346
5662 8719
8633 5682
9634 4902
6847 5722
6611 6020
3346 5700
8005 684
7489 4587
8038 9314
2811 276
9467 2290
9343 7518
3377 2036
9752 1848
5399 6256
6675 3152
1816 475
4324 8475
2199 7741
9146 7242
1733 6943
619 8592
3475 5750
9226 6097
1658 1681
8183 1141
9898 7890
8199 5899
4418 9682
2908 6718
5704 7411
6968 2191
4774 5069
2091 4513
497 7781
8506 3102
1771 3342
4421 724
4347 5437
5225 7069
7353 9942
4233 5616
2766 2429
5983 7675
4891 5114
6008 4791
7495 2200
6877 2318
2239 4600
279 4762
5805 1585
1315 7103
7414 3569
4616 6606
6323 8141
4664 9750
2713 6906
5586 1200
7256 573
3035 6721
6996 2352
3274 757
6176 1067
7724 395
3371 6876
4977 4296
3434 5251
5417 80
2255 2416
8094 2948
5770 5615
7194 2857
8002 1410
9184 1864
2353 3365
4623 2223
3577 8725
1852 6733
6688 4819
8026 662
7873 4351
8619 4328
3261 339
7508 7498
6188 6296
6870 8620
3317 1668
813 9927
2479 2741
6152 4827
3174 8235
2654 4315
7499 6693
7238 5523
2305 2731
4745 8369
1266 5722
5807 9940
5445 1097
6403 4363
2972 7113
2723 2424
1768 7097
8687 3516
3444 2826
258 8559
8991 8560
169 9283
5223 3452
5069 9016
3943 253
7547 8596
4239 8383
6966 4837
5780 4006
8907 8997
6114 4726
1803 2538
4530 3612
6181 2642
4270 4921
5523 1340
265 6267
6145 5495
2412 6081
3409 3198
8254 7074
3384 8520
7494 8672
9199 180
3345 4510
4506 9019
2265 7696
2860 5406
6612 605
3646 5491
2338 6877
6347 2883
3132 7078
2928 2470
9226 6124
3150 2794
5875 2844
5935 1097
6542 8385
4666 1238
6037 353
8444 2749
2661 7161
1329 6940
7935 1252
7375 8855
6206 4550
8653 7583
2943 4350
6456 4783
7169 9105
9972 4337
9006 18
2621 9485
7358 5188
9822 1855
365 3562
2833 1919
5397 7998
8120 5062
8098 1859
9020 3535
3893 531
9459 700
2982 6988
510 1337
7673 7184
820 1343
7232 6839
6608 9748
8106 8430
8732 3388
9783 3805
2918 1137
5202 5935
3954 9772
7959 8437
4785 1555
6599 2525
3554 6348
5341 2882
7452 5923
4248 1228
5880 2176
2559 9165
1715 9456
574 4034
7339 3929
2232 3224
8350 3620
6335 5714
3462 2456
6846 4307
6952 3994
6650 5940
5002 6899
2210 1336
5158 1312
9683 3287
2866 1555
2255 8200
6049 8312
1593 5334
1780 1168
9376 3730
3354 2180
2573 8449
576 8331
6228 7777
3279 9993
8335 2443
4890 9073
4828 9457
2740 6645
5130 4747
3511 3353
3198 2336
4086 7965
6596 4843
9844 2722
2172 3377
8170 4124
3314 2214
2958 5178
5077 3065
4927 4440
6739 2128
6351 3700
2239 5618
3822 8515
7738 6516
8428 5700
8538 9325
7715 6759
3246 4884
4399 5065
3638 6571
6658 7156
3580 7503
5278 2004
5551 7874
3115 4757
2482 2702
9117 4503
5552 2774
876 7979
8100 1254
5084 1462
7076 9703
8056 9309
490 5772
179 1274
9347 9629
846 8406
8645 779
7886 7089
2204 5560
9067 6724
3868 4227
167 7170
5455 5143
5092 5650
9300 6156
1882 4513
3898 3074
1834 3125
1308 5
754 2072
2570 4503
5882 4713
1788 6509
2738 4161
6112 1171
4135 2429
2744 3426
1473 5594
527 9946
2783 8055
8666 4101
2618 6961
2909 6228
9930 437
7103 8638
3722 847
3941 1723
1737 9044
1794 4543
2993 4881
27 5095
1891 1054
4585 6439
9165 3240
3526 5404
587 2247
1802 1359
1818 3840
4211 9785
5801 6070
8037 8717
6411 8857
7951 5696
5928 8353
1891 5728
6489 9639
4714 4310
3148 9643
1117 8244
4080 3394
8778 9640
2982 1282
9604 4124
6338 1666
3610 6120
3713 6378
964 774
2510 8838
1009 5298
8611 1881
5851 935
3359 4739
2911 4640
7785 7757
2748 4751
3208 1163
9413 8251
5077 4243
4316 538
9780 9802
1450 2320
4954 1614
9105 6318
594 4878
1891 6498
5743 5774
8656 1048
9699 1283
9965 6853
3097 8353
2470 1390
143 3459
8255 2896
6331 1442
1323 7005
561 9518
7522 2200
1863 6696
5973 3692
4248 5408
4096 2930
131 2048
1838 9805
8810 3724
8388 1241
5817 5108
3154 2557
8190 3571
786 3433
5366 648
539 6718
1470 2890
1023 9957
5481 324
5153 5796
8291 7748
2399 6884
3579 5035
6630 8678
6883 6366
960 2327
4242 5402
8677 7895
6948 3599
5178 1337
1379 7341
3269 1504
7653 3255
668 5552
6098 1381
9534 1169
4147 9594
4828 8322
9673 7156
7339 9972
8480 1055
4878 3197
5666 4808
8439 8952
7530 3459
5607 8938
9841 3559
8452 4796
3609 125
9355 5184
2175 4048
6404 6689
4021 7844
3865 4206
7872 2694
6943 737
6829 4774
3437 3556
2040 8358
6870 7762
9845 3541
942 4784
9748 7526
9695 7394
2830 5835
3631 1755
7760 870
45 8329
7776 2903
8736 4088
7163 6606
8089 3203
4686 9658
6478 1139
1893 3175
3903 6905
127 1324
9226 6669
5403 4472
8403 2046
6071 1760
9052 7469
3557 1865
3454 4476
3963 4746
3310 5809
6021 3243
9923 4678
8690 8937
5176 2277
1417 4618
8995 1886
2199 2319
5815 397
9940 2023
8973 7982
9479 8174
4190 9315
623 9747
2593 8727
1361 587
9878 6517
8815 8136
3868 6622
713 6916
7332 8757
5481 4862
9963 381
1597 3734
8588 2164
5926 9572
7021 5089
2390 3179
6218 7416
2336 6838
5149 931
2347 7152
5682 7063
4285 5435
482 6028
4036 9778
1256 3133
7299 1630
3679 8212
2944 4562
8623 7228
4394 5768
8213 2156
1068 9695
2020 3502
8169 9608
4152 1792
3954 3854
1090 4717
1469 3653
161 5774
3105 9081
667 8446
8901 8197
1432 9568
5133 8988
4716 3575
1654 2486
6352 4504
5385 6984
1040 6367
5814 7847
220 2461
2259 2543
1584 3012
8212 3289
8528 8077
6703 327
1604 5729
8354 3764
1280 2131
9366 1511
3842 1033
8318 2751
4787 7814
1050 7931
5769 5809
8753 9395
8271 3569
4912 5299
939 8927
6660 3399
1105 4434
232 6100
9258 408
6428 1811
5776 5988
2005 3032
778 7119
9589 6489
2135 5958
2639 2660
307 4063
4313 4352
198 5307
1647 8108
4546 329
6238 8505
4657 7125
5332 3316
5304 2689
7261 7595
9236 4439
1061 1825
6536 9510
7358 5264
6214 1221
6916 6493
7554 2105
4432 7917
463 539
9387 3627
3974 6573
2101 4211
487 7169
4320 6115
646 4598
5148 9110
6905 4173
7855 8405
7984 1533
638 9813
1135 7981
3880 3990
5296 7358
4411 2296
9591 4424
3166 8024
9902 275
613 1189
6027 6119
6847 3008
4495 6839
3641 1234
9336 2743
6438 8650
9095 1196
5393 4083
6356 9803
4392 524
7007 587
1884 1958
776 1323
9101 5198
2622 3848
4865 2423
2204 8253
1315 131
7656 3827
5017 6944
1531 6272
5588 7944
9447 4506
2366 2519
9980 8311
4753 7217
845 1089
8081 8245
1203 7179
7118 1814
4607 8771
2454 6528
3011 186
666 2125
3298 8136
7393 3841
3177 6355
5985 4779
4257 2843
9270 9318
2109 1482
92 3491
808 2038
9576 468
5001 6397
575 7763
3092 7800
5991 9664
9041 9276
2104 9936
5327 3586
6160 1820
7989 7093
2885 6626
5421 1336
1167 6069
375 2905
4727 3471
818 3049
6785 7348
6318 6021
2700 7414
7121 3138
4093 4340
5092 4076
4368 8193
5475 519
1829 1340
9613 5949
8779 1203
9665 7415
3892 6562
1090 4012
2790 1750
3515 7177
9016 5117
1223 7660
8333 2254
6192 2908
5213 7554
5310 9767
9265 6188
4737 4190
6849 7139
1987 4471
1597 5186
1546 1027
782 76
5140 8772
319 5103
1010 2933
6887 3860
3943 3428
5400 754
5001 9202
1238 2325
9501 5014
9429 9006
466 8710
4690 6248
7165 3042
5940 2036
4180 7307
2970 3546
7861 8197
5459 664
8825 118
6753 825
3043 9786
8342 8691
3668 4667
2350 1779
8929 3756
9060 1051
9636 6645
8505 7529
8672 367
7968 2324
7990 1274
8572 6017
7225 7206
7388 5443
2350 66
6949 7432
3994 9333
8896 3421
9184 5898
1307 1105
5874 3301
1802 2560
2321 5551
8889 1053
8462 2533
777 7393
561 2585
743 8840
6822 690
2367 6650
6160 6543
6994 9719
2597 8877
798 6936
5021 3022
9838 2323
2256 8621
9612 1250
4243 6790
8302 4963
6674 6372
9391 6047
2827 702
5802 3794
6241 7827
428 1568
8526 720
3850 8922
5900 1424
2585 4265
2589 3152
964 8520
5715 7268
1085 6517
2480 2640
4617 9527
2368 512
52 1039
8565 8172
7318 1501
8485 7991
5210 1303
2473 7529
5010 2183
8271 4807
1426 9070
7480 6728
2894 3793
4151 5017
903 7755
2114 4380
6774 7257
9619 4203
8370 9796
8217 4923
6485 5592
2398 3911
1348 6971
8485 6623
6591 418
2507 8798
7818 5607
9615 8022
929 3831
7952 1147
7100 3546
5827 9455
5718 4769
2946 4295
793 5745
3776 3809
2155 8648
9318 3298
9341 2726
2993 9124
3457 6736
3851 9374
6764 5909
7610 8719
2953 9517
1790 2213
3288 1034
2784 4718
9844 3261
2190 8183
3177 10
9629 7076
5268 821
4468 771
5450 7041
1556 2989
9853 1542
9962 164
9005 9495
6758 190
3895 6601
1525 6360
7755 6598
4152 949
9710 8423
4422 3695
6500 5520
3769 3656
1557 3391
9165 9323
316 4235
7485 9532
5961 1349
8542 8257
6934 1667
2982 9456
1513 6182
2915 3928
1215 4224
1431 235
526 6530
4829 7449
6334 5711
5986 8026
3747 6473
3360 7340
2308 2764
2637 4696
1562 64
9373 5280
3754 7064
3518 5544
7093 8192
5086 1403
2637 6234
4854 4268
2163 7574
3266 6311
5824 7194
4366 287
6099 3387
6746 9525
7307 7858
1655 8954
6636 3449
994 2309
8137 2662
2282 1998
6822 1918
9091 2560
9237 8280
505 1873
4287 5161
2044 6700
6055 117
585 9133
7346 9643
9752 9539
1869 7316
2854 8346
253 975
4875 2346
5509 4794
6698 1796
3413 2705
5670 2063
8227 424
9129 8513
6006 9611
7707 2626
7634 1647
5457 8884
8434 6349
5858 7652
5205 861
5791 7417
1358 7178
3349 9100
644 3699
7365 5050
674 7893
9934 3818
8929 1368
6769 9468
5569 826
669 9200
4899 6251
987 1088
9155 8966
7371 2459
1830 4422
9384 4590
5968 6483
964 8652
677 3384
1368 8997
1959 4811
9643 1641
8866 7459
8587 9006
3989 9331
7388 6558
119 2357
4598 8686
4056 6593
7140 5386
9589 2640
2645 585
2446 857
1795 9017
9874 2773
8498 1853
4518 7282
3252 8767
6173 6974
3202 7362
6564 9795
87 1705
5164 2172
5848 2965
2811 6045
7794 9760
2678 3845
210 435
9753 1823
4913 76
5291 1747
5960 953
6601 364
1065 6940
100 2019
6186 690
119 4509
8930 6303
3759 1160
2850 852
9901 7032
3537 6133
3045 3105
8508 9615
5893 3410
6567 848
367 2876
4668 2084
8305 1701
1069 7084
8250 2634
1112 4144
5269 7476
5213 5740
3011 6008
3930 2286
2578 916
2259 3368
7077 6412
845 425
5419 8575
9297 9293
2175 1092
5045 8229
1198 9802
5411 5450
1915 378
524 1328
3317 6450
8209 3237
4775 8515
8733 2953
2990 7457
570 9636
550 568
5590 7433
9377 6144
8784 4377
3539 1545
6238 7140
2881 838
331 6429
8010 104
7175 6254
6676 9634
9058 1033
6929 9799
326 9767
8006 4975
9666 7873
5183 2324
9680 2696
8719 4543
7388 1487
7756 6528
2691 8539
1787 4933
274 9213
2199 6378
7346 5960
3064 4731
1510 5009
5046 3951
7191 7757
766 3579
9248 7732
683 1182
9950 141
1257 5042
4569 8191
1814 277
4163 4265
3166 1456
5255 4521
535 1773
4260 7165
612 6462
2472 1305
8065 5550
9376 6918
257 5491
3595 7864
1468 3428
5967 4203
6075 9356
8567 1957
2120 915
3638 8220
6145 9523
3198 8143
330 9960
8940 5860
324 277
3258 925
6646 9825
3949 7120
5339 5066
1957 3477
2652 1476
2062 7343
1953 6066
388 3154
6163 5724
7978 8097
4448 4554
6343 5278
5956 8981
2705 3332
4388 7258
5942 8290
3479 3188
4316 7169
6958 5292
8420 6548
3092 7735
2758 2029
8753 9607
7374 2839
6440 7403
8160 6395
7861 2940
2159 9313
3752 2712
3968 6193
8403 6544
8704 9999
365 7145
6236 8102
1905 5371
4488 383
8482 407
8941 5852
4800 1498
351 9578
5401 9315
5080 869
9158 3680
8139 2716
1231 5130
37 1567
9798 1563
750 7480
3210 2561
3210 6230
9468 5567
8204 7008
2341 6290
1960 4555
5805 3883
1023 3344
681 4123
6005 4046
3147 221
7915 7790
3394 9689
6482 6122
3681 155
3168 755
4372 1186
9088 3442
6515 6351
2632 3499
7931 1653
2051 2014
5294 4840
6017 2930
1160 6868
7710 1030
5286 9711
4280 9187
8898 1525
6331 3515
3515 3854
5035 2735
2493 4502
2179 2924
5425 6283
4341 4172
3931 6863
9497 1485
3235 2880
4457 5857
8644 6399
8566 6505
3025 1434
1786 7383
3811 4609
565 5398
5430 6807
3861 7142
5426 4381
3861 2762
5267 7893
3578 8761
1379 7926
6043 2084
4130 7052
3377 8215
3258 4900
233 31
5245 3920
5334 1452
6109 6165
9865 3661
8080 1621
8858 8884
8504 7000
6475 9897
1251 5926
1605 4315
8605 8473
9760 8144
8395 9634
2153 291
7774 6892
5102 8709
376 9375
2351 1242
7716 3665
8914 8323
2890 1683
9419 2428
5394 2142
4218 2409
1943 8497
9185 5317
440 6971
7443 3896
3998 2075
7330 2467
6616 2001
5316 9923
9008 3669
2284 8487
2346 8368
2561 5093
7105 9111
3535 9050
9852 6045
6749 7748
6152 878
4144 7584
7495 3638
1606 9118
2126 7478
9242 5051
817 5118
8442 9764
4219 3548
5060 1540
4784 8620
5332 3016
4192 9204
5419 6322
3006 4745
9463 5484
4635 2585
4663 6177
5025 4158
545 8383
9531 5941
2207 173
3536 5036
1312 8744
718 8381
8542 650
4406 6048
4508 1093
7585 5974
1171 9316
440 5956
5216 3675
8583 3485
8431 170
5681 7803
389 7242
2630 2713
6199 1734
6916 6839
6687 9606
8242 5910
6769 1371
2342 1780
8354 6703
7937 1892
6972 8700
7863 6581
7662 9833
6291 591
6097 1440
5194 2029
8963 4933
1413 6572
460 2502
121 7301
9304 9512
1679 9546
2097 2569
2593 968
7508 9066
7455 9496
6161 558
4058 5505
4936 3871
478 4274
6210 8806
2151 7132
6572 8461
998 6876
9442 2050
9583 6261
7748 2066
6832 7893
259 5397
5664 9047
8496 5869
6314 1154
5477 7848
4052 4281
3931 6482
8404 3111
1995 5826
2492 6985
9073 7164
7445 7592
2470 1595
8259 8009
4182 102
327 3874
1803 9414
8081 1092
9932 7086
7415 3032
5027 815
6249 2230
489 8226
2138 5022
5581 4815
5144 6447
9817 9778
1675 1783
2145 9453
3108 4780
4021 2427
9186 5245
2953 9662
8273 4662
8479 2879
6588 7188
5562 5115
9646 6391
8654 1173
8237 1592
2782 3020
7777 5254
2452 469
9951 1630
5792 3114
5344 6059
5970 389
9928 610
4419 1286
6137 9655
9526 1213
767 3502
7594 1909
7207 7315
8549 7866
9365 6814
6949 2177
2314 4937
1828 9277
2534 8304
6767 7240
7417 604
3065 9067
1780 1923
3078 6316
7906 8201
9036 505
7363 1407
9663 8036
7156 7184
1047 1058
1396 91
4560 1461
3734 3964
4794 247
8033 8325
5098 8275
7407 2618
4745 1301
9639 1557
7651 9126
6204 7904
278 7595
6448 5016
9672 1678
958 2064
7740 8755
9615 9657
1183 752
6723 4533
4407 7354
4522 9335
8047 8702
5913 606
4232 5852
695 9903
2575 1410
3034 4001
3005 6350
2762 4469
5499 8242
8139 8764
3038 2663
6594 4847
2344 8339
4301 5103
3013 2872
4073 6702
7100 2524
2895 9889
5180 2655
2904 6132
3496 9294
5858 2684
1675 2824
7023 8463
9147 1628
2259 3599
2260 2067
7505 9986
3036 8722
8550 2280
3018 2379
5050 4865
759 5302
8504 7153
1756 869
7952 9273
5804 2167
6140 5693
8925 7926
6852 4435
4895 2733
1918 7427
9435 7764
3997 2499
9734 6056
7322 7888
6256 6991
660 4539
8246 4249
7957 3852
3539 9898
8703 1722
5281 8445
3007 408
2524 8294
6380 621
7608 3061
7049 3045
8493 4290
9367 7975
6125 9519
4725 5082
8349 3558
6245 9833
2311 7797
6541 8211
9618 2083
8134 5627
3956 8775
9644 4071
5323 7673
8404 232
8302 4008
8906 6283
2268 9971
717 8505
1407 2783
6088 5318
5046 7146
3476 4727
633 6777
9876 3658
1091 7970
908 3986
5696 8907
574 6351
5933 9133
9878 5252
3841 6197
9453 2247
5351 4200
8534 964
7051 1627
829 3211
9110 9399
4601 3033
8728 4906
7347 5216
9208 6063
8361 5470
2333 9924
8626 6206
2835 2304
947 3773
7856 9484
6908 7263
7759 3807
7901 9310
5055 5426
221 6879
7003 502
1577 4026
2812 3867
6083 4746
9446 7260
2440 7794
129 5325
1249 1734
9627 5274
7794 1501
2439 1723
1728 895
2153 4420
5367 1364
8326 8926
2953 4932
33 2784
7419 1503
7472 6322
1184 1615
7559 9791
5211 8667
3065 8748
9781 3488
3626 9114
3764 2821
299 7128
2643 4495
9435 7945
6915 823
6301 5437
5611 4351
9414 1507
163 4770
486 9947
5283 498
3172 4326
4088 8580
2485 9666
3506 8871
1665 4268
3759 2529
6445 7872
6245 5943
9938 5022
7155 2792
6340 2502
1511 2963
1202 1252
1689 6611
3334 8316
9808 4066
9310 5461
6216 4776
7430 3982
7499 2348
5878 7667
9807 4249
2172 4309
5297 8207
2867 4197
4926 335
8768 7434
6138 6075
5421 1395
9785 2520
398 2398
2948 5237
6637 6764
582 3796
9700 9384
3281 9876
1582 6957
1622 7737
6034 6371
62 6121
5845 7541
6823 4696
6773 8113
6212 575
8435 2155
9419 55
6326 9613
9722 6354
2960 1586
7877 6345
9744 9907
1578 8599
496 9648
7596 3102
8101 7598
4113 3417
3077 9350
156 8371
7485 4064
7199 6270
9979 3290
8752 9688
5059 8917
6573 9234
951 2206
6463 4274
1489 5385
5278 3830
6461 8489
9100 4458
2759 7331
1826 793
1217 9563
9445 8797
6933 1403
6180 7679
110 3454
8151 4875
832 6686
5834 8058
9012 9612
768 7058
5615 2688
1390 6904
475 9916
6247 1014
7049 7266
8584 3995
6269 169
3172 714
2101 199
8815 5243
72 8269
2412 5797
9375 7407
2342 47
7584 7053
1497 905
4015 1638
6708 9480
2022 6669
4164 5131
6897 3006
8695 4626
2255 8464
4631 7117
7270 7681
8164 4550
5351 5674
9155 7693
3359 1379
5844 716
9957 8547
5415 1811
8083 1551
757 7913
8286 7291
2718 6568
7746 9455
1750 7445
2781 3518
613 4455
1563 7679
405 141
5303 3826
3019 6178
2778 7096
8232 4014
388 4691
2967 6723
3769 8010
1807 7260
3482 829
6110 1949
4339 8541
8994 4243
4244 8280
7997 8379
9189 7498
5767 1799
4687 5232
4526 2513
6770 6168
1858 2735
5577 4694
5644 5984
1969 1465
7452 4178
2166 8878
7296 2403
4574 2055
3954 9537
2450 3109
6330 6555
1229 3387
4319 7128
7753 2922
802 1345
9947 2982
152 2395
4385 9601
8134 2963
7157 1574
2695 7641
8684 3272
5735 9621
5423 3344
6708 6950
3829 9988
7326 9584
7163 7275
532 588
1640 4030
7571 6428
8384 3616
7222 3688
9209 9554
2442 795
3065 6208
6893 4817
2010 180
8281 4216
7243 1441
8023 8069
2390 6680
5866 4567
8542 1977
3812 3536
7049 9636
4877 5280
103 2737
8000 8494
6283 114
8400 8041
5730 8055
1676 3318
3461 1344
7209 8726
2646 6484
8743 2204
2640 9094
1334 1712
3679 8267
9172 567
779 9415
8807 9346
8622 2518
9764 5323
2313 5729
5070 9400
9370 2947
9995 7601
8140 769
4685 7513
7888 7295
3496 3658
462 9400
3032 8398
1466 2752
6448 2327
8990 2809
6691 1547
8260 9674
7563 8934
1819 9572
4006 6118
422 3767
7614 6276
4643 8829
8615 4539
724 1891
4733 8103
1271 8029
1105 4754
5470 2525
66 269
4347 1196
2692 6729
1393 1062
106 7081
5191 8227
1873 4190
1696 931
9319 9509
9234 4139
6876 3518
793 2966
5017 6363
3125 3013
8097 1745
3489 1933
7554 4437
6305 3186
1722 1546
5540 4833
6208 7753
9926 5090
6425 9227
3782 5781
6175 4530
1817 8777
3061 4218
1388 581
5114 659
7887 290
6380 892
5368 9193
6147 7068
4088 1761
9775 2072
501 4578
7448 8911
8133 6420
3293 3538
6510 2443
9715 1015
2276 9411
4818 8915
1064 6061
1445 2261
8488 8669
9164 5897
1985 5158
2320 7074
9319 6657
7979 7073
371 8285
4155 5323
7022 965
4656 2174
3248 6504
1224 9992
3586 2979
8778 2553
2903 7411
562 5866
7874 7530
9947 8054
8484 4024
2991 7216
3136 9018
5359 9230
3060 3359
5923 6143
7145 4927
1708 7772
7314 1375
5452 5615
5963 2875
8491 5367
5543 2319
9734 9322
3688 9882
2721 9088
2573 5095
5894 4401
9458 347
5032 8676
8912 840
3102 1710
3674 8096
7780 4521
4708 4315
9542 2588
7967 6652
6068 1535
3226 4342
3280 6244
5515 8029
4258 8253
3274 1781
2183 8952
2120 4596
2241 202
6991 620
4054 8479
2473 4438
4350 9682
206 8711
5741 5344
3310 6941
8302 8139
570 1159
1331 7330
6010 5765
5135 6710
1209 697
9772 273
900 7323
2070 4227
348 7609
1575 731
9522 6576
1063 531
7537 6240
8025 9736
2706 1892
4161 1631
6964 3596
4109 8448
9447 6724
3146 1473
4918 6060
3925 3095
3570 3433
6494 5948
3133 8008
5723 371
2363 7982
2041 629
988 6667
9816 5284
3080 6461
1601 6772
1340 1586
6559 3706
5950 2252
4468 252
6141 8157
1075 8306
7044 9296
5207 3754
4913 1883
2852 4187
8745 7815
1741 4988
7603 9653
5696 659
6956 3237
6666 8946
2379 4823
5389 8010
7676 9747
1301 7612
2301 4644
2315 479
4864 6959
3677 1414
1660 3610
1377 3820
2341 6077
1668 7435
9410 3054
5155 28
2045 1482
5693 5625
8940 2603
9745 6218
4819 1359
7711 2558
7469 4943
3963 6274
4927 97
5305 6691
6690 2825
4250 488
9739 274
8121 9206
9327 6637
7790 9270
9272 8234
4767 7234
1166 1675
9986 2827
2865 6081
7191 43
9567 7896
324 1660
2305 7239
5916 7457
9343 3878
1792 2361
3216 631
4726 704
4877 1160
100 4404
1120 1884
693 2204
806 7371
2989 7182
9073 5732
358 2744
6743 2734
5593 6215
1602 2566
1070 1731
9093 5582
5190 9953
6925 432
8439 9838
2264 5691
5725 4442
4008 8475
6538 8800
2893 1597
2377 8436
3121 1043
2277 8974
727 8351
669 7660
3747 2479
4177 2533
8831 1483
1456 8790
5315 4719
8535 994
5561 8078
5956 5812
5259 2603
1540 5097
7739 7605
305 8171
2426 7010
5862 5344
342 5
3887 4109
8382 3211
1996 4411
3147 8037
7644 7914
8045 9995
7712 2822
4289 4713
922 7253
6853 7447
4100 3849
2010 7107
5104 3948
397 5454
66 7743
5996 1982
622 1653
3929 9016
8449 7877
3221 8427
1878 2116
8511 6118
2182 6205
2065 957
719 9376
6400 9228
782 7786
6376 4894
3495 1766
7598 7956
8803 3284
822 4009
353 1982
7616 7013
1858 915
2898 4583
286 9849
3943 5634
5964 1986
4483 5067
5225 5059
9087 2837
5333 5485
9727 4117
6657 8513
7217 5519
6721 5864
7095 5616
5732 6714
8539 346
1751 2619
5357 4650
8748 4038
5856 4929
8110 8455
79 2347
1028 1579
9726 999
4644 4652
7050 1845
909 6648
2440 9688
3382 5707
5720 2873
6183 8073
8795 6314
380 6356
5099 8932
152 5304
38 7982
9326 1483
7937 4771
6136 5019
1355 5155
6228 9495
4238 1201
5524 4036
7812 3751
460 6922
9324 5315
2996 3550
3028 5942
5476 668
4935 8462
4453 8899
6592 1947
1112 8806
1872 4133
9927 64
9344 4532
6686 1281
64 9363
2143 3654
1060 6755
8385 4273
2473 3121
3429 6613
7379 9635
2193 9700
487 3877
2803 674
1032 248
5452 629
911 4665
2473 9750
9641 4132
8018 4416
2683 7845
8373 3979
7088 9595
6601 9721
7052 9032
3854 7680
8819 6983
7523 2422
6799 3627
3175 3432
7845 2348
7901 2278
2822 1898
6032 2596
9628 4124
4381 1832
4631 4025
5301 7359
358 8570
5628 7891
485 6730
3881 6717
8668 4943
4681 1249
8915 3968
5274 1598
9932 8579
5763 3403
9356 7660
9580 304
8012 6326
4873 941
8622 5669
1852 8048
3229 2504
5171 827
3442 3383
951 3516
9341 4575
6062 8265
9653 6204
6323 5414
2625 7072
5249 3591
7194 6464
7361 3892
8912 3040
2711 9588
6924 2534
2776 758
1063 6857
958 3396
5727 4374
9189 9045
6311 4021
1659 4905
9035 570
6236 4407
9035 913
7682 6284
5766 5119
7861 1118
8267 4606
1257 7885
336 5966
1051 851
2731 4358
8074 1732
1620 5695
4717 9847
6759 2313
1784 9502
3921 3709
7301 6266
9768 2725
8189 1756
6600 272
8048 6832
7255 7728
7422 3049
3236 7602
561 9419
9407 1669
2708 4641
9527 9756
2555 9912
4847 5123
6493 9567
8158 3605
8984 167
3828 745
7449 1044
4034 8323
6874 4036
632 3103
506 9644
9958 3169
3841 8898
2478 8543
3870 1346
6391 5566
102 9026
136 3994
5490 2385
1254 9329
145 2833
5426 3996
6380 2584
8653 2130
7220 5231
4926 2228
3879 7347
8301 87
5682 5713
2321 1326
5156 818
9302 8997
571 4286
2936 2979
4983 3172
9111 1360
2355 8615
7818 324
4908 5603
7050 4588
4446 2297
8308 8401
4790 3474
9917 5557
366 5796
6953 7872
2207 3214
9436 4767
9678 1736
3065 5503
5557 2260
2329 3457
5044 1603
6187 5390
857 7230
428 7533
5745 2424
2419 3654
344 3262
7210 0
6757 73
4333 1061
3355 4781
1166 163
4469 6322
8506 3142
5808 9046
5687 6099
6592 4862
5374 6539
7317 5479
7008 4841
3401 8359
5654 5515
2856 6844
6079 2723
6135 3516
6578 2776
6090 9654
6413 934
1928 8329
4113 3543
9790 3201
5280 4757
840 5767
3688 3514
2274 7941
6154 9740
6193 5007
434 7323
7255 1184
2039 3437
617 3132
6875 1017
6040 8568
9991 3173
2185 6773
8946 8643
3883 6392
3874 2396
821 603
7968 2160
1967 2792
2699 8539
2012 2628
2590 7089
1704 3541
7976 8119
4199 3630
7367 5098
3416 5288
2474 8096
9435 1689
1385 9472
8174 3079
6673 227
1862 1377
5194 962
2876 9587
7622 7869
9551 5784
6496 6235
3048 3777
8405 8581
3056 4926
9388 3053
3592 1391
4407 1498
800 8468
7792 4794
8467 280
9815 6740
9418 3876
290 8798
851 41
5941 8996
8308 3589
871 8852
8311 9900
6860 6164
4618 8342
1263 9125
8466 37
540 7080
9979 5817
3071 2097
1587 22
6039 2690
2887 2338
484 7952
2650 8876
9773 5328
149 7682
1758 2565
9367 9587
429 4781
7602 7201
8838 7545
1495 8230
2941 580
1100 4941
9986 7601
6114 1588
4352 2904
4648 1374
1649 2802
7170 9226
2056 4892
9233 658
4791 1645
376 165
7855 7440
5032 7567
6320 7358
8935 5133
3719 5569
5943 1164
9288 1132
8219 6921
133 7923
4485 5558
8351 3317
6251 260
9127 7179
8311 5558
742 7570
6609 1585
9504 3335
7430 2897
1605 4325
12 4529
3086 2483
810 1087
1524 4635
1794 9265
6393 132
3680 2059
3607 1392
9178 101
9171 1226
9125 8685
6791 5621
640 3492
6489 871
8692 2259
4147 4612
4506 3134
4247 3158
7572 5840
500 3780
5006 2176
5427 7516
224 7995
167 6310
6083 2227
8829 3541
2080 1464
5063 344
2096 428
6679 9273
9198 6212
2534 942
107 3541
3531 1043
9850 9324
3666 9183
8173 2248
8313 8380
3503 329
3525 1287
9306 4172
1917 8658
103 2994
7716 4675
3060 4188
6543 1809
1005 3681
807 9043
7034 4147
5687 2898
6262 9286
9718 8301
8203 7199
7771 5993
5980 5704
7519 16
9717 4594
3898 2159
7309 8591
5889 9556
2635 9407
335 3839
1250 4372
2199 1365
6528 1988
7417 3990
9356 4130
304 2137
2901 5725
8254 717
172 5345
3463 1219
3231 8439
764 1021
2915 5066
8410 8654
2488 3097
936 5411
9202 6620
5973 5573
4537 3001
354 3623
2049 4040
7811 182
5279 7399
556 2451
8179 644
9166 5189
844 2532
5307 1100
3190 555
7045 8772
6549 4923
12 9368
1777 4293
9683 6117
1592 3505
2556 8511
2011 9379
8105 7846
8839 402
845 5168
8125 3087
2653 383
64 7316
7168 279
6786 1363
9483 3027
2518 3853
8091 4442
7432 1768
4060 6956
1667 6669
7501 4478
139 8130
8711 7762
4174 5847
9958 9440
6451 3687
335 1954
6169 4713
3033 8124
2036 3328
6670 2160
6440 2507
3106 4629
5083 416
3616 3943
7504 6727
1816 844
2136 3481
4731 8224
9239 7146
5033 6414
5515 1035
9592 2039
7806 7432
8397 991
3357 3837
2760 4420
3999 9217
5971 1793
1688 4419
2945 6557
4630 2502
5265 8871
6736 3187
7733 6293
9097 5478
8534 2364
4087 4631
8658 3057
4238 9567
4247 4954
4063 9809
1665 7345
5217 3048
8594 1254
5983 8089
4964 3899
1244 3490
4084 4754
5620 6040
8661 4651
149 95
3558 9979
5286 6327
7816 7884
6443 2998
8477 9934
4375 6665
593 6054
7982 583
3859 8580
601 7728
4051 2230
1111 1506
3979 8926
4605 1569
5877 740
433 5074
8858 2627
5279 8950
4531 9112
9367 381
1301 2830
6964 764
3719 1675
7043 726
1183 7755
3080 9041
7959 204
4733 4078
2035 2980
3887 5083
6498 3550
3456 4297
5916 8821
9038 7875
5756 5217
9747 6252
3153 7791
191 5929
334 8043
9564 2227
9137 6145
3587 1880
9521 2443
7999 8960
2628 2861
7411 3131
7381 6015
9580 8649
4779 4647
3423 539
4635 311
861 9369
1809 5030
9213 3705
1965 804
6524 3780
4748 6198
5351 7739
6939 2316
9772 4383
1086 9720
4379 9734
7584 829
6574 8970
4074 9762
3116 4280
7930 2004
7788 5985
2111 6433
5340 8836
4277 8340
9413 5160
1652 4724
6313 406
4100 5691
5264 7562
360 2522
3244 2262
3223 6711
2490 8566
4135 862
5029 174
4109 4901
1340 1035
6384 4919
8477 2847
9772 4310
6117 8817
9805 4822
3842 6228
6953 5767
7805 5958
7280 2492
8657 4251
8901 4768
4807 4121
3388 9732
567 7136
7275 5341
2483 2869
7328 6329
6194 8818
5019 4729
1671 4152
726 5118
2592 7190
7155 7493
6224 1687
181 3433
925 3652
9750 348
7733 8908
1282 3408
3189 8503
8924 2006
8540 5577
2717 6573
8494 8956
4984 9665
9098 4279
9185 7074
6347 2664
8178 3818
8004 4401
7073 5076
8182 8434
6895 8530
1919 7497
7042 949
9735 3425
2346 971
5507 8857
9443 3061
7405 5886
2969 8887
44 2251
3966 2868
3796 9816
410 7741
2002 5111
3820 8115
8715 4687
3142 6680
1039 8564
5560 3302
1631 3064
1266 4479
2592 8467
4723 3095
4163 2652
1036 6523
5006 1315
9710 7325
5437 6488
8990 5661
564 9753
9938 6470
8670 9786
48 3053
839 2729
7290 7216
2123 2801
8060 1039
2844 8068
8412 5055
2146 4025
9971 7905
1522 2732
5808 1462
8903 52
9204 674
8713 1418
5203 252
8288 9608
3499 7795
7599 2880
7534 7086
526 5042
5921 4469
5008 4896
6185 544
2546 9777
3243 9534
4908 1976
7869 4867
1670 3324
3084 9375
7137 8092
5201 8848
8425 39
7312 7333
7611 6727
1505 1738
8127 9685
558 379
1627 3504
908 8446
9073 5802
6223 5462
7667 887
1351 7917
7431 8049
2000 4681
2622 6717
5583 4736
5465 1263
7750 7060
362 2381
9816 8963
3603 6791
1750 4900
4016 8160
5976 8805
7510 7691
3250 3252
2559 8651
7013 7980
8143 594
1907 863
1383 6712
1000 6180
6627 7415
339 7602
4223 3746
4023 4418
5306 7450
3376 6755
8793 5915
7096 5514
8424 4087
3827 9753
9080 9577
8835 2698
2508 6108
8146 7021
7285 525
6950 5468
4525 3792
4370 6538
5546 5470
8267 1562
5390 6856
1398 5393
6372 8262
7190 4308
5944 8481
717 2495
6356 2522
6891 336
224 6178
3211 936
7860 3005
9709 8511
6696 6104
4701 9488
8580 9899
8748 5957
9571 1825
9689 9908
282 8967
9022 8667
5812 3902
3109 6917
4993 3945
7058 7891
102 2638
9053 2308
1667 4233
5743 4762
7249 682
5650 6242
1473 598
2346 6455
6387 912
3933 7603
3275 6204
9178 9101
2324 3030
5757 3224
7170 7687
2542 7061
2775 4575
4278 588
9330 6918
368 6412
7958 5663
7210 4568
955 4408
3070 5098
945 5211
726 1164
5543 9410
351 6997
8217 263
2466 3258
9720 4118
4712 7349
9339 2739
6506 1219
9259 6052
8681 3217
9101 2085
6718 1919
1163 5890
3274 865
5321 1718
4941 3960
5155 938
8811 9194
788 4983
865 3543
8030 2555
7140 9419
7345 492
5942 7221
3676 7735
9102 90
8299 2382
1478 3337
189 988
713 6866
590 2917
7770 2404
4027 4585
1093 3901
5284 1921
3390 2176
1017 8144
8911 1515
2281 6139
4240 2960
6901 8423
5197 5951
1170 378
280 9074
5671 6552
9708 5987
4762 2676
829 6264
8008 5052
4643 9073
1486 8089
5498 7267
73 8822
7955 5070
5658 7468
6074 4568
1326 5149
3625 8517
2357 4182
9158 1908
908 2011
648 2481
3400 1627
1748 8986
1419 8504
3612 9692
8773 975
2019 5039
6558 1126
8144 1816
1357 4016
4582 9962
6046 1076
1813 8796
2635 4539
3404 9932
4453 9594
6113 465
3720 6886
2963 3482
4088 3721
9156 5411
4502 3608
9848 41
9665 9079
7700 8941
7933 2195
6804 2632
4787 8333
5726 2047
2844 1569
1216 905
101 7801
9281 8265
4852 3232
1926 9497
5233 6259
198 8837
7013 4956
8312 2619
5108 1932
800 9637
1351 1037
6921 1296
7815 1232
9517 3888
5320 1550
6647 2464
7980 1649
8535 8712
2930 5583
8040 9521
6758 336
6215 9825
2923 53
2736 7700
1160 5505
9626 5762
1213 5583
1337 8260
7382 6485
4713 5834
3121 8596
1009 5456
5583 7489
5701 552
3700 5942
2887 9180
6205 2531
4706 4414
4239 5990
4974 6225
6949 6608
4200 1165
2959 7746
5012 9441
5936 8548
5142 6014
6531 623
4225 4344
6440 2292
1672 7256
2503 1141
7241 3390
7041 3755
6686 5216
3704 5146
4990 6713
7790 8437
2071 4844
7137 2649
7511 2004
7493 9695
8542 8223
3612 6464
7731 3285
7045 1351
179 2440
5740 51
375 4077
7322 4787
2073 3572
1073 1221
5250 7265
4972 7748
6429 9962
2820 8070
8876 4070
3245 9751
7551 3772
6603 3254
4963 6815
4290 6948
2730 49
5808 8764
2005 6442
2610 5827
3264 8689
3386 9882
1514 4721
2588 8874
7183 6851
2837 6466
3868 2404
8120 2224
7563 1440
6924 5086
2414 1323
5704 9099
934 7288
1897 9342
4981 4282
8837 9090
465 2369
7630 3202
2800 100
3537 866
8487 4193
3472 496
4647 4365
2884 3693
9499 8781
290 8639
540 2972
35 8524
9561 4238
9003 5305
8520 2162
7386 6497
6036 3635
28 1838
105 3700
2891 4225
6242 2013
6813 5519
7691 4637
253 5997
6908 1573
6346 9602
580 1113
7321 5351
4844 7609
3260 4585
1623 289
7994 7642
6869 1275
3105 8739
1949 6211
2578 547
7871 3791
4231 9062
1571 2407
2273 2908
9791 3004
2160 9490
2127 5980
8899 1272
512 1858
773 5094
1059 7890
8446 4613
9011 5708
5406 3818
1953 1639
3359 5979
4901 2263
9744 5816
610 3980
4693 8061
2066 184
9913 6780
6054 7618
6074 1940
2315 1103
3214 5225
1394 1962
5710 6308
2034 8549
6738 7314
5107 5274
3096 1410
9941 2
9251 154
8181 3675
1375 4732
3770 8166
110 4738
3158 7018
3607 6175
2087 3021
8623 4048
2145 664
258 2172
9774 4291
6727 3292
8513 8075
5458 5679
9986 3620
151 9354
9515 2838
3217 1121
1727 3923
8658 9961
195 1116
5425 3628
9210 6228
1701 303
37 1656
6121 1156
7873 5398
5565 2219
7078 5799
8530 8833
4788 2761
5238 6557
4201 8794
3318 3034
5674 8415
8977 6852
7592 5729
4976 4494
1898 2272
9986 5814
5546 9844
9308 7562
6160 9260
7137 5092
3659 6152
7759 7016
2955 2302
5977 1586
795 5215
4735 9549
4689 2693
4777 1537
2389 7891
6345 4939
3708 6540
3840 6773
5907 8897
9023 3253
6311 4698
4875 3159
8284 5949
7205 57
6726 2658
6583 1323
7219 239
9695 2458
3861 4799
6943 4627
8885 4118
5363 9356
5553 1334
5954 3659
1320 9771
854 212
4633 669
5933 7090
6389 7302
6880 831
2310 9163
9629 5748
4055 52
3783 4212
6623 6258
1787 9134
7539 396
9958 7473
290 1646
5269 7397
2703 9450
7740 2030
1498 2328
3815 6992
2423 3335
7187 873
3736 225
1629 9638
6456 8008
7589 3326
1604 7675
4084 9143
4534 4357
9254 1413
1196 6135
3771 4644
3910 2427
2191 6356
7846 7240
1796 8482
2971 879
9450 389
4157 8823
137 6075
7624 9604
4051 2086
6227 162
2871 3259
9140 9546
1225 7288
9966 7530
6837 2156
6532 2195
7526 9397
9189 8282
9792 1124
8441 7763
7703 9964
8844 9617
8413 5066
8518 9518
5815 7040
7195 2925
5803 7515
1535 6086
9848 2342
8071 8740
4202 5063
4337 8436
3179 9142
1938 1113
4562 146
9433 3619
2547 5391
9742 2934
4250 2190
7847 4953
5112 9356
6137 8241
6498 5881
5594 4624
7622 9913
7983 8148
5133 1651
7251 4191
3092 1860
3808 573
8816 3038
9372 9895
5590 4505
2623 5797
2453 6436
6951 5914
3648 8225
9114 5923
6128 5666
9416 2903
6009 2894
6661 3864
804 9545
1090 6298
8347 6247
10 1261
535 5314
8122 9596
277 1653
1225 3716
1742 9042
1480 7004
930 8090
8944 6707
2817 8293
9950 3868
5259 1975
9341 3710
7171 4730
6551 5983
3104 7577
9500 937
2174 6980
4557 5311
183 5291
4061 8070
1518 2437
4370 1180
3751 9188
3013 7214
2560 1650
8839 7081
6421 293
7171 2787
9964 9895
382 6265
482 2521
3650 7375
2916 5082
3324 1704
54 139
183 1777
8732 4690
3439 8215
2129 6799
471 2152
1735 8675
8994 5529
2784 3097
8894 3692
4169 4973
3391 3581
8440 5725
7279 9547
8162 1753
2702 2339
3111 1734
9620 9825
3286 6666
9567 7125
9059 724
433 3666
9717 4176
3731 8080
5841 9249
3908 2470
9465 707
7012 2588
1702 1878
2302 1900
5276 6582
3958 8982
1766 1102
4414 240
383 8413
1215 6891
1019 8473
5295 18
1524 2519
275 8964
2874 3868
6006 6311
7586 6362
7781 9868
8572 3856
1160 5918
7886 1417
478 946
4518 2454
2452 5494
5364 9996
9473 2457
6972 5304
9235 2926
3558 5086
2082 9643
5126 868
96 2262
3568 5799
1659 830
5427 6133
2363 174
5835 7463
7717 347
2942 8624
5954 7247
5050 6868
1175 2833
7601 4431
7384 2909
9909 9213
2097 909
2322 6642
6682 1407
7877 3578
2202 685
7723 8330
293 8286
6865 3671
3383 9683
220 1559
6030 8000
7735 6354
5206 6980
97 7706
9087 3447
872 5103
347 1967
1450 6206
8221 8414
668 5736
7152 3373
1809 6430
1369 4819
5975 1603
8160 7769
5121 2924
7336 5196
157 2822
5121 4226
4810 6162
5749 8793
9911 1869
4601 3952
4092 8091
9361 6300
7719 6309
9280 9344
8076 2154
5895 4494
7327 4721
2601 7878
3879 1435
7216 29
1407 6317
2785 7378
9730 6071
4384 9315
8313 1832
5464 6482
4617 3151
5908 3487
5504 8031
8622 2368
2402 6584
5653 5147
2903 1127
3642 3105
5970 3108
6784 679
8073 3741
258 8419
2799 9103
8060 5099
2556 3196
337 3983
9727 9237
4766 5466
37 745
9721 7122
9911 1302
5266 8943
4042 2119
1074 7882
3430 1050
516 4546
9518 9584
5109 844
3500 5907
4522 1180
3643 994
624 1433
4701 7521
9656 9778
5454 4265
2476 1619
1430 3846
2576 6934
5712 7765
6243 5314
8139 1950
2091 6585
4797 8952
7659 1652
6330 8880
4193 4836
3208 4270
4621 3793
6596 3570
1400 2093
2467 7314
1503 300
106 6565
9386 1035
7285 8450
921 4672
7953 5234
6528 2235
9872 1029
1261 6458
5007 7972
9344 9578
4004 1390
9842 6344
7978 3744
1968 770
2717 4278
9263 2947
4054 9729
2140 844
8452 9972
8245 3502
8560 5316
1100 2529
5882 9520
1002 2566
5254 7881
3908 5183
9524 9797
2938 4041
6257 771
7357 7880
6966 2881
1837 1933
5494 9
5486 8106
7823 504
3711 5758
9424 7658
2727 9595
4513 1359
6017 741
2077 4179
496 1350
5116 5083
621 5964
1131 1037
2794 4409
9875 2533
6337 8540
1612 1779
3871 1905
1753 1033
3222 4460
3403 5925
3538 7697
3206 5148
4719 2678
9703 9392
4834 9153
6026 2940
4194 3182
1592 7244
5245 4855
3634 8972
1405 816
4191 1617
3023 8799
8874 5097
2977 9533
5589 6534
8965 6020
7001 4144
862 8318
7423 2951
3709 8588
161 6619
9236 8323
5590 8965
4090 3248
494 3929
7181 2501
5979 4629
9945 6849
9498 7032
385 6064
545 161
9401 1427
975 4372
3618 3213
4402 9731
7640 7315
5462 485
1426 4412
6688 5437
2549 9206
2677 2459
5330 6353
3303 1042
9056 8029
8007 7576
8982 440
328 7240
6180 501
3768 4059
9014 2867
9538 9385
2793 7277
712 1891
9273 9592
8115 4199
9159 1715
5456 6649
4962 8350
79 7757
4396 4810
8884 1564
7113 2053
63 6097
2096 5158
331 4667
156 8997
624 2679
7990 6873
4357 2519
3486 4096
7542 7740
4491 4661
1412 328
842 7366
2782 6532
2589 7191
6540 9981
777 2216
6135 2018
4397 7646
9793 4726
802 598
4417 9668
4670 9185
753 251
4203 2586
7132 7571
1297 100
3077 420
8333 6032
7384 1626
8442 4231
2279 8148
7581 2269
8731 8018
981 6159
4877 858
9033 9177
8273 6530
9425 3885
8146 6394
9429 7418
6426 6576
6884 5097
4311 2500
9690 5168
5365 9219
1894 5178
2985 5090
7141 190
9745 9170
4000 4487
2506 3302
3126 9856
3295 374
6054 7406
6046 505
4776 9309
234 5279
4958 2088
6283 1769
6199 6866
2080 304
701 5968
2791 2075
9636 3356
6704 9653
2131 7018
8058 399
1357 8070
6518 3484
5136 8024
5296 2572
3316 672
755 7976
5040 738
6486 8169
4297 7606
9815 7174
8112 9824
8332 2078
8382 9330
3349 1261
7036 2904
8044 6418
2395 668
5941 9795
9586 7310
9743 3110
7140 6863
6575 760
9935 971
6064 9791
1221 6238
5150 5144
6434 8472
5791 6375
6722 5572
1013 2889
1277 3371
9308 9460
3817 8691
2047 4152
1813 9546
2706 4882
7962 3915
3281 4590
1254 3201
7288 7202
3441 8319
4898 3755
4140 1662
3928 3675
771 2220
846 1588
6419 1879
8937 9419
9994 1654
3718 22
8425 194
2629 2217
9783 6245
7714 8085
5746 1843
8572 6116
9511 722
7756 3360
7413 9655
7787 8336
4778 8934
1377 2941
4311 3486
3790 5290
1808 3255
5839 4449
4929 5941
7460 1175
9040 6301
772 7076
3307 9007
3252 3371
7345 6957
489 6863
8370 3976
281 588
6693 502
4115 751
9427 3125
47 2782
5435 3335
9416 3617
6678 8578
8519 7437
4319 3183
7276 8992
5718 7705
8463 1856
6701 5605
4917 6098
6605 2777
1018 4088
9423 9609
1885 3929
909 626
2508 1727
5922 9766
7005 2318
5911 6650
5167 4548
1374 7089
5538 9051
7424 2478
4359 2110
4200 5678
5358 3043
117 6752
4784 8332
1510 3881
4288 5172
1270 340
4238 5545
1713 8042
2045 7091
2204 9157
100 6188
5103 750
943 873
2797 1554
2540 3756
7045 754
7400 519
4613 4288
2860 4219
8766 1691
4181 2967
8993 1743
1823 319
7903 5019
5330 5158
194 9293
4074 5238
1251 3440
6672 7685
4353 782
2131 6403
8148 1675
3439 4938
95 6004
4530 3462
2360 3209
4050 5449
3679 8393
5900 4401
2056 1438
4069 4519
8720 3668
5487 7102
1131 5404
4100 6397
889 7707
1515 3902
9611 3354
9766 6815
3345 9674
5697 1109
3926 3972
2215 8398
8647 670
8224 1160
44 2583
6345 5960
9957 8887
1444 3240
7123 723
8449 6564
429 1950
3205 675
9811 6378
7049 2293
6630 2127
1554 8784
3632 1661
46 9495
9014 4213
5093 4908
6302 901
2788 5642
3406 4374
6243 4414
6217 7730
4881 1854
1025 819
9786 5850
7034 2007
5004 5091
4586 5727
9849 1978
54 349
762 17
4150 4607
5224 3285
7391 6855
6769 1779
7992 6452
3799 703
8236 6084
3792 3476
3516 8883
9277 2797
2144 9378
3457 1262
3175 4774
9005 7160
4706 3702
801 8719
4489 6160
1618 4183
6419 9627
3639 9256
617 8444
3035 4116
2799 568
2265 1976
4783 4308
551 7227
1597 9765
6785 5891
7491 7930
5801 4000
3237 7475
4907 2797
3685 8405
4563 715
1642 6497
837 302
9057 6190
4729 7174
1291 8345
1087 7019
2182 8472
4302 1063
9998 6619
1873 649
9815 8211
9953 6101
1734 9868
7517 402
5074 9735
876 1978
7421 2068
5519 589
260 2302
6475 6784
5090 2456
4321 9383
5265 2292
6488 6337
5411 6407
7003 7336
7016 9959
5405 6822
3352 4756
4642 4779
2352 2129
9642 9230
7870 215
7357 6325
1147 6440
1869 4706
2141 9079
4479 3567
9637 7880
4861 8665
3124 6075
9449 493
9950 2380
2180 8443
6515 6698
2927 903
8033 8585
8341 9669
3454 624
4215 2365
5499 3195
6142 9742
1134 3147
1179 9017
5496 6186
7971 2402
1442 9931
9851 8392
4596 7900
9797 1057
4572 9578
6311 1803
