placement model: 1slider
width: 10
height: 10
number of points: 2000
6870 2350
6055 7500
4877 6515
3578 1882
9252 6564
9676 2534
7286 2330
4642 3926
1948 9361
9289 6588
7821 2602
1945 6633
1751 1989
5621 2676
4936 3143
5858 2496
813 7559
2552 4554
2334 4508
4124 9489
8510 3453
3595 5019
8159 3226
8444 9101
4252 2332
6625 526
7597 207
232 9444
5915 6995
6329 2756
198 7199
1411 5314
4237 861
7360 5527
6267 6034
7881 1138
4399 5239
7674 4499
3267 9618
7070 3348
61 9425
771 614
2452 8452
3070 934
5046 7489
461 9993
7023 2424
1291 8936
5341 6620
4544 3386
6223 88
7684 2792
4544 2151
3051 5306
5783 9576
6196 2644
5396 8840
8281 461
697 5878
2917 3919
9185 8761
4697 3992
6702 6642
4407 638
5858 8300
2372 122
6732 2669
2351 7165
5797 5740
8161 8705
8743 6594
8651 925
325 8277
2843 9376
1089 9400
7873 5203
4521 3512
9480 8480
7948 7121
8075 3198
6556 4275
5764 6271
5617 4617
3463 2177
569 5767
7279 2809
6627 8551
1568 6369
5063 1076
4459 5912
8462 677
2373 9551
647 5594
3049 3753
8130 2368
547 5769
7495 8813
9909 3125
5660 673
2450 9396
4453 7730
7405 9698
7140 3710
2116 5512
3246 6153
88 2439
4943 2383
6855 5976
75 1358
399 4779
8555 506
1302 9815
2471 985
7301 3493
3615 9897
1596 4213
5666 4721
1364 1278
8503 5511
1781 9919
7164 6449
8563 5668
4208 6703
4729 3189
1391 4190
7505 4242
1073 9905
5562 4215
3530 1651
5895 1811
7041 2506
624 9495
4875 1166
1086 8822
4496 3150
3368 6162
600 8033
4741 146
5551 4836
2854 5711
7411 6966
3208 6340
3744 4232
1516 3235
396 4891
950 6006
7986 8929
2162 1702
5417 7298
3091 131
5110 3938
4141 4954
674 6958
4616 6909
9928 4908
6691 8744
6993 1082
1805 479
3143 5398
9273 3004
3807 1921
8133 6861
4375 247
1087 8844
4456 9182
4148 5949
4251 2543
234 87
3369 5557
8543 716
9861 5491
633 5805
4372 4899
1063 9013
5855 2726
2662 7124
480 7156
4848 2297
5169 7010
6464 7584
7207 9136
345 143
3874 1311
9577 1311
5552 4960
4425 8776
5300 4502
7034 3188
7672 3939
2508 4492
6641 5451
1591 9510
5799 519
3136 2252
8653 5860
4035 8742
9178 9235
7620 2924
7535 8922
4231 5575
9839 5912
6275 994
7186 6101
6814 6485
5472 8464
8058 4806
5944 2266
6039 4511
3998 817
2832 4306
5407 69
8296 6206
1825 188
7021 8191
3178 6416
9907 3264
461 3182
9330 6714
1663 605
6079 5570
4908 1751
4176 7065
3602 820
7416 5877
9664 6797
3009 9530
8651 7875
9464 8346
6489 4280
5139 6349
5115 2393
8355 2641
586 1295
742 3163
4049 4417
5916 4369
8740 8008
3632 7260
6854 7603
7424 5719
6837 2891
2505 3249
6533 9911
7683 3542
9447 4967
5238 690
7233 5449
5934 934
8359 4029
9131 1070
7453 3641
3761 460
1489 2211
7447 4977
1001 4474
6855 2319
1183 4859
1002 4452
3674 4744
9952 8368
5164 4856
6806 1768
4463 696
7188 9931
5554 7327
4742 4881
9459 52
1372 2781
249 145
9480 8289
6404 5246
7452 1290
8737 4446
8607 9594
1372 7245
6132 2718
7671 8
5414 7181
3652 23
5076 766
435 6683
9341 2777
2121 7265
321 8603
7641 4224
444 3666
3093 4660
9798 8160
6726 7758
7786 3196
7214 3708
6282 9783
9848 737
2330 7896
4277 3830
4708 2249
8703 9067
4633 8225
9536 2463
9442 9860
7371 7296
3655 7165
2941 3420
236 403
4783 5479
8397 9134
7479 8583
9691 4656
1207 8509
3296 7263
1287 6728
8116 4672
6754 8548
6267 5436
9334 625
6571 8659
6686 9054
6663 1533
9864 1455
9470 848
5249 9944
5707 3170
6453 6619
4286 3361
4707 7547
5769 9974
5039 551
8919 4751
219 3523
4091 581
1045 483
167 5047
9438 6950
6120 7902
8244 3370
6731 9258
7123 4598
146 7206
2244 969
5000 6789
5748 7912
9332 5450
7750 1261
4424 3856
3997 4789
5038 2800
6366 8750
3678 8211
2462 1332
4695 9085
7381 4098
2806 8066
4571 2014
4771 7801
4669 9041
4481 1813
8711 841
3869 8348
5057 4386
5006 4294
7151 1045
57 1646
8406 8179
8238 7123
698 9715
2034 1764
9011 9722
7469 8477
554 9675
5688 9322
9522 4443
6933 7817
7392 7425
6184 2794
7831 6170
8604 1363
5587 9546
9117 8951
6109 4104
6517 1280
6663 1436
9083 5222
8623 2274
6137 4708
5592 4426
215 5610
2203 796
7390 4632
1941 8144
6508 1239
6055 5251
3357 2952
3159 7446
9759 8092
1294 9084
6507 6701
3571 2189
1747 2667
2878 2879
3929 9378
6221 9916
4960 9943
5687 7787
6484 8664
3216 3778
2014 1969
5364 1338
9691 506
9908 3536
434 8060
4651 9742
6818 8520
6730 4520
6811 4789
3371 8258
609 4432
2016 100
8923 570
495 9559
7636 9260
6854 2764
4717 3649
91 6067
8975 5918
396 6967
6045 8751
616 9223
911 8238
7111 101
4889 9645
9462 1036
2012 4285
746 704
7777 4828
9649 4271
4466 3077
3380 8542
8033 2112
4699 9621
6037 6120
6128 6562
6439 8066
1175 7643
5606 2123
2990 9310
6179 4275
4919 8785
6766 6338
3957 9921
675 901
1860 6412
1016 6304
4822 3710
8270 5924
4031 9201
4102 2493
4020 8037
3897 6350
6425 8270
9147 6153
25 6333
1873 2836
3780 3827
8610 220
2531 6818
5228 6290
6994 4654
5089 5586
2035 1356
5659 8289
97 2521
3814 9842
872 1621
6911 9505
8335 5150
5338 3684
4846 4106
8662 6489
6535 2568
9595 5085
2935 3600
3565 4425
2946 7364
5855 3151
1693 6305
5418 2503
5911 7086
7964 2729
9843 2335
1698 1198
4766 2787
5267 2154
9996 7704
8422 863
8978 9434
7587 1758
1463 6906
2025 2891
8987 1402
7044 6263
7893 9940
9581 6061
4933 8689
2565 3788
276 900
9953 2358
4223 5352
7150 524
3494 2732
1977 7272
6349 6868
886 2694
5043 6350
9031 650
3972 1532
2541 6659
8701 3440
7527 5871
4146 5585
1312 1224
531 9464
8404 7880
7362 2140
1576 2915
1357 8891
627 7217
9397 342
4086 9379
5256 762
2344 5791
5781 9287
4615 3102
3867 8764
9714 9421
3298 5144
9339 7612
3532 4028
6751 1271
6711 6758
1927 6465
3754 3399
4614 7732
2825 8531
6927 3098
1060 4239
619 2061
9674 8614
4805 3342
6470 4185
868 7707
2699 3085
1597 2480
8025 3820
2493 5818
3815 82
341 7289
4763 8518
6765 6637
78 6840
6054 9436
4363 8041
10 535
2900 8773
8672 3621
6457 1842
9350 845
3610 7904
9037 7872
306 7569
655 6831
403 5242
9186 6898
7950 7423
1882 8677
854 1271
5861 4227
165 4210
3750 5066
5060 9947
1721 4147
1251 6099
6500 8882
8327 7402
6949 3295
63 141
716 2114
8510 3105
6707 7550
6319 6133
5398 6603
4257 8312
7984 2000
8804 3929
7496 4780
7480 6383
6342 1362
9359 6735
7372 2115
8767 8218
2251 7583
1733 9467
2535 6147
5187 5549
7435 5653
2663 927
2662 8647
3917 8756
2290 9860
4791 9029
2405 3831
1912 9672
5457 659
6222 8442
4540 1760
1373 5818
6401 6021
8459 5937
7993 4911
5661 1562
5690 7561
6439 9193
9233 9017
360 1825
2058 8971
338 6835
9371 4190
1527 1317
2743 9502
2690 9250
8012 2319
1866 6788
9075 4570
1197 3231
8733 6320
7059 1406
3869 8168
3182 9383
2683 3103
8672 9458
6347 4232
9756 7548
2026 8644
2725 5869
3374 6272
2202 5880
6607 6464
2697 8777
2861 8459
1981 2769
7209 265
1212 9018
7660 7555
8689 2713
7259 3770
145 1350
4757 4460
2700 5731
5343 6647
5648 1608
5374 6274
1726 6516
6063 5330
380 5996
7160 6380
2942 3137
7069 5854
2686 5623
488 1745
354 8661
7996 5366
54 1839
5373 4269
9823 4941
8706 2626
2920 4518
6923 2663
7950 8421
9266 4628
8618 5057
2481 6572
4216 4596
7470 8802
2345 186
455 8455
8090 7633
9698 4812
1750 5938
3521 7837
8972 2960
5609 8190
1312 1007
6319 9002
7663 560
7733 9988
160 720
6843 729
4549 5883
2317 2921
8536 680
6298 6734
5010 9742
1206 7797
8899 3068
1472 2716
8252 8333
9209 6468
5564 7996
5387 4439
8593 6107
6828 9988
9907 9620
4478 759
6950 5698
1347 1935
3907 6097
8121 7446
3690 7020
3943 754
7457 9238
8949 5381
3797 8906
4691 8297
8182 2478
7378 2709
7959 3484
7402 452
713 909
5034 2558
7057 1891
6467 8080
63 2997
5128 8709
9079 4840
7316 5639
3177 2984
2121 4771
4263 4001
2344 8576
731 4889
8094 1882
1595 6312
4143 623
7222 6001
7459 1120
2972 3338
7873 2714
6097 9515
5782 5246
4300 3338
5139 1416
2725 4371
8542 4518
5894 9986
94 4857
6419 793
6821 7330
7784 4086
5040 8479
6110 1717
1280 9692
920 8207
9279 9169
3871 9575
2664 444
37 4457
245 3941
2210 6444
6087 4636
6337 7783
5892 679
5045 2749
1315 2930
1866 1296
4604 6651
2487 572
2821 1693
3436 1044
4755 7843
9120 4438
4131 1660
4838 1341
5126 7752
1986 5362
5607 2739
5668 4662
1154 8059
1064 3248
7167 9641
7802 2313
2002 7975
4289 6408
3157 5298
8588 6984
6639 7270
8276 178
5745 7325
1393 9740
7780 5707
1515 2716
8844 4160
1924 13
5811 4755
2768 7051
857 7024
580 1637
6843 5411
1282 4235
9273 8162
7809 2197
6604 2780
5146 7664
704 3109
3188 5846
3145 9935
7742 7360
8070 5359
5746 1427
1858 2279
853 4126
8189 8084
6343 3178
3458 7374
7503 1
5394 4386
8424 2984
8533 2026
8011 982
6962 353
7535 299
9068 4873
8746 7502
5746 8387
1025 6350
3291 577
3245 365
2935 2277
553 1889
9687 1820
4325 2550
7260 883
1689 4159
7413 4232
8121 3251
7685 4934
9904 6933
9812 3042
1446 8507
8397 4353
4301 4628
5921 3818
6247 7169
3129 1140
7468 3731
3196 4890
1400 8037
1638 4763
1191 9436
4109 6892
9552 1381
6211 6583
1560 299
6456 3141
7265 1288
2502 5443
8240 8196
516 6005
3046 1534
2910 2727
5096 3486
7164 291
3372 9084
5444 9145
7522 256
901 1885
5941 8336
2844 627
3152 5481
4498 8382
2123 5408
9767 1818
5185 5076
8318 1819
398 7075
5750 9655
260 37
4152 5327
9502 2597
2015 4750
3103 650
8850 1098
1229 5462
5803 6176
9537 8488
2985 3047
9164 4611
977 4904
1591 5235
6834 7868
6301 3093
5065 5238
405 4067
7698 4526
6357 8686
7474 6390
7415 3288
6840 1731
3500 284
4104 585
7624 3833
3873 1372
6739 348
8936 2591
9719 1542
4147 7315
2065 7478
834 78
878 6748
5985 1780
8225 2088
6634 9146
8695 1941
6344 3907
3400 7482
8523 1666
6881 7972
3001 2685
6716 2467
4925 8043
7784 2566
2816 864
4174 9526
261 6895
2933 4430
3463 5743
901 2001
3226 9522
6449 3428
7306 9292
3618 2398
1810 1833
4980 6466
2821 9956
7011 9325
2370 5198
6696 5745
1176 183
1953 6706
4761 6337
1335 5622
1600 949
1236 7898
3617 2215
7335 6040
2369 4350
7093 4233
6479 9790
3551 6818
1326 9141
9008 1823
8750 6469
7668 7136
1445 6656
2122 9388
1199 470
2773 9783
5625 7316
7211 9684
3590 7634
1716 2644
4041 8510
5935 2666
2489 1475
8079 5509
3542 1515
1371 9560
6564 1095
7315 7339
1683 1360
1668 1577
9189 9656
6230 298
2022 7805
8234 6396
7955 7306
9332 5802
2574 6383
21 2546
8368 2696
6319 7424
2277 6130
6374 12
5571 5966
4087 6681
8225 9467
2419 2825
7422 9259
961 1294
7992 4159
6297 5129
8008 2124
8670 6056
3206 7295
9211 5411
9337 728
8463 3491
2693 2523
6860 8531
9184 1582
2354 1183
7552 1741
5748 9498
731 8726
8449 9475
2192 5163
2224 8195
5208 3676
5308 8221
8745 7134
9521 6429
9487 6295
5097 8225
1641 4321
4440 3218
8097 737
3523 1615
5417 2685
6662 6866
3554 9466
2732 7815
3539 348
4516 2505
9246 4542
8587 8689
1258 7492
2497 7498
5245 8913
8199 5113
3705 5729
5049 1480
6958 8533
2690 5702
1941 7249
9379 3475
305 120
9853 4061
1092 5978
3500 7053
4840 8364
1207 2969
1080 1741
3445 9556
8755 1466
4119 5092
488 5462
452 5324
943 9978
7302 7828
6330 8465
4253 3092
9219 7055
8001 7915
8447 8449
2155 7614
2898 2417
8512 212
1203 6217
6074 1606
1267 2293
4089 4806
3760 2110
1259 6289
9975 8503
505 9612
4599 2213
9110 7890
4797 1378
5747 4800
2302 9215
3362 5924
8296 687
3515 9207
7890 1978
1111 8669
441 8675
1928 4406
592 9336
539 5045
6045 1167
6395 97
8243 3093
1413 4529
1950 7902
2093 5750
3522 245
7398 7747
449 2560
3871 1913
968 8023
2170 9129
173 5545
2944 5873
7475 7856
5547 8356
7628 835
5276 4806
2379 2063
1200 5831
2216 8890
6703 544
7976 648
2967 9961
5414 4099
7744 4513
4074 8083
625 9285
4699 2636
4365 5455
4182 2962
9626 5532
6316 3209
7741 6064
423 9274
2407 3881
1543 6613
3133 6774
159 8396
5850 8294
8690 2810
4175 7976
3079 5321
3530 3099
8834 3674
41 7807
1146 869
5040 5371
3243 2071
6016 4657
6546 7473
8037 4572
8080 5894
7427 239
9915 5646
6406 4924
6850 319
2604 6077
8751 4830
7332 3747
6363 1049
1276 6027
5870 4522
8700 967
4119 9204
9394 8133
7905 201
5007 6943
913 3403
9085 8635
4038 5840
7672 2671
7590 4936
5181 4404
3876 7496
5804 6147
1928 6673
9687 6401
9713 1090
9039 8683
6089 6704
2051 8753
9432 1413
7643 3955
4061 7774
1230 6583
4182 5309
5919 4072
5216 9794
3595 9017
8268 8034
6529 3044
9862 2916
311 3790
1235 6094
2546 8761
6797 8030
9792 8917
1809 5042
4493 2984
1899 652
5478 5821
5852 5170
1275 7282
2168 7244
2179 2335
4025 2368
2880 3863
1130 8068
1630 825
5656 596
1404 8841
1267 2824
5309 8469
6547 6902
656 8102
3006 9450
301 692
2609 9233
1317 7244
1886 1030
2967 4892
3152 3823
5433 9260
6945 7980
9062 1161
1080 2288
3133 2717
62 8051
3019 7457
369 2612
7245 7198
4028 2236
620 9653
1501 7512
9239 8968
7608 253
2969 9077
6634 1523
8634 8435
4287 66
4096 8180
29 9708
2743 2605
3586 3697
4657 1621
4408 1004
7518 1713
8180 4390
1214 3411
964 6743
5582 6576
5926 2973
3838 8296
8020 9510
4468 1991
300 2679
8476 1163
5352 7607
8793 8224
9282 5951
2898 4022
4712 511
6967 5102
2079 6039
1457 1346
1302 9199
3906 774
6858 8388
6705 4271
6377 5654
9846 2954
9528 2469
4284 7258
8396 5086
4105 916
1701 2772
5815 9751
8275 6848
3370 9754
7403 8097
4624 9710
8763 7591
380 5246
9612 9617
2222 8549
4577 8895
2741 4014
923 2164
7809 1987
3032 3671
5158 2070
274 5205
8600 8082
4199 7491
2957 2407
2123 5857
3561 9110
4742 9871
6289 2883
7190 7594
9105 226
397 2782
2888 174
500 7059
8696 4191
2327 5253
4686 4074
5121 8049
8161 4331
5922 5050
5288 154
2371 78
8770 6218
3707 1245
5863 7907
9908 497
5308 1532
308 9936
480 9470
2750 2062
6219 6901
9157 2541
9393 2308
8689 9098
747 9559
3724 315
7105 5537
4810 2444
3424 4871
4326 6450
4468 2148
5847 2586
9892 9225
4815 6367
1454 7908
5271 5820
7777 6977
582 8508
340 3682
1405 1301
2245 7715
3979 9157
9329 3203
867 114
1977 1531
8740 6567
8378 2231
2500 8690
5299 3723
3995 196
9418 4029
8220 5576
3624 1685
3440 6492
8701 2827
374 8217
193 9483
8357 4200
2173 788
8390 2582
2718 6090
4520 6797
541 3022
5318 9597
9646 2963
6842 2022
9338 9621
874 9032
778 1956
9969 3204
8684 6652
1745 5374
3217 297
4189 5949
4996 2851
1878 7028
3827 7125
6314 8719
5151 1902
6592 5570
2398 1999
6307 2084
4510 6566
5622 1021
7525 6419
8984 6396
5164 8557
4750 5772
2992 8232
7787 1402
1338 6774
648 8875
717 6468
1078 4021
1487 8710
248 4888
625 3576
7824 4632
9421 2522
9832 5771
5556 7129
3747 2291
1803 4920
4287 298
1453 8811
3262 7105
7415 7443
4147 8857
2339 4989
9095 8047
7670 3726
40 6793
8127 480
594 6920
1375 7018
3438 6458
7054 7690
38 3347
7703 2855
4352 330
4363 9028
2911 4907
8677 6507
1671 8958
2388 3182
6905 3802
6089 1787
1166 5393
4877 5641
7137 5345
5878 4296
9791 3675
3313 7792
8321 8578
1543 7202
6476 4476
6880 8607
8632 2960
2754 582
185 217
875 2386
4631 4771
4122 5312
2335 7960
6076 4554
3147 9279
7582 9510
9759 3817
3598 715
655 8152
2713 1763
1885 6196
6555 893
4682 6821
3174 3604
8989 7699
3756 6139
3906 4512
2081 8486
3692 7665
6347 4419
2206 2733
9325 3705
6151 3345
4708 4609
97 940
1508 2897
2839 4647
8812 1703
54 6406
3497 5234
8548 3912
6627 7288
8664 3475
8346 594
4709 5176
636 2812
4220 8095
1556 687
118 1327
3760 8307
3110 7339
883 7465
6907 1402
4826 6920
1093 2021
5830 1844
7132 6018
8025 6801
282 6234
4379 6851
896 7331
4612 4608
1093 7945
3953 8106
6195 4232
3205 9560
7174 4342
7646 432
8904 3046
9212 9726
2708 7669
2604 7579
8364 3743
2966 1359
5116 7659
287 134
6268 7378
8550 3431
7146 429
7113 7103
2634 9862
6068 5417
9210 5623
7971 5001
5439 9495
4274 81
4459 5446
5216 6315
7538 3825
8447 7516
4505 3382
8814 2623
5933 8475
4524 8649
4769 4857
2087 7988
1688 256
6202 1558
9555 3254
2074 3453
2145 1724
8840 2206
8579 9147
6777 2159
762 3156
5716 4381
2236 2037
9342 870
2629 9889
4225 8016
8915 169
943 369
513 6523
7032 1404
4532 3177
9719 2012
6368 7623
939 5664
3016 8593
2366 6634
7808 7492
9278 7818
1297 1739
5785 8356
1336 2107
6431 1596
9625 7520
4394 2506
9825 9720
4426 9233
2161 3798
1710 4615
3820 8176
4699 1264
6848 8765
6597 4956
5459 126
2121 8383
4009 4775
244 7204
8427 42
8715 7323
603 9859
9244 1002
8521 1427
2714 2746
4992 704
5419 9292
4074 2079
2786 6496
1697 6958
3074 9091
915 3456
7440 9409
674 3615
6521 118
5474 6892
2491 7463
3902 9974
4273 7732
1072 4094
1239 1776
8055 7198
9268 8815
4532 5235
4423 3473
5330 8967
3708 3324
103 390
6694 5387
7413 7389
9297 7351
6320 4562
5874 720
8097 5425
3472 8467
7458 3252
7602 526
411 3184
8262 8569
4481 4630
1504 3660
8248 3721
1995 5898
8165 9296
3379 1407
8320 7940
7138 818
7849 4585
4657 9048
9002 2200
9707 1789
5268 489
1888 3711
1400 455
4839 3406
3562 8844
8440 2868
3596 7871
8877 1092
5684 1669
1151 2176
94 376
688 7523
4794 5906
4684 7855
7042 636
889 8087
5772 1849
4330 3482
9170 5454
5834 3870
5938 5000
8486 3939
829 2664
4465 1182
8553 6634
6113 5374
24 7541
2078 1917
2429 5479
5969 9636
733 2577
2594 8900
5658 6586
9475 6036
3929 5816
9895 8167
5331 7609
8275 8249
3452 7855
9029 6494
5013 9466
83 7210
7078 6787
422 6042
580 8597
175 1599
6248 1436
7117 4249
4538 9922
4180 1406
1771 4575
3908 325
7966 2227
3811 1765
6314 5815
811 2805
4852 2624
9487 82
1592 5484
1017 9238
4812 771
2225 1252
3884 1110
7835 1060
7256 7464
275 7385
4911 6905
2887 692
1121 3918
1019 2001
4167 3894
4733 2747
4321 5423
277 9496
202 5490
2322 9066
8387 5646
7820 5979
383 8820
2891 862
7572 4165
9873 1821
6035 5888
1609 6013
3226 422
4644 7719
8219 8665
2259 4066
6900 6469
1019 7593
8284 3282
5332 4221
3259 2928
6983 9113
2197 9741
6585 9284
2610 4312
9002 7343
1260 3464
6624 1623
418 6199
2504 8579
7938 2915
2479 4483
9186 6825
3828 8211
9322 2589
2487 9337
3825 444
6197 2515
4721 4186
5588 1413
2621 5978
6099 2041
601 7845
2521 1561
7016 6919
731 5308
8210 2092
8945 5477
907 8742
6515 7637
8814 6439
1464 7872
8283 4560
393 572
3855 4240
9219 1376
8851 2140
6273 4578
5609 9187
6691 1531
5698 9715
6179 9522
77 2026
1328 3469
1033 873
2748 8672
1485 5614
9139 6086
947 2493
8290 6833
1473 2802
5040 5348
5111 7467
8797 149
3439 8181
2586 1514
7431 506
955 8728
8999 6773
5232 7841
2224 1796
3461 5643
8876 5182
9823 9768
1528 5832
6866 4258
757 6825
8872 2906
3051 7458
1878 7595
8248 7020
9009 1072
6624 9263
780 5642
7251 4544
7630 9181
5629 1754
1517 3077
9522 9875
8578 2448
6683 2507
1029 6820
9053 293
4001 4681
4911 3521
7672 4175
2783 6897
3613 9076
1645 231
8991 8524
2665 1363
8059 9525
9582 4332
223 8452
9966 2794
4091 5999
4659 544
5607 2644
430 5312
538 7950
383 2923
2508 7243
4272 4356
9616 931
7026 3895
2236 8956
2618 7753
6166 8357
5966 7449
4129 9648
3540 7076
1552 3802
3533 3658
6549 9522
4038 8773
3819 9460
955 2715
4815 3137
589 2846
5590 6755
7840 1216
7227 4301
8643 7551
498 7124
6337 2165
7960 3115
3852 7542
162 903
9953 9800
7932 3203
9324 2003
971 3655
1864 6530
9574 4694
4012 489
7416 6536
8933 2135
5345 6852
551 8304
7926 607
1501 553
9168 8108
4923 4209
6473 6898
3295 8109
6884 2115
2793 1693
1203 2376
932 2727
5490 76
4080 2887
5624 8666
8871 8884
22 5865
57 7158
3181 4438
3047 9930
7798 9518
6817 8450
7629 5827
5365 2154
7964 3882
8762 2087
5641 1789
37 811
914 6343
3041 3402
5668 974
7023 4173
1810 3760
9540 5917
9194 9327
1291 6016
9008 9436
5487 3001
9882 8198
4417 3482
6532 2672
443 4242
5064 4496
287 6811
9597 6846
9477 7084
4174 2644
8497 2933
8263 257
4099 6916
4343 2696
4285 1928
6394 4041
1964 4726
8224 1832
6824 4558
6356 8953
3075 2755
5165 6472
9661 2017
4700 1562
478 3843
1435 6168
5570 9678
1666 6388
6270 115
1931 4715
4719 4970
7126 3133
5742 1420
2443 5752
2433 4757
1853 1018
4716 9497
3047 1874
1401 7083
5209 6832
1720 4439
9370 900
1149 2067
867 56
3321 9392
881 8484
9514 9329
4833 3990
6205 6119
9861 7026
2895 9387
7600 2156
5882 9188
6024 571
9868 4516
1351 6965
1058 1463
9395 6664
9249 7995
243 6549
3310 603
8183 1625
1016 313
1683 6792
7106 7811
3251 908
185 9208
6730 2660
6573 1466
5544 9670
5695 7847
7226 8968
9332 4724
7228 4708
3146 1485
1193 9716
3437 7211
8881 5213
3196 7112
4380 7198
8125 8359
7676 1559
4233 4216
865 4147
1714 8840
6638 3688
4225 3344
3826 567
2552 806
4036 5533
5129 1755
9509 8366
6101 635
5114 2620
5497 4401
4442 2776
1846 4884
8265 9027
8824 20
2451 5113
9615 2590
6890 4727
4732 8112
5760 8325
2721 3134
332 6289
2145 7643
4224 430
4604 9406
2836 7593
1711 463
4669 1096
4996 6637
438 7173
3410 7880
3944 4904
8557 9126
9610 5705
8079 9511
9906 8289
7174 2062
4681 5394
4968 5628
