placement model: 1slider
width: 10
height: 10
number of points: 4000
7368 4538
3917 8022
7758 5024
8237 2742
4218 2936
4973 566
2849 8801
9295 2315
4604 2404
1376 7260
6696 9506
4812 3369
1654 4718
2070 5837
5855 427
7800 2821
6317 2849
4684 7464
8610 6048
4237 2656
9052 672
2509 1758
6108 701
4806 2437
9682 5142
4841 6058
4372 7840
598 3885
5024 2296
9755 4557
8963 6307
2411 8104
2227 4353
9975 8058
6310 5873
4615 9703
9430 9619
5284 2314
6472 3683
7205 6235
3882 2369
8391 6978
1252 7607
6739 9403
4306 6836
6793 2193
9082 5179
6339 1473
3447 5278
4452 6962
2476 8040
1025 6952
1739 8733
6505 9757
3362 6170
6833 359
4646 6424
3344 6858
9462 7760
8761 8076
6158 1811
6899 9387
4171 1472
6583 3145
7050 1073
364 9106
8632 994
7638 6181
3649 3259
1691 1556
6234 2894
3630 2646
3368 7205
8900 3740
1182 71
4342 8612
868 7514
9909 1043
8038 9361
4417 741
2222 8378
3199 9706
6230 9459
2063 1635
3942 6355
6880 1028
1291 8973
550 5732
4103 2903
357 6448
2093 9917
7455 9463
5146 3204
2832 2385
5828 8588
7696 5432
9591 3685
5870 5279
8530 524
2520 7847
7299 4503
3317 9085
7078 8223
265 3
6279 2689
2429 4094
1135 9656
7882 29
5998 1251
86 3469
1596 3355
7651 1386
1785 3497
4663 6899
73 9425
3824 8830
1103 913
315 1482
7227 6426
8911 2320
773 8928
3997 5374
3595 8181
3269 9667
2882 262
8336 4480
5648 9756
3323 5950
2942 4832
3975 5282
1509 6723
7125 6494
8079 3998
8832 3962
7612 369
185 6199
840 8288
2502 1607
2426 7146
8894 8080
5051 9588
1814 6530
6128 827
9877 7563
3932 6717
5465 6847
73 4773
90 9417
5875 6116
2629 1419
9632 4478
32 3718
2154 2766
7927 1033
2439 9547
3296 2433
8850 6762
5025 5169
9764 2779
4954 443
2494 4480
5911 5986
3646 8685
1092 1074
2233 3433
4790 4545
525 4002
8117 4576
3347 1646
546 7879
880 3345
3720 7135
8364 7135
7871 1346
5419 4483
1967 2854
1473 4132
4188 6146
4127 3737
7758 939
3092 1733
4557 1211
9665 4481
3749 1165
499 3846
112 596
2350 11
1721 5185
7502 9731
9513 4377
5769 1306
1217 9328
4583 8741
2483 1173
5132 8651
8052 1447
1580 1944
749 9502
1525 17
3498 4179
8739 337
6582 1322
7971 7717
8517 5445
2491 1227
5781 9472
2036 6780
4265 8706
8920 7665
5232 5884
6062 6230
4113 1076
3322 9682
9552 7708
8165 8969
6927 9873
4172 7070
8171 7360
3429 6131
2062 1555
461 7077
3119 7029
659 117
455 1092
8394 3322
6168 9223
5862 1064
8795 1974
4424 5770
6511 1854
2717 633
3715 5936
5020 206
7496 1818
7627 234
925 792
8781 773
1866 6268
5604 6795
3745 8643
1796 5860
8508 7706
1039 3324
8128 70
5384 7270
9468 9044
4241 2235
7882 2795
3379 8721
968 4407
279 7098
5786 7822
7965 8752
6308 3341
1819 7114
9137 7354
1594 8565
9595 8781
3403 6865
977 2791
7970 5224
4524 1318
4212 2267
542 9621
8851 3423
4753 1330
4867 9413
5049 9855
6321 1916
3085 6141
9019 2846
2389 8966
3848 8543
9857 9181
6508 7794
1803 7820
5487 4351
4762 1068
483 3942
3673 8637
2228 3440
6063 2949
5758 3279
5645 3989
6168 7618
3942 6908
226 8534
9858 8426
1828 7698
2404 950
3847 8086
8640 3317
949 7831
7190 5820
6611 8187
9619 4675
7353 5536
2621 1643
8609 1671
1329 9958
6819 2184
7096 1391
3185 6336
1148 5724
5810 7120
7603 8111
1614 8217
5306 4796
3355 3311
5136 6060
275 2970
5579 7742
1155 6083
2811 6553
541 3729
3958 5498
9955 3982
4229 6943
4003 4779
1075 1721
2109 5815
8285 3076
7095 6248
2596 2825
6200 7773
6170 5352
8093 85
5466 9115
937 4758
8553 8857
4819 4375
8221 3698
5823 9250
7194 5543
3517 7380
1777 5484
6707 7893
2036 5914
5614 6167
5795 7645
885 1544
1623 6832
9394 3915
1562 7447
5607 6632
1502 8749
2824 4779
2881 6834
9254 7249
7934 1754
5812 7045
7534 92
7774 7776
9476 4036
125 8899
4154 5899
7371 8802
3848 210
2915 3065
8175 4425
1252 9517
883 5036
5722 1424
3876 3296
2735 6970
7145 2540
1138 54
5077 1269
1851 6161
1240 7671
8374 4468
2576 953
2216 4716
7285 8234
8788 3410
7385 9106
2839 4855
7154 1506
9062 8718
1900 1989
464 1538
2960 4461
953 6962
5937 8755
995 4564
5413 949
5036 9506
469 5426
1890 8792
1441 7948
9045 5402
9358 4996
5398 9703
260 4389
7905 3669
4922 4552
6142 3006
9945 3298
6393 6923
4705 223
4193 6065
7220 5554
5532 2149
5228 8894
8561 1534
4816 9808
7507 9003
2575 2637
6704 1361
2859 4652
1455 185
9711 4572
8916 3962
9468 3695
4649 5133
861 1790
4930 814
6111 4566
794 7293
166 9583
5455 7465
9789 2773
3364 6120
8680 219
8098 3835
1440 114
1498 808
8715 2476
2916 5632
4459 6154
5560 9751
487 6348
4927 9515
9359 6437
6624 478
7726 15
2707 4022
884 2289
554 531
856 5607
2731 5937
6637 3855
7821 2046
9948 4874
815 259
8063 2919
9921 3569
6595 5424
5498 2400
3236 8615
2244 1219
9928 9332
226 545
411 1965
252 4145
1397 4784
2803 8854
1850 8463
3145 7007
8775 3717
3294 3059
6300 8892
6665 1762
5771 5115
6311 4527
6744 5100
5645 7247
8919 2832
7595 7638
4475 5676
9651 501
1823 6868
1476 6697
6644 3016
8205 2848
5597 6153
9746 3093
3574 7364
4247 1152
20 8350
3927 3118
5515 3272
3377 443
2453 501
6356 9809
8317 1327
8157 9814
9357 9058
7669 5181
3751 8981
2939 2536
2567 3981
6234 9703
2421 8790
9992 7703
7637 5044
9082 652
6194 2455
1106 976
1356 5674
5394 4204
3549 3268
3365 9312
4156 3805
4601 356
317 7752
5605 9107
6544 4326
2660 2414
9444 6268
3955 3503
9781 6442
9396 2458
424 1997
9068 1045
2528 1577
3198 3972
8333 4905
1145 851
2691 9996
8460 1262
8375 6748
9582 2949
9540 5826
6052 6438
5364 9595
4624 5454
4232 713
4176 469
9654 31
9439 8604
5111 8411
9728 1269
9241 7056
70 7299
7512 15
6150 1166
4712 9500
6435 191
54 5047
345 4518
2936 1650
8662 2534
1163 9058
6107 9619
8744 8694
1984 7653
4974 3560
7115 6750
1767 5336
4588 170
3161 9996
8103 4890
4036 5598
3780 4316
5250 3601
9134 3513
5932 1538
8755 9353
9475 3402
6502 5335
3467 5474
7342 1189
5943 625
3049 747
9211 3295
7287 8081
8239 3443
1124 676
8139 1753
7260 470
2832 3647
8499 8802
3617 2057
3625 5068
9598 4022
6853 4956
2803 3965
5441 9113
8137 9149
4074 2769
7604 4462
4148 289
9064 8733
120 8819
959 2258
2046 9115
3223 1106
3386 288
4116 9982
9579 259
6327 8332
9842 5956
4592 5533
7748 4395
359 33
645 6407
7456 6545
9382 3920
2782 7551
8016 2596
8408 4477
9416 6566
2695 7711
8426 8692
3303 8958
8384 8030
6726 9083
7222 1034
2189 6509
7876 4744
4827 2196
9537 6917
5292 2916
4362 1416
8310 6852
2988 7092
6367 443
979 2480
3893 7768
8789 8207
8985 7490
7169 4581
3372 6530
7304 6020
8471 5042
2768 7200
1322 4901
45 6243
5983 1580
9124 473
8478 9398
8877 2740
2154 220
517 6544
9514 5290
1246 9069
2083 9073
1471 3301
7952 1042
9344 7954
860 8051
6986 9284
2250 9701
3979 2730
3364 7357
6435 2242
9793 1083
4957 7999
4635 9513
103 4641
8496 3777
7023 4458
3455 623
1655 486
1871 3955
9567 2510
6928 5652
8528 5125
1848 5701
6169 8207
4431 3214
3963 6214
7694 9675
723 1950
1039 7463
2198 1374
2004 4321
2406 8917
76 2084
6384 3736
6465 1056
5122 7175
8808 6333
1362 4831
6713 7399
2795 904
3752 8121
3862 4737
5182 3290
5262 1873
5743 3191
4209 1988
3729 423
7724 8979
9757 5457
6660 9991
3751 3765
8465 4898
6867 453
7239 2823
2676 3242
1880 353
3022 7812
1060 213
8203 1754
4336 6663
5827 3698
1063 8189
3378 3387
7230 1763
7679 6124
5948 7130
9770 8878
3565 9622
9400 9490
9882 5461
1728 565
7704 5362
5977 9151
6627 2642
7147 5891
3865 3317
3832 717
936 8017
2612 7900
9342 2326
4588 4294
8925 982
8471 9489
1078 2726
341 7538
107 5992
8019 9805
8513 6559
3954 6066
572 8745
289 5507
5505 3783
4918 6386
1692 5688
7810 4491
605 3948
3276 7844
284 6085
8067 1606
2372 607
1030 9184
2792 3849
8323 1310
5009 8923
8019 5799
5786 7921
3746 1916
6481 6227
2114 6749
4190 8915
3044 1316
2855 8710
2457 2800
7 3322
6914 3104
6247 5764
9736 2254
7009 7790
4087 6713
520 6143
1363 6101
9743 2098
3388 8663
8158 9506
2725 9006
8123 2143
9309 51
4738 6997
5501 5059
685 7322
8343 181
2523 8222
1260 7365
9344 9258
2552 8804
4888 6724
7888 2570
8211 2916
6352 8162
2506 5200
8002 691
3438 2623
3277 4988
2153 1176
8940 8972
408 4435
7599 3902
9752 2791
2138 1528
136 1833
4163 2426
8119 7709
2511 9815
2938 2618
9309 2695
6035 4760
8209 9186
5925 7487
2762 1432
7918 3835
3941 554
8641 9292
8297 2458
9659 5595
7439 3647
6683 6521
3492 6053
2484 7198
4404 9166
8590 2444
9101 2434
5109 1427
7367 5597
5603 5995
2937 8748
2782 1070
4636 2950
7212 1233
5456 9709
7489 4430
473 324
2293 2664
4797 3633
3833 8581
9626 5562
210 4796
7068 4075
2015 1332
9526 9466
90 9349
9651 9697
3536 7360
3354 3126
3035 4488
8595 4655
3057 3487
1648 9505
4871 7671
4887 315
5963 6451
8317 452
3545 8475
8586 2310
987 5705
6691 6665
5033 8207
6689 4393
622 3433
3107 9079
8100 7219
6151 1923
5010 5251
551 8447
6340 7071
8266 7763
9497 5545
4348 5453
5487 5800
1171 8681
7662 1284
3461 1742
6516 1317
6981 5628
9140 9389
6047 2793
4612 1489
1896 8826
2137 7171
6622 9195
1687 1335
2047 8224
8522 4288
8489 7888
7095 643
2586 4508
5725 8719
1967 9612
7341 5638
7426 6134
3273 9463
7778 9008
6318 9449
2873 3871
3901 5349
1057 6392
2645 323
8377 7409
1459 6182
7028 9707
336 3808
1658 4837
2792 8514
3516 3811
4320 6126
4592 4708
1864 8883
2768 1651
9866 2396
4262 7681
1114 9751
7143 8727
6526 400
2992 8336
5870 2823
7048 1747
8842 9307
8760 243
1184 8887
8667 4826
9653 6450
5217 5669
1016 3951
5714 9718
3642 3394
4775 8689
1042 1752
5447 8178
6889 3553
9022 585
2436 1803
2560 6689
4162 8173
7944 4163
6907 918
1520 8765
1488 4888
4659 278
6637 7147
2256 2113
2741 259
8052 2369
8760 472
680 5795
3599 6402
9378 3345
1967 579
8813 7557
4630 4706
1806 5483
3276 520
5190 4790
9783 8401
3166 771
9385 9173
9232 8436
1536 6580
9621 9013
1099 6447
127 1060
1045 1437
5387 8326
3439 6312
1897 6924
3940 3200
2203 1798
2944 3359
5442 7316
5158 7504
957 1361
8639 3009
5915 7328
1031 9020
2168 3677
5356 6035
7026 4055
6542 2204
689 3347
1851 5479
6839 8627
7966 6835
9955 8808
6966 6496
1954 8246
2699 1531
4757 1453
122 6936
3914 1606
2934 5089
3606 8574
7646 1365
9666 1678
3711 8307
4219 3950
6987 4128
1230 933
6984 8306
8013 2341
2584 4011
9445 8937
8972 4966
9495 9043
1333 2575
3181 3080
3097 7468
6352 411
5496 8212
2840 7964
6269 8648
7529 7712
8281 2264
586 6705
7967 6485
5721 1530
3865 1664
6496 3179
9698 9612
3790 6385
2780 5620
9336 826
5137 7139
39 1041
7255 2833
9325 3962
4634 3535
426 2083
3433 1791
2103 2261
4174 4777
6673 8386
8703 6178
6935 7512
2869 6708
903 9784
2812 4065
7523 6019
3081 1401
6371 7308
1776 3311
2954 2937
6558 4088
4409 6660
6946 7858
7511 2858
852 4203
4454 4793
9573 2068
2702 8887
4088 2392
9210 3433
7204 853
6494 5388
1261 2214
1297 4859
387 3516
2227 3267
6410 5377
2527 9536
3006 3939
9354 6802
9752 3751
9006 3960
583 2212
4011 8812
345 74
5331 5388
6118 8545
2703 2681
5788 8561
4449 5411
5835 4431
6700 1709
1450 5208
5223 494
5510 9302
4474 2243
304 6593
3531 6953
389 5271
127 9425
5366 950
9228 7997
1591 2562
2463 9242
2557 5905
793 118
1210 9660
6545 7409
5452 9595
5871 3711
1716 5603
9203 3130
2487 1555
3336 4223
9501 6169
3088 1057
6164 4313
7013 3068
340 864
7313 5008
7992 7874
2271 8213
6482 8641
5510 5985
8440 3438
3166 4836
5201 3621
9799 8141
5221 5467
6770 9289
4684 2622
5531 5497
3766 7185
1027 2400
5313 3467
3143 2647
3146 8592
5055 1796
8423 266
7939 9084
4932 2131
4708 4233
8283 7167
4035 4002
9466 2047
5422 2980
6138 5358
9891 5798
9193 2151
4972 1893
9614 3301
2936 5736
4072 6575
4716 8679
4704 3041
9540 7462
9219 7683
5977 7433
332 4652
8284 573
8528 3878
5492 1990
7636 7979
4411 3099
4402 812
8593 6581
7256 659
6031 4098
6981 5131
765 6474
9526 3570
2214 9067
4049 6260
9251 8514
7385 9700
9978 3424
8068 3379
762 2121
7357 7084
2079 6583
1778 3430
3645 2087
6045 5377
9595 8271
7107 8364
4583 5305
7535 9506
8993 9601
2981 750
8721 171
7548 6852
7747 8956
1957 6790
9420 2181
8063 3784
143 2163
132 3167
3401 6955
7643 4510
5075 9665
1041 4279
8336 4190
5960 410
8828 7167
4996 3779
5642 7790
8814 8903
4652 1002
3610 7265
4319 3846
4816 8626
5163 6488
7150 171
1602 5321
5390 991
9681 6020
740 1147
3578 7800
2042 5296
582 5856
1594 4735
4580 9419
7067 286
3507 4776
149 5767
7656 8709
7729 519
3352 2290
9220 3771
6101 9670
8307 7088
1231 5093
8506 6993
9544 9626
1657 6592
9478 9689
6634 6653
7432 1850
2376 5009
8918 7642
1369 6760
4471 8393
1922 5772
1013 3397
1848 7749
861 3789
3721 5118
2263 9565
2925 4527
9391 4513
6828 3409
4318 3828
6795 9633
9310 4982
3166 7720
8227 911
8606 1726
6468 35
4650 7631
700 4439
6593 5109
7155 6728
2092 9145
3422 7545
9050 5078
1331 9898
4961 2623
2170 6978
1916 5319
9952 5469
9519 8082
421 711
2910 3021
5090 7577
222 7987
1747 9765
3663 5039
7339 783
1281 8915
8389 2691
9950 5753
7246 6740
7771 4955
9722 3776
5971 7090
5912 1126
5435 4676
9779 9127
8161 5856
5667 4034
3838 8386
7397 9546
7932 2831
8652 7880
9584 2927
3685 20
2581 7031
7115 1714
9295 5620
555 17
9519 5786
9170 3582
4329 7537
4499 3682
544 7536
7631 7706
6402 1272
8991 9395
9224 2909
9853 7581
2252 8873
5344 8700
9167 3080
5950 116
4933 7001
3504 3361
7855 1720
8221 3065
1810 3313
9264 6399
6198 8087
2059 5083
6721 8609
7566 1346
9033 4530
3680 1865
5454 354
2134 6600
9023 3932
3496 6391
5243 4142
172 8554
2194 5896
7697 3826
7825 3899
4459 6444
7014 3944
6079 9084
5791 9440
3621 8092
9164 3699
3526 3028
4973 3429
5268 8979
1274 1891
2426 7608
607 2217
425 1567
4198 6941
6247 3045
9802 8206
6655 9819
8061 7628
7121 1358
9748 4095
8382 1919
1344 1843
1980 952
4168 3375
7641 8991
6822 6138
111 3722
551 6464
7131 212
5633 4870
9751 2890
1614 8036
9627 9870
690 6655
8802 1618
5820 9134
1176 4130
6506 8910
8074 3259
8817 6482
5963 8758
8086 8657
9857 8349
2084 1307
9488 5488
4795 5153
3640 9693
6492 9982
2686 1232
1532 7065
5729 3478
7868 8329
3911 9518
4012 3513
3144 1016
560 7963
8572 4225
8240 4109
1666 5418
6004 8578
3660 9441
5305 8868
5155 4743
7316 6530
5109 3891
3858 7990
4067 9787
5470 647
6586 8575
3896 1251
1443 2004
9265 5220
248 6646
519 7296
5072 546
4822 8992
4914 8570
2818 7607
539 9099
493 672
2471 714
2138 5296
5262 5901
9962 4834
2772 8220
771 3623
9797 4827
5687 2193
7768 2443
8139 1058
9472 3866
2253 202
1819 5412
6626 4412
6342 9414
8492 7253
9048 1202
7528 9963
7253 839
8687 6759
4571 8608
671 5178
1678 2742
5981 7882
1788 1306
8454 1261
306 5430
2093 2334
3835 8798
2831 9943
515 7294
8354 2360
1296 6725
7728 7219
3949 8111
1560 1154
161 4364
1389 7026
83 421
9742 525
1945 6639
3014 640
2131 2203
3824 5842
3254 8153
4068 8142
8314 9101
60 6115
4268 5974
6571 2059
8203 3037
45 6681
5391 8483
5937 6437
7492 7953
1519 6823
8504 4555
8967 9998
5593 7093
2385 6664
8826 2658
3402 8052
6416 706
397 6124
3198 3568
9570 3532
6464 9960
6208 7631
8416 5549
5463 2088
702 6789
9803 2512
3801 9090
302 7746
584 3541
1161 322
6426 5731
8529 9952
8583 6600
1711 3783
2263 2316
9360 684
9839 6853
7460 3626
8301 7607
5281 1309
1114 5582
7734 8531
2283 1438
5813 5905
5462 87
8222 460
8172 7307
2595 1888
6505 8134
2905 2033
6911 6721
6594 1364
1403 5078
3077 6711
141 7847
1331 2934
8194 2429
293 7950
2540 6478
3250 3103
9252 2481
9041 1336
9625 3804
2356 1622
326 9766
5329 1103
2645 1198
4295 1758
9170 4001
3622 4213
7250 3973
2269 1918
9351 592
4563 2727
123 4770
9213 3827
2584 2506
1820 7373
2995 2449
4922 3562
3568 1529
7864 7253
3295 9066
1873 1750
8315 3740
1809 3718
5027 2946
7271 3120
9354 975
4392 5058
4881 2005
649 1338
8778 8110
2238 8714
3408 5769
7044 3993
1865 1130
6379 3112
1461 1567
4537 3509
258 6167
2024 2035
2144 6957
2616 328
3520 23
5280 9827
9358 6412
3615 3141
1056 3569
7882 821
6625 1791
1096 4936
2291 9727
2650 1579
1127 8007
4217 4079
8360 453
7513 7777
4748 5912
12 1103
1080 9977
2120 8148
9541 2098
3355 7948
3450 4097
7896 0
3207 6170
8288 4509
4005 274
7876 5200
2150 5149
7465 3063
5586 6404
1388 7899
9459 4318
3098 1792
7296 4386
1660 7814
6543 1041
8108 5144
3635 1016
6129 7220
9412 5646
9816 8944
2869 1819
9527 7167
1397 9890
5683 4820
7445 3116
8871 2317
9579 5799
3743 2018
5763 3050
8711 8221
7724 2143
9922 6190
1660 3540
4258 7517
8348 4010
3701 3512
7004 8843
8794 2950
1914 39
2820 7152
520 2328
3326 1324
8630 7105
1392 1195
6052 4306
750 1499
9236 5976
3107 4858
3392 8891
7564 6200
2396 2503
933 340
6789 4718
6598 8926
2141 856
1868 7497
3676 1047
1338 7080
8454 6321
8540 2022
9475 194
4797 505
8010 8432
2696 2987
7882 471
3871 7390
6901 3601
3268 3490
8684 7750
3694 7668
8239 5005
9356 6513
7137 3511
1220 2722
419 3008
6548 5835
5251 945
1166 6437
7301 9932
4901 2225
6778 2046
9187 1312
998 880
6282 8158
5201 1491
4569 1482
6800 7715
4714 9991
7051 7858
4051 8795
592 6025
2259 8157
8585 3412
4950 1464
814 3000
7233 2649
6100 6263
2482 2039
1466 1690
5107 4741
9807 7006
721 2015
3052 4591
4592 5265
5087 9510
1671 1812
8698 7619
1995 6033
6459 9890
4580 8668
1818 1974
4809 4538
3888 7059
9228 5839
1063 4645
4230 4604
2836 1526
9742 2453
7095 4481
6823 296
248 9678
9826 5370
9153 8038
429 4177
8339 4395
1108 5323
2859 8100
1772 5041
1289 7126
7148 8422
1439 1065
9884 1495
6761 1162
1646 1112
1251 4047
3438 4352
3463 4974
9161 6819
493 3293
140 4252
3264 678
6860 4279
8631 3157
10000 5253
2015 693
7806 2635
821 7492
9995 2579
1973 102
4511 4765
4556 7775
8702 3622
5405 6627
2001 9780
8354 4496
9103 1034
2850 7314
4504 3055
3395 734
3100 733
815 1099
3149 2113
7538 6575
6020 892
1137 8140
7690 5252
3012 8909
1456 4852
2182 5072
8097 7169
4528 7815
597 5188
2293 754
7822 248
3024 6469
9049 2979
5240 2398
4176 221
7021 3777
9321 9803
3097 6116
6617 5767
1654 8002
4465 3269
1843 4330
2133 4165
7909 8746
1417 3049
7618 3675
9350 5005
5186 3443
3929 8890
2203 9395
9360 6698
568 3103
5994 3415
2189 9264
9171 1003
9377 7685
5927 895
7495 5653
2764 7825
9472 5150
55 2154
6000 9021
175 8880
8124 2966
6057 7743
4891 6774
4763 5189
9218 5317
7241 634
8212 7300
4197 4509
4623 8104
4286 3815
2252 1363
9996 6426
7112 244
9431 3600
7507 6869
5638 1321
9570 1841
2318 4581
4889 6195
873 762
7493 1175
191 353
5132 6240
5750 8757
3494 7242
4121 2355
4564 9304
868 2886
2561 6799
2086 8230
3472 5883
1927 144
5767 4974
4146 6945
9858 273
2755 171
8741 4966
1936 9853
2319 5474
630 9795
457 6758
4540 8435
8751 7911
5219 3019
8586 2157
1735 2848
9534 1299
4564 2858
8318 8099
6497 6957
2259 46
5905 6965
7938 9046
3316 7651
4378 9155
2295 2162
4715 7463
8102 8188
2619 8099
1153 8581
2668 717
2992 7926
3593 5995
9657 3092
4330 8283
451 5509
8591 3074
7990 6379
9490 8642
532 232
1086 2000
1872 3148
6687 8536
2570 2524
9282 499
845 4982
7671 8394
3948 7001
9826 6650
7707 267
428 2196
1471 5361
2588 3005
1338 5918
6156 6059
7752 9585
8879 1287
966 6020
0 3646
128 6266
8575 218
6743 3983
4198 4050
3127 2471
1627 127
5523 1737
1203 8860
4111 9586
696 4128
7570 887
5960 9076
3118 6182
726 4751
10 1115
1561 9986
2780 2586
1126 9788
1997 9133
3294 3601
9112 9073
3529 6188
9533 1676
3921 4346
9298 9098
8576 5017
6302 4977
5028 2548
3577 8755
4523 6210
5332 6102
9530 3107
9097 68
2778 5116
5423 6592
7623 7707
2201 3398
417 4455
428 112
8042 2768
8059 4887
3107 5551
5548 2259
5819 6497
7 7255
8504 9079
5553 3662
902 5908
3135 9721
6198 8140
2155 429
1057 5165
380 5593
4959 9756
1407 9826
2040 1603
9738 6767
8828 7859
9654 4063
2129 6509
2980 4792
8561 6422
4840 4510
3224 2967
9112 7671
3007 5117
4899 9705
4336 8381
2398 667
4633 6582
4265 3758
4617 8139
3851 9554
6713 9250
1248 9468
5903 1162
5625 2548
4723 8554
2761 9276
201 9088
5761 9339
4218 3861
84 4899
3396 2875
5218 6836
8154 985
8768 9037
9062 8800
2489 8588
9586 4123
7437 903
943 6662
2275 8563
9737 9171
1316 3002
4198 8792
9172 5897
4236 4512
7202 3531
4054 2759
9836 5758
7799 6476
961 2592
4550 9433
49 6027
1372 6028
5459 5362
3341 4759
7151 2019
8831 1484
5017 5612
4907 3189
9793 8101
693 3736
7568 8695
3916 8298
3485 4943
7251 7269
6704 5550
5979 5400
7387 7825
5516 5305
3628 71
1720 6557
6698 6028
7113 2283
7730 8630
7765 8605
1265 7442
264 8331
2587 9599
2943 8134
8821 7873
1299 4073
5941 6632
6036 5344
6020 7794
1512 9776
8756 1345
334 9031
7747 4648
8504 3914
4889 9772
9629 6930
5690 4343
3122 444
7443 3461
2196 3386
1954 4893
7137 6210
1302 3557
763 7
5681 5780
1524 6318
6009 5312
1188 9314
562 166
430 1014
2318 1267
5279 4154
7015 6835
8327 8390
690 9452
3071 9750
3003 9622
4853 4946
5185 9503
5769 2603
5862 4741
8344 9853
2795 8234
4392 3337
9571 1180
9075 7967
6849 5845
6673 8276
3107 7616
4798 8614
1768 5879
7849 4432
8057 4414
1315 5201
8558 8092
9559 7368
5078 1224
9334 2019
4704 1492
9881 2552
690 1600
2343 567
6807 6224
2313 4385
8382 3701
10 3983
9912 7599
7785 4193
1665 3520
6041 1343
50 8502
5181 1062
9504 1444
358 4864
327 5767
1673 6740
9019 2839
7919 6888
1192 2936
3819 9843
2405 191
60 2441
9644 5917
9284 5135
7229 186
62 365
5971 1654
9522 974
8837 4914
4252 3925
8342 4408
1556 9474
8473 1327
7465 6375
7348 3150
467 7770
7597 6848
2635 7477
3796 1145
4777 3027
7646 7882
6891 5124
6521 6234
4541 750
5701 7280
8020 5653
3111 7529
9103 823
2887 6168
4194 9976
5105 3764
7482 4170
1761 6148
3931 2400
2117 1949
4845 4793
9502 4747
5456 671
4225 4932
607 2541
4007 3882
2131 1099
7549 1946
5135 5739
2349 4103
5009 9718
7281 2660
1994 466
4749 9345
1167 8076
3516 667
4539 3105
6316 1790
4969 4426
5162 753
4304 8227
8279 532
7959 4515
6359 3246
8768 9148
3677 8081
8608 9049
139 8745
7563 3929
7359 6636
3062 6367
1591 4862
9059 9051
4354 1919
2172 5906
1733 2916
1476 4151
2499 5144
2444 476
2532 6698
1823 3166
5569 8064
3857 7821
9462 5833
5383 524
893 3484
1825 5590
8789 9859
7582 7210
7214 7119
6156 4438
9118 6440
1282 1118
3515 3698
4523 9001
4240 6821
2684 735
7073 8966
4872 9301
7760 4695
4976 6286
9354 7179
2796 9917
9482 1953
5839 1924
4741 5146
8695 9179
2579 563
7986 8395
6613 3935
6567 3586
7871 4
8032 9341
9154 565
8182 6110
8503 4049
6378 6843
903 1752
9429 4162
2935 7526
1412 4651
9973 9572
3549 5651
2732 7695
7679 1830
3766 6049
7401 2844
5411 3582
7469 3560
9054 4522
1927 9654
4734 1364
2632 8928
5006 1416
3049 4879
4780 9395
5656 5125
1909 8767
7555 9517
3757 7689
4080 4702
1536 6549
5335 3423
1017 1315
2018 1055
473 4894
9972 7680
5322 2084
1212 6252
9385 7735
2757 1556
4521 7863
9204 2713
978 9464
1147 4043
1194 3774
1219 1673
7018 1283
5435 2305
4892 6432
5305 9766
2872 6183
1051 7872
2579 3459
3954 7740
8462 4584
3710 2905
217 5236
2318 5250
1190 3573
4817 21
1701 2979
7391 3390
6618 558
9171 6669
1977 2401
6455 9086
4578 923
6698 3861
6689 2060
4560 7383
8478 2480
9887 5146
9411 7887
3901 3963
1648 3598
350 3777
8694 3209
6732 9199
7773 1170
4489 3632
2696 9321
2547 5530
2738 8013
9191 3061
9867 3657
1510 1347
5305 9211
2513 8301
7123 5137
533 6112
570 8216
4790 7824
3759 7595
2788 4489
5663 967
1593 5525
8250 3660
5051 1977
1814 1836
2842 6557
7426 6090
3528 2415
8562 6439
812 9613
8749 7173
7514 2720
449 9140
7725 2409
464 3270
1723 3334
9436 8075
8813 4363
9926 8074
1466 7091
9393 430
2036 2892
8396 7857
2275 5872
7524 6760
6527 5399
1398 519
7501 1934
3078 6507
1348 2285
3438 492
1930 1486
5218 3376
9982 8818
3103 5224
8744 5865
5012 4170
2467 6361
4300 1882
1330 2001
1152 928
7210 5646
7914 4995
691 1917
1292 8875
4647 2270
3211 7417
6375 6089
4061 571
5639 4456
7706 6119
1164 2974
1978 3557
6809 2741
4305 6023
163 6702
5916 1228
7386 893
6249 7149
4819 7002
407 4517
7362 9921
5716 1884
6308 9008
4978 3936
780 370
5989 161
4303 2439
1188 8173
1875 6997
1458 654
3706 1796
2257 8500
422 9771
4370 405
4724 3405
8250 9840
5302 4852
9742 794
6387 8513
5772 560
8810 5361
5815 5771
4437 839
2394 6673
9175 3936
1231 684
9073 8398
1415 627
3997 5329
1401 3774
3809 1358
9256 6389
5617 2252
7751 3246
6266 5103
2811 5882
1452 8059
1869 7984
2990 4505
3719 1045
4865 9762
2564 2821
7855 5774
7184 2008
2701 4782
6333 6542
2525 8474
8908 5675
4817 5874
392 5607
759 9233
9126 4573
2713 3082
5419 4014
4485 2640
5744 8618
678 3004
7099 2884
7707 3009
8839 1289
1272 14
574 551
807 3499
4158 913
527 9595
4351 1254
8903 1888
7175 811
5269 2055
585 6224
8540 8831
4507 4323
5289 820
8335 1084
1319 1914
9099 4244
5037 8283
3550 9666
5529 4453
5326 9075
2570 7602
4972 6959
9619 1362
6263 2785
9574 1086
2351 7769
8893 2
2222 7123
8990 5722
2016 1174
6987 7922
6488 7302
7159 4635
9945 537
3552 6488
4461 3972
2090 4524
9044 5084
3633 5876
7799 8750
2361 5080
6107 8868
2096 5993
4914 6634
1582 6917
4886 1777
9986 9713
6522 2730
777 8861
7181 8260
9769 3157
8167 8778
8105 3401
4933 1998
2654 5841
8488 5433
5592 1134
8249 7682
8988 8327
969 5937
3103 7684
9051 1741
7636 1212
7685 4330
2503 5522
4356 4138
5487 1034
7131 3803
9289 5491
3729 6772
1829 6796
6727 4806
8317 7986
5648 7935
6836 3953
4716 158
9567 6041
5984 7175
5399 9129
8984 1338
7194 8295
5108 5483
3876 7239
8536 4082
3910 1996
2703 94
5869 3834
4081 9409
1587 2876
9096 3027
7456 5413
3036 173
4963 1991
5111 1895
6113 80
3395 945
9833 9077
1492 6588
2936 3072
396 5110
6049 5530
3155 3273
2559 1335
1022 961
9079 7431
9719 5231
9080 8980
5154 3968
947 8515
1079 6462
5143 3148
9452 7084
3341 3444
8935 2138
5562 4478
7129 3439
3846 1156
9046 1028
7519 435
9918 7446
2742 6996
3354 1687
1496 9843
2714 7951
6928 791
4866 4971
1631 7364
50 7515
2126 2807
1961 9689
7614 6343
5823 1500
9193 3490
6080 4111
379 1773
3276 6791
9185 391
2435 9833
7024 833
8119 9355
9627 421
9280 182
3500 7417
9913 3085
8063 6369
1460 4870
4544 8603
3413 1495
1429 7200
3582 8564
578 3089
9232 8578
4986 4079
4120 7447
1600 9808
8220 1683
1975 4961
7375 1293
716 4222
9618 6659
6343 2022
9681 4767
1859 4444
3841 9714
4165 2609
7208 4846
4768 9309
8080 3543
3322 2828
3828 7805
1117 6501
2108 6275
7582 7400
8646 4094
889 8024
8863 3767
2539 6121
6921 9284
4220 9424
3832 5575
7302 5974
1262 6806
4897 1263
6141 7144
9881 5214
5719 8940
8630 6333
3085 9553
119 5493
9413 2432
5287 9423
7941 1170
4883 9043
5012 158
8635 627
5042 6655
6777 160
1775 8006
4732 3237
3144 9792
3609 6486
1250 1921
8199 5708
8863 2582
5461 223
2695 6629
7909 3306
20 7627
3304 7031
3442 1499
4821 6519
4405 2987
1939 4028
9491 1297
2741 9790
8906 20
5945 582
8551 9786
5689 3060
2126 2439
1924 2339
7342 236
3547 4304
7737 2695
8627 9560
1851 4057
8734 6487
5796 6353
8569 8272
3134 4394
6814 6863
266 8542
7141 8955
9475 918
7946 5651
4993 9940
2463 5285
4857 5196
2355 7395
5841 1017
9017 3083
7179 3730
4173 3351
3993 9309
6144 6088
728 4895
3346 5109
4269 9632
4484 4209
2438 7212
5802 4812
1915 4842
7375 7804
5418 9664
3615 6884
5491 9856
6315 2145
953 2670
7239 1476
7464 9995
1552 1202
7764 2762
1743 1905
4302 4505
800 6275
675 7801
2396 2877
8985 6066
1617 9278
2883 5889
6651 2198
8248 8798
9221 7612
6326 8372
5398 4882
8356 3337
1289 9665
70 2786
8299 1745
3421 2016
2887 7138
3426 5819
5815 6952
4447 9272
424 3616
5349 7159
2912 5561
755 1545
7050 3873
2276 175
5300 3775
1895 2545
1339 3295
7369 7464
3953 3420
9246 4801
3078 1246
3559 4240
1908 5740
2201 1813
9679 4350
3766 5748
6895 2661
6471 3895
679 1559
6810 481
6790 6860
8195 1003
5650 1251
979 2903
4496 9575
4189 5615
5645 6790
5446 5175
9779 7064
3138 5039
6727 7886
3316 2130
40 3371
1554 6705
4057 3529
8925 9691
7455 2222
7612 1298
1554 6585
2862 3505
8851 7983
542 6872
8299 5198
2860 6169
3136 3867
8014 5280
3086 4102
7156 4506
3236 7367
4896 2272
573 4843
3089 6206
8041 4492
3485 6923
9990 7419
2870 9609
2097 6277
4704 3311
6220 5299
6926 2686
7069 4202
8323 8411
4577 1143
4773 1581
8394 4064
9979 1456
5845 9742
65 7935
3561 824
8474 5631
9178 2415
7442 2030
3334 2339
6309 749
9641 2937
8404 8253
4385 8088
9862 6809
1195 7437
8597 3535
8858 5881
6933 270
3338 8366
8203 2884
1809 3831
5869 5921
7602 6109
6052 6077
6796 1166
8659 3601
1154 7555
4582 4396
8179 9940
2423 2894
9075 4507
5382 4023
4213 219
8238 1290
6315 3080
4199 1592
9980 6885
7521 3904
5022 124
2953 3684
9107 2704
8939 5337
2545 2286
7778 5990
2241 7846
1721 3451
856 126
3385 7404
2205 3838
5550 4868
9631 5823
5756 1763
2829 861
3734 2352
4376 4039
2456 5347
7414 4959
8667 7015
569 1970
3988 2186
1420 6306
2082 4184
6501 8035
7213 4662
5938 4364
3820 1293
7447 7069
6366 3697
1582 2685
6098 8178
563 9206
11 6093
2621 1608
204 271
3858 9647
7172 9212
9466 1675
8246 4426
9637 1264
5434 4985
9347 6197
9120 494
2715 2966
5381 6970
9991 1220
9572 4925
7844 9510
1462 1765
8585 7229
5686 639
2722 658
4639 7541
1382 3006
8759 3797
5946 6384
3069 695
7323 3125
6752 3384
9069 7649
6533 2299
6530 4760
8229 9611
4669 1970
4527 6298
8480 357
2013 2109
3976 4037
7668 7611
5479 2945
3938 4216
4292 9668
6710 9435
7376 2360
4193 2388
1469 2541
3640 1116
4817 1352
966 4347
4078 8108
1215 2922
3008 9618
3255 1856
4108 322
1037 306
6798 9615
57 6575
893 4877
7105 5921
9701 7959
191 8719
9687 8067
6577 7376
444 7478
3407 3982
7663 5343
604 7004
3560 6047
511 8123
3215 1350
9929 9922
5642 9695
1099 3211
4001 9361
8746 7766
5340 2365
6799 3927
5762 9804
3717 6743
2896 8445
4298 6601
8762 8006
9727 603
8668 6007
4200 5904
4098 5080
5486 2621
846 4878
5553 4666
5726 7886
6623 4159
9107 340
966 3835
3550 7880
9258 5677
8056 9971
4629 234
805 3108
6065 2692
1539 7882
3880 6395
2875 2069
4606 403
3001 4568
2065 8260
722 1508
3731 720
4629 6944
3718 190
712 6228
2573 2493
8553 6358
368 8846
5169 6879
8845 1852
2477 7209
2041 8527
7489 2122
2618 5800
5717 5511
346 9810
9466 2464
8436 3581
3441 2224
5885 5478
2607 5811
3463 4525
5965 2742
7867 6968
6080 3891
3937 4187
4651 4078
279 1098
1701 2320
7694 2522
1950 3112
4229 3165
1277 6690
4079 696
7419 5853
3646 1206
2252 2554
7164 765
4602 4923
916 5863
1450 8259
6612 6252
5373 5852
2076 5291
4988 5944
3045 5238
4344 5006
3899 7995
5997 9179
6442 873
50 6825
4139 5426
1219 9519
3683 5081
1497 1507
7214 7091
5351 8719
9557 1533
4487 1225
2038 5894
1547 6598
7597 9566
4231 2957
1010 5213
3499 2985
6152 2457
3278 2445
6282 3890
3714 1183
5022 1499
5721 2791
2110 4170
9369 595
4222 899
9458 5225
4082 9624
4567 959
854 6349
5563 9391
955 2688
2287 5610
5923 4547
6039 1317
3550 2642
2804 1224
2110 7656
3818 9442
7720 2189
4524 4009
7857 1025
492 2308
3108 3305
9647 3015
5341 1220
6835 8737
2788 7490
9726 8055
4263 569
6301 6998
1006 4624
3724 372
5819 7491
6013 8156
9947 4336
8938 4797
6521 9347
6870 4633
1974 1613
7391 9641
7666 1576
9659 3495
1419 8042
2160 3913
4891 8535
8010 9095
2457 8058
8041 330
4478 8577
6244 8733
2906 6661
6076 5358
9584 2625
1173 5408
8288 4521
3307 930
4064 1954
5340 7469
2921 5905
446 5323
4884 3861
9525 3274
8578 2575
7531 7876
8091 3662
5651 5573
5446 8072
5990 6827
8448 3646
5858 5916
2333 9696
7111 2776
2787 430
6424 9414
6967 2284
9016 7497
5416 4430
3690 5432
4210 5535
9005 690
3067 4951
2023 1836
4722 4994
5886 2727
7105 6679
5569 1725
4216 6003
794 9096
2623 9723
8132 1461
5925 2013
7518 8967
8206 663
1216 3220
9242 8228
8890 6268
135 270
6979 6157
2468 5939
8539 7625
5749 5958
1324 3698
6215 7322
7453 7029
5742 1497
9670 8342
5196 3361
8275 4082
733 4543
6234 8078
6374 2835
9154 5738
158 6444
4470 6291
1029 7025
467 8884
1944 5669
2903 534
5219 2640
2855 6723
6850 9715
2930 4575
7978 9095
2356 4793
8935 3905
7087 6535
288 175
9076 1566
8354 5938
3561 4076
3110 7683
3306 4370
4470 4229
744 5554
9865 2068
4470 9467
3428 6493
8565 187
8104 2748
2770 7011
6652 7856
7201 7735
9580 9224
8018 1651
1674 53
3219 2781
1561 5826
9215 3973
2413 2811
3370 5675
388 8248
2136 533
1992 7214
1316 7612
7516 5283
8342 6241
9814 5917
1108 699
7776 597
6761 9580
943 8280
5295 6060
826 4403
3635 1256
3357 2300
3450 2982
3001 7516
8837 7198
1620 9089
4842 4467
5340 7851
7959 1202
8081 7312
603 6598
6888 4625
4436 2876
1373 3926
3554 2235
7865 1806
1371 3795
4826 5223
4846 8434
1968 2083
4251 8092
2269 1471
1782 2966
8352 9890
9495 4519
6478 138
6219 5467
1570 6566
6905 8682
4825 1903
3663 4016
418 9426
4611 7812
1655 491
4075 3923
7658 9055
945 7488
1228 6816
1479 6350
6839 1532
4717 1705
2696 5608
6859 665
5141 9109
424 6253
5428 6539
687 9022
1668 4434
1811 8931
4086 6836
3819 241
4606 9872
7515 8453
3608 698
7436 7615
2803 3180
4336 2534
7789 5955
9853 7874
4343 2359
2959 9952
7431 1513
3581 9942
5733 3994
513 6948
5521 6345
1391 8732
9942 673
4170 323
6625 434
1268 63
5277 974
8034 6917
6342 8779
7077 7889
632 1570
2643 2217
2836 4868
6918 3224
4866 5450
4567 8190
8445 2237
100 8638
9583 3508
8573 4974
5247 8591
7893 9252
6040 1360
9812 7274
9026 1588
7901 4799
1681 7780
7332 1110
3163 1024
3606 4843
668 6941
1173 8277
4828 2073
5401 2712
2000 2858
6403 921
4720 3027
276 2270
3640 9542
4666 9636
7322 5209
7448 7414
4227 7881
1390 6938
302 5976
5940 7132
998 7524
5876 6325
3028 114
3154 2411
8457 8053
5794 1638
5912 1471
559 4179
1300 3862
3349 9194
3105 2529
4895 955
7564 8258
1484 7695
7633 2307
3327 8061
2737 6287
627 848
576 6248
150 7170
1120 9978
3604 618
7762 8757
4173 1279
3023 6589
8832 9225
5300 1718
4981 4241
2196 281
245 230
9258 9779
2285 9769
3391 1121
9702 5943
4628 3018
6083 3348
2675 2186
927 2462
6373 5688
1056 7043
8872 1165
5982 3852
3811 9951
9200 6613
4090 2005
1147 2754
5416 3018
5063 5469
389 8948
9504 5187
3232 686
1635 2056
8398 6434
8788 2632
5674 3686
5743 5387
834 6319
9507 165
9269 50
2862 6977
6407 8115
8474 5475
3625 3470
87 8218
5890 6343
6537 4757
5116 8713
4379 7968
2233 8021
7430 4682
9272 3330
2555 4778
957 2771
9928 2427
3228 4932
2606 8989
447 2213
6169 5850
5612 4224
1798 9717
6282 3675
2240 8494
6817 3771
6090 2107
1523 214
8574 8409
7925 94
9255 7111
3045 1815
5706 5562
9202 1767
3112 6706
9259 4820
2860 8896
1801 6474
4281 3675
5421 9037
309 4745
3808 6482
6380 9345
4883 4893
7344 8332
6504 383
5450 448
7290 438
9923 782
8917 9679
1230 1242
4106 6192
4689 1819
2500 8341
5401 2289
2366 9430
8603 4440
4901 1249
596 9385
607 6011
3665 4484
310 9895
4089 359
5730 7679
8660 6661
6419 4240
3651 3828
5909 7425
1287 1946
1835 9424
3356 3037
8367 5608
4331 4976
668 3684
1780 770
1596 8871
2187 5929
4820 1619
3382 5523
6141 1410
7497 6898
7231 725
1048 8646
4076 9366
7436 7113
3313 718
7224 5516
336 1753
6591 7137
7569 2663
7040 3753
9036 6181
6794 8665
1034 8578
3947 5728
4726 6884
4802 2741
3629 280
1998 2069
3629 5908
9924 7931
8651 9821
7891 738
8863 4181
3618 1562
3854 8268
1229 4484
6178 9946
4548 9142
3622 88
6706 7825
9724 7500
4702 1698
2487 4375
127 6861
9637 6147
2152 2597
6640 8527
9938 2151
5306 1033
9220 357
9833 2100
1359 3664
1175 6148
5679 7200
5995 6090
6165 5879
3032 2192
1017 6207
6879 6294
3229 8802
3757 3338
4859 7363
4178 5976
4990 5299
5665 5653
9652 7171
6166 513
2496 1560
4665 3511
3448 4659
3464 9402
7867 1199
8495 6168
7823 5745
9617 3854
4110 5282
6962 1337
3119 7445
6046 615
8217 7475
5627 9734
3399 505
1127 4193
5063 3537
9027 1170
4638 4666
7599 888
9977 3625
9414 7567
3091 9406
1057 3150
2415 2260
3587 6490
6383 8731
9358 2044
4379 1920
8015 125
4492 7830
3557 5197
3495 1912
2848 9765
6365 50
3187 9991
8445 6143
1665 6197
8873 8695
901 2418
2812 9819
9118 1270
889 804
1314 504
4756 1546
4149 2648
6973 7110
634 8529
5495 7148
9936 8272
3962 3442
2518 3657
976 707
5907 4323
2332 8615
7103 7685
7382 2877
743 1130
2221 1151
1985 7806
5230 4137
2486 4800
5076 3511
3006 3595
4203 4698
6311 3600
4723 2466
4185 6572
2579 3631
5121 2551
4585 1927
6116 2764
2823 688
718 5365
2963 4845
8616 9133
5213 9443
8469 5357
1642 4413
1715 3709
7572 3608
4461 8002
2678 9644
3895 4438
9545 7866
3015 4836
6323 6680
3272 2459
6755 2729
6408 4702
5363 6643
8642 7018
4841 4288
4415 8167
1994 2142
3548 7988
6848 7302
8479 2055
7831 3875
7798 1710
6310 9435
4793 8679
3791 3130
2098 9246
1126 9924
3197 5113
7946 8859
8745 2003
7111 654
1856 6946
2297 7490
6581 4568
1688 6136
1882 2952
8212 2463
4827 9336
9984 2704
9952 6909
8998 5608
2799 9058
1671 3481
2505 3086
3192 5841
6320 4692
5376 3210
8488 3757
2389 6605
3505 8105
3031 3287
2115 2661
1750 7827
4331 4979
5109 1049
1907 8225
7088 5499
8115 9762
3015 8526
8942 7058
5702 4669
7102 1219
8657 6091
9292 9838
6417 4713
8864 3945
6130 3893
1425 5363
6747 6528
3775 5847
3750 3379
8888 2341
3591 252
5543 7201
5538 7953
126 2987
2851 5647
9610 686
9224 2327
1821 963
4017 5291
2313 8883
4576 6213
1638 5965
2761 8296
5891 7735
4238 9942
6491 6669
5060 7651
9390 4724
6210 311
9946 6141
5979 6113
8802 7367
4742 6429
5280 7799
7621 8435
1507 1221
7957 2270
4426 9801
1450 6411
2573 2653
976 2513
2446 840
5368 4679
2125 5106
7868 9791
5775 9495
4753 9210
9041 2715
692 4599
5397 5826
1211 3497
7331 2976
6095 8479
6116 1673
1212 816
7183 4274
7265 6394
6545 6997
6060 3963
5830 2312
1449 6769
8698 3524
3863 2153
1346 8497
8763 6649
3116 8067
6382 6729
4019 2083
3351 4245
9289 1103
7395 9142
8312 2299
2650 4457
8140 1506
4696 545
5554 8827
428 4198
3000 9214
4485 8756
6058 2920
2728 1042
5271 9830
7234 6020
8582 8675
1213 7427
2672 8248
2786 4691
9310 9913
7068 248
5772 8739
5091 9193
1999 5269
3036 329
7244 350
4673 9858
1178 3236
5069 4256
6097 7154
5854 8392
7834 2519
8530 5230
6531 4870
3150 1059
4516 7502
8504 4470
1433 858
5297 7976
5662 7431
1701 1309
1084 8592
7657 9549
3744 8650
8906 6270
3797 9387
5209 7812
3099 4779
3590 1684
3033 2517
3333 3647
8199 9985
894 5422
1530 747
2283 5801
5019 6094
9923 4506
1467 4621
4907 9213
5039 4205
4569 4567
1127 4965
4750 174
1415 7166
9259 4842
5199 7448
5028 2301
9971 5037
7482 9235
6224 2769
7279 6689
5972 4698
1582 5991
4239 9966
5901 9711
1925 8583
3183 8179
3895 9767
5003 2225
2231 5891
7677 9747
9812 3486
6342 3392
5336 1398
8978 4951
7969 4372
7091 1175
4991 4563
1279 6933
6532 7207
1914 6770
4980 6277
1997 5905
8927 6989
5590 2267
5804 2729
1753 1113
5549 9592
3563 5542
8613 929
1778 8105
8903 5106
252 8181
5461 2851
3522 9801
2904 5185
5772 7537
6425 4411
991 432
5287 4915
9830 134
2750 9601
4772 2320
7497 717
1423 6109
9654 7052
3104 3608
9491 7261
8109 4502
9440 5351
9973 2939
1928 527
4099 4679
9964 5094
1441 9768
5777 3664
5461 7043
8404 1772
2912 8984
9900 1076
4655 5956
9663 9668
1584 2654
3863 9110
4531 7058
8681 2291
4040 6370
6798 5585
5358 7105
8007 9771
2951 2676
1856 3358
5143 2811
9938 9736
7170 2591
9085 5543
6415 7141
4339 2676
6222 8037
3420 2784
1052 2129
303 1489
2783 7630
8438 648
4962 4431
140 1241
1615 5945
3528 3099
4601 3855
420 3265
6801 2685
7407 5227
751 5617
827 3784
2030 3628
2514 6531
6936 3802
2647 4490
3170 1344
256 6928
4822 7697
9689 8003
4073 8239
7125 6188
5958 5665
3806 7614
5340 2677
4330 1765
5230 8756
4430 1922
7408 9582
6839 7641
9254 2102
7151 1699
6339 9667
5905 7512
4370 723
2184 8684
2092 870
1742 5264
1276 1716
6521 9844
2686 7239
9415 4906
2035 2187
1036 6906
7108 1959
2088 1155
6859 9601
2074 5323
288 5585
1222 4094
508 2776
3564 4011
1527 4775
6120 8329
3335 5431
6280 8480
695 2803
2687 1105
2215 6680
9377 7080
5458 7355
9891 5719
7643 6927
3807 6504
8954 588
7976 6461
279 9277
1302 2027
4706 5253
4736 6652
2761 4795
2099 1939
134 2539
6751 6326
804 1450
7213 7215
3159 2627
9301 5941
1955 7825
7928 5716
486 8251
6335 4946
2846 8847
1066 3528
4931 2313
3847 3327
3746 4910
5302 1065
7055 3539
1026 3226
1942 956
3095 436
3446 640
4406 7113
2394 9912
6583 547
536 2925
915 6567
336 7598
3228 9563
1755 4374
4932 9386
1943 2813
2163 9814
9276 2132
260 3137
2317 4857
2959 5366
4514 299
2008 171
9037 7643
9837 3204
5859 8363
6305 1949
81 6544
6914 5383
2902 2273
8466 863
6939 7609
7809 688
6963 4011
7607 8725
1152 6452
2214 6227
7557 7107
7895 3871
5172 2284
9888 8315
7572 4661
5696 450
3962 5121
7382 5285
2410 622
1463 7550
9400 6508
6462 9564
6330 9269
5298 1451
5769 9170
3901 9731
3838 743
5651 9277
938 4753
9538 5670
1472 275
7593 7226
2591 5424
3571 4843
1909 245
1672 576
7945 3256
3241 2986
254 9711
1290 930
9257 2454
2490 4129
5145 1043
7192 2507
3113 445
7476 824
2624 8750
2539 8417
4778 3110
577 9357
6367 6218
6452 6795
4627 4309
1965 217
4867 1679
7510 7951
5456 5520
5093 3021
7167 610
847 1218
5952 9874
3633 6777
153 2665
1852 6611
501 326
8769 1370
7239 8403
9038 5156
5483 4405
1177 2616
2832 2754
6912 1969
6611 5165
4739 6564
9428 2864
7745 235
7784 1680
3287 4784
5590 7954
4317 2708
689 4504
4313 9577
7936 9815
6227 9873
7856 5890
9442 8609
4508 1034
121 7615
9665 5852
