placement model: 1slider
width: 10
height: 10
number of points: 100
7830 2920
2028 420
4236 1424
6548 4249
1832 3197
9892 7999
2117 7557
3254 7009
2218 8853
7762 2897
3246 8589
385 933
3125 4866
545 4885
8930 7985
4907 2433
1040 8528
5003 2054
7458 4353
6675 6149
4767 4606
4778 9462
7512 4288
1506 8594
4045 6700
2629 3296
1103 8626
7159 6061
1258 1279
5719 2731
3997 3953
3946 2308
7203 9314
4637 9510
5620 2444
9159 6480
6747 9433
3346 6927
9985 4475
937 6411
3820 3089
9960 4455
9809 8454
3632 5408
5085 959
7730 9909
5541 1286
6716 639
5944 3154
5216 6177
7769 9602
7840 3715
7463 1990
6835 4796
8091 4143
4516 7759
2168 2286
4028 9674
8319 391
8057 9537
514 1165
996 2668
6296 1493
2564 6744
1097 5815
5948 8823
7114 3641
4553 5024
9056 5525
9823 6132
3758 8153
2666 5228
3024 4631
2688 3399
8393 4895
3073 8635
7001 8113
4520 151
7748 5034
7094 8063
786 6455
1338 9717
5508 744
8713 7283
2887 517
8825 3638
7051 2907
5875 753
8610 6068
6755 5718
3484 9076
9915 778
6548 2005
5879 2278
37 9395
5616 7084
9478 8698
7477 9591
2109 5716
1293 5899
