placement model: 1slider
width: 10
height: 10
number of points: 1000
276 7047
4126 2849
6751 1963
6747 5118
4401 8985
5387 9315
3153 8184
7640 8240
521 1681
9097 7666
4025 1867
2175 4301
539 9324
6879 3784
8284 52
5908 4190
5320 361
6709 6553
1720 2030
6739 1250
717 2068
8241 9821
745 5468
7296 6596
6386 7414
8431 9955
6857 8178
7463 5743
6314 1585
3051 4220
9174 4060
4364 8458
3193 795
5905 1547
9554 6046
8631 8343
8519 3175
7490 2882
1886 2869
826 693
2970 5756
6918 2558
4007 3726
45 5774
6445 7470
6403 1460
1439 6618
4732 9868
7444 4539
9402 5302
9980 793
1995 8083
6303 5616
8617 674
6666 8037
4791 3127
6990 1479
2912 3263
2199 8133
5671 4462
8563 639
8696 2861
2587 3683
8727 5464
8707 6962
2570 8821
9218 5117
9832 5441
7295 1853
6102 1478
1718 7351
7635 5430
5579 9438
9205 6223
2067 7000
9354 3323
4396 613
5997 9965
2966 380
7277 8460
3174 5182
436 6178
6761 5142
9489 7797
6212 2999
8390 6403
7739 5356
3765 6185
7793 6717
2992 9812
9802 9663
2513 7093
3729 915
5295 9399
9248 7355
59 713
7701 5053
5816 9605
868 1770
22 4252
4550 656
2392 9464
2941 793
8445 6079
1017 8743
5681 9871
6057 4234
4350 9506
3738 3842
6642 3507
6350 4547
1721 8984
9556 3573
4438 2875
8151 8985
8317 6527
6604 5030
1681 8069
3456 4618
4707 438
4607 7814
4517 3174
5148 2568
221 4272
9447 7897
388 2072
1341 6463
1558 100
7971 4205
6459 9586
183 2633
2517 2568
8441 6600
7633 5571
6231 3249
3696 2785
8677 4585
9491 9873
6314 3052
5529 2300
6074 8643
4560 8918
2649 9103
7062 5294
6641 6738
5689 5877
333 5585
7243 3946
2561 269
3175 9409
9193 5361
6600 477
1445 490
4304 5246
706 4650
1728 9071
5679 9889
6041 4238
2139 4145
8988 2657
7737 3019
4232 7759
618 9325
7270 2563
6068 7677
6969 1097
3551 9942
7979 3717
213 3049
3225 6273
6130 1413
2357 27
3256 9350
7371 6892
772 8763
3542 6177
69 586
1870 3637
194 6372
3375 6490
2118 5288
7962 7361
9889 817
9137 9977
4766 4567
234 2388
8107 4701
8967 452
9921 8876
8665 9905
570 3746
9665 9057
6169 9850
195 1386
2984 9336
6163 7034
5603 7726
8929 2776
5755 9574
8760 4705
8316 396
6280 4683
8730 5247
1927 1126
531 8357
3276 1501
4726 542
3203 5729
7472 457
4190 1430
8567 4493
6804 8815
3137 3437
8739 1772
6792 6240
6167 28
3550 6381
1922 1753
940 4470
5727 7333
5172 5590
3976 6829
734 9669
4045 6174
5672 8708
5214 1043
8170 416
5011 8327
1793 3130
6024 4933
3357 8495
2099 1145
6641 8634
3867 8116
7817 3051
6071 3959
8988 315
505 7488
8487 6562
3428 3495
1415 5799
4414 8024
9768 2579
3688 4949
3960 8910
1630 7208
289 5566
5091 9710
2802 2872
6935 9715
2199 8802
8192 9764
5099 2679
9458 6563
1077 8811
2243 6240
4460 3617
5642 4173
2708 2532
4826 7767
997 9049
8348 4654
9507 1948
9697 6409
4271 6587
1315 8905
9079 1159
4331 8740
9758 8601
9690 1876
382 3552
9626 6104
387 2876
8176 9375
2706 2493
7801 9112
6431 1974
9447 3627
5950 2130
1176 711
134 2354
3730 5423
9462 5769
5785 2213
8784 8328
7110 4094
6221 2395
6597 234
5271 3349
9897 5345
8978 9042
6720 4988
5379 6793
1599 3156
8312 4524
2743 6233
1872 740
4135 4504
6472 698
8985 4378
9224 3054
9140 1932
9689 8201
8481 6895
5262 4376
1392 8486
8944 717
9355 4876
7133 5186
8874 8181
4596 5751
1066 30
1484 8926
9284 7400
1116 6561
7997 2230
8636 1672
3082 6193
4461 6254
7718 5249
7166 917
7123 7829
8917 8052
916 7671
2429 6986
463 7902
2138 3537
5817 9505
8391 7944
2186 2535
2442 2139
1529 8191
1926 843
5813 8445
9259 3742
6641 2822
3537 3092
3812 6152
9087 8233
6791 2376
6995 6099
1467 2097
6325 6335
389 470
5985 7192
3117 2068
5430 514
2350 3206
7185 2250
30 3757
5089 3560
6467 5490
455 2
3247 5224
6455 6911
675 6975
4533 4223
1035 7650
3119 2801
3322 3008
6016 7711
4437 3917
112 3796
382 7383
8916 3271
6584 6447
2240 1029
507 7408
8722 2435
2312 6456
4518 2586
3291 8956
2296 2080
9073 3715
6113 8944
6751 95
3245 2366
9083 8469
9049 6052
6574 3486
1693 4884
937 3412
1086 4509
4397 6967
6309 8110
1464 7766
2189 6689
3314 8837
1188 8612
1011 4529
684 5711
944 7406
5549 3496
6536 5787
8029 458
6506 5442
8691 8213
1695 2230
8884 2368
2020 5888
8870 221
1279 4047
8077 2608
8408 9881
1413 3632
8936 600
4756 7464
5272 7658
3337 7426
653 3475
9658 8572
6495 4069
1646 8966
3690 8646
122 8821
9551 9150
5426 3548
1588 6003
5468 491
2802 4235
6307 5916
6846 8746
3800 646
4379 5565
8811 2806
6444 5938
7755 5269
2971 2725
1598 3208
5885 6645
8913 399
5376 1594
7425 9969
2889 5437
5465 3987
4485 8461
846 2926
6206 3654
7424 1735
6054 2161
1987 2688
3558 6153
3128 9762
6450 7231
4989 1898
3544 1233
6034 8736
2891 6987
167 34
4427 1536
7992 1362
5752 1412
2953 3932
4137 5459
8656 747
397 7421
8037 2952
1791 8018
1546 7492
7459 4750
7178 5303
2567 7002
912 3625
4639 2337
8340 923
2825 6430
7683 7935
1155 7209
6736 3346
3334 7556
8880 3807
6405 2429
3937 6805
8647 2622
1550 7914
9458 7180
5580 686
3725 7569
1967 3472
2302 2122
8780 6190
1937 3640
9138 8421
6392 8913
7874 5998
6380 282
2824 2740
1780 7291
3506 8173
6805 9193
2268 7459
779 4278
8242 503
6730 4269
7963 6088
7005 4828
7852 1615
2401 3364
1732 4885
7864 7026
6700 3047
7393 8016
4931 8458
1414 8216
9774 4284
6447 9953
6097 5381
9041 6948
4456 8622
1978 4961
3425 1801
3675 8462
6713 7815
1967 3004
3319 1145
3780 2036
6643 2291
3536 6302
6027 8004
6838 9689
4714 9471
3237 5114
681 3425
4064 4829
3188 7857
978 720
4853 6258
3288 9403
2417 3829
8811 340
8696 6090
5085 1487
310 8042
1406 1348
1722 6114
226 9651
7784 3764
8869 4912
8440 6530
9261 655
5151 5470
215 9279
525 2444
5639 3854
3283 3990
8134 271
2920 4061
2818 382
3982 3135
7135 6843
5466 7123
9214 6677
2099 2126
997 3875
1334 1109
3101 4683
3686 3349
9021 5631
3166 8559
2488 9700
2879 2397
2606 4571
2136 1843
7800 3254
9217 8715
3578 9232
3584 6099
6651 5347
3965 597
1147 3146
8305 5067
7313 3453
4858 3848
1923 9707
6115 7827
8539 3850
8178 1438
9017 1473
52 706
5676 1049
7025 3684
4868 3116
5550 3414
2728 8748
6153 3107
6783 8220
4560 1651
4728 6732
487 7803
1100 3866
5258 4943
5873 8132
6382 4004
5448 2568
5422 6431
5465 6893
6593 5616
7719 3250
3219 5325
6686 6936
7571 1111
8343 8081
5608 8475
5550 4140
3036 8233
4501 781
8695 1419
6914 976
3809 337
287 7105
3224 1648
594 5653
7605 4657
7090 1143
9247 5375
9343 7102
8628 396
9598 9924
173 4692
3681 6812
6454 5083
8050 7316
2078 7860
2707 3084
7715 4220
2325 3762
392 7019
1778 9616
2086 2555
3543 6827
2455 7329
3529 2179
324 4647
6487 386
2024 8150
7972 5705
2835 2710
3589 7045
8955 7377
822 5022
4768 4634
3528 62
1996 1674
5603 627
5686 7492
9911 6249
8867 4984
2853 2778
7165 124
5944 500
1605 6708
1334 9400
4581 3065
8988 9493
6797 6540
3682 573
5860 8029
2503 8481
867 5550
3821 5977
1878 6209
5516 1327
3237 8461
8438 8267
8903 5583
7423 225
8241 8485
571 8707
4146 6667
949 9094
7123 715
6638 4264
2115 6419
2508 9191
2722 9001
7495 6463
8930 6577
2274 1395
735 6543
6552 5106
2575 8315
2983 5885
5838 4859
2658 1111
3260 3882
9763 9712
8835 7901
1753 7571
1593 4241
4323 9106
9193 514
89 1309
5162 5326
6214 622
8216 4196
1636 6113
4838 8334
7477 417
5490 7839
9384 4236
964 7570
2039 700
7542 8410
4436 8844
6323 6752
8310 6110
5923 7986
8619 7683
7596 1312
7615 7193
6625 1209
7160 9722
9317 10
1410 989
8261 7001
5010 5210
5787 9425
3360 5818
110 3766
910 303
89 5642
7458 1443
646 1258
638 9718
6084 6275
7798 8198
2417 5303
8243 4033
489 5428
3401 4636
7040 1363
6426 2930
6820 7861
2221 3208
9988 4128
6108 1035
5480 3677
9077 8732
5406 9620
5493 2322
4958 7356
6965 8796
4094 4713
9758 6190
3002 3578
5482 3813
408 7466
2622 1338
3724 813
5988 5853
6804 6386
5333 2655
6196 4014
8633 8511
9642 458
7868 4370
2795 5094
690 5258
3222 6620
5178 4901
495 8027
8425 9887
9204 8361
9452 2767
1516 6761
6962 2652
7664 3681
393 465
6495 9963
4069 7628
8282 4427
3635 8380
2386 984
3826 8235
5074 584
6878 1341
7404 3716
1157 8512
6116 2194
6518 1975
7167 2393
5671 8095
9318 8328
3896 1281
2251 9961
6928 2108
7681 4778
3603 413
3122 3956
1323 5721
7312 7397
9478 6587
8129 4869
9806 4095
6663 5741
805 9704
1615 2445
4284 5059
5525 1248
640 9550
825 8213
6162 5294
8608 3760
1303 1393
7175 6740
3383 4647
2836 3669
1282 4538
311 3229
167 4646
9211 8643
8269 8473
4907 1217
1002 3836
1608 8752
3893 1876
4770 102
4875 9616
6567 9368
5925 823
8321 2498
8894 6289
958 8645
7915 9061
2031 4378
6120 9907
238 4042
9451 8576
6698 5614
5572 8739
1290 4654
4765 1199
3730 3500
9386 2569
1190 1301
2008 2871
2386 7810
3044 7839
9104 3888
9549 1905
1978 8227
2527 8971
8454 2163
3255 580
1340 2716
7293 3025
7748 585
4332 6808
46 1027
106 2983
4506 1201
9667 6118
1364 498
9818 3279
3425 1991
6551 3476
4993 8994
2147 3341
2025 5907
6823 3368
4143 490
2168 7025
8500 9324
4971 8800
1911 6626
7780 8958
1139 897
3006 4166
6108 4186
4156 3636
3253 8779
304 4983
4013 3555
6419 3832
7796 9045
2594 7949
1872 3402
943 6853
4874 4928
9625 8788
458 6019
1818 5053
6335 4617
1449 1959
7357 8794
9546 1577
5422 7010
8312 2006
9233 1019
350 9427
3439 2471
3501 5675
1278 5452
6859 7743
682 6635
8334 3079
4955 1052
2377 6382
6390 4033
1212 8438
3655 7875
2885 3525
371 6978
431 5047
6459 5350
7842 3322
698 2828
4879 3092
9479 3443
1731 704
5192 8513
6261 1498
8545 4709
4809 8730
103 567
2893 2718
962 2667
7179 9070
959 775
7219 9975
348 6699
7725 5479
6526 5127
1366 4353
9977 6269
2093 8918
805 477
4777 4484
2164 3497
4966 7649
3817 4854
8081 1104
9664 9545
7219 6793
1782 8885
9610 6074
3646 3791
994 8409
1355 2130
774 4662
467 1163
6690 366
5015 5313
5740 4517
9178 3042
1140 1539
3272 6186
1077 6181
7775 947
5857 7632
583 4101
1685 5995
9452 2658
2967 7096
3939 4551
1643 6018
1720 548
4435 8684
8414 508
1426 8093
1727 9594
6225 229
116 4602
1260 6130
2906 2908
6706 2255
5361 8368
6325 8730
6783 6937
4778 4150
7569 1665
4622 8471
586 2149
6800 6635
2409 226
396 5638
8098 2621
8614 1969
1649 1140
5785 1161
3752 38
3879 9210
5695 5451
6702 4064
2040 6700
3903 9323
1844 5286
8217 3329
684 7492
9796 4602
7637 9902
8944 3211
9446 612
5420 4763
3578 6668
1949 7959
5206 2422
3359 9082
7105 8423
2292 474
