placement model: 1slider
width: 10
height: 10
number of points: 4000
4799 6790
6831 9000
758 518
5821 8913
5425 6991
7704 3245
2838 5111
9874 7506
9308 240
7700 9371
856 4859
4313 3665
9755 4426
5549 9446
5487 4698
3403 6353
5455 2251
8780 259
9049 9792
3193 3428
9530 8081
3602 3241
5862 5057
7298 5293
9836 6875
8679 7128
5030 5253
4724 6125
6234 6668
2905 3007
7295 6794
9264 7402
7518 8222
647 8519
7518 2951
1531 6892
9659 3585
4470 5840
5819 3318
9236 2529
4341 9468
4262 8680
8901 8929
2327 3957
8912 9529
69 9021
78 4878
9329 6385
6754 2630
8854 3731
5510 6636
326 1281
2319 7404
6800 5007
465 3115
4161 4745
7780 462
8358 2645
8267 5815
9756 1730
5251 8505
5933 5180
4492 9369
6152 4836
2510 5703
6946 6907
6652 5452
5853 2901
9665 3708
297 9941
9170 397
5553 7199
9941 8118
4313 1313
374 9646
1042 6214
9883 7663
7974 1647
2803 2560
5658 1265
5996 1728
492 7275
6838 4644
6090 6738
7044 567
3095 8529
4508 691
3935 9137
6730 2363
4959 8098
4459 7547
8605 5955
2189 7092
5771 7046
4599 1551
2840 9026
647 1262
3595 8093
4641 1175
7511 6113
6199 8764
1007 6145
9631 87
8177 4011
6176 7850
939 2708
8160 9830
3003 6169
180 3432
8215 5445
9837 9760
7705 2063
5187 2306
9045 8488
9316 8787
9892 2370
1903 9702
2855 8049
4938 357
4000 4360
5496 6327
9962 9384
4648 6559
5979 364
5482 5488
6773 3532
571 8051
8613 7970
957 7291
5023 3200
8093 732
7212 6146
5981 9581
8669 3665
8595 9752
7585 9589
2781 7195
2789 2748
5320 6297
510 1505
2069 9389
743 6530
9250 4740
5247 3401
8203 2880
7102 59
5107 5998
7357 605
9021 2718
3014 567
8041 510
6233 8226
4776 1266
830 7447
6473 3844
8021 1433
7909 8515
685 4942
3769 4322
450 6474
7252 3267
5291 708
4804 7011
2299 5387
915 2480
2619 4871
3272 5124
965 9363
9140 7360
7654 130
7369 4441
2385 3542
9980 6706
3185 9478
5267 4740
511 4339
5465 4242
7720 871
953 4864
9484 311
5179 4418
4979 4182
4353 8781
7317 8406
3075 860
203 6070
9541 5448
2535 3976
9698 1752
4594 775
4118 1555
3828 6885
2946 369
3320 6934
881 3434
5899 3584
1188 5544
3819 8892
6577 9091
4510 9012
2157 5456
7542 4595
6148 3494
4057 3628
3804 1019
3807 9830
1791 1965
6567 8672
6206 3331
2330 5908
6560 7140
5132 6137
5645 2423
8567 7374
3459 4418
6046 4802
2429 5134
8890 129
2810 1523
8619 7783
9181 8938
5799 2550
1325 3317
831 6396
5715 2136
4740 5158
2751 2749
8467 3715
4340 5758
873 1004
6999 6037
9329 854
7543 1599
8082 6703
8756 8004
5831 6921
3971 3508
6032 6594
4260 1162
2863 1504
5113 367
8750 8163
6206 3697
2310 2522
3056 7344
3132 5748
6184 2262
9236 2112
7717 5336
6928 4467
2731 9255
5817 5188
3093 8888
4390 5508
3838 5525
6521 7334
6640 5145
2924 1582
7036 7750
377 6840
3724 2176
8670 1104
6069 1608
8046 6282
8134 4445
5442 6152
2850 5935
9129 8819
3819 731
1383 1531
7061 5623
6382 1131
1623 5220
5525 7880
4061 7770
2131 8642
9090 6911
2547 8124
5932 4987
9330 5213
8201 2008
6132 4410
1519 7852
6399 5669
4789 1900
2954 770
9911 5466
9347 2504
5725 4151
6232 1914
6883 2334
1752 8767
8520 6686
5550 6227
1767 4698
7277 7598
9544 866
2538 8511
7814 1060
5279 3842
1450 2845
9173 360
2932 7427
1849 2870
9818 7166
2145 4462
8956 9233
2775 7621
9293 3923
5971 5314
7573 2279
3662 4851
1243 7732
7351 5284
1193 8125
7379 5518
7992 4849
5960 3127
9380 7563
2025 8968
9110 2566
1198 8698
5993 6033
2539 746
4665 1252
683 1717
9311 730
5099 5286
9936 4004
3109 5691
3879 1514
4610 7812
4625 8355
3673 5818
4779 5197
8241 5698
1982 5612
9432 9648
2805 9224
42 8676
4357 4169
916 8472
7534 5238
3541 8631
8950 8764
1053 3989
8810 573
9833 2739
7554 8549
9098 554
6657 5129
3653 1869
3805 7979
8891 1560
8503 2358
8519 91
8624 3202
4783 9546
7890 5002
2340 8729
8475 2435
5906 9184
2611 8863
9642 1948
343 5407
5592 580
978 3846
5044 5175
9921 7652
3162 7450
9348 610
1232 5824
8791 7404
3346 6156
3623 9338
7730 4064
8570 1215
4891 2071
4552 2332
3107 2870
3443 9752
3195 8324
5937 6083
8133 7490
3451 4404
3224 5849
6093 9732
2111 3438
8704 529
1312 3755
6289 5944
9325 726
3 8099
9329 3445
3814 234
2787 9334
2250 4166
9814 3894
9558 3345
2601 9666
9206 7067
4027 6906
6339 68
1038 9081
191 2120
3922 8178
8399 1022
3818 5001
6112 4889
7709 5297
478 2221
4699 4662
9671 6884
8411 9121
5832 395
9597 5741
5174 6267
2841 8512
5721 4577
9603 3022
1321 2605
7842 9682
6817 382
4386 803
945 5158
2949 8151
5423 7447
2626 3351
9089 8548
5501 4735
2310 8930
2453 1695
2845 9195
6365 9539
4900 3113
6040 674
4179 5826
1964 7196
1257 4383
1950 2847
5653 2692
8090 9334
185 4257
5709 9100
3562 9345
249 4526
5873 1093
9624 3906
6597 9805
7511 5862
9425 8386
4612 8083
8829 5161
1215 3800
4510 8496
2976 6050
2054 4713
8474 7460
5884 4411
1880 6475
5485 3114
7481 5349
41 5080
4666 8784
3131 9347
5401 6196
7774 9993
8028 1375
1678 4798
6384 9137
4284 3442
719 4532
1176 3118
3631 1705
233 8215
2001 407
959 4348
9175 3195
9604 5754
2685 3926
3008 7702
4288 5791
5028 7961
3005 5939
7809 8840
8914 8712
102 5271
3332 9224
5639 800
6029 4090
9933 5794
7315 2725
3265 9508
8504 4243
6966 7161
2231 1113
8452 1606
5032 7618
1635 9209
9854 7322
654 1967
4078 2462
1534 3928
2564 2845
8611 6419
5981 9930
2047 5231
582 54
5192 7135
3718 233
8800 4532
1835 605
8313 6045
6390 3009
6038 724
1483 2244
2519 9184
2299 7409
8821 1034
5239 3353
3423 4916
9310 117
3019 9333
10 3569
1477 1715
5226 9244
3503 3787
7718 1552
707 7865
2164 8775
4087 9082
828 2771
1865 6658
3447 8234
2369 7331
8809 5305
5235 6781
2060 1787
1199 1918
8067 8623
1406 2290
9372 6687
337 9168
9213 7723
5844 7764
2755 5461
9373 2710
8325 8074
7514 666
8111 5027
4402 8459
3086 2052
4213 8866
2943 5560
7696 1162
3671 7386
2454 7177
9347 4757
6060 4933
8712 4721
1032 2977
5588 5336
1249 8070
5127 7289
4597 8764
593 5326
7368 1862
9160 2755
8546 3197
2596 4600
7997 5624
3587 8406
2450 5932
7048 7914
7525 191
869 6559
6507 1825
530 7533
320 5756
1791 1311
7833 2119
6182 4147
1562 738
742 6676
881 1511
8207 9271
3502 9222
3068 993
1810 3346
7250 5064
8362 2991
2331 1944
8070 8101
7704 9982
6365 8311
651 1380
7826 7289
2961 7008
6459 5004
2147 1790
6810 504
2795 4737
5019 5100
2209 663
1941 8667
9588 3497
308 3478
2255 8737
883 1940
5184 3952
4995 6587
8361 39
8933 1801
8161 8372
2371 4851
1785 5392
6951 3118
3994 6903
7897 4873
3662 2426
3412 590
2955 50
4879 5184
4973 1326
7798 5827
8191 7641
8909 5380
1072 2438
5306 2571
5504 9707
8544 3040
8310 9328
1795 4265
6159 207
2537 8367
3558 7640
3148 9191
1111 3748
2218 8183
5660 2886
3500 7130
7759 5947
1584 4708
5150 6175
715 9354
8580 3329
1025 5914
4924 9885
7812 264
6508 8656
7869 9219
8261 5425
9057 5437
4670 9001
1358 4403
5925 7525
1459 223
3432 9486
1998 7826
5083 2408
9195 8090
2339 8547
4530 6967
8394 6161
686 7509
4992 3050
2681 9440
9881 7876
5246 5015
3149 8268
3956 3143
6277 4507
6844 1715
9243 9111
3020 284
746 99
3991 5434
6537 6371
6939 3073
5189 6889
3365 3099
8888 5229
5818 4055
6215 6014
8253 8106
4341 2752
1375 5533
3619 192
5651 5959
4650 8011
866 3839
9155 978
1649 9665
9389 7140
7720 6648
282 7321
5088 2722
6492 6169
3798 5452
6598 6483
8997 4310
8127 8420
7573 3076
8557 8390
7548 7969
6042 1097
8812 9241
9560 7419
7453 2660
820 6159
7495 7169
5663 180
6934 5645
3020 4040
558 7682
7336 3948
6585 7492
8051 1254
2442 1569
4221 2173
515 8505
1142 2995
477 7599
8633 1330
6770 7837
2941 6415
3519 6237
8379 1216
6667 425
8124 5090
2058 8149
6524 5581
2767 2366
2945 3410
5568 4590
7542 8698
5127 2045
5452 516
7062 4448
4614 7565
2947 8419
4582 9993
3049 4140
7311 2629
1748 4223
951 9887
2953 7021
3037 3289
962 9803
2764 6328
8921 8941
4790 2153
4481 8093
2052 5191
5661 4757
6462 7548
538 2882
7561 3209
632 6836
5273 9761
6853 692
3184 5778
8674 1613
5213 1585
5218 9681
3516 62
8487 5039
8801 9344
9925 8585
2328 12
1461 4881
8290 4591
928 6134
4320 3918
3633 3324
7525 8801
2770 9215
576 1665
7698 9870
4252 6031
9109 6964
1787 9916
2931 1666
2946 1296
4119 8656
1575 8935
8983 3482
7707 7904
5823 8773
492 3848
6266 2982
83 8004
1028 9192
7659 3110
9621 6370
7085 1053
6120 8614
460 8406
984 6409
8204 58
6562 4237
6104 9458
1515 4117
9734 5973
2693 8844
9467 8599
5722 2855
2500 9951
5888 5815
4700 6868
1672 1757
8696 7780
241 6490
3028 8094
4507 6984
6764 4357
6323 3086
3949 4885
5629 5950
119 3266
4801 6450
3037 8039
5546 8285
1522 8518
536 3409
7809 4303
3490 2642
21 4436
8282 2966
3118 1993
4997 4129
7059 1791
7974 8405
4575 7886
7522 2549
8886 4054
3939 5093
5094 1059
592 8303
330 342
3837 6163
1317 8818
1204 2870
9886 1043
1013 6611
1740 7287
2709 2647
830 7388
875 975
8855 8960
983 7446
4746 1670
4626 4423
2359 960
3007 7157
5999 3042
95 2422
5008 4761
4851 2083
4768 2876
5852 2781
8458 6429
1306 6026
4563 9988
6840 8564
3155 8634
1730 7692
6674 7297
3721 8158
4300 504
65 9270
2724 5974
926 8892
9287 281
6128 3842
4468 9251
6459 3509
9699 3613
2373 1349
8918 1109
6839 1063
191 5618
2498 9495
9330 651
4434 4580
3573 8620
3503 1653
44 3302
3608 4219
32 4691
7727 7718
9213 9184
6426 4662
2765 4022
9494 3029
4543 2820
5303 8910
8126 1112
256 9960
8741 3095
6761 6032
3352 20
6482 3067
332 5965
7641 7242
2010 7978
290 8626
3508 8995
6031 6380
9899 3447
4137 1547
3502 1168
3729 8536
5052 2799
806 8685
6624 449
3887 8907
8075 5127
50 6261
9690 2842
4272 7026
4107 6081
6758 2298
445 1024
8439 7424
3344 4177
4084 4196
6819 1511
575 8819
4813 9588
8685 6400
1948 3835
7477 2551
8420 5380
9414 2095
4522 6483
7651 5460
8051 9529
8264 9627
2545 8023
7939 9134
2356 8748
5070 1944
7508 3671
8706 6943
1231 21
4590 4340
8644 1897
3001 6887
643 9624
9932 460
2037 210
5699 1068
4361 6272
2181 2184
2225 3922
4691 508
5401 2623
5842 885
878 9007
5844 9933
6106 6876
804 8363
1499 1636
4032 2087
4608 7353
3359 5712
6727 7218
2464 5231
2285 461
8542 9531
2525 359
6963 254
48 9059
5550 3510
3802 9138
2994 8094
5395 9100
9761 2713
9450 4183
4961 7066
2575 2701
4822 1721
5880 8835
6135 8290
1871 8762
915 8079
2305 9019
434 421
1220 6759
9697 8534
2694 4791
7248 3440
7230 4636
9302 7494
1142 3299
81 3133
5182 289
283 8364
7518 7802
9865 8881
4760 7439
9809 8413
3918 7514
3334 3848
6058 3755
6131 5462
7870 9268
8655 4223
5212 7499
9188 2933
9988 2435
2000 2994
1020 6105
299 6704
9338 7094
1755 5951
5638 7556
4666 4552
9757 3066
4390 6339
8608 9280
2791 8158
5220 6467
8666 9448
2490 7082
8464 5210
9159 2376
1221 3806
4305 7141
4438 2782
3648 8446
1798 5946
2485 3217
1909 1619
680 8986
3420 1986
2805 5041
6066 12
6660 5215
9242 8083
3969 2100
415 9
7752 982
1011 8055
113 7365
9976 5369
9066 6562
8817 3626
550 8331
9065 5900
8045 2601
1263 3086
6544 3116
6026 4189
5582 4986
9622 5020
7625 1764
5394 3003
2372 6041
7238 7048
2134 2725
8321 2049
5934 2058
9914 7151
5169 8557
7498 5697
2194 757
3031 2453
7511 9659
9286 3082
9398 9899
858 1818
4123 837
8325 2140
5175 3743
241 8237
4457 8561
3835 8649
9309 5205
3013 9753
2370 8658
2864 6750
5134 6414
1071 5093
8792 5688
9672 2550
4747 2047
9269 7397
2658 3701
372 9643
2498 3430
8301 1083
3011 2103
197 4432
537 1674
2964 6631
3388 5623
3471 8041
7804 7688
3218 5983
8107 9451
6205 6491
7099 3528
256 2308
1328 3753
6987 8498
751 1370
7632 7308
8181 9772
4267 4327
5672 5267
2195 8824
4958 3504
6492 3779
2042 5746
1337 3154
1176 4768
5823 1366
5601 1332
5168 1226
1280 9997
892 5700
512 7103
5069 7474
2205 3385
2098 2801
9256 9821
7028 2607
6965 2298
8626 7790
5609 7585
5557 987
2791 4075
3016 1581
2263 3994
4418 4935
3113 350
1686 1193
467 9575
4270 2371
6847 9693
7194 7403
885 5856
9221 818
2355 5461
8164 1998
4043 9742
4965 1059
561 9154
3454 5883
226 425
7577 7988
4945 1743
1023 4835
7270 5349
4825 7487
1066 1042
7654 9492
1870 5324
1525 4155
9211 5580
641 5359
6852 405
907 7686
7168 445
8149 2776
5369 7433
2139 6693
8546 4935
825 9277
2688 6477
3096 340
7653 8629
636 1442
8759 9352
9778 2881
7152 6409
6636 2074
9543 882
7798 1114
7133 5901
6118 2204
7431 9435
7022 787
8002 5771
9598 2009
4188 167
5331 5138
3432 8269
7638 599
7438 1059
398 215
1210 6038
9422 6306
4686 8311
6671 5733
5719 832
3106 6263
700 6402
9919 4822
4344 7453
8327 5286
1098 6211
7497 4677
5111 8669
316 5041
3330 1673
4680 6953
5806 3995
4136 4881
4172 4711
9103 3197
5116 2961
7587 9769
2215 9816
8963 3660
8001 8555
1357 3846
6796 5011
7278 6109
7271 4253
743 9527
1926 3092
2723 4053
9252 8283
7197 839
8964 864
5727 8401
7230 8207
619 7820
4008 7727
3562 1471
4191 1895
3372 1721
6972 7442
2126 9732
6876 783
4357 3961
278 7501
9787 3148
2920 7459
5029 8013
6995 714
6057 5951
4439 7599
9532 2919
5716 9898
5451 6991
8004 4562
8714 6416
3797 3992
1019 4514
8742 584
6927 3572
9797 1663
4845 4420
5097 3410
7269 2427
7318 8111
2009 1185
9362 4211
6226 5397
1964 9124
7817 6921
5504 2787
9494 4540
4051 4489
6313 7010
9621 3169
6419 2268
3571 2528
2470 3800
2526 5466
7318 8938
7703 2245
426 1421
1983 4026
9947 4150
37 7843
6110 9770
4140 1811
9358 7912
4160 6944
7001 4017
2054 152
2458 426
107 2049
1911 8448
2494 4213
8749 3876
7498 8432
1051 4266
332 649
4624 1037
4935 8791
9234 1809
1186 3793
9473 4845
6952 2684
2984 3260
4424 5537
7571 5320
9284 2544
6675 7686
657 8035
8317 1064
8627 8149
6035 9906
1297 739
1167 1019
9064 9705
7128 289
2534 7199
5045 4351
9355 5345
5595 5530
441 7426
2814 6773
6342 9174
7738 2474
5589 8294
3590 2617
1908 3605
5059 5297
886 1212
8848 6699
5327 2061
811 4575
4945 7067
4044 7635
1428 7299
3626 8700
7032 4767
5551 6060
9019 6894
6574 7335
1994 7493
9833 7412
1811 499
2018 6531
1764 5965
575 9239
4183 5365
6768 1064
4671 6083
2190 9544
1297 1864
1996 2937
2119 6417
3093 2594
7655 1593
950 6803
3274 639
1452 7184
932 5028
273 2749
9581 2410
9126 7797
2183 7949
759 9531
6219 7217
9770 1169
2258 5265
8150 6362
3006 6159
579 61
8587 9379
2624 5679
6298 1126
1787 8981
5816 6088
7155 4814
516 8438
7517 1862
4830 3601
1331 97
1014 4446
6738 4286
5028 9275
9922 2380
4548 3002
4660 8036
2409 1621
8954 8931
7941 9025
8408 2897
4117 447
4699 6923
9509 6136
5903 6108
3186 5260
4010 7222
6555 6518
1013 3129
6026 4006
7646 9472
2533 9793
3218 3780
3972 7271
3239 4752
5274 3320
896 6909
8355 6029
6253 5302
7452 5119
5318 8936
383 302
5201 4700
6955 3006
7243 983
3117 5612
9265 3377
8472 1658
2426 5392
9167 2247
8381 233
4699 3563
4371 3054
1003 1081
863 9464
7931 5028
5898 1516
1480 6407
7802 9212
8051 1520
2425 7949
1160 3998
6257 3213
9738 4364
5771 3941
5538 78
7754 2654
3587 6334
5493 6946
1861 3554
6212 1986
9039 7414
6251 4705
680 2723
307 9550
906 7845
9280 3297
2064 9599
2311 9434
6550 2931
4025 4745
9913 3675
1416 2313
2482 8845
7093 5463
2629 9735
8009 9345
904 3006
5951 2730
9871 2288
2543 509
2275 8496
4034 5628
1772 4420
7294 8042
502 4838
1183 2542
9337 8419
8224 5116
7029 9665
6305 1114
875 3718
8341 8391
7275 6516
741 3704
8396 1707
6171 5065
3585 2687
1232 3334
7571 7952
5635 9601
1536 3043
3310 1836
2267 8789
7207 4037
6357 6382
4417 1854
270 481
3071 3618
1707 5288
6400 8376
6337 8260
8548 2757
9926 9814
1243 3379
9079 1826
8709 984
2502 4396
1417 5105
141 2778
3782 6799
1155 432
2495 7377
3973 8273
5903 318
445 3424
692 8188
4451 6247
6373 6676
6446 8985
3792 9283
1221 286
8124 2405
3714 1937
4757 3744
720 6792
9124 9468
8123 4156
3091 3522
9500 1149
7858 6800
6429 9416
2974 3795
5188 7075
7154 2959
1715 6342
2000 7136
2259 9803
9341 9830
9077 4855
1391 6901
3795 8268
7525 4301
814 8930
9781 6642
821 6694
4432 9812
4463 7138
7451 7254
2324 9018
3749 5151
2121 9147
9061 5042
9866 4726
4932 3437
9646 2795
1641 2061
9649 5513
85 8142
1802 8728
3113 8913
5386 2578
2213 4748
7478 7738
8848 8515
1806 3870
7864 4835
9011 6804
3108 9330
6962 6613
1880 4897
5841 3651
0 8259
2321 2842
2054 1365
4882 5740
6386 4592
157 8345
4779 1458
4102 9564
759 9572
67 18
9701 2062
3589 7393
3222 5225
6014 1044
2771 9092
4589 2630
4529 4450
9500 5791
1806 4038
8369 3633
4515 5248
5294 7109
4719 4826
7735 4540
1315 462
8067 1260
9744 3955
88 4469
211 5249
415 3573
8446 1330
1236 8446
9866 4803
8617 8173
7968 9646
7044 3925
7442 9537
9058 8350
6646 2264
9561 373
9145 8230
2994 3171
9260 8589
8553 7084
560 100
3047 411
9499 4195
3382 5017
7920 5910
8698 3628
3297 4846
5277 8297
6621 2297
2914 1567
5453 9070
4586 9693
793 7818
4660 3139
9649 2994
7866 6353
3229 861
3639 9813
8218 7715
4819 8709
1552 2663
8756 4681
939 772
6887 7590
9109 6065
1559 6514
2960 3933
1187 4091
2963 1899
5072 7277
6182 8737
2983 595
9705 1274
7346 4198
9528 2002
9438 2433
8795 5175
4707 8593
7713 1346
4913 7609
6760 3357
6060 249
3086 1388
4361 5212
9632 3669
7745 4858
760 6887
9022 328
2874 5578
6364 7543
1097 9841
4090 8718
9780 9802
6297 7211
4955 6473
5194 4512
3440 3918
9972 9389
8555 1425
9132 595
4846 6435
8358 601
2055 2805
36 8306
8144 7959
7974 6731
1717 4352
3186 1208
9242 1705
2373 967
9848 7746
5331 2589
1440 7060
3220 2927
8232 1545
4052 9668
5989 8825
4740 252
7076 6193
1739 8157
975 1764
2396 7418
4353 7278
9528 5976
8283 2116
3099 7031
7606 3633
6427 3352
7198 8189
3096 1676
2063 2940
9659 6114
9420 1831
791 5154
7227 9732
1311 8878
3185 7444
768 9278
8888 2228
1098 3288
8523 6774
7348 2466
625 8994
965 9310
2130 2499
2598 3386
3365 9494
4381 3377
8675 7403
1984 1133
4945 4160
565 3529
5888 9694
6567 2971
1625 9612
4906 9478
6743 616
9818 5168
8798 8766
9883 1062
2436 3556
5255 3088
1933 1769
7914 4755
6995 9396
9820 9244
4648 7884
8398 5132
9103 6999
4842 9002
1018 3062
6741 3334
9899 4010
38 2980
8955 3882
6771 94
9959 484
4998 5777
805 6176
4599 6669
3414 7052
4586 3111
7974 3792
9957 264
6816 4758
6638 3699
9276 4844
101 8699
9305 1542
9387 8289
7722 2878
6656 3828
9772 754
2368 9258
1226 2924
1755 7432
3418 1665
3944 4086
8578 5323
926 7588
3866 5851
3023 4661
593 334
7579 5133
9636 4355
4469 6737
9501 9921
1898 2970
4467 3409
5488 349
979 9438
418 4622
170 7991
1386 3737
3022 4047
6638 9927
8659 4853
2215 2037
9379 6772
766 1327
3597 9068
3100 974
795 8505
1205 2609
7268 5406
9826 981
2709 8871
8249 6655
9531 5466
6745 1410
9166 1911
5897 6966
8685 1848
8011 240
8094 651
6893 600
4705 4360
8953 1000
1495 3372
5833 8261
1402 6067
4282 8893
1344 9488
8359 4516
4232 1656
3005 2336
18 1336
3657 3490
4075 6817
5174 133
2750 2574
3860 9914
5017 9996
7893 1834
6962 4289
1231 9540
9696 145
6469 9385
994 9851
908 6690
6915 7653
7886 5417
7550 8042
3510 9383
1718 5499
4518 2890
119 902
1658 5930
1869 5997
9286 8481
4601 7342
5213 8767
827 1443
177 80
2990 3515
1319 8415
6268 3471
8924 9088
1231 3112
1476 3053
9998 528
3100 5209
6632 1326
5540 6095
9824 357
8230 6922
6581 4960
1624 2637
395 5836
9955 1784
6186 7677
2967 5797
710 3965
7854 5314
2734 9329
3740 7377
82 7202
4099 2068
3198 8033
1844 4977
5069 4465
777 5270
5834 4989
6755 3006
2011 3948
5252 9352
9474 9028
9001 9021
760 2417
9961 3697
6984 5355
4710 4562
1198 7612
5950 3119
7551 9973
6795 5976
3931 3601
1831 1469
8019 75
2573 8725
3882 4410
7712 9131
3625 5871
5786 7128
5272 143
4810 9686
8179 7966
7055 202
4985 9032
9068 2562
5937 8384
1826 7430
1518 3880
1936 3387
5993 3838
6705 7482
6073 4203
4088 2627
9138 7739
210 1999
8484 2120
2818 3753
7391 2425
899 2111
2997 4070
3984 8933
5955 9188
725 3019
1071 2128
4129 7009
9471 6634
1851 7400
2137 8541
604 6162
4942 3279
6770 1561
5720 5087
9705 883
2077 1770
5707 2882
2663 1074
5280 4832
2418 6687
8855 9372
2783 3684
2714 4982
9123 2258
2434 5951
6240 8692
8115 6479
2653 6727
2061 1964
2570 9559
4362 8113
4823 7132
903 5034
6323 8498
3456 5087
6925 6520
2094 9234
2513 7386
9445 6264
6111 439
1284 8917
8441 8556
4212 9342
5886 6043
1221 3305
3375 9284
6342 2429
2877 8813
4157 8707
4456 5236
2457 2640
4083 8405
615 4962
8046 2661
5794 6560
8882 5976
3744 6575
4129 5470
238 7273
599 901
5264 7404
8814 9513
2669 4456
9357 5944
7623 1047
5430 962
7515 442
5473 3589
4062 6055
1876 9102
8978 9850
7142 6231
9213 4859
2508 5447
7635 6038
8796 2915
1975 6202
7476 6150
8080 5439
5360 4521
1494 2359
1172 8982
4212 139
5326 6265
7741 1644
3596 9232
1983 8718
6964 935
3912 5359
9661 7944
372 3069
6967 1952
6439 6327
6402 5967
5555 6529
1108 7665
6025 7466
6259 2767
9578 7940
4319 76
2430 6892
8247 2649
5109 9100
4565 5714
5136 6431
7962 1086
3663 9278
7815 6656
2434 4652
4170 1753
6509 1766
6854 8905
4479 4719
9131 7153
1220 3300
7737 7506
9791 1560
413 5494
2327 4003
3023 3637
4739 2374
4189 7366
137 2090
6876 3674
7076 3927
225 1326
7387 2856
2871 2871
5205 6975
2582 9678
2885 2683
4652 5624
5587 1281
7727 5488
1713 1662
5479 4820
8746 451
7479 3449
768 1952
9153 3594
112 3751
9720 2864
212 3523
9873 5095
2900 5450
5259 9448
4669 6007
698 1068
4336 8109
3570 9414
1357 1486
8035 7563
8111 5916
638 3303
6269 6662
8411 1695
4165 6837
8793 9979
7553 6553
7755 4559
8588 2880
7106 1539
9824 2722
3737 434
3390 5131
401 8225
4445 6168
6874 4510
3088 7742
1767 4572
606 926
473 3945
6786 8813
5479 3893
2971 4407
3028 453
6049 6358
1906 5404
1193 3839
9584 701
7275 4093
4162 4065
655 6964
8337 4470
229 4059
6856 9699
4410 6144
5597 5109
3630 4958
6318 9334
4949 6882
5353 6572
2192 3203
9322 2626
4797 3921
4585 7524
8044 3895
679 2832
5818 8282
5420 5657
2191 4250
2151 3863
8438 1623
6438 227
2595 810
5097 715
400 8736
7870 5505
189 1090
2064 4589
7561 958
9265 9670
1161 7314
3937 6777
5156 4262
194 3704
3277 8501
3116 1292
1843 5876
539 48
5307 7334
5769 1245
1601 6619
1864 4343
5970 9460
2170 1534
2820 9202
8486 3752
5452 4607
5451 7385
5353 3103
8848 3631
8075 8248
6438 1593
9088 7959
1810 3754
7888 5205
2876 2293
8387 2622
1754 1011
1710 7948
8400 9017
9886 1160
6008 4090
707 9298
1859 695
1557 7595
2832 2736
9249 4018
5564 2389
260 4447
149 9758
5238 2847
1903 6930
6825 1973
5368 6897
7293 7229
8780 7097
9098 3077
4973 7157
2140 81
1558 2070
1775 9416
1418 5584
2767 8344
7214 7394
8002 671
4022 2989
2740 3841
9174 6516
6767 6212
4157 843
128 2782
4742 3448
1308 7259
1976 908
7721 1214
3863 7539
5004 3716
575 7167
4758 5361
3471 7271
8026 9245
1924 2598
9164 2267
6703 2289
2206 404
1231 9013
5277 783
2360 7883
438 8902
5365 5511
2950 3247
9892 6662
9256 594
3937 8234
5311 7565
6001 4152
2402 4486
6972 9078
2726 4610
3716 369
4590 4574
1049 8408
2076 2328
4205 5842
7014 6598
4314 6512
325 5740
8121 978
3792 6465
6884 3275
3579 6768
3570 6882
7545 8033
7237 4821
5141 1530
2947 653
9648 6399
5802 9036
3348 6661
1143 1878
2486 4642
8828 6459
4594 1556
6493 2591
5321 3298
1501 495
9320 4549
7542 1619
1367 1189
3843 835
5559 6147
7570 287
6780 2292
7039 9410
1006 282
5941 5583
7834 4143
8192 112
7059 6290
1974 823
7641 7899
5374 7853
3614 7786
3502 6324
297 3140
3665 2864
8193 3681
5474 2920
2198 8916
2862 1448
3556 9003
3800 783
8881 4287
1197 4159
5676 6216
6139 7785
7243 6526
6329 7863
369 2381
241 8960
1246 4589
5716 1895
2286 1585
1136 6859
3840 5547
4684 4314
1893 5368
9182 5914
7295 8461
4920 3938
179 1620
1324 3294
6297 317
7719 4462
5093 4652
6955 5483
2366 6907
3383 6477
6998 3661
6552 3333
3952 1576
6824 3954
1690 3699
2268 4986
2917 745
2684 7441
5115 4956
4938 6796
6343 2491
4027 3211
2636 7238
9753 239
7466 5306
1674 2036
9550 3465
5394 6226
3114 7920
2657 7197
146 8300
9759 3170
8307 2562
6275 164
1051 8412
453 7589
624 2642
7673 4700
7017 1314
5617 627
4554 901
3406 7487
9895 1614
7814 239
8043 3899
9594 3415
4492 1103
178 9645
8987 9271
7015 815
1588 7354
9020 7736
771 9151
8653 9113
7173 7598
8512 382
3379 9086
9904 1677
8270 2827
2591 9222
8784 6663
555 2345
3376 2879
8214 4536
5004 8289
5972 1367
1828 7766
4727 3920
3282 4442
6749 7841
2429 1915
4473 4326
1670 2455
6209 5056
4539 4889
1914 7808
2124 2384
9764 7642
8529 348
548 4207
8458 7886
3762 4371
5885 7563
4853 4335
7544 7786
5346 4431
7231 1375
664 863
5143 4590
1271 8904
4360 3269
8898 1578
7061 2865
9650 1934
2837 3895
7387 5740
8653 2198
2310 8228
7935 7693
1537 2865
231 2848
8891 778
2908 3413
9194 4815
6658 52
1342 4816
8678 9425
601 4909
7479 7046
6682 3432
4332 9711
4183 3289
2209 5433
1812 9339
7492 8676
8197 9664
6561 6205
9389 1077
5343 7658
4600 514
5448 9517
5354 8425
1725 8569
4820 8360
6028 1101
5520 5876
8383 591
8041 245
263 9986
9059 1967
495 7882
5012 992
1679 9824
4421 4502
1635 1908
3217 2742
2990 8008
5790 7954
3280 1265
4595 4669
8628 6549
9564 2942
1109 7589
4908 3122
4828 3788
1337 7045
1806 6076
1715 2524
9164 3693
3021 4323
1705 2693
5694 4712
628 4474
1809 6400
4573 485
8834 4790
9016 9966
9987 9933
5399 8068
8755 8174
2132 737
8557 7561
9291 5088
5102 4405
9652 6200
7011 5626
7433 9921
5960 8442
6103 7746
4899 6206
7207 1155
2821 51
666 5373
6213 2951
4671 7527
8446 8973
3015 1856
4338 3397
2041 8976
8687 2352
4039 5981
5107 6866
7580 930
3791 1359
5600 3476
3646 2993
4660 376
650 5422
1910 7348
9574 2656
2196 2707
5892 3644
8910 3313
5687 5178
9934 3517
7456 1304
4458 9521
7853 5333
8188 6158
7159 9347
1301 4535
9502 265
8908 718
4880 269
8879 7589
6824 9709
8217 2493
5036 7200
4593 8893
7070 3052
5233 3252
9195 4169
9598 8339
9225 5372
8268 3078
8601 6793
2514 3437
3263 1087
4366 8591
8692 769
3391 4318
3702 4425
5254 4409
3012 2877
5451 2099
2013 1703
5803 8087
2669 2521
8226 4462
2604 413
3999 7082
1784 1731
5956 9386
2160 8479
2021 9406
7067 2752
5029 5562
2703 7805
1835 8320
5378 9791
291 8877
7471 2843
4033 5381
9211 2127
8295 6752
173 9342
5119 5263
9185 1333
2796 6119
6834 2696
6944 7551
4334 4124
3859 5385
9265 3222
5008 9081
2944 7563
8405 4178
6135 3687
1308 3914
7798 1327
4133 6207
897 2208
3495 3995
9387 3814
8148 2168
4795 7667
5072 2765
6790 2303
9540 7912
2814 9400
7846 2813
1689 1944
4313 7946
8718 1487
650 7728
9672 6870
9650 7789
1901 9785
7769 9337
408 4964
5696 2257
8511 2462
7389 8442
4223 372
3546 9849
2103 7979
1497 5515
9575 2054
306 4002
8445 3910
5476 9836
5710 6960
5817 3588
6315 1693
9654 4125
7350 2501
2926 3414
4167 568
4767 9207
6552 3382
6149 9182
9680 8786
1348 1660
3917 8143
5623 7864
2360 3218
6362 3545
262 6541
7762 2084
9196 3596
9461 459
4479 3239
7170 558
9319 3705
3293 5004
7699 8985
9247 2855
6532 941
3280 2117
4430 5827
5106 7569
4153 6753
9858 911
6893 2458
5406 9833
6741 8450
5763 730
9535 6071
7091 1854
6980 328
580 3315
5985 2827
1239 540
7908 8507
7240 4588
9362 1251
333 3974
7878 827
334 4228
4806 4958
1004 3132
4287 9759
6972 8898
5167 8374
9381 770
2083 4540
2021 2211
8264 1840
4548 9361
7890 5477
2345 9707
9823 9351
4735 4662
8179 4619
8583 1592
442 9492
131 1102
4450 4278
3817 6580
6257 595
4858 6917
8361 7893
5159 7816
8005 9632
5097 4334
357 8047
831 9962
6760 2695
4417 4031
5263 6120
3585 2177
3791 6725
2671 5996
5887 116
9203 8729
1340 976
94 25
3497 6433
622 9545
2895 9162
3681 4735
7341 9197
6679 7795
2194 8459
8265 6968
4581 8885
464 4829
8720 8437
9349 6237
394 6739
825 2311
258 2973
7844 2742
762 5325
3881 1359
6009 6179
741 1148
8282 6238
9487 5420
4659 9799
4671 743
3427 4849
7577 4208
8479 33
5164 971
4217 1052
4795 773
7010 4673
4268 7902
6111 2687
344 4397
640 275
3368 8013
9314 5992
3927 1871
8874 6081
1090 9631
6834 1210
101 4888
758 4438
1301 6844
4058 2429
8892 9428
3053 6542
4621 8441
8139 9974
6168 798
3754 5644
194 9374
5677 3142
990 4584
9410 8466
6827 4570
6674 294
8147 9447
1537 1367
9000 4551
3606 9427
8458 7592
7266 8733
7028 1126
8726 2681
1851 9898
6712 5747
4699 6566
9369 4802
8176 6678
5240 7145
5710 8368
2208 5101
70 6465
8639 3952
169 3637
9051 9405
6202 3341
9193 752
7356 3861
1941 1013
6676 7831
4749 3541
2476 5909
9625 512
573 8059
796 2298
5744 8097
4463 5972
6535 4911
5682 4478
1057 7839
5771 2767
2909 3462
4587 3109
9343 2997
3035 2865
1346 9664
9118 8823
3886 8427
1011 8416
524 5200
7278 6538
5515 7638
2484 5570
1824 2204
2137 3998
7211 480
6248 1753
7662 2228
9921 8250
9492 7393
6138 6913
3610 2134
1376 7250
5187 4067
2164 6173
8008 8304
396 3114
8268 5273
8858 9992
5478 2078
8638 4721
5421 3405
7268 2723
7329 4120
8205 7355
4098 9092
1284 7187
6505 1627
4024 689
5790 8704
7562 6210
9364 2174
1559 7916
9982 9567
8581 3959
3895 6942
6748 270
2618 6154
4509 5108
8478 601
5264 9527
6721 6339
628 7140
6225 7736
3381 6737
8287 7682
3587 7945
1371 3365
8558 71
3825 9048
8648 6184
2429 7667
6331 5052
6061 4693
966 9087
4787 5723
4639 2606
2963 549
4370 6570
1078 7015
4682 3655
5820 9092
7609 1467
5368 3414
2595 3565
2376 9141
8869 432
9904 5509
4016 9374
4834 7415
5170 9365
959 4904
9618 8545
265 9722
2929 2146
1868 344
5475 464
87 6000
9846 2389
2483 6173
4851 5224
6301 8639
2133 1292
6294 8260
5695 418
2176 4950
3227 2697
6072 2251
1061 3442
7772 3589
9284 9709
7417 2852
4844 6188
4205 973
7861 8635
1581 4309
9553 1995
4526 1593
6168 6722
2956 8752
3458 1059
454 1885
1387 2843
6588 3197
9762 6062
6230 6397
517 4749
2211 295
1122 8525
1501 8485
3636 5678
7053 2237
3985 2501
4753 5671
8176 8972
579 6884
4049 6386
8590 9103
127 5134
5058 8926
1322 7334
666 2891
8975 2806
1289 3111
609 8297
2129 6182
5088 6848
6256 4479
6088 9460
1439 1931
519 656
2444 5473
9908 366
2688 8603
1877 6910
5442 369
3387 5802
2712 2597
8247 4710
125 6663
8544 6311
2235 7930
7873 5266
6557 758
844 8675
1911 3211
708 1360
7665 7305
6255 9088
5794 9413
4633 8755
7416 9489
710 4889
2468 6005
6288 4164
1103 4032
2714 8828
4305 6299
2368 9609
570 1916
4300 1310
3772 1805
2288 8783
1962 5733
5646 9453
3488 2222
285 8277
5030 6359
3550 5398
8320 1577
1532 7124
9757 5167
2707 4699
9308 6832
7645 5171
9039 9586
3628 1690
2238 7590
1901 8392
3027 2393
8106 6093
9929 5409
465 5024
5776 3238
8553 9956
4119 5951
4652 3044
7963 933
3049 6514
3404 5945
803 2614
9354 5465
3183 5264
6330 7848
6348 6963
8687 2079
7028 1024
5237 8466
5141 7178
9330 4503
5533 8711
2499 1220
5217 3290
603 2808
846 8145
7328 6636
8626 33
1157 3134
3363 3990
1597 2247
7767 6502
8378 1573
2166 3297
6002 6973
9239 7769
1336 6406
2086 3130
4894 5001
5006 1526
694 6292
3850 2000
5002 7219
4920 8387
7869 188
682 7531
6961 3664
5916 6450
7745 7911
4800 9715
4359 5475
1316 8213
3808 3225
2617 5151
2083 8878
4902 8222
8513 3168
9008 5641
7175 6207
6557 9154
2818 6101
8366 9811
4711 7380
7777 9024
4384 4929
6419 4106
2198 7802
6123 316
2340 1953
6090 4170
4736 9390
2599 696
9196 5349
5984 5812
8026 4122
2493 7939
535 7002
626 5086
8924 5323
9625 7582
6525 352
3764 2909
3847 2443
6794 1091
8457 2043
2720 5899
6722 5422
1435 2741
5239 5677
3414 6407
588 533
2437 1754
9709 6212
384 8676
4193 8999
2738 122
3758 940
15 7337
4787 7562
60 1398
6374 5445
651 7339
6162 5912
3970 5109
5310 2233
1030 3987
8781 4500
6555 152
7823 4423
9768 4571
8815 93
5044 3604
6280 9044
9725 255
9766 3388
8502 2641
713 6337
3873 5296
1483 6097
8428 2964
6172 8285
7177 7648
9424 4920
4678 4218
4369 578
3404 486
9094 1453
8528 197
2428 6932
5315 7257
9203 3431
8049 3548
8079 2629
7188 2312
737 8432
5470 5047
8822 9588
4327 2293
2169 6064
1120 1854
1219 6760
6383 6496
8640 1509
5685 2988
3111 8019
4598 5546
9087 4687
5848 1382
4531 3646
9906 2128
331 9004
4262 3567
1069 46
4313 4111
7573 9122
891 8056
7819 9668
8430 7672
6647 879
9030 6138
6255 3823
679 8405
2863 9156
2884 8788
6134 8724
4455 9202
3231 696
4245 4855
9615 6588
4218 9556
5133 8093
7689 7729
5363 7742
4337 4805
9756 3199
4802 3690
7939 8274
4259 4575
312 9730
3544 4341
6168 9481
3203 8922
5777 8646
9646 857
9968 715
3622 8166
6965 4547
4714 7354
3899 6148
5153 2562
2442 382
7474 2831
1363 4608
5550 8763
1434 2062
7463 3817
7522 2984
855 6167
6224 9629
552 9085
2115 5378
6104 9555
9795 2909
4579 4004
2278 5960
4807 9713
2479 6408
1234 9871
7222 3886
4216 249
2305 2518
682 9916
3038 2731
4005 8362
2536 8172
123 2269
3518 4936
4988 920
3696 9368
648 135
9949 4316
7939 7107
8449 1106
1791 3478
8901 286
8493 4787
7817 6356
3277 2331
1396 962
4146 7435
6415 3396
1058 738
6218 6288
5090 413
8759 2365
8328 9907
4821 7835
8834 4934
4146 1290
6760 7808
3814 1791
4115 9834
1254 1385
1764 8967
9826 7057
8328 3771
4948 3604
9044 6573
2808 2253
4586 7158
4974 5933
2106 4711
3668 9686
4805 9064
4397 5733
337 7956
1281 3209
8513 567
2294 4340
9219 5704
3372 402
2945 1139
8770 9086
4664 1776
7588 3463
6145 9610
4143 5000
5604 3570
6492 3209
4922 3603
1878 1728
5984 3518
7141 7463
8079 3119
1978 4045
2016 4794
9840 5188
5851 9386
1845 6808
2368 9406
2284 2497
6313 1276
6479 7230
6730 5018
4539 5767
3980 5506
691 7665
1421 9600
3646 6089
7402 1666
3812 4248
7518 9366
2641 8680
3617 1552
573 7878
799 6547
9102 4990
2609 8445
2572 5858
6968 5662
3089 7237
361 6216
6314 124
6458 5408
1765 2611
7351 4650
7104 3769
9426 4763
2489 8661
6269 6126
3460 8748
9856 3131
3416 436
5259 3355
9844 148
130 676
7746 9204
9253 2748
5185 5031
6669 6784
5850 3114
5030 7471
7961 8010
9464 113
4068 4499
1018 797
108 8182
8026 7018
9291 839
1795 1735
9069 9453
83 856
9286 5279
5520 1281
6097 755
8806 9147
8205 5329
1681 5721
1545 3211
2104 6225
3014 7398
9448 2913
6560 8516
9005 1049
6719 3831
6092 6688
9403 5078
8312 4764
3231 8310
8630 3697
9689 3125
1410 4415
6843 9841
4452 4962
8862 5442
8417 6696
7980 170
1293 7376
306 6748
4148 2476
2497 9582
1291 1102
7152 171
4346 877
3653 665
6736 5985
5236 1889
6965 9001
8675 3747
9684 4554
4565 5472
9480 7360
200 5381
7395 399
362 1598
5420 1242
823 6215
7221 7523
5439 6346
2926 9514
2438 6342
7440 335
2004 9494
4612 1728
9728 3411
9717 7726
9194 5319
1878 659
3216 9138
4325 5365
6329 1982
5349 7577
9880 7037
556 8177
6865 1942
8094 7349
4970 2278
8600 941
4411 1507
4269 3133
2606 9510
4502 1788
481 9710
2714 9773
4704 1542
8041 6672
6496 6370
8454 1192
8550 7575
3744 4110
540 2581
4669 5352
2743 6812
5233 3738
8671 1419
9209 1769
7599 6251
3410 11
2315 2322
5196 7401
8683 2402
7855 2422
7752 5551
4352 3611
9829 3509
4709 872
4160 2046
9712 1102
4093 1267
769 164
7571 7764
8031 3813
4390 1531
5257 7964
1221 6996
2230 9624
2300 8833
1119 3172
5002 645
2207 9385
5224 6794
7814 1808
8498 3978
5913 3768
4496 329
5548 2165
4290 9359
7770 9952
1808 11
3408 366
7375 2836
4788 1710
9908 6303
2857 9957
7095 6251
5295 5519
7419 6387
4771 3989
8425 6717
7220 2357
4122 1571
9937 1263
2033 9172
6160 7498
9974 382
5620 227
2045 9220
5099 9174
2680 1464
7233 9096
440 954
6693 8627
9210 8218
1382 8469
9384 6862
8866 5103
1513 8069
973 1025
7029 8809
124 4948
7124 8731
4473 5549
3444 767
9285 2568
7919 3686
1456 186
66 9860
2230 8363
2187 3028
6852 3679
8906 3265
2843 3760
2578 8980
1458 9165
9662 242
42 9397
9109 3646
3848 5334
4298 2526
5905 1348
8038 8521
1483 5169
7393 22
4716 3024
5780 2353
2947 5900
6307 5976
385 2608
2705 1112
1023 7756
5709 9876
7796 5696
636 7254
6502 6960
6585 6978
6990 8907
4373 7041
6120 4140
5929 7986
812 5599
5050 4309
8082 6877
4932 502
6883 836
9374 1783
3611 4723
1577 7306
6075 609
5117 8336
3199 4564
8193 8502
7416 5824
7262 8633
5051 7342
8372 7084
7823 2845
655 4549
1566 9359
3912 8228
1389 6493
2733 2151
5498 2416
8302 1530
4126 6181
4748 3998
9980 72
8887 8514
4919 6526
8732 3511
8084 9689
1461 4225
4602 8907
9560 1805
27 5151
9942 8145
5040 2285
3831 958
3169 7508
4781 567
1604 4216
806 3141
8169 9067
9200 68
8066 8901
2242 4338
8395 1104
3420 530
2626 4970
9813 9745
2293 2487
3929 2242
2772 4378
429 7213
953 3911
7998 838
4126 4581
718 9082
7575 1894
2269 9732
1793 208
8056 6213
8401 7649
3495 2463
4312 2195
1103 5839
4249 6572
307 8449
9683 7922
3368 3854
3502 5005
8541 5483
543 8245
3130 9245
5975 7039
6145 638
7454 9327
7633 9346
1556 8940
9375 6668
1121 3321
6859 852
4887 6944
5688 5848
3150 6433
6645 1943
4937 1798
5783 3211
4647 3725
423 1175
5915 4636
9242 8084
2624 3251
4240 4271
3189 2187
4270 286
79 3797
9749 1367
6485 2479
3517 9759
6138 208
7772 1576
2279 5953
5900 819
1613 9122
8755 4379
5438 4836
2091 1260
1838 8058
4853 8028
8077 5575
4061 7537
5883 7180
4766 9627
5902 3320
5610 7666
7550 67
9080 4681
7458 6697
6547 7279
849 9288
8069 4893
9903 964
6985 7048
2964 6610
7014 898
1001 2999
8233 9649
7504 7432
940 1270
2644 6216
8579 5805
5771 6168
5703 2104
9361 7902
2426 6871
4129 4841
7787 4039
5527 3854
5952 3467
5852 2037
31 6014
9877 5153
7547 664
8209 5672
5352 4135
1522 3797
7909 3058
8379 2620
6384 3730
3790 8114
8632 4549
1236 4330
9786 1817
3663 8149
8503 444
9482 9350
3922 4456
6830 7496
73 95
1630 137
5067 8253
7369 4877
1848 5179
5134 884
4573 8523
1987 4245
3852 7567
9463 9758
7494 2114
4831 1580
3134 6183
2784 9883
9551 2448
4230 181
2666 6860
8961 1844
2586 1825
2765 6564
9621 1348
3571 8583
6576 7594
5300 4085
9047 3845
9837 9143
4563 3129
8146 2194
2605 9353
3039 7968
3464 51
9073 4809
6985 5093
4794 581
1713 2282
1166 9645
4856 3012
9380 4754
2330 2246
879 8741
4599 8399
8590 5505
9817 3237
6036 8740
6284 9786
1056 4595
40 7671
1935 9880
8921 2044
8970 7160
7721 5614
6635 3225
9421 5373
5518 2778
1091 3262
9314 3473
8980 9162
4747 2539
3226 8620
6775 1460
5245 461
6008 2999
6282 8680
9642 17
842 4058
5300 5425
5167 6025
2024 8350
8806 5335
3308 6334
512 8782
7255 5150
6597 5127
3530 8309
4035 7494
9085 163
4205 2684
5105 391
7634 2991
895 3337
3974 213
9027 6284
9943 1306
329 4793
1856 6524
2411 8114
5582 7463
2715 9025
7990 3332
6878 8227
6419 8216
9301 6272
539 1286
7792 2181
6301 6140
9556 5440
3786 22
6917 1001
3376 4892
7044 1805
2973 4879
4451 9972
5631 9149
3992 6227
8944 9083
8819 3789
1405 9495
7341 7482
5128 1856
9846 3744
9060 6847
2453 5281
475 726
3630 263
3003 1052
2127 8057
6172 2263
9133 9881
4694 3851
8832 4330
8647 8335
474 9586
7024 1273
5262 3066
8122 4650
447 7220
2035 2232
224 8723
8222 826
6069 1062
2548 1823
5683 9214
7930 5588
2815 6490
1810 5809
3786 4263
7071 8192
2334 443
502 6248
1101 6431
5968 1045
3243 2802
8100 6824
219 8578
8065 6540
5527 2642
5047 8982
7691 8205
3139 1031
7992 2689
6550 4905
4914 896
1748 7627
5890 6574
2231 6007
4810 7975
3970 8255
4995 1176
6219 8091
4254 8370
3650 856
9128 1037
8994 1709
9335 9766
7482 1447
3949 5245
2056 5581
1135 6175
240 2115
3755 1001
6706 9027
3497 9476
5818 1102
3763 9269
6811 2854
8027 9748
5934 9946
136 9829
3037 9152
6143 599
2712 3587
2996 4217
7534 245
2826 8807
8116 1180
7118 7459
8679 3281
6320 1592
148 9093
3368 4563
5101 747
1862 5396
1913 3797
1743 3343
436 3874
222 1912
7793 9451
3913 5049
4580 9443
3787 7084
134 4748
3577 3574
7008 3438
3899 6985
9431 3805
3872 2895
9604 3679
4193 9655
503 9888
3349 5012
2078 4128
2472 1475
9491 1009
4447 9531
1800 9542
886 4421
5742 6402
8476 6908
5643 3522
844 1088
5575 7290
62 6455
7440 8793
6147 7236
6147 8182
6524 6751
5423 3191
8729 8019
4738 8948
8577 8376
9757 5660
1332 7935
5452 6167
6130 6208
129 6069
1730 9810
649 237
680 9787
5796 8186
9145 6737
9356 5470
3303 3714
6247 2406
4034 165
7615 969
1379 6389
2599 9763
4604 9611
8242 5346
8230 7848
9297 2132
5339 6479
4083 4616
7577 1624
161 5836
1083 9882
5943 3371
6714 5224
9196 7499
8890 6481
3616 6864
7920 2226
4916 4642
5888 1771
7624 9773
2998 9764
4659 4750
7013 8649
8345 4776
3672 3963
5283 6516
7386 233
7647 4530
31 5082
8679 602
3863 6025
15 8570
3159 7773
1924 3838
1224 1909
2041 6800
3863 208
3529 9627
6223 2934
9857 277
500 6150
3128 8640
2921 7028
6626 3407
4978 9031
7061 1027
7414 3806
8574 2072
1012 5160
2000 5520
4597 2499
885 1989
5958 8315
3074 9167
1633 7134
341 5535
4194 7991
975 5875
2457 9637
4747 1844
964 1027
6707 4024
1568 8135
5078 3020
9556 574
5027 4387
8543 323
7682 4565
9902 2990
7354 5624
4620 390
1240 2143
6339 8451
9616 2595
8567 9966
9988 6541
7310 7104
7951 1403
4477 1782
945 5749
3799 1052
6409 4955
8850 5842
249 5362
3504 9988
7144 6562
1630 8586
3037 8609
3949 2909
5229 5618
844 7138
6472 6672
8746 3947
6108 3812
4114 1163
6901 6026
2108 2039
1207 9056
9162 7223
2703 9943
8249 3468
8207 1348
1763 2160
3142 587
7557 2726
4933 9144
5053 1975
5275 7851
6433 2256
5532 5169
4446 9504
1439 5105
6349 7320
3468 2373
1350 2014
7911 7202
375 8879
3602 2213
1461 7440
2760 142
2643 9604
1061 4560
1336 4120
4474 3223
6025 5243
6380 5934
5890 3503
6210 5884
4716 3885
3983 7352
8339 2281
6948 2360
2399 6151
516 989
8234 1636
5417 4844
9970 4277
634 5639
6080 2823
6096 9007
292 9262
7518 1138
1332 37
3414 3550
