placement model: 1slider
width: 10
height: 10
number of points: 10000
9595 2404
9078 7702
9803 773
1230 2664
2771 1693
2232 3955
2157 1939
6586 2083
6286 6237
9308 24
1164 9394
9485 3336
7709 941
5343 6654
4783 7122
195 7045
6112 7021
4642 1351
5289 4575
2592 481
1730 4860
3974 6196
8228 4212
6257 9562
3907 8785
7998 3203
7370 7538
4617 5526
5590 2918
1039 7922
2563 4666
5508 1
2463 1066
8544 4182
858 9483
5416 8549
4351 8219
6161 9631
5594 2
324 9201
9418 1498
9675 4122
5419 2887
414 8233
2623 2838
5183 2262
7077 6451
3215 1680
8020 8419
2645 709
235 4508
3564 7150
8666 8336
8828 6474
6910 3963
8144 6141
3534 6461
7549 7080
4644 3150
2436 7884
7374 8898
6642 1163
4225 6215
3751 3382
3988 8445
588 6025
5182 9069
2530 2760
8102 9780
9339 8317
9272 9987
5665 2722
198 9520
5483 2308
7722 2245
5914 7423
9401 4492
7341 1278
7980 7409
646 2100
3933 1057
7534 2710
1006 3758
1809 6809
5128 73
9660 5222
499 1705
1311 6186
2435 4703
6724 8114
2175 6368
7303 4640
3984 3121
616 9675
599 6018
1588 1116
7352 1624
4194 7117
3649 401
5723 6529
1847 8869
2031 3495
9562 7877
6150 9800
6664 2016
8947 8880
1844 361
6983 3044
5832 1939
2226 3321
6807 6585
5977 6178
7214 2958
5405 8472
800 2954
268 4997
6159 2185
5242 5408
3173 460
4744 1112
8896 9806
8836 1708
8986 3211
1534 5267
405 1537
8060 3946
7047 7629
3823 3572
7463 8520
5750 3668
7296 8680
967 6820
8721 8454
4313 3204
9563 7953
1333 3531
4922 5886
8226 7850
3666 2307
8731 7636
2511 3189
2447 6315
2455 7690
6659 1794
992 531
4511 7810
2649 396
8277 1608
588 3747
7302 4974
6906 2341
6686 2955
4398 175
9349 8061
8378 9296
8736 1741
4950 1804
3489 8171
3658 7864
8286 6745
9964 4898
7421 7111
5036 1693
9676 9573
3464 9339
984 2893
6908 21
6918 1618
3626 9555
6173 6322
1459 8635
6570 7533
3280 7177
3555 9414
6399 8663
8825 1076
9263 8755
7067 1658
3606 4972
6788 1712
8697 6372
8952 9164
9780 4411
7441 4445
4503 9169
2942 4050
4146 2932
2395 2681
2309 3075
8786 9258
133 8845
5003 7287
3394 4536
4124 3531
7870 5685
9930 8641
6454 3702
3459 223
9814 1938
8029 7583
1555 7767
9163 2862
166 4952
8184 3098
1120 597
1256 1297
3395 8592
6436 5571
5174 1363
3147 3414
5029 549
6168 213
356 2679
4185 2535
2009 4714
1445 1625
8562 8875
865 9653
8904 3139
9882 6552
5728 7501
5930 6235
799 6969
535 5333
6822 6140
7216 9751
707 1904
6156 249
463 57
7777 6922
1636 2275
1421 9913
674 9474
4034 7950
9635 7159
8565 5587
2175 4758
2534 8699
9564 1773
8215 3962
9406 6066
591 2617
1800 9728
7762 3426
7507 4844
2712 8623
1111 1396
2762 7102
7153 2350
3355 2277
5967 9396
8651 2214
7604 8392
5289 749
8884 7962
2609 3861
6162 7284
7205 4759
1571 6396
4273 9146
8647 5724
6487 4598
1685 1707
4880 2467
5732 1060
9590 9852
6719 4329
3701 2476
1668 1573
1291 8628
4535 5172
4425 5869
4056 6307
2566 5181
1434 7159
8799 5275
5966 1588
5308 6137
438 4740
9017 3246
3690 4268
1443 4497
9080 6829
4722 5638
9313 3535
5269 1762
750 1065
8281 5679
1066 8211
8802 8032
711 227
9785 2147
1722 744
6970 1306
4486 9269
448 2155
6725 1864
6126 7617
8368 9363
9446 5364
4721 7990
778 7539
5132 1088
8636 9192
3519 2486
1504 1242
6550 3450
4856 949
9878 5986
8906 2654
5381 1602
5876 8976
4133 4810
2718 6596
1448 5004
3274 6643
6600 8785
5167 9640
7893 2357
4256 3590
8078 7276
3295 4088
9534 7866
628 9348
4153 2279
2912 3290
8931 7697
3108 8588
8507 411
7484 8158
1780 1031
7726 4342
9380 5958
7292 2206
1914 3557
3463 336
3382 8831
1836 4327
3385 8169
5152 7075
9840 2055
8948 9730
9808 938
7086 686
6983 5001
8885 5148
1192 4921
7682 2549
7003 4920
1301 3607
314 4603
9816 9027
950 9402
8196 6052
7686 26
621 7755
2506 5236
807 7000
6100 9826
759 3628
8040 9225
2566 4333
6803 6702
5628 9565
4577 5908
7128 6553
3915 8477
4682 355
8589 6262
604 415
4001 4264
147 7035
3028 3625
6814 5380
1578 6063
5818 523
486 1499
1462 3693
4890 4965
6049 3215
7819 8051
21 8566
6102 858
6817 8565
8160 6853
1690 2507
632 8088
9306 2249
3078 6037
5579 1511
739 2796
4457 7750
4431 5225
1458 5650
1729 3023
4247 1369
7292 408
6259 5638
6440 1831
4262 8661
4845 7811
9316 6099
5325 1131
365 5381
3503 3211
8205 1864
5531 643
1756 7188
5796 722
5133 1334
6666 8181
679 1304
919 6119
9141 3659
4361 8108
7273 7478
5561 1742
9861 5588
2707 505
2941 7053
9425 9635
9166 6754
2809 1303
5306 6441
7574 7622
793 7960
5907 1947
4580 6420
8263 3188
5426 4562
8187 2397
5663 1261
8991 8279
8290 5929
3007 6026
8274 2310
7390 6177
3700 3363
2297 2640
7229 6391
4091 2814
1495 1635
1280 26
7814 8742
5365 6604
378 2617
4178 5703
62 8433
5279 8784
6655 5246
8641 4081
7044 723
6126 5707
4842 2476
8461 8358
8163 4383
7040 4518
1415 8168
3102 7982
6557 9338
4199 3019
3397 5926
7704 3964
8434 2724
9940 521
9370 2680
5778 409
2789 4360
5250 2787
3905 661
1581 6282
5176 6706
5917 4794
2640 7934
5196 7565
1755 322
3727 3625
9298 7424
9806 3478
1301 6795
9162 4061
8023 0
1048 8225
8108 7325
6697 2416
4277 8379
1508 2599
7000 4812
1265 2782
3931 4635
8691 6803
9695 1648
6558 2315
411 9022
84 3192
9380 8487
648 5403
7110 1671
4216 2627
4555 3621
9630 8905
5278 3835
3878 3621
1547 7802
825 2224
6155 7077
7834 7127
6167 8101
5033 6127
7980 4605
915 1493
4407 4485
6879 2241
8147 2512
3285 9351
1232 9043
3558 2498
1035 2737
574 234
5728 4419
2391 6970
9356 7052
7648 56
9608 4308
408 7238
5082 8486
714 1084
1793 7646
9885 7918
9393 9920
4501 852
1951 490
9128 5367
7504 3709
60 9268
6263 5252
7375 793
5660 4305
5306 2330
4408 7452
3395 8255
2605 2712
8576 5061
8069 1550
3566 1942
2365 7264
3846 8132
1469 3589
2439 5961
1021 5269
4747 5975
1073 4251
7758 9036
8933 9194
3680 4175
7559 7727
5220 608
2866 8583
2023 4410
8860 8235
5768 8697
1097 2653
3812 4035
5361 5147
6241 8445
5226 9286
2487 2329
6802 6586
7975 2699
8616 5284
7309 4024
563 7531
558 9292
8305 8346
7624 8949
2897 3379
2933 4339
7975 1997
9130 1611
1789 7372
8227 1367
8234 4741
9914 8105
525 5886
9603 7243
2649 6432
9099 9358
8017 3573
5053 7573
1415 2047
82 1937
6396 8794
2090 3505
5492 8246
3791 6265
5947 584
1562 8516
2275 731
7309 2976
4583 2744
2209 7848
6554 8746
2354 2483
4085 6532
2810 5886
88 6627
8890 7911
9243 4381
798 4181
8405 8074
7780 6476
8152 8898
3174 7740
9765 203
1584 5836
9398 251
4807 3453
3385 6579
5353 9616
1945 3250
8821 6535
4961 6158
4581 6391
7124 4301
6782 6023
9498 1204
787 1179
4765 6857
4548 4719
6951 5578
6040 2419
4086 3943
4140 4900
1859 4800
6390 8215
547 970
7165 3570
1309 2302
9636 757
6795 6550
6345 2894
9303 8269
4480 3194
8416 441
9474 4226
247 9105
8605 680
9432 4598
791 9400
1754 7359
8058 9104
4192 7799
3744 6971
6245 1035
1080 7252
9521 8218
5421 4002
7468 3114
9220 338
8733 9723
6088 6639
2860 6496
1669 1265
4424 2446
412 1974
5817 2672
8134 6597
2074 819
1212 4347
4291 1397
5768 2284
1484 9464
4618 8368
9735 8125
6678 107
7877 627
8465 1870
2941 365
7351 1752
1299 2233
5442 5489
7765 5137
3303 8118
2622 3158
7183 1786
271 9231
4601 8634
5178 2306
7015 6207
9746 262
6402 6928
7426 1400
771 4447
1529 5842
6928 7110
5286 927
6193 6510
3794 279
4077 6426
9491 9482
6353 3266
7794 999
3214 7420
9027 5329
5555 4526
9462 2449
7326 3426
7897 2823
118 3787
3478 6552
4206 1461
841 5237
1783 5448
8670 2574
8705 4223
2437 7987
9400 6951
8465 2624
9977 4179
2854 7074
9007 3287
6555 2828
5988 8817
8340 8857
6723 6935
2723 2999
1644 5661
1493 407
3124 763
6226 3812
6765 2065
5429 6712
6941 2440
3432 1557
5208 7866
4774 4872
8043 626
3597 1309
1454 707
5373 9842
7476 3346
3771 9815
2617 926
8012 785
4785 695
1988 4845
3022 7372
1465 1506
6941 585
718 4554
2977 1488
8381 3980
3191 4521
8798 3481
7590 6541
4476 3147
9494 7421
7339 4927
5560 6755
9507 9070
7436 6339
8813 5368
2110 8716
5562 2244
5928 4300
8691 8532
884 6860
3787 8564
3105 4706
168 3816
9474 8077
689 9800
3013 3545
7119 7001
3098 6963
8093 9306
8522 3911
4693 1483
261 5380
7458 24
8499 8618
7018 5925
8618 5461
3433 7811
7877 6016
7208 4918
8606 3478
6248 4456
1787 9685
2900 3710
2275 3826
3311 2830
9730 8895
186 342
7972 3019
8484 4194
5559 3976
8200 4601
5010 7218
7361 7083
9939 4852
1270 8289
2890 6992
4161 650
6254 3662
5635 2177
9351 3371
3141 1347
7352 7057
4477 4085
7727 6242
6587 9617
2852 692
2365 7591
7694 9071
8245 6224
7792 5744
6089 7185
7385 5510
8998 3235
9865 8191
3614 900
9342 4465
1954 5644
1335 2777
1090 3272
4596 1221
1927 2635
6716 7834
5927 1344
9227 2425
2240 9188
4170 2062
875 3732
9623 506
3423 1953
519 9355
5825 4598
3689 8977
6514 5495
3473 7415
8336 7275
2238 9631
4947 3545
7558 5461
9534 6177
4143 7502
8080 427
6269 9382
5959 8787
776 481
1462 7787
6790 4849
1420 2517
5804 2020
3920 5492
6870 2658
8288 4454
7681 932
8063 2396
7601 942
7994 1549
8734 6757
5796 4151
252 8665
1253 9799
773 9189
3060 534
557 5127
7818 6056
4229 7144
8676 2778
2004 2094
257 5991
4200 4266
6848 7830
8210 7307
5881 5285
4344 1178
6041 7529
5507 2033
785 8256
1004 3658
1566 6800
3306 7164
1086 3750
6083 8886
8020 7547
428 793
1154 7777
1403 7040
2776 4462
8230 2911
6931 6034
9592 3502
6203 3396
5084 3308
6414 5501
4840 1328
6032 8815
9213 455
8609 607
2717 7612
4436 8717
9617 697
1436 1283
5457 6506
9059 1558
5039 5485
1223 1930
2340 7100
4987 8537
3698 544
6773 4635
9603 9526
9934 7214
179 8704
4729 6235
2768 5435
2923 9386
1202 3926
4398 4761
1029 6895
2735 1984
7913 6681
5427 4769
5300 3263
6021 7487
1765 2675
2507 4846
2046 3569
5374 1308
4752 952
6970 7920
9194 6004
3138 1339
948 4472
5277 8972
1726 1272
2326 4206
6753 9349
5895 9624
3014 4707
2603 152
2724 5164
4653 9754
5054 8928
3021 1646
4849 7591
6656 8435
2473 5267
5134 1640
8698 8551
908 4679
2412 5571
7105 4897
8306 3461
4122 4902
3335 1198
6967 1524
2131 433
4934 2612
358 692
1921 1255
3106 5017
7303 7190
4991 9255
3920 1204
2352 7530
2835 1576
9745 1631
4997 1408
243 5740
6612 2897
1397 6651
1844 9541
138 8563
6590 5466
3901 2248
7701 5559
4900 7144
6445 6393
11 1248
2331 3027
1120 5701
714 8070
6840 5199
7103 3996
6434 1517
3678 7723
5783 982
4907 2444
2686 2054
6176 3833
3218 6994
815 2535
1376 2130
4139 9460
8052 3361
8315 8911
4942 8422
872 664
7654 3093
8887 777
6753 3512
9712 2287
5913 7837
3302 6404
4279 3723
523 7122
1187 1036
8213 8597
9087 2933
2416 8254
2704 4955
8996 4922
3671 8707
5837 7441
4383 318
8883 7945
2494 9209
9815 9149
148 3368
9878 8803
4466 4173
7807 7845
2657 6538
4044 1269
1070 7113
6240 6914
6050 8824
1799 1662
6876 5363
9972 2260
8369 6737
5427 9105
8876 7205
4459 7908
3548 4085
6089 6018
1795 3939
4922 2188
4629 3317
3360 5799
6276 7712
9211 9625
8331 4539
9883 9199
8182 8585
8683 6370
4307 689
3666 20
8429 2170
9939 7176
3486 2028
4054 9389
1323 692
3558 5264
4772 3941
3292 1060
9653 390
8339 3794
7132 8446
3802 1097
6576 1570
8714 1012
1031 4161
2009 5958
4537 3063
6410 1895
5484 6882
5557 1820
9369 875
6678 9413
8741 8387
2546 7403
9422 9389
3621 8504
5245 2939
8984 2320
5817 8088
58 5404
9748 486
152 2480
2314 4107
8591 1478
4091 4474
1148 5255
1946 2595
7918 748
7936 2263
3930 1516
5312 7270
1895 3907
7634 5056
4112 9013
5254 6331
6632 5706
9289 4059
1047 1516
8103 3102
3146 9794
6995 9315
9622 3644
2862 389
9869 5004
3011 8429
4161 7809
1272 493
27 5871
8890 4672
4709 248
9429 2682
6134 7161
5891 1196
3351 7792
1469 5818
8951 8064
4277 1646
1813 6381
5217 5347
9414 6173
7688 9646
3107 3242
9922 3760
6951 1054
7750 3249
9457 3901
6994 615
1514 4552
1083 4656
7244 4005
5326 5903
909 7782
6084 3308
1358 6671
4891 8999
1725 9981
9495 3080
6697 7035
4123 9098
7079 223
5564 7116
8091 3024
8326 6164
1541 5281
5471 889
4561 168
1275 5562
9524 6012
9012 4597
5950 2127
3967 4424
9763 5226
8272 1328
2625 48
4960 6068
9459 3090
9835 6924
2554 6898
6066 3377
8140 9785
7464 5027
9453 7866
8062 2346
4308 8901
1154 5262
721 884
4297 1385
9629 7775
5942 5209
408 4275
2477 6988
432 7378
3190 8226
3500 9821
5614 5904
2578 4805
9651 6459
2723 3396
1306 9418
3258 4800
8246 7505
622 1772
1233 289
2996 6967
5437 500
4964 7344
8401 8256
8257 2760
7670 513
3115 546
4449 4768
699 5795
4845 4145
8065 2604
1885 7030
6288 9032
4332 7498
8003 8233
5588 6764
8809 8325
7723 6308
4986 1658
8298 2518
9411 5062
1101 9132
3161 691
7528 4736
556 8860
6928 8899
5253 2997
4387 1477
8198 5849
4647 3755
5841 9719
8866 4032
8666 2928
5080 4403
48 3803
6380 7734
4112 2467
4017 4581
7431 7642
3607 448
7690 7551
574 144
6071 7084
5636 5995
4222 9574
20 8583
221 2898
8634 4152
73 7382
9366 7090
811 753
9014 5768
1728 4261
8730 9615
5109 3996
3586 3644
4080 9599
2498 3686
605 4858
2936 4526
4895 8059
6008 7381
1789 7859
9009 2549
7679 8121
8486 3534
9205 1388
4069 823
4313 8191
1493 4555
916 66
5893 6218
2144 5295
1032 968
9619 6440
6558 2433
4673 1498
7324 7231
4102 2880
1067 1090
4518 5010
2800 2216
9239 3482
5492 7318
3404 9891
7705 1287
5676 5053
2359 2739
7307 4770
3121 5381
8282 8223
550 7286
7364 4840
6441 6745
9660 2924
1119 4956
7961 977
4190 6343
1449 9419
4641 4327
7827 2446
6461 1185
4153 9996
7179 8435
9126 3992
8806 8942
573 3271
7932 742
6338 5291
7965 1503
131 965
6052 2847
742 6044
7404 954
1001 264
2465 1903
4916 98
6701 5940
3742 3171
5476 9155
8838 3303
1350 3405
4806 3766
595 751
4192 1490
6847 7990
775 6177
1 9681
3308 566
6798 9640
537 7227
3412 9714
9191 6002
9843 846
1823 1633
5295 9629
6459 9658
7553 587
1162 9454
4048 5804
3246 9299
948 8687
5101 3974
812 8530
5960 3128
259 6052
6120 2983
1032 2699
6831 1153
6059 1517
9638 6920
3995 1130
2784 3175
4673 4951
3280 3535
2949 1065
2827 7042
6192 8850
8221 5610
701 2345
8656 8387
1972 865
2669 7722
6959 6858
5649 5312
3440 6883
1261 6344
613 2628
7805 1868
8152 2985
5325 2396
4213 2490
8739 1692
7170 271
9317 1433
9832 4741
2466 6031
9267 6592
6802 1332
4810 6943
6765 8664
7389 3558
8784 9539
2913 9967
6228 6166
8809 4115
6481 154
4815 8229
9444 5169
574 6279
13 8248
4751 324
6236 6242
249 1604
6467 8965
1246 1504
5606 899
2564 2055
1936 3731
485 7306
6825 7815
6006 7936
3999 4245
6704 5119
475 5417
2177 1286
1364 6521
5986 5775
7958 6557
4925 9300
969 4823
2781 7437
7314 6001
9283 7253
8735 7487
4858 2054
2619 3681
4072 6913
2705 8584
256 5090
5669 1873
8162 7913
576 2144
7992 5150
9714 1412
9990 7880
7098 7212
6323 4955
4390 2850
9992 5250
4056 2358
4685 1623
6727 7891
6527 21
5581 6259
8265 2039
8428 7772
1583 5942
3116 9976
1026 4247
2879 4177
1989 4785
7170 9925
3803 6374
3201 4451
7394 941
2655 5777
31 4472
9229 2729
9657 6857
3573 6417
3500 2692
3928 6888
6190 6703
4520 2737
7585 1019
6292 4741
5712 4190
7746 6172
8763 7897
5849 6493
1493 9258
838 9369
6241 3729
1782 2002
6058 7960
1926 2760
722 1212
1572 9139
8622 8066
6049 7852
2230 6787
5195 2584
6181 6007
7619 6595
2395 4530
9603 9582
2387 5780
2605 6833
1381 7134
5448 1612
3291 7060
8737 8884
3073 1463
9817 3218
9052 4549
7165 4219
3782 4977
2688 7804
2248 923
4679 9513
5540 6202
8555 3639
5980 6013
7233 376
5879 3745
8192 8557
4523 193
5557 2202
6792 6574
4683 8140
4958 6335
5779 2132
3775 4947
6945 1936
1773 8831
3864 4512
6287 4960
2221 1101
4417 6879
5429 99
2630 3561
532 4855
2825 9780
9680 7552
4914 9430
4914 3869
9840 6644
9771 1710
7042 8413
7847 3169
1776 4438
3743 841
3728 7917
3523 7783
3242 7375
4162 8113
5083 9857
5898 9020
4018 4210
4611 9625
6037 8468
5460 3217
6781 1850
6875 5728
2649 183
7115 8968
224 7481
7586 13
2219 9814
5427 3901
4729 9694
8575 2870
1380 4502
3717 3213
3224 9680
5887 7070
2189 9697
1357 1427
1328 4928
4354 6239
9480 7416
8744 4191
1519 2890
8030 629
2588 7472
3026 8522
2386 6259
212 2365
5323 138
1237 9561
6910 9541
7492 4132
5876 4759
1788 4999
6165 2928
8592 3431
8717 5929
9223 6325
2254 14
5739 6207
4546 5649
9537 8254
6163 5706
8234 2090
6157 2056
7159 2571
3994 8134
7136 4405
487 9245
2400 9465
7969 2767
1481 1232
7820 4370
7735 6557
2168 3571
4924 1756
6258 6372
5035 1303
7273 8159
4077 8074
9120 3449
676 9246
2040 9717
5931 2060
7747 8701
1600 6521
4845 3833
2647 5657
3360 8272
4410 5373
9809 8766
9960 8647
3271 842
4165 5480
3647 3963
104 5417
8712 4495
6079 9357
578 8233
3535 607
4044 1025
2003 386
4630 9285
4097 8640
123 6943
8006 9411
4698 8246
5530 538
4330 6813
7605 9700
6001 7587
3507 9101
8994 1220
4219 620
3883 6284
3607 6212
9219 4274
3992 7734
9059 8924
6685 4477
6452 3602
4955 6320
9012 862
1894 9874
8026 6279
9056 3560
6295 7147
6789 551
8866 1172
496 6461
8038 7385
5938 4837
2699 9021
9886 4700
683 8912
4749 2371
9895 3429
7045 4821
8059 2068
4714 830
9670 2829
8335 6500
9968 5056
5924 9734
6269 1901
413 3262
7948 7254
2842 9074
5492 9886
3722 3270
6779 7327
6107 981
7486 4812
1300 9504
9760 5499
4182 2849
508 7514
4394 3126
3621 59
7320 1599
7213 9790
1410 5701
5918 3158
8187 1480
4196 6485
9874 2754
7139 8618
5583 6670
6322 610
3568 2400
3859 65
4248 6549
8059 2243
3277 3423
9644 6620
1129 6243
4401 5955
3557 5773
5562 4819
7195 7688
2924 155
6451 7468
6508 145
2662 7665
2603 881
6963 6316
5134 1393
148 606
7631 4019
6409 5336
430 8329
6337 6524
6389 3216
8440 1735
1925 3923
4617 5751
6199 2300
3212 6006
471 7011
9572 8644
553 4913
1934 8240
8184 4626
4296 7810
543 6379
4971 5127
3663 7774
6312 2553
7163 9079
1245 3942
105 4177
4979 8968
9983 9348
8783 247
5710 178
8540 518
4379 3499
4543 6609
9455 9396
5527 762
880 2048
2955 9333
7668 1003
6254 258
9636 6253
9284 1369
5856 9306
388 6201
6049 6577
5483 8777
8949 4338
9097 486
6091 7198
3001 5346
5070 910
5064 1654
8133 2847
4351 9616
8514 8084
2075 9668
4736 3966
4649 5305
237 5737
2508 9548
3294 2446
5474 8080
3184 4180
6441 7092
7720 6015
1499 1147
9796 2951
4413 8624
9851 59
8419 3867
9387 6912
9381 9739
8048 3493
3252 8035
3079 4635
6349 5625
5567 6318
7712 323
17 9831
2900 3589
3377 5474
5610 2824
2338 7995
3056 5695
9410 7733
1500 668
4862 9571
5998 2606
660 5812
2602 1759
8784 8848
9368 4789
5600 5369
1932 2020
8734 5982
6270 6434
7776 2286
240 8353
8833 9395
8389 8014
1726 6386
5261 1281
8425 8574
2248 2919
3632 8097
5813 5808
7157 8514
8208 2698
390 5333
4141 4793
1817 4469
6265 7269
2597 7942
7024 6309
4025 6438
213 2810
9837 9190
3682 4343
2993 9287
923 3029
2819 4783
4387 5869
1809 9120
3537 6997
1909 5158
3140 1102
2423 7655
3338 8399
9620 2479
2810 1980
8799 1124
4921 4392
4991 72
8510 7639
1682 5586
6385 415
8053 5942
7024 8777
1738 6413
5706 1627
4711 9139
9670 4826
9481 4650
6936 2442
6850 7302
8168 4485
3559 6170
5317 3760
1914 4707
35 3856
3222 1521
2150 5240
3110 7396
385 2189
945 4082
7967 4585
3689 947
8837 3058
5271 256
4193 3142
8143 7331
816 2791
850 7545
4754 2996
4662 2431
4385 1099
7128 2429
8749 7534
9997 2486
3904 861
4946 5805
8598 238
2535 5215
6090 6864
1109 4990
5179 2702
5604 5204
9656 7446
7406 515
3061 7485
763 791
2769 3549
1763 4408
811 4124
3378 6101
1231 523
2894 6473
2798 7697
4931 8542
1935 7569
5710 4611
9030 8782
2972 9909
2366 1391
4403 5176
6215 1342
6159 6006
1863 1479
9050 8977
1524 5630
2197 9342
7180 246
7100 4924
7137 9909
6203 720
9143 5682
5779 9623
6670 324
2048 8273
5122 7320
7371 9470
9729 4178
1738 4261
7221 192
7663 166
8244 3769
898 8084
7660 7225
8704 3963
4437 2567
3388 4735
6014 8834
3197 7691
3814 5469
5288 3366
3805 5173
261 3601
6360 1887
2238 7079
6234 9507
8427 8730
2413 5887
6940 2303
5763 7693
2053 174
8064 3559
1997 4796
8226 7336
6151 2484
5533 9195
89 5084
7234 5782
2 1478
2443 455
2749 8390
3888 6616
5972 7071
249 7368
7532 3174
7554 926
8268 6914
5392 5334
8543 6480
5599 2362
4206 9602
7664 9843
6526 9121
1171 3904
1898 8149
1433 1872
963 2625
4830 6135
4925 3757
7249 2991
9453 8628
3217 626
4593 1398
2105 4736
6036 3949
6789 8020
848 156
5903 5366
8346 4925
1187 5504
9866 8074
6980 2399
3441 9738
4245 6671
70 5643
3917 2353
6908 9223
9551 6980
902 1733
9281 7427
695 5659
6802 4852
6021 4152
1437 7633
3780 3054
6943 8236
5933 4370
9260 800
7600 9484
4222 6101
1876 2143
3651 2394
980 9135
4738 6790
7355 9630
8366 5045
4152 8577
8216 1158
1805 1910
9598 5353
248 1327
3841 7820
4105 6127
574 8111
8666 9600
9933 88
864 9307
4339 3435
5152 9348
9740 8008
1727 464
8824 7556
3676 209
16 7100
6775 8687
808 5636
171 3555
4434 8713
399 354
2974 3396
8998 5243
256 3243
1813 5609
3698 7079
3749 5930
4118 6518
1488 8262
4822 4392
9571 492
8567 7547
6614 9144
1212 9500
2999 623
7006 5411
2779 6350
9060 1962
1694 5652
3529 8938
5834 1518
4291 6268
5976 6600
2862 7931
7896 4357
619 6506
5888 5720
6088 3596
2437 5155
8843 3376
7325 1596
1051 9043
4812 451
650 6911
9013 5152
5955 8936
7035 8250
6344 2072
1686 7344
9715 5023
4753 9602
9733 2690
4570 6143
8756 8841
6217 9879
8392 1093
5906 7834
1910 2763
7612 1334
8418 5058
814 9449
6707 1470
1668 2035
9335 2588
4506 2899
567 992
253 7962
2007 7290
3451 5317
8077 2905
287 3204
5893 3662
826 1974
4904 9569
6855 9496
698 4231
6834 1633
6695 4918
9962 2515
2612 5103
2269 2105
2782 2862
1172 121
366 3363
4491 4847
7748 4098
3573 4824
9893 3470
7815 9923
1919 1851
423 4859
4036 140
799 7851
3732 7281
9825 6767
7353 9680
4375 1144
2972 1722
5156 8303
536 7337
7524 5757
9802 1871
4104 818
3469 9123
4077 9920
3807 7040
2893 4733
9275 4053
9829 6010
5067 948
3831 5856
578 4423
8310 2934
4724 9626
9378 5638
2819 1339
7492 7780
1672 2980
2457 360
7586 9101
8753 3950
6633 5186
7740 5369
3409 9239
9732 280
6583 8923
2937 8415
4709 2525
2160 3936
2147 6569
1607 9730
285 6665
891 9798
8421 130
6669 4780
2848 3235
5600 8987
3545 2604
5672 883
5917 6245
5259 2554
6455 2459
2150 7372
2027 463
3923 3439
1646 478
9188 2162
1670 146
3594 581
9975 4835
8084 6402
1565 2993
7229 9019
3363 9202
6901 3327
2531 2225
9423 1834
7126 1652
1912 8115
8561 57
8280 9971
2755 264
5263 1682
2200 5819
5029 9987
8590 3692
112 4732
2303 9668
9495 8780
7882 7605
761 8643
3813 3078
3323 3805
7028 2553
3972 9762
3064 7792
7216 8897
4418 1512
669 4186
5234 1875
4582 5405
9680 9920
8876 7554
293 3301
9206 9875
4335 5638
620 5213
8057 1149
6557 6738
1664 4637
5274 785
6734 8944
6849 3585
4328 3875
3163 5022
1997 9
9141 7223
2729 2074
1417 1459
4772 2584
9879 5117
4742 279
3004 1024
2960 5857
6519 2274
1902 4046
4862 4993
7582 9590
6485 8354
4783 7099
7428 9414
5646 9816
5126 9199
1591 4859
2257 1375
768 9236
41 9965
7867 4709
6624 2370
6231 5482
7183 3203
9308 3185
8229 3619
1004 6862
649 3238
8047 1732
8728 2624
9999 6615
4733 6286
6265 6592
7093 3525
5453 848
1435 8831
6301 1294
3998 4162
5730 1512
8003 376
7572 2683
1637 9883
6574 2294
3219 3876
6873 3073
5726 7456
8481 1505
4373 3819
2896 5328
5159 5978
5333 6993
1211 94
658 8194
2452 1099
8339 3200
8686 9312
6943 6696
1020 6601
6787 3781
8340 6066
5978 8982
4296 5194
6309 3817
3698 8965
2620 7224
840 708
4035 5901
1487 1388
7890 9489
9762 9751
2375 9793
2775 3684
9338 5623
1681 6188
1168 5917
7937 5672
6250 2860
7811 3384
1364 7337
817 3188
7401 5789
5534 2637
7045 8681
9372 2866
4581 4010
9602 6171
1274 1247
4043 8775
5093 3857
9934 3943
8778 8882
4485 5304
9523 7333
4197 1955
577 7215
9705 8279
5265 2310
322 9776
6508 5089
7931 9424
1659 2494
1607 9281
8201 3116
8161 9395
1421 2568
3183 4171
6697 3989
1115 7065
5800 9180
8042 797
480 5326
1862 281
4923 5740
5201 3907
6961 2778
3282 1146
1446 8753
1598 6147
4202 4394
658 7782
9460 893
140 2689
5197 5063
9039 4679
7007 5597
1865 8979
2714 7924
5389 4434
1741 3675
8098 2093
2211 4880
2551 8495
3550 3980
1332 9990
8041 1966
3083 966
7905 4361
8274 8884
5800 2767
8141 222
6013 8145
4670 8294
3810 9528
1091 776
1099 1636
6826 6501
4753 7975
2694 7617
9333 4814
4980 6629
845 3195
4402 2333
9751 6224
6415 1712
8003 7632
8300 4520
7886 8030
3250 6374
3923 4519
8561 2544
9197 5876
5470 9634
6187 4301
4950 5245
88 1492
1133 3758
3286 4988
6132 6460
333 2562
1909 3441
9604 1990
3641 3493
6735 945
2232 9277
3204 1523
2133 1062
6772 2124
7094 60
5554 6654
3049 2009
9247 9680
3839 2398
8278 9927
671 128
8481 7582
6627 2384
391 2430
6460 8862
6046 7446
7805 8159
9576 1557
5227 6510
8911 4800
8633 40
2731 5554
1007 4796
9631 695
7763 323
4110 1589
9552 4760
1790 3697
8582 7274
6241 1902
2456 4842
4769 939
1768 4918
4384 5328
1446 1947
1870 690
9093 9288
7302 9916
8100 1426
5868 8513
6320 5649
8126 5955
7087 65
9343 6391
9537 3651
4172 2104
8167 7643
1798 7563
5488 1347
183 8891
4564 5527
8226 4287
394 7971
7109 8551
1646 118
7916 7781
9534 1738
2550 9654
7261 9987
466 4597
1337 105
2095 6008
1284 2782
4867 4224
1554 3145
4178 8120
8453 9890
8293 6800
6791 1758
365 1779
1251 7327
8862 4673
3371 6360
5127 3650
1394 3019
1030 151
5870 6971
7817 8514
5837 409
8895 8747
7008 6153
921 4554
3801 512
5470 6227
5554 9548
1054 5331
4881 5407
9070 8465
9668 1614
3392 5488
6830 5090
2295 1417
9898 1117
5315 6371
8460 4768
8427 9633
6627 7666
5636 9016
7227 8201
5967 6694
1280 7052
2303 9173
8883 739
4704 3134
5966 4385
5388 4368
5354 4613
2002 1115
5781 318
9138 5387
5678 2326
6490 6491
6173 129
4005 6617
914 3432
5577 9527
8136 5084
5792 68
7443 5828
1733 6475
6260 2405
8225 961
4541 8476
8417 1256
971 65
8264 6261
2504 7166
3846 26
3427 102
3695 7030
2789 2194
3068 1630
8937 6281
6046 693
9619 3618
9288 4775
7670 1168
4674 8700
6133 7216
3394 19
5773 6381
1816 8401
7654 8633
3904 6454
8237 4498
7309 1189
3177 7865
6082 9179
5205 2459
2833 837
3041 2873
5470 1949
4250 1610
3567 3006
5496 6970
1871 6511
3783 3407
5224 5070
2787 11
2488 3599
7816 4986
9650 3376
5419 5832
1606 5624
4210 6735
4306 4667
738 8585
9018 2760
2180 9006
6839 4395
402 6281
719 9940
2857 5495
5496 4939
9508 4125
9394 280
678 3732
6503 3650
3570 5182
2040 4958
1977 9105
3063 9291
6024 2374
3603 6127
7682 4806
8256 2437
1207 812
4429 1592
5197 8215
6680 5486
6217 5040
9389 6208
1820 6472
3067 4085
3783 5572
6072 3433
3766 1939
8052 732
4157 6084
9231 7801
9853 8545
7805 8363
2438 1462
5040 638
2812 6606
7024 9843
8601 164
576 5426
1293 2847
9956 9911
3468 3785
3948 9589
2139 8406
2400 5650
186 9320
2763 2445
1270 1951
3609 937
669 8287
3665 8612
6237 5218
8744 605
1761 8905
5413 3510
9430 2043
2712 5189
7052 7322
8289 945
9267 3523
4777 6940
8782 8593
620 9753
4636 810
4325 4059
6332 4548
5296 2789
374 2620
8358 4143
3743 3002
925 1292
1645 7409
2592 6331
2031 9572
3170 1895
7935 8203
4302 3709
9663 7961
9956 1531
2217 5065
1950 5277
1555 1484
3691 3786
2474 4652
2936 5401
4299 5137
8756 8786
9191 259
1498 492
5000 8528
2999 6814
1134 4810
7070 6337
3052 8971
6748 3195
5935 6264
5306 3239
1023 4903
7220 695
6032 3342
5186 7498
7711 2179
646 4408
5003 2214
460 289
287 1890
4316 7711
9486 5313
2368 7180
7858 304
3934 5348
8787 3676
2842 5122
1531 5778
775 9017
5373 8267
5035 7399
3408 1273
7232 2878
7852 9636
7688 9723
9656 1478
8332 8414
8960 6647
1086 5224
5641 153
1763 9922
8011 1889
669 1894
10000 9786
1701 206
4441 3511
5476 5204
7622 8502
247 9131
9525 1489
6899 3879
8640 5956
6435 6417
6294 3592
8434 5192
2738 7895
9441 1784
8256 2060
6394 1877
5494 7297
7589 331
4242 4524
5107 5553
7350 6285
2457 6179
1271 2364
9931 6336
7889 4769
1008 4186
6261 7866
7074 8134
3527 3728
9416 7619
3978 5006
5445 3007
3689 6157
3957 9447
7634 9495
9283 3088
5532 1314
373 5226
5356 3667
4591 6539
8590 5522
7647 6708
795 9573
895 38
1059 6272
6296 8648
4526 3902
7698 2178
6109 6444
2179 9980
5184 2088
485 5077
7403 9988
8543 7566
5403 9986
8152 2413
8408 8563
9501 1316
2026 5907
8873 2392
1061 9403
4749 9074
7 5440
3340 304
9428 5777
9398 1295
2924 8041
2785 9921
9839 7765
5284 7701
3962 2746
5608 3687
8515 8512
8315 5383
3469 6990
662 1493
299 9592
795 7717
5605 4236
7701 5287
9199 4029
5984 5289
8111 8258
8867 6981
9397 6362
5987 3742
9588 9313
9430 8000
2480 1318
1458 9024
1495 1467
131 1808
2162 2068
8444 3704
3230 9350
9231 4178
7650 317
9714 8926
2832 6565
1369 8375
3974 8698
8695 9353
5991 3433
8107 1067
5909 5569
1499 1893
4389 423
2489 1449
4 3621
4434 7016
7141 2665
2507 6117
2684 6229
6703 2269
6133 9287
894 6859
3159 5711
4214 4506
2937 2520
9114 1100
7932 504
574 581
9899 2922
610 5359
7532 5701
2722 6605
6822 179
1117 6334
3458 5318
8935 7775
4480 693
369 9980
8940 6619
1525 6411
8751 9154
3577 6652
4855 9651
5802 2881
8421 3119
8804 1859
3348 8147
3583 6210
1608 2225
7059 3256
1759 7598
4537 8024
8456 856
2780 8551
1269 2483
3975 891
1347 7007
9685 6295
4006 8693
9490 1058
110 638
1259 122
6003 2396
992 5313
6663 954
5276 7106
2740 2895
1822 5125
8771 7770
7740 34
6310 7945
9393 8243
9329 2207
3636 4566
7822 6207
45 4607
5100 8275
4607 6946
1049 9931
7134 2008
8079 6625
3341 6092
2713 2497
94 206
8368 2362
8290 5766
9373 9277
6516 2347
9253 1106
9157 421
479 817
3573 6373
53 1873
1075 8043
8036 6304
3910 3766
5857 9456
700 5593
9468 2470
1839 301
8914 2144
7077 7288
8511 1310
2746 7157
2096 364
4094 457
9193 1162
483 1817
8661 5414
4653 6942
7586 6194
1807 3882
3300 1699
2262 8364
9661 7243
1001 5453
7793 7801
1954 8662
25 108
894 3197
8732 1765
9524 3393
20 1959
9461 6247
7755 7768
8186 5095
483 9394
2548 7548
5494 2159
6915 4458
2153 7525
9680 7143
1033 3091
4782 216
186 4027
873 1367
8898 8724
5922 9928
7369 5323
3390 792
2292 6326
7102 7010
6476 6172
6981 5629
7900 1793
9096 3289
425 2369
6113 749
3946 3149
7469 1071
7594 8754
5946 9842
1384 7835
1736 6069
2317 252
9222 5460
7963 7314
5610 315
3800 784
2257 7537
6142 3688
917 6417
9723 9356
8907 9120
4972 5344
3081 6354
8179 6569
2960 7785
5241 7620
4037 3309
3647 2752
3149 8775
6960 7864
1825 9059
5602 4629
5378 4711
1027 8884
6513 4226
9611 6891
8012 3537
2337 5802
7838 6750
4571 4144
7586 9372
1662 128
6354 6807
7519 5721
917 7948
3652 889
8244 6747
4311 5094
5331 9999
9947 6488
9510 373
5399 7241
3841 9472
8474 6238
9330 4547
1969 4598
1721 1151
568 806
1000 7380
9120 7227
6405 6722
6606 2617
3139 797
5844 3529
2791 8687
8742 2072
2488 5939
645 5512
3180 7543
857 4897
7750 9343
6037 3014
5722 6332
8018 8081
8821 7698
4487 3756
6680 5389
6635 7363
8900 9284
5016 7827
6130 8829
1763 1186
5864 7532
4043 2297
6595 8696
5842 5319
8329 2700
575 1768
4174 713
345 379
8661 9486
3438 1966
9716 5467
180 5487
3762 2351
3790 1911
571 7754
8434 813
1391 6581
3361 5652
8974 467
1021 7329
7784 8551
1164 4432
4730 8202
9418 5386
5816 7713
4916 6957
3314 6876
6689 5949
7216 1187
7753 4061
4585 1446
8833 1488
8242 245
5387 5143
6516 3046
5908 2650
2797 6087
5869 803
1919 8761
9134 2566
7078 7862
1577 2978
2402 7077
7859 169
6012 345
7015 8035
5150 9637
6790 4310
3577 1904
7738 3337
585 5673
1421 9741
3946 5367
9453 9383
6607 2173
9951 1391
4340 8050
1389 5640
3025 3484
7957 4583
8876 6326
1741 9409
2643 5726
4119 1419
9801 232
6940 4604
4862 1378
757 6630
5288 6714
2859 5557
8871 1673
2737 5093
4738 9489
811 7633
723 1835
364 2772
1108 1397
9281 2433
8136 3920
1966 6208
9225 4620
3309 5861
3033 2256
1873 1268
5515 5740
3613 180
9441 5496
1709 296
871 3347
8122 4569
2884 7888
4760 7422
6515 9509
539 2286
7353 6260
3231 1634
5632 8715
7329 2202
4788 297
2317 1373
3294 408
3505 1006
3381 1450
4305 886
7011 3470
1960 975
3110 5387
5608 1860
3600 3546
801 9976
958 5956
5598 8006
7032 2209
853 2414
1879 8387
2155 7439
3488 1261
4399 1672
2102 5359
4694 6378
6549 3199
5538 9548
5907 8038
4167 9583
1738 8926
6980 8727
7844 5908
7808 2161
5213 8682
1472 1155
1525 3878
2778 5032
7801 4536
3355 7688
6177 6326
2695 5008
2458 6010
951 5862
4947 6381
2614 9528
8721 4537
1687 6084
7619 4525
4181 3189
6947 980
6276 6238
9641 8172
3038 8473
2790 1916
5698 2350
8033 8550
5047 1948
8718 487
2619 7870
1406 6852
3860 4517
8766 7806
3948 3247
7649 2277
7499 4885
8085 7616
7057 6285
9404 7763
8110 4616
9271 1594
7102 9181
9994 2487
6835 1166
5123 94
3857 7836
85 7763
5105 3328
6967 8346
380 9740
7135 9172
2026 3997
8772 2576
1027 5872
4616 3375
8845 3434
4648 733
790 7725
4724 1715
9809 7404
1686 8474
9449 3945
2340 4722
7181 2053
4883 2298
1633 5416
2252 9792
1712 2463
9104 5759
7973 8666
315 7377
6063 5833
2919 5015
8444 5287
1235 6567
8322 1789
1401 7618
9459 8764
8093 5590
2834 3108
5702 6987
5442 664
8283 5491
4230 2342
286 5278
5392 6893
5335 8230
9207 3617
3405 6688
2767 6677
6474 3582
3878 2029
8040 2838
4560 650
3178 2036
8748 6726
9257 1529
8240 5961
2087 5183
6246 5740
2339 9024
8887 8386
2116 2686
9158 4156
7257 1806
2735 3500
7417 1562
5169 8812
2395 8972
533 1746
3747 8673
4461 1268
635 786
4782 6773
9151 9110
3076 9625
7869 9009
6089 4224
6654 8471
8683 9256
6730 5933
5134 9590
9981 2693
5091 8316
7729 6971
1664 2355
4436 8620
9477 4848
3229 9032
2838 5009
5914 7858
7483 7275
7324 6553
1316 3286
4540 6348
3491 6486
5977 2840
7625 7731
8915 9646
9315 7665
6173 5954
4289 1257
9128 9564
171 3525
3127 520
4902 9838
8729 4511
815 8000
8592 6245
6611 238
8825 5270
8458 9098
8309 8591
8594 3904
9344 8414
9564 4385
5281 884
3149 450
1354 5835
1925 745
9894 8814
7500 7895
8196 6402
3108 6884
6454 7706
9213 1518
5564 7940
5209 4480
3823 1233
4132 5787
1126 6846
9489 4735
8369 4334
6247 1432
2635 3554
2362 6611
2596 1714
2287 3296
9735 7870
26 4590
2655 5945
6436 5495
1959 5318
1856 8285
4682 4041
2485 6403
483 7171
1255 243
2677 6440
5941 4544
1974 7282
9492 9322
345 4190
4348 1710
1374 5650
1398 9731
4503 7665
9196 816
4841 9368
7358 8204
3822 6211
6081 9214
3688 3083
7446 2839
9968 6702
5829 2015
3182 9508
118 4285
6223 5884
4894 3342
1529 8112
9335 2009
2743 3102
7468 9442
1443 5545
7900 3347
4749 8451
995 3766
6902 4189
1001 4748
5176 3609
7953 4436
9399 1910
1226 1626
9109 4727
6935 24
1812 5102
3775 7844
5462 6130
4724 947
7195 9458
1370 89
9400 8280
2833 9003
1074 7200
210 321
8557 6410
4870 3573
1197 9011
5281 3154
3106 8935
5529 544
3053 4947
8240 7437
1748 9693
5476 4761
8227 8123
4450 553
8485 70
7897 7011
9215 8399
9196 874
3661 3181
2185 1974
4102 802
7226 6268
3816 3778
564 487
2973 9828
6410 9981
8888 7632
392 4536
798 7185
5891 5606
641 4628
8346 287
9265 8435
5208 1004
5513 7066
3067 2900
8907 7078
175 285
6253 5299
9144 2795
9898 5469
7156 7798
7305 7119
4639 8685
8217 7241
5346 7866
2403 9742
563 7017
7610 5499
5989 5714
6840 8511
872 457
4187 2958
9978 8516
1612 6502
843 1289
4004 2955
1050 9112
6243 1791
6046 3854
3258 499
8997 3446
5216 8438
7385 7038
1142 3279
9818 6041
6993 3597
2441 9865
5103 8909
4516 552
1169 5921
3658 2880
4682 1477
4093 4781
3709 5980
4958 9543
3373 1087
1687 4354
2827 6388
6799 2777
2861 5321
8446 8724
2773 798
7471 2282
3221 7961
6215 7172
2475 8038
4765 6916
9638 2089
9918 2968
9689 8980
6036 5251
5282 8015
3755 9034
6886 6025
8213 1245
5331 5868
88 3704
1019 8608
5555 2277
8381 488
8717 9351
1448 2459
7515 251
7707 7243
7120 524
2197 3748
2088 7806
5392 1960
5160 5759
1282 6751
2713 3013
618 7207
2813 5724
5891 7043
1519 7193
1141 5185
9462 9227
646 9370
9349 8298
3323 3519
5307 4350
4204 3318
6342 2569
6343 6532
3437 8265
9664 9087
5488 6184
720 7427
7297 1671
7970 5612
6928 9757
1789 5786
2228 8167
8057 8134
7626 2027
8730 5464
3529 3545
3877 83
4598 3426
2816 4247
7574 7037
5023 3518
270 1618
1274 6250
4591 216
7909 8544
2034 8850
695 4393
9575 1755
3813 1968
3276 1471
5330 6190
1084 2864
6713 1317
6985 7431
6111 5178
9302 1760
8954 1967
6889 8746
8720 9989
7055 3401
2017 2838
9028 6845
3693 5358
8248 7837
133 6433
7153 9054
5295 2303
8902 938
9402 3436
2169 9309
8792 5235
1072 9591
9058 1797
5180 3928
2117 3222
7113 9135
724 672
4298 2801
473 8633
6193 5148
9951 7119
4080 4305
5167 9432
855 6102
5144 8229
3331 2075
6083 1864
6409 4721
7359 2798
3775 3412
1379 8965
9305 5646
1541 2964
3296 803
1122 605
873 693
4070 3799
1969 9825
6395 1030
2064 8954
5273 9043
9556 24
4873 4111
9093 3105
1084 25
442 1855
206 6541
1527 3313
4461 4202
6212 8907
3356 7077
273 5281
5872 5742
2772 529
8237 8064
5324 8366
5926 3798
5656 1476
4294 6025
7058 234
1937 2026
4582 5464
4051 340
3 6075
1110 4774
6516 996
2096 4526
2442 3648
1221 4603
5080 7263
6287 2792
4029 8878
3850 8829
9664 2284
9902 556
1381 1516
1878 9103
6946 2735
7769 5317
9350 9866
5834 8380
1502 5576
3704 6033
5415 8754
8542 8756
5185 5488
6623 5429
3477 2269
5223 3272
4170 3265
5013 2056
7211 3850
4800 265
8208 4486
9845 680
1602 1306
7453 4885
4367 7082
7264 1625
1930 8712
7369 9622
9126 6836
2406 2725
8233 196
433 8620
6630 7937
916 2266
2325 598
3546 2476
6208 6231
1455 5424
8467 1426
4563 1760
9667 4738
7476 3343
6411 6381
2860 3597
1858 9863
2623 5265
9295 1695
674 3868
7498 5211
6295 2026
2046 609
9567 4253
9320 9826
7512 8415
7211 2673
9812 1271
9402 4633
2471 3935
750 2813
8827 895
9991 6395
4244 3275
1163 9147
5261 3656
7609 5624
6879 1707
4423 695
6613 1737
1433 9207
1057 6970
222 8077
5423 5502
1314 7472
4280 7960
7313 3019
7134 3415
1701 195
740 3404
4740 9675
5790 3147
9209 2584
7703 8239
1731 363
5402 1594
6452 7377
7840 5546
1531 7578
6774 2961
1069 7103
9819 3358
2570 6384
4716 6597
9808 4329
8343 3049
3219 4791
4526 1429
3315 3377
3921 6081
2815 793
5947 8184
9902 9544
7864 2055
5720 5827
823 7302
5675 5404
498 3423
6355 5520
7899 2292
5372 2664
9722 786
9816 3496
2393 3760
9843 632
5051 6692
3256 7837
5528 6997
2056 2218
3347 1726
5508 2210
7630 7851
8780 6726
5141 738
5958 2794
8329 3187
9021 816
2663 4103
5188 4994
9757 1709
36 5126
7850 9832
6384 9899
8848 9689
8252 1619
5237 8098
8376 3955
1844 7651
6152 7362
9052 9856
3573 8337
5503 8905
2128 8332
6065 8319
4552 2013
4897 8899
5682 8537
6619 2345
4531 4007
301 8492
3450 2549
3096 6082
4145 3085
231 620
9809 2434
4474 4378
2457 860
6520 9236
572 7526
18 9724
1410 9107
537 3343
8721 5704
5301 9895
2691 1595
7857 5774
6053 2948
8119 5140
4149 1971
7394 8950
1184 2374
8715 1663
9633 4232
5993 3820
5473 217
6298 3393
7199 1570
7107 2191
8721 8833
4431 4903
6523 9571
2796 8733
7696 6775
6687 4340
4688 624
5205 824
5994 5792
3633 4819
4233 5803
7710 3420
9464 7248
3018 2387
1980 6605
1717 3735
361 4138
2874 5529
1598 4578
7446 1045
2229 4064
4422 4921
2611 8
1623 7595
5524 7125
7423 4509
777 9439
7097 2494
3387 3634
3849 1348
471 5278
4776 5587
158 8051
7249 2101
5724 966
8962 4354
1155 2212
2835 6398
3553 6721
5154 5565
703 2981
2477 9259
9725 8752
4135 8964
6114 7465
7828 6181
5033 5927
2339 2702
4521 4335
166 7214
2906 4232
3437 7662
2290 8220
5482 3863
6944 8072
5574 332
6788 1694
988 4077
5281 3111
9802 6047
2996 6070
9778 4300
8183 5031
3801 3633
3579 4030
1560 1772
9524 2606
9073 8098
1710 1345
1687 2760
4261 3076
9887 2815
9227 4595
6030 9105
7140 30
9343 4980
3808 9667
2868 8870
3237 2312
6529 2327
9567 5238
9305 3812
1552 1754
129 5448
3465 1288
6708 6329
1421 5294
2249 1352
885 6540
3994 9340
3207 9847
2689 8711
9547 8354
4369 3258
5949 5750
6092 7377
5327 7931
1343 3176
2147 1542
2099 4752
5899 9864
1493 7682
2130 2113
3806 8744
7521 4760
6785 5826
4868 8696
8770 3759
267 2204
5890 6167
9960 5120
4855 7955
1694 807
2876 5467
5572 4460
8467 5832
6278 9063
4755 809
6308 1088
5338 8409
6456 7675
9676 30
2506 3443
9936 6606
6767 1729
1772 6246
3753 9925
431 215
5025 5204
8661 9648
8317 9101
4357 6784
2930 1070
7931 1139
7513 8544
1917 9896
6557 4999
6082 9704
1633 9833
6383 5712
6085 1967
6532 9045
6922 2637
5301 5846
863 3632
9866 7822
5987 2404
8675 6962
2381 9493
3889 8973
1151 1095
2805 194
4971 2905
3838 4976
7751 8192
3495 7039
769 1114
1486 3351
235 7080
8631 5076
5031 5830
340 4093
4581 3100
6085 2475
9668 6803
1138 7528
3256 2117
6240 1611
4389 4589
5464 3961
777 7190
3848 5432
3975 2835
895 7374
1494 4306
9092 9096
8629 3885
6262 9479
7885 6572
4236 6910
6717 9657
9267 7511
386 7559
8934 2726
5614 4815
564 4717
8611 1827
7052 484
2397 6692
9159 9537
8191 5821
8489 1184
4368 5959
4726 9313
5867 4963
6315 9909
8301 8753
274 5063
6734 64
6348 5460
199 8225
6586 5439
6090 8143
8765 3064
3329 7803
8849 3902
7046 3577
4708 7306
2818 4693
9214 1447
9722 4234
5835 3784
7810 7825
797 3530
9971 644
1256 1039
7553 9435
2245 8033
2464 1785
7628 3289
4331 8127
8590 9713
3088 6028
2159 5094
7226 4759
77 3448
9395 4209
3643 9171
2292 4446
694 7153
6585 5591
576 4982
9664 8578
4610 8972
3604 3902
892 6054
5429 4188
9633 1699
4321 4621
7675 5850
4597 6295
392 2157
5724 4880
858 2336
898 308
9891 7854
6068 3096
4693 9969
6075 2860
5323 3649
1022 380
2121 7231
6379 915
8959 684
7951 7948
751 5334
6525 9351
6599 2834
8821 9129
6805 5122
1123 7549
9896 3732
544 3203
1155 3881
73 5941
5986 6619
3256 1446
1826 4633
7731 2694
9754 6799
423 9151
2423 4103
5569 2561
4219 9298
9651 84
7565 2750
876 6621
4843 3874
7730 1535
5134 9434
1773 9961
6499 4543
502 4204
5577 2649
736 3454
8913 1357
3018 5328
9674 434
361 8635
5629 6618
5340 4822
1408 9470
5392 504
5896 6774
7936 5085
6298 4909
7281 1991
3539 5091
9804 5320
2219 6515
6805 6751
2446 2056
8844 1111
4957 6209
6437 7888
5818 5490
2748 6532
4968 6417
2048 2611
3227 4334
2748 5982
332 8949
2961 8097
9763 2274
6750 1082
4760 2531
8877 9696
8656 6353
6864 3106
1770 1403
4302 3837
293 3492
7720 4455
6719 8546
9640 3954
1831 6054
5464 9227
4972 1940
5226 7001
3795 4004
9061 347
2460 9642
948 1328
4282 8730
9495 7227
4325 8026
4538 4120
336 5732
1221 8716
4997 3041
6763 6083
2044 2581
7707 988
6562 7199
4846 4784
8049 525
9668 6791
2904 278
5963 7451
5953 2318
1387 75
4841 8003
3248 8663
9391 7149
7258 8991
1487 3357
6101 8117
4559 1037
5106 4713
348 1345
2107 7187
6721 8428
2361 2473
7263 8152
8100 2868
5654 2157
362 9791
3670 7159
4921 3858
2732 3008
5715 9340
5439 880
7761 8738
2782 6825
2459 3169
5275 5882
6915 4631
7689 3807
8844 3658
5309 279
2735 7937
4441 7680
7946 7844
179 887
6880 6659
5264 4551
5745 6807
7796 7875
3824 9109
3048 9094
8489 7969
4150 1175
3981 1925
7363 8131
6726 1418
6964 7712
3313 8675
1764 7010
6524 7611
7733 6633
3772 6652
3434 6923
9917 8716
9936 7104
3259 2771
6536 4978
5089 8979
1317 8560
5235 7551
8961 9436
9562 7826
2933 3727
6965 7397
3525 3087
6236 9154
9629 4068
3888 7263
7822 9605
1646 4639
4324 5850
4905 5319
1070 6745
4974 7202
7029 5215
1970 183
5681 1615
6494 3191
1093 1004
4060 3796
4335 6388
5766 7039
6597 864
9410 8911
3595 9600
5080 1547
1670 3417
2810 8848
1675 9172
6727 7430
3228 3866
5917 6129
7473 4904
8991 4607
5156 7217
9039 7639
9874 7400
665 3259
1155 5911
7023 5685
3296 9890
3076 3784
788 1213
5631 2426
8509 6899
544 5645
9390 9079
9649 7367
681 16
5279 4959
9359 8135
5619 5159
4037 3046
2955 1172
3847 2351
7804 9919
9813 9883
7828 7340
6316 2898
2539 7436
35 7169
6276 641
6057 1161
434 701
4291 834
5761 1713
9951 4799
7505 5675
6563 3362
6586 8631
3386 741
5888 5007
9585 1336
2032 8028
3890 7557
5053 6152
8117 1214
4927 3640
9624 372
1951 7204
7792 4814
5243 9774
6896 3936
3266 7551
5911 1928
3420 4939
5696 6986
4660 7751
4485 1034
6928 4398
9854 1829
7973 4281
5884 5502
5871 1744
5712 4285
8215 977
7130 2934
4645 1851
1645 8964
194 1062
7107 9462
3980 4360
9810 616
7511 7143
3751 8282
7619 4768
3683 9603
4828 9153
4934 4767
8496 7740
705 8553
1531 4775
5832 2371
60 5717
9896 1909
8626 4394
569 3452
7250 4389
486 5098
4062 3011
6303 9997
6166 4366
1588 2830
6695 1324
2385 9036
2131 6052
9918 9976
3088 2885
4735 9178
4030 917
8617 4561
1725 3663
6755 4357
3701 7916
8874 3784
2421 8545
1376 6254
7305 6179
3437 2121
2212 310
3294 291
6199 3686
3096 5705
3361 2514
2594 2164
3090 2985
7823 892
5863 389
9595 621
8665 1965
5625 9229
9612 8140
2374 439
3150 1715
2575 4851
477 8034
1721 1623
1161 7008
1764 2251
4984 7088
5155 5433
6610 4287
5029 8783
1148 7301
8936 3467
7903 7835
9825 801
2827 6908
658 5936
8800 9182
4120 8409
5616 8439
7320 8399
2887 6809
441 7522
3658 2773
2830 1733
3954 588
5556 173
6247 7916
9529 1760
9962 7420
8916 3918
7201 8675
6495 6134
6717 5125
4406 845
8081 8278
8884 2305
222 7242
6274 3600
9304 4927
3307 7310
9417 5803
6163 5163
9149 5429
4888 1770
7321 232
6984 5658
3360 9143
7610 3599
5737 3144
603 5471
9562 8737
8501 6452
9980 4889
5869 3469
2303 6427
125 7978
2429 9297
2574 138
2557 517
4528 5407
942 146
1057 9955
1487 2194
5720 3715
5766 5000
686 1406
9598 931
2794 6693
7015 137
5124 4719
3851 6413
3666 8216
1936 9080
7633 3082
84 7197
2043 2511
8130 5583
9225 3427
9042 2572
1459 2973
7892 2536
5797 9752
8398 6780
1876 9586
183 9566
8459 6368
4209 1416
5786 8066
3992 7908
8171 5629
345 7375
7160 97
5386 1656
1142 4084
4971 5789
7270 3707
7876 9795
8992 1285
1753 5632
6439 7793
4469 6538
5951 9914
4174 8744
639 681
6724 3940
3257 5691
1412 8299
6130 3997
9940 6676
1604 6889
9737 7254
4341 943
3487 2167
9169 8677
7067 1181
4938 6090
3492 1984
1758 8874
4879 7578
1534 6953
9676 7850
1343 6112
7019 6611
6289 3135
8641 1228
8281 7364
1558 2010
8415 1056
788 998
9666 7557
5985 4009
7319 7007
4625 9902
121 2129
1739 4343
7252 6909
522 2666
3000 9921
2913 9245
9828 1554
8403 7346
7456 3864
8637 1304
4763 2018
4413 5070
7092 2622
3370 1926
7392 1567
5112 6297
4009 8757
9490 1230
9881 3584
8172 912
7554 1295
4582 5293
175 1025
7295 5311
1814 6300
8755 9350
2207 9606
6345 4828
9175 299
8371 3153
2722 6741
9651 3579
3433 815
4164 5132
3847 4842
3489 8603
5630 3714
1369 1904
5831 4088
7123 1156
3322 7249
5302 2192
688 569
2991 1790
2842 9666
3583 5967
2844 9031
8997 8566
5771 7192
6928 6912
2642 3867
8461 5808
9643 904
5780 8541
1900 328
1013 494
8162 708
1231 1676
5728 8331
1313 1028
2592 2743
51 5330
4643 6979
4692 8192
3657 892
2218 6881
6540 8255
3034 8086
9246 6294
8648 6062
5881 6619
6762 6810
1549 419
1974 2166
5503 863
1860 2271
1231 9488
86 5665
6919 996
4576 7115
8895 5039
6544 8533
7949 990
7203 3441
3831 5138
1207 1914
7047 6481
2660 8256
4036 9807
591 1558
7523 1021
1739 5426
3814 3095
6673 8568
6746 7270
7742 1284
475 1153
7453 6343
7982 324
7748 9386
3765 1656
4549 2416
7409 1988
9659 4378
4365 8525
8686 2532
3582 1861
4658 4990
5957 4212
3194 3831
2610 4094
8142 556
3225 4321
5249 9343
4525 6629
4707 6691
1233 3013
9311 1882
4806 3710
1361 6060
1836 5044
256 6725
7702 8702
6771 3395
6543 4967
9459 3578
4765 4450
9742 1994
7409 4156
1648 1579
4577 4168
1509 717
8885 2
9284 4171
851 9889
8489 5356
7953 8694
2183 1327
3171 7106
3406 2905
8137 4146
9399 1905
8653 5322
9308 2240
4233 1434
1715 2723
1123 8884
9898 7464
2551 4050
1705 9408
2510 2442
4913 60
5031 5775
6872 1518
7851 6632
5726 8761
251 9472
3642 9694
6028 5580
1617 3264
7965 8334
6847 7206
1167 4916
5873 7164
5409 631
2431 2399
634 2481
7871 3014
5912 9192
8598 9405
3366 2259
8599 9234
8360 6664
2382 7994
8897 342
3854 9615
9674 2777
8178 7116
9161 9871
7191 7078
667 4507
2856 7358
8666 450
2222 2217
3301 558
6665 6309
8122 8711
146 4678
8987 1457
7824 7728
6855 9505
660 2531
3184 5780
5680 8591
7473 5362
9090 8418
1083 1496
3292 6733
5210 8341
1179 1522
745 1927
6456 6173
6153 6829
6840 4387
4999 2039
8320 3711
9395 2196
4905 8106
6743 3788
5943 2466
3434 6815
4864 6019
3220 7024
9527 9477
2671 7398
5948 3811
4509 8275
1921 8461
3372 6816
2184 7409
6594 3868
4348 7770
3141 3587
1286 6394
2126 3528
6079 3758
4513 125
8100 8620
874 1900
8119 3450
3088 1248
9782 8922
9006 6666
1157 449
3529 7858
7931 4857
3454 5392
2305 2867
2670 7844
8754 7580
2567 9795
1421 1083
8419 10000
85 9030
4252 3583
7516 3092
691 3976
1474 1113
8015 6865
7366 6160
7871 3440
784 5800
5060 166
3100 7301
7609 4270
1857 5410
8293 3822
9187 7363
4492 6247
6728 5181
1422 3880
905 8810
6376 2937
6485 7084
4472 7040
540 665
5142 4268
3621 3168
2427 9464
1402 9273
952 342
6459 4911
6448 5113
6985 3362
4814 5502
5687 7330
6862 7855
4827 6700
5807 6838
3391 9468
9721 5396
7080 6712
2124 5577
4068 6454
3314 3087
6629 6423
6679 6836
540 9534
8932 563
2289 2301
6695 1858
2156 7348
511 7384
9054 5599
8529 4889
6904 3703
3325 9395
1074 8510
4555 5997
6806 6966
9227 6822
7816 1334
1537 7477
9973 5315
9786 4799
529 8141
5094 8521
6642 4856
7679 33
5742 2447
5519 3650
4032 6716
4844 1913
5524 9032
8352 3707
798 2911
4020 6809
455 3364
7007 8606
6582 2946
1373 8852
5761 4173
2472 6195
5723 7482
6575 8023
1998 7322
8273 9754
2042 1638
5474 5329
138 6189
3212 5501
2385 4976
890 8943
4475 2192
3940 9237
7554 7554
8752 2185
9242 3561
8768 467
9919 5901
7833 4100
2817 2858
657 594
7060 1315
9075 662
203 4158
1488 6707
5344 5821
367 1152
7750 3233
7230 827
4839 6352
7152 2739
3919 6670
990 2145
9364 7937
6596 9188
6325 9856
1723 5143
9660 9754
6860 495
2678 4512
6632 8213
7844 4257
4826 7637
6342 7606
2379 9823
3509 4985
544 387
645 5821
3954 9227
6881 6218
3366 5670
3664 3551
7746 5807
1460 4698
1306 4928
732 5500
7202 8020
5675 9610
5188 5072
9957 9293
7418 8400
809 3840
1307 1495
3052 4014
126 6182
4611 8303
9183 5346
2634 8132
7624 4342
3624 3374
1696 618
2033 6340
3057 3745
4925 1666
2995 3852
774 6445
8007 1825
7456 1255
64 7729
4354 8466
5013 3327
9311 2911
4320 8807
9690 7267
6203 1226
9887 1077
1269 3973
4145 5264
2308 6862
9189 9795
8947 865
703 6688
5654 6090
8712 9990
1363 4304
1352 5563
4111 4158
4793 9253
7848 746
8226 9335
9299 6858
3594 1014
6831 1257
2188 4288
5317 9906
3538 7644
8652 1858
2661 3755
9400 1037
991 3387
9534 610
5452 4538
3704 5770
8003 9363
6342 9313
3948 7842
650 9888
9505 4954
6206 8406
8515 9642
7567 9769
2216 5560
4332 4917
8036 7559
6972 6040
6417 4699
1130 7993
2927 2717
8405 2140
8832 5718
9007 5957
4549 7311
7354 452
7785 2327
1670 4524
6903 1292
4498 8203
6522 4304
4854 3109
4280 2457
3955 8148
7650 9130
9891 1117
5817 8359
522 5680
3633 4931
1059 124
3344 6744
6433 3671
4333 3660
3981 4051
287 776
7407 2404
6995 5775
6906 4386
3030 8999
2154 536
3011 3813
8683 1759
8518 8987
2200 222
6287 4705
1842 4728
1440 6100
9609 3554
7262 2131
4559 5885
3810 8951
2832 5813
8473 7438
9089 1765
7609 3312
8621 7691
6302 5514
2057 9360
3263 957
6676 8539
2745 2736
772 8650
7543 8291
6719 9574
6437 1985
4031 48
7276 1013
7802 6642
6576 8688
9044 2727
5700 6895
5791 534
6746 5519
5939 7473
3993 3733
8035 1841
2989 6423
2495 7457
8581 1129
6892 5083
6669 7973
2799 1529
6260 3207
8297 4397
9180 882
1084 5084
6906 2367
7368 35
8798 2058
488 7548
4052 5890
9874 5156
5599 1383
6859 6889
8885 5205
7604 148
5427 899
1147 4414
2767 809
6483 5588
3375 7985
6354 7669
2191 7737
288 550
8302 4230
4903 2323
7744 3453
3167 1488
2887 7821
7363 4684
2970 7019
8487 3736
2824 5476
3047 3888
4522 1628
3608 9487
2171 8685
8691 2313
7869 6278
4990 6378
9678 8559
7597 1219
1692 4557
9948 5270
2534 9982
1828 8807
7039 5999
4877 2469
6927 4876
1692 5937
3716 1082
4296 4482
9918 4418
7223 3659
1686 4527
1461 5066
5124 3222
3161 2849
4383 7179
593 9389
3573 1859
6889 6564
6995 2742
6877 4798
2695 9422
1798 5273
3120 7924
4654 5796
5189 849
6061 7754
8091 3306
4423 4910
106 4308
1373 8113
613 6482
4205 8399
8805 9797
9127 16
3573 3696
9663 7331
77 3462
2609 226
4599 6787
9836 7737
6252 5289
5697 8557
3394 5185
3356 1521
656 6587
6294 1729
179 8990
532 6202
6019 2471
8414 550
5595 8461
3317 2361
8604 4010
1771 6854
4485 2510
1009 9617
5861 6455
5344 338
1628 5087
4636 9653
1378 426
7629 8944
4394 5046
3122 5762
3354 2452
8962 4831
9287 4121
4351 6854
5155 2941
9009 3288
8664 8890
9002 9174
4461 2475
1352 2120
539 2731
2164 9667
254 4029
8396 6992
5002 5993
884 4542
8847 2007
9985 3499
4260 3180
4020 4851
1909 5154
3240 5054
9759 3717
9641 13
2244 3579
3988 68
8905 111
6270 775
6551 8480
9775 5255
229 2834
540 1929
9598 7561
7323 3348
5194 3008
3037 8026
3711 9968
7313 6456
6674 6230
2965 1474
7644 1512
4804 7822
2745 2082
2276 5011
9249 4329
6519 7830
6343 1249
7220 7648
7095 8016
7946 80
6236 1984
5394 3145
6868 3950
4162 5975
343 6707
3891 4567
22 5176
7057 1454
3213 4394
2523 3146
8057 7435
1617 3222
8021 8293
4113 5299
7776 7017
7693 7580
178 4820
8536 6169
7937 2721
953 5096
911 4620
4718 3825
1642 6328
7959 8136
9251 5642
7205 3859
8778 4891
4007 3375
2459 9218
9213 707
7853 603
2392 2242
5098 3876
7003 5645
558 5782
6664 5836
9635 9639
1189 8688
7025 9012
7366 1703
8594 4308
3772 8478
2239 7893
6914 8630
2590 451
5127 9459
2635 9165
996 5046
6232 3784
3338 9017
7833 8110
2935 8571
6844 6063
3953 5140
5914 4373
1057 8580
6680 8224
4054 8202
595 7074
3934 1020
6140 4702
8452 4264
6040 3923
1762 3806
7584 3553
1188 4540
3475 180
3684 151
4135 7360
3453 1106
9658 597
2123 9775
2443 6178
6722 4180
3228 5242
5841 1590
1623 8694
1583 4237
1682 42
1894 2134
3522 9539
7258 3017
7524 6882
4913 9912
9071 5768
9941 3655
5526 5536
546 2384
2047 4424
2483 9689
2392 1813
9741 2617
7844 1837
4138 8795
5729 2296
616 5476
9750 1222
2237 6914
5595 3070
370 8290
6986 7103
9105 9492
5 239
2873 5476
2357 2672
1816 8452
4931 7419
2570 5512
6673 1730
6052 4709
2559 5324
7784 5232
7306 4948
738 5696
2361 518
834 2601
2558 7440
7980 4401
8719 8736
3840 1503
1222 2111
1220 3588
8389 6038
5078 1904
3236 9808
1278 8397
530 4622
499 1331
4543 2461
2091 5914
6923 8931
2546 640
5647 510
8392 387
144 7378
6408 2439
4139 494
3080 6789
7929 416
535 9335
5795 4649
6185 9408
5881 568
4555 4103
3051 9235
3500 262
362 373
1181 5796
5932 2742
713 6716
7303 932
7170 3474
1248 475
8001 8032
5874 8381
6646 1719
3095 1803
2398 5208
6048 6926
1374 7395
7877 7522
9782 6832
7670 5489
2241 7290
6938 4388
361 791
6275 472
2038 8740
8605 8350
7983 9162
5760 4645
4938 377
9222 366
4487 2837
3193 4757
2506 6545
8943 431
2885 3686
1818 2859
562 5835
5829 7853
271 5563
4880 8024
4503 823
7958 9200
2782 3384
1379 5293
8744 8869
98 1401
4165 7865
6669 6057
1426 6802
288 202
3333 1868
5857 6910
2086 7819
2485 5919
711 2141
3978 7511
2154 9062
4569 3853
6649 659
6772 1570
456 1286
6976 8772
3208 792
4240 7353
4460 6815
9511 5681
4280 1664
3235 5020
8704 9607
180 528
1713 9604
2919 2889
6726 7371
4369 5158
4491 8401
6727 7595
6441 2736
2871 1614
8420 4784
3669 7818
1007 3890
8377 3766
3510 3950
3260 377
6060 1980
1088 2008
8068 1474
4921 3034
4321 326
7491 2874
1501 3604
6606 4849
555 3828
1636 833
6413 8308
8845 9276
5806 3628
8031 1636
5880 6167
9512 6523
9180 1239
8610 5288
405 6886
3206 3888
6458 1435
5559 253
3760 7368
2940 1794
2128 8248
887 8295
8082 717
7956 5871
4964 7372
3161 3679
4997 1218
188 3277
3952 7741
3173 5937
9722 3649
3520 7902
734 4471
6623 4389
5785 9811
5236 7077
8436 7768
1581 7916
6250 2178
474 6184
2092 8656
1169 1330
9048 3983
1618 6369
9717 8375
7357 9956
594 1323
6599 5230
4275 3235
9197 8758
7594 7840
5789 9312
9835 3050
8878 665
8142 977
7251 6829
9565 4613
1145 1107
4991 8711
5992 5182
6856 785
5873 7613
9335 5953
9342 1178
9095 1891
6644 3481
4591 4833
7062 6536
5026 4401
1130 2049
1406 5338
9235 6391
9238 850
4110 3379
7647 1958
7743 3768
1959 129
100 7909
5735 9461
4378 4797
3305 518
1416 4012
1753 5244
6016 9597
115 7114
720 7099
2228 1680
9174 423
3178 2162
664 3623
1995 5734
8459 3462
8305 3400
6734 5673
3341 7889
632 3400
3760 5981
4608 1093
6627 821
9191 3975
5764 4003
1147 177
3597 5985
6656 9493
1611 329
9075 1814
4969 7033
8565 8370
961 4059
8371 6355
346 5287
2528 6996
9790 8937
2591 7009
636 7369
892 8948
464 4182
1766 1710
1624 9032
8170 5980
8703 6489
776 9976
6231 758
1642 515
5503 9375
4048 5056
7490 8443
8268 9312
3639 2679
6714 1929
3064 1274
1654 8022
8474 2570
9889 4162
1788 4335
4281 712
8140 8663
1371 8563
7086 2550
7069 9493
5743 1590
8198 3261
8396 1532
18 3359
7335 9199
8999 3646
8822 2968
9447 3007
6516 4316
3181 3086
7662 4686
807 6462
3692 5205
5660 4294
1218 4826
9773 9296
5888 9466
7128 6587
6515 8779
5506 8030
360 3786
7656 5594
841 527
8738 6612
5519 4195
1581 4760
5516 7669
9564 2444
8078 7855
8936 9808
8624 4147
1958 6476
9636 6399
5011 6362
9656 9384
350 7343
5865 874
9480 3378
1744 7421
8939 594
3551 4169
5621 1337
2020 3570
3584 9573
1481 1455
2441 919
5050 8283
4500 2496
9165 3643
5967 2722
6687 749
9374 2767
8620 2043
1828 7546
8887 5258
7724 4920
2780 736
726 2786
3376 7368
1375 5039
3483 691
7896 1822
6683 5270
8485 4029
4558 8192
7966 6576
4372 6997
4058 6314
9060 66
3420 3769
5711 6633
9139 2691
8921 6793
8614 3483
4660 6165
6668 4903
2536 3584
7577 3456
561 8994
8946 1198
3230 5968
6975 8545
3497 4749
1778 818
2705 7282
142 5700
2123 8584
6506 7022
3740 9509
9592 4186
149 9073
9007 3630
1564 8923
5194 3964
1995 6988
4837 3094
7582 5298
515 6493
8829 2690
670 3301
5463 8623
9906 7722
4115 1358
8239 9077
5191 7049
856 7495
2129 3980
161 9841
585 4424
6429 522
2208 8275
1207 8561
4325 3380
7224 7805
37 2397
1120 2541
3918 4266
5535 1813
338 9050
3745 1965
3884 6813
217 6988
8703 1758
6868 1369
4901 9569
560 4681
4696 3229
6638 8961
8489 3167
3450 3978
2731 3975
5456 7218
8983 9343
1158 6110
210 8007
600 6334
9197 2637
9844 2423
5520 4106
5839 8537
99 6661
9017 4761
4924 290
2171 1091
9450 9735
5624 167
5520 4408
24 2229
1307 3739
2468 4262
1728 2803
7647 8783
9590 8847
6253 3366
7314 8971
4086 6555
3919 8951
8876 2806
8158 9785
6394 4648
3618 9899
741 6722
8800 3490
2614 6352
1684 4209
5015 5274
8000 8566
431 2643
4851 3614
3530 7729
3873 951
6335 3080
9295 559
5389 8597
2897 9987
4972 9492
4405 164
6709 3675
6124 3623
7643 5643
3517 8
4631 8800
7651 2622
8219 2370
403 7960
4995 8436
8293 8812
4927 1178
6662 5038
9737 8428
2532 9162
2694 6707
9861 5124
3453 5875
1903 696
2499 8644
3501 8505
1252 595
5763 2929
4876 1678
8650 4574
8506 1328
6520 7374
811 4099
4520 2
2774 8759
5503 875
5929 5406
5684 1971
2397 4347
8361 7584
5954 4854
6455 1026
1765 2493
991 6651
2962 221
3310 9357
9418 4711
3389 6184
2593 177
9028 2548
9731 9117
1625 992
7567 3800
6665 8007
6931 2186
4234 4992
2793 8832
116 3904
2085 4561
5713 1876
163 2066
2068 1982
5969 2693
4810 6261
2131 9212
1883 6557
9186 3776
9833 108
1110 870
3974 21
4063 1147
1762 8505
3554 8574
8738 1722
8208 9674
3143 7776
4104 5169
1817 761
8768 7598
8075 699
7897 4414
1166 6179
9207 8102
6799 6116
6632 8030
883 9943
1297 5121
3895 3263
9909 392
2607 7119
52 6506
597 1005
9365 5477
5599 8274
2608 1943
510 124
9814 9982
7264 9459
8772 1567
8321 2941
6500 1274
4959 8465
5377 7714
2372 9864
433 5264
9036 522
7792 9304
7016 2631
6723 5360
6124 3040
1596 971
7533 8132
6029 9019
2840 6342
4020 2724
587 3168
6028 4423
4217 6704
8378 5665
5343 8706
6073 9526
2437 6857
1656 6125
8089 1058
1034 8669
4748 4445
872 7500
6685 9826
5879 7261
6153 6679
3402 905
2576 9895
9308 5208
6436 4266
2012 6413
5739 9130
1056 8741
7121 9838
3515 8204
4513 9219
1611 9687
9679 8962
4275 4980
9215 5997
2304 9292
8307 9588
100 6249
3987 5298
3569 221
2378 2189
4676 1671
912 4857
1225 9430
69 5255
9722 6216
8640 1582
1658 6275
151 1428
4645 7353
4332 4791
8308 813
8092 5356
8337 2902
3254 4615
3041 4790
4179 4613
623 6728
645 8551
6194 9512
6081 7608
8871 1460
4099 6687
3042 5383
933 9758
9631 1696
6233 3748
2321 418
8864 4116
3924 3435
2144 2880
8217 9352
7649 9534
8590 3888
8670 7748
6547 7252
4577 2231
4707 8721
4726 5737
4651 4986
127 3784
1208 2722
1650 6634
2762 9755
4496 1540
729 8914
3412 1022
4368 6081
1568 7232
1153 1426
9714 8590
746 3750
6314 8750
5513 2864
2100 5411
4857 6244
607 1370
4608 3486
8906 8742
3441 3932
7391 2196
3288 2026
6934 2733
419 4365
8584 1905
540 8082
3429 3572
810 9767
9607 8292
2726 6794
3874 9109
7888 6587
4142 4352
4520 1986
9247 4999
2634 9626
9906 2065
1252 5862
5568 8512
5057 4849
8059 3510
123 6777
5960 4797
7129 5732
5497 8591
9328 7127
5380 8201
4019 8003
806 5228
5393 1038
7302 5905
9390 6943
8275 1817
7562 1345
6353 8494
7667 1931
3378 457
2120 6544
3272 8
9211 9613
1116 199
1104 7778
6008 9361
63 226
1123 5120
2553 7263
4665 921
3933 2173
4050 6522
9753 4885
4767 4122
7238 3303
2454 8843
7407 5365
1006 1431
596 6652
3530 2903
5458 7265
6948 3858
4087 8605
6577 9546
7197 5072
9702 4596
2898 1560
5087 6410
6467 8618
8101 4328
2506 5209
4176 928
1709 4360
2876 6210
4850 5925
7819 6370
796 6830
3541 844
7519 3664
8776 2916
1452 5641
1941 5720
3345 1284
7764 2463
5771 6198
172 8424
1856 115
1393 9470
7546 1163
7219 7285
7906 8406
5664 9139
1239 351
3029 305
2154 1135
5601 4686
2715 67
122 9638
6213 2656
5481 8322
1994 3236
7455 9786
8436 1471
3626 2376
8 7697
8043 892
252 2845
2396 350
7285 6442
5966 3801
4670 664
895 9625
592 2010
7464 3506
6903 4909
4276 9983
7674 116
1188 4706
5228 5532
962 8662
5618 8076
8754 6865
9407 9206
2542 2944
6889 5157
4038 7205
389 4129
1780 3743
4032 3836
5475 3134
6837 1879
3667 3884
2831 6516
116 2510
5271 2439
4947 5037
9200 9603
1252 9542
8497 5106
2237 7277
3102 232
5646 2021
5002 6835
3053 4132
3683 3781
766 216
2325 6752
5804 5840
2716 3850
2380 4823
7802 4474
4982 2640
2316 5811
7663 8314
6784 5312
3326 8494
9033 1215
8896 484
7735 3941
3165 742
2802 6200
2309 7156
2667 2779
1224 3104
60 1678
3031 7741
8859 7110
6788 7584
3671 2186
2093 8094
8389 3054
6442 5917
8676 5621
5253 6076
589 1431
3921 8447
2934 798
1047 1111
1653 3122
5103 9066
6485 9585
4064 4175
8548 179
875 1846
336 6619
7521 9054
9629 2311
1161 7372
1620 5744
630 6275
25 8299
452 7690
1016 2669
4392 9001
2473 2016
8057 9148
1060 5495
8043 5604
7521 667
1159 9645
1533 1922
7147 4745
8765 5178
2660 6924
33 9535
4058 203
4224 5332
6819 8836
8400 2912
9066 1521
1294 4324
7406 6299
695 7622
9726 3170
4769 4722
5406 8113
6575 4247
6977 3501
7374 3501
3029 5065
1287 7431
7064 9850
5251 8499
9441 7415
2730 9957
7182 736
1260 1592
1770 4574
9983 4196
5692 9780
4633 2146
7136 577
3575 9725
2726 4735
9662 5547
5975 4412
3111 9195
9162 5495
1275 9219
1294 6162
7245 1749
2400 9288
9817 3455
3199 1370
6615 601
6958 7300
288 1608
4252 7533
7423 2062
639 4970
2891 8009
1126 5409
1770 2684
8180 3403
4214 1184
5031 2927
7004 3179
3166 1824
9390 7256
9253 5886
7601 3499
6612 7128
7010 2558
2339 4488
6477 7078
3755 5223
3110 438
9394 1332
4569 493
6047 5391
8533 6065
3850 1226
1740 2608
1877 8388
2811 2253
5695 6100
7902 190
4912 1691
6883 3334
6506 6003
4318 6411
9643 9210
121 6134
6533 2077
5859 169
3024 5870
3440 4834
8967 2188
3099 9574
9670 451
1836 5236
3903 4191
3390 1423
1132 5714
2436 9964
8735 1171
5358 3350
6517 1391
6829 1463
9987 1015
5202 4645
1449 1213
2999 8969
2888 9222
4680 5742
6511 1553
4656 3968
8767 7254
8655 1368
527 1426
8159 5692
4909 4232
6336 2495
1410 697
1964 9882
3678 149
1469 5530
6929 5522
4028 3591
3455 9895
7503 6873
4300 9692
7253 8535
4304 1936
9800 2413
8584 2705
7736 5383
2118 6896
3850 7501
9099 5565
9710 5623
2567 7561
3940 1559
6442 4696
1996 8970
5883 1083
8765 3497
8923 1222
1377 5740
4621 9182
1990 7885
656 291
2375 4868
5365 8990
1867 5407
6460 1684
1394 6002
4118 6894
1506 7610
6251 8369
1186 4644
3509 8151
7306 238
5806 4143
1126 6928
8916 3445
823 4536
7446 8
2325 5555
6663 2901
4656 1153
3038 4089
392 4445
8792 2477
1613 3064
6108 3172
9552 4036
2008 2088
3556 9195
3781 7633
3832 1350
1221 39
2978 4438
6763 3066
1574 6917
2077 5599
3199 9165
1749 5442
8476 4298
5783 9403
6291 7941
2665 1087
9660 1627
9797 3435
9268 7275
6698 4453
7178 3213
839 8703
9365 7050
6836 8073
7746 88
4622 4084
2106 1528
264 6224
8764 3381
6622 3587
9124 1002
9174 4451
5926 4940
3797 7770
1795 1086
8668 7498
7067 3217
6232 4941
4274 1553
7735 8838
3961 7771
989 2121
1802 203
1121 3508
8810 5804
3568 7545
8332 3171
9131 787
6790 5550
4507 8904
2463 7846
113 75
9837 4254
7102 5091
7554 7126
894 5314
8445 3172
1596 9880
6520 1332
2111 2626
2825 5984
2282 5553
9589 1011
6347 484
9547 5117
492 3070
7467 384
2416 9418
7011 6553
3343 8167
8122 7795
1038 5142
6853 7409
1639 3030
968 2623
7126 1866
8952 8144
732 9196
9854 6744
9301 5163
9758 2033
176 6223
2029 1180
2954 9546
904 4632
6096 9928
5371 6556
342 631
6861 7521
9852 322
5045 1184
7952 3632
8135 9934
5711 681
3591 8118
8955 3546
796 9750
3721 2902
356 4550
59 8933
6152 3778
1519 3736
4271 1532
8877 9091
8028 9826
9807 5407
1764 1238
1769 5941
3392 3840
9205 3136
9694 4827
4720 8589
3396 4151
8736 10000
4065 898
4812 4707
1901 7352
4435 7473
6531 2039
8745 9844
7935 767
4926 5199
8953 282
4675 9765
7298 7899
6944 5043
6295 8948
7798 3485
1541 8358
7345 8735
2159 9302
7273 8966
8212 7418
465 8334
6998 3123
8614 1821
6139 491
4513 8412
1044 5731
3227 7881
4742 3637
612 7664
7876 5461
7248 6175
4569 8527
9779 5604
6119 8526
1455 2538
4999 8255
7606 3686
6306 7381
925 4552
3523 6898
7036 716
4819 5651
9901 9242
5727 4600
9797 1059
8600 9254
9939 8386
9659 7053
915 391
7568 5677
3037 2813
509 3420
3795 6168
2722 6225
9522 3856
142 2969
3136 2156
4088 2726
8043 8216
8453 9256
5779 5770
1841 9647
3603 3672
1608 7995
7710 7522
5692 4143
8327 15
1754 7904
4124 4240
4118 3285
4255 3653
2068 3825
9438 8470
7233 9131
1723 734
5647 1646
3856 7348
2448 9248
2500 5586
9113 3824
3367 6516
9596 7575
3429 367
4523 5204
5919 7665
2366 389
3673 4542
2648 4842
5503 2013
8847 8798
1294 7686
7260 9528
1781 9511
2478 6795
8395 410
603 8637
502 5668
7238 7391
9836 7134
9101 1857
9904 8738
3833 9961
5890 3552
3383 8777
438 7154
7621 6843
4740 7187
8254 2770
4673 2847
648 5585
5374 5699
7453 7852
8352 6890
1778 786
6803 8331
2693 3727
5047 9124
8923 3711
6707 3197
8992 9296
2811 7481
9052 9956
5214 7402
6756 6821
9473 253
5279 676
1988 9055
9968 8120
8413 4292
5563 55
2333 8863
4606 4279
9911 7731
7126 1203
5189 3899
8892 7354
8730 889
2837 2499
3947 1035
9241 8015
6148 7835
1925 41
3124 3396
1270 3254
9423 4436
1077 280
2278 9983
8918 8546
9265 6184
4259 9699
312 9551
1018 9602
96 2565
712 7784
7615 5482
9652 7693
9413 222
8555 2574
8001 4931
4929 5541
9184 201
4207 389
2221 5960
5711 6103
3799 7049
4968 6081
5379 9074
7226 7786
1044 597
7270 7437
8841 9598
7691 2458
2663 3318
2538 6246
5704 2662
3069 2312
1241 5072
5007 2203
207 7408
1251 3136
2882 1026
8597 495
4093 4465
854 2970
6119 1561
3748 5700
3215 8288
7814 2866
8460 193
1109 7915
478 3080
6932 4512
5732 8651
9690 9080
6021 6980
1144 9242
2322 4834
720 9899
5732 9785
2685 2230
3440 2673
1842 3003
6406 4640
3048 212
6067 548
4938 5127
4642 8841
8857 4612
258 4552
7038 6005
4808 4470
3542 16
4094 4945
6549 5766
4151 5581
9569 6672
6556 649
913 9095
4729 2495
1653 4505
3751 251
986 9777
1716 8141
836 5592
2290 8343
1962 5292
1175 8492
5186 9535
1458 8825
5816 6845
6685 2449
7967 2254
1111 6885
6446 2135
3775 9655
7154 797
2792 9475
6169 692
6997 7295
6034 2534
8835 4328
6745 8181
3595 3283
6801 4844
20 4076
6578 1573
133 4608
6182 2371
3047 3298
1360 64
1988 2458
9421 2268
6122 6130
7985 1625
4889 2517
5593 7626
9676 4836
903 1448
6927 7021
5923 319
1011 8908
705 611
8650 7844
2336 8283
4355 6160
4094 8440
2742 3214
562 5145
6521 5001
1756 6135
6471 5682
6289 3807
6538 1197
8544 9207
378 7433
3173 4282
9537 3141
2299 2309
4778 891
9753 4195
7483 5202
1599 5851
3662 2698
2318 5626
9031 1933
3446 8262
9454 8009
3858 5658
6267 633
2939 1969
2018 1162
6446 6447
9709 650
7585 634
14 5282
1514 9271
6068 3595
3888 947
3068 9519
5636 8106
3477 1483
4644 1978
7373 9001
4623 2403
4781 5635
2400 5021
5328 5990
3805 8850
4443 9833
3470 488
5565 8196
7971 4987
3549 9392
7339 8208
6262 7159
7757 3556
8509 5111
2942 1777
3559 4538
9830 2449
3238 5559
6029 6156
2524 8630
2523 7565
7483 7032
1655 6657
5157 8116
9489 8905
4322 2693
2993 7065
7283 5911
9548 1114
1980 3315
8989 3411
5290 7403
3367 1497
5381 19
4491 8036
8424 1974
87 8574
9543 88
2130 575
5563 907
5771 2059
4337 6274
6173 4333
8992 6702
4773 4206
8144 843
8935 8445
5065 3151
2698 3895
9030 3113
3911 9300
6553 5169
2789 9183
890 9283
7935 2454
619 5755
7074 3104
2915 7299
1843 3597
1348 8706
7895 7280
7925 7071
8180 3280
3835 4568
9322 4390
5033 6695
7764 7781
9049 3286
584 6685
6157 1438
3256 6400
1743 7258
6032 8206
6782 340
8242 9436
1841 9486
1998 8334
512 3559
5248 6356
2417 4965
4776 8179
8548 4875
7597 7463
4794 7543
559 4084
5976 1971
9530 2372
6062 366
385 6867
1234 4438
8830 6635
7444 5046
8543 5238
7455 5972
4927 5388
3794 4041
2414 5308
3797 8054
3482 3812
801 9409
5490 4676
8066 8070
3719 3361
7835 1810
1491 4891
7300 9839
3585 2948
8883 2721
8605 7578
9183 2141
4730 4349
5443 7760
9623 271
4931 799
5043 7878
6022 5872
2922 38
6898 377
2909 1482
1161 5573
6103 1920
1365 1121
7107 4236
2264 4235
83 5684
9945 9014
6462 6094
2995 964
4664 8861
7955 9317
7882 1976
163 3209
4174 9682
5705 8638
4591 3786
7916 7204
9320 1638
114 3881
4508 8495
4745 5836
9170 8140
7367 7209
1610 9662
7898 5100
150 475
3590 1922
3166 1112
9150 627
3223 1345
3702 2001
9483 2437
3608 9438
1568 7907
2374 3382
6226 2721
4441 4112
9578 9878
8434 6243
6350 2596
8120 4559
6375 4457
8162 4629
9673 9163
452 7958
6908 5266
1011 2554
2973 5112
9718 1725
1867 1611
1148 4961
9337 3747
4668 1112
7119 428
8613 2187
2364 4267
6200 2495
5498 8797
1609 7816
6711 2337
7630 666
8190 1147
4993 7079
9299 7340
5234 4276
4602 296
8691 561
6040 7878
5247 3501
6896 5543
3240 432
6789 7185
1211 9625
448 2225
4326 4344
1995 9903
8490 8828
8286 6918
5736 5231
4996 3120
5791 5948
1335 4474
9254 6741
2001 2620
7308 6039
5621 2576
53 3683
6950 2748
868 3760
7891 8453
9495 7568
4521 7771
1476 611
513 2116
9063 4693
5387 6632
9794 5444
8812 3176
4697 360
8091 3424
742 2126
2789 2045
6258 4591
9150 3826
893 4999
5832 4616
2311 4181
4799 4247
7001 1452
2230 5295
5446 3018
3578 5765
5901 7937
7998 9677
5451 4587
571 9441
6601 9147
1366 893
2131 6476
8348 1242
3976 7667
7843 5488
8308 4473
9645 9089
4041 8410
6109 5245
6398 4277
3896 2828
2363 4813
4804 3553
2943 6386
182 8222
1327 986
2926 9110
7892 8897
9856 3852
6155 4425
3649 5008
655 1882
5263 5660
2244 4482
2251 5725
3893 7146
2527 7072
4538 9602
21 9106
8097 1706
7345 6835
2123 158
5397 2334
65 2209
1416 8785
9993 8445
3149 1448
5331 2788
5471 3939
1898 59
1777 803
9767 3708
5832 49
4725 5643
7054 2154
2264 7065
949 1757
5824 6131
1795 598
5164 1909
1446 4084
3716 6832
2057 4283
6863 8863
7416 9542
8875 8830
5406 9300
9687 3702
8976 3826
2368 237
3543 262
2052 1774
8489 397
9970 2018
1697 9513
2857 6682
8816 4431
8866 5124
7053 3546
9025 1582
8659 281
1934 4370
1575 2659
8082 1944
8891 5126
2840 1795
6497 493
3466 5323
4092 9021
890 7720
2702 1824
8008 127
4937 6219
8530 3575
851 8394
4464 4253
9854 4392
7213 6919
9691 9711
7690 8189
873 5985
5130 3918
8781 3202
8951 2930
4118 986
9999 7651
7870 2687
8450 2187
6107 3454
7752 5316
7742 2018
5980 7605
3931 6641
2006 6988
3638 4297
8066 6531
8968 2097
371 2821
3103 588
7569 361
2596 4969
6888 1811
1778 5432
8427 265
7430 6663
8742 463
2748 2688
1400 3910
9166 4490
4463 1141
7076 3200
211 579
2796 5139
5099 9879
9122 1932
8224 4074
8060 7034
7186 4730
7786 363
2255 1737
5276 8820
7436 1436
5664 9963
2399 4925
7151 7472
6525 1675
1060 3738
6459 5941
3593 6335
9870 3267
726 2134
2191 1237
1316 3930
6226 9710
8888 1125
3447 9886
7521 3349
5492 2503
871 1677
4217 6392
6737 2160
7149 5224
5261 5425
6645 2785
709 1396
4848 299
9110 5454
9875 727
7693 5676
9107 5031
5000 6209
7816 2409
9970 4212
9719 5032
2186 6027
1687 1797
7455 8315
3927 7241
5906 945
1909 520
5468 7156
9253 4904
8749 6166
7397 988
2884 6803
9188 6985
1099 2215
5896 5809
2939 6224
6940 3668
3134 2034
8372 9197
1971 1869
8224 103
1395 3727
931 2047
9736 9887
9622 6522
4820 201
4724 4284
7460 9250
2413 7773
9142 6306
7510 8217
6391 7236
8642 8089
839 2099
3290 8956
216 6497
2027 3046
9844 9226
6280 3804
7041 6996
8835 1156
8344 1791
9672 6948
8235 5038
6005 7419
5076 4424
6102 9248
5643 9676
8256 1491
2586 914
2839 848
3128 5562
5947 5126
6235 2864
6618 3249
3326 7897
6382 5308
6391 9270
3247 9677
9500 7172
170 2183
7529 1183
3639 2747
6314 6202
3384 4422
7853 340
8881 937
6227 3743
9021 4464
547 9193
4627 4114
7725 8853
6984 3170
6553 8730
3336 4664
9428 8692
9115 7206
4155 7893
3167 9317
4554 8055
6826 6100
4026 1881
3815 5462
8255 2527
6631 9742
1530 7798
8929 4213
6198 2720
4839 9335
8679 1512
1982 8770
1188 8858
7007 8514
9331 7739
3631 3425
8036 4695
9367 8038
7387 2600
5514 5970
8812 7781
4005 729
9246 132
352 8289
7437 7237
5519 386
9322 689
8740 3006
2020 6922
6275 3502
9775 5206
7127 867
2890 8965
7559 8010
9543 5758
8827 9449
8144 3977
8842 5938
1786 7467
832 6138
7088 9129
3076 6493
2520 1081
5175 8549
6547 8903
9577 3412
9589 9957
6061 1732
9567 1681
8888 6843
1544 2136
6738 3459
1880 4943
3515 1156
174 1590
552 8324
6143 8222
8442 9536
1387 1241
465 439
9342 8220
9675 1229
9013 5583
3223 2704
74 9901
2295 921
3008 3902
5808 7712
8927 6067
205 3278
3151 7702
339 7145
3880 2231
854 3762
784 7731
6918 2300
9285 7606
6421 5347
7753 9258
8318 5679
2527 767
8233 9275
621 1503
6511 1737
4023 3218
9044 4957
9102 4209
6652 8495
185 4665
6918 6757
1464 2767
529 2285
5025 1920
4119 7445
4267 2764
7919 7401
4208 2898
2539 6685
9913 9108
2667 5657
1805 3647
8842 2737
8931 9550
5072 572
7287 4663
3937 4783
1366 4684
2734 1239
9881 2513
1669 7686
375 6412
7004 502
5540 3596
6669 5407
4147 8893
7454 8140
9921 266
7928 722
311 7738
626 6782
5019 1926
4451 9549
4367 6622
2730 4216
5088 9227
9184 1379
9139 8611
5674 7436
4663 1678
1173 2175
217 5691
3115 4502
9430 6424
3815 6439
4452 9605
2793 3612
4072 414
8596 9493
5223 8122
3227 7348
6327 3909
7793 5856
9295 4964
1532 9532
5784 2597
9142 5660
390 2272
1461 4439
1858 745
7610 3095
7518 2709
1885 4008
6044 1807
7998 9642
2843 9239
7792 4314
8703 7632
481 4363
4357 6833
3230 5022
2228 7726
9711 2060
4068 2533
3361 6917
9259 9767
3801 7708
8378 9811
6681 7210
4531 6888
5688 6647
4300 9469
67 6182
7154 7454
3838 8022
8035 8785
5546 1999
525 7484
2121 9715
2240 9287
2553 3615
4071 5438
8403 9062
2610 8957
3378 6865
9864 6678
980 3869
6037 636
7094 1387
5009 3180
2236 2497
3525 5380
9819 795
8702 3742
8066 5861
7435 4494
8402 9791
8123 9061
9871 5853
7349 8164
2338 3774
7160 4449
5737 6089
5080 853
8588 8387
8534 4982
3529 3041
5897 9313
9417 1815
5251 8645
9771 5517
8163 211
7619 9283
7456 2664
2598 138
8305 3871
9205 4924
4912 1548
952 7051
8086 7243
8917 17
879 1578
786 3649
2150 5038
4776 6942
813 3071
2464 3602
1909 844
5703 8525
7971 5275
8780 9477
558 854
3383 8759
477 1623
8192 3477
3257 9022
9190 9042
3707 2639
5392 6149
7143 9110
1320 4228
1804 7617
2550 7737
5578 6091
2377 1467
7053 9756
78 5687
4707 9691
7079 7453
5299 3926
6495 9917
193 4346
4395 5991
9185 5485
5521 4812
3980 5893
6556 8732
4996 5702
5496 7795
9228 941
5552 9769
6336 3643
6867 9668
1473 7628
7681 2679
3069 2743
1599 6883
4814 2034
8761 7988
4440 5402
128 6132
2658 252
6811 8456
7010 4419
213 638
7875 7103
2680 5541
6676 1008
6664 7798
4168 6777
4424 3031
1225 6203
9343 1621
9657 5816
7141 6253
5838 4053
9356 9097
5166 5771
6030 4835
1264 3423
6801 8412
2298 5629
3070 4006
7573 4973
6379 6227
9397 7389
2677 5831
1845 2035
3466 695
9895 4836
1617 3680
1237 3986
4141 9769
706 1942
2724 5331
7545 3591
4094 3993
7778 9199
3653 9768
278 6729
9569 2093
4495 75
7918 6865
3032 5496
2031 4676
709 8511
1488 2245
3649 8178
724 6446
7909 2431
7168 6916
9098 58
7510 9764
3175 6422
246 2102
7373 5141
2535 666
4842 5100
1097 5360
4802 6142
2051 3028
8491 6750
6200 3362
1066 5077
7710 1959
1942 4005
6633 8758
1040 8519
2525 8364
7643 1409
9668 370
7325 2083
752 6959
3885 1170
3342 7622
3723 9116
4462 32
1628 1817
604 425
5214 1271
3 9162
9022 6823
7127 7246
2181 7462
2209 3287
911 6374
340 8510
1889 9891
3917 2051
3248 9140
9034 9498
2899 4356
9377 7239
4363 5526
109 2881
476 8575
9025 7016
762 6905
5339 3863
6198 3832
8288 3069
6730 5207
3235 4068
2173 5596
7345 1733
6054 8747
6511 4095
820 4643
9639 6528
3264 7280
9056 5047
2652 356
3401 6177
1062 4164
6492 1622
7198 3703
1093 6487
4747 6961
7751 4696
7694 952
9881 4058
9919 2009
2130 6267
4646 6150
1920 4475
8256 3761
9944 2140
2608 283
3834 6878
4239 8048
1065 7216
6202 6847
4335 8295
8435 9002
5463 653
2012 4204
2078 1755
5441 8012
1966 9049
2456 4808
9059 644
6721 3258
9773 4261
6847 1549
8679 4212
9992 1036
2768 7798
200 505
7443 2932
4711 4860
9126 8294
2071 9937
4903 148
7993 398
9212 2265
1697 2639
5711 5295
5797 6728
5332 1849
4160 6238
8804 4702
2497 6907
6037 4190
3110 2907
2071 7273
6366 4153
3306 9587
4223 5840
3936 4816
3025 3649
3691 1381
7270 5166
5041 8627
282 2693
5456 3421
7402 3615
720 717
2099 6209
9785 9154
8741 2885
8451 3799
9117 731
5685 444
6345 262
106 5550
5009 2658
2947 9202
4101 6758
5212 10
8954 7273
3857 5148
2320 1183
7780 4688
5144 3343
2949 729
9313 5528
9120 1882
3073 2257
7903 9942
176 1430
368 8613
4336 3237
8549 2006
428 7476
9111 7766
1459 9687
2948 8422
7414 3474
1863 2536
2702 8359
6464 1850
6508 5485
3964 9453
1327 707
367 453
698 1888
7032 8447
9700 9447
1544 4203
3928 7493
6583 5002
6009 342
908 1222
356 8050
3679 7878
1660 9838
2084 5805
4840 1444
8089 2176
2510 2988
6194 116
9554 3402
3968 1870
7058 6805
8343 8227
7848 3132
7263 1472
4057 3214
3068 401
6020 9801
2971 3125
3361 9314
1817 1553
8370 9576
6850 1977
9290 4053
2071 3391
1632 2591
6774 1588
1821 5737
3560 5775
4278 8253
1771 8992
6498 5915
8758 2549
433 6818
3331 5631
2151 1281
8786 820
8148 5208
4296 1471
4043 7648
2231 7897
8979 4370
7386 890
7866 5914
6061 5033
756 8655
3570 1789
9996 5384
8946 817
7739 688
532 3129
6084 8111
9374 5993
4145 1147
9234 9197
1204 8936
7019 1818
4928 8373
1785 8132
4035 9747
5581 3977
3053 3363
1434 9458
7484 7604
5583 8465
3760 6565
8434 8784
7867 8411
7540 3212
580 5130
500 844
4650 5271
2795 9407
1709 3909
6469 1925
1099 713
9965 5292
9173 786
7936 8339
2836 6679
5337 8406
6132 1499
5087 6439
4158 8387
7987 1722
5071 7265
2954 7364
5496 7838
5813 9336
2681 5570
7529 227
7780 2299
6016 2294
5501 5499
4188 734
8521 2381
7307 1970
7644 2948
5092 5630
6831 2935
2953 8582
2201 3819
67 4303
7787 5030
7923 2628
9245 1003
3752 2868
998 2674
7338 8939
9619 7894
6276 7008
6704 1753
3718 8826
636 8894
4579 2197
6697 2086
8545 9332
8509 2876
1172 4576
3849 3984
9656 6421
5226 7965
4071 7702
9809 2564
6623 138
2417 3259
153 3678
6121 2212
2758 7915
3111 5081
8063 7046
4878 5305
7794 9394
2800 8902
5974 7709
2640 3679
2861 7478
871 7751
2802 8525
8863 5702
7057 1769
7142 1018
9504 9830
935 2918
3259 4073
3780 9890
445 9580
8332 2545
5519 4644
7884 2624
7558 4190
7135 6518
2233 8241
8749 3005
3520 1988
7288 2522
1625 8991
1549 38
4359 5998
8560 6780
8627 4468
7337 4705
2000 3698
8527 7732
2219 3302
3971 8672
9921 1081
5222 3022
9107 8542
8411 9260
9775 6756
6908 1718
9668 9950
3002 3459
4659 1091
7490 7090
4314 1743
1378 5893
1833 3443
4846 709
3932 5813
5179 631
2202 895
6429 6385
2018 6308
4281 3341
6515 5577
6526 9594
1876 3096
7 3285
6358 1550
4456 4555
8007 4818
7952 6517
5442 9843
1575 6774
5222 6853
5313 407
4103 237
2098 6134
8147 7225
6400 1746
7046 6760
1440 3944
1442 5636
5278 2655
4267 3227
1570 453
7737 829
3296 9726
3208 2817
2635 1905
4725 1045
9846 7848
6045 3417
9879 4910
6257 1429
4820 9609
2245 1047
4515 6188
6628 4053
9518 5678
4919 2509
4137 9034
3046 3446
5618 3247
8058 4199
9459 9295
4247 4623
775 5165
8646 2963
3581 4540
3260 922
9842 5763
4545 8739
8948 5115
8236 4482
5722 421
9092 3851
3291 5967
901 512
4298 5451
6372 2904
3115 8853
2426 6233
6538 9214
6908 2946
8633 8357
1181 2671
1255 6451
8111 2988
9686 619
4841 2974
9653 7885
7622 6739
9963 2121
6992 1226
5209 8074
5160 9241
6314 5644
4202 6410
8940 9740
5148 5155
6428 267
7585 5251
6602 8289
3275 1217
6062 8835
2374 3136
8415 9075
4005 681
9655 4717
6861 5662
3237 4855
6548 5629
9976 2117
6330 7287
7272 5542
5140 2370
8200 6440
7607 5768
4550 3979
3923 9536
7146 3360
1412 8677
10000 5835
4578 9834
9125 8382
6237 9558
7121 3229
6820 9232
9978 6843
4796 4442
7250 3155
7643 2213
7305 8569
4802 2147
5311 1308
236 6773
27 6507
6896 4183
515 5496
8597 9906
5488 748
328 3610
9953 6446
7961 3665
1164 9051
3154 8213
2309 5450
2331 2854
4302 7324
2641 2215
597 6938
3723 6425
799 8225
740 8476
7521 9336
3022 4881
6416 3742
8723 1649
332 5289
1892 9006
9327 2535
572 7486
9139 8865
209 3764
9902 6358
8769 5358
5170 5449
2668 6943
179 5630
2968 1469
2917 3704
7276 7250
945 3930
295 783
2373 7077
8422 5459
9282 9078
3651 3432
3967 8354
9755 4669
7350 5885
2509 8354
8044 1311
8692 4556
7824 3438
95 5567
6598 7195
6396 1687
5743 3896
9090 1475
7612 4658
5612 1891
3790 1354
6916 3383
523 2356
7077 985
7031 4895
6045 4555
5209 763
3605 8838
8567 2905
8331 7195
9427 4224
1618 1409
492 2903
753 8433
9619 3991
2992 696
7295 1048
8040 4878
1973 808
8794 2453
3723 9879
1741 1010
2077 3458
9292 7727
5611 3263
1969 9014
2424 1845
9584 3936
7641 2612
8233 9530
7816 818
3036 693
5683 1827
725 3608
6881 3504
4579 2511
5458 3857
9522 2363
9554 7461
6096 2767
169 2193
8257 1330
2192 1710
8984 2360
2301 559
8350 1197
529 3172
4558 7571
918 1829
3804 5270
7665 8947
8534 7355
5166 4555
1883 6089
7345 580
3512 3492
845 8764
2004 9207
387 3007
3268 7279
4312 397
6088 9045
3313 2821
3381 4480
6918 246
8766 9726
8873 5055
7281 11
2735 2400
9418 4550
4842 9428
7501 924
880 5226
2092 8466
2287 685
6392 3733
4999 1626
7148 1946
6567 7224
3138 6723
7395 9086
8472 7334
2230 8753
538 7204
119 4124
4921 3625
4327 4607
6149 5132
9808 3566
1679 7648
3147 1269
132 4597
1779 2971
5961 7774
6776 5919
6415 2766
4711 2404
814 9562
420 6314
48 2294
7057 7662
5983 8972
8648 3285
3078 12
2738 1759
6068 7640
5709 8698
1034 2200
1015 7453
2017 936
9409 2779
9665 6566
1389 1839
7472 9514
8869 3065
9930 1229
9794 9335
6934 460
5516 1464
5696 9649
6735 1261
8499 9975
3633 6947
9327 9785
9079 950
3145 6032
5516 895
6004 5527
6280 9668
8043 3097
5672 2633
147 786
870 7252
2556 3592
7683 9116
8947 6043
3306 6788
1929 7655
660 5425
9714 2364
7292 6717
6872 8212
7317 8458
4108 229
2515 2125
2796 1345
2366 6959
3663 9597
2384 608
8655 2479
4346 1680
2740 7363
4029 6832
3723 4333
9534 2291
1181 8290
3927 725
5125 1120
3526 7738
6056 9213
651 7994
7532 9463
766 8444
5967 6874
5204 652
2214 5709
8490 1045
689 1001
5030 5139
405 4612
5063 673
7546 3152
1616 3323
4030 1631
8565 8907
5127 15
6653 9760
4350 9652
210 4017
998 7355
2148 6567
3973 3920
734 5436
6268 4760
5781 733
808 1179
6945 8812
9460 9014
8325 2476
5530 9372
3960 5366
5445 2713
4356 271
4338 5935
4312 5167
774 6772
6312 6829
2187 5214
7241 9983
5411 8514
1066 2706
5874 1790
6 5555
8700 4535
6852 1015
5383 8886
2586 1894
5918 1142
6495 7088
8235 589
2795 1692
2208 8098
1369 6180
1384 3948
7109 4983
2183 5744
4475 6442
7271 6180
9695 1067
6376 7862
9062 2960
3176 9475
5665 3713
9353 3720
9176 9310
7839 6191
5283 2110
3161 9871
8907 8977
5843 6711
4127 5887
7610 6532
6085 5380
8075 2107
9152 6332
7999 7077
1771 3889
7113 2485
253 6895
4459 8740
2150 4250
2878 9394
1738 527
4604 4959
1262 6465
9586 1870
9525 4940
3866 8899
4658 5857
5199 5301
8102 3490
1486 224
8877 4153
2719 3316
9677 504
1840 8403
6398 9451
5162 6328
3918 894
5944 5444
576 9775
1640 1197
3852 5472
5723 2589
6588 2580
6975 6071
4660 9712
2900 8323
6408 9428
6967 2613
3437 1902
1402 6345
2843 9461
6054 6725
7425 1798
9770 6142
6711 8849
4172 4819
694 2813
8704 7111
1151 1718
6363 9624
8898 198
4089 5249
9383 5980
1459 1652
7162 4950
976 5794
2240 6191
4620 551
8860 5654
616 5628
6246 4314
9457 7076
2309 8379
6634 4416
582 8255
4965 3764
4359 1262
3473 8729
7850 196
4021 1627
4692 7420
2977 8112
5285 5502
2818 6920
7382 9828
82 9558
7285 737
9803 7585
7687 6310
6398 2519
66 9529
2422 8276
3140 8135
6014 9790
5619 2541
5998 1405
4513 1625
6493 4086
481 9365
6667 6821
6217 5760
707 371
7769 8862
6597 5490
8300 5367
2278 9635
1597 8846
8333 5746
4395 3194
3752 401
2070 5645
3931 1526
1279 9583
802 7487
7808 1126
7388 288
4437 2119
4136 6686
9963 9367
3700 1297
1949 1645
4447 8298
2325 2507
8066 6102
8452 2411
1714 8671
5482 6664
5777 2551
8182 5346
1575 4016
4685 6714
3454 353
396 229
1886 3916
922 4919
3441 2161
4006 7661
6155 5299
5974 787
259 3748
2313 2698
4328 4138
8192 3076
400 2263
8708 1321
8196 407
3974 1331
6731 8410
8527 9048
4033 4080
1139 1704
3448 1865
4074 679
8785 6430
2123 7809
6889 8105
6106 2347
8900 3479
5915 1435
5265 8092
8759 159
827 4265
3219 6639
3356 9041
3038 4186
6440 2316
1476 3097
5237 7323
7683 812
5246 4034
2654 57
6003 576
8212 1862
4616 2487
220 263
730 5935
4548 948
1834 8424
788 2889
5989 2570
6567 5454
5518 5282
268 2096
9550 4009
9114 4019
177 5098
8194 7615
2574 5785
8925 262
6891 6832
8938 2262
7977 3091
3501 6644
9148 8533
9019 8145
7344 8896
383 6752
7124 9329
4189 7225
1086 5213
5627 2101
1343 2510
6987 3579
3390 7763
7918 5061
4627 9911
9328 1541
8288 8324
3732 7104
7274 2915
3476 5882
6785 3649
1400 1719
3838 796
8424 8152
1851 4372
5464 4354
8226 793
3088 3439
7751 3185
478 1157
7174 6965
4255 7470
9482 1824
6251 56
7643 6642
8941 1496
2 3221
4892 2548
4932 4165
9386 8475
1271 6012
1832 4680
7714 1107
2963 5805
1067 9375
9205 2965
2650 3399
8770 7720
3983 9853
311 3181
8152 6532
3318 8384
5040 329
7530 5915
6353 7500
4732 1020
2309 7801
8869 490
1318 285
4313 4526
8772 981
2590 6411
3740 968
9886 9713
9942 4560
9112 4891
146 2447
4057 5817
4946 1811
6051 5150
3505 5982
1414 452
4304 978
5388 6840
9535 3763
2601 5768
3963 3900
3736 9024
2345 6476
530 5279
8335 6086
5257 5261
4502 1259
3108 2251
7946 8582
7870 2207
110 7663
6976 5002
7125 2843
5457 269
2251 9007
1591 5989
8129 211
4818 7103
7483 2217
1768 6174
1683 3266
4319 5841
4113 2496
3402 8425
2608 865
9150 8842
1754 3710
312 6262
1072 5486
3609 924
7766 7188
6956 5950
9251 2832
6035 7822
3879 5448
4740 8076
3903 9444
4426 3122
49 2958
5680 7459
4487 8684
5685 3502
7967 1881
4284 4612
2969 2931
6743 7827
3954 9628
4449 2977
1804 7790
9628 3237
3881 7208
6784 8511
3932 8959
4803 4165
949 877
4136 9948
1052 2565
6355 6108
9680 6582
8136 7285
5407 1869
2406 3689
7859 1686
6351 3860
476 4137
3729 7596
1924 5622
8960 7716
7310 1806
8466 9115
6594 1290
8080 777
5201 2135
6688 4007
623 6478
5400 7277
6117 7220
2302 1813
9477 7858
8201 2310
4726 2566
8008 843
2683 257
5109 67
5024 94
8033 2042
8795 9872
2026 3898
2530 4742
5390 9817
9584 9847
2325 4106
9297 6124
9426 1222
4169 2461
3660 6802
8614 6041
2659 8913
6095 111
8684 899
2216 1617
7004 9177
6524 1258
2972 7276
5714 2178
1517 1317
9825 6047
464 5800
5902 8753
945 8785
1708 9644
2909 6402
8352 6904
7826 6808
5969 7873
5467 890
4871 1559
9891 2843
5715 585
9842 7777
6495 7306
3018 1633
2322 6741
4705 4086
7699 7093
8427 3669
1356 3071
9808 572
4925 1206
4574 3869
1209 3078
5263 6658
8389 5789
3685 2987
5231 3340
2813 8424
3660 1607
2355 6916
3367 392
6200 3679
7282 242
7329 6243
7487 7461
3698 5146
1254 2304
707 2133
7091 2839
6022 9001
624 3479
6637 5826
8708 5653
279 3409
9664 588
4854 3469
7423 5411
480 2060
6663 6593
9048 900
2301 2108
2269 8429
4996 170
1639 889
9968 1708
8700 445
4750 8246
1064 8451
3607 7941
1501 9997
3391 9270
2482 9278
8242 3570
8039 6182
1174 1708
219 9523
9510 1488
9349 8403
500 9199
5596 4855
1218 1594
5379 8427
1813 5270
1473 7912
6869 3251
1123 5336
5655 8509
6615 9167
5374 562
4557 2043
142 627
8724 4615
2715 86
3822 2149
5914 9754
7649 3444
3380 7936
9215 9053
5027 7673
3246 4283
6164 7717
9664 4782
513 497
4777 9223
4294 1592
4568 6235
2772 9821
2952 6006
2548 3344
5916 6066
1655 3121
5653 3653
2488 895
6925 2928
7583 504
7473 4783
6821 1750
1917 1421
9133 3516
6601 8229
2263 9632
53 3519
9859 9576
9631 2788
3740 984
2530 8609
2119 7544
8869 9389
434 5258
381 5466
7542 7182
2615 3637
2904 4687
536 2752
3377 6760
1069 9641
7357 5264
6911 3178
3292 9351
170 9447
4010 4633
4458 7669
1608 2067
4937 356
4160 614
8092 7554
8624 7649
1860 1161
432 8087
978 7177
4745 5743
6631 7101
1310 3403
9139 5554
3798 5716
8989 3044
2993 9723
6510 6075
9205 1784
5344 9760
8847 7997
876 8857
9511 9386
4794 5277
501 4947
4449 6729
6557 9796
1159 2958
6943 173
433 9531
7954 3333
9241 3454
643 7929
222 9722
3939 4375
1888 7683
3782 8818
3029 3129
476 5000
8061 8996
7997 7750
8665 4452
4754 5071
7654 3120
3220 9992
9548 7507
3516 4605
4653 824
5328 1965
4553 5568
2578 780
2442 4380
4193 3850
3260 136
6764 4269
1723 8038
2178 6258
5930 3135
4919 8310
5684 8003
6277 1954
9494 8896
7395 4149
4774 586
7552 7000
8937 887
7689 7297
5951 3986
4152 2701
8040 2300
8174 1257
3784 6877
9066 5293
5012 9898
1743 9144
1058 9164
4862 6737
1008 7801
867 367
2681 5373
3179 1457
1068 5905
8282 9139
8628 7617
1771 91
2580 6268
7259 4690
9996 7146
6554 5953
8317 3206
527 1822
3720 5549
6865 9011
8623 6069
4701 6198
6429 827
2076 9928
6679 9392
9780 7047
358 8232
6186 3070
8915 5258
7233 1640
3413 9758
3197 5728
9494 3845
5106 825
1500 2535
499 1698
3426 3601
9701 2178
3186 8151
6807 5769
6638 2148
5876 6453
4112 9775
3850 3027
719 6495
8307 2138
9376 3472
3777 8800
6600 8169
1461 5876
2142 8403
6264 7564
3320 2804
2619 5935
4056 2345
8242 1080
3616 3558
1969 6162
6526 4973
197 8643
416 9757
3352 7585
3468 6388
7949 2394
1433 630
2428 9300
6723 1374
4487 7473
5210 5297
9915 4276
1397 2641
9271 4369
4672 4193
602 7029
672 9376
4921 8291
5144 2638
4824 700
4969 554
6316 9421
433 4666
2300 8822
6946 2567
6330 3163
7688 2068
9056 1038
7062 4229
526 4302
8591 9425
2008 7246
9385 9238
8607 1400
1579 5193
3413 4383
73 9844
9031 122
4974 9031
6688 3893
670 207
6407 2611
9976 8477
2078 2627
2478 7583
5962 8468
4251 1718
4377 9789
2891 8099
8282 4848
9371 2346
2344 1970
4412 2939
4894 5631
6350 4814
5181 5439
6229 9713
514 2010
9596 4088
9125 4948
5241 7643
2012 9831
7519 4126
3878 3379
2164 7125
9777 8722
8447 8226
6507 8584
8155 7837
2388 3743
2986 2214
1694 854
5519 725
3625 7304
4967 7316
6547 7459
4685 7594
2975 5098
2523 5836
9926 1356
5751 5564
6962 8355
2085 9393
6648 6834
6092 4251
6910 9631
5688 9734
7046 3412
2911 9427
6248 4280
8197 7791
741 2700
8229 6003
7098 1243
6210 9312
3570 6934
4257 6781
3178 5832
9545 2378
2917 6472
6402 3042
2172 6667
4404 53
1458 5015
5678 1291
785 9127
3139 3743
942 9891
3680 2400
4136 8754
4941 671
2978 4250
1907 58
8824 8416
7206 9799
2402 3438
8472 9858
8949 2094
9617 9552
5787 4785
8501 2809
7190 8479
5367 941
9755 8975
5922 8209
6466 61
1659 5700
3834 518
5164 7265
1364 8621
8102 7547
9710 4251
4046 7950
1519 9771
4384 4523
6117 4303
3798 7866
6608 2248
7063 92
4670 1956
4537 8225
895 9203
6566 4689
9181 7777
2411 7618
2863 1702
990 8260
6706 5865
1168 1162
7282 1225
8024 5082
1621 2961
9014 4788
3171 6883
5462 3229
9067 6581
9230 3544
5421 6154
6421 2695
4781 9318
8129 5606
5429 2902
2408 3199
8251 8212
3540 9717
7500 4335
7755 4971
3204 2289
8653 8493
5477 2640
5276 6341
1811 3303
3133 7661
5841 208
4309 1350
8108 8841
8811 1874
2825 6422
8853 7546
8366 9395
375 7810
5914 3122
4437 8479
7818 3954
5394 4728
7225 2998
7136 8718
6285 4683
252 5717
9841 8615
2435 6675
7537 3950
7797 2503
4909 5079
7002 8312
803 384
4864 4245
8867 2240
8926 4948
6690 5837
2639 6358
7014 2834
6641 6130
4659 3615
6035 8247
558 6802
871 1679
4843 7615
1101 9471
1362 3693
9650 3306
2829 9481
7433 7904
3312 7576
8542 9180
7504 3570
3509 8177
1573 7853
4465 9208
5514 1490
6590 1441
3955 2469
638 6923
8211 4193
8734 5867
5701 7503
6913 9960
9772 3174
8610 4079
4703 986
2594 128
6932 886
8049 2212
2113 9658
9236 5043
4242 9825
2213 9549
7839 4016
5864 2085
4093 3609
4542 4070
1006 8001
9425 923
5838 1361
3773 2215
8438 5415
2707 6248
8191 7348
2712 4168
3423 2414
8399 3209
9894 2696
9102 4870
6229 365
9162 9416
4513 1342
6143 8524
3540 9511
991 6154
7394 9756
6622 9574
5583 3420
3877 4878
5737 6908
9205 3641
7049 8548
8003 3112
1461 7990
4643 501
7964 2181
2408 4068
3905 4997
4629 5820
6675 8440
3888 5885
1093 2488
8363 8678
4501 4964
3522 4653
8032 9217
4358 3434
3810 2700
4098 5369
1931 377
3487 9758
5134 2075
3950 7154
1739 8460
8518 9465
8478 6002
5927 2557
8687 1030
5219 3318
6256 3635
6385 5739
234 4610
368 8393
9405 7144
4519 3820
7399 656
6694 1010
7502 3092
4111 5818
7244 9549
7630 3689
6928 4860
5570 3554
8406 4401
3958 3283
2335 641
8561 7414
4920 1897
4288 5240
2638 4543
6188 3422
3055 4951
8079 2221
7927 7215
8289 7315
447 9910
1582 5840
3879 2468
8474 6979
5393 4653
720 574
8361 3102
7037 6817
8871 8096
768 9084
6083 6831
3980 2507
8761 8549
4067 6291
5306 6757
8856 8043
658 4590
7581 7270
1138 9381
7929 8477
9197 2967
8241 2683
2206 8069
2878 3744
2002 2934
1197 174
265 5617
4004 963
1076 3636
4762 8691
1349 1404
4084 3294
4939 1003
1689 9779
9883 8753
6698 8758
9738 7620
8240 4817
5137 1421
6328 5395
774 7175
2775 5672
7727 3926
4897 6344
3883 7262
598 9137
7145 7920
895 5961
1983 343
2379 1591
7344 9538
1669 553
8102 2695
6269 8191
376 7173
2640 2183
3062 3636
8367 7319
1984 1185
4550 5813
2715 1953
3617 8067
9810 6289
6618 2371
5218 6776
8372 3189
5555 6089
1685 2413
4143 9511
1916 7258
5930 2342
803 9700
4753 9315
923 1243
3032 5092
6079 3234
9785 5205
7528 1179
1720 5996
1640 484
9860 8067
1806 8694
8598 3692
7661 9867
6120 4051
5892 9264
6819 8865
8153 2321
5163 4076
4505 5316
286 2603
8065 376
6443 5796
1365 6920
8301 7741
1389 1676
6134 4641
2535 4665
4021 2757
4169 3112
8136 2950
1991 2225
1958 6503
8574 7221
8356 892
6486 448
9527 9946
8827 5796
3910 7263
762 3108
5143 2354
8651 9947
9316 5452
7583 8632
8320 9646
7340 9068
3456 5001
8717 1053
9791 2465
2255 9381
9658 4785
1989 1192
4576 2070
4023 9551
4741 4550
7014 4994
7967 7068
4633 2659
5366 7770
2519 3893
4028 261
6321 7823
652 2350
6471 3863
3629 6165
6788 7581
1456 4239
1021 89
7744 7225
467 926
8688 6385
6959 1184
2732 427
2624 6920
6966 1413
9348 615
4741 4610
2393 4541
2299 6800
5224 6163
9170 4294
7236 5889
2622 2309
7544 9365
327 9302
304 897
1995 572
7711 331
7684 2124
2820 8074
1256 9404
2375 5345
4283 9176
4215 3517
3135 5897
3783 2847
6385 3246
5610 6548
1085 8533
3968 3009
9697 9145
7291 2350
5203 5710
8456 4367
107 3020
3337 2297
7363 3495
5751 7605
5787 1310
382 7299
6846 4046
1694 21
8158 3136
8163 2655
2196 1527
1954 8662
5677 1763
5700 9178
7396 1332
7385 9582
9481 9467
5185 7625
5114 1108
5046 7731
2410 6110
9664 8564
5920 1374
3572 4088
1300 9002
2549 4142
4945 3968
7252 2299
7038 9835
8315 3172
9952 4479
3068 4137
188 6392
6448 527
6829 19
675 4416
9688 6349
8824 4413
2598 8987
4182 3915
3222 4301
7198 7264
9431 9240
901 4207
8976 3063
410 7894
3277 3399
5729 6571
5718 8912
148 4429
4056 9565
7720 1475
8756 2274
543 2494
7622 4789
123 4323
3855 9560
2835 6267
6443 6513
9839 4537
8739 7746
9941 1178
8955 6395
8218 4070
3778 2130
4213 8879
2451 3023
8334 6850
8109 1064
6774 9090
2243 1152
2808 295
164 7573
3505 9047
6482 8496
9216 1819
176 3744
5660 658
5198 6298
4484 9874
1439 8953
2541 6099
3883 8727
678 7144
3755 4441
5179 5777
5017 7226
2473 4493
2153 9607
2059 1062
5657 4153
2010 1352
7989 6138
9172 6727
7782 8207
3846 1861
1344 8407
7275 4093
573 3254
7623 5920
2652 1190
1068 5737
5287 5204
8023 1654
1702 5652
9469 5024
1675 3199
9764 3446
3916 2359
8994 136
8582 8437
3698 5064
4991 4361
9212 3949
9220 5759
2202 8856
2729 4125
1320 4612
9224 565
5298 8169
7616 1940
5922 8800
6195 1237
4954 6143
980 7678
415 6974
5526 2090
8381 4977
7053 6225
1805 1987
7922 572
9438 3567
9156 9394
560 2307
2285 7291
2116 8831
1891 5999
1707 5451
1726 929
1858 1493
1296 758
3024 7143
5620 6157
5700 6681
7239 6406
938 4303
223 4936
9148 9892
8455 7809
8452 6332
6587 843
6984 9853
4866 3202
1112 3565
8794 7562
6387 5942
1612 2137
9501 9468
2274 850
5918 9325
2525 1813
9908 4242
4016 5398
7902 7740
9714 9658
9482 5563
1757 844
1278 9427
6851 5645
4132 970
7039 1972
9616 573
3787 9379
2160 1581
7123 2643
6793 650
9296 2492
5277 9813
8358 336
7980 572
4700 1872
595 5928
3616 4221
188 3168
3992 742
4627 9917
9763 5925
1684 8292
9281 7368
3967 550
8926 7055
4156 7180
9711 6349
3730 8337
4296 6528
70 8877
9442 5926
1871 5137
7518 2101
2606 2965
2939 2792
9763 8546
1781 2333
4445 7443
8067 8192
895 2159
2708 4569
4260 195
152 2335
2602 3324
1372 8975
4651 7081
2155 460
7698 7054
4538 6567
7107 2102
2136 4545
3545 7330
7038 716
9688 410
717 1977
8371 9289
1644 3671
8167 229
8294 7295
1881 3208
7700 1876
8366 5016
4347 9038
6937 5396
6016 364
8769 1381
6141 8427
4952 7209
9085 9381
2531 6139
142 1587
3726 4897
2649 5645
9287 8636
1854 8041
2380 1526
3859 8250
4627 9128
9364 1470
4061 6807
8944 8104
8278 4634
747 1990
7268 26
591 2745
2593 2844
5265 7460
7151 8290
3182 8482
5277 2609
8358 8883
8731 2149
184 1389
8802 5189
3223 2729
1511 9106
2331 3594
2555 7639
957 2084
5463 3081
89 4774
6121 553
9972 3077
9385 6588
4071 7089
2583 3389
5838 6247
117 7745
6163 714
2773 1410
5889 7546
2451 9307
7335 274
5124 5981
161 8797
8201 216
8083 7027
3407 2371
2521 8621
1431 10
8057 1518
4742 3469
7962 2896
5369 7424
8324 1038
9708 1481
2886 3513
2349 1886
4241 3726
743 2636
5898 3860
9494 6689
4863 4863
8690 6955
9459 5985
2084 3569
2209 29
2473 5022
7547 9071
2429 2641
6008 6360
4601 76
8171 3182
2883 1052
3800 5284
5812 1296
9187 4263
5380 4846
5540 6667
6103 2286
249 9819
8276 8463
2995 484
5885 675
4498 9363
2888 8859
6326 1709
9435 6583
7425 6299
3384 2581
6357 5717
9031 5213
4359 929
7402 2193
631 3257
6049 7378
2605 297
1218 5696
8712 4958
2345 1781
3868 638
9528 7831
9495 6970
905 3481
9839 624
4884 2468
4586 6272
1718 1032
2273 7883
4887 7398
3760 9608
8088 5217
8876 7808
3664 2191
5818 1111
1272 9433
5997 7359
6035 323
7434 9812
7291 6948
9005 6590
776 169
2063 6898
8762 2583
5087 3227
4985 7388
8650 7339
9675 3758
1916 946
6778 5010
449 2782
2234 4372
9949 8054
983 4347
5216 9630
3915 5034
9203 6783
8221 1463
6344 5146
4546 7587
4389 2072
4507 5848
7423 5305
5841 9746
8128 2514
3313 964
8817 5077
1618 3511
1277 2693
5903 2499
6610 8886
7788 1822
9462 1860
9323 6154
2657 7247
5033 2641
9461 8348
3732 8481
3697 4236
370 7088
7967 1835
3991 9295
6963 7307
376 796
9242 9306
4082 7842
298 3519
9877 9646
9210 7600
4566 9319
5239 6216
8015 5167
8778 7794
2098 9813
2505 7613
8097 9159
9327 8308
4959 9546
3153 279
3619 564
6747 6668
4226 1236
5303 5518
9144 5735
3276 6014
1464 8987
8922 4833
6825 1308
3124 9677
8789 3226
7889 7730
9751 1447
6290 6091
6078 409
3882 9729
8666 8169
900 6164
9153 1246
5406 9476
3656 3732
7605 9192
1990 6156
3736 1786
560 8773
2251 3532
2285 7305
4884 9133
2029 2855
8178 5129
524 5436
9033 7257
8400 6455
7982 6771
7828 9828
6656 4886
695 8231
2210 3365
506 9762
5426 4656
8682 7216
6998 9156
9340 7414
2571 4719
1331 1682
2128 6021
2019 5022
9709 4445
9980 17
9248 1026
3773 278
4711 5029
8906 3123
5975 1055
1364 2690
8270 9903
8080 6500
2357 2747
5497 4182
9163 7954
1811 2446
8020 1663
5240 5385
435 1711
3152 25
1448 4705
8595 9609
7587 6429
9587 9292
3861 5029
708 1958
9369 9825
1691 125
161 4510
2863 5571
1459 6055
5614 8047
4330 5745
7108 6250
4256 6500
9523 1646
9111 3576
444 9687
8216 1416
5459 9661
2249 3544
4004 4258
3496 6278
685 8144
6120 17
5720 5891
3381 8582
9890 4104
6793 4990
4942 7938
4808 1206
1653 3262
9070 8889
1686 6428
550 8106
6059 8957
4070 430
2752 104
4866 5372
7591 9865
5233 6758
945 7583
2273 4451
5145 8690
8627 3240
238 7031
6715 8827
3499 8037
8935 4865
7767 9188
1408 611
1056 2275
8975 5747
2504 5319
1051 6477
7029 7561
2519 7208
7640 7871
1947 8663
1700 1127
7384 2885
6436 2495
355 5579
1032 1393
2989 9292
8589 1971
2565 1918
1296 5804
9379 2206
982 6403
7143 2415
728 7188
9706 4223
8964 9514
417 811
8518 2837
4427 8074
2469 7936
9713 1906
3993 1817
2154 5210
8162 7373
6648 7705
2832 7794
776 8192
6879 4328
7387 3670
8764 476
5879 4769
6045 470
5413 956
8226 3792
4444 5961
3231 8459
3741 5035
4565 1810
5556 39
3662 5218
893 5375
2990 6756
9890 250
2758 8899
9636 41
7347 5749
7414 2224
9583 6025
8602 9669
893 8585
8686 4189
6063 982
2426 5016
1514 3068
5324 684
2338 9434
2871 9412
1595 4101
3038 9832
3604 1264
6533 3892
662 8521
2284 5724
8876 7426
4982 8488
6627 8187
3386 285
4068 942
1572 9395
6454 3563
1449 9133
2455 6941
9792 7870
3904 8722
5194 1040
2384 6630
4303 5091
4513 3988
9368 4499
5958 2312
6992 3185
6568 7000
778 330
8622 8672
4306 1729
6171 2232
1285 5370
1794 411
68 9716
912 5928
8362 2211
6797 3633
616 8342
7668 189
2438 3183
2024 1551
4185 2608
4392 9167
7737 3251
4807 1280
6156 6653
996 5521
7884 767
6797 9699
1218 3457
3719 8193
7294 1026
8896 2125
8616 6182
4672 4425
3289 5338
5956 9735
4423 3420
2874 2996
2411 4149
2874 1787
2865 6924
6654 3335
2662 1419
2539 9451
2531 3748
826 7145
7435 2875
9160 7006
936 4817
3702 4670
6221 3348
5419 4465
1852 1642
9583 2838
3376 5685
523 8354
6014 7059
8316 930
6412 5414
328 873
7276 1497
