placement model: 1slider
width: 10
height: 10
number of points: 1000
7898 3582
4987 9951
249 6194
4297 4395
5268 7226
5094 2993
4413 6043
1270 9862
6055 8244
7595 4422
1870 2472
5869 427
6384 2569
4992 2560
9659 2588
4776 8479
5181 6403
1562 7259
8895 2977
9454 3035
2419 4796
6962 8386
4285 7552
1120 421
9320 4564
6775 4589
677 7973
5242 5419
961 4366
1946 6841
1231 54
431 1976
4655 1609
6840 218
7934 8188
6257 8325
9624 669
3330 8301
5361 2315
6407 5861
2149 8214
6124 8793
4833 3592
1740 4827
362 7751
9356 2221
2423 1596
7286 2787
569 6976
9040 4392
6099 763
9043 4472
8828 4391
4211 883
3337 1033
1500 9654
8025 6888
4561 5374
2179 4634
6106 1344
703 7847
6419 2128
6454 7034
6231 6228
6415 9018
6449 7678
4139 7058
3697 7278
3362 8100
1935 8265
4667 3350
2688 4591
9499 5852
330 3217
5526 5581
5653 4386
1341 3941
4355 4712
1179 2494
7708 8180
364 2460
3697 3591
2573 4492
5728 8462
7834 7205
6595 7156
5728 986
6927 7959
8738 5269
5158 9645
3028 5866
9335 7190
1524 1037
6347 5015
1399 8938
9003 2725
5095 2962
6682 6468
687 3569
1447 9453
9570 5928
9519 1022
7909 8591
9962 1381
5686 5042
2212 182
6836 5854
5578 1481
4515 167
6838 5522
9773 9908
8696 2629
4880 2516
3253 2523
7666 5014
8980 637
42 8884
8149 6964
2218 50
6591 3566
9608 705
3698 881
3654 8487
4649 6197
2737 3515
7714 3316
6752 7507
3312 2615
3907 7408
740 1321
4581 9669
608 3991
9729 2251
1028 3761
5673 1110
4522 9777
4200 2872
7300 5782
2417 5542
8736 9890
9673 5926
9827 7467
9755 9430
4474 9103
359 1579
1730 1667
7891 4811
4818 2113
9687 6603
9364 548
7254 986
1471 3190
2463 449
4000 3932
8070 7205
3240 7871
9858 1368
4609 2814
204 1271
1586 2055
9954 7204
8622 4426
6100 5368
9789 980
302 8644
1745 509
8129 1273
6148 6742
7504 9887
5538 2349
7246 1608
5808 3217
5403 7970
6772 3116
8619 7134
9086 1597
7487 6279
7000 9235
5024 4036
2918 993
748 1682
9912 9129
6997 2472
1987 54
796 2736
6463 6830
8874 2270
3050 7275
385 9695
9863 9424
7953 3035
5821 1200
4887 8823
4667 8946
1853 3442
2966 1175
7842 1314
4545 2295
4621 319
2106 1477
8695 1675
7562 760
9416 4154
6352 9929
4935 7118
8438 1608
226 4344
1452 7123
4853 7675
7193 7651
5081 4884
5041 6996
9014 3413
7542 1532
4403 8074
152 9310
5598 6760
7849 8438
1519 6091
9053 3928
9266 5741
9166 6848
1803 6776
8138 4588
5797 7454
6093 9223
6009 2826
4746 7284
2596 9267
3960 7899
3629 1695
8682 1220
890 9533
8816 5197
6241 201
1868 3552
3552 7325
8141 8130
434 1249
5467 6586
6280 6727
6902 5581
174 1700
4161 9096
4989 9803
5756 2805
3654 1459
8689 8087
6996 3339
3102 3533
4884 8685
8795 9252
6413 7008
3468 5746
4201 379
3112 1742
8661 6270
647 4910
9079 5213
7693 5391
2764 4307
5508 2683
1990 7547
989 8196
3615 9644
9894 2152
7612 7412
8611 5289
584 5734
2287 8643
4190 3856
2630 9134
6425 2251
4593 494
473 7195
7671 1065
1763 18
3025 4658
7176 7375
9042 8985
3470 3246
6937 6019
6771 564
534 2540
1559 5489
5222 3791
8590 1293
9664 508
2572 6728
821 626
3264 5961
8041 2890
9817 4664
2312 7089
136 3682
5494 4930
4074 6813
1900 1882
4750 9110
4230 1694
3992 723
6634 7006
8666 809
4767 4051
3184 9766
6820 3504
9663 1280
8861 6883
4853 7090
5653 7480
5186 8969
7299 8333
2393 3515
9172 4685
5932 3679
2271 6140
6110 9792
9881 1270
3718 7680
6210 7624
1978 8956
488 3015
1162 1100
9962 7212
6470 4996
1948 9451
575 6153
6629 4729
9764 1274
2232 2602
5186 7828
8375 3532
6957 5827
6490 4318
3720 4022
5442 1554
9190 2046
9487 9634
9877 4348
2303 8910
921 2148
4339 5408
3814 8288
4494 6255
1298 926
693 6266
5680 5573
6160 6826
3132 4801
9934 5495
828 8944
6171 9465
1192 8095
1507 8090
4308 4678
3426 7413
6701 3257
805 1342
5788 7341
3613 4691
7910 4101
9375 5172
8767 9763
952 9750
8144 6991
8553 2553
2495 6112
2622 6056
2550 6441
8614 8126
7643 7011
3806 6088
4393 8836
2153 2176
671 3790
851 4873
9408 5489
2937 1618
9132 3940
8853 3282
236 4171
1323 8470
7561 3367
7903 4001
8573 3936
529 1906
1693 6942
340 3628
1968 8338
5536 2664
7232 6536
1361 7663
7195 7979
377 7267
2442 9750
1797 4838
827 3585
8475 5910
2242 51
5809 9991
287 1080
6285 7178
1692 4433
1442 4357
6996 9170
8992 7338
3519 5567
5979 9018
7306 1977
2054 8559
1150 5404
7789 725
3585 5892
8013 6870
7792 9676
6361 9279
5101 8353
3894 8610
6886 5294
9269 874
1183 5473
1042 2602
9513 1377
9055 3184
6538 3433
9167 9238
2424 4365
3128 5559
4858 8116
6053 3048
5995 706
7000 6205
1939 3440
637 6042
2217 7095
9241 6111
6686 1555
4463 8911
5035 5592
9598 7970
7806 5685
2976 7145
7168 5784
9042 8596
9834 2332
4787 1221
1458 4273
1566 7177
8361 663
4218 9589
8019 9797
3926 9713
1127 4425
8540 4324
4615 2656
6457 990
476 2512
4476 9360
7197 1296
5820 947
3289 5276
116 5250
5130 8142
9267 3068
8136 1699
855 9790
7101 3705
656 3192
7889 3175
2037 9271
4543 2817
878 6093
5658 6683
7737 755
6904 8303
5335 6678
9440 603
5672 4208
4037 7885
3244 2426
2936 6493
6201 9937
3168 5522
3337 6843
8062 6791
3276 8783
2741 7751
5435 8710
259 9098
2821 8909
6241 2095
6918 3590
6873 1410
7762 3340
4561 2435
3517 3718
70 5490
6020 6041
3522 9011
7877 9350
410 2854
1720 6513
4684 2128
1934 3488
694 6754
9942 4084
5347 7077
9656 9476
8655 826
1680 242
8452 99
905 91
4237 7289
4340 5049
5628 1388
6118 9899
636 9201
6709 6274
9638 536
1473 4925
2364 546
9166 4537
7268 5123
6490 7342
2304 5171
8792 417
3269 9959
7078 7166
4088 518
9824 5942
7888 8460
9686 6028
5698 4948
4145 5115
6009 4092
7287 3377
1503 5225
7548 3486
7327 9481
8348 3184
7929 347
7812 6548
5669 7401
2488 4577
1075 3340
3765 7888
3003 6344
485 5605
16 9538
8192 8467
9346 3705
3748 7234
3652 774
8700 3306
1893 1849
4024 7765
5088 7856
8023 2362
7417 571
628 5962
2649 1929
6884 2668
8930 8145
2564 3171
6005 2542
801 6545
4900 8625
2511 9204
4980 7556
272 6663
3425 8352
1730 2519
5567 7265
9184 4962
3285 4046
6638 8603
591 8655
1226 3262
5482 1517
7341 5342
7537 2371
4148 5343
1736 5465
1787 7000
9548 9478
6399 5579
3416 3789
6476 5562
6085 694
9343 3299
2834 4534
3056 753
8170 2034
2074 8068
865 8141
2079 3055
1379 2281
6763 2342
8447 2121
9952 1407
9024 2623
5908 8603
8082 9122
6843 2106
5564 6010
1648 8984
2797 723
4733 1346
6624 2981
4185 6332
5295 583
6613 6105
4824 4060
8704 3664
851 3217
6632 8458
3655 9007
4886 3511
7794 4225
8759 6525
1920 7346
6858 9615
1040 3913
5510 4774
747 7134
7095 9462
1621 9433
710 770
9775 1179
9842 4972
6493 8084
5243 9109
1618 882
8207 8993
4840 1665
3166 8532
5767 5412
884 2715
7925 4121
6997 316
6843 8580
8824 265
909 8958
4132 9097
592 8363
34 786
9880 6908
8678 2999
8967 2430
5906 6150
945 755
2759 6752
9182 9438
2690 5633
3242 3054
2982 430
9814 822
7373 1588
2277 8680
6114 8949
5116 9456
2983 3822
7461 2060
2823 6512
1761 7480
8943 6186
8962 5920
6437 1125
4432 4427
4454 5014
2646 5668
4101 4608
8400 5705
7620 5131
4494 1089
8741 1550
7988 623
6999 7935
9960 6257
769 1920
4568 5657
4046 3037
559 8302
3480 7025
1293 7990
1642 9082
9066 6331
545 687
4436 8785
4889 5070
1509 37
7222 7524
5082 1107
4601 7577
6930 6415
734 369
5859 373
6536 2233
6439 4948
8 1254
8375 7789
8679 9221
9208 2414
6058 9451
2385 3132
292 9591
1977 8865
873 4405
9512 3112
7480 7521
7397 7212
9512 9839
5334 485
4852 2125
8243 5095
1382 395
5057 6868
6318 516
5261 5051
1896 9917
3866 5991
6471 2184
8453 5952
6294 7703
5214 6499
1635 1176
7295 2470
426 1879
1542 3275
1215 676
7249 3542
9377 6473
3410 8480
517 1016
5541 3634
1832 9077
5825 5238
2719 9074
134 5155
9704 4788
1833 5460
9034 1711
9898 6739
4395 1442
5862 2921
5819 7061
9003 1246
6029 6715
9127 7063
6874 7349
8543 4855
6323 1248
7295 1138
95 223
2339 6079
2079 5099
8247 1056
5341 9326
6373 473
428 4378
2909 2448
8168 2371
437 6856
1071 2361
9168 5206
8388 6386
1226 396
6555 1750
9677 7507
1691 6469
2828 9995
3690 4438
8815 656
385 5380
2889 2710
6905 6018
3847 4901
8274 8166
225 6535
7295 5679
9634 9658
1273 4781
6552 6635
4182 5249
4025 4682
2800 7316
990 5344
7016 7733
1156 3855
4687 7560
6885 3463
5291 8046
4092 6840
5833 6708
5143 8137
1594 647
1180 3248
2629 6767
5233 820
2269 6658
2776 8349
1419 8388
636 8868
4218 2293
9347 4036
2837 2390
512 239
7290 6701
4651 6333
6094 7486
1197 2279
7529 1133
8246 6098
3907 9899
8075 9650
9674 9499
4581 7840
3557 9962
1818 6067
7435 5442
4813 5183
8905 2217
6427 7393
4978 8245
3518 1037
2604 8512
5085 548
5644 4437
7842 2452
6280 7844
3774 8157
2623 8860
2667 17
6818 9777
8048 4933
6926 1664
9564 2259
790 4151
2820 2629
7792 9971
4922 15
7239 6341
2878 1094
8931 2489
1981 9120
5259 9279
2418 5563
632 5579
6021 8465
4130 1242
7398 7391
216 3584
1547 8890
7124 312
7637 5179
2926 3073
6816 9867
1658 3186
8499 3042
8652 2532
4443 4642
4031 2095
8306 3872
4609 9515
1482 7500
5482 5934
8779 1783
8338 1908
7207 1579
1435 9649
7569 6034
7920 9978
3038 1899
494 8425
8710 4809
979 5771
4757 943
7618 4198
8114 2949
8216 751
5382 108
9323 6923
1816 1257
2623 5573
822 341
7508 3228
2674 5093
3236 858
1119 100
6928 3082
6630 7677
9096 2953
9228 2988
8688 1074
1149 8452
7706 497
7165 3776
8211 824
3864 3645
7615 3512
4975 4949
7658 1246
4177 6177
8666 3774
8490 6696
8916 3378
6732 3075
1064 6692
6780 2995
5477 4234
3078 3240
2386 2547
3724 3893
5960 9335
4182 3233
7571 1052
4800 5848
7496 3972
4750 4791
7286 1832
5245 7501
9484 1334
6630 3840
343 4450
735 9128
2801 2039
6924 4570
289 6647
5176 2861
1878 4172
5381 4243
4993 6274
7076 8477
2319 1007
4259 2592
9469 9951
4395 4537
3054 7381
9715 2713
1688 3617
2226 9908
1611 9962
976 2728
222 2518
7807 6197
1902 6684
9043 1390
8015 5111
1913 8699
8068 302
7027 747
7096 4700
8994 3007
9643 6454
5855 6776
8415 4969
7191 6225
9573 2832
8018 3553
2464 3515
4345 9941
4077 8937
8435 4852
7768 9640
9443 936
2335 8727
4572 8828
1556 5216
5521 8177
7179 6059
4788 2021
298 3305
2184 7985
8622 6548
5445 1080
1886 3156
5636 7270
3635 3088
1616 1813
5156 3163
7815 6782
6014 6767
1819 8760
9699 9154
7898 2466
7331 5201
8209 5786
6675 8934
4205 4505
1602 119
8230 6181
1452 1841
2581 4263
4216 2631
6223 4597
6164 1908
8303 8165
1411 6138
9899 336
6115 6527
