placement model: 1slider
width: 10
height: 10
number of points: 100
8209 2345
3125 4721
6570 3499
3773 7306
9399 7487
5653 5006
7797 9544
2475 10000
9822 6833
6238 3079
8423 4094
8119 6329
7038 7209
7665 7196
8454 6949
2537 3206
6772 9049
4036 1802
8070 2510
4213 5787
8645 2218
6798 5111
6640 3244
5548 7385
1413 5882
6365 627
7339 9006
3736 2943
9833 9653
114 973
865 7111
7449 7506
3129 9107
7062 9296
9263 4456
5074 7229
7458 3324
2605 8879
6833 1375
9262 9697
4318 532
7702 4141
2507 3685
1704 6253
2527 1628
4135 8797
9837 3525
8175 2773
8058 3977
33 9596
7608 9579
9854 1033
8014 5308
1680 8957
2827 7398
6414 8863
7845 9123
2001 1797
3846 886
1895 6354
2900 2963
9341 3569
1391 9180
6875 5598
2091 1361
5981 6492
3937 2182
8334 1750
9428 8491
7986 8340
832 5647
6269 705
5952 1282
5209 9503
4573 3967
7041 2263
112 3958
9233 9196
6913 4134
8714 2481
6456 9065
131 8511
9379 7867
754 8005
3210 7805
7045 3327
8374 9111
6418 4580
5079 2918
7302 3267
5673 8546
4829 9988
4995 4639
3958 3981
4212 9457
6443 6111
2261 5626
6570 8487
3293 4148
5658 8359
