placement model: 1slider
width: 10
height: 10
number of points: 100
6680 3298
8354 5869
7748 3031
4074 2595
5212 9114
3092 5579
4353 5654
5266 9553
8608 1081
9001 2978
9854 1702
6886 728
9576 5093
1924 9387
5905 5193
1411 9660
9605 9961
5266 2589
1038 3564
8705 3302
7369 5966
9759 5794
1092 9932
7149 1297
4647 8063
4464 905
3036 93
5217 8842
2995 4778
9081 6325
1927 1937
2266 7844
9264 152
8422 7684
4715 3460
6569 6291
3388 6597
2232 9839
1835 5223
500 9409
1986 8954
4339 389
9491 8270
7327 5428
9256 4409
492 9910
3658 9833
3878 3942
9338 3686
2422 6848
3701 3928
157 7197
8567 127
5251 1343
3010 6312
9546 6551
2222 860
4292 6337
9101 5006
6419 4606
3911 7579
712 8774
5947 4919
589 7577
7305 8892
6104 1124
9088 2322
5687 539
8662 4371
241 3195
3393 5603
4703 8819
3216 2611
7790 8693
9911 8072
8238 8256
2186 2029
2398 6303
1571 5910
2912 5200
8844 3103
7619 8147
3053 1387
5513 535
9967 2637
8594 1555
9214 9927
4010 5353
4173 4454
7752 6185
186 4351
6905 2663
3320 2397
9845 118
4628 205
892 4032
9448 5207
8339 3945
2521 1813
4513 6729
