placement model: 1slider
width: 10
height: 10
number of points: 500
1739 7568
2582 2130
4191 4859
3502 9667
897 5173
7425 9737
393 7433
8757 8332
854 3398
5718 5349
8512 9972
2531 6669
5599 6630
2266 9058
9737 1069
8278 2571
8426 8492
6279 3653
2201 2441
9296 5950
4558 5239
8734 7019
6273 1522
4771 1016
3560 3170
4357 6696
1096 5941
3802 8171
4921 7375
4306 535
8028 6876
3707 2559
6246 4321
1602 6355
7067 6637
3656 7109
9176 3013
6446 4091
5669 8085
4256 9790
7470 6156
1269 5609
5811 5854
1231 6406
6372 614
39 836
5543 3961
1177 9899
7498 1976
1269 2154
1328 6008
733 3842
430 1155
3486 3235
428 727
8977 635
7444 227
7274 4612
7896 9510
7695 7321
5747 1929
1146 1631
6729 9655
7380 715
9086 3784
8995 4900
9156 9149
7261 4701
601 553
2789 9543
134 4966
7093 6379
9751 8562
8396 5483
2778 5397
6754 6024
5395 695
1602 7022
1886 3083
3156 3625
7144 3067
3381 2288
4640 8259
6130 5842
8701 9784
3060 380
6485 7206
5868 8720
6922 7360
2831 3029
9933 6730
332 9592
9716 1290
6137 3728
7319 8663
2457 5604
9566 4429
2324 7464
7605 9480
4778 7132
5596 3604
4576 1632
8649 1734
1530 340
6680 2253
352 9538
2835 5719
569 5652
6326 1861
4754 3472
8326 6989
6144 4660
9698 8224
6452 7787
2740 218
5232 9897
364 8334
2732 9731
4890 1103
8345 3975
1978 5773
8500 799
9873 1587
6474 4938
740 1518
2210 7786
2686 6194
2130 5746
4402 3005
4499 8209
4377 1775
4164 5561
2618 2131
5981 4707
2467 9480
6754 1780
8308 3008
4378 3990
3708 7488
9613 2304
1444 6270
5800 1525
5672 4088
9557 1605
3225 8265
7556 7351
1236 3764
7092 5837
6423 5482
2039 2169
2069 6733
4420 2372
1992 7642
5136 6478
4271 613
9016 9916
6689 8013
8266 5930
3569 9403
9970 1764
1383 9750
5257 4172
3049 7459
208 7272
6665 4502
7977 2882
6293 2302
5044 7353
9366 1259
6586 1292
8622 2687
6523 2749
8240 2999
1771 1332
1742 242
5773 6886
657 2896
6642 2128
1396 6485
4111 2577
7234 1898
5030 7777
1656 4230
6640 6341
5081 7363
9929 7844
8778 5638
9165 6757
9052 8647
7514 3022
6762 8279
8123 8438
7042 3709
8028 732
8711 5885
7855 1619
778 849
2143 7638
6417 8036
8698 2641
6980 2917
2514 9117
3855 4815
3063 4124
9855 6311
8468 7559
4457 7989
4982 5514
7648 8285
1424 1890
6099 2956
326 175
5383 4639
3308 7705
3845 1877
6560 3650
1747 1057
1427 8428
4203 9023
1907 4722
1110 1980
5555 9786
2347 9784
2352 2944
8182 6130
3890 1931
7637 115
928 9560
624 5903
3834 2310
6634 3986
3226 5356
8950 1090
4133 69
3450 6418
9407 9771
12 5457
6430 1040
3921 7708
3170 9442
1742 4903
4494 1715
5919 6523
8838 663
9238 3891
9058 5604
1434 4360
451 6986
4239 6333
4417 8729
9982 2885
3343 2025
1861 1721
236 777
4055 9877
9568 2042
4145 4099
4898 5999
2345 7640
7296 4518
8563 4457
89 251
8976 1673
9735 4189
166 3027
7701 7383
808 2180
9753 4740
7559 5590
9726 1166
907 3416
9551 93
9307 6422
9003 5140
3538 5908
7445 8509
1227 3217
9336 2940
3910 8445
6641 8613
1479 898
306 2192
6908 5589
3623 1428
5818 9994
1963 7215
9521 3734
250 1396
5454 6911
1015 2785
791 7865
8056 6983
3925 2717
6099 3607
9522 343
32 3053
9930 2877
2221 6256
7292 8727
7209 3510
6027 3235
5420 7643
3122 865
5159 4912
6041 3670
2892 5449
7011 5803
5625 2809
5768 4687
1497 2815
8035 1574
104 8453
3938 7085
9388 4466
970 2378
7605 4957
5390 2068
6162 8758
2844 1992
7591 2765
9820 3062
7939 5767
2478 5281
1213 32
4378 6392
5892 5081
6591 4257
5177 4020
7309 6591
9252 9510
386 2388
5947 6623
4230 4921
7212 1606
9457 4643
9195 6182
9359 2620
6279 7192
9769 3619
5489 9713
5231 2784
9710 5081
673 6257
674 492
5090 5752
9554 4330
7492 4021
2160 3563
7754 583
9936 2503
2149 9536
1164 2739
7149 7226
6216 6899
3503 12
3537 9793
2510 8373
5806 3752
977 3641
5037 3885
5185 143
130 6248
6815 1860
8453 3802
1542 2974
4998 5987
5284 8953
603 3129
1550 5957
7429 1499
7641 3907
3081 3027
6669 9704
2822 3124
3501 4854
8941 3003
5652 5081
2908 7405
5802 6404
3569 9221
527 4634
5332 935
139 2732
7450 5183
4305 2533
5115 6864
9395 4369
402 4357
9155 1309
8779 5011
2109 4747
2125 2546
4577 8225
4341 5552
9273 4402
290 8005
3827 867
2821 5582
3567 9789
2607 7535
6225 4660
2619 9898
6469 8726
1532 2975
3470 1532
8137 1494
82 7885
5451 7877
6042 3766
1799 4597
7015 3470
6071 3438
4064 1681
8889 1739
8617 5547
8222 9326
2164 3089
8502 6177
9986 4786
2967 390
2431 464
8295 2882
6290 6754
1789 6825
6644 4444
2556 5702
9198 1402
2602 2306
2806 8536
9643 4333
7353 9093
3975 7889
9113 3447
6816 1356
3676 8635
940 985
2730 941
2519 9014
5084 9487
7146 2744
5572 534
7833 5531
3612 4972
6625 210
1437 1248
2962 7547
3840 8037
2472 9479
6984 7391
5445 2812
6625 6009
975 8853
3396 8445
3508 1765
7386 9266
4741 54
1086 1058
9432 3616
1567 222
5452 2749
2436 4284
3271 7982
6968 5427
8672 5278
2162 2268
5308 7353
235 6496
85 970
1483 4045
4356 8076
1620 1006
2911 7568
159 777
3703 246
3769 3274
4137 9112
560 7275
9413 4509
5168 4831
4211 779
2837 631
7354 9451
1897 5109
5337 5084
3672 3966
42 6088
8190 5697
1083 4431
702 8982
9336 3685
2600 4909
1719 2396
4289 4224
9787 5498
6073 9252
1893 5778
8797 8580
2652 3992
1774 271
4627 4573
