placement model: 1slider
width: 10
height: 10
number of points: 100
5642 8370
8550 9566
8130 1119
6555 2333
6975 4522
4950 2282
3200 4755
3893 6218
7598 7070
9335 8404
9113 3728
983 895
4793 3643
3890 9967
5255 6182
4238 348
7221 5277
2767 1376
2539 6525
133 3817
332 1534
4962 3861
6313 5030
2947 8134
2803 3856
4258 7923
5145 7807
5698 9536
290 4384
7974 5671
9564 7343
9317 1392
7684 5599
3467 9165
341 7183
7089 543
5295 2455
4943 4110
3816 5965
6993 2078
9752 6221
2301 2694
2513 2598
332 5119
6933 8917
3778 8682
89 5471
5874 5229
1134 1418
6232 2217
6203 8699
5337 4031
8540 8240
6721 8992
5600 9555
8212 9520
2487 1897
9418 9690
624 153
7605 3783
8862 8243
4012 5352
7057 69
9070 1383
4547 8837
7242 2583
9238 9984
7790 9688
981 6532
5855 3995
2703 257
4293 3236
9838 5716
896 3857
7856 1357
5819 7096
7913 3549
8511 3473
6990 4038
8990 986
2735 7695
8791 8993
8398 5900
3002 3500
536 7111
9013 2386
3938 9491
2629 8432
8383 3343
9680 3407
3573 5679
1877 5482
1246 2507
2955 3692
9701 5454
9213 9575
930 6315
9228 581
2824 9357
72 5907
