placement model: 1slider
width: 10
height: 10
number of points: 500
5498 5689
4192 2298
7208 2709
4567 640
3713 2697
4658 8235
1269 968
4118 3164
2730 6403
1602 6017
9237 3792
4636 3384
6451 5030
6876 8044
1427 4081
9808 4595
7764 351
8876 5421
7193 7823
3277 1656
6664 4174
240 9831
7720 4458
6461 1820
4647 9534
9144 3996
2789 8483
5733 8988
2497 2204
8806 8135
7310 1806
1645 1751
1465 2256
2604 2241
4125 7485
3982 7206
4149 550
1081 4887
3058 9347
3031 3284
8304 8512
6263 8974
9089 7913
6578 1394
548 1130
8643 6544
1993 5947
4267 1407
8957 4076
6531 6580
3357 4931
797 1401
478 6356
6060 1795
9162 4197
5624 1701
8429 3719
7834 7928
9855 2991
1901 482
502 6845
8612 8774
715 1358
2647 5881
6517 9925
7642 1917
8886 3503
265 457
1306 9395
214 3112
1770 9390
7295 8982
1331 2903
4346 460
2917 6039
6368 6885
5866 4833
4849 7174
6560 2771
3601 5299
7761 6720
6064 1897
1231 4798
746 896
7809 8312
7754 2335
7158 173
7729 4209
8792 7266
6799 8090
404 4332
9364 5705
7932 9867
9134 2267
6152 7703
7876 5308
3613 1754
8266 551
2567 9389
8641 7683
3414 199
5642 3243
9882 4608
441 3251
1761 4976
9657 5099
5457 3845
6576 3725
9535 6798
1571 3055
8863 1606
964 9144
5287 2065
4774 914
4632 6862
680 9826
2999 7021
507 1644
7188 7297
9397 6450
3629 7044
1978 9183
6816 1969
1083 800
3744 5692
149 7626
9493 3840
6776 7649
4042 680
5534 8098
3650 5510
5597 9068
7074 2620
6705 553
5675 3834
8429 1408
8087 9352
1861 9882
2311 8584
4210 6270
4669 2982
1587 3848
3676 1040
6554 1945
7478 4591
3095 4800
9466 4692
5255 5110
6066 4210
193 449
5956 7410
4539 7559
6029 3551
5928 1007
6545 6219
1615 5908
5029 4824
6574 6975
6891 10
6294 888
74 3134
5850 7310
6909 8454
7304 4321
9579 142
2954 188
2923 9832
539 9009
1863 4548
7059 6548
1869 4699
2134 7753
1029 3658
3867 8710
308 2879
4048 6917
7734 6917
491 9278
5755 6127
5451 65
8287 417
8639 3615
3334 7654
667 8694
3489 9007
5427 7821
7587 8205
1626 7597
1838 9338
4859 2152
5975 5670
2291 7656
6468 4287
3171 7996
6578 1355
4013 7029
2880 6701
9851 1953
2489 4088
7167 5305
9061 7271
3540 1342
3589 2046
8225 5253
425 5722
1632 6432
966 9449
327 6521
9968 3850
213 6190
775 3218
3736 487
6998 6938
9748 7540
1517 8076
2754 3692
685 4264
4070 8272
9775 9627
621 893
7136 153
8339 120
8349 1180
9451 3272
6035 4434
1854 2660
4286 2281
3168 3227
6784 9264
6644 5154
2277 8335
5619 786
146 5619
6204 4338
8586 7281
1732 6176
4511 9330
1961 4030
9590 3168
2285 9031
1187 8128
9908 8397
8386 575
7960 920
8952 7135
3476 779
1008 1200
2092 8672
9111 8944
1487 2318
2648 5370
5055 5699
6762 4600
8584 3449
8316 621
4951 4178
8204 4411
9491 1423
7151 4343
1587 9520
3108 6308
2476 9685
6961 9080
2013 6823
7157 4910
8197 994
2766 8243
4414 1546
8139 398
1111 1185
2767 9962
5174 9375
7199 5968
1107 4663
5222 8435
7626 2891
1403 1748
7864 4159
6388 9950
3783 1480
798 9351
4188 7289
5403 2172
8178 7031
2444 9362
3858 4797
6619 6822
3326 1329
845 8250
7884 2538
7961 1100
9551 7980
1765 234
7222 2594
6361 9998
4701 1796
6134 2920
2760 2349
7147 2854
4834 2813
2596 2650
5327 8320
4619 9138
7894 5026
6483 9860
6273 2361
200 5338
4265 1548
3681 2422
8265 4524
514 3529
2676 8902
6931 5385
7641 6661
7687 4081
7070 1640
9083 9402
9091 9306
5080 2457
6056 2872
7772 6831
3432 106
1664 3917
1240 2906
4824 6416
6163 4898
3011 8877
2585 1096
4576 5441
6952 7287
2091 5819
928 1146
4754 605
9298 4003
431 6893
371 1537
2586 5234
8837 2448
2007 201
7602 1366
7566 275
7744 7403
2981 2770
1159 1590
8845 9118
6325 1491
794 2091
6572 9520
899 7502
4677 9269
4415 9927
2635 90
9509 2826
5815 4960
2715 1973
2390 6023
4295 4574
8601 4037
1128 4611
4593 5253
9498 982
5406 1971
7549 1049
2872 7782
6904 6544
7413 4722
1213 3037
6210 3703
6548 6012
7507 5728
6908 390
9406 2692
1418 6294
6280 6979
7896 6973
1542 4359
5700 546
9480 4697
1122 8500
7919 6141
1382 6122
3089 5013
282 589
9829 5794
9907 1063
7319 47
5426 6075
302 5678
9614 2634
428 1827
6412 9072
3084 6414
9516 8813
3112 1099
5172 3338
3419 5420
2763 5932
22 451
3878 257
7356 8234
6176 8922
7165 6490
7237 1712
8852 3693
5621 4253
6847 4383
9716 5378
8391 2912
3910 8349
3136 1332
4756 6607
1202 6701
5314 7738
1162 5791
9924 6934
753 1078
3841 3388
3202 4824
824 1346
8029 1117
6729 1098
886 6586
6404 6969
1315 6366
4597 8953
3414 484
4424 572
7403 4322
2108 8864
9059 1002
2076 6923
1110 3424
5025 4064
1897 1285
4679 3367
9299 3574
4332 1848
8426 469
4868 2926
38 797
7089 3689
2288 6464
8443 218
7813 6755
7046 8127
358 9310
5872 8500
5038 3404
1819 2285
4585 3763
5126 6396
452 5759
2040 7120
901 1975
6180 9290
8316 1331
2957 7853
6258 1817
2391 4750
1172 8485
6924 6857
3704 9882
4024 7442
9257 7390
4674 2709
4102 6647
8993 7083
9172 7356
2618 2483
1418 883
206 4616
5437 5569
7927 3320
3943 4096
5761 9546
8610 1447
7259 6666
884 1985
5354 9524
4417 4094
4689 5535
5819 7731
7758 316
9661 2947
5545 1653
2994 6961
5504 7675
3358 2645
2799 8054
2427 163
2143 6362
7111 3019
6670 2055
1588 9041
8789 2145
470 2140
7005 9578
5767 5949
7947 803
7338 2081
