placement model: 1slider
width: 10
height: 10
number of points: 100
6625 4672
2092 5858
3621 6560
2561 9171
688 5001
2905 8548
2143 3950
8582 1150
8183 3931
5950 4055
8985 3751
7543 8381
4490 8644
7612 3766
5503 3950
5565 5094
4702 3774
122 2874
1491 3230
9948 9424
4380 3272
1325 4984
6616 5953
3420 9960
5695 1685
7443 4211
6667 6909
5157 4994
3247 9026
8948 9852
6526 6931
5189 7418
1254 6260
1256 4455
7000 3147
5567 4078
7736 6514
3258 4931
6732 7387
6770 7681
8520 5813
6900 8548
6149 2460
8740 9059
9200 5956
5799 61
7213 5855
621 104
8994 2137
5973 3683
6822 5517
8970 14
3500 7289
9528 4714
5857 6985
6366 3701
7019 1638
176 7763
5998 3442
5386 9221
7809 8380
562 2193
5990 5511
493 8145
6497 3525
1119 2643
3353 5777
8896 6060
8501 4003
6062 5591
7157 8492
6140 3122
1483 6881
9670 2320
14 863
3764 7604
6764 1383
3147 7845
8575 9339
2660 3674
4395 4955
9157 4361
6119 1699
6854 7529
7359 8653
6584 7449
5395 1105
3735 6292
1499 6219
342 5971
8250 2907
247 8616
6111 1577
4223 9655
6628 1019
9517 7206
7915 1741
2404 9921
2471 6475
952 1964
