placement model: 1slider
width: 10
height: 10
number of points: 3000
5085 2197
9157 421
3563 1902
7357 2248
9486 1924
170 6597
4170 118
9841 9942
2286 8105
3720 1689
1813 2759
4332 7782
9121 578
964 9904
6733 1750
217 3121
8667 5712
2405 4367
1500 6793
2112 8807
3461 2897
6373 1129
5226 6156
9163 4269
4430 3255
4066 7630
746 6837
4958 6423
2940 3675
4997 1175
2363 1411
5690 1511
3210 2246
6784 9066
273 9030
4193 9239
7993 5198
4648 4984
5007 2589
4243 4661
6977 6102
909 113
7755 2029
6097 69
4812 5420
8714 617
9479 2137
3902 8966
7079 6070
4838 9088
7963 5825
3301 1369
5602 2962
3324 3586
702 3892
4142 3000
578 6990
5065 358
4529 2590
6559 600
8066 2547
9826 4691
5262 973
8440 4685
4305 5264
5634 2309
2727 7182
5888 6801
2069 3531
9237 9920
9391 6791
7227 8450
3864 8462
1497 34
2478 3820
3489 5266
9015 5962
7633 9346
9353 9187
3934 4521
6542 7247
9538 5640
1274 8735
5157 4222
9235 2399
5288 4381
7541 6149
3822 6862
609 8297
3274 2061
924 5185
2863 3173
144 5662
1870 3184
8583 9663
1917 6924
4283 371
9747 333
5129 7863
2791 7365
9304 6512
6227 4107
3772 5529
5858 3776
2389 3854
2697 259
7479 2658
1181 7987
8858 5643
7540 3809
839 8886
6942 892
6990 1061
8396 653
2544 9192
2566 2944
8360 3122
2757 2017
5788 3843
9554 1738
6888 5162
8908 1807
4106 1215
4213 6589
2988 7826
4054 2105
5461 2820
2411 7378
5568 438
2225 1605
1367 5328
4631 369
3838 4072
8700 5388
8004 6956
2904 9300
1678 94
9929 1668
3321 1089
6048 4203
1830 2087
2617 9688
8454 1307
5531 3333
406 7100
8275 6073
3871 6794
3797 6174
8587 2552
9129 6952
2800 7488
3287 8028
6340 3387
5503 1533
9846 8755
8163 1878
8857 9362
5774 6352
8173 1068
4950 8263
4143 1464
1692 8290
1819 5080
5334 2448
7483 2394
927 2842
9416 5615
3770 6231
2480 1352
3237 5185
6789 6872
9715 8768
8373 818
3868 4079
8885 8371
1119 3100
8057 2646
1144 6591
7428 6912
7320 1830
7477 4703
1505 1150
8313 657
9130 5348
8940 4344
3722 8882
5623 972
6921 7305
4060 6908
9535 3510
2000 7273
7244 9388
1556 2185
8011 5056
8415 9948
2577 6665
603 7176
9482 4737
6686 9292
1192 4821
4761 8650
1679 7541
8033 7541
3838 7226
2377 1557
9631 9305
5088 9814
4691 9096
4639 1341
4185 3848
7071 8603
6607 4190
6765 575
5964 6330
3419 8350
6615 9559
7381 5020
8948 3032
7126 5896
1806 2899
481 8345
3439 8789
2797 3729
1655 5915
7703 1599
4509 6310
1641 1077
363 7419
3776 9719
97 8687
3507 9319
2635 8801
1971 4294
5521 7352
3126 9633
3304 3137
9124 9278
7232 5649
6361 7469
5753 2584
5333 2208
3908 7546
8244 4401
7760 4674
2719 1597
5785 9587
8604 8224
9481 9558
1559 8992
8634 1082
9724 862
8608 8616
6002 6664
5017 8523
9761 8731
1084 4058
6020 4969
895 5261
2586 3299
9829 2659
2366 4883
6238 2644
7890 2757
4051 4166
2487 478
7497 954
4221 27
7360 4167
2345 7871
3756 1954
8386 6965
9896 1353
7430 7142
9243 4191
6841 857
5381 6050
6327 3578
8739 8106
5795 7423
1730 5285
1920 665
418 3604
9084 7527
5033 6870
820 9912
3292 5616
7700 93
5222 8898
3805 3401
8302 2215
7385 9689
9908 107
3512 3886
2291 2384
4130 1795
9962 9557
7148 1345
6792 8485
5860 4779
4063 3378
4795 1084
5288 5274
3156 6787
5330 3302
3859 3459
5824 4662
7684 8982
8870 7248
9760 8644
7358 7631
7336 2287
684 4024
5691 9472
9576 1944
3982 5524
8264 5382
2826 323
9630 9708
8418 9795
2683 9116
8938 8828
6032 2200
5152 5417
5278 170
7596 6545
593 4874
7181 421
8444 9808
5160 6390
9330 8095
4373 3323
2562 9621
3576 7901
9647 940
4938 7766
4693 6190
5442 7935
5768 5771
3653 9844
4926 8457
1407 6624
7304 292
1364 7755
9643 2822
9130 9150
4872 2336
3039 4572
3938 1332
8662 2509
9276 1906
28 5808
2442 9196
4620 664
6888 2100
2290 1188
2930 5923
9445 1803
3639 9131
4216 2995
8865 530
6464 8933
7846 8507
7947 858
3690 88
7540 4877
9970 4135
9918 5611
8689 9420
3830 2863
4878 7817
8325 6086
3843 7397
2393 6336
904 9252
5927 2544
405 708
4907 3430
5914 3577
3386 2053
4575 4006
2858 4716
5385 6944
2285 6133
964 4819
6438 8022
2589 2771
7107 6862
8964 531
8137 7224
9614 347
3295 4448
1899 3055
136 4414
6244 3336
8937 9975
1180 2151
3373 5303
1951 5889
5991 80
8890 612
8079 5133
4658 687
5540 3153
8229 1488
5332 3599
6823 71
4471 5761
9540 849
4471 6255
627 5949
1253 4076
7513 1717
4257 5017
4811 6296
6269 2228
7240 5980
5877 9836
7917 6646
3579 9679
5596 8409
6007 1386
4854 6472
7853 3283
6575 7977
9023 7516
6156 1553
6513 3247
5789 6582
393 8915
9911 267
9054 3704
4642 63
3531 1884
3534 111
574 5567
5095 7357
5304 2282
7391 3592
3594 1237
6251 3845
2360 2970
3936 5480
3895 8624
3919 6144
9956 7688
4300 8680
785 4274
1540 4658
3993 9692
3673 1606
3062 4966
3697 6392
304 6288
6646 2340
4598 162
5282 3289
3783 558
3765 1855
6295 8864
2007 6097
3995 3466
133 7683
6223 4257
1393 187
9290 7417
1677 1149
8916 7677
2116 2435
881 3575
928 9237
1223 7213
8493 5593
3123 5319
6271 1883
5382 2919
7954 2876
5377 2195
9458 4662
3600 8398
7457 5200
2263 2682
9113 7985
5880 3
1128 2206
9377 9890
2573 6240
1881 7399
2328 5369
1560 7608
9957 9596
2802 4825
751 3778
3758 5685
3045 1999
8151 5142
5170 994
6378 9950
3213 6770
114 958
7245 3224
7530 3318
9872 5994
3231 8335
1163 8383
4595 7727
8138 8042
3045 8801
3977 737
9220 1048
9769 2023
7970 1339
2528 3583
2676 550
574 4423
7101 272
7397 8126
357 422
7181 5242
3124 8064
8121 1224
8035 8494
3978 461
6343 4326
3848 3215
213 8820
5310 490
4972 6444
1207 3120
1386 8816
3648 4160
5620 2303
9796 9411
1299 2031
8795 5070
3929 6124
1772 8286
7853 2691
9290 6482
3130 920
8941 1967
3259 2065
9189 7756
6051 9797
2333 5907
4818 8776
85 5511
6808 3153
3451 8779
1628 497
6130 5178
3055 3250
4944 9256
8604 1877
5825 7126
504 1492
519 9501
4865 5880
5282 8841
2044 6906
3047 4608
1426 3707
2346 3682
5575 2820
1354 3585
6117 6227
8062 450
3621 5969
8974 3111
1415 7721
263 8793
4402 2077
8088 1224
1944 5365
7602 8311
9146 2658
4181 4406
7325 846
5722 7986
6099 721
5855 9870
1484 8864
5181 409
6929 4598
1705 3648
7899 1081
5183 4600
8704 4777
5855 7013
1125 1719
874 4664
6543 897
1768 3763
5468 6229
3108 6863
472 4506
1127 6424
450 8579
8311 9064
2005 5732
3274 8113
868 6472
9265 7588
5455 3240
8798 1409
1220 1739
7613 2173
3425 3610
6417 4106
8357 3160
9546 1355
6368 2703
8867 5862
974 9682
2985 2122
4047 6662
7159 4620
8530 8571
512 5714
756 7388
1183 5575
8121 859
8267 6734
9475 530
3951 7536
5822 7425
3683 2365
1021 6392
3711 7579
3523 7770
8185 9733
890 9776
7133 5878
5015 8309
4078 2747
2685 9725
4723 3700
73 430
5419 8059
2714 2162
3381 9699
4574 734
5464 1488
1061 5399
6953 1814
8781 8752
1685 8196
4247 719
8108 9646
980 8326
44 3047
947 165
3772 4475
2255 4898
6589 1246
18 2727
8777 5148
6275 7712
9693 610
7297 6912
7684 2318
8515 7546
7340 6514
3062 3598
1134 798
6558 9657
867 3193
5668 3128
2628 6487
6757 4915
781 982
6856 2636
5180 9421
3289 7205
7575 6746
2953 3422
6550 6574
7599 6500
2779 8699
9902 618
6626 5973
5350 7983
8775 8763
8335 1766
5024 839
2694 8171
1101 3887
9415 7094
5461 4780
3432 2602
8513 1413
1868 4375
2058 2804
9337 7899
9232 336
5934 125
2028 3851
4752 2143
3273 3926
221 4157
8768 916
1736 4112
6910 1668
540 9397
4655 7695
7568 8798
7330 2393
8701 802
5575 7709
2052 5942
576 7526
2287 3349
7247 1235
7281 4494
5069 7020
516 5826
8211 4495
2866 4895
1500 3233
5484 7812
4635 2558
899 7009
7434 3671
2487 9501
2253 3838
6568 9350
6086 3257
2355 4478
4372 5580
2554 6475
4801 8371
7363 8434
5697 9632
4972 7890
6956 4791
4374 6725
8904 298
2463 1016
9821 3812
2505 1750
3143 5339
2653 783
5708 8524
9511 4716
9830 2857
9666 3241
1929 9911
4966 4887
2851 4455
2978 8221
7474 7722
2607 9738
4926 630
9133 8781
3606 6032
3353 2466
4661 2243
3582 8166
3379 8485
8235 8055
313 3644
2850 6707
8050 4191
8100 94
8855 9056
3054 5675
5058 6119
7447 3213
7545 4077
6795 2206
298 6341
3834 4423
1946 4304
2284 9370
4583 7783
1646 7343
601 823
9185 2604
46 966
4855 4006
8896 174
9139 4461
684 6064
6634 4275
2416 2670
6962 9190
6853 4613
7590 6100
1011 7111
7891 8534
4296 483
7535 8921
7678 7096
3440 2391
8820 1101
5402 5741
3606 1745
80 52
6126 4694
6775 9521
4111 7436
9819 9068
4290 4167
2368 8670
8286 4169
2011 9125
9910 3183
1912 9017
1310 2388
6376 8940
5119 3050
7670 8803
3816 937
1675 3992
8350 7623
8174 6672
5624 8383
2602 6197
9811 1318
9884 3964
9238 4610
1197 9153
2870 8259
8355 2441
4191 3318
7672 2914
2460 9980
8196 748
6995 1285
6057 4651
2697 8066
6291 4320
8622 2434
8495 3729
6201 1030
8016 4626
6617 7229
2507 141
2892 6835
9825 8391
4978 4389
907 9479
8276 9175
7510 8657
1383 2137
8772 4373
1522 5845
2919 2764
2877 3776
355 9674
4671 1578
1429 1293
9844 5257
3171 4519
3005 2283
1258 3103
563 3129
9899 5169
3617 7679
5991 6803
4900 9051
1760 7491
4126 9369
5642 9707
9523 2000
9009 8560
4071 7941
3725 9181
3146 8451
8046 9717
5329 4728
8491 8391
2792 4677
4351 3617
2587 882
7141 9529
8105 3290
1325 7563
2013 6678
5119 7347
2736 3021
1187 1127
7889 9324
8187 5496
1009 9631
3386 9473
3737 9285
6031 9100
4249 6007
2326 4006
2352 1768
8757 7629
5285 7959
3609 90
9001 3654
2227 2061
311 4446
2696 142
5804 3842
3422 8633
8227 5886
2496 507
7392 8363
4759 6000
1440 3118
3976 1774
8901 5984
1221 4764
6430 6305
9127 7978
4911 731
2267 8074
8675 4557
2402 6077
8872 7817
6578 6288
4619 6317
6182 340
7837 3946
9493 8699
1028 7960
946 4279
9542 3725
7056 9247
3799 569
3903 8664
6033 5655
4336 7148
6368 5827
1847 5837
7895 2752
4999 584
5423 4086
2053 5113
6968 1915
5857 6736
6656 6239
3912 1883
7463 8448
6181 5961
6076 6848
714 5010
1714 8150
2750 3685
5191 9205
9446 2566
2078 7245
4344 2323
2214 9898
2696 9753
2060 5350
5623 2183
2879 7416
691 6208
6462 6047
8926 3851
3051 3694
7978 9782
1866 6078
1730 2744
9500 5801
1877 4998
4784 1494
4492 7780
9304 9542
6591 2320
3665 2122
6038 8774
8755 4418
4478 346
7620 1299
8981 4059
543 81
2016 5551
1093 8624
7235 6248
2492 199
5600 1276
3046 3822
8156 8526
4777 9992
5378 3743
8535 3956
5447 2638
5782 1597
8442 2711
7740 232
2304 4856
6945 7273
2911 4336
2108 7129
8912 9966
8391 3533
1259 8606
6845 7499
6474 3549
2452 3799
1577 1904
8261 9610
6297 8265
687 9854
7538 2561
5757 8047
6952 980
4347 1049
1147 2453
846 5475
4464 971
9480 1697
2724 2837
8244 6136
3799 5840
3392 5614
6671 4027
6358 6539
1939 5732
6574 5399
813 9620
3054 4595
2168 5033
1561 8949
3603 1409
5464 8626
175 4526
208 3393
8195 6190
6888 5489
4010 3513
1283 4959
2998 1024
4906 2660
7365 7419
4790 3212
1868 8528
2769 3455
7611 189
4594 1557
3735 9674
1254 3334
360 8220
3576 561
3511 151
1944 9675
577 8839
7677 3888
3178 4298
7883 4978
6946 2953
2379 5686
6543 4739
9572 2156
3091 3073
376 7771
5080 4766
3120 5715
6677 6896
810 4470
1330 5752
6440 7006
8671 982
9896 9938
4617 2500
9895 5019
9942 7863
2906 6138
4061 4322
6784 8644
2547 5162
443 5092
1381 1604
2671 5740
3222 3907
825 1000
1091 4746
8081 3025
6300 4881
4611 6944
9024 1671
5220 5190
9894 6352
1109 352
3564 4129
6162 4637
4448 9990
2312 2717
1800 4661
5601 7921
2652 8455
6919 4412
3367 7867
2465 9997
1880 9493
5928 443
5277 3540
3989 8588
1061 8499
7902 1384
8431 1871
9679 2610
5534 762
311 3068
1288 854
2722 5304
5523 9610
507 2876
4042 5468
4255 6245
1854 854
1597 2638
8192 2159
9106 2542
4366 5568
8707 4885
5978 7376
4170 2321
390 1260
4743 3640
2064 4546
2071 3218
910 1964
2218 8512
5815 9810
9500 7518
9677 7044
4481 3958
6002 9704
977 4899
2792 4678
7708 2738
9083 7425
9427 436
3752 4670
1740 2310
1284 9866
3312 6358
4126 3521
198 9556
2701 2046
5651 6844
9235 7390
9243 8777
9492 3766
6192 3178
2291 6695
4179 3788
5279 3874
7503 5432
7662 2765
8387 3945
4052 8472
503 3911
9296 7999
9096 4503
536 1373
6634 4145
5918 5671
5466 6331
3495 8798
6784 7027
440 5705
1659 882
3119 3146
3268 7436
8898 4994
5563 736
8125 7750
4222 4804
9924 5542
3514 3126
2465 2810
2792 7312
8656 9553
3324 7249
3159 5672
6747 7070
9280 8381
1922 27
3697 7589
2031 5816
6182 819
4835 680
2736 6261
4146 2024
8280 8315
7865 1526
1734 2466
8641 7911
2647 944
3279 4528
5017 5367
7526 2219
1160 8208
9845 2203
8623 8815
1017 3920
1715 1765
5634 5381
5431 3492
2957 2593
2376 506
3359 4341
2351 694
5207 4606
2987 8313
9075 4316
7958 55
7941 3406
4786 2817
9772 7744
2839 1289
9887 3610
3111 3165
7176 3699
8615 4154
4032 354
8664 2406
2281 1601
5248 2929
1326 6365
953 9608
5400 4648
5801 8771
2727 5218
2324 3898
1648 224
9372 1621
9235 8894
5539 5905
4957 5119
1786 7598
4776 6305
7796 3193
3656 3279
5691 3680
7144 1551
9452 2880
6728 106
6004 5882
3042 9962
308 1573
4223 5145
8606 5687
8887 6523
9794 1747
5250 7644
3249 5364
1747 1663
1038 4016
3023 8820
6971 5772
6219 603
6175 8063
6038 6596
1579 4851
2875 6140
6467 9055
52 2586
5864 3345
3354 3977
8279 5510
429 7984
1435 1061
1416 7508
7113 8110
3630 4337
774 2621
4450 7692
5823 6292
5288 6662
1262 8995
1623 6133
6579 180
3522 5058
4590 1847
7975 9350
6213 9418
7131 4737
9344 8169
257 3781
2833 7195
5963 6655
654 7133
6792 721
2932 3987
2366 3026
1438 5157
2508 2572
7274 2831
2669 7784
1301 4223
724 4616
5815 9137
5613 2603
9538 3730
4683 642
9159 3361
96 604
918 5923
3044 5877
3695 8506
8494 8251
1074 8681
3972 7374
3328 4409
1048 5596
4715 5107
6738 4752
8813 5542
3229 4647
1308 2054
2093 5243
2602 8038
9943 7630
913 2780
132 9562
2393 8541
8453 4297
5536 1893
2284 7645
5732 9316
6145 395
6193 5387
2418 5063
3600 3181
6251 4090
8516 6932
7375 3542
3534 7456
8734 9720
8645 3477
7678 9792
3452 1016
1947 4282
6665 4361
2500 7212
5775 6623
7965 5916
2078 6949
9957 6009
930 4856
8407 6729
4523 5579
5291 3716
1272 6793
5139 8907
9227 7167
5183 2725
9378 1766
6814 8138
6762 5841
6529 9258
4728 3646
3983 2774
1331 5428
3489 8228
5799 9997
8823 4992
1085 8223
9021 9944
1857 5615
9707 9525
4393 8584
618 8066
5668 3574
2884 625
1877 1443
7814 975
6745 1890
6479 5764
7539 8909
8152 5113
9359 2007
482 6562
2880 5298
5513 3834
5652 1710
2913 9641
727 9339
1374 4080
8105 6646
9536 5817
2805 2424
6589 6665
8969 6827
2596 9477
2933 9144
91 8505
5907 8425
813 2343
6896 1009
8584 1369
8333 3724
7169 7625
5310 9418
8128 254
516 6996
6417 7779
830 6211
5647 610
2583 5638
7752 6394
6279 8535
9428 9063
7304 8695
3090 3778
7082 2274
3284 45
1728 8722
6883 9627
9862 9138
2478 4559
4038 2012
8397 1015
5248 7789
8966 2348
8321 352
4777 2980
2027 130
5124 2527
904 1952
7368 3112
6792 1931
9685 4389
9243 3122
66 9107
5471 4710
7235 196
206 9624
581 8538
5710 6320
9774 4003
9469 5346
8330 1181
3857 8559
2134 4877
5952 5047
8040 1443
2195 4605
1238 6217
3911 5421
233 1296
6882 9559
509 40
1420 6840
8410 2730
9377 1628
1643 6457
8400 8645
4651 560
7222 1631
557 1235
3384 9288
748 5899
4106 516
1461 1671
9715 4766
1540 3881
8643 6303
3390 561
7658 9445
4302 6697
1451 7494
30 5073
8961 5858
581 4916
4371 4533
2630 1824
4197 2651
135 2875
9179 6976
8427 3281
1118 5709
9958 6907
2155 5549
8136 1988
1813 3968
3838 2476
8920 344
4492 4714
6497 4255
1930 4324
5830 4491
6424 7925
24 2532
1310 517
4808 831
5429 9905
7875 1264
9663 3793
194 8701
3873 4788
2943 2844
3041 3340
4230 5120
3051 2455
3234 8793
3634 5986
1882 4456
313 5963
7631 570
4926 9031
4426 5438
1773 4663
5634 8423
4507 1662
7853 7175
1273 1749
4386 1481
6576 1121
2398 7207
9081 2729
6742 7448
6135 8679
1616 7292
4114 4788
8336 1889
3615 555
3496 6042
3822 3604
5526 2906
7740 3449
2300 3131
6546 9159
8109 9703
4098 2236
8445 366
1942 8555
9369 4572
4468 2172
1734 3271
8906 2091
6492 7058
2719 1190
8148 1273
705 4486
2207 3411
8298 5019
8196 4473
3145 6678
576 4638
9678 4178
9042 4894
9181 5787
4180 5742
3000 7394
3650 5391
8600 180
4769 5477
3418 873
8228 7654
3215 3865
3592 1242
7994 2048
4693 3899
4642 7706
6839 9183
6781 1445
669 9895
4360 8117
1399 6731
7431 8193
7013 6561
9705 7266
9178 6357
79 3433
1211 4801
1563 3031
7393 1137
1912 7652
5498 2790
3114 352
8254 834
5399 9368
5059 4316
9930 2227
6587 9061
5269 5048
9487 6176
1541 1256
1666 8653
6455 1961
1649 1398
1325 6139
7133 4346
3837 9859
8755 3549
2003 7921
211 5713
2168 1273
7758 3465
5895 1451
4113 8554
7876 6772
4340 6202
7375 6833
427 3608
8400 7807
2822 8279
9029 8838
1835 8281
1094 6638
5636 1619
2143 8112
8474 6081
259 6249
302 9473
5953 2870
1079 3929
910 1063
6169 554
5695 2031
4729 7178
7167 3515
8040 2017
1674 1669
4324 3283
6412 5090
7434 5190
5180 3630
2778 9769
6167 2897
1290 8395
3242 3453
5159 1535
497 7244
4279 9286
5842 8220
9392 564
7679 3037
8166 362
2003 4016
513 2273
305 4779
1723 4881
4856 106
840 5795
5465 426
3548 1280
1341 2724
9837 7723
7513 6221
9745 6221
4606 6068
8927 1330
7612 5063
4788 6521
5963 1679
9030 359
7953 7501
1092 9116
6831 6749
6995 4084
5558 9231
5343 5777
7678 1315
1509 8889
2790 5397
9907 7714
5815 1796
2947 3351
7765 849
9220 3061
7257 5823
1853 7007
6270 6934
356 3579
9903 3269
6019 513
5489 1452
3845 4185
9604 7157
2062 8056
3180 8019
8167 9819
9533 5490
6205 3048
7732 3280
6416 6956
2470 1890
5417 567
9535 4691
9006 1173
1649 4626
7312 790
286 8675
3680 6081
92 7143
9891 3414
6972 9458
2657 7979
5844 740
8533 2616
1029 628
8114 7126
160 9042
291 7183
9066 1527
716 9396
8309 8436
183 5902
5385 8702
6441 4182
518 6128
9181 8960
3610 8626
909 3866
1310 2874
9205 2041
3445 7066
6180 5802
5817 6253
393 9155
3765 3625
8087 2151
9424 19
8945 311
4607 8579
3783 2587
4004 9806
1824 6407
9767 3633
2592 9654
6679 4177
6761 457
4401 2618
7333 1517
5779 7188
9538 8127
9148 2368
3761 7535
3331 2649
6196 17
6133 2543
8878 3341
8455 4021
8244 8699
3867 3574
7555 7491
7316 2606
3407 8238
5499 9422
8916 5972
4422 7209
5500 6262
5432 4256
1336 9466
6895 4162
1000 2465
8282 4565
5226 8972
2170 6597
2742 7690
402 6654
1674 4430
9395 4165
9344 1501
7446 1009
3213 3803
2320 7493
5373 3591
2402 2860
8462 489
6435 9854
4038 2875
6752 5774
7017 6012
8131 6150
6768 2369
9731 3194
2236 3620
7725 9070
9741 8248
480 7563
8552 9948
6364 3448
9618 4946
5824 812
4563 2546
4499 3236
5433 5223
708 3649
701 2863
386 1108
6957 1353
3505 4181
9427 4633
4172 3825
5522 9902
7695 2152
9366 1340
7531 1651
9179 6867
1555 3147
7213 7348
6154 9293
8624 2525
2656 2480
9617 6820
5573 6960
1217 5627
8125 8877
2363 942
2273 5448
2920 3699
1615 4196
2114 3324
4943 5189
6228 735
4083 4571
1582 3623
4809 7700
4784 5898
2212 7133
512 1682
5330 8813
1325 2947
7426 1417
1185 4504
9111 6685
9922 155
4960 1225
6798 4787
4258 5745
7182 2250
9161 1183
2272 7813
2916 1388
9654 8158
4729 4603
7492 8997
6566 2783
9771 9054
2463 6804
1570 2745
3950 2738
9497 4988
2117 4978
2387 2521
7980 359
7420 5133
5401 9553
7880 2245
7824 5491
2471 105
2126 854
5635 6230
8470 5123
9336 783
624 4605
7646 9545
1374 7268
4781 1231
9966 3588
404 3344
9082 8353
3155 2688
4466 7214
9940 1589
3242 8877
6078 3218
5455 9234
9167 9105
3939 3843
6636 3308
5116 8454
2801 7708
7550 9610
762 2344
3959 2528
170 3078
1802 348
677 4591
556 5992
2303 3052
188 8979
7126 3481
2668 4093
180 3091
5180 6621
356 9744
431 4649
8132 9258
8962 9683
5117 932
9184 9696
2856 1687
1766 1157
709 20
1790 7410
365 3373
9778 2209
69 5764
3113 8614
5753 6386
7226 6201
270 7418
7950 6022
3759 8230
5170 6319
1393 3395
3137 1375
1264 7073
3676 7332
6827 35
4990 7925
9576 3983
8610 3351
9959 4363
3894 1121
4483 6632
5943 7405
9341 1954
4832 779
9312 3059
3358 1531
6 6792
9484 4581
9076 2194
6807 2711
4619 555
4324 4951
979 4847
6347 8933
8626 2038
5069 5229
3133 3969
78 7626
3362 5363
9805 7707
6757 5886
5159 1869
4127 6669
6728 6794
6560 3586
8428 4451
7127 9786
4028 680
6143 1858
7751 1522
6818 4552
1525 8958
5020 4943
6788 245
8317 431
5641 7954
6426 2121
8121 6126
3851 4620
9714 3955
207 3859
4317 1977
3948 2249
7702 7230
949 4507
6547 4756
3016 3607
7987 8526
2599 9730
8578 3077
2967 6180
75 1230
8236 1052
1522 4449
290 3895
7725 4055
1877 8552
2003 8455
9400 2457
9278 3857
332 6540
1281 3701
5503 7981
8838 1684
3239 5560
9198 7897
6710 6472
722 9746
5712 7853
7221 4058
1064 9270
7730 2151
2471 1528
7803 2591
4172 9976
1143 4969
5238 8579
1627 5751
3417 6507
2648 2403
3458 8209
2376 4808
4301 4247
4910 7017
797 7089
3564 8237
8802 5731
3920 3954
7009 9811
3345 5137
5125 5964
4326 5335
7879 6862
6171 3612
5236 4002
7342 2330
3729 592
7739 3713
9300 7419
9491 9275
6379 5076
372 4073
1405 497
383 9638
5660 6135
3182 4938
1168 2535
3110 2415
8747 3876
9259 4091
7987 1558
5896 9326
3861 1601
2325 9467
7761 6082
3289 2083
3165 4440
7242 4387
4228 8628
99 5910
9053 9087
4214 5589
2029 547
8424 750
6763 889
4275 6944
5717 1073
7325 5977
9631 4650
8749 9557
8882 4961
2527 7648
5542 7999
3292 7778
4162 4999
9981 6259
700 1141
1279 3341
5967 4390
9484 8932
3857 7866
8902 4260
2047 8483
8693 5979
7336 1381
7057 9091
395 7572
6806 2839
1989 5238
109 1784
2704 5122
7288 2205
270 5110
9422 2279
6790 8755
22 2258
5801 730
2000 3549
1575 4213
951 9908
5259 4071
2503 448
4812 6428
4947 7910
8996 1960
7426 1128
538 2641
3903 4964
4907 2748
4279 7001
8625 1253
2099 1773
2657 2227
9895 643
7935 8336
1923 1424
1271 7218
6923 287
7624 8145
4357 8775
8410 6135
6225 7454
1972 6624
2789 5726
3662 3227
7032 1326
5864 4383
1152 9627
7668 1079
1888 5866
3213 8984
1997 494
8781 4428
2882 4500
6610 4335
5086 4823
1420 8725
8489 7018
2448 4779
1097 4139
8943 6677
9219 7896
2138 2145
1315 2010
8361 4725
5651 3863
3501 6869
4711 3266
3013 1955
3689 4479
8786 3664
8859 8272
6896 9828
5422 985
6982 8496
3964 3274
1062 5716
9140 1453
3407 8723
8786 7719
3071 181
716 1066
3474 1706
6694 4969
5788 2997
6074 8002
378 5509
7740 5768
1284 3061
8239 6492
8550 638
7225 1701
5376 2692
6259 6414
924 447
1311 1447
1228 7927
9006 9080
7060 7134
8407 7872
226 8922
30 8296
8376 1598
3315 8437
9940 2148
3534 368
2129 5839
213 5036
5797 5058
2236 4878
1516 1804
4130 6240
4906 9074
6285 9406
9550 4151
3965 8719
5003 7784
3267 1709
9042 2051
6759 8757
5424 9912
1798 2893
6748 7913
9937 7047
5915 5977
6490 2571
922 1093
4422 1583
7871 7025
832 9593
4238 6477
5840 8455
7761 6501
5072 298
5418 4020
2034 7938
7561 6867
7049 7992
6267 8615
9540 1849
7576 4969
1016 6543
1689 1775
9128 9487
9923 306
2462 287
991 6863
1622 6923
8043 97
8415 9027
1948 5237
9528 9990
5526 4246
5755 2302
591 6161
52 3531
218 2430
8500 1645
808 1217
7838 4949
5308 1646
3907 9710
2690 5815
9089 4999
7210 7241
6441 8364
9898 8665
7747 481
3015 8774
1878 9471
2613 6558
1020 2976
3698 5444
9058 1312
6540 2613
229 3750
4959 9657
5418 1081
4939 7363
5831 8271
4273 4113
2011 6557
2664 2579
1865 863
252 6704
6210 2474
767 4918
6897 353
7818 8133
3660 2729
4599 199
5083 8990
1327 9687
7363 7131
8289 2054
7214 2782
5560 6018
9413 9103
8819 8360
2049 779
7590 6633
1042 295
77 9172
7296 7547
8339 2951
9987 9764
5486 7510
9760 6291
1624 3040
2084 285
7576 5526
5360 2218
716 2673
5982 8833
3979 8540
3030 4427
1073 6702
3555 5451
8274 8159
1439 2627
6005 773
1495 4437
7631 9761
5149 1289
7492 3314
6822 3754
6660 1387
3006 5994
9106 4534
4900 6780
9276 859
4203 2329
8815 5226
3725 2692
4362 2219
4337 7409
2197 75
7272 8362
9540 9767
3231 8893
1958 888
4514 9068
7687 4974
3861 5579
9051 4040
2119 8874
9202 7051
1459 3387
2099 1645
2310 4849
6279 1300
2919 2293
933 9791
8667 6496
4903 921
6511 270
8804 8936
5503 4959
6432 3131
1751 3109
2560 7482
433 4899
278 7697
4847 4863
1759 3313
2014 1460
9699 728
2291 1820
9675 6991
6463 6051
6512 7373
5615 8265
6116 9296
5376 741
8046 5183
2184 5475
8668 4338
7955 1869
4538 3461
6094 4478
3751 8104
4694 70
5933 5028
8749 4464
8156 9820
4397 6634
1037 3063
9391 4991
8113 995
8135 5553
4185 878
5065 8468
5413 2643
2127 8607
8618 5777
4364 128
3041 8314
1609 8153
4053 4224
9885 188
8542 4647
5437 6562
3835 5165
7206 4300
3076 4642
7273 3434
176 8775
9602 5424
3532 9190
5092 500
6617 165
6010 162
202 1133
8537 4121
8869 8780
1891 6845
1864 6159
2300 1180
3527 2824
7471 8479
5146 9161
2785 3084
5725 187
9803 7975
4894 1911
6628 3238
993 4445
7244 8318
6923 3649
779 9963
9362 5149
1674 8351
2746 3045
160 2327
366 6569
8386 8303
2835 73
1636 3635
5101 4989
5290 2339
4717 8793
613 6028
356 8624
7707 1130
5011 5241
9726 4223
4336 3544
3922 7783
3839 6653
2488 2015
8526 151
5636 120
7930 6576
948 2825
7599 5892
3451 636
9813 5776
382 2683
6381 9016
4669 177
1197 7296
4994 6407
5942 5916
9920 2775
3037 7570
4842 1899
8110 3984
6574 2189
7619 7892
1783 6963
2142 5761
7443 4665
2476 8486
6868 7776
6074 1471
3962 3099
6031 9833
516 4954
6469 4729
4988 1153
6053 9681
2536 9931
801 4448
4062 4264
1926 6347
264 7463
2226 1490
4399 1280
9603 7104
4513 3358
7098 3421
9896 4755
6919 1753
9779 6716
2162 460
7881 2015
7514 3307
4415 2035
8753 2728
1080 673
6425 8748
1475 9231
7036 8061
2244 5827
6125 9770
6131 5880
2187 6406
4549 1474
147 882
7838 1208
7984 4476
3825 993
6710 734
7235 7521
4819 4738
1350 4383
7899 8785
8950 2267
2937 3640
3730 8128
7255 8696
7468 1941
8688 5418
3872 8375
313 8400
4768 2165
3351 5310
2122 9244
5340 1714
733 8965
6784 4731
7079 4334
2689 918
9691 1401
2175 4463
2365 2279
2787 7987
4794 3588
5602 6034
7778 9319
6273 7723
1710 8781
5789 1588
3250 1332
7740 1868
8240 3483
3827 2047
3105 3258
5291 5921
2777 324
1819 1172
2369 8861
5163 5921
2318 208
393 2533
4490 8326
7841 1269
1185 6266
3334 102
8840 8513
2983 7571
7838 6620
2733 7585
4590 9695
6186 6765
2933 6667
7463 9288
7135 9207
737 1067
4641 4720
3477 4163
6059 3044
6838 8489
1132 7474
9645 2465
6524 164
7568 9718
4765 7237
1783 4174
1135 6315
4114 7556
300 3129
8982 1762
6837 9729
552 3501
6423 8697
7687 5772
5739 1582
8905 224
9419 4232
7305 2970
7073 1937
9554 95
1923 2669
6921 6459
6291 2037
7124 5802
5298 635
6932 2028
3157 2500
7286 3864
492 6756
8388 5983
6163 2999
7392 5768
7489 8938
8348 8446
3136 9386
9698 2388
2338 4375
3847 6534
3184 5138
2529 2995
3806 8681
7867 2823
6602 5629
2527 9736
9396 6550
4610 7574
6621 6008
1961 8612
2621 5238
3868 1675
469 1182
9148 9610
4115 3352
2987 2785
7592 4022
8732 9112
8589 2918
2681 8177
9904 3620
4120 6585
8564 4615
7930 9119
7107 2816
8425 8681
241 2771
4935 2587
2092 6349
2872 2593
7834 4291
4530 4203
6656 697
6942 8589
7178 2186
997 3409
51 2483
8038 7244
6545 6867
2932 7218
5661 5378
1549 1253
9886 3999
8310 4404
781 477
329 8902
9644 1361
2153 2357
4908 3485
3939 8850
9526 499
517 1396
5443 9389
4214 1881
1683 891
5270 7991
1715 9652
7698 4088
4257 8248
8732 19
4019 6407
8737 2358
3625 9648
1343 4373
9767 630
3642 1998
4789 9716
6136 9424
9973 8219
9870 1512
6626 853
8590 5607
4587 9052
9616 2264
7228 5104
8144 4911
2677 1443
3702 3427
5557 7577
2480 9374
9887 1790
3109 5359
1043 2096
1717 8528
5325 5690
1281 4789
6492 990
7002 1604
6286 9661
9577 4078
4295 4580
8449 9983
2038 956
4606 5969
7657 2211
5690 8510
3796 8919
8135 3340
1440 3248
843 3710
7033 153
337 6829
5116 7127
3476 6766
1971 2736
3667 4396
1410 6527
1672 6909
8946 6360
4866 9135
4154 6241
6626 6988
1960 815
1342 3390
4179 2578
3266 5780
6761 9833
6046 1434
1000 9174
3630 4207
1326 5205
3707 7110
7097 2592
452 1167
8270 1030
8199 8200
3439 1234
3796 1446
9077 1119
767 2588
4075 2860
5757 3018
9945 7106
8670 4668
9151 8611
5926 8612
219 4793
5896 5686
1666 8478
3693 8429
7804 9109
4711 1381
8735 4875
4231 4334
236 2662
1691 1492
5958 499
6369 2317
5724 1603
5207 2118
4805 4964
3934 4541
4784 6994
8991 2777
3095 3899
2888 2479
9778 3021
1451 3382
3101 1202
8146 7587
6173 9543
7346 4922
3309 2766
1529 8628
5130 1825
4125 3286
764 751
4459 2882
4133 595
5648 7272
6222 2334
3341 2491
2711 797
4337 8814
4846 517
1590 3755
7502 4165
3266 9102
3165 3494
802 8345
4789 2325
2051 7815
881 1528
9067 6724
7269 814
7747 3960
1174 1482
2458 9815
1162 7940
3490 1684
5770 3210
799 6805
666 9653
3384 8059
6541 2468
5844 1043
9322 5069
3303 1674
5911 6927
8123 461
6105 5726
4173 5190
9763 636
9989 3960
1481 251
9902 8696
9256 6092
7411 8942
4709 8598
3713 7750
7540 1693
5340 7531
4850 3391
9546 9375
6418 8082
4724 2887
3774 8132
5524 2852
6051 7080
1318 1313
2005 7920
2331 270
1228 3026
7001 1059
2883 7604
3015 7647
4248 9378
7322 4613
4823 3350
2583 9960
4399 292
826 9506
3437 7399
5796 1586
6869 19
9579 6271
3534 7578
7780 6029
7843 5428
2973 6678
5046 484
2716 4178
2058 8562
9174 6899
7304 4859
534 557
1651 9466
6217 4892
247 1952
4590 8418
9658 9438
9973 5470
885 8990
1708 2073
8613 6432
1222 1252
914 3683
6387 7549
6402 7902
9967 7354
9000 6150
9576 7992
9238 6392
815 9512
6441 2297
177 8231
7808 111
6307 6918
5308 7400
839 9786
2218 6617
4545 76
92 3558
4373 131
1056 2686
790 1030
8457 4047
5986 8034
7851 61
6998 9075
6270 2493
5308 6868
4271 3750
1542 8100
7536 9187
784 6631
5708 2881
5416 4281
7410 908
4592 4938
8834 5859
2802 4188
5106 4230
4073 2122
6742 7983
6652 1233
4250 2854
2348 5827
1420 2114
9159 4040
7983 4628
7479 1571
672 924
3140 5153
4095 1623
8015 5625
2636 5553
4421 6049
9188 5593
3811 8448
6954 3031
6493 6019
3778 5957
9828 4844
9865 793
2800 1792
9921 9206
3326 9903
3606 2194
4502 7547
3227 3291
9053 5563
4828 7972
636 2450
5149 4132
5744 3177
8815 2521
853 1944
8757 5814
1254 8458
2686 7982
106 4959
4202 6909
4472 4683
7588 5897
2266 9979
7196 1202
5359 2575
3102 56
9247 6066
8519 7357
8216 6402
2600 6562
764 9302
5648 4335
480 6474
9078 4443
4588 4762
9521 4211
3181 250
9387 8955
3479 297
6215 659
3273 7574
8497 7500
6226 7539
7205 4050
2183 4630
9272 7152
671 695
8009 6287
4521 9968
993 4809
2466 4535
7439 5000
7035 6483
675 7930
2287 5683
747 8903
5301 8006
7181 1564
2915 19
9090 1191
9256 3585
7756 6819
2280 3385
9542 1203
9237 9871
9654 4605
2834 4594
896 8988
5639 9859
1629 6108
9289 41
192 9380
8823 9089
763 4163
7450 8226
8489 7300
4136 4951
178 6439
7525 4680
2302 8239
7563 2624
7583 6911
3315 5973
1684 1561
3316 1755
626 3417
7791 6061
5736 2805
8813 6886
7787 926
6265 8444
2398 3356
9384 4795
4541 6485
7582 1841
4036 9724
2020 59
7661 3650
6814 3837
6905 2997
125 5693
2646 929
7795 7239
3472 2911
7236 7579
3136 5239
6605 5587
7619 1259
8998 8556
1368 0
9001 4676
984 7348
7463 2533
7977 27
6398 8957
5263 517
3242 4148
2768 7477
2097 2646
8685 653
5458 7589
9481 1767
5103 587
8996 353
5444 7497
2124 8822
6240 5442
8207 7267
