placement model: 1slider
width: 10
height: 10
number of points: 3000
2708 2952
868 5320
9200 6773
7118 4270
2806 5222
4441 9213
3218 3465
7122 6743
8521 2255
6866 6952
8305 1085
1595 698
2626 2743
2605 2697
8613 7624
1463 1951
1199 8612
2049 522
1938 6533
5120 5627
7941 9080
6771 8830
6951 5471
1090 7437
8939 4562
6562 6512
1841 9136
3503 7637
8339 3634
7326 5087
2247 9080
2206 9481
9913 6749
3705 6460
1322 1767
440 5081
232 2973
2814 7354
6862 5605
9511 728
9382 7004
1900 1006
4981 4896
9042 6248
2030 4250
1837 2014
8397 3567
946 9579
452 4812
7051 3919
2422 4774
9468 5318
17 1925
8415 5232
745 1071
1689 4092
2794 1193
5459 1635
2426 4038
9838 4569
1071 7449
2515 9909
5292 3312
2355 2011
5834 6123
1645 2349
37 7502
3102 3179
505 2224
4429 1933
9667 2414
4146 232
9494 4671
6855 6317
7809 4594
8908 7719
5312 3813
2324 312
5402 2509
8835 8595
8035 9027
7721 1588
1643 8781
7252 2886
2636 4878
4749 5110
9064 6719
20 2558
186 6738
6283 2055
8583 2606
9238 1111
7888 2315
660 620
8828 4810
1731 4455
5429 1786
2734 7222
6939 2969
8196 8853
5500 6158
1193 8460
9349 7218
7367 8533
3361 3230
8684 632
1374 8203
4240 1336
3327 2825
1826 479
7635 5605
9060 1959
4100 853
3275 9032
8001 4393
8454 209
7435 4336
7330 9658
1977 7019
803 9201
5790 4072
1902 3644
7582 1725
8807 1556
2085 1281
8852 2004
4308 6072
2268 7560
2597 8685
1100 9470
8410 9751
6416 6075
3104 9289
226 5497
6311 7213
1995 3848
9819 583
9962 7692
4383 7994
9082 9624
4740 3506
343 3846
1529 7314
2585 3406
6390 8410
6594 7776
9031 6529
1765 8404
8725 4143
1664 668
5592 5131
7681 869
6543 3442
9922 9245
9682 6101
8327 2792
162 2690
3076 7739
1462 850
6389 8650
9680 5128
972 2160
9105 9572
3763 9020
1461 9737
3299 5115
7313 7714
3602 6816
7619 5710
7215 3535
4452 3254
9455 9744
7415 3088
9603 8794
7249 7161
501 6414
4847 9106
659 8305
7912 2937
8119 9912
6470 9198
8225 7963
967 929
3725 2125
9142 3340
3057 7962
663 5093
557 9840
588 6447
5209 3693
7911 2957
6093 6124
3852 6909
6248 8165
9935 9387
9926 6836
750 3010
5891 75
555 6701
9341 9618
9055 3044
3677 5452
4657 649
2858 1817
488 9179
8086 9044
7130 8940
4637 4687
8040 6076
9294 2849
3342 520
7958 2536
2273 7369
7804 9372
7020 4244
2445 7948
3989 737
7212 4264
6566 6035
9687 9994
7620 424
6705 930
6507 7856
8259 5663
346 8742
8345 8979
8387 1609
421 3558
7528 6686
6023 5110
2701 7656
1993 3032
649 7458
7033 3687
7275 3549
2351 5081
7558 5936
3138 9978
782 1279
5050 5465
8038 2920
3495 634
921 4076
9722 7420
4881 584
9528 9575
1540 9367
4260 5639
7082 2942
7871 8679
5283 4825
5374 3573
1604 8985
9341 4070
9428 7132
3396 3414
6217 1586
885 768
6577 1631
3015 9994
4198 4529
5618 3577
1014 28
366 8514
6034 15
4010 432
8497 7538
9454 916
4605 4033
2907 3475
1511 6164
9831 2093
4188 947
5055 6665
1857 3973
3965 2656
1934 5753
6721 6066
6039 6036
3028 6899
1429 3296
8341 2916
3679 1333
1806 8712
8723 1512
689 4780
5918 8257
6406 2093
3587 6535
699 6890
9580 8567
2051 2170
5091 309
9527 1405
2548 4089
7574 1887
2798 7682
4163 7702
8120 264
2687 3179
6656 5273
3500 7008
3266 194
7773 7680
7761 8916
4762 4257
3510 2872
7268 8416
9956 3314
2786 2162
9644 6074
5079 7511
3550 3225
2058 3045
1027 4586
280 7425
3495 1388
11 8773
8833 501
4909 1111
1899 9798
8364 5559
40 3406
5865 8858
3965 445
6338 4443
5853 5758
5097 8737
3308 3667
4197 9602
9923 8800
4767 9480
5130 1651
3860 8342
2911 6683
3517 2228
5226 7237
4107 9232
1981 4232
1809 7532
947 4015
6511 9652
5286 9638
7071 6595
7439 9357
3906 1910
2714 9085
3138 2792
3885 6239
9892 2269
1705 6555
6749 2778
1282 8745
2303 4611
3875 8831
5894 4400
9097 579
1435 8578
6302 3557
5834 480
6235 2591
3993 198
9284 6513
1747 9569
2030 4271
1710 5840
1638 8633
2094 5487
3775 2550
146 2493
790 3285
4640 135
3378 6808
5243 3008
8876 6789
9437 7239
3643 10
2918 273
6899 4585
5205 2531
5504 6644
4038 9265
7676 8330
2423 5628
4714 1701
2515 2152
6884 8488
762 2536
570 6884
248 3166
8428 9520
6428 8131
7229 6005
663 2968
2491 9974
530 7634
881 5687
3023 8203
1393 286
8563 7887
4214 9251
9497 3393
2928 9624
7908 321
3396 830
818 5067
9017 2218
1543 7084
740 1537
3894 4677
7835 5253
7630 2147
1376 2195
5016 3919
7704 886
3558 7245
2931 5404
9405 8868
3654 6314
8727 3367
1647 9492
4970 3202
19 2101
7124 2879
7662 9208
1006 7724
423 7204
3930 9912
954 8586
9038 7329
7581 276
6444 1777
9606 3691
3123 6998
3740 1874
3822 2692
3498 5595
5298 6010
3589 671
8683 3874
5287 6060
8618 257
7914 1401
4905 4238
3409 398
9747 40
8788 3968
2057 6229
6093 856
586 141
2621 3533
7391 4121
1356 7046
4616 6311
7463 9081
3654 779
9503 6540
4324 9676
3389 7244
5938 1870
3719 5197
9357 6928
8303 5123
2411 1740
6762 5383
3413 3567
3502 2823
2633 5450
3259 3388
6995 8478
8652 9073
2814 5898
7635 1979
68 8129
1768 8531
9171 2347
8646 3680
5979 8212
7054 4594
9643 9270
385 9647
7963 2396
3355 3609
4477 3235
676 6600
4158 8655
277 5581
9194 7348
3317 5733
2741 609
4056 5455
3588 751
9932 3420
6652 3548
7907 8135
429 2426
827 6639
9607 3964
2481 8097
1779 2982
9285 8324
6647 7361
7972 904
7935 9534
3044 8405
9870 4629
1261 2581
4373 5307
3341 9135
928 6886
3728 9285
7701 6661
8866 4338
4645 5129
1448 9942
643 1694
5259 7893
319 5941
8396 3511
373 8233
9808 605
8358 536
6748 7947
4420 8368
3595 3771
8835 8173
3903 2163
2831 8973
5933 6522
8632 7355
4321 9066
7699 8640
9938 4743
5465 7656
5869 5075
6716 4456
8240 7246
7963 4631
5772 9438
826 1640
6436 835
2471 5564
1726 3678
7923 8238
2976 2737
38 5658
5166 8195
4063 2788
463 871
1154 5648
2600 8711
8380 4652
213 2487
4503 8145
8105 8101
7857 1564
3477 3904
7427 8810
2004 3053
704 6742
7366 3768
185 5146
1170 9294
9255 2160
1507 5682
6734 8269
7410 9122
8723 2351
1235 3106
7129 4806
2947 9014
5519 9591
7829 1557
859 6821
144 8089
5203 641
5373 4443
3795 8852
9689 8325
7640 895
6805 176
1788 7133
5508 3492
421 1454
1345 5033
2024 2927
6992 8841
114 423
77 263
2787 9357
1892 4629
3377 1982
3173 7085
9303 2907
8142 3763
2632 6336
2506 9001
4738 2833
7665 8291
8281 6789
8780 6815
9163 549
3172 7269
3089 1362
3055 6314
1216 6424
5343 2215
2867 811
9376 9238
6819 6630
4031 6383
8276 5744
6092 5957
2362 6525
9355 1664
1052 4376
1816 1149
3700 7171
2892 6696
8106 5783
157 6182
8172 437
2426 7543
8184 2336
8549 9781
2797 2639
4390 9141
6553 1343
9211 5338
8918 7105
5952 7998
4788 2942
3616 5110
7455 495
3692 7023
3285 5756
1800 5236
6355 4441
4575 9749
4955 7748
3189 9302
7116 3332
681 9880
9224 3906
7365 4683
4309 9003
7171 1546
1455 3806
2005 3672
1656 222
9583 339
8277 685
2242 9573
8316 4828
9033 8634
2703 1611
5278 8271
1940 7034
6997 1957
7275 6967
9351 5085
9286 7054
2924 4038
8306 742
4745 6609
7464 9206
2084 3310
9119 4602
3318 6190
6579 3443
4946 2860
9543 2166
6832 9706
8576 6498
8685 4767
9867 519
2088 3277
2337 6601
7760 6535
858 5935
9952 7346
2257 6209
4935 1391
9587 3385
3300 7106
8713 4323
67 511
2021 9728
5507 4327
8884 6441
4159 6961
6738 8138
2060 4501
8414 7223
1591 6149
4663 7996
7295 999
741 9902
9358 2614
7876 6057
410 1189
1559 9285
6030 8547
4156 8751
3656 380
1701 2115
2552 652
567 8519
2444 2269
5094 4092
9761 981
5444 7003
186 9899
3545 4089
3915 6842
7996 8040
8150 7469
4287 1925
4063 950
6385 9495
215 4813
1211 4008
7674 3547
696 9458
9188 7286
2487 9518
5599 4932
7114 4422
7654 6641
4019 1180
9184 5310
1882 6228
2704 1193
126 6563
682 8210
4936 4509
2471 4592
9386 1615
9201 2896
2334 1163
5325 7347
8038 7625
9526 4591
6607 3324
4270 2018
9811 342
7288 1471
9715 3573
2576 9272
4823 1835
8157 5996
759 2570
8428 7814
9917 586
3552 1981
6535 8325
7278 3664
7813 5623
1770 6622
9268 2926
4690 8570
1314 4350
8940 1226
3144 4283
2251 4317
9427 4206
8454 6577
2431 7267
3055 2442
6801 930
7511 5651
2535 7788
7060 4084
5596 3456
6106 5783
2361 8987
2318 7785
7632 5397
7843 5237
1130 8434
3455 3669
7364 6425
99 5203
7644 6389
4345 4481
2663 1509
3506 2991
5879 9456
2901 2485
7176 6583
2066 2636
7141 625
6823 964
251 476
5636 6299
7444 8552
4975 9576
6228 7032
1018 3879
8224 3796
2480 9652
7978 2585
5173 3863
1594 8584
400 440
5927 1734
7241 4050
1204 4592
3055 4431
4649 6421
9371 1697
8433 9570
6134 2203
5644 9450
8648 3892
8310 1106
7370 9745
524 1407
8979 5399
6469 2105
3639 758
584 2974
4555 8876
6654 2045
6143 1280
6358 597
9888 3334
3314 2708
7704 3686
2464 5897
2547 9273
6005 1702
9365 3075
6437 2370
3108 2583
6578 5130
932 4268
5740 4024
4291 8202
1811 3850
7981 1428
5946 9266
869 1064
4105 1419
2697 6803
6683 3846
2538 6751
4555 1734
2659 5483
4703 2133
9755 5018
9708 4267
2775 6918
6520 3445
239 4433
1665 3160
6501 3424
4832 6543
2715 6582
2679 8162
2013 7176
5951 5431
3352 4244
9437 5846
934 4240
6835 1982
9902 7327
7243 6149
3097 8303
8114 3174
9114 277
2021 2691
8083 5399
3474 7062
6960 3107
4041 1658
1601 8317
318 6993
418 4176
2190 3454
3457 155
161 87
2452 1457
2784 1438
2645 5081
3572 6623
6043 4329
4307 9655
8332 3508
5533 1610
1488 4864
8678 1513
5061 7603
4806 6884
933 4772
6995 5625
8100 9721
4648 8350
2797 8035
3598 4055
6282 1206
7418 2010
2553 2992
9369 414
9933 9230
1585 5941
2738 6289
5389 8480
3328 9882
5069 6000
503 4728
4563 2369
4811 9208
7292 1477
9595 2995
992 4154
4327 1005
4407 129
2 2337
2456 1393
6823 5035
5801 6637
3220 3706
8945 5407
3403 6369
1527 3999
785 6866
1585 7132
8773 6980
5932 9713
7342 14
7925 9935
3993 8450
5207 8607
3998 8809
6110 4774
6080 1843
5369 1085
779 9197
4038 438
7606 2652
839 2496
4279 8318
1356 1560
4425 8921
5049 4024
2919 4004
8388 9231
7271 5711
7303 4671
6964 964
2792 7854
9801 7827
8355 7964
9778 6598
556 9249
3038 7150
5413 135
6140 8643
2829 686
1300 6853
3591 5771
2616 1622
4189 1885
5857 2691
9282 5597
8340 429
5832 6440
6453 418
2132 8767
5970 7707
4363 6569
6076 1640
3359 3983
8034 343
3605 43
8678 6465
8317 492
1893 7985
9785 3280
3135 9144
3936 4989
4932 8792
180 7358
276 7070
8367 7478
5639 3395
7859 3521
4140 4906
4652 5623
9270 6526
3743 8206
4558 3668
6645 1654
8468 7568
8117 400
2297 1985
6889 2060
7855 8613
7191 1284
8164 9472
5505 8730
2524 8721
7378 192
3548 8547
599 2551
2424 3612
1598 7517
7439 4119
3385 1226
1923 6422
9335 2019
6140 4389
1315 2757
605 36
3968 7465
7329 8101
8987 611
2932 9478
5461 7238
3205 7079
9918 9303
9960 9
1595 2703
3089 3054
2259 8288
2314 7286
2246 1964
273 9977
405 3904
485 8048
9006 1531
5970 9639
4453 7382
4063 3795
4002 748
287 495
8533 7051
9444 9051
1314 1428
699 4837
112 6926
6614 7696
2228 1202
7124 9145
2667 3725
2189 5053
8603 217
8990 8345
4545 6697
4474 8383
2428 726
3322 3105
1997 2230
9800 52
6617 252
4354 9051
4248 3936
6155 588
1109 7398
5070 6370
4190 752
128 2774
9920 4912
6544 3645
8978 1243
1498 8369
4036 1465
139 7423
3680 5065
6944 2317
9149 6969
4084 209
8718 4841
2329 13
5580 7925
7571 4367
2495 1048
1306 5361
3352 847
4282 7667
6578 5582
8216 8981
4072 2633
5364 8700
9828 2952
4661 7425
8554 2578
5620 8377
5279 1953
3462 6397
8814 3110
2917 2481
793 6382
4399 5797
2576 1110
2786 6123
7160 2255
647 4991
3991 783
2619 9820
199 1540
4001 3528
194 9518
424 2104
6933 8302
2918 8082
1743 5384
7038 808
5159 1242
3060 2313
2200 9272
6660 6990
8055 416
2750 1177
3518 2711
8005 9918
271 6370
6643 4839
6597 9629
6895 9631
2391 2475
9716 1359
5405 2424
7056 8445
1047 3525
2266 775
4835 7800
5955 8742
2371 7686
9527 6296
693 4317
2539 247
5180 7712
7850 3427
2583 6593
1318 5849
4451 3711
2511 3145
6637 4424
5833 1354
6040 5898
3070 1971
6194 502
9959 9860
9774 8814
9896 6098
2706 6174
4744 8720
988 1988
5622 1542
5969 1375
2098 1865
3161 9106
1122 7296
3593 6135
1513 506
9683 4936
4670 6500
8597 7288
8237 9083
8595 2095
9831 4690
7843 4258
841 881
218 1924
8048 8510
5906 9858
1808 983
2731 3728
9786 9765
9716 3385
431 9317
161 3725
8336 519
2933 9082
2524 6153
7013 9472
1855 2968
2729 2891
5470 590
7837 1894
9055 3762
2983 4829
9637 6127
651 9789
8381 1465
1799 9642
7028 120
1097 1714
8986 330
3823 7947
2843 8829
4340 8126
8677 8103
3815 8019
4211 7474
337 6075
2035 3712
4783 82
8809 183
9534 6651
9718 1218
9461 3961
9701 9968
8907 4653
1707 8675
6678 1632
5404 7618
6489 7260
1672 4675
8923 9429
1991 7934
2051 6122
3049 2795
607 8543
4050 3958
1632 1339
4087 2755
1169 4635
6242 2055
292 3424
766 4277
9085 4844
7149 5461
6351 5441
9739 991
5645 3935
4088 5617
4599 1416
6292 4479
8133 875
1529 7104
4783 4065
6211 8402
6922 466
5384 3402
7181 3401
7512 2310
4266 4140
1522 6413
4016 1911
8560 5535
2030 3942
7244 5577
2098 3220
9438 474
1509 572
5565 8656
2493 6964
5405 4690
1974 3885
4540 7346
527 4590
3752 5804
2883 5309
5993 4706
7125 7984
1743 7682
8329 2461
3602 2179
9797 7527
1365 2453
5279 4376
8246 9749
7110 9270
6998 2580
3627 681
8643 356
9154 1179
4230 4407
402 624
4910 342
4288 5261
9827 1138
8039 6967
96 7558
575 5865
9976 2149
2895 6053
3418 7997
2565 114
1163 6499
6635 6442
7560 5824
3386 6140
567 2427
9110 9067
8144 3652
944 3941
4729 1331
5151 2220
3082 8826
6724 2377
5993 279
6240 8194
122 8530
5396 809
7460 3396
2003 9860
496 7090
2587 7609
6379 528
5525 3852
324 4358
1636 1135
541 2230
1613 2711
7872 2834
9064 4020
6068 9792
5120 6554
8318 9986
243 9458
7067 4159
4163 39
3837 3458
9357 2264
7630 9100
1202 6974
2232 6172
1927 2554
2360 7524
7040 7190
40 5876
7347 8077
2993 4470
7668 2201
4875 9070
1845 9197
4205 5496
2555 5652
2705 4282
5509 6656
3196 6217
1863 9044
8140 749
8493 1348
9055 8900
3034 8168
2993 1537
2534 1435
9493 2106
8112 5895
9741 1278
3992 1358
9117 7393
7093 901
2885 6073
6977 4768
7985 728
9042 8420
5980 5611
5769 4405
3479 3303
9149 5545
2440 2733
2499 3061
1195 7599
4547 7429
8280 7197
4676 9636
5442 9754
8623 7301
3843 9506
5233 6297
8048 3361
5440 9576
9619 9801
1154 5091
6903 626
6608 744
8193 4509
6203 1871
3802 5053
6577 8146
1417 4193
4887 3506
5504 1357
6695 1233
5260 7275
8337 1877
5739 2717
6708 512
1056 6054
6167 6463
1942 236
8472 381
6921 1474
7153 2986
2451 6953
6033 1138
4950 7341
8085 7844
2347 4336
5871 9578
4678 4971
4821 5191
8131 4242
326 8987
2278 387
6038 5695
8766 3343
8834 8128
5038 1056
7284 2300
26 8942
5713 6180
5059 7205
7449 6217
1189 1713
954 8341
3072 4448
125 5035
2291 2236
7914 9639
5793 8909
3936 3931
1483 7008
904 773
728 8432
3759 4784
2086 8760
8634 4679
2907 5628
3490 1376
73 8356
8165 5456
8821 5382
3320 1140
7475 4445
1987 9016
7656 9919
3706 6396
3607 2355
1585 3519
6112 4815
108 277
8623 5756
6554 2038
9653 7538
8751 9007
6983 3328
2238 9195
7306 6968
9950 1079
6994 758
5253 3175
8416 4207
7738 1713
6814 9187
8638 6111
617 5514
1377 1610
5628 6713
9300 10000
6507 406
3377 8077
1020 4177
8125 1586
8780 9995
3707 1301
8830 1824
8509 8996
7267 4342
6482 855
1197 1211
3820 2148
8652 8113
8599 3662
6833 6431
7690 3664
6166 7829
567 3586
3987 873
2280 359
3153 8990
1469 2393
2907 8285
8791 7410
2589 860
5335 949
8235 1156
4293 3762
26 8493
5948 3103
8127 912
4847 8127
7015 9707
8146 9032
4799 8967
7670 1860
7883 9683
2226 9380
637 517
8569 3681
9183 9697
5994 6485
5568 3618
8927 5303
3086 3230
4251 1672
6969 6297
345 6177
9065 8573
7530 683
2744 1224
4236 5371
1317 8285
9069 9965
8242 3661
5236 9400
9298 6964
9465 2411
5779 8119
8055 354
8466 5332
3815 8040
6518 4607
9107 8773
2006 3541
9840 3553
9839 2932
7857 4808
3517 3619
3106 4068
3520 2470
2853 940
5669 9401
9449 8565
2971 6182
2350 6736
3679 4767
4027 7644
5911 7311
5971 6636
3665 5736
6002 6835
2597 5664
2147 4158
6582 9454
3694 7834
2403 6108
668 9564
8705 9374
4563 8659
5668 359
495 2760
894 3111
3222 6581
7875 2720
1088 9494
2758 5774
9962 5357
3409 6552
297 1896
3547 98
6486 4168
1624 1727
3928 6832
1737 4042
7181 959
4619 2849
8851 6707
9404 5181
7341 4448
4552 7072
9215 3148
1853 4627
1564 9218
4601 509
1259 1695
9931 5180
102 5140
9724 144
5184 4576
7033 6228
2014 2496
2911 8882
5688 5092
5400 5908
7886 5042
6102 4835
9210 9527
2519 1557
1927 8889
3609 3642
3489 1029
3303 6305
2071 7055
2784 3393
4100 4430
4570 5749
9143 225
2657 9711
7996 1189
8614 9019
8260 1991
9135 3748
841 9817
3878 3930
3568 8699
6918 6726
72 3994
1813 3423
7188 7533
2190 4138
612 2033
9702 4256
7282 8006
5063 7024
1190 2056
9567 715
6609 6707
4500 5921
1861 3215
2282 315
2700 8374
5484 4573
2454 347
6669 533
2392 9035
9779 282
5196 6226
2926 1512
3724 614
967 5423
5185 126
2149 6936
7973 8362
7696 5073
2541 5349
1921 1134
6679 4395
1820 8941
16 5658
8574 1336
3825 1523
6569 1134
9707 7201
2429 3405
4645 3192
9266 18
7584 9435
1155 454
8943 9897
4710 540
4025 1846
4679 7661
1724 6467
5599 4656
4217 7349
9981 1327
8001 4050
5068 8522
4333 5996
1651 7495
1648 2136
317 2848
1467 8074
7705 737
611 3207
8307 6726
7679 8141
4610 4381
6278 4194
7918 4783
9796 7886
6805 1728
563 2450
251 8762
8684 5629
4091 9170
9294 2463
8690 3905
2751 9367
9684 2857
9478 9682
9818 9257
9595 9780
8977 854
3521 1540
3596 1815
9155 6038
573 5862
5257 2356
7715 7435
4656 7733
434 5804
7890 3612
9551 1163
5495 7580
7759 6650
4939 6050
5059 7266
6252 6690
9865 9523
4829 6247
3142 835
4911 6599
4393 9361
7838 2763
6982 9607
5585 5472
7171 1490
6347 556
474 685
507 8481
2414 3875
2804 9928
2693 331
9373 149
8957 8483
2436 201
659 5318
9761 4587
110 6168
1429 6157
3122 5925
2973 5027
6149 509
4406 3011
5723 7950
2171 8183
1942 4147
2656 6191
2407 3062
3800 3523
398 1151
2512 8118
3159 3378
7752 7874
3134 7208
7375 8154
5104 862
4405 2967
5121 4257
9815 5170
4948 9086
1583 8624
1529 9116
9830 4371
2950 5919
7522 6268
9556 262
2035 5336
472 3489
9765 4954
3952 2632
8314 6937
4640 4906
4171 9314
3740 4193
7276 9576
3755 7026
727 3163
452 2042
5787 7028
1072 3823
3096 4642
4907 3229
3599 8077
4085 114
3991 8313
5805 1299
2868 6360
4175 3220
4207 6441
1451 1908
7303 3601
7637 4071
9314 5708
6752 7951
5178 2074
2856 3102
3068 2465
3163 2400
4142 1670
207 8422
7419 1268
1493 3174
7205 7352
7926 9670
7201 5278
3324 2403
8256 707
3215 3291
6075 3832
4714 3703
4417 452
9676 6447
713 7165
7170 7169
4695 3992
5224 1375
9188 9479
7096 8093
4652 9183
1828 9042
3974 5822
8161 7609
9407 503
2670 393
5645 2307
4660 6388
2283 7798
9573 5206
6375 8879
2497 1675
8599 5548
4820 3198
8092 7789
8904 1017
6719 2341
668 9452
7287 7
9115 1064
7150 8748
218 9379
8784 2699
6179 9792
9883 1241
768 3216
4320 2699
9082 8352
175 7893
1111 6306
947 80
4953 3518
3890 4905
9017 107
206 4320
4156 2857
5457 2264
3568 9981
4974 3897
7843 9158
1241 3311
6861 8768
8549 7083
2066 4356
1649 9629
4077 320
9091 3382
1862 311
9390 7407
817 5538
9899 1434
3541 6017
1687 3930
1786 463
5627 525
2326 3728
1175 6940
4146 4102
3449 5792
3253 2199
1509 8121
5930 5619
9602 9524
7373 4427
2855 9841
5786 6911
9421 7594
9622 4710
5869 2189
6403 9841
338 5280
2221 9089
2687 5970
9563 3016
3041 6764
5333 860
2619 5758
8451 4752
7718 5365
76 5416
4580 9778
2239 4228
6188 5175
803 3181
8119 3552
682 1222
4082 6267
643 9941
2996 1584
1652 3947
4326 1003
8779 5937
2452 3554
2139 1477
6453 523
3187 6322
1099 5138
5439 3281
426 2552
2526 4719
400 1187
2624 5713
5179 5480
9604 5736
5324 8906
2506 6310
1990 8984
8711 6731
273 8177
3449 9254
1581 8290
6853 4605
9685 1120
3880 4943
3837 1045
2425 5401
4353 6849
137 1989
1058 4032
5553 1290
6880 8827
5517 8129
7917 6783
9812 6891
938 2790
4461 2537
5397 7255
8291 1599
6519 1685
1798 2010
7977 4319
1676 7047
9539 4799
6387 5166
5153 6675
2744 661
9234 7567
4861 5816
1980 2821
7397 4675
4419 8153
8651 9380
7106 9256
2405 552
3837 9121
976 348
50 2486
9028 5376
3683 664
3439 3457
3869 720
5825 272
1478 9400
9330 4647
6312 4577
6938 9646
1141 4301
706 4545
6077 9136
4916 9176
1045 553
8095 5189
9184 833
3342 7042
3080 446
1580 5736
6085 4471
9326 9605
9512 5210
1364 5294
3783 8898
2766 7534
8731 9862
5754 1115
7537 5655
1599 7651
7173 1096
509 8740
4119 7587
9308 4564
9752 1413
993 7986
8202 7426
5163 458
4984 9989
3342 4518
5831 5552
2570 8265
8988 1036
1016 1565
3789 5648
3240 2874
3536 9566
6776 9404
2747 306
4286 2346
8706 6134
8678 8283
3302 8820
7943 2791
5155 2199
5139 3192
1292 3492
8083 4056
1053 5121
62 6879
1123 7977
7578 6520
6309 4718
8814 9818
184 5788
4538 1461
1534 4998
1439 2675
4871 4395
4586 3597
3035 3126
5455 9790
7843 5460
6229 8925
9714 1231
5079 7564
8883 9841
7343 6500
1116 5257
8302 5272
6955 8271
6352 5546
7492 9621
9094 1029
617 7579
2566 2138
4930 4788
9434 6127
1757 8275
7575 8905
208 6299
5339 4205
4241 8923
6272 8847
8271 8955
8236 1627
3754 97
893 9606
8085 420
9380 2931
8532 8518
999 4459
1034 6471
326 9729
2780 7344
161 7397
7368 648
9807 3113
6739 7268
1057 8465
9391 5050
2031 6873
5488 4077
5663 3747
9848 980
4569 5869
4805 5505
944 7227
3410 7236
5696 3813
1693 2586
763 3668
2826 5757
4883 5950
20 4562
8285 6766
2163 3103
6587 7279
482 2621
6596 1598
6471 4201
8528 866
4061 5946
6536 8939
4659 9933
5603 3003
692 9747
5500 2981
9841 3394
7931 8314
5070 7045
5990 3851
8202 750
6547 7155
8726 3536
8696 6661
701 5698
8923 4297
2013 1913
755 8109
8395 8401
9325 8280
7974 1854
1342 2235
1775 7214
1349 4464
1554 3871
8521 3618
7939 6947
2918 3370
4214 5585
3875 9226
4399 6516
3480 2175
3350 7734
6579 8357
4170 1068
9625 9013
6231 9453
7836 186
7308 6606
5070 7252
9982 9353
6599 3519
6214 829
6675 6172
7513 8229
1915 5398
4277 7087
8654 4193
436 8241
7842 5985
3914 9570
2306 6002
8431 3317
3217 4817
7713 3352
4096 40
2030 5568
1861 1701
3825 9175
3466 364
1384 1304
7596 575
6599 3643
8179 222
4141 1551
5690 8851
7199 9367
2991 2590
6851 5449
7311 539
9051 6279
6327 8760
3466 9683
7354 7188
4285 5640
5508 759
9236 6869
3391 6444
9345 888
9984 1332
5866 8571
6994 4050
7293 2127
2841 7326
690 7731
8726 7686
5873 9206
7358 6627
235 6832
7741 2537
5063 349
6650 2002
1642 7328
8943 4729
3967 6427
1784 897
4650 6777
4094 4750
8000 6102
588 5642
6794 8498
6237 1976
9490 8742
2192 6024
699 9612
5142 5343
1641 7946
5162 187
8665 5391
7401 5664
9198 1347
4458 7497
5506 1076
9160 353
5911 886
7850 1466
5898 7542
8692 5511
682 37
3450 9498
9766 788
6741 442
3172 8330
1021 2346
932 2840
4429 7441
4511 6846
196 604
4324 5770
7835 7644
2618 112
6754 6014
6302 3120
7260 5969
4567 2436
5313 9406
8875 4257
1243 2604
9176 2940
6142 6112
5870 9083
2547 7360
1511 5885
3995 452
9105 9557
1668 3784
5614 1926
3686 4345
3872 516
6564 2568
4880 2407
1343 7205
9537 5018
1220 8510
267 7405
188 3695
5024 4659
4073 4247
9290 5273
9310 6798
5429 2054
2992 6149
17 24
6552 671
25 9662
2946 383
3148 3520
412 4051
9716 15
2843 4488
1257 4444
1279 5783
9445 6437
3136 1392
1506 8108
317 4036
2297 3754
314 4960
7115 4364
1486 8491
5929 8111
4149 3994
1321 2832
2009 5854
5366 9399
7131 9403
6472 1373
4503 8152
8558 7000
4009 5109
1240 8727
2762 8342
4714 1189
3809 171
2978 5237
9625 62
3390 8084
9610 7384
9778 7401
9338 8352
3174 8034
9235 6304
4736 6261
6857 2880
7010 7876
4995 1465
8050 3975
875 7403
2600 9952
7671 2471
5429 681
2403 7733
2042 3737
1556 1271
9318 5660
4385 9394
2013 8973
1036 4259
8909 8873
3730 8140
1591 401
546 76
3430 4593
1116 111
519 4172
3454 9060
9576 722
8588 6208
2460 3095
8895 503
6894 4555
5168 2199
9360 2393
4657 2644
2679 8655
6159 2859
4779 8982
6096 9771
3157 7980
2166 4603
8421 7096
83 3471
6949 5755
6893 4012
237 9722
8103 2411
5760 1660
9788 5537
7106 7097
3198 8370
7352 9986
4 6892
5341 8567
2099 1435
9783 5420
8019 1415
6525 8351
3893 8693
1770 8863
7736 4404
8160 571
7200 2550
1243 9964
4242 7456
4266 3598
9414 3553
6525 6192
3353 5583
3273 685
1181 9446
4295 2275
4021 7679
4222 8364
5083 2987
7754 5727
5972 4813
2577 477
8171 3890
434 2229
7332 1763
841 8170
7948 7378
4163 1076
9915 4175
5326 5265
6850 7105
1027 4900
1394 5688
5854 5758
749 29
599 8534
7886 6874
965 6281
7125 2801
5737 8347
7937 5512
7668 6334
8674 5031
2166 299
9053 2800
5238 5925
2133 5974
6984 4125
8072 7642
2321 398
2452 2254
591 7392
4790 9757
4156 6639
8638 1704
6618 3254
132 3703
8802 8229
9082 5886
8841 8106
9997 9851
2794 8067
1813 5106
9512 5911
8648 4412
9466 3077
1194 1842
2303 1475
922 1533
8549 7392
2669 8750
4725 6314
8661 1004
3722 5821
3871 7803
4550 7019
2784 4606
1653 5693
6205 8532
2135 2426
5864 4010
4157 8535
350 4388
9579 1
3532 2840
4819 6467
2091 678
8831 117
4604 7381
5202 972
4643 9567
3025 1182
8880 19
305 3343
8218 4283
9768 5753
8539 9347
3955 1538
1891 540
3704 9910
5171 3687
9154 8867
3534 9525
860 554
3941 7579
1382 8441
8491 2835
9024 551
8729 621
4634 4859
9406 9883
945 1935
8261 2003
2990 9688
1979 1599
8774 7750
966 8928
1744 2144
5687 4484
1781 8065
824 2144
1923 356
498 1924
8573 9897
7596 1713
4609 2010
6198 5809
4119 1737
2799 2991
9290 735
8228 402
8351 5228
7484 2531
7181 5383
3933 3844
3889 6397
9567 5475
8769 7270
8714 2299
886 5886
4515 5371
3641 6254
9050 6439
4150 9431
1823 4647
2679 9516
9001 6738
8241 3769
298 4683
2145 1956
9165 5335
2085 6142
2152 1760
5925 3702
5961 6609
3472 7517
3583 2099
937 4776
4872 957
4222 5565
6983 6495
4708 4231
7305 3378
7809 2263
8905 217
6867 4847
1145 1304
3774 7584
1462 7380
357 2686
7038 9254
6991 4509
2561 4102
4513 6359
6457 2940
5561 9406
7507 2947
8293 1360
4578 6209
7759 8247
5361 8563
8018 4094
1042 765
2567 9556
8754 1125
853 7612
7071 7350
1436 5554
7099 4226
3014 7397
5316 8897
5383 5071
5232 4306
916 651
1687 182
8769 3729
8908 4688
774 8664
784 8125
4841 7965
9070 3880
5075 3311
9617 5039
8145 1654
5018 871
2798 2325
6769 662
5743 3458
57 9315
3067 2791
927 1425
5407 4249
8342 4831
7784 9869
4963 5621
9045 8858
5452 7028
6045 1217
9007 7560
6070 7758
8463 9415
7911 9151
8528 8485
9433 9396
1722 6231
1711 2332
9901 7365
7197 8934
235 8786
7140 4299
7385 5684
1568 4727
9106 9270
5406 3464
3852 3740
3520 5331
6055 9470
6890 2530
4513 861
910 909
7733 8452
4418 1792
6173 2338
7860 4905
2270 1669
5281 1317
2918 8882
2098 5973
9481 6446
8633 8934
4203 8425
6362 4381
6412 9707
7845 37
1648 5899
6974 331
142 420
853 901
3415 4703
1485 4730
7754 6418
8948 8396
1412 3936
6242 7494
6636 1140
7295 764
31 5153
5092 3028
5494 3190
9846 1667
7270 8067
9192 1480
1420 509
1586 7851
6040 8409
6105 590
5695 2191
7555 9046
5429 8551
5805 302
8213 4575
1521 1349
4600 2138
798 3368
3341 1073
9061 7357
9835 1503
9181 638
469 3410
7287 6546
5396 8845
2766 9317
825 2125
8611 5165
8959 1714
9341 6053
9613 9705
4462 8170
7309 6680
3724 7220
2698 7876
3245 3686
5357 5506
2295 9351
4822 4452
3303 3246
3047 598
2965 8806
1962 311
5835 4542
3521 774
6543 5816
9789 8870
7543 4853
5402 6286
732 745
3521 9156
589 1709
170 6265
2735 3154
3060 1873
1856 3094
3222 7316
9895 6901
2679 127
8599 1616
6263 4308
8623 304
9415 5790
2251 1988
6266 6765
6180 6848
2429 5147
8714 4945
4959 6566
4038 5734
4626 6388
1223 6213
498 9179
1422 526
5966 3048
6404 3668
7315 497
2422 9173
9182 9929
2292 5643
3179 3006
9615 2187
5095 2515
9111 6574
7842 6759
172 1366
4511 1205
843 5613
9714 5534
6998 341
6754 9140
2130 7275
3066 4406
4693 9090
96 3259
1027 9729
1161 8408
7115 6053
6581 7929
2534 6238
7860 9142
7333 7363
4372 9586
2377 2859
6352 3866
6732 6295
2052 8234
711 2454
7860 656
4307 6988
1337 9107
5233 8989
2199 2283
347 9790
5719 8194
1924 1567
3962 6610
8823 8486
9022 3116
409 9170
850 7316
2516 9953
8403 5868
6864 3561
8871 3738
3831 9658
1253 3146
6975 6892
1021 2015
4985 6364
2755 1709
7193 3333
2222 2516
2028 8059
4373 2294
4422 6457
2381 9487
2258 2778
8305 166
5330 5719
2788 5940
6668 2703
104 5288
881 9881
1761 9376
8346 1777
453 7437
7503 5877
9876 9795
1530 2382
7948 6454
2849 7053
733 7228
9025 6641
358 7033
7504 3153
86 9606
3290 1181
7395 6148
5793 8670
9450 8643
948 7636
7203 6518
6858 7313
2231 1233
286 4463
4633 4548
5574 1309
1868 2668
7165 2151
5048 6406
8469 782
2794 8410
2848 7641
6749 2862
5407 761
4825 235
3385 5883
2467 9503
8055 926
5232 9394
4879 9720
8050 2629
71 7187
5888 3114
1094 5863
7296 2527
1305 2142
8513 2341
3799 9827
7873 3302
5353 3007
2593 984
5544 2687
8105 8791
9504 4532
6021 3541
3468 4062
1777 7742
5238 5265
1883 4431
8135 9355
6382 7730
602 454
905 1750
8306 3090
5428 2248
7779 5936
4796 5830
8129 3492
8311 4288
5176 2652
7703 9663
1762 5632
8943 22
8853 8417
7414 2475
4070 2814
3866 3364
7172 7150
2011 6603
3252 842
3512 3636
1577 5155
7749 2972
4203 9818
2246 7556
8147 7239
8138 1338
240 7509
7447 135
4010 3274
7851 3392
3817 5616
1010 4170
4150 8521
577 7719
9338 4083
9280 1402
505 8984
1225 7185
4483 8248
8402 7271
3605 5916
3746 8192
6806 1537
9503 7612
1603 5617
2563 4357
9457 5296
7785 8516
4752 3033
5672 77
1870 7613
9311 4676
7245 409
1783 3091
8022 3981
323 3399
479 1618
2589 6062
4581 1592
9468 4099
2911 7421
2566 7080
8480 5606
2080 6377
2302 3839
4362 1514
708 1350
3071 1656
3080 8886
757 1050
1413 5309
8493 6482
8968 2289
2418 3146
3994 1122
1240 1501
1767 7636
687 6996
2794 1959
861 1170
7047 9964
4735 38
4219 3850
8187 5248
743 4434
7943 1450
9847 6119
7279 7257
3668 1152
7630 1365
5876 765
6455 507
5187 9722
2789 8382
1771 7516
1711 3026
276 4394
4703 7038
551 3607
1152 5843
5660 6963
2710 9148
9194 6981
4479 3869
7463 372
6943 6207
9509 5320
95 1600
1436 8807
5334 123
6656 8869
2354 3633
2104 5501
6173 2775
8154 9717
2996 6525
6162 9588
5446 1283
8010 5109
4847 6102
5790 7433
8715 712
674 8108
9431 6178
546 7143
7672 2784
8431 9192
2015 3519
1520 854
7819 5881
7209 3004
5200 3574
516 266
5355 7912
146 5813
5625 8101
6218 9989
2563 880
6197 4813
3841 2847
9678 3781
199 2722
9032 1273
4409 9004
1180 4564
2390 807
6267 218
7252 1619
8442 2418
4458 9096
9475 2080
4880 6496
5939 6046
9401 1230
6215 4908
9079 6397
5504 243
5334 1584
3306 6397
4590 2758
975 4047
6649 3778
5393 5821
2358 9149
4416 27
9794 8803
1868 3292
898 1407
8253 3880
5342 9420
1601 79
2702 4891
7591 7763
1983 7981
3862 6000
8671 7792
9103 5888
6118 7780
4289 4203
5075 7245
2027 4352
5322 224
3527 1595
2116 1987
1047 182
387 883
7513 6660
357 5091
8973 9031
43 4919
4449 1973
2896 149
6966 4221
8788 6533
2191 5977
951 5797
9566 2716
1790 3953
3920 7810
899 8204
7316 8898
