placement model: 1slider
width: 10
height: 10
number of points: 10000
741 3408
9510 5277
4618 2974
2181 9449
5926 5860
5995 5025
2329 9923
1246 3026
3315 1652
2957 6450
3991 5662
2580 1886
2489 7822
5224 4350
3786 9947
5071 9649
7057 9956
9759 181
7678 3846
3498 5047
8890 2917
4203 881
7112 7094
7491 3712
5002 5623
2389 1621
5463 1135
3891 4802
3565 6958
6632 2637
6217 6237
661 4851
6768 8713
4710 7327
5758 3261
7995 7274
928 5805
3343 1777
118 9363
4437 1747
9042 1156
6562 369
4753 2120
3532 6798
1176 4756
583 4957
7982 1835
2807 6285
2814 4930
1430 1880
7529 2633
5417 3411
8212 8634
3273 4976
405 6
8326 8894
6155 320
3097 5410
6635 1622
9629 8736
574 2420
5523 1589
5683 5972
6627 1138
6696 4912
3584 2295
8425 7104
8593 3885
9718 609
4631 7917
7436 5983
259 6216
4848 608
5712 6368
599 7714
3940 490
7064 2495
8491 2393
9935 5690
6381 1850
4222 3697
4157 3098
8632 9125
6164 1210
3459 6143
5299 5924
9970 5519
9655 2317
1010 5660
3774 1386
4144 7329
2761 4212
3407 4031
2425 4377
6220 1257
1098 5800
736 86
4188 647
1114 8132
5807 2446
521 3005
4789 6265
241 8433
9477 9568
623 4616
8655 4042
6582 5275
7707 1903
9662 8006
5911 1727
3103 4746
8462 575
9508 6094
5636 2882
5001 7508
7884 5291
3344 6175
3194 9276
7345 7492
9428 6537
2222 948
6053 3170
2392 6750
6542 5828
305 2412
9144 4745
3548 7980
2731 5074
7716 9364
4336 5233
6645 7427
1103 6884
9336 8614
1315 7481
1471 962
6548 3273
2878 7324
5923 8067
9160 8683
9781 7477
8074 42
8605 9928
4568 8924
968 7137
2927 1866
9607 3863
3938 3107
8253 9109
8194 3564
6204 1016
8130 9896
3277 8220
1796 7233
2154 2261
6985 8345
7462 4531
7858 5835
1801 2452
4038 6163
36 4686
8509 3066
6239 2050
4773 8821
9158 9597
2827 1811
1568 6284
6055 8281
3783 5483
3249 3724
6977 7690
1068 8204
6648 1028
5078 3403
8269 8364
4788 8389
5041 1759
7445 2952
3024 6748
1405 3562
5805 8216
7933 2418
1846 1877
5234 2482
895 6789
5925 187
2323 7434
3032 7992
2721 5239
2401 5450
5375 4165
142 1029
3422 354
3619 9122
8208 4171
5257 6434
5485 8974
5388 1384
6146 4199
9708 8854
9314 5832
9688 8466
8986 929
9228 172
9658 2489
3829 5704
4340 9103
122 4770
4534 7356
9984 8946
7011 9018
8553 3288
8413 7876
2790 517
2348 8689
9609 997
9551 642
7814 5893
9465 2492
3215 1409
8592 8208
2550 3346
1702 4412
2424 636
8456 6084
8112 2456
8229 5094
1884 6981
1643 4200
249 4595
1368 8287
8785 5173
3573 2504
71 8292
5440 2849
4530 8396
2507 1951
41 3208
3896 4203
8427 1365
9946 6708
469 4895
8637 3401
3960 5834
2481 1459
5419 2735
8410 2821
2212 2363
850 3053
7627 4624
72 6850
4636 3229
3251 2865
6057 4261
757 8762
7819 4722
9074 6219
645 1466
1479 1822
3468 5717
5372 6915
1062 3578
2004 8997
7376 218
7955 9165
6982 1154
8248 3764
3031 3583
5905 8731
7770 3445
5238 9394
487 6746
3714 4672
8366 1381
2149 820
2107 1399
8799 3462
5582 3772
3883 848
4378 1149
5182 5078
249 3262
3438 6478
1065 9423
2741 2748
9639 3118
1328 6675
8796 9744
3485 635
636 9017
6715 8130
1899 4330
9479 3977
7562 3213
965 2298
411 3054
2593 8175
6127 462
5197 4852
7355 7385
5358 8617
8955 7941
4968 3582
6599 4572
981 3965
5290 507
5787 5831
5553 6019
5969 5306
5103 5564
627 114
4863 3701
5702 6497
4092 1392
9685 8003
8095 6949
9777 710
3977 2982
7238 8235
8966 4444
4414 8524
1829 3382
8395 1373
3704 5043
4776 6561
8103 7931
682 3088
1354 2488
7509 1255
2553 3389
4000 1239
5183 7917
8564 7892
9781 9326
7003 5049
4952 6764
4308 3609
7620 2054
6456 4290
6349 4269
9388 8214
8611 9513
6832 8917
2649 7647
944 6364
7840 3066
825 7745
6608 6786
8342 4469
3692 5731
1843 1209
2182 8204
9165 4433
5906 5264
4912 2785
8722 9913
2247 9985
6110 2126
7444 5473
5125 2941
8113 6642
237 1623
2284 3619
6448 617
1057 1750
858 7126
6773 4918
6390 8253
4454 6523
7761 8896
7345 6605
3264 311
4699 9964
4357 9533
6317 4133
5907 3781
9481 2624
7083 9221
9864 3127
3095 3484
1554 7798
2396 6768
5479 4403
3131 1405
3166 8353
2359 9100
1729 6279
7466 827
3771 97
1715 150
9512 4677
6918 6616
6727 4209
1776 9179
3312 4669
8836 4243
9737 648
7930 3254
5086 9486
2138 7363
4662 7238
1049 7618
7191 8532
2722 5062
2427 8789
105 6926
6663 9716
2482 7109
3238 9383
9640 9397
2394 7163
3842 3414
8819 5429
9724 3898
191 4704
9149 1764
7677 7227
3874 4149
296 7717
8601 2075
9330 1046
4381 2234
3191 6109
8502 6220
1252 5956
8012 2595
1354 8522
4390 6128
9692 9436
8004 5226
4859 1029
5314 5686
1831 729
7896 6851
1793 7778
3336 2650
9341 891
6548 725
8244 8882
9802 2440
6623 4829
4623 7675
9896 2921
6626 4982
8229 1818
7740 2303
4105 2045
5932 1917
8831 4970
2152 7156
9916 1603
7654 1005
8490 3684
25 9339
495 7366
4166 2917
6011 6012
1676 3760
1137 251
2620 4132
6791 7822
4788 8116
4408 6815
8735 9886
7423 6330
2058 8271
273 3352
1086 5712
5497 1271
4010 3871
1374 3119
899 8054
3960 1030
8013 2671
9869 3700
8339 5453
133 621
8553 1913
3365 7053
1496 5084
9801 4301
1451 6553
4847 8003
6666 5620
6691 1486
2334 1265
9160 9480
1789 5569
4260 1933
9079 5645
47 781
8987 4301
8333 7692
6455 7595
6424 2217
6897 4231
6139 797
4694 5821
7487 2480
3455 8722
2124 1126
4724 3689
8383 5408
1431 2136
9243 1390
153 3374
659 6111
5270 165
5517 1395
8188 6329
2025 1313
5750 5432
8505 6744
616 6792
7867 5481
7401 5216
548 8675
9154 654
5043 5257
6904 1897
3988 8551
7334 3013
913 3791
2861 8584
4774 9364
4678 6250
1217 5064
288 1809
2411 2781
8119 3420
8645 3371
5198 2025
1750 5835
4838 408
7193 564
2091 3075
9865 2697
51 1883
7802 6246
5456 5545
6572 9401
2498 370
6199 4278
3472 7870
1026 6902
4856 2190
5580 8119
4608 9840
6329 8832
9865 203
680 7469
7581 8650
5901 3864
2535 9509
2116 2803
281 5317
9310 5906
8812 4459
8202 8774
15 9711
9447 4130
69 2381
5328 448
4645 6951
4534 3846
1257 4542
6145 9326
558 3912
4742 376
2330 8817
351 2259
2193 9742
2778 1145
4004 695
545 9969
9112 7986
691 9684
193 5523
5228 5000
4371 2910
9245 8322
8317 7808
4100 3075
3409 5816
2999 7663
8500 4781
7306 4963
7783 5920
6584 5773
2986 9161
1827 3678
5619 5078
1231 7358
6324 4075
7380 8402
8616 8951
4485 161
9679 9680
3116 375
6084 1611
5752 5154
799 3513
2984 9670
9296 965
4970 1367
7743 5253
8898 2138
2771 1940
2742 5650
9085 794
659 4967
5458 5947
9130 4801
9699 1921
5605 6900
4085 7543
8170 5113
9558 1186
3163 6137
7953 5646
6340 9832
1088 9755
2244 1061
5484 9321
245 9587
4855 805
6217 6516
7315 1833
300 8448
7215 4171
2903 803
8198 4481
9103 4569
5705 9774
2865 2498
5664 9724
6071 275
3964 8078
1549 3112
3656 6580
8061 8002
6972 1286
8626 1979
8947 2271
6353 7599
8313 179
1868 1904
5318 82
8370 1115
9036 1387
7119 1253
9251 9765
3714 2389
7962 8049
6918 2316
1745 7493
2653 4171
5732 4007
4608 6432
7470 6128
8219 1604
3700 4740
4999 3251
6762 8801
9476 4553
7235 4116
9484 8564
7837 1247
4203 5313
315 4158
8048 2865
9348 2990
6181 5362
6157 5285
3003 922
6882 3016
9196 4786
6827 1928
3621 3046
555 4250
3865 4541
948 5995
5679 5709
637 6129
2417 7437
3085 6001
8158 4542
153 1947
4082 9063
6152 2160
6740 8329
7327 3496
2784 89
3319 728
3494 1106
742 8456
8491 7660
8170 793
6772 2488
8998 1887
7064 5661
6194 9270
4667 5266
9740 5391
5460 6113
4900 2276
2718 3108
4925 6406
9754 6882
5899 1558
9438 816
5484 2141
1554 9286
9820 8495
5504 5190
6642 9080
1843 7037
5109 5917
5423 4504
1299 6089
3226 2862
2090 3140
8124 917
7081 5070
3407 8411
4493 9068
1315 9194
7223 6593
1149 565
8454 5404
2074 2275
6914 2578
8151 8546
3935 9920
6969 3050
7194 7978
4919 7932
9249 1809
8434 4205
7631 6621
824 6517
5395 793
5128 9349
6542 5510
2075 7341
904 6202
8560 8335
1567 8149
922 1967
7649 2152
9613 3947
6127 772
9847 1030
3777 4927
9804 7984
9459 6586
852 1519
5071 7169
7466 2599
7634 2365
971 8275
9686 3524
8534 7244
256 1039
3896 763
2989 8155
1877 3712
4592 1879
5716 6566
1161 1861
3516 5905
5372 1572
8094 5985
7805 2041
9809 4629
7812 2655
8171 9376
2062 6886
6337 6172
7837 1768
6231 8526
8662 5297
3435 9194
2121 647
8395 8084
2932 8953
7683 828
1075 1914
3592 2455
3432 3583
1334 1467
8682 7019
6764 4659
7975 8006
1974 7991
6842 7393
6108 8778
6180 2091
162 9177
4920 3944
1204 7145
800 1332
8758 636
9245 6641
4044 7338
996 4506
1577 2330
4870 6493
2222 6912
980 8886
3143 2722
5349 1274
3283 286
8813 8650
6693 7597
8867 362
6604 7664
5551 6325
8712 833
1767 2966
5577 2185
9317 9994
8427 7593
1524 6518
6147 2108
6940 7928
6909 2350
5389 6154
5750 1205
3529 9386
7547 6459
2019 1557
802 6277
9041 2775
8221 7041
4345 6108
5551 2638
9583 5873
9342 6535
7737 257
3594 3460
6339 5272
368 8427
2316 8341
255 7247
4356 9711
1059 6899
9789 142
7109 2054
64 6922
1241 309
8409 8821
3828 1928
5749 1149
7861 5277
343 6563
5971 6020
3340 6495
4900 2380
9776 706
1505 6497
7465 5011
6180 4148
2577 197
7987 5692
6348 1486
3046 1996
1643 1995
2189 3694
7416 3557
1361 9218
2982 1210
6146 3349
6944 291
3933 538
7831 9645
5472 3972
7854 1039
3902 3393
4321 2544
5855 6217
9687 3806
7267 3364
2909 1128
9623 5010
3717 2060
2867 4071
6982 641
2381 1017
6842 1514
3496 6510
7532 2624
6329 6335
6605 3422
2263 6888
8132 7106
9463 9322
9057 7969
2997 9299
3083 7345
6535 3819
9595 1989
8154 1072
5684 4947
531 1529
7277 5075
7800 643
8628 798
6529 5707
9122 8306
5338 5479
3712 9835
782 7170
8033 3880
7023 4912
6960 9768
2469 6667
6457 2876
1652 4959
5767 5897
1898 2594
1510 4098
8678 5435
5896 8924
9267 1034
3595 9562
5624 4174
2996 665
1169 5340
8139 9650
6260 8976
1607 9518
8229 1754
1937 7986
310 8709
3337 9764
5186 1656
228 6628
420 2760
5799 5335
3668 8051
6872 1994
1810 4509
8662 8188
6325 7738
5012 8019
7108 4695
3916 6768
9791 6098
8283 2356
6155 6801
3437 8898
3422 5023
9333 8491
1700 4698
6654 742
3810 3929
2525 301
4092 5312
2827 8613
6353 8633
4299 7018
610 6852
3595 7869
3494 6580
2104 5211
3761 8282
3390 6668
9215 6113
1264 3631
5353 2585
5880 7510
2800 4151
2551 8003
1485 627
6036 862
6320 3066
7954 8970
8085 4936
3078 9373
6258 7901
2465 8619
6747 8215
4832 9724
210 9674
5701 5897
941 572
1536 6821
6636 1137
3287 6046
44 3089
1043 7706
1793 6656
1392 4664
4450 8516
8901 8819
3050 5179
105 7964
1254 362
7222 2945
8754 56
3283 7168
3388 9228
1918 4332
1230 9242
1544 3917
643 4616
4475 7823
1796 4790
4718 5941
7001 7578
5735 9775
9576 81
9721 1306
5017 3056
6538 3194
1398 4617
1552 3476
5236 7014
4907 4079
9881 6839
9511 3020
9710 6941
1720 9963
2348 2693
2470 9328
6262 5750
759 5798
3158 2166
8894 6732
8915 4745
3875 7219
596 6161
6675 7847
3514 6798
4113 2889
5442 7728
2213 1380
4113 2873
1617 3990
3761 376
1803 7337
1413 5701
3402 8729
1232 4681
8355 8905
8394 3954
7277 3817
405 6508
9232 2923
2156 8068
3623 9058
1614 8211
4915 5566
1273 6455
154 1048
135 9431
6090 4797
7888 2687
3608 3247
5212 1774
8813 6708
8993 3207
6347 6631
3095 936
642 5113
2899 9319
3497 3061
2591 903
4174 9650
1080 7309
7942 3645
2564 5762
2439 1042
730 9284
2775 7889
2324 7220
7665 9043
3073 2743
248 2200
9916 9925
1556 498
9842 7490
6607 1756
8824 806
4278 2386
9641 3661
7327 9301
6445 9099
8118 7735
3436 7352
9054 1839
3801 4804
7170 6248
1609 7078
7891 1071
4247 7808
3993 9003
3267 1904
3293 353
1171 3109
9718 1542
4616 4014
8518 8873
4614 8987
9297 9605
4626 5340
8705 3321
9985 9415
5345 9136
5846 3225
508 302
5493 7159
1350 8451
6025 6314
5709 4482
3988 93
1077 9701
1561 3195
8572 8419
5207 3798
4829 888
291 6390
1504 4603
5937 9355
9987 2969
7428 4025
6701 5605
3119 891
5363 4625
4445 1662
4718 3394
1956 3491
5752 2639
4831 4773
127 6802
2618 5757
5528 8500
1308 1712
489 8932
7120 6159
7133 5862
3248 2044
8619 8918
8128 413
4090 7460
8143 4375
7288 4316
2515 9214
4120 4099
9819 1422
6578 6405
5004 4983
1995 5255
7711 2512
6059 4183
2359 6754
6549 1132
1511 2158
6124 2194
5618 2618
6636 1445
9349 9573
9155 6438
2005 6175
4236 5496
1608 2531
364 9183
6331 3729
441 8881
8255 149
2307 985
5794 8344
6052 2580
9385 562
6439 8211
7498 1559
616 3136
5052 20
3239 1686
5547 6152
9169 440
723 47
9686 7429
3007 5677
3986 3031
4010 7543
7981 5781
4972 3089
1856 1477
5166 7802
340 1803
5991 1180
4073 7577
6239 1147
2347 3837
2832 2966
6996 8855
7012 6847
79 7231
6656 7743
3635 6962
4015 9541
15 7259
9001 8395
5033 6898
4866 1514
9355 7508
4572 4155
6326 433
3089 4428
5633 317
6957 1702
3182 1338
4337 9513
1851 1238
7297 3530
176 6507
1847 6536
1553 9486
1494 7540
4846 1206
4741 4486
85 6210
2127 6161
6249 7832
7861 794
1225 5059
8508 8655
1780 1825
4973 257
4303 1794
2463 717
6502 8973
2744 1571
9773 1682
7491 5092
3663 7970
1870 7508
7384 7891
3923 9578
6917 2808
2354 2916
5641 9149
8076 2041
9474 2869
6538 1915
8856 7104
6740 81
7970 2051
9556 3892
9503 9588
6533 3050
3863 5139
8153 8366
8627 4764
5510 3477
4463 1212
5203 1512
2136 929
2762 3269
4562 3864
8244 6304
2812 9868
6921 9740
9890 169
3364 3319
8478 7200
9531 1427
8049 6862
7386 596
598 9544
4634 4713
4947 3107
200 7888
8856 6116
8833 9957
8813 8046
979 2219
8655 6285
9894 6132
6544 6630
4518 1848
3458 4178
2296 6094
4849 9427
6767 2706
9064 4210
1125 2572
3427 6143
2081 3998
9331 591
8531 8342
7049 7471
7272 4023
4640 4290
5256 2934
8657 9563
810 7692
1326 2622
1246 4044
6653 7993
7931 7953
151 4722
9047 3672
9724 8906
5209 5161
3545 4489
3101 2226
3551 4771
5443 1205
387 3543
6129 1613
4406 4190
5758 2417
7644 2231
7011 1808
6730 1360
5584 8330
594 263
5902 1069
8331 3294
2640 7928
8402 4038
4120 6154
3075 6656
1455 6716
2702 7309
9720 9819
5461 4451
3786 7129
9967 307
3445 2464
8754 4389
3405 3682
5604 501
55 7434
2886 7090
6229 6385
2975 398
5092 2297
5271 4390
9352 1398
9531 3254
9611 3410
439 1230
9466 2306
9991 1085
2333 3825
8492 4990
4969 8863
4177 7307
98 6713
8727 522
8156 5038
1719 6555
8531 2480
6839 7460
628 7278
8651 5000
1496 3746
7784 5291
3032 6964
3810 1981
4359 2615
7404 1637
9641 7511
3681 9680
3325 9593
7311 618
2033 7473
2171 2629
8235 9563
5069 9584
5658 5513
2659 1458
4593 3093
6094 2882
4239 375
8365 2672
5460 3602
6422 8989
9975 7718
6911 1326
8635 7050
4879 5708
7920 4011
6329 4833
8711 7076
4548 9816
9064 407
1845 9543
9330 8354
9876 2330
5903 8929
8197 2383
1667 6513
1047 9838
9433 68
3005 4622
5475 3257
5932 7139
6394 1645
3684 1917
2871 4047
1093 438
8343 7909
9220 7579
2194 2234
3126 4755
8204 6144
3764 9521
1071 3808
7954 5948
7826 8585
7775 2130
2430 8819
7315 7155
922 1749
6784 9568
830 2749
2549 2350
8029 7545
1663 5840
5608 2444
9353 9637
4811 5721
7849 8353
2489 7241
2869 5192
9598 4413
2135 2797
5172 8602
6384 5893
4839 4893
5400 156
2841 4329
2425 8036
779 8508
4435 9973
6763 8329
2527 9940
3653 2467
69 4477
5494 31
2041 8641
9903 2979
3000 7439
5037 8817
4126 289
4824 5701
7528 8932
5143 2743
7240 5116
4256 4582
7889 7922
4318 5826
1840 9987
1759 2748
2930 2013
8287 6179
2309 7762
5152 8691
5064 1348
7977 3138
5732 3265
6528 4839
5641 8321
8820 4971
8969 6731
1862 779
9855 7584
6077 7938
2120 3968
1618 4321
1022 242
9352 8298
2100 1283
5053 3484
3226 3459
5908 4743
5675 7184
9016 4835
9717 786
3612 6311
3276 4421
6118 8507
454 6374
3376 8578
7748 6905
9268 193
7691 5815
3081 7027
2737 6050
2117 1773
9363 6785
4006 6990
5904 4143
48 4005
8426 1638
9636 5704
8161 9282
5511 8755
9512 1925
9622 5991
1917 6491
8401 3313
3035 3062
9111 4073
1455 8442
8338 8836
6347 2394
5058 8275
2729 1252
8881 8244
6354 2573
3373 4328
5733 9730
4545 6175
3805 1779
6881 1423
9071 2254
3381 2534
8754 1358
4429 8472
9622 2304
9245 5260
3709 66
2957 8532
564 7626
8162 1746
2277 6978
1047 6832
3450 8755
276 9750
7656 3389
2627 7469
9309 1167
2927 7629
4366 7512
4645 5762
5825 8161
9198 1879
6232 8722
9309 173
4122 8310
2221 3396
9334 5686
8230 90
986 3691
4897 6017
1718 7685
7782 9914
631 6746
9299 9854
9917 9469
1560 7438
6193 2360
9450 9975
5812 3440
2613 4887
9196 53
2599 8044
7799 7111
8479 1087
3431 7026
6115 5096
3420 4310
3578 3769
6295 488
6328 2372
141 6428
1499 5536
5362 3841
3965 5554
3953 3398
4756 3155
4978 8636
9777 821
8682 5041
6521 4299
917 5960
3021 5957
2369 1836
3653 4086
703 3547
6066 5472
5254 6373
1413 4527
7152 5649
3734 7831
4661 956
186 2412
1303 7318
1575 1975
4897 4972
3543 3143
3014 5670
7311 2990
9369 1400
329 3923
7814 8735
910 5832
7442 758
2779 1648
2841 466
8007 3300
8252 8559
4721 1949
5288 4785
5852 8921
5790 836
6614 5189
4202 2763
3055 5685
8140 8154
8144 1005
271 8133
5757 7762
2127 3645
3483 6096
6631 3174
3555 9474
2387 7263
8739 1167
387 2201
6126 6230
7663 2933
4246 8378
7202 7683
4394 2354
7765 2168
257 2728
9242 2404
7284 6263
3651 5354
5615 317
8550 3503
5722 3811
3069 9328
9567 1081
2113 9247
1728 4440
4287 2809
9108 5189
3883 1841
3397 4730
5368 5295
3595 1297
3226 2101
1829 7929
1942 9366
4480 8517
9427 7929
8703 6389
5168 8023
3570 4161
5339 3255
9424 6531
2075 5788
848 1470
9863 4734
4829 3943
3257 4333
8300 5105
1864 9947
1940 6199
9089 6868
6475 7463
7085 4582
5586 1071
1083 4781
5875 2513
3058 8690
4409 7289
7143 2630
6589 5202
9511 5611
5936 9973
9695 2025
7118 1904
2782 3161
792 9486
1095 8730
1937 4806
905 8661
8434 2493
5839 3203
5165 290
9813 5723
7022 3806
5056 8164
1566 3383
7769 4061
9555 1165
924 8691
9537 1257
974 6926
2132 5267
1596 3893
5182 2645
5393 2816
7225 9913
8067 3615
9511 49
2660 8690
259 6520
1561 3765
3860 1953
7693 5774
5683 3351
2005 3210
5345 9973
4827 7239
6894 4897
7899 4646
6640 8583
1368 8845
7583 5961
1435 4149
3811 9489
5277 8027
4060 9219
4942 2950
369 9202
1229 2163
8668 5502
4948 4127
3 3357
7274 4828
2220 1069
6075 9594
9325 5852
6443 6712
3153 2504
7524 4865
949 5695
6853 3934
3860 7565
9694 5116
2682 8461
4620 3102
2353 7750
7637 5687
4240 2204
6971 1647
9908 6810
6688 4832
8787 2340
6366 524
4180 4624
4509 3360
4794 4001
2826 9141
1551 3483
5257 3337
5011 3081
9001 8503
7876 8320
6289 6076
5253 4809
9263 948
1993 7039
6261 6530
4592 1273
1220 8839
9014 1051
4861 3791
1504 6641
1236 393
6725 8076
2771 9282
9110 2001
1576 6374
3423 4793
4581 5623
2156 6773
7709 9702
5152 8404
2962 5254
3830 2631
4371 2310
1843 4880
8638 2115
9304 6433
5467 3142
8332 812
154 4413
6901 4434
2957 6202
3492 102
3175 5858
8760 9318
2714 2308
2232 146
573 1059
9554 7713
7466 9044
2778 254
106 8536
3221 8572
1318 3859
7202 9413
4996 9337
2604 5940
252 8550
6267 6596
1622 3354
1715 1811
8897 9294
5025 5199
370 1196
738 3968
2584 4523
2398 2789
4288 3757
654 3910
8018 2283
6948 9559
111 3937
9691 3557
4581 228
4088 1717
4736 1015
5896 3636
7588 1786
1995 2195
2664 2547
5008 4776
1915 3126
3510 6766
6867 9059
161 2993
8033 8840
4586 73
3752 1776
7233 6062
760 2679
5298 3747
5380 7592
4547 6132
6258 7428
3384 9741
9182 515
4015 365
837 6490
8583 483
1053 2049
2152 7095
5740 3525
9846 2114
7890 9357
5019 690
7835 5988
6644 8768
5535 1208
2233 1618
2835 3586
9349 9697
6497 7015
5215 1044
7555 3881
1722 5532
1917 6478
7894 9351
8213 343
6324 3880
9503 9364
549 1940
8483 695
5586 6144
5391 8416
7196 3196
2995 8833
8515 9049
1133 2116
4745 2210
2469 4019
3534 2070
783 1027
1765 6176
5350 8823
1782 4000
3 6948
7337 4346
2917 1625
9853 3970
9209 2495
6026 5214
6375 9985
2017 7880
5181 9651
2109 2472
3752 9541
6816 5958
3051 9215
9682 4583
9269 4612
6506 849
1520 888
8813 8983
4858 2734
987 7560
7026 5040
6178 8961
6027 3987
1679 9393
714 5351
2307 9844
591 5922
5958 5214
9649 1882
6837 6257
1531 5330
3179 4764
3618 1957
5855 9435
4457 997
8200 9718
7901 2676
1001 1200
6575 3796
5699 3875
7792 2906
4592 8266
9804 4824
3139 7994
8618 4702
9801 1366
4848 5004
2844 4497
1040 2202
9585 3905
8653 324
7410 2247
1327 3809
3738 2002
7006 3039
4178 2948
5869 1831
216 265
2819 8462
517 4647
2262 4317
3430 2569
4453 5846
6627 3407
5207 2809
6524 7742
8875 3255
8785 6879
2135 7369
4001 497
7063 2780
7961 271
1491 2867
2556 1705
1550 8854
17 4742
1209 9043
9082 4888
1716 8095
1511 4960
8083 1086
2934 5385
530 2850
8054 7018
4164 8893
6905 8919
6835 160
8610 8896
3919 2477
4188 6947
6211 5389
3116 4003
7379 8949
1479 2552
2517 4467
119 9477
5982 5399
9764 9754
3853 7842
2690 7801
248 6161
9664 5175
9799 6106
8519 9613
4065 54
8881 909
4274 1203
3099 7391
973 1925
7754 7892
2010 212
2021 6680
6804 882
3553 5501
7277 5009
2630 5439
4742 6242
4368 1559
4971 1733
6401 7379
5116 3583
521 7980
7497 4475
7926 1618
4855 7053
9859 9683
7737 9615
315 2434
3023 2016
6119 399
182 4147
862 5169
4596 9800
9493 5478
7311 9338
1960 730
5606 8351
2780 5208
8545 794
5438 5487
2570 7394
6049 9867
6704 1658
5137 4964
9087 720
3028 2562
94 4313
8731 2069
8920 7453
6966 8445
4328 1267
9846 2958
9676 5443
5981 644
3981 5158
5004 4645
9852 9688
8816 2687
6463 8120
2457 2640
1191 1393
5691 423
9900 51
1258 9019
3317 485
3181 5208
2643 4532
6718 4275
2955 5417
8843 4518
434 6448
6262 7393
9700 7687
178 1181
1797 5574
6835 3225
4390 3762
5338 1092
9418 1300
7426 8624
8005 4158
654 224
4959 5038
6044 7741
8029 8909
177 8204
2183 2434
389 6742
2955 3676
368 6089
4099 8075
9247 3615
2672 5187
5867 7689
8737 1405
6688 6246
1848 1098
1662 6471
2633 9218
7832 6700
4383 3542
4226 4397
690 9157
7715 566
3297 3816
8841 8298
8433 5329
2462 8186
1564 5018
4622 8802
9936 9210
5724 5267
7925 7955
8960 4420
2814 3792
9354 2303
3541 354
5581 9487
2706 8050
259 7665
2771 8136
241 7530
9000 2377
5633 3857
3004 4753
6823 1864
1665 5856
2651 6009
4867 9544
1902 4552
2983 6890
9729 1601
4931 291
6857 8181
3120 141
4556 5937
2516 8923
4643 7842
4220 2487
4320 8584
6911 2645
6498 3404
7770 8885
4181 7052
4577 6215
860 5775
1699 4212
2730 5367
3281 6874
5601 4546
7680 4401
6157 3175
359 1185
7683 8398
3755 5459
8943 6926
4212 7145
1052 6722
7410 7346
8423 8668
7846 5754
5660 1224
1684 332
1370 3212
5726 5514
7155 6846
1784 1966
8818 3227
9735 2592
6528 6327
3418 3513
2474 9370
5322 8432
126 6719
5388 2889
7665 7522
5421 2316
7275 4625
8302 9899
3940 1331
2777 7088
5678 1022
1095 4613
7129 7365
9297 314
6105 5649
1248 9948
6778 9115
768 6380
3170 3728
4502 9632
8666 258
8140 1295
3240 4727
9449 7283
8520 467
6290 9730
4875 7523
8430 4369
386 86
5752 145
3841 8375
4492 4272
5974 8943
4417 1385
3628 7770
494 9991
2392 5170
1441 2934
994 9102
6688 9423
8199 9826
4994 4085
4943 4852
9372 511
5978 900
4821 3890
9334 2695
7730 4829
3784 7773
1261 9958
8703 930
7090 5591
692 5136
8071 148
5560 1015
6090 2476
1137 8993
6693 2534
4735 422
7051 4020
6439 3071
3249 4585
4593 8730
3566 9883
7576 4145
2571 2816
9584 2819
1441 970
3263 3530
5158 1312
5930 5109
2506 6514
3694 669
6252 7762
9723 1457
3782 942
8384 5974
6976 3776
7870 633
3779 5061
5516 2299
861 9636
7346 3245
3991 1538
4404 96
9351 175
7264 9636
8361 5536
6989 5607
3202 880
1693 2426
7552 3902
5571 9220
3255 3799
8620 312
633 5610
7228 3705
1865 1647
303 6962
1597 1723
9356 6270
7648 6211
5218 1792
919 2805
1117 3307
9222 9718
3969 5025
4982 3009
7323 3683
3524 3132
3176 5629
6796 6836
6281 7676
8298 2167
3119 4571
6536 2648
144 3319
1130 5480
1857 633
2523 1660
1470 7633
7291 8941
8239 2104
6655 8598
2118 5370
3665 9213
5687 5382
7154 1009
469 5593
1162 9571
94 2317
8824 7158
5441 1220
9734 9451
6920 7778
8843 2899
3309 792
6843 9165
3213 3325
9868 1101
3505 9982
6617 2394
4749 4597
9840 5190
2718 318
5243 820
6244 7961
6276 3207
6569 3952
5698 3876
2970 6043
4567 6740
9743 9179
9254 2456
9087 5386
1438 9215
2241 6281
9218 1451
792 9110
3924 398
8498 7395
2258 5705
8024 8214
8882 7958
8821 1508
9666 3697
5396 1879
7337 7309
1755 6489
7250 2878
5576 7189
9173 7999
6215 8636
9575 7997
7542 6380
9132 9574
5990 8559
453 783
2005 377
3966 1972
50 2013
5064 4321
8914 778
3792 4971
9501 9053
1932 3083
4509 7460
904 4576
9295 1641
4256 8633
2684 2853
8977 9037
1299 7850
7913 1798
4400 8867
3259 9325
2600 7292
9275 4544
9794 7078
7304 22
6895 8562
3182 1406
2291 6592
7609 5751
4014 7635
9821 7033
2641 6592
1042 4951
3623 1689
6390 9731
7449 5782
6034 6025
5368 5865
6475 5284
890 8599
9503 554
9705 9379
4323 1014
5513 4545
5776 6362
8303 3137
1715 7107
1432 9972
2895 6424
1455 9412
9860 8496
2451 8926
9408 7977
8108 9811
8323 5884
5609 3820
6385 904
3036 8037
5227 7452
1138 5753
8349 967
9410 8268
6002 116
6546 1315
2308 1997
8021 9089
153 6641
8587 5634
9122 1895
6935 118
9334 8647
2620 9829
3209 1531
1254 8366
2786 1828
912 4713
7022 8825
195 3791
1906 3548
5557 9245
3851 5581
4890 6154
2493 9477
9671 4115
9721 3249
8319 9462
2189 1883
8714 4413
4745 6294
8843 5621
7924 9760
1866 2890
9047 6202
2249 1112
5635 2511
7202 9789
2822 775
3614 567
8610 5038
4123 8253
3267 968
5180 1486
5200 4975
6157 2914
5796 1252
1496 6538
3442 7160
2960 1007
522 8953
7837 9865
7443 8748
5431 9861
3223 369
8518 7569
3446 4249
2500 7504
7937 3145
2961 7738
6788 6262
2025 5193
7487 8488
3696 5465
72 8934
3738 5304
8740 5716
1142 9239
9028 3063
4227 2440
9869 1821
8908 131
6118 9760
6143 4098
8558 7313
2359 7191
8663 6431
2007 4478
1609 8889
9901 26
6771 8925
3011 8965
5408 2167
7487 9550
6798 1105
6457 39
4971 223
5838 1599
8967 7922
3721 631
9796 6505
1493 8941
1811 5552
3246 9095
8349 3759
2513 6451
5713 9587
8721 5551
4383 4731
2089 7917
244 6778
4453 847
4369 2163
5783 89
2813 1442
6243 2059
4342 1508
4855 9552
3459 4119
4390 7957
8800 5318
5731 857
9979 1680
6010 7441
5859 5300
1216 1167
3680 5611
1511 9468
512 6848
3214 7544
8663 710
2990 8307
8155 312
7441 6677
2481 4348
6377 8204
2301 9155
4939 2876
1115 8224
5263 5947
6922 8512
2384 9838
8899 9620
4543 1020
3454 9249
7458 6570
8680 9515
5527 9019
6247 2967
2725 9909
5258 2905
1404 982
982 9018
4118 908
9628 359
2325 7184
8314 261
3517 210
9543 6107
2665 149
2160 5631
9896 2849
6490 4534
8014 488
1192 7060
1745 6357
4763 7315
7553 8126
2696 6711
4809 2475
5910 4018
8764 6721
6143 3039
8486 9718
1722 2094
9226 2019
4371 9916
3750 1497
8287 7515
9609 5603
3736 9651
2718 1409
2274 30
1588 3765
2436 7783
7070 9290
8622 6110
6219 4049
6227 3087
4663 4411
67 7373
5747 7431
3616 9985
501 5902
1295 9617
6800 9285
1224 7759
1470 5306
752 6221
5028 1977
4725 7843
4266 6020
9044 7599
1623 3757
3922 4005
3174 8932
8563 1582
9522 8196
6554 1584
7727 3353
6302 6267
5526 8035
3956 7191
2056 5480
5956 2113
3484 95
7098 2445
345 5079
2901 5552
214 5873
9397 5827
9805 5046
7605 6835
3725 1601
1194 5845
8442 9334
3434 2611
6918 2064
452 2914
2020 1028
5721 9227
1365 8573
4430 2485
7962 3913
2096 6737
8065 8264
2480 8754
6118 53
9337 6390
5526 2854
2317 6585
4565 4290
1380 2136
7445 7889
1637 257
7329 9498
9043 6193
6423 5429
6177 8083
130 8693
7112 3551
1632 6999
7980 7918
1237 2543
1643 7106
9323 2960
512 8824
4666 5717
4235 3428
3895 9238
9623 2107
5452 854
7269 121
9551 4050
2451 9948
4474 171
2489 753
6682 4214
8157 1064
5500 6470
4626 2051
6608 4219
6318 6971
1569 9125
8 7498
7975 4021
4403 412
1978 5572
8658 5448
8734 6504
7206 431
8721 3050
8171 1697
2035 2254
515 2340
600 3031
3693 2636
1658 7154
7215 941
7490 6880
9091 9307
1705 611
8115 6803
5293 6448
674 1459
2077 8075
737 9520
2602 4895
6651 3813
6699 5098
6197 3977
3968 4043
7241 4962
175 3766
8246 4852
1416 8116
4733 6549
455 3554
1021 2373
2069 3742
139 1018
4813 9898
2633 5817
5343 5967
1835 7281
6193 3587
9654 9659
6845 9884
3342 2434
8209 5376
2236 672
7518 6554
7141 852
3378 6699
6159 4487
6916 9996
6552 1988
6721 4880
2921 6191
3827 1496
1073 687
3157 1886
8243 4568
9311 4266
5152 8206
8718 2522
8397 2474
6968 6446
603 3037
2580 1479
1685 6646
1540 8599
6131 1292
1999 2088
1697 8533
5755 4258
6572 1303
700 3956
2092 3991
1729 7705
3863 5166
7990 4531
3998 5444
9036 8185
6930 9301
6223 8362
9242 4734
2526 5412
7972 9132
8979 3218
3613 6730
4277 9911
798 804
3026 2560
2824 5553
9385 6992
6798 7985
5774 9178
4889 7832
8783 8780
5344 9965
4985 1342
7557 4400
2210 6259
1606 9556
5109 3412
1346 8398
347 3532
8721 9951
8700 166
5139 619
4655 3466
1457 8823
6760 4312
6741 29
519 2261
5780 9349
3887 6040
4745 6954
8654 6946
286 5629
2843 4640
778 6700
9132 6864
1752 8161
6768 8124
7283 743
5952 9220
8570 8295
5003 6637
4417 3187
4204 5579
879 3455
4534 5447
5373 7084
5356 5964
9040 9520
773 8408
4369 7994
5847 1279
5530 9109
3180 2929
7028 4000
361 9867
7267 670
2234 3499
8477 1512
4035 5376
4354 7222
3389 9912
531 8509
6977 7688
3948 3775
6161 858
1165 3097
122 3100
8941 1539
6839 6837
2203 1384
3763 6603
5118 2406
7919 612
9217 8880
4538 2014
8775 5871
5295 450
7382 6073
3764 7207
8100 5925
9106 85
3285 7292
5690 2574
3032 6119
7858 379
727 9598
7058 114
9216 5398
7668 5021
8352 1583
7181 2332
7299 2188
1209 7205
8032 7652
266 9411
7498 1213
1179 2432
4144 6289
5631 8373
2971 6438
9824 3113
686 5494
7968 5933
8357 6050
1003 7692
2582 3654
6524 9800
2635 2529
5607 407
5065 7079
4855 9401
54 4407
2856 2445
1618 5643
1617 2186
6441 1950
7277 6626
8381 1075
103 2971
8273 8975
4649 4023
3221 5154
3771 2150
4510 5376
4495 2185
1073 8467
9855 4663
9190 7346
2630 3434
2729 4159
3784 7079
5078 4707
5094 1280
6063 6018
9718 771
4772 7107
6257 4742
7290 9255
1201 696
6017 7876
2790 2526
7045 7646
4072 2505
4649 2967
7332 1545
6536 4948
1896 3328
4641 327
9346 473
4541 3456
3559 882
9393 2855
5172 6164
865 4607
8723 16
1707 239
5621 3569
7288 7916
5007 668
4167 1387
3156 2878
1618 10000
7334 6683
6610 9918
7747 1471
1555 3543
7611 3467
5675 9069
9557 8708
2970 3228
7267 4740
4441 349
6500 7380
3975 7880
7017 45
1748 1726
4448 6197
7393 6830
9354 8116
9520 4665
1287 4293
9274 4877
7661 1094
8059 4774
3592 3899
304 6056
1751 7057
9807 9037
8254 1459
5665 576
4582 45
7340 5263
7088 9156
9414 3007
378 1987
44 6237
2890 9492
5094 4735
6946 7601
231 9758
5390 9111
4401 3160
8749 8471
4955 7027
2589 3294
1877 2217
663 6115
9663 9629
7122 359
6329 503
2184 4637
4011 2292
83 2599
7752 6578
3570 4119
4875 1523
2451 2199
2809 4414
3696 8710
4863 1851
1353 1269
6983 7555
8516 6962
8535 7446
905 6643
94 5188
1428 8656
4516 3564
4490 2158
1541 7326
3930 2533
726 9111
7755 1763
2386 7893
5485 1302
7057 9340
8317 1770
9956 2769
1980 3516
9986 6021
3023 674
2086 2062
8809 8592
6930 8404
5955 3173
3142 519
5944 9425
4579 6965
7348 7905
8906 3755
5473 693
7977 2981
1988 5043
9849 2267
6651 5008
7775 8555
1916 303
5893 9171
9364 960
2016 3931
4421 9574
9392 8745
7218 8084
5925 1345
3902 5550
350 3794
6356 1811
2639 3444
8908 3881
2973 3740
1054 4925
5378 4158
9992 6658
1625 5438
1959 4042
6762 1640
1856 452
6487 7477
1265 4544
5816 6028
8015 4414
1661 1776
4870 8193
3828 1065
5462 8542
7218 1962
9892 707
9829 3324
772 7260
8519 2903
7538 3193
1828 2449
3854 2719
8868 8941
6103 6254
6134 1068
9992 8459
709 2820
2720 2561
1755 5322
7928 6211
8973 105
9472 753
367 692
8878 6266
4200 8807
5626 7264
3439 4937
6126 8647
5092 2922
5894 4177
7790 456
7347 7215
9899 1967
8476 8575
6490 2329
516 7804
3202 2460
6869 7599
6383 7754
2595 2848
9594 8983
3196 4639
1174 2476
7841 9171
865 4840
6742 3963
29 1692
2439 4429
5609 491
2237 2772
1269 5528
2976 5186
1372 9128
9136 785
1513 9973
1564 689
3638 6056
1962 5776
5668 3744
5407 4647
4282 8244
337 6041
8688 4259
605 9875
5003 3498
2279 1190
8733 993
4998 6132
789 4966
8400 9430
9233 8465
8693 4435
281 3872
1182 9018
1332 9112
5943 4070
9756 3124
8129 7688
4763 779
8626 8781
4844 8211
2250 4291
7288 1157
3530 7864
8833 9320
6981 5425
6845 7107
4320 4370
6701 5693
9491 201
2397 9795
1320 4609
7187 2982
6788 1311
8116 3179
5355 3746
1839 8695
1407 4226
5827 758
7012 1193
2193 3815
9702 6222
7010 7256
762 7939
2510 5534
4167 6317
9550 8503
8517 3710
5160 1984
6784 3532
3651 9593
8638 909
2620 5977
5812 5421
6934 9521
9677 1459
4 1654
3858 9666
5558 2091
3056 8678
3780 8706
5825 5069
8337 806
1138 9446
2848 693
18 183
4780 5884
593 9492
4292 1707
5306 526
5962 282
1744 4664
6813 5741
301 7934
2520 1138
9837 266
421 9218
8489 6334
1589 5292
7742 7948
8328 2817
3766 6017
6471 6556
1194 2268
2321 4880
8266 8405
7389 6804
8235 1451
6938 123
783 5338
3684 6977
3219 8872
5828 8838
588 1977
6992 2209
6878 5565
2790 655
3986 6648
3049 9440
3320 8355
7168 4298
1353 4173
96 6020
7114 8239
2338 3993
511 3316
817 315
9149 8663
6480 3180
1127 3014
4430 7170
1857 9076
2808 6172
6553 1408
5350 2137
821 3791
782 5
4051 5583
9126 8071
9011 8723
3138 2326
6588 5826
3396 867
2483 3078
3830 4888
6395 6948
57 7721
8080 8898
1505 9051
7890 7617
6870 376
6568 120
2746 6054
6458 9406
2694 4373
9655 8763
7258 6118
652 8977
3063 7603
5832 6858
6001 151
287 9430
293 4233
5672 1822
3398 8290
6467 7812
6965 2271
2021 5231
9346 6156
3722 7691
271 3301
3667 3396
714 9423
2717 4281
7377 89
9242 1542
2350 5924
9535 9986
5626 2679
2712 1524
4515 5478
7210 1462
9032 6526
8310 6913
6946 5772
4202 3253
5155 6603
6046 1111
1163 3323
7368 1392
8595 1144
6408 8341
3660 2600
6151 7182
6917 5469
1779 4791
2789 8615
8116 4873
7671 2001
8095 863
4847 1381
3045 9562
3729 207
2099 119
795 926
8853 8162
5237 1161
3496 109
1675 4727
524 9766
185 7461
306 6072
205 8319
636 8477
886 6898
3923 6356
1357 2728
5346 6416
8367 2566
1724 5860
3364 3241
4670 9126
3672 4860
3302 6233
8555 100
8568 5815
4768 7359
7793 727
1607 9175
9770 2770
3300 6640
3959 7506
6014 8959
5206 5158
3105 5718
3389 2742
726 1817
612 9834
5437 2701
8780 2989
8066 5541
8888 9161
3216 634
9699 4497
9198 1769
5118 345
8037 8899
1756 5343
6617 2306
5560 1299
3038 1755
4558 9000
4799 7652
3144 7487
3694 2550
2604 9256
3445 9599
4986 1018
5493 3202
7205 3560
4375 8961
2145 3419
1811 8616
6597 9872
3911 9737
4923 9431
9210 7360
2820 5311
3763 7702
3081 4484
7927 7066
7961 5772
6681 9390
3241 526
8688 5984
8578 8245
4496 184
3867 4254
3589 8397
4410 9513
2774 8325
7422 3314
209 4910
1707 9500
8301 9501
2367 7064
8347 5682
5422 4467
8286 2675
3677 1853
4760 6681
3757 7687
5446 5602
4338 3163
1357 3946
9483 6017
290 3875
8654 7507
6284 8348
4825 7710
1611 7861
3808 8572
2070 9362
5445 9543
8671 3615
9381 723
3469 8330
6964 1202
7528 7507
5018 5297
3402 1331
7894 6325
2780 1696
3531 7426
7856 8249
2256 9227
6293 9626
9493 951
967 6640
9907 8068
5008 3380
1288 9961
6714 8363
5439 5647
8764 6497
7089 9981
6384 9503
8921 432
1754 4385
7757 8750
1694 8969
4179 1459
9065 800
1013 8857
229 9921
752 9518
6561 4975
4538 4652
5287 6949
8142 6943
1530 9426
7158 3491
3049 4630
3062 7488
9246 629
9654 489
4542 5463
6489 1131
8368 6442
6725 79
1098 4823
2529 4888
9735 1792
293 8436
3203 5093
6928 4790
3320 7483
6320 8026
244 9234
5518 3304
5693 3640
9554 6470
3514 8661
443 3115
6762 6503
6931 7033
6994 3597
5373 4094
8843 2864
7353 2297
1907 8696
5623 5041
917 1570
8657 710
5403 8163
6621 4980
1821 9930
9324 9104
1193 5174
3365 5318
1972 7537
2354 4324
6974 9987
9743 8580
1621 6465
9172 5487
6009 1948
8037 1877
3406 8531
6157 3508
2068 1305
9153 2216
9706 4873
9655 1141
1082 7730
1961 8927
1095 7794
3495 7972
2859 6611
9142 1335
3773 2114
398 5252
9486 3741
306 1124
6322 2266
7675 2933
9123 9589
5413 9557
1236 8000
1969 4377
8040 3771
4238 2532
293 6085
7556 8896
7399 4961
9423 7572
1824 8856
165 2817
5576 3917
7052 6630
2999 3590
4837 5072
5977 1636
5878 1795
1179 8428
4539 637
6135 6974
3281 7548
6299 1278
480 2097
7859 1680
2072 8268
9170 927
6633 191
9381 9451
7930 7664
721 9626
7327 5231
4964 5422
1007 7961
51 796
835 9050
3097 8571
7775 5163
609 8590
2196 3588
4055 7099
9468 9977
2481 9585
3695 3293
5005 6980
8279 7754
3165 4518
3442 6445
2453 1741
3241 5384
3090 4314
596 3990
2727 7814
6771 5743
1639 1400
7928 6977
280 1522
5075 6189
1708 7647
9347 3016
5867 9845
3840 2741
534 359
3429 7440
8106 1074
2933 1337
724 5631
4808 4537
2666 3981
7573 4225
4425 6336
3441 5624
8487 9943
7901 3627
4497 6271
8623 8447
7761 1180
8939 8487
7240 2471
6185 1599
1894 9338
2690 5161
2098 4596
2112 1049
8474 4405
5514 5276
775 7752
536 3141
3888 5071
9293 4582
8128 6250
538 8907
8402 5332
7947 3039
995 7231
533 1353
1779 5164
4924 3020
9110 3075
9934 193
7034 6843
9831 1098
3069 6644
8988 7351
8377 7586
1752 1262
924 7679
4844 8659
2430 425
8053 4820
7451 5574
5307 2694
1369 4582
6235 2856
8020 2903
3762 8092
1136 8508
5522 2845
8766 9352
5790 988
7093 1613
7431 2002
898 5534
1649 7752
5270 6284
1384 6745
9120 4111
1877 6961
1515 5351
4920 5558
4869 1950
631 8853
8099 214
3371 6799
6903 1597
8676 6270
2639 9387
8208 4802
2061 122
203 3144
5775 6208
3558 100
3984 7320
3285 4146
3365 5095
3348 5890
9554 8387
7073 7626
5406 6353
3535 153
7720 3229
1311 8382
4035 6533
4056 4283
7218 3798
8905 5600
7265 5292
6513 3138
2469 6004
5834 842
3022 9439
125 1644
2217 8856
3966 4822
2479 2885
3077 7785
1518 4519
8579 8011
3871 1700
9063 2113
6176 8635
4745 3374
5460 3205
620 9463
7728 8940
8200 9214
4345 211
4944 7917
2093 7702
3792 4762
2905 6807
1005 7629
7109 3883
3736 8122
5393 8224
2048 3581
4106 1135
898 6345
4087 8572
4070 6795
8669 1998
3318 7080
6219 1519
9455 6422
8838 7487
9174 5352
2093 4074
3115 5360
4568 6887
1104 4974
7277 8470
791 2225
3241 6200
6712 8800
240 1019
5217 8306
4844 9825
5999 5059
9228 1012
3744 1539
2088 5878
4935 9243
9386 9299
4541 3535
4074 2670
1521 9416
2283 1725
1047 8774
281 6999
5791 9325
7941 8716
826 9613
567 7936
9183 5295
4957 2858
3912 1385
3907 9754
3226 7636
1199 8479
6918 4605
8594 5864
2830 8347
6809 2133
2725 3624
505 9898
4243 4942
2027 8663
8856 888
3563 8079
396 9417
9728 1424
8822 3176
5438 8354
4421 8010
2975 1289
109 9819
5881 1978
9775 2246
4770 9692
5382 4132
8243 2436
9603 8714
1367 9678
1846 580
1020 4007
9646 3575
1018 1050
2213 4980
6855 2850
2175 432
5620 7772
8486 5808
3426 4966
286 1926
7858 3190
7222 9108
6720 8993
9849 3003
5064 7469
2836 249
1500 5414
143 3863
6127 8454
2535 7412
2373 9685
7602 1614
9314 379
8747 5699
1887 2744
7556 9509
6450 3827
7642 3167
2736 8334
7649 9775
1514 2808
5967 3458
1731 4612
7088 93
7639 4831
1392 9887
8498 4560
9019 9186
9129 9291
5496 5890
8845 7664
584 7143
2193 6885
6783 4967
8188 2276
2817 9958
5937 9007
8281 9861
5099 1726
1558 5538
8674 1199
2533 6521
1456 4972
3242 7438
9655 1783
90 3832
9309 4274
8724 6604
709 3742
7296 8393
9159 3654
4838 354
8555 8919
1741 380
2758 3274
2602 1154
1354 183
6089 9563
9275 8282
5751 3487
4292 5904
7748 7631
4495 2610
5467 3721
2397 6937
1235 4533
112 446
4916 294
8889 4195
2155 7104
6084 2196
9046 5149
282 2756
6593 4322
5096 3963
703 8568
9125 7782
3516 9712
8563 8866
6067 9960
127 7007
9899 9563
691 8100
4726 143
4602 7720
4778 6071
447 4119
4283 6846
6013 7963
9441 8091
7946 2223
5950 2450
2308 1275
4165 4567
946 586
7849 7850
560 9576
1193 4279
1772 4722
9993 6143
9251 7997
150 1881
6179 9658
4964 6660
6375 7372
176 8987
8292 5281
1796 9049
7928 6389
763 8531
3422 1181
9863 6230
1349 3636
595 2985
3734 8888
185 6132
3341 7134
4701 4244
9310 1449
2797 914
6209 4145
1441 8533
3223 6949
3214 9809
1014 3148
9762 3950
9053 2446
7953 6765
9917 7944
4683 8552
6489 2794
4079 226
5919 5280
1625 1765
9278 7790
9783 3267
6566 8109
5639 980
3348 4974
4338 6355
7174 7556
6088 3054
3441 729
9811 3713
4253 6771
7948 9617
1751 9775
7317 6532
6933 6073
1946 3594
6619 7674
6753 8203
6311 857
7011 3494
3785 3042
406 1678
1204 3824
2392 389
195 7835
7812 9316
3619 6620
9391 4564
2930 1780
1016 7267
6720 5745
5940 668
2321 7431
8843 7366
9005 7441
3817 9907
3363 7202
8680 5035
5227 3948
8431 439
4929 44
7493 9555
3601 2464
6956 9457
8120 679
8039 7797
4884 9056
3408 7663
5033 5156
7366 763
8831 1339
7861 6742
3266 8565
1584 2961
1987 839
8513 7802
739 4941
7820 4701
8629 4296
423 4022
5525 8699
9476 3398
4960 2267
9042 274
1001 6194
4393 9525
4477 5556
4817 5671
6299 364
2133 3861
7888 1842
8641 2188
8466 4763
7871 8431
6713 4321
7439 9394
3006 9535
8346 5387
5852 1113
9313 3933
4270 269
2516 5312
8396 2573
9736 2961
1697 8671
8240 3666
6760 6114
4569 4211
7835 2079
1583 4635
137 931
328 2003
3829 9164
2711 9550
4663 8575
4036 4045
9149 3369
7226 3804
9337 7880
8947 9850
287 8152
8098 4222
3506 6672
9002 2431
9863 5195
7027 5182
1428 4848
5166 7322
455 4884
8114 3358
8130 4417
3451 1407
9404 7806
6797 5415
1831 3840
1447 9183
5934 5908
889 4237
6720 4154
538 7507
21 4568
3061 8814
8340 5719
9642 7043
2916 9809
9866 9982
9131 50
8091 1446
4430 568
3883 3143
599 3478
5821 3471
3602 9853
1823 6592
474 8924
6141 6276
9962 8400
208 3834
9052 2729
3622 604
1388 5619
8581 9629
602 6443
6905 7457
680 9220
3601 3495
3876 2861
7135 2849
848 6316
4389 7654
9699 540
9229 8964
8640 4035
6756 6958
1185 7363
1896 4406
1382 6525
4788 9575
2146 5918
7869 194
6789 2428
7545 8539
7006 6730
3223 2950
8870 8550
3403 6997
2437 5764
9997 2440
695 2172
1618 2069
860 1732
4816 3304
9255 1861
1986 4043
7237 8976
6540 1982
1988 6313
1478 3671
2038 1034
3619 6912
2482 3664
1509 8412
1478 328
1168 9097
9558 3338
7719 1267
400 1939
8063 6298
8497 8549
7334 3558
3599 3625
9126 767
3109 1684
5337 338
3051 7704
8694 7496
290 8090
5965 9275
1270 459
496 4356
3102 9302
3834 2106
8228 3176
4079 3865
6535 1426
3383 7154
2949 765
4968 6364
2814 9740
6708 5450
3394 155
2214 3456
1239 3824
7157 4339
4360 641
2404 1185
3175 2706
594 4074
9131 4381
5337 9901
9276 5861
8899 1291
2610 8447
1199 8998
2412 5398
9182 1106
6839 2639
454 97
1876 1110
9960 2417
5696 8734
212 9205
4152 1873
1778 6663
8769 3757
2591 8318
3523 8504
3531 6818
9086 6358
774 4848
510 3049
8805 6262
3123 1879
7018 9911
9624 9850
1918 6665
5642 1037
1919 4323
6094 462
1805 1044
8901 6126
7657 3000
2880 7030
6893 9565
8893 8135
8037 1108
4588 2016
3420 5212
3467 5381
2732 2015
4297 8649
1888 8332
7011 1354
3062 5571
2719 6937
4411 8101
6835 2155
7465 4773
7854 5097
821 7720
1209 7082
570 6831
1647 2648
2112 5548
6608 8131
2948 2940
1403 8842
795 1361
7465 8288
4716 4015
7660 3136
6949 7492
3160 8607
6122 28
1033 742
8093 9449
1294 8958
3123 1322
2070 4117
7512 5651
1463 3452
2500 2414
6363 3648
2678 5814
1339 8353
5533 1318
1280 3298
4651 6944
6215 2121
4082 3479
9515 7582
2939 1769
6696 3991
187 543
8561 2898
6698 9801
7282 9293
2019 9903
8754 7088
6262 5419
2976 4866
1522 6191
6826 2322
2595 4896
1621 334
3259 1991
2636 1487
5182 4795
3071 3724
6178 3334
3672 1486
653 3725
6232 3734
3213 7024
8526 954
1296 5472
6293 7703
6629 9913
7341 3436
404 2966
4084 8550
7866 9897
7656 2019
2368 8870
8535 877
277 8186
7049 8146
6088 1593
8298 1678
1970 6915
2319 9860
2226 4304
7074 64
9702 2455
6432 7733
4021 3344
6684 2287
1723 3966
1658 1281
904 5939
6042 8287
3533 7554
3052 462
7355 6523
2993 53
9362 749
3902 5267
6768 4443
3026 2152
5436 7543
5440 9628
281 4888
9741 5597
9316 4146
3669 593
2357 6257
9538 7375
1860 1885
9833 906
5700 4518
5201 8146
3347 5490
5240 4325
862 4478
9298 3908
4669 56
6752 9236
5206 603
9622 1212
4398 1330
4949 5023
4532 8149
5961 3657
9257 8085
5195 9166
2492 8411
1852 3655
1961 7984
6868 2342
7639 2066
2810 3706
4623 46
363 2616
2592 3766
6941 3501
4130 4600
4830 6753
843 1892
3384 6474
1156 2813
250 6927
133 2754
5273 8673
4495 1613
9269 6050
362 8030
539 5073
4920 4306
1524 6202
4163 5466
9535 3534
9830 9904
852 861
6651 4674
7913 24
4612 4915
7800 2324
8736 3818
2241 6021
6248 2774
6239 7026
5046 1908
803 2404
7463 4249
2871 5052
494 483
7791 7585
5886 186
6816 9778
2345 9797
8769 7265
7801 2467
2404 2720
3081 6063
9901 507
4801 3599
2827 8255
148 6733
9903 1942
8332 2167
9692 7954
1878 9740
3450 5181
3697 9928
9164 5920
1639 648
122 6103
9920 5145
6461 6551
2179 8962
7607 3247
1600 912
2859 5302
4301 1521
6645 1544
1324 5385
7519 4850
8528 7930
5356 2635
3948 3003
3904 8150
768 4937
2871 2960
988 9777
7454 1366
800 5846
2330 180
5980 6029
827 1738
2284 1365
3160 1853
3924 7000
8891 1451
3106 5205
637 1414
4597 2725
1706 5674
3545 0
1691 4987
6266 7835
6941 5605
8954 7766
8998 2231
6375 7252
2717 6831
1099 8834
1826 2790
1042 885
5324 8410
9395 8543
2681 9139
730 2292
6105 754
4826 2093
9545 1840
5887 7156
4123 8360
4516 3232
8383 5743
7933 1709
1892 4816
1526 2356
4671 2468
2459 2376
588 2087
9526 7035
4398 369
7427 9505
960 3007
4838 1000
3861 7322
7378 90
878 7938
2884 1102
3406 1847
2455 7197
2890 3673
132 6155
7674 5151
9557 6886
4991 8728
7270 2408
5116 2305
6293 378
3470 4895
1134 665
5108 3357
9145 5404
6369 7242
6122 8349
8268 4960
5344 2839
1953 8253
3735 130
756 9931
7886 8407
8920 9647
627 1903
352 6827
3489 6810
3321 3111
1086 4278
5958 2214
7496 4217
16 4714
5797 359
3224 9684
499 8482
1489 3613
671 6582
1337 65
5169 2182
2777 4558
8111 653
175 3653
3258 1120
1192 5156
8786 5488
4816 6498
7629 9645
6382 1789
9296 8929
4788 4872
2225 1999
5913 6558
1040 2304
8325 5865
4617 1136
340 3242
8683 2522
7456 8632
7089 1641
4989 925
1489 8237
1951 7978
301 460
511 3774
5863 9231
8076 7813
6954 3511
9396 678
9749 7955
7185 8168
4798 1692
6636 2541
877 3053
8373 9775
846 6745
8238 4253
3071 9619
4061 8043
3949 7902
3149 9328
7405 3500
51 7224
3666 5678
2598 795
986 6417
8498 7135
631 5771
6571 4440
7748 1203
2979 3451
3587 4124
3941 3773
6942 3117
2589 4292
971 3349
828 7145
8990 2928
5173 6140
8275 3357
5588 9063
5354 8218
2108 8245
3968 5143
8087 1740
4886 2604
5928 241
9572 4611
890 3681
6289 9905
8006 9586
4644 2730
1307 3149
4246 3250
216 7149
1597 4521
8758 618
3083 9338
5308 9989
4148 3517
5447 1452
9698 1763
7632 2009
6525 6340
7866 452
9310 6584
8598 8151
7638 6053
6069 7785
6543 8644
1659 6883
6445 51
7793 7031
9328 1461
1744 492
5342 4024
186 9531
440 5926
7802 3350
4301 4309
4856 311
3997 2953
2391 432
6302 2853
2754 5390
4409 6564
6342 1365
6475 4224
4717 5379
6724 3763
9702 5751
7431 9821
9354 9655
9739 8387
5980 8113
5653 7503
478 3208
2407 6424
840 6215
2968 8877
8486 6457
5154 9017
1757 6330
2354 6656
8660 3836
8870 1989
151 7967
4415 4873
9253 4834
330 3487
2746 7089
1117 39
6149 6133
3888 8691
3045 3513
6095 8002
6740 867
900 3610
4343 1305
6532 7075
2593 7722
8099 5363
677 6513
7992 6617
7665 5912
562 8118
2950 7446
7150 8796
7530 6344
8368 5545
482 8824
689 911
2032 3360
2 7845
7627 8348
7997 3998
5409 3566
4181 1748
873 879
1660 1383
6051 519
1603 7939
5443 1371
5219 7047
3322 8938
7559 9458
764 8742
2955 8518
1279 4698
8270 2931
8648 2269
1462 9893
9610 1640
1366 1474
9965 1138
6784 604
2787 8910
9811 9757
1953 2228
9719 9968
4439 8304
8035 8714
6185 5900
9286 9104
854 6272
2641 1171
4182 2243
3486 950
6423 3431
2686 1981
6190 7585
2130 2331
9928 8925
9677 3871
1317 5575
563 9457
4121 3670
7573 7354
3779 7206
6818 9063
2753 5796
4171 5104
5814 3983
7994 9793
5688 2405
7485 5380
8531 8747
8894 2251
3253 6266
8211 9130
3214 6859
7128 5524
7391 4306
6219 9977
6382 3629
1664 5157
9898 6604
5721 9839
4051 6100
8876 5899
1419 9742
4725 1885
7630 2484
8393 8717
2121 564
8866 3787
6470 43
2706 8276
7561 5336
2879 8369
6026 7244
9680 9088
1186 2059
7372 7591
2573 6802
7429 2940
4607 2032
8063 3611
1687 8873
3146 9221
1165 3394
7295 4180
6217 9372
5825 621
2840 5403
365 8123
2951 5652
7532 1805
1463 6502
135 4424
293 2373
9977 8203
9055 2155
8403 755
7419 820
7390 9932
7141 1074
5311 117
3212 2365
2328 5472
1782 9944
9803 7958
9052 2778
9934 7878
5020 7547
8505 2206
9050 718
112 4798
6992 5622
6610 3252
1857 2984
6990 3050
1117 3837
6730 3422
7701 8925
6772 8975
4619 9466
9376 2567
4449 9124
189 2427
237 7252
948 3974
6354 5282
2517 5569
1515 3339
3298 2060
6717 1549
1981 2970
1867 1140
8317 2096
3051 99
2311 434
6028 2460
5139 5018
355 4323
6575 7045
2819 3695
7267 2368
7919 9177
3372 816
5235 6520
995 712
6533 9903
9512 9679
2748 7087
1642 5735
3933 3188
6098 5916
6293 6460
589 3914
8987 9144
1468 1702
8830 1059
3507 6423
4394 2463
9859 5376
8969 2966
995 7181
1096 2191
9642 623
8299 399
5459 6784
198 3862
2191 5429
3041 2578
9854 8890
8159 7250
6370 621
9955 1229
4334 8569
1310 6692
5294 7714
6018 2562
7059 1015
952 5277
8796 529
4664 5601
9343 9762
4944 256
7354 571
7914 2220
7319 3727
3418 4730
6286 3142
1833 7317
2067 9000
2577 1930
9019 4538
6328 5739
5171 4131
6553 8548
7771 8610
3608 8319
5501 3928
5071 6396
1833 589
1209 93
9501 4378
2917 8915
5823 4540
3851 6881
7381 1175
6094 2504
359 5789
3245 9066
491 3274
1829 2316
3127 6232
8606 6112
9795 2555
9192 675
5722 1095
8060 7937
2979 6210
814 9226
6853 7148
195 7915
2193 4540
9870 9019
5575 3099
9547 2936
4503 597
6018 7486
1761 2939
5488 6704
4487 2706
271 8786
2297 6115
94 5432
9626 4693
5836 2611
2119 8679
3431 2238
9575 781
8478 6316
1861 5397
1479 1386
8669 4414
1765 6841
2945 6207
5207 5670
2723 2430
5771 8923
5124 9692
4160 6514
4736 7838
8621 391
1745 7497
7913 60
4238 6722
2339 2763
4450 3927
1673 4173
220 2217
4339 7586
2731 1953
5447 7785
8496 6605
2716 6808
9713 8687
770 9536
2175 3148
9284 9043
5639 4374
3686 8405
6558 7350
394 6017
2274 9345
2606 1255
4570 6373
8474 2786
3549 2325
450 4186
4552 8959
3512 4079
1907 8176
393 7558
6695 3567
2495 5547
2008 8881
5132 7624
4043 195
7925 8538
495 8404
323 549
7204 6874
7465 2338
467 4725
8285 8004
6133 6237
2914 1417
8550 1026
9981 1229
3196 6209
2930 974
732 7757
5339 2588
2919 5240
8267 1196
7274 1614
9584 9013
5548 8601
8083 3413
5967 5694
9884 1655
7550 9565
3678 8400
8898 6899
1252 5068
4445 2810
9900 8744
7798 2973
6888 9657
500 8964
494 1972
9423 9640
3807 4888
4180 4316
1651 2833
4990 4222
3379 2123
4252 9676
9860 8293
323 9351
1865 1286
1178 321
5193 4539
8253 2249
9452 2484
9181 3914
4752 8140
1431 912
8946 6065
9224 9535
9308 8877
5085 3566
9942 7801
7234 6763
8095 1285
7994 8179
2311 1335
1311 485
7533 6359
3047 6164
5345 7282
5194 4803
3484 2390
6673 1321
6461 1103
9699 7839
1644 4693
7520 7950
9743 6118
7058 3763
8475 6099
5246 3607
3556 1349
9366 9545
3347 7249
4751 5657
2266 8845
9501 1205
2810 2997
9542 345
3701 3171
6978 2083
2967 2149
489 1803
9212 162
8831 5825
5304 3666
152 4991
2882 1603
8623 5118
8278 5709
895 7834
1337 1891
8377 764
7077 2525
4801 7973
4606 5461
1139 307
3355 130
896 819
2939 7004
6017 7837
3280 1934
2985 5332
8355 6889
5 9114
5406 6032
8945 3395
7704 1140
6105 7765
8231 6173
4347 4077
594 2199
2878 2529
9972 960
8487 1827
7710 1074
1853 1276
7214 3274
7157 1473
304 7357
5059 9480
5794 1622
9017 1365
734 5928
4478 3430
2883 9707
6710 3689
4228 7597
1216 8490
8331 9291
6125 4930
3950 3394
6643 9388
1573 145
4360 205
1391 1579
5412 2811
4324 5076
9207 9388
4266 108
106 9205
3486 4656
7517 5282
7724 4531
1182 6538
3411 7597
3508 9894
1501 2784
828 2590
6813 3071
3621 5782
8131 4670
8649 811
6166 3048
2986 5958
508 8737
8536 7267
8524 9421
1943 5783
5602 6377
8824 7340
5542 8678
8176 1348
6072 824
9614 5311
3327 3038
4947 5167
4911 4292
8337 6300
4436 8707
6847 1895
1528 4105
5315 4957
3452 9753
9268 4396
6588 6345
4927 2085
1270 2360
6668 3018
9467 1178
5329 1067
7037 9568
1355 1691
8951 2746
7907 8667
9093 1092
2002 1222
3824 1086
5065 2811
4222 3215
5846 3084
8248 6547
3577 3076
7991 2712
3774 7442
5855 8528
4910 4239
2028 6060
7341 5535
6774 1107
6389 4788
1405 329
5336 8757
7203 9517
4633 3810
8893 9920
5297 1964
7634 2820
229 995
3381 4254
3068 355
5976 950
4460 9413
978 9945
5322 5919
9528 7736
1809 1739
8314 2991
3318 6860
5774 5326
9134 8091
620 8550
2389 3949
1408 3272
9469 1435
3377 253
2019 9756
3063 5105
1383 9480
1337 418
4154 3895
1097 6629
7769 9928
1722 6129
4381 9830
2479 4461
342 186
9520 9450
9388 2697
10 9877
5724 6556
2382 7572
9589 360
8519 2070
4800 5488
8319 4559
3563 3259
4257 220
7050 4857
7028 2561
9479 6232
7721 4527
3231 7040
5488 1502
4608 3392
9171 3571
8422 2148
2919 2513
831 1336
1822 3047
1067 803
3625 5969
6278 7627
6537 8808
2759 7038
3756 5390
9020 1772
7024 7597
9221 4835
257 2592
7888 3087
7049 1244
1959 508
4926 1293
8030 7635
3767 7950
1389 1226
758 47
9203 3314
1820 1333
64 5360
2051 8874
4908 5690
1893 1898
1854 4917
7691 8073
6815 2793
3419 3857
8214 8131
9635 3571
7713 2260
5718 2341
4256 4457
2298 7018
3598 9743
5098 8866
941 6171
2237 953
9497 5174
6480 5200
4512 2428
373 1573
8288 4755
6602 7496
7810 7441
7951 5111
1273 2957
3705 7978
7250 9229
6967 3958
7332 2070
7914 4770
8584 3326
6232 8849
8993 7100
8472 7091
6793 4637
2428 5858
119 5222
5003 9376
5751 3129
3537 4241
8028 1402
9433 4458
4073 5996
6687 8809
7343 2292
284 7569
4024 5095
4945 2284
6085 1995
1972 5337
5483 9498
675 50
4851 8242
7144 1775
8090 5074
7875 5779
1510 8369
1353 8895
6500 504
6229 7236
450 5596
5015 9393
7564 5303
5353 4169
9336 221
4722 1762
5760 2916
6650 3235
9479 4823
5613 5996
3788 6197
3436 5565
6142 2669
8542 1677
5964 36
857 6041
8059 3465
3290 2383
9653 9451
6830 7119
7094 8912
4017 1324
6204 452
6908 3703
573 837
7598 3608
3246 4849
7989 6472
7863 565
1669 9813
7349 1620
6206 1008
6401 6267
2487 827
5668 8925
1547 9262
2451 2641
5675 3220
9231 2719
4728 8204
7464 2515
5594 8391
9443 2901
1834 6073
6993 57
9942 1072
6084 5743
8706 8287
1776 3429
110 1395
993 9294
3958 1713
56 8384
6695 9947
1726 8102
7416 3437
3074 7043
5044 7349
2421 1427
6044 9830
776 3965
9018 2940
6207 6773
4018 866
5003 6895
1258 6124
1040 5064
7997 3694
9319 1482
783 9640
9671 1137
2172 2678
3487 2709
5613 3447
225 2149
5554 4533
217 214
6812 1765
4660 7356
6492 9008
3647 2484
6151 7521
9215 5541
7611 5640
1518 5830
5761 2764
7329 7160
7404 7802
1939 5126
7948 4804
1661 4315
7302 8195
4745 2658
4490 1205
8617 4384
1301 4403
6470 9353
1017 523
7720 6547
3396 8708
9817 2067
7586 4774
8433 4704
3869 1784
9408 3148
2287 7829
5971 3346
8250 3687
5203 7693
7728 8750
9376 5246
8218 9787
1796 276
9812 8458
3559 3704
1737 1069
2875 1019
7505 6700
8571 4124
9348 479
4998 7075
8346 9425
9945 5131
2735 4931
634 9312
7682 1574
2811 5095
7692 4508
7483 1202
8313 9626
3871 2404
9965 8510
2464 706
7132 2716
9810 9912
5180 2889
8443 7545
6373 6383
8312 2957
6940 7312
6359 2398
1021 8040
3519 8507
6224 1665
4929 6327
1771 6773
27 9603
4332 7712
116 5195
5833 4533
4030 3286
6594 2504
8606 8207
2190 3158
7294 1346
3507 8681
3826 3587
9436 1616
3614 4177
1948 7950
9227 9713
8593 2047
9780 6735
6394 1507
5389 833
1029 4374
6911 6566
4666 3794
9683 6702
3420 5391
9723 3323
3183 4899
4776 3777
1167 5332
8954 992
9576 533
3975 839
2128 8339
2198 3987
1787 5540
9496 5196
1140 3778
5454 7977
9028 1165
1642 5568
9324 2623
8038 1435
4041 3434
6911 4989
9033 1292
1554 5217
9552 6434
5116 2025
7108 1870
6078 8894
3052 6104
7248 6024
2124 7355
5978 9323
6900 7580
7449 8190
8686 1081
385 8341
5005 7263
5818 2026
2537 7776
3867 937
854 6842
2890 2254
7143 2978
8220 5330
8574 8859
1936 3038
8564 8434
316 8825
6770 4804
8674 2036
2121 7309
5855 1020
2732 7003
1326 8683
6044 6214
150 366
6614 3868
4444 1034
7981 6181
6833 4439
4155 459
688 7573
1468 664
8544 363
3532 8304
4924 6462
4924 1349
3554 955
5994 2277
4587 5909
4432 2555
971 2221
6840 6626
1504 9889
2229 2293
8338 7539
9388 604
7262 9696
6489 5309
4016 5046
9974 3104
4286 2041
2830 6600
7608 5864
5732 3578
6848 34
1897 9083
9895 2186
9431 7966
7350 9143
8714 8349
4415 1835
1598 5930
1757 137
6559 3447
3059 4798
796 3850
7803 6640
588 2777
1349 6692
2584 9944
4240 7501
5120 3651
2375 4776
873 1350
6710 9554
2001 6831
7294 5262
9506 6921
2724 1308
5837 1663
3735 714
8194 4206
6290 5146
4611 768
4862 7586
5482 2568
2342 2704
4434 7528
8300 4215
1189 4577
7134 2490
964 8136
4330 6234
3696 928
1491 7935
4407 7780
3484 162
9205 458
7737 3028
5447 4071
3102 6877
6183 3642
9800 4547
2977 2829
1114 1204
7398 2687
8886 2439
5668 5421
8577 7236
6551 3088
7159 9722
5904 7370
9349 4462
6309 6337
1642 8644
4792 6826
5399 2815
5394 899
8870 6258
3264 920
7797 8030
7083 2256
8345 828
467 1464
3790 8242
560 8701
9683 9751
5112 8469
716 3769
8448 2341
7349 4578
4662 7363
6271 1513
1808 1579
7739 4670
4861 7119
7390 5854
5553 5962
326 248
7982 2711
3646 1178
4221 1138
6282 9128
8043 7204
2312 6885
6385 4337
174 867
8139 655
4456 560
9538 2405
6243 2379
4584 2805
521 2204
4688 1370
7778 5401
9306 3063
2799 5884
5236 8218
2108 3852
6847 4599
3322 609
7340 4134
376 8929
5003 6583
5516 2402
7133 5291
9863 7648
9874 5065
128 427
972 4354
1067 7796
5265 2647
5135 6115
9975 379
8885 9968
3148 3891
9488 9850
1333 9711
6618 4177
4917 4596
8267 9804
2611 1107
7914 4872
231 6573
6683 2913
2752 9417
6863 8077
4985 2508
9287 3709
6277 7852
1530 7311
2281 8288
5415 9199
4871 9300
651 9995
242 6737
7443 7
6948 2356
8484 869
5257 992
4739 4857
4207 3246
292 3184
8352 7099
4151 6265
7425 4201
3369 2891
5734 9300
3082 1351
7543 2772
1961 2913
6323 3627
7829 5616
2896 9471
1605 1928
2277 7576
3836 3669
1006 944
9682 8934
1100 4975
6214 8005
9150 1346
1257 3697
5158 4823
5581 4319
543 5919
1370 2503
7386 6041
3128 1494
1563 8522
6775 3326
7473 7046
9363 9379
3414 9690
6059 4144
2835 7233
312 5683
3756 4512
2687 3132
8060 9582
1597 7153
7436 6111
8269 7143
727 6683
1530 1277
4282 9699
7237 7283
8671 9001
6833 7930
6727 9768
5757 769
5799 2211
938 1341
1798 5220
2923 5634
489 4409
3614 5642
7903 2988
3772 2804
2849 1214
6010 9203
789 1793
775 8674
2413 1622
2363 3066
7604 2023
384 4859
4486 4138
8222 6407
9984 8663
2604 39
7065 2337
6846 3375
2232 4108
4351 2095
508 8541
8320 212
1752 8550
9829 9604
9828 5412
5480 6590
8972 4068
71 7359
8773 1347
44 9710
3299 1072
9848 522
4377 3453
7755 2639
2185 1645
3299 8675
7622 3605
760 9746
6198 8904
5556 219
3531 2902
637 154
9108 7756
7843 3369
6948 7220
7181 8478
1580 5473
9878 8545
4695 6511
6676 2259
3662 4151
1686 1867
1605 5601
1225 3582
5086 4504
4139 2825
8330 1769
9751 3300
9470 8613
5881 8042
507 669
2850 8337
2188 6940
6704 4428
5058 6313
9535 9447
698 4452
1565 1220
8571 7891
6518 5594
206 6613
5687 7082
3970 3643
9051 9210
7859 841
8569 4372
8248 1292
6398 2193
8024 6983
9399 6726
3504 7033
6504 6842
5637 273
8641 892
6932 5910
7541 8827
329 3523
6944 7913
6792 757
4660 4830
5743 563
9463 2457
7943 9730
4214 3416
8317 3778
7514 841
2497 9834
2635 3896
3435 5365
8285 1849
3637 2427
1997 1782
9385 5967
4881 9377
2019 5391
9892 5876
6444 2399
5096 113
7379 6915
3453 2325
6001 825
164 3310
5643 573
9001 2886
5276 3960
9938 2937
6827 4004
5606 8212
4264 7516
2316 4809
8099 5325
7691 5714
9531 8401
5077 2661
7316 6612
4415 4753
5527 503
5006 2840
3732 1550
6875 9138
5082 6773
9305 2986
6454 192
2498 7060
8328 2572
6995 6658
433 2236
9505 5424
9159 4612
5417 9794
108 4893
3440 6247
6998 3151
7382 2073
6137 9182
1576 3334
8238 561
3631 6011
9661 1195
4224 346
4826 3305
5967 9908
7874 3204
6145 2883
8688 2553
772 2181
9937 9619
5955 5698
2193 411
8702 4086
5455 234
3911 4464
7724 2932
9139 7231
6010 6651
9562 2406
1109 9290
8734 2440
734 8873
2503 3117
9118 2466
3029 3437
9864 3700
2422 8385
7846 709
6936 343
4765 5431
1536 5753
2803 3715
1823 987
9229 2095
5917 6182
3352 4735
2213 8080
411 4094
1105 70
6441 5754
7169 3141
1032 5690
7038 8650
2872 6839
7411 1237
4460 392
1800 2208
5199 8140
1279 4190
9587 8128
7812 9390
9363 5253
6663 5627
8867 3153
1581 2109
1289 8387
2848 9403
2653 1215
2905 1052
4966 8004
2425 6827
3444 8623
8009 5566
1717 8114
7089 573
3158 2766
6337 1006
1730 9435
1689 8076
9469 1982
8089 8181
6719 2581
7792 6080
4434 4208
3894 8335
9067 2432
2468 2978
3454 3418
6831 6894
3811 5993
2336 5654
303 7553
8295 9498
2904 7014
3295 691
3035 5258
2607 3985
5734 900
3267 2346
5091 3835
1231 4781
1015 2553
6008 7947
7629 887
3655 348
8397 896
3438 3665
8794 331
5766 1908
6126 9879
4514 4819
8274 8698
7533 860
8614 1839
4542 1227
5421 5211
8016 8305
969 4209
4679 6164
9440 3693
3136 8889
6780 2232
9751 2944
6024 3188
3697 4118
2732 6137
7263 6820
4656 4497
5491 5208
3752 4865
6191 7308
6608 6854
4318 5077
6429 8499
8631 2595
2155 3483
9036 6616
5395 1784
2882 5547
3722 5219
5536 8782
330 6577
3013 3033
1972 6973
9376 8965
9482 1657
3263 9784
3924 3815
1930 1250
9206 1890
6911 6518
6701 4357
9935 4551
1461 9424
4437 9870
1897 1580
7511 8875
1183 7958
6705 5894
1784 6133
6638 2570
4064 4840
9584 4075
1227 5179
8750 4335
3807 9430
6515 6300
6686 9039
8108 7342
7766 9490
6794 5788
3705 256
9673 4103
5475 8978
9841 3170
5552 8514
1438 8273
8321 4007
8607 7733
1180 2079
6528 955
190 3321
8895 5827
8236 1991
9029 4324
7324 2679
1803 7285
9149 2026
3701 3494
6840 3522
4003 1718
3536 6307
3436 5991
8300 3961
2843 6934
2912 4496
8232 115
9315 8040
855 8353
2136 975
74 5103
2935 2090
8812 9456
6898 2024
4047 2827
5335 1799
9236 4956
4478 2732
6922 7476
1963 6233
852 5678
7752 6077
869 5082
6246 8642
7762 5127
9752 4233
605 3772
2572 2464
1877 2806
9716 6477
5288 1011
8749 7196
7079 3190
7994 6399
7992 147
7458 512
6845 7534
6793 2191
2629 586
7707 6449
4626 9647
3562 249
7427 9385
7706 6766
6001 6740
3966 6187
9944 8664
9590 2340
4419 5069
904 1270
2044 4588
7974 9315
5308 8699
619 3090
9740 3881
3011 1594
6911 8307
3026 7413
5354 6332
4721 7658
2673 5385
6075 1294
5179 6339
1920 5948
1954 6692
95 69
8071 4069
8922 5772
2870 2884
2658 2788
6116 1107
2124 1754
1898 6861
5157 5323
7176 1766
6509 4668
9522 6051
6766 8295
7326 7378
3554 6276
5301 4167
413 9466
6823 8189
9812 635
7063 1112
3900 8013
5920 405
4734 4108
9674 7505
437 2851
3920 8059
1557 7115
5134 7589
8431 9984
5831 2614
2991 1744
2737 9399
8307 7001
1220 8205
7360 5558
1086 856
584 5147
9835 3243
6791 2456
7740 1492
6415 832
2054 2448
7714 8395
6810 1071
5982 1960
1151 5303
7166 9711
9507 4665
7511 8752
62 3968
8740 2053
8790 7280
489 6095
5599 1400
1594 5153
4297 8475
4701 6560
9601 8249
452 3061
3636 6385
3680 7493
9740 1905
5923 5412
4463 4884
6974 3811
813 1074
550 6279
8901 9180
9108 7853
3946 5059
3470 4926
8204 9262
8950 7530
749 8375
340 3293
7182 7151
6872 3134
9087 98
3322 9802
267 7354
3292 2578
1797 1203
1333 7490
7333 2724
2758 7217
1530 2660
2049 2142
9841 9491
662 2854
1123 4045
8540 6413
8796 6007
9447 6412
9098 5087
9971 9688
9662 7808
8456 2827
3974 3100
6414 8676
8603 9817
5521 3433
6484 2593
3806 670
1386 8473
7174 8136
8075 262
3744 3927
8024 6725
971 6662
649 3728
1374 9950
3797 6062
2577 3884
7568 389
1404 1741
7926 5165
358 2978
7631 4780
6756 9077
3319 527
2978 6311
1667 1484
4608 4416
8211 6595
4053 421
7871 9788
8256 4551
8316 6492
6392 909
7853 7603
8295 1355
8314 8048
3794 9600
9828 7409
3654 9954
2230 3152
3487 50
7809 8803
9083 9109
124 5884
6560 2803
5229 1401
7016 1254
5713 1308
436 5361
700 8445
9393 6652
3951 2905
4304 5927
5788 4091
6997 3295
3015 757
1251 3372
9539 3356
4627 4755
550 9921
2009 8993
1408 5832
761 2510
5123 1270
9225 8939
2443 6202
4435 722
1381 3702
7975 5178
6745 9360
7645 1000
2611 3324
6904 5294
2741 1926
5041 4935
137 6328
3756 4684
457 6500
6848 2409
1123 3564
8616 9432
3341 130
9058 1820
1869 1488
2314 6737
7973 2117
2185 6657
784 6264
4560 5845
3628 9300
3793 1905
2496 5012
4364 8679
7785 5706
6511 5494
9486 5542
5302 9936
9324 478
435 154
9757 1445
9151 746
9563 9140
4553 5592
2845 1845
9598 4093
8910 6106
4428 259
6724 4220
8381 2667
9028 6670
2186 8231
2783 7439
3166 5390
6131 1155
7230 9345
7175 2978
9737 1069
5848 5552
3056 4969
6293 880
1559 4359
9221 6312
7959 7006
4540 5843
4039 390
8530 7196
5130 9501
2973 3153
4853 3507
341 3821
2381 9587
8211 9107
1660 5705
6870 1044
1816 9983
692 7963
1937 9188
4329 1779
5037 5647
4261 7456
2276 8740
8264 8982
9311 6776
6017 1226
9043 1248
9542 732
6008 1594
7788 2778
5338 6225
6602 3297
4562 7936
813 3933
6708 2499
4562 6543
1637 5585
4748 4903
453 2738
869 1854
482 4504
637 5638
4820 9122
9844 8377
4074 1761
5262 4460
6237 5655
826 4607
2045 1563
216 9620
3547 9940
4239 5337
2247 536
3384 7799
7248 2829
7638 2998
3624 8765
750 847
168 734
4100 5350
6924 4395
3361 4863
1429 9427
6149 1882
6865 4775
4982 383
2179 7346
3529 7093
2514 5448
8832 2043
7965 3464
6791 5828
1203 2157
8880 3771
4454 3745
471 765
818 5076
7858 7948
4036 9619
9715 1696
8604 3597
6020 350
863 8502
1829 4606
5881 2328
9592 3893
2916 584
6263 3303
5606 827
8517 8327
3697 9738
5952 6430
3177 8870
6209 8367
6337 1502
611 8101
546 6882
7451 2356
2890 4501
6220 4235
5731 3488
1447 9445
5452 2393
7691 6184
9530 6027
5801 4952
2727 9705
950 1541
2429 2688
9520 229
6214 5529
3025 4607
11 8726
1634 5496
4459 7624
9543 412
4640 1044
3343 7328
2239 3960
9145 8458
7906 5541
3912 9946
1606 5373
4175 5981
1883 9359
4436 8406
438 1348
9932 3564
2271 557
7167 8432
9435 7758
721 5849
1144 2435
6205 7859
901 244
2951 5756
2337 1618
6030 3708
8303 5678
3268 6747
823 6839
2789 4514
1838 7913
7748 794
802 4710
2069 6211
231 1702
2968 9064
3513 9235
579 6870
4428 7515
5565 9911
2060 8677
4540 9314
3022 2067
7569 5612
9716 9735
827 8828
8315 1544
564 1147
1369 9702
291 8158
6778 3704
3060 1742
7091 3931
9696 2026
5711 3956
7849 7334
539 7068
2563 4716
6891 8602
7762 262
4168 2239
6408 5991
6786 9389
2580 2185
9977 6679
9858 2848
1621 8516
6183 1637
9865 879
1587 5898
603 6183
5517 1912
5606 8568
4184 9986
413 1579
8534 1947
8694 83
617 228
6068 3361
5628 5388
4605 4858
7086 462
2058 4725
9408 659
3913 7973
4579 5648
795 3335
696 5446
3019 3218
8821 1886
57 4737
8310 2270
8349 767
6090 6775
3059 1632
928 1381
7079 6939
3488 1940
8229 3770
3587 7701
8376 3889
2180 2666
4238 7646
734 2170
8419 9364
5691 6203
1409 5025
843 9095
4203 2954
5650 4762
5407 7944
3097 3216
690 4179
2975 3133
9998 3540
2326 8595
7943 5015
8377 5788
3064 1824
9737 114
8784 2818
4887 816
7627 5112
5914 8164
8526 1547
4875 7577
2345 2862
6628 2965
4648 8959
5587 2766
7007 8736
9664 7316
159 1285
2753 1870
3335 7021
72 2851
3529 782
3101 9664
4234 5363
6307 887
3744 5265
3836 8536
9112 5895
6082 5373
4151 6483
1403 4135
2592 2888
7115 5918
2435 8494
2188 5588
8603 290
9367 2776
6232 2869
6321 7113
2913 9773
9891 5934
3497 9739
3613 1826
178 2816
4574 7863
7075 4885
7457 6178
7549 9555
586 3091
7854 5269
5564 4657
3491 5728
8978 4196
974 1987
8714 2951
2009 8234
8568 6084
3611 8790
1950 6383
3068 8616
6417 8398
5332 396
1417 9676
835 2306
1974 1656
309 5115
1026 2837
3382 5737
2656 6128
6119 8961
7273 643
2894 6296
3064 5190
6176 858
8987 5432
9983 6471
1730 5733
6711 1864
3495 6887
1564 9010
7281 6166
7788 2805
1578 2015
4777 6900
6147 1830
9657 5174
9437 639
3114 8526
4268 2557
4689 3165
5801 5343
4297 327
2309 9993
6417 6900
9044 9923
8344 5334
1898 1383
1867 1316
9878 4280
2908 965
818 1350
7964 3361
2098 772
261 3395
9802 7440
7565 8127
4495 719
2028 819
9839 4464
9656 1607
9396 7066
6782 1412
8212 5066
501 1289
9386 9931
4335 9887
546 6478
7114 412
1052 4369
877 3070
747 955
9960 1602
6214 3828
349 8857
8291 7331
861 8248
742 2904
3211 5961
6268 9420
9736 4883
5999 5512
9497 7763
5881 7468
4043 5335
5248 8484
8555 7218
13 571
7612 445
6223 5627
3087 9186
6188 6483
2463 9925
332 1066
5966 4336
9497 1833
2392 3611
951 8395
537 4154
8531 1990
110 4167
4065 9883
725 7042
998 3163
4715 6081
2434 1336
4754 3993
4794 5697
4438 1446
651 6917
8570 3147
881 6478
6 7789
1244 1717
1979 108
8388 4408
1205 204
5974 2221
8203 7228
3435 6943
1264 6305
2017 3008
4218 4547
7275 1003
9245 3242
3444 5967
773 1947
4535 3307
6412 5584
559 7532
857 9680
9222 2744
1621 3157
2649 9577
7192 558
3837 4722
7736 9385
2127 5062
1710 8178
2819 2748
4998 2901
5506 1674
3800 9499
7707 5923
6855 1481
823 6917
7582 4442
6942 8697
6028 135
8910 9565
197 6005
1397 5585
7414 9542
2898 6380
132 9357
9367 5229
981 7342
6260 3107
5436 2755
8927 9587
9940 3190
8894 9757
7163 316
7163 8694
7122 4459
3574 1503
9966 2912
4682 4671
2414 7471
5619 2937
401 9519
4850 3581
912 854
3009 9543
9004 2458
2872 1419
4671 43
410 411
7511 1560
9845 5906
1752 9145
2963 3982
149 5193
6862 5568
6002 9809
7197 8307
175 1205
1480 9592
9048 4297
7459 7223
1999 5334
4812 6839
5704 6612
1370 5685
8049 1366
1262 2280
620 8675
3753 6773
5794 4006
2105 302
5968 4649
9925 2971
5061 2735
4142 1806
3469 5956
5253 235
4078 8380
3992 9166
323 4087
384 2306
4427 9142
3011 7501
2925 2280
9622 2120
3682 2198
5898 3717
8289 4198
3718 7996
1950 85
5618 9080
9768 7938
3893 4764
9943 7175
4679 5958
4528 9642
7507 8395
5514 8311
7837 5061
3409 8720
3876 3429
996 485
4098 3123
3332 7213
3524 5110
2170 2649
8550 4147
8239 2527
5903 7308
9538 7739
5266 3105
3066 4650
3918 2842
5801 9011
2510 6633
6038 2612
78 8999
215 1193
9680 1658
350 3586
6595 9786
6336 8617
9408 2559
934 3665
2269 4771
8697 209
1740 5773
6804 4245
3568 2914
5707 4749
8084 2218
5828 9525
5879 1613
9375 44
3901 7009
4745 4886
6989 8748
7260 9075
4100 5147
3045 7392
9742 4865
4982 5343
6554 6835
8700 5160
3577 1234
315 2327
4879 2362
7663 9185
2403 2100
4273 1218
9881 8319
9109 9751
9432 5972
2169 6752
9353 6014
569 2460
6497 2055
2194 5634
5668 6824
3175 3965
4497 2800
8450 2191
4841 3669
1112 27
3945 7896
7513 2080
3614 769
787 9903
7356 8874
7645 8856
656 1321
6013 8351
6619 9022
41 7020
3578 7106
4734 1791
3896 6808
7026 9489
9369 7657
5482 9319
5958 4338
1333 2189
9303 4231
4896 1921
9923 4324
2379 5579
8022 6997
6240 5685
1068 688
3209 2174
5149 6688
1485 291
4258 3525
5511 9236
6890 2080
1726 668
9596 7786
5420 6560
5890 7994
8333 694
7949 6769
3843 5054
8376 2374
180 7987
9183 262
1049 6212
9257 5547
8645 5235
4690 8776
7428 8814
8277 9211
6046 5016
4225 728
6003 7795
7197 6715
1837 8591
9443 7095
4606 3894
1248 9751
2307 9651
124 7119
6338 6701
2731 9956
6389 8056
4676 4510
3184 8337
7768 6077
2972 1677
604 8694
9996 2121
3196 2205
8360 217
6700 2700
534 8153
6989 464
3012 1357
3604 5609
6947 8390
4654 4500
8275 6674
6534 2181
1430 9138
484 6048
7767 9330
310 3855
2199 8132
63 8615
1446 7021
9661 4584
1347 2543
1367 9005
5725 4660
8592 1521
3623 9395
4225 6860
6645 3772
2919 1720
4066 9786
2598 7424
8846 4277
8113 8850
4156 8934
6854 1492
2366 3645
860 3847
126 679
141 4927
6171 3898
4996 5119
5532 703
3474 4695
9817 2102
3152 4104
7097 3329
7877 9188
7819 5090
9251 7188
9528 8281
8454 9874
5845 2644
2563 1120
1047 7939
8219 5969
6464 8784
7666 2654
5593 7532
3178 9411
1123 2016
9963 5711
6210 3559
3144 7018
7301 8987
2831 9217
5354 9146
6016 3704
1650 7679
509 2119
2812 6424
4434 3139
4597 8310
3165 2975
4978 1961
805 9521
5217 9148
2911 9406
6448 2360
748 9360
6232 1624
1302 8035
1273 8161
8591 6037
8200 95
7471 2795
9392 330
4326 9932
7952 5622
6370 3852
682 6465
4948 5858
1110 7422
6113 9519
75 9367
2372 8137
8372 8675
2886 9391
7687 6873
2924 3802
871 2815
2326 7314
95 1715
6584 339
817 8833
1959 1554
6284 8385
6473 7983
6252 4265
7740 8342
8222 2741
7659 9181
4503 9415
6773 3459
2659 6807
3504 2744
6164 9504
1129 1759
9385 5012
7340 9959
8722 1356
2614 8282
6670 6483
2125 6508
440 1942
4173 4717
5770 3679
2756 9418
3017 1748
7100 2278
331 3840
9804 2860
9041 1017
3592 4471
2737 4702
4390 9437
6443 9139
4831 592
6679 4567
2375 3972
9566 1840
4424 8582
8420 8576
7441 6842
3950 4190
5512 9485
1177 2390
8308 1992
1105 4590
3191 7547
5349 7190
5814 1094
676 300
8216 1836
7598 5390
8628 9187
1426 7149
7040 4092
8435 5145
7553 5557
7784 9437
2210 5436
2848 7910
2018 1007
6201 5800
530 1540
5356 4500
6266 9491
4497 5104
3301 5294
3580 1657
5390 6965
7006 4114
7720 2954
6328 7246
8826 8927
2245 5076
75 2454
6860 2764
7802 286
3532 810
1716 1230
1487 8931
9032 9179
704 4338
3821 6092
3560 8066
6056 2455
274 4541
3713 6621
3944 4372
8005 1101
6156 309
7386 3065
2609 1689
998 1956
7936 8379
7822 691
7538 9975
2113 1190
9942 8655
2785 7078
492 491
8608 4202
1565 1009
7237 6198
4599 7687
5377 3117
7440 5362
3517 5487
1256 9916
8296 6145
273 9856
5815 8748
1510 429
3264 2688
3095 3630
7027 1817
1838 2220
9026 9026
7767 7992
4908 8315
8093 6747
4596 417
7420 7943
3066 1338
9707 736
510 902
3434 9440
5842 8146
853 241
1864 1914
8550 9692
6140 2742
4474 979
1351 6816
8941 3522
1126 5958
6833 420
3033 2672
527 1649
7419 5929
6166 4569
2484 3777
5138 119
7244 4911
3749 4323
4468 2412
9407 9975
9209 3528
5997 3969
6169 3483
7244 5207
2369 1659
7870 818
7992 2553
9007 9035
6312 4720
7084 6548
1370 6850
1176 6452
7471 8495
3405 3657
3177 8930
4232 3919
654 115
651 6244
9356 6047
3969 1173
3637 560
446 1784
9144 7789
2733 7138
1816 7299
3511 2850
5904 9229
2024 3811
4408 5491
9937 3369
719 1369
602 7722
1589 1329
5251 990
1987 9145
2739 4738
2670 6559
2464 2422
9424 1773
388 9001
8593 8415
595 6496
2726 2470
2372 6914
6383 6429
1099 6399
1023 5793
4811 5260
7722 8693
8790 2916
395 5131
6509 4975
1158 6509
9101 3211
3980 3752
4141 2065
4641 4629
961 1696
6889 6174
1198 8258
7676 939
3088 2415
6402 5141
260 1201
9977 1466
8927 2953
1416 432
2629 7830
7746 1925
4412 5067
5996 1930
2632 1866
9482 6905
542 2426
8455 7475
3466 4314
382 8718
4177 366
1773 6918
4320 9666
4209 9124
4292 3998
5172 4035
1139 6582
2890 3241
7517 505
7586 8287
2237 6802
1483 5288
8435 5403
2050 8677
2534 5294
4765 7236
5986 8540
1518 6659
6567 7197
2863 7139
5653 9688
1610 5877
5003 5401
5885 8949
6935 652
636 8595
7240 8540
3202 5524
2561 396
7801 5901
1604 6026
3393 2339
2017 8131
3623 8964
430 3294
3279 1889
1505 1536
3994 2202
5657 9302
2007 867
6557 57
9811 1808
5414 6510
8167 3779
9244 8760
3418 3232
7274 3786
4501 7723
2929 2898
1857 1760
6798 1858
794 4599
2863 246
3676 6302
5445 7802
4691 9164
6530 8879
4399 6486
1420 595
956 6297
2191 8260
4486 6381
4317 6166
4174 3020
9561 6131
5503 5850
2710 6954
8410 3630
8307 8030
6602 3060
1011 7750
8555 5380
361 8773
3970 4248
76 5943
6671 1812
6684 297
9689 6531
840 9160
3320 9824
8737 9729
7265 1908
9116 2150
804 6109
3904 8998
6451 2808
8760 8943
4309 620
956 3277
2270 6193
8387 1925
5031 4562
1255 6663
3358 5074
7123 1935
564 5305
7221 9290
4525 2297
1888 7416
1755 3950
8655 3604
1545 8322
2286 9094
4696 4569
6332 5184
8966 6431
5565 8283
2111 6330
4493 945
2390 9756
3760 1134
7189 4162
1168 5029
5850 8475
5953 1615
2951 5450
1696 1214
308 8810
32 7894
7606 4925
6711 3238
6786 9250
124 1616
1690 3562
8072 4218
1638 2373
7150 5469
3891 923
984 6649
4330 4704
3229 6271
1934 6833
7650 5630
2465 4284
1794 3282
8658 9266
2813 1880
6571 330
267 4843
4836 1582
4945 3221
9867 3510
9996 767
6798 3263
3466 3962
1200 5183
8878 3937
2423 5740
9233 4958
5601 9525
7717 6579
2450 5924
2743 8657
1828 5922
2288 1755
5926 2486
5179 503
3718 7839
9029 3172
7440 2519
1771 7688
1333 3006
6785 3147
7501 9133
681 5343
8544 6468
1994 4049
4154 2104
6544 2750
2705 1646
2324 4978
6282 7405
449 1977
8034 9047
1460 5604
8395 6325
4955 5691
5834 5592
4341 3490
5281 5607
2103 613
1693 6839
8592 3848
8554 8937
7074 9759
9777 4488
9346 7507
6685 5491
7314 1264
8793 7864
5624 6208
869 1728
4006 7616
4934 8469
9249 5691
7004 3169
9216 8837
6529 6456
2281 198
4731 7530
255 2843
9465 7867
8425 2446
7760 7110
5265 2260
6340 7883
1813 1941
1402 4404
1264 1105
4265 6926
5100 1572
7323 1310
3075 3711
4 6876
5918 1476
2607 3344
4443 8637
2553 5482
8109 37
6704 6114
2958 3086
1547 1241
6093 3399
8434 4331
5716 6540
7689 6353
8455 4989
1557 9623
8979 3169
6863 3530
4427 1624
1339 4432
3838 2489
86 102
8477 5277
2375 3196
4992 5316
4136 5117
8862 2911
9827 2591
4627 5907
544 7955
5536 2614
8098 6859
192 7944
2773 3119
9379 7410
1133 4556
7094 7400
9434 4291
6315 3992
9614 3689
8603 6838
4739 2045
2571 2463
1391 4005
5755 8301
5155 2983
911 8128
5382 8285
9966 8509
7626 8162
47 6547
7480 5137
4817 1578
9653 8941
4539 6716
7058 5402
2571 1511
7830 4837
8588 591
1093 919
3620 6952
235 9686
5215 6446
1482 3385
3993 5711
1445 8959
7015 8222
6316 9885
2422 6328
95 4428
7209 1792
2769 2851
1166 9924
4883 695
9320 2678
3240 9306
567 3536
984 6741
1840 8913
2761 9211
911 1659
4490 4908
8675 6457
2150 4429
4394 7183
5867 3166
8230 237
1974 8575
7159 5079
8860 6281
2588 8326
5642 532
8952 5291
9712 6480
2947 7092
300 5173
133 9394
2215 5692
76 8327
1345 3360
9104 6578
730 5111
7829 9999
7527 316
5663 9851
3002 9402
32 7106
9997 7694
8674 6823
626 3648
397 6509
5359 9873
8226 567
8250 4248
792 1622
4012 6735
8692 1164
5181 5835
22 85
2351 2772
6611 8337
8929 8856
5981 2000
298 8857
1336 1147
2920 249
7553 6504
9954 8374
3987 8763
7971 6703
2389 9238
4502 2353
9283 9146
9729 1135
2742 2354
2915 6343
9507 3534
8359 6924
3219 7661
2086 9976
2665 1374
8240 7124
97 363
5930 594
6089 5745
7817 4333
5672 523
5677 1202
6614 6865
4735 1181
906 7821
1335 642
3072 5491
3015 9583
7140 9585
4581 2225
3051 8872
7747 2531
4001 4279
8804 6984
1501 4592
7735 8097
8977 5448
1588 5605
8956 9362
9147 483
4890 2688
345 9602
1294 4100
3450 1428
8893 9677
8422 4173
9943 2179
5370 412
7770 2887
6329 7271
1950 2869
2696 294
4489 9486
9141 3598
5736 2200
7295 180
6819 6689
9870 7399
4816 755
993 8967
2318 6801
5866 33
8883 1412
3956 3309
6165 5058
7360 6367
6061 8002
3131 9011
4953 9495
4313 7251
3004 1376
2174 7763
4013 1470
9065 6348
7284 4887
8312 3048
4499 2962
9468 1853
2275 7829
9115 5273
3965 5013
6170 6167
3694 8757
8887 4507
4618 7571
4657 8985
5010 7655
94 8010
9571 5725
604 7735
3718 5120
6097 9958
9896 9047
6942 8091
2879 2503
9643 1057
8599 2845
7526 3145
3101 9973
7068 8059
4635 905
9126 3550
5685 2406
10 2313
3543 616
8542 847
2472 9044
1720 2534
5657 8
7087 9630
4716 5753
2536 4006
9687 6436
8116 4016
1558 3885
1330 2160
9218 9447
6296 3557
9187 4568
3698 2443
3917 6721
4752 5442
57 5237
1853 9740
59 5803
7960 7157
6202 5215
9403 1431
5695 4106
5631 3492
6610 5567
3759 2213
1678 9932
1918 1598
6399 6630
1433 5606
1510 8141
7042 4667
7954 6954
4965 5456
6062 2638
4090 7736
1485 1538
4856 3412
3556 9148
5259 652
5034 1617
296 6368
1592 8318
3796 1474
1993 4397
5432 5844
1384 2581
4764 6110
6690 9183
5646 5940
6001 4394
2026 5838
5565 6499
4222 3893
179 8218
3197 8111
5224 8122
7191 9913
3686 9681
3624 3841
7890 4867
7724 1379
4469 3303
5944 3515
9230 3151
3072 9009
7589 8097
5215 3617
7104 9410
7971 8712
1624 375
5991 3692
6758 6739
3681 979
3725 4623
7484 7984
3947 3470
402 9364
6618 8988
3702 1086
5322 4574
6462 8726
52 2213
3076 3663
226 7975
2618 9943
7149 4834
5242 4667
877 5070
6538 8614
8892 3194
935 1769
6718 9449
7288 6959
6976 112
1493 6085
6040 5468
2487 1570
1726 9955
6932 3275
4135 6779
4416 610
7224 7519
3607 829
4316 9951
2489 5644
3962 2395
3269 7447
7450 9780
9737 1061
2849 7343
8725 2527
322 3929
3562 8098
5447 4116
8438 639
5424 4060
6116 5422
7626 4092
8405 5582
6905 7057
1202 2684
7982 7568
2648 6879
9267 2296
5341 3197
5577 7347
5938 8407
8407 4476
9154 8658
5628 1863
7212 3457
4203 8115
8467 3286
3615 7346
5112 5617
3855 3406
4969 4369
9793 9991
2209 2005
7312 7146
7058 5577
7063 6813
4596 3176
9558 3270
9510 7087
7723 2746
8683 7180
6119 9213
6929 286
7028 1746
9593 4779
5387 5400
3157 2599
9407 5582
5857 5893
4205 8696
887 5724
2844 2337
5578 8725
4220 1288
3861 5892
9612 7861
6980 903
8344 2547
8740 8854
9150 9902
5283 5930
5514 9259
7466 1866
4906 449
8171 5792
6655 902
5381 7264
9386 2700
4743 748
6812 9528
9249 9833
8484 2615
5279 9524
6865 6148
5147 8634
430 714
1655 8992
9956 3196
2508 8199
4515 7951
7293 777
260 9797
4278 6968
1930 5828
4022 912
2338 8880
8905 1464
5461 1771
7183 563
4861 1146
4977 5924
2388 7379
6015 6253
9315 1349
659 2178
1447 5099
2302 8443
5054 7770
6422 7353
2437 4571
774 2012
5977 8025
2940 1197
3664 6752
3058 4550
1068 2211
4262 8907
7267 464
6439 3616
3716 4312
3865 9862
5652 6185
1813 539
4495 6232
2446 271
7718 7360
8819 3164
766 4419
4706 2719
5841 2725
2697 2997
6932 9900
3465 3647
272 9512
1487 8722
3898 6461
3743 9654
9507 1079
645 8178
1302 769
6188 2885
210 826
3410 9126
1635 5205
9352 1444
3851 9075
374 9949
8114 4644
496 3627
412 9110
6847 9111
9201 427
5383 2551
9131 2889
5980 6572
6818 7178
9239 5812
5442 5767
5311 9506
6523 3341
1980 5616
5753 3466
6497 7492
8595 258
5283 4393
3947 1939
5378 1325
1141 25
6380 6229
229 5110
7668 287
9176 9895
9170 1253
2278 5454
3758 8844
1734 5484
1732 7479
4385 5391
8952 6355
451 7794
7199 713
8766 1150
4299 479
440 883
9875 4308
7388 9844
9508 3022
9032 6789
9504 8965
2987 7905
8637 4690
4053 2565
6434 9787
2046 1250
8713 7608
8766 5324
6565 6556
4750 7749
4822 9429
921 1263
3918 6842
9199 6732
9940 3246
1418 7378
3036 5161
6605 9574
6474 7933
5299 1081
9954 4383
7968 3759
3992 6367
9212 5246
8632 6629
928 1257
8549 5020
6128 4024
8954 9821
509 1718
9462 1377
6471 3142
6615 4007
3481 2528
5660 6191
3636 4344
6179 8662
7275 2687
8016 3784
1802 9163
719 5367
2939 8022
7424 7180
2903 678
5856 9705
4806 6881
1571 7775
9698 4075
3523 3688
5850 7785
3593 2226
9780 9158
5028 9393
434 7392
9394 7389
9807 3200
8338 577
9760 7181
3159 3125
237 8601
8273 791
2162 9321
5300 6588
8706 4007
7341 5036
5399 9416
9489 5987
129 3267
6451 4340
4307 5354
2763 355
2519 4300
9029 4045
6238 7682
926 697
2434 6742
4720 1026
5447 9447
6568 7338
1371 7843
5203 6791
8800 6867
3520 7163
5074 9933
2647 8651
4813 7018
5070 1704
4540 1800
52 4298
8309 32
170 9889
9835 1687
5641 9686
5694 8497
6940 7168
1861 5217
6476 2143
4489 2094
504 6228
5999 1237
8220 4168
2581 4561
8339 7791
968 128
1520 1977
7189 7303
9666 4127
6888 6339
3095 8068
3728 6677
9630 1731
7830 4880
7931 6601
8403 6957
4088 9279
8243 8155
7382 3289
8391 4680
5635 1056
9346 5330
3874 1506
6714 6431
47 6760
4586 2093
6979 2975
9334 7827
5685 5748
1351 6696
4187 4570
746 6687
4419 5555
779 3748
7040 7000
7054 3414
8280 8042
4809 6128
5102 4648
9292 187
9271 112
2798 9309
9278 2594
7231 9779
9333 4539
5091 3335
6756 9164
485 2412
8957 7441
1134 8597
6283 9585
3732 134
6342 1452
7029 7541
4387 5452
1836 7851
9292 5198
5330 8896
4831 9279
7647 484
6948 5698
5836 738
3755 3773
2177 4943
4474 7927
7438 7791
1526 6062
7129 5367
4457 7125
9046 2820
9538 8130
3889 7713
3371 1529
4175 2155
8173 2910
1877 9341
9206 751
1625 2716
9154 3714
9542 1636
5832 6519
4370 9076
130 1681
62 3107
7072 2246
1333 2521
3617 7350
7738 7748
2049 6899
375 8475
4815 5239
7669 2800
1466 2812
5730 5914
9797 6148
4314 7952
6367 1609
1122 1541
9917 6729
8036 7948
3976 7992
7068 1196
2578 9066
9467 3662
7741 6005
7532 3945
1856 9620
37 8959
6136 4864
7673 4255
1966 3280
1846 5560
2558 1814
6375 3996
3731 3225
7129 539
284 1338
6026 8695
2402 3279
3046 4997
2955 5826
2989 818
1325 3464
7639 5905
3960 7823
7134 7683
2635 1585
7352 9504
6643 8284
7645 8741
2224 2572
7279 5591
4416 1435
2480 2293
5315 2390
7487 7256
7412 4692
5320 5463
5100 844
8587 8642
9927 7088
9944 2453
5239 5808
9313 7428
2971 8485
9172 6117
5210 5594
3978 1337
853 5477
5906 959
3886 1346
2472 4792
6136 8612
3773 5801
3820 5614
6325 1701
1862 4155
2652 1548
507 3569
8762 2083
3871 5864
6695 4058
4587 7353
9954 3476
4154 5667
7071 9745
2109 6595
3270 6792
5384 8934
6525 7737
8266 202
5402 3434
3473 187
4470 8207
6795 333
6002 2171
3389 7816
79 6029
5944 1575
5866 5628
4137 3122
6579 8515
4402 4866
3603 7430
3666 7362
3024 6560
617 9067
2035 2572
6660 1914
1402 5950
8403 7347
5754 8997
9945 5978
9312 6915
3354 3154
9731 5241
1433 1949
7283 3238
1610 9895
9549 5344
4625 2300
692 4474
4980 7137
2768 8513
4566 8040
8834 1196
3717 4996
4654 791
6844 2966
9710 9603
457 2348
7384 8877
5257 8986
5102 2041
1436 7827
1130 5132
2783 2357
7688 7263
1102 1759
976 1706
1291 1793
6165 8718
3534 5722
1135 5218
8977 5407
4900 4439
1023 7609
6626 5585
2726 1802
8636 2650
9554 5605
8334 2576
202 6832
4502 2452
2849 4059
4545 6591
9974 2912
7650 7162
1539 2066
4260 8109
7155 2324
9608 3494
5895 1856
17 9557
1149 3246
9461 3220
4488 5032
2717 7679
8527 9831
9609 56
3865 8830
2813 1110
5026 2374
608 740
5877 3050
4642 4296
2821 9538
1835 3499
7737 2051
6374 5757
8210 9828
3022 7880
2782 3752
2777 6843
7045 8043
280 5112
3635 6768
9646 5825
6956 4416
5703 4893
8341 3539
8218 7559
9962 1889
6265 1393
8832 6696
1313 4591
3424 3151
2916 5210
8947 1494
9456 8317
2149 8263
9401 9070
2939 7337
3586 4765
2900 2949
9030 5544
4419 2061
7693 841
1912 5994
7569 2393
6034 3496
5566 193
1585 1125
495 3458
774 1691
5305 3611
9838 8802
7309 2747
4531 117
1256 3306
2708 4841
9411 8563
4932 1053
8313 8057
9608 8478
8901 7925
9423 2515
358 3224
396 3624
8161 6895
2391 9703
5613 9387
5761 7721
5547 4486
9826 4881
6965 4276
5406 5017
1339 3349
3676 2240
4166 5723
4179 2941
9793 4692
2169 7073
1617 3734
3913 6510
1252 7818
3747 2195
4704 8847
9573 5756
3347 1628
3123 6651
5792 9023
5605 5046
7949 5481
1853 8095
202 7585
5694 7647
1565 3304
5391 7797
9041 3265
228 2780
5240 9661
4452 5224
620 6146
2861 9433
9395 9782
6853 5520
9739 3592
7400 7849
5037 4289
3291 7014
2064 6723
4459 2788
9117 2897
9793 6800
8806 1464
4247 8714
58 168
3424 4234
3311 436
6230 1315
9500 2655
7958 5546
1597 8603
1651 8175
2426 4214
19 6865
4744 5479
7113 5157
2045 313
202 668
8879 8004
7783 8580
2911 7461
3408 7541
4800 4807
3810 1046
2533 9024
3715 2845
1732 4109
8074 8407
1412 4301
7735 7037
5890 4354
8875 7678
2904 8485
4212 8000
1820 2076
403 2413
6569 7674
9941 8031
7450 1108
1053 6989
2981 6796
5494 1120
3802 5174
9240 2612
2850 1303
8549 2570
6821 7532
6719 1384
7153 5383
3139 4835
9556 9239
2910 8825
8063 3627
6044 8671
2463 6378
478 6999
3944 8454
4118 8978
7577 3087
1704 6722
3928 967
4829 962
3963 1745
6135 9577
3632 9051
9033 8599
2927 4147
3436 4290
3944 6310
854 2829
2291 7314
8952 6452
8692 4344
7760 6189
4339 6443
8964 1098
9632 3688
4811 6555
9959 5083
5655 8774
8463 6604
5953 7513
4803 426
4187 1184
4472 4110
1513 5642
2222 9859
4462 7026
3302 2187
6240 7518
8118 4680
4601 8088
5549 6160
2683 8508
2796 2283
2628 4065
1774 9767
6288 2927
405 3428
8501 1329
4855 8080
7387 6944
705 3910
7050 7379
7154 9874
6227 7976
5255 183
3617 7906
8158 7707
8680 4234
2958 9328
3767 5078
5054 7835
6511 967
7037 9239
8265 3077
968 742
4354 4741
8458 8743
9944 4502
6990 4912
4125 6932
7003 5015
4513 916
2743 7600
8743 788
2528 470
194 5401
6185 6734
2408 750
9711 56
9661 355
7211 2842
4924 9276
2811 9667
7095 6106
1878 7793
311 7566
7148 66
6613 4304
7349 1313
9604 9342
7706 8497
1611 2579
8012 4325
3529 2197
2783 5266
9157 4422
2271 6998
7023 2902
7872 4866
7898 5159
193 9401
1500 8813
224 1501
5472 4467
162 2160
3264 3726
4066 1113
685 7854
3674 9403
5298 4565
6539 1269
4697 1402
4525 5970
5948 4738
3869 132
8983 7710
5502 6635
8237 9248
6072 1316
972 3660
8942 7372
7582 2891
6688 9249
8415 3216
8692 1345
7590 1863
8983 4435
8717 2806
7451 6275
2209 7494
3494 4891
1770 5645
7482 1361
3280 1438
9670 5093
1945 8955
3643 2489
3212 7713
8825 9338
3436 3420
8002 9216
2098 3080
4004 3943
4035 9551
4359 9801
4467 2693
4479 9511
5218 6358
9170 1151
5210 5503
3449 2098
5819 9644
3752 2049
7069 7384
2968 8425
6375 3919
4097 3881
760 8163
8825 9360
2648 9517
425 1996
2509 6346
3720 5239
119 6428
9608 3872
876 3112
4510 2128
1002 9454
2597 9978
6253 0
6738 2048
4724 5790
7197 5683
299 5781
1069 1991
2125 1214
3964 4986
4274 209
6582 301
1906 5457
1396 1044
5946 9713
6941 1766
2146 7042
9835 5323
583 4066
4271 288
9650 9024
4200 2878
6836 6585
1304 5297
3748 5675
1494 2949
5263 8533
6114 7432
822 2409
3126 2145
6474 8814
9183 1204
1120 7249
8331 6773
8803 182
7669 6302
2096 6099
6753 5286
7564 2633
4234 7281
8097 9053
5380 2187
6201 6414
4986 335
2433 9941
7904 1136
6098 8478
6553 6255
6907 13
4898 3526
2727 894
4639 7367
5202 8206
8490 7451
2888 1214
9069 7294
499 3394
3414 7942
9666 3611
6971 3863
7296 4234
2414 3843
9160 6685
3774 1976
2177 8311
4586 6094
3142 529
8002 7453
1110 1680
6066 4695
5323 765
579 6366
8367 4772
8311 3084
4899 8324
299 2172
3667 3453
7413 3662
1713 159
7133 7063
7684 3
6787 5928
5916 5772
4945 9411
5943 8279
7917 8938
4005 3036
8168 6864
2192 227
3486 4043
2042 8086
2356 507
5522 4946
3909 1729
6546 4193
6522 2039
8740 5730
7554 903
2349 5775
6841 7444
9759 5828
765 1187
7018 8507
9639 5
4009 473
973 5488
712 7924
6260 8109
5187 8533
4888 7534
861 8098
7218 2324
8543 4692
6712 9849
4159 8867
5551 8734
6078 34
5881 6744
3979 7170
2297 3834
3276 3703
144 1984
8156 6240
7829 205
4005 845
3655 7725
8588 4596
6431 8827
209 713
5282 7502
4811 6174
6847 3259
9850 5085
4691 3999
4355 9175
7828 8104
6800 2652
3886 4101
5748 7178
3521 8833
6896 8801
7857 4503
8207 7754
1984 9262
6779 6239
7735 8915
1094 5523
7771 8679
7241 3700
7388 8193
2849 7889
8934 2954
9832 3367
4226 7101
2225 3718
8210 4190
3845 5355
5318 3624
1635 8356
2381 7539
3234 8579
440 6269
3345 1798
448 6138
5580 8656
6892 8706
242 5181
6368 1552
9803 8538
4886 5484
9867 3986
2422 8764
8207 9040
4332 2662
9019 7440
3383 6608
2056 7470
9370 12
3446 999
7215 9110
424 1143
8402 4672
4485 3393
9312 7774
642 2208
6717 9612
6218 8499
8600 7334
2974 2510
2432 5019
671 138
647 9206
2731 747
1265 6275
6803 4964
553 120
8536 8608
6659 8575
6199 6086
4877 4376
8542 8069
4390 2715
9411 1635
6974 994
9907 3240
293 7008
1923 1543
9899 9442
7622 7926
1361 2125
6719 5871
5791 2911
7825 373
3807 6273
5056 549
2678 1346
5995 5941
2811 9026
9876 5527
4954 9365
1518 9462
7964 2762
7010 537
1142 8049
5591 4677
8589 1125
174 5901
1726 5469
7359 3216
6508 4894
5739 8224
9920 242
3123 1991
5525 4382
6931 8318
2194 3048
8137 3466
1453 5227
3434 9958
4272 3976
8941 407
7720 4328
5356 5552
7445 4551
390 115
7136 9244
7077 270
9617 1599
2793 4892
4190 2599
155 342
1127 8912
2288 2777
5444 8797
26 6499
3295 8951
4092 7972
1243 8052
5851 6582
1213 9246
4981 7811
1635 7197
8392 5534
7347 2385
5962 1093
4050 3232
6801 1939
5145 236
4949 962
179 8514
4724 5314
7665 7605
1691 876
2919 2940
6570 4202
1802 7467
2519 1146
1952 3256
9215 5739
8192 6028
9889 2139
3421 6823
8331 5219
8897 9533
4615 2685
4026 4555
3771 9658
1633 9934
325 2677
133 7433
2903 5673
1338 6862
9059 1417
1998 7993
8359 9059
9195 874
6924 8568
7288 1805
1700 5112
9829 3530
7202 6697
4157 4697
2819 552
2892 2112
8195 5233
2464 8843
7031 9018
5506 165
8231 4499
4778 9065
902 2241
9462 1226
9874 2665
9057 1204
8636 5728
1269 6454
7352 3928
3575 8526
7468 9019
8767 3148
2739 8144
8666 5035
3402 2435
2830 171
2652 6806
3433 6460
9325 5593
8728 5120
3687 1118
7987 3494
8148 9057
3239 3018
5247 1138
3107 4658
1400 3748
9042 8641
3605 2650
2 8172
1642 9474
3631 2496
3281 359
2272 9247
8167 7663
9326 7359
7301 2162
5863 5207
8313 1717
7368 4498
7126 3717
5261 2970
462 1983
9064 6131
1199 1114
9719 2737
1394 7820
5386 6755
2755 3440
4512 6055
6878 2880
3373 3054
1664 5667
1457 2465
9816 4338
1817 7380
7506 7615
1986 4710
4038 6139
4115 4474
2404 2998
7401 6713
5902 3413
9725 6399
2250 7187
1915 9364
8950 2740
7383 2055
7413 165
8981 6028
4858 4776
3021 8935
9490 9588
1255 8427
6228 7565
4524 1451
6455 7921
7485 6525
2477 1992
9130 5365
4329 6227
3269 3405
328 184
8226 6118
8367 7098
8878 7363
1408 1405
4372 777
4306 5220
1497 4153
1477 5481
4655 590
5176 2526
8997 4515
6213 5493
4621 1765
7807 4388
5477 5401
4552 7949
471 1495
1371 9139
5823 1698
4995 9723
2832 8711
1798 2377
991 6997
4868 1964
4772 9722
9593 9225
9101 4552
5053 1377
8781 8115
9229 4752
7498 6314
242 8034
7518 2947
775 8200
3582 9712
2342 8960
7612 5095
6257 8475
5911 3449
2834 7783
8482 7412
5256 9676
2288 8898
2863 1140
1869 7143
3027 2330
5917 6487
4487 3690
9928 9886
8908 4059
4087 7294
3449 7699
7158 4173
5001 750
158 8168
8836 2950
1765 3723
6342 6432
3772 8354
6834 3205
7279 4231
3649 6126
4344 1915
1087 7363
39 8953
4125 7512
3088 6673
1756 5902
442 8138
9068 4851
3585 7613
612 5466
4879 7023
2710 6627
3624 9550
2292 4831
116 7927
5540 3467
9005 3439
5829 9106
2217 4275
8865 7173
713 6745
5299 9746
3324 4830
2016 8724
6530 4175
1662 4689
5826 9512
8309 4988
1708 2470
3032 6332
7640 4533
5588 4500
5106 7115
2068 9340
8603 5565
7745 8812
1000 5795
2529 3061
2938 6444
6908 7989
3192 3400
75 2101
245 7033
512 3120
5219 2321
1554 7561
304 8913
4203 100
1515 3855
5155 69
351 1345
3496 5125
1354 3738
2320 6623
3013 7987
7704 3761
3593 7281
9834 3453
9040 8242
2529 3119
3528 1571
4773 7683
7842 4428
813 8932
7129 8517
871 2459
3548 3570
4874 6355
4860 3674
9654 4894
8905 3704
540 2747
5287 1990
7403 8172
301 711
1838 8841
7356 9139
5287 2888
7332 1410
348 3525
3460 138
6165 1989
1789 4227
6545 5476
791 4655
4920 3998
2634 9877
1224 9876
9965 6239
8356 4649
7462 3854
9959 7592
5673 7618
6193 6776
3915 9644
5101 4598
1099 8907
1920 1074
3756 4673
6242 5078
5259 9211
8445 2433
5678 1995
489 6007
4300 9401
395 1504
5757 4104
2728 3320
8177 2079
1674 2684
7078 4335
5822 3540
5684 6785
5791 1992
40 6216
1287 8625
4979 9369
2265 306
3722 5200
4790 4631
9182 4073
8587 7156
7544 1702
2621 487
5576 1375
7814 7807
8493 4626
423 5040
3134 8968
9085 6720
9608 6522
8454 8055
9121 1982
6326 2769
5163 1283
7046 8693
1199 785
2387 3755
5927 9667
5071 8182
1880 8637
3884 8802
8198 3505
6408 1110
6112 5115
7627 5732
701 5709
8729 8679
3220 736
4603 2154
1885 5072
2412 5462
1451 3303
8070 5317
1731 2585
7252 9132
7727 5009
526 3823
5643 8885
8077 2832
2153 7437
9170 5440
6332 4612
5724 9821
9246 2347
2850 3138
9609 2103
3772 8672
6941 907
4731 1613
7875 8683
7237 7889
264 2121
9022 5611
9889 3470
1637 3101
2711 1518
5481 8579
780 2748
4620 9226
3109 3873
2499 6575
8924 5058
5665 5864
8225 1796
84 659
639 3091
7181 2814
9148 1722
8540 2558
3119 4631
6546 9658
1089 6850
4938 4877
8029 321
3638 943
5648 9323
3300 1148
5719 9430
8566 6438
9517 4570
7807 6766
6642 3323
5709 2673
2959 6550
1772 6395
1856 9657
7873 3224
659 9782
7531 3818
4341 3019
3482 8008
1369 9435
9244 9281
7228 8065
3205 1688
577 951
7817 8677
2193 9466
6432 2632
3685 7113
9714 4730
9177 3700
8769 3720
9101 8616
7192 6883
9057 6513
8617 2361
6123 3912
5488 4072
4657 6491
2879 2112
2096 6181
7794 1449
6499 9042
3805 6426
4590 2424
5868 7196
2486 8626
3746 6123
5041 1450
6733 1885
3277 40
6140 9789
7425 6605
8661 2096
2597 9975
3556 6312
3470 4489
4821 7834
2632 1339
3548 304
6119 6108
3874 3207
7884 7136
5250 1582
2725 4305
7203 8285
9745 7758
757 7879
2850 454
6189 4323
3508 2655
5658 4896
7980 5970
8909 6250
7778 4382
6329 7818
6492 3088
830 7871
2908 247
7916 5835
8579 5599
9859 5997
2302 7989
8659 2328
5276 2399
9377 8232
6844 9231
2085 4797
3549 5551
612 6856
9779 9350
5565 1951
1398 2742
7238 41
9076 9978
65 7507
2853 7188
1645 1374
3310 8016
7162 7808
9406 8293
4271 339
5781 9274
8549 5937
7210 8631
8756 9707
7129 2143
4581 193
974 5672
423 54
6859 2102
3817 2418
8441 8602
6555 690
5706 1256
5529 3590
1264 4721
6453 3847
4586 3275
9923 3032
147 2507
2518 8707
3902 3248
7996 191
2211 3192
1571 1830
9939 9264
8763 714
2112 2549
8946 4546
5271 7981
7578 3721
297 9454
4153 9487
6169 5534
1770 8700
1775 2046
9886 8906
1091 1486
2894 3375
2098 5499
1112 7968
4496 2062
1735 571
4895 6376
8602 3281
2759 5900
392 2688
8743 838
2783 3061
7706 6361
1184 3512
429 6200
241 878
3190 337
424 9207
2671 1457
2890 2418
1976 3793
898 4578
832 4232
9770 6455
694 4998
120 2533
5459 3276
4976 7757
8316 7850
6241 1760
7384 464
7741 9258
1688 5064
2032 954
4764 3529
9799 3376
8166 2727
7924 5562
8973 7206
4339 3869
6403 1149
4702 1726
3408 1945
2731 8089
1905 902
1970 5414
4782 4015
5356 7881
3409 2743
7089 1314
6862 8125
4629 3591
3417 8392
9352 8698
8145 4310
4289 5639
7236 3148
6577 5868
6952 7716
2486 7411
5714 1658
2371 4751
3192 5057
166 2285
5842 7217
6983 3694
4280 6505
7884 5982
322 6560
5989 8349
4583 6496
199 4513
3948 2421
1044 780
107 7568
8242 3970
4354 6450
3459 2356
5189 9700
2951 1889
2799 5882
5748 1006
7962 4216
1538 9541
4093 9005
6761 6829
4352 7150
2173 7272
4692 3070
5544 8959
9801 2448
3383 589
4709 2049
8216 5975
7530 5454
7722 376
1439 2569
2101 3758
7695 4231
909 2793
9900 2798
1547 8248
6960 646
4279 9991
2769 2281
8807 5704
9010 3672
496 6049
7481 9351
5734 9396
1503 8269
4544 341
5920 6309
3143 9077
4630 7456
4814 3327
4857 727
8987 3443
2963 8171
9053 5762
7177 2362
5434 4469
7677 7777
1633 7203
622 8275
3372 7582
6462 3398
5606 5679
556 6428
3272 5841
4688 7011
2680 5512
6623 8383
8745 3333
3843 8625
7104 1719
7894 3788
1312 9505
408 8911
4153 274
6157 1039
1036 5029
8086 1039
8006 7223
1109 4931
4440 3186
364 7969
4843 7387
8185 1251
5398 2249
8543 7132
3912 7184
5028 6088
5225 5294
9102 8622
1777 9020
2920 8274
6861 6046
697 4112
8308 4128
1653 7554
4849 6912
9365 5308
2477 7960
2470 4400
3333 4395
7510 9448
7802 4780
1331 8014
243 4187
8382 8896
7420 2128
8158 9546
3687 95
4765 1806
1189 2580
4822 6993
7410 6921
6855 8279
6876 2879
8635 7001
5085 5110
6632 3181
397 6297
5736 4803
4090 5893
6272 8316
3792 8582
8609 5755
8910 6800
4689 910
4259 7259
2665 8446
3174 5016
609 6547
315 1192
5193 8200
9753 1339
3903 3101
8210 576
9786 4613
3983 5226
1965 5451
7676 5098
6259 5286
1972 886
696 6102
8712 3457
1714 3092
3963 2338
2238 7539
7044 5238
2199 3421
7695 2351
3149 7782
1977 307
3815 1450
9439 2576
4681 8434
9491 794
1987 5587
1148 9372
2275 9577
1789 3409
1152 4701
6564 2505
7563 3144
3560 1778
4184 4674
5443 5253
2583 1074
4131 1512
6563 1637
3554 425
8186 2007
6921 8625
1936 4299
9391 3944
4570 7528
8087 1911
8003 2454
257 653
9682 93
8381 3842
7002 1111
7427 7953
3709 5275
9924 2890
2007 7966
4075 379
4401 8941
5458 3478
9464 5166
9039 6273
299 5828
7178 9694
7261 3872
7902 3904
1240 9382
929 4276
1728 528
6696 7267
8691 1294
1624 5664
562 3015
5095 9077
4463 849
617 2304
7487 9887
3608 4859
8789 9822
6522 1762
2388 1370
6476 2162
4200 2178
9358 3822
591 3015
8959 4929
9281 804
1725 4200
4337 8022
7622 7702
6879 4763
9464 3486
9611 8148
166 8044
7715 9467
2259 9952
6263 8948
8393 1669
4749 8285
7361 6227
4118 8638
1346 4639
3105 9648
8931 7050
4882 261
3329 699
329 5803
106 9113
2172 2968
5194 4083
8617 7490
5332 6837
9732 9797
436 9085
288 2377
2261 3381
4508 6411
8044 981
2310 2220
4385 9776
6308 4543
8080 9350
1170 3314
2921 5356
7418 1533
7524 2497
9416 5090
1189 5982
8029 8666
6238 4630
1626 983
2439 6649
6756 7448
3624 935
5262 1433
9157 4385
4095 4095
7357 2674
634 6542
5460 1300
3005 9519
6774 4896
6802 8330
6812 747
2506 2953
2214 2362
2931 5751
9785 3016
8286 7330
5651 4666
8072 9061
792 2441
4733 6143
9795 7451
9327 2544
9283 2384
1386 3158
9371 5121
8537 6728
6583 9800
9577 3427
4832 6767
9364 8679
8538 3414
8773 7063
2732 6458
1727 3404
1701 2226
1579 1507
6444 6951
3635 2155
5010 1200
1546 6910
8192 5464
3865 2201
6104 8603
7624 3195
3096 6466
6559 5847
2426 8426
7774 2250
1860 2900
6668 8883
2684 4301
7008 3913
5464 7232
8229 2576
1752 6729
5803 4609
5007 917
2896 8877
3176 5264
5546 5454
9275 3795
1638 4401
8879 7558
1522 1737
4792 7383
1540 1611
8876 7824
1239 2072
1111 5087
1486 6303
2051 3495
2404 503
7668 3430
2342 112
3082 4029
2697 606
1076 8737
3131 6965
7687 1923
5582 8610
2650 668
6279 2458
6987 3540
6188 8966
8335 26
4946 4850
5379 9402
1608 8077
3365 5416
6871 188
2018 1795
4456 6178
726 9377
6421 8922
8939 9303
8912 7801
5552 1865
261 4306
2267 3167
8032 679
9493 1064
6480 7966
7884 4890
7986 5561
2719 1341
9594 2003
199 5073
9949 2403
3953 343
3471 1957
212 9073
1395 6140
1751 1163
3206 8767
3612 2877
3803 8734
9265 9839
5431 5395
94 3327
8143 5873
2220 4814
1220 6233
1963 2915
3984 2943
191 904
5745 7851
8770 189
7852 1407
1751 2380
2421 9772
7017 8567
2147 8643
1043 86
2079 504
6909 4884
997 5585
6102 6268
2281 556
7686 3860
2846 359
6234 6286
9368 173
7327 5134
7732 2664
2434 2453
1528 4018
9517 9101
2173 6014
5122 5261
4874 7597
9333 8260
6865 8690
9948 8037
9766 739
1124 1115
3961 9334
8386 956
5400 6408
3221 3478
8212 995
9038 2686
6335 221
5487 5561
2610 7574
3779 274
3224 5869
9884 8208
3852 7020
3925 2612
7812 7210
6645 2132
3775 5030
396 4827
5120 7281
7509 7043
6275 6200
6486 2729
8739 4130
1046 1639
4216 2425
353 459
5211 7264
4862 5555
1502 43
468 4851
5856 3391
9661 1385
8035 2374
8193 3845
3306 7743
1884 9028
7337 8841
1836 8265
3404 4127
6803 5581
2561 711
1137 8234
1048 9565
3922 6644
352 3400
9748 5424
6427 9680
7042 5367
4769 4137
9254 3026
4429 8907
5170 1013
5167 9104
8328 2228
8538 8853
5596 2838
1198 766
2207 564
2657 5043
412 6499
7466 133
3141 3419
4536 7610
2097 1733
6049 3063
2159 929
7224 9523
4109 546
4746 3757
8629 668
3881 6412
3655 8093
4167 4973
5707 3322
2266 3498
2391 2643
1787 3900
4555 870
7404 6553
7845 7883
8839 8317
2167 3961
8879 4874
4623 7177
5558 9910
6720 5257
4927 8765
8202 1255
2614 8651
6442 1680
6521 839
5612 6855
1351 407
3066 5594
2107 6756
731 932
8081 6274
6551 2575
9148 2429
175 7923
7908 2927
1671 3093
1765 3927
2003 136
4409 7603
7279 6203
995 5639
5313 2148
5795 8968
5390 2171
8807 1464
9026 886
2436 2408
6604 651
3710 1147
776 3754
9941 9044
6275 9866
7186 2528
5681 7552
7494 4770
3513 5722
