placement model: 1slider
width: 10
height: 10
number of points: 4000
4552 227
6811 4577
1315 4670
2864 8446
9102 2059
2481 8919
3531 4134
1492 1088
412 2390
9628 833
3257 941
6126 2634
9105 151
4592 2213
1444 7360
7725 4248
9741 9408
8685 1408
7622 7044
9747 6528
6377 9980
9643 3811
7816 5416
2390 1948
8422 9989
6542 2010
2369 8069
5853 2666
4040 2158
4707 351
1693 7763
4765 1476
2140 9673
2107 4442
4094 9740
2410 7356
4638 1291
2858 58
6334 2204
11 2646
6772 8370
5366 5827
1668 7581
9528 4874
4103 7328
4857 905
4587 7122
2495 7059
155 7165
1245 495
5814 5617
5088 6644
7518 1172
1278 6907
6041 8569
9316 1889
2298 6902
2889 2608
295 6221
3512 9397
4487 2166
733 189
9357 4704
7323 4039
431 857
7601 4379
3645 6243
5342 4688
2964 9394
413 5566
9700 3931
4502 6870
9346 6604
6910 2283
2280 9154
1354 2132
5588 5469
5337 1142
8882 2591
8030 7871
4471 4989
3181 4135
2162 5316
5631 8619
5167 8178
5844 6668
6373 321
8683 2659
4834 856
3173 9452
7380 2116
3491 2532
4989 5827
332 9795
5993 5691
9754 6139
4902 9344
3128 4213
222 7908
4416 4489
4084 8343
3373 3924
574 517
1844 4763
8054 9002
4769 455
3413 4939
5651 3804
3478 7268
8115 5850
1201 5323
9550 1637
8266 9916
7237 6317
6366 473
7717 88
9683 3965
9436 6570
5918 393
6052 7708
7766 8037
1420 1291
4312 313
4748 9360
2563 5471
2256 4827
49 4223
9578 6832
1010 1002
9018 3624
2771 7166
6535 7560
8931 3283
6084 6952
7864 8841
4927 522
7931 191
2729 9419
4521 376
7923 7367
2851 5676
3572 2798
3426 3714
5319 5961
8066 3973
3802 5678
9651 7996
2161 5258
5057 3063
4574 1932
4447 2083
3580 6374
6155 58
2224 2856
5181 2256
128 842
9431 5582
2276 828
7945 7017
2080 7293
1779 7436
6975 2562
6468 4682
4400 4168
6399 5685
407 4372
2533 1229
8370 2973
6035 4776
5068 8414
4006 5277
9891 5177
6403 9796
3515 6942
5139 4675
7882 3850
8746 4820
8262 9700
496 5040
3131 2620
1319 1904
1170 4675
363 9861
7363 53
3233 1869
3131 4603
7625 50
7728 7529
145 3712
5558 8010
7742 7459
3370 1732
8992 841
1045 7783
217 5683
181 6654
6243 6533
7469 4334
4122 7805
2268 2361
428 5262
9974 2391
4435 5107
2130 8351
7219 7897
2648 2708
5620 4623
9292 8146
1097 1707
76 1339
3617 1018
8422 9212
8291 4915
6344 8020
2625 5094
8065 9177
7924 2291
6635 971
1987 5907
5586 2769
417 804
4766 7285
5741 4875
2726 3712
41 9166
7686 6117
4280 9027
8897 7938
6066 8848
1744 9940
1323 7354
9195 9362
4077 3861
6976 4235
4716 7865
2254 2102
2927 9592
5092 793
377 3490
680 4937
509 717
1205 3971
871 3286
4919 9750
41 622
8302 8664
6726 240
5992 1236
8058 625
6815 7360
4770 5562
8382 6391
1260 1611
6809 1910
7547 5412
9795 2244
5130 4930
8894 9911
7125 48
6938 9923
7198 9453
4064 6637
1913 7040
7682 7194
3361 7523
5438 5726
3611 6670
4339 8979
6413 2174
812 9415
9970 8920
2044 184
8641 9666
4275 7802
6831 9817
5782 2527
8234 1273
2266 836
8880 2588
177 1053
2076 3164
9031 500
5870 5222
1667 4288
2163 8048
1027 4744
4234 3028
3463 5269
8716 2430
2806 6387
3049 2851
2432 3427
8880 486
4152 5198
9783 468
9499 9988
4983 8247
1147 8797
3486 6528
4037 7090
9607 8243
549 4568
2582 645
3212 6893
5815 7072
1247 1534
4157 2472
1901 1211
6393 563
890 1847
2399 7876
8922 1497
251 7520
5873 559
3488 200
7847 5695
1264 4659
7017 411
3136 2804
2372 1317
7326 2527
3134 6902
8174 8070
6599 7350
4920 1216
9269 156
7516 4852
2472 8541
6216 5639
9132 2424
6701 982
9401 4923
1254 6721
6406 8720
1950 2655
9933 6619
8887 5926
3556 4972
8510 5104
8030 2440
2816 4558
6897 8546
7956 9238
7563 7152
6601 8707
1543 838
2260 6581
8055 1678
824 9392
371 8298
2835 8714
6199 5154
5832 330
1837 4503
4077 8007
5195 1099
417 1345
6456 2760
31 2230
381 2817
1533 7228
3637 9175
5502 6911
274 3526
8011 361
3112 6849
5424 7298
6274 2703
6664 7267
2514 3721
1048 6537
9607 4747
3208 5932
7706 2936
6558 2353
3110 8764
6429 2819
2994 4374
6898 7564
5323 5554
6351 4054
5595 2876
3370 8627
7396 5417
7536 4135
1127 6574
8680 6399
9439 5374
4119 3899
7379 9294
7675 3224
2275 5477
5172 6372
3571 5778
8830 5900
4918 6327
4776 3221
8926 4207
9089 3643
3369 4425
8833 7604
7306 646
2987 6248
7935 9461
8595 1655
712 6667
5172 8909
1632 7390
352 8863
5992 7851
9957 2771
5807 9509
2744 6871
7035 5639
7056 8353
6864 6277
9156 2814
879 3312
410 6963
6973 8558
9506 6840
2821 4127
7660 6543
3769 9985
2984 1768
3930 6841
6445 9770
463 1760
5268 4984
7042 2564
1820 1197
7829 3741
9948 5977
6214 1097
4688 6996
1753 2288
6581 6238
2521 5643
1686 7657
3962 8570
4761 3422
5698 8288
8046 1563
2685 9706
7843 8782
7193 8169
9364 2960
1955 3531
2027 4531
5189 6050
6825 4165
8967 7614
4680 9371
1434 8895
4115 8753
433 3093
8596 201
7743 3482
8964 3496
9086 7929
8516 843
665 6087
8295 4798
4269 2416
3454 1142
3760 3418
3247 6722
4854 2460
4338 6175
2010 9634
481 6948
7657 2733
2066 1703
2005 6027
136 5438
3325 7380
7290 4009
7006 3087
2752 8195
460 2242
1105 1929
3594 3711
1567 4975
4859 4112
4502 6621
5610 6912
6732 2541
3099 1325
2357 9586
2279 2564
4701 8382
1459 9003
6535 5811
7432 8370
1609 2963
3550 636
1057 2720
4212 4678
8535 9435
9601 2693
686 5359
6907 9343
2265 7468
7073 2682
7033 735
1939 3451
2305 9083
7321 9035
3609 2704
4493 7262
3800 1369
5643 4652
3274 9009
3872 9826
223 1313
5127 4421
1927 9688
1380 8718
3391 2501
8878 2463
1508 1194
1469 857
714 3025
8384 6408
1443 7598
7675 5231
8707 2379
5404 4414
3876 6954
1155 8888
903 8091
7005 1698
2820 3301
3270 6463
1753 3668
7921 1093
1445 5228
2956 6711
9877 5662
8775 866
7344 1782
823 9574
1794 2001
2798 7075
949 3862
3120 4734
6428 7696
8289 7426
9119 8944
6556 5651
6831 2285
8380 282
2674 5524
5174 5751
7809 9500
5252 6283
9554 8239
7154 1159
149 4160
7688 9022
1192 6876
3680 399
9780 6908
5073 9283
9784 5674
4944 7879
2666 1009
9875 4994
4727 2848
2725 3336
310 5229
6434 5992
2588 1697
4209 5829
5898 6050
332 80
2757 7752
5551 8875
6274 6499
7729 7615
7435 6002
3802 3384
1429 9036
9494 9110
1619 6933
3545 688
8529 6201
8950 1992
2960 7857
1615 368
5665 2806
5322 3543
3052 4625
3724 4382
5111 8338
8031 6940
6602 4760
2180 2103
6913 5057
8424 4936
5919 1208
2900 3180
5824 6906
9009 7376
7669 9233
8437 2891
7736 4459
2017 7387
6863 3352
43 190
7746 7547
9006 2364
7882 1160
9659 7824
2440 7286
2581 5829
7966 2622
5696 5761
799 8293
9986 1509
4034 4788
3822 8316
3732 4354
3898 2814
9090 8051
5881 6109
8014 1994
7426 3084
7732 623
2032 7914
9818 8198
7143 3048
198 4203
2243 8196
8004 5383
8827 3050
1518 3255
7318 2903
5612 4523
5353 7568
8303 8292
8824 4332
8302 2429
8539 9061
2978 2525
9383 4684
9829 8448
7106 446
5373 3566
7699 1016
569 4316
3955 3973
9688 8010
934 1594
3418 6937
7055 3751
884 8117
9225 6814
8902 7894
3409 5203
5081 6807
9081 7226
2797 8402
8383 4597
9092 445
8523 1587
7709 4733
39 9986
9808 620
3994 267
2552 9610
8277 1798
8997 9830
8084 2778
3971 3144
5256 3357
3685 7648
7048 373
8585 1353
9505 9818
19 6856
1280 9141
7940 1204
4696 7300
3902 2257
6848 2024
4954 1815
9793 7876
9593 8554
6329 4143
6118 3424
6219 2720
1689 6400
5817 3181
755 9670
1707 7182
9244 4447
6722 9263
9556 9295
9045 2800
6804 1408
7423 359
1865 9309
276 5462
3893 5262
5865 4612
873 4641
8773 8248
1493 72
5832 5195
568 4456
6116 2356
8730 7041
3512 5088
8893 2470
7356 1813
8908 2018
5812 977
6343 4405
6185 3021
2089 2574
9964 2537
1469 2440
6397 3496
4078 5215
3419 6036
2106 5081
625 4752
2284 2733
5610 2901
9109 8734
7202 8975
8312 6099
9654 3177
5573 8207
719 1277
4232 2809
2116 5090
297 8292
9301 8626
538 3367
4289 3367
7876 7920
4501 5284
7856 624
5008 1336
1158 6116
535 7374
9490 9744
6484 633
9173 4649
5796 2128
5398 1491
3653 7926
5881 6961
3663 7744
9884 3848
4441 5028
2311 1622
8997 270
5731 754
7886 5228
3533 5601
9615 5587
1952 4161
570 2754
6185 5633
3202 3077
5703 9130
496 9703
8099 5004
985 6435
2562 2127
6650 9069
7698 86
2978 9346
8960 758
4105 9069
5151 2859
6392 2697
4403 874
5332 4216
5195 7844
1347 2232
5603 7513
2747 2406
8851 7478
3715 8495
2600 4352
8440 4497
4659 5923
1631 1412
6552 6466
4892 2054
3208 6685
9569 4842
9397 4092
9826 5343
6202 5676
7396 9976
4858 8111
7088 1598
625 6459
3408 5029
1506 864
5258 5862
7139 2672
8024 4402
7410 6382
9781 4647
4643 8599
2435 5582
1408 3149
9272 8441
8154 1874
1965 5533
5049 2914
3549 9756
5151 2893
3890 8812
6947 3979
9913 3101
3078 4881
6706 1858
5341 951
6055 9544
3250 4072
4493 8880
2928 3461
6158 302
2485 2221
6176 4406
9216 1706
9485 75
1071 3744
7831 3739
4405 1927
8305 3157
5123 3404
1318 2406
7933 7332
5156 8148
9947 7871
2917 7912
307 6886
3936 7528
7214 5976
9067 459
5273 3645
6771 55
7842 1409
1164 2238
7210 4198
5175 4307
3904 6237
9501 3416
7689 7806
5482 625
3228 4550
6619 6957
2062 5947
9350 2047
7160 4053
5313 5971
9529 5995
1409 2709
5344 3255
4719 1951
5538 3634
6157 4214
5698 114
267 3306
9547 1376
9866 8907
2608 3056
6073 8952
8866 4928
2355 7963
7332 8179
7571 3512
1941 4314
867 8486
7472 2616
4885 1743
5895 6233
4330 7498
5049 9297
8875 2445
8820 8277
8452 3313
3650 8548
3225 7281
1703 1623
7717 4344
5116 76
1917 719
6456 7265
2399 1433
4117 9990
9904 5426
3118 9506
5533 7929
8444 2512
803 154
1011 8968
344 1813
5535 8955
3342 4881
3062 7135
9479 3406
5966 9094
6932 4819
6034 3167
361 9844
759 2930
1829 3382
8099 4766
8098 3544
2536 2810
9144 4208
3835 2864
632 4498
700 7960
5362 2298
9988 8904
7756 6850
9328 500
6169 3980
1333 5257
2933 3165
4124 2899
3475 1503
6863 4153
6331 6528
5131 3068
6492 8052
9891 4396
3793 3106
1543 4843
3786 5188
4762 3685
7545 4534
1512 9710
5370 915
5224 1542
787 819
6076 368
1126 6759
8310 373
6443 6475
4748 6683
7774 4173
2893 8728
1838 5461
9980 4233
4156 7150
7183 9094
4696 6883
8274 6013
4876 3835
3082 8103
9905 3420
1813 9070
5023 2226
8133 4452
5555 1154
3505 7786
1205 9326
7352 8319
118 3157
6334 7472
1493 7090
1809 9132
34 3651
1915 8941
2132 2130
9133 3255
800 330
7450 1664
443 5660
93 6354
8411 5320
9929 7861
5819 5336
1614 2981
9426 9788
1687 4221
6743 8089
702 2146
509 3477
4564 1383
6685 8622
1176 5926
3726 6773
9185 3466
5347 7896
2337 6859
915 4392
5345 1345
1591 3918
7903 4496
8538 7038
4366 9220
2174 1532
1457 6930
4526 4958
3147 3198
9113 9785
6253 5118
8422 6749
378 2130
1887 8821
7167 9401
4669 2086
9339 4172
1115 5044
3029 1933
6440 288
7003 1337
3844 8816
3684 6202
9268 2774
4678 6522
8578 3077
2181 981
6312 2197
2462 3527
4962 9307
8836 4244
1660 1160
2593 6610
7160 5441
9891 9397
3768 4719
3443 8820
9718 9302
9645 1239
5027 5511
4998 4390
115 1039
3414 7411
1607 1068
4496 6750
3789 937
2245 7200
7052 1165
2750 831
7439 229
6562 9136
4312 7746
8081 4464
2771 8334
3433 3944
3467 2799
789 3446
5318 9137
5695 6741
8042 7171
9128 6365
9738 2472
7934 9445
1006 4769
6233 8391
149 9135
8148 108
7931 7237
8600 6093
6426 4981
5182 5529
9324 7467
5773 5891
5900 3938
1748 4238
1570 2300
3389 8627
4221 8535
7359 7424
5433 1814
1348 2654
928 8155
6468 6581
2561 6108
6015 7800
5945 8175
2345 4934
8301 7403
9850 8416
3025 6324
4379 9068
1018 543
6234 3679
8302 8486
199 4519
3077 7414
2827 7728
572 5817
3713 3130
7434 3539
9147 1316
9457 1930
3236 918
5645 2230
2458 4579
1777 4158
2256 4639
407 4408
5812 2436
6884 5539
8066 4630
5835 908
8206 670
6320 9559
1221 230
4931 9545
7740 6318
9556 2465
5116 6649
5650 486
8586 2330
1141 6143
2188 5495
5485 9125
3095 8648
9641 26
9327 2881
3036 9940
631 5688
1454 3144
1549 1255
9762 6428
1118 6939
7114 9705
6576 4979
5098 3771
9481 3918
3272 2493
5329 5605
395 5512
9645 8776
2361 6491
8840 3561
4433 6998
7343 2014
1463 1340
6926 7331
303 7890
3854 7336
3016 893
4393 7545
4671 3264
5708 9660
5977 8071
973 7408
1681 9884
7728 7652
2661 7780
1552 9267
6688 6159
3340 4291
8580 5527
5688 2575
996 9670
802 2477
3790 6013
6976 6795
5191 5646
6686 8415
754 2456
8170 2044
108 9557
4693 5496
9306 4819
84 1292
6019 2637
9643 9015
5847 4051
4784 1890
1582 8963
5692 8910
457 3544
956 6595
511 8884
7978 2786
27 514
3893 2635
1347 729
8011 7129
319 5428
7014 4392
2912 6920
5189 3420
1296 3794
4713 2616
7626 131
5439 6436
9681 4711
4838 6943
3156 7339
3432 8207
9207 3237
7137 5872
4340 2161
4717 6558
8701 4005
31 5312
71 3848
2753 6880
9478 7293
4215 2186
9945 643
4536 3185
6694 8239
5475 1501
9419 441
7318 1051
142 2672
1300 108
1002 8891
1800 7273
3629 2394
7939 2554
9313 1065
7115 2531
5242 4730
6878 8594
115 754
4398 2385
899 5728
9703 8968
4690 5232
2907 2982
9861 5097
4836 6657
5621 9281
9410 6277
2184 3255
1789 8708
1719 3357
9628 1175
542 5389
3210 5322
6876 9524
6903 4079
6043 4248
2425 6790
5826 137
9365 2485
1226 4142
2604 8842
7023 8996
7814 2606
870 9358
8398 8999
9846 4379
2980 1072
2884 7475
7277 504
7880 6974
8039 6377
8754 3268
6138 4872
9761 9698
9023 2116
6660 706
628 5579
7639 1351
3805 8374
5844 5988
9127 4977
4648 9487
6686 3491
1607 7413
8964 7315
459 1164
8806 5181
3928 4790
8603 2131
5554 3954
6865 9005
5494 3797
4391 9651
4219 8886
8259 5048
1235 5378
6317 748
6963 4973
6919 9102
471 736
7566 7499
4216 1423
9473 9852
1488 7469
5578 4169
1676 5031
1056 7819
6677 5833
637 4301
2268 1734
5882 864
3166 5063
9584 3556
9380 4751
9959 3881
6920 2362
9709 6554
2325 1728
5685 7109
1668 6970
3570 258
3666 6404
9544 2989
1706 7599
8013 5150
4239 8396
220 6511
9661 678
1566 7740
3539 4139
750 5179
5766 7314
2079 3152
610 6104
5512 5806
5695 2235
4041 511
2911 2212
5037 8398
6670 5685
2211 9956
8934 4746
2004 9192
5674 723
2660 4513
9157 4155
2481 7435
3682 816
6217 1723
5679 4231
3657 9464
6051 88
3593 9657
8227 4929
7955 3666
2258 3823
7432 7159
6305 9726
6862 401
5652 5118
3387 5783
8413 7601
8503 7623
9628 5157
3867 3248
4308 5747
429 5974
8904 2164
6142 8625
54 9399
6395 493
6170 1171
7579 1574
618 6241
4681 9202
8533 393
5477 2725
3410 5531
2652 737
5824 214
2445 7814
4244 9430
387 501
809 1410
160 6441
2648 7023
5605 7590
8904 5335
9212 4503
8564 7992
2402 4513
7573 2815
6888 4857
4204 2432
3174 3295
5220 8831
222 5317
9683 6965
5722 2484
2912 1600
1745 920
8071 3172
552 1405
9754 5140
859 8626
8509 2505
3040 3174
3967 4512
8390 1060
4491 4891
9270 9948
2881 9082
6285 6845
1816 8283
4254 2014
1946 9313
564 3249
2071 9681
398 9279
9488 3082
988 9393
9345 2058
199 8905
970 7246
1664 74
4831 6665
5667 4478
8989 5636
4966 3604
2379 7435
9392 7151
7862 2748
6842 4820
3154 8272
6185 3705
902 2120
8849 4332
2129 4209
809 9911
7358 1682
6765 5649
6538 5864
4852 5296
1351 5692
3420 9799
349 9499
9649 2273
6240 6844
1879 1300
5301 1635
7678 8629
643 5253
4889 6279
2375 3451
8682 7382
5723 9997
9412 1036
1816 6531
6993 7680
1213 7389
6070 3998
3817 7167
7264 76
6367 3668
433 3137
5273 1184
6491 8892
8469 2466
6888 9748
3893 96
6853 7462
4709 4275
7109 7245
5121 8859
2500 1637
27 4286
3247 5104
5933 1186
8157 2534
3901 6757
9998 1991
9865 7612
7944 6012
5781 4406
9933 1528
5790 9952
5958 5139
4833 7894
67 3910
7794 1741
9241 4534
2596 9231
9265 3351
440 9792
6167 2834
6746 684
8607 4718
6163 3027
421 7569
68 5963
3087 212
6156 3187
9117 8925
4325 5396
1570 4074
4627 3454
1738 4529
1909 9901
5198 4585
5267 1991
32 993
5620 9052
5638 6927
3110 599
2955 3713
6036 6361
3022 3469
9382 3652
9278 7329
498 5307
6170 2519
1386 966
1720 8590
8302 8268
4491 5611
1486 7426
3287 2068
5410 77
3205 690
5443 2221
3931 7982
4335 3680
7656 7517
5543 8565
3607 2455
1845 5776
6734 2767
8380 3328
492 4153
3925 6174
4195 5700
8774 9850
2600 7918
8983 6971
4876 4864
9428 5386
8323 8894
5716 8327
9728 6374
9148 4990
9532 3539
2488 5663
1365 7320
4715 7229
8989 1570
9834 2031
9113 873
8365 4982
2170 2318
3058 6494
7520 8340
5427 5163
8335 4949
686 1180
5771 858
8704 3909
2703 9076
161 6882
2319 7870
7358 5617
3978 5479
5661 6625
7373 1129
1257 230
6800 9875
7233 821
4233 6705
5573 5298
7056 2737
8719 4805
4143 3103
4234 945
9513 64
8480 7111
2811 5410
5580 8128
1772 8662
38 3244
7677 8029
2688 4957
6128 6039
8532 4321
9154 8643
2869 5396
1529 5725
668 23
9005 5837
384 2586
9329 6022
4620 3319
7510 7345
9115 6735
6344 9993
8032 1184
75 6081
4648 1579
9087 4541
750 1537
2792 1426
7692 6890
9222 3092
9804 3592
4786 2874
4668 8952
7503 4255
8766 7437
9233 4879
2649 9716
6385 3385
1571 7501
813 4397
1181 3024
9112 9380
8776 4307
3716 2604
6382 8949
3065 1129
4194 2051
3226 6051
2836 4551
3284 8914
4313 6962
3767 2130
6835 8059
3015 9305
5225 2265
14 4173
6070 8069
2966 1631
1281 7182
3103 4837
8750 9347
1996 9452
5352 9264
4124 2642
5009 5388
7742 389
885 6264
6047 3256
6853 2477
9484 2376
7716 9007
5365 5376
1315 9851
6422 1083
8391 4921
9834 3080
6203 3202
3716 700
379 1097
6236 4991
183 9486
527 3951
8961 6220
3248 7510
6487 2435
3743 2294
3712 1489
6747 5412
1303 5998
7180 4089
5017 2077
3627 5352
2024 2744
4435 3308
5350 3356
2276 2406
5359 7015
7777 7141
3500 8094
3870 1596
9640 4334
7629 4639
998 5408
4973 2995
357 1552
9751 1475
1564 2290
373 3711
9498 238
8717 8036
8453 3062
3376 201
6442 8442
2641 2860
5503 6656
8717 7099
7866 1711
5599 6063
1054 5958
5499 1359
8338 1665
153 9221
747 9973
5414 6667
8227 5487
1925 4546
6586 4893
1617 7196
6455 4585
1714 2988
504 3495
8640 5731
7138 9607
2038 9765
3626 3063
9499 2222
90 9728
5082 8444
3976 8914
907 2522
7803 6714
1336 280
1834 5836
9606 3078
5538 9592
2000 6726
898 7730
2064 9401
6904 7659
9505 4491
7877 7535
283 1940
2865 5233
5713 3330
9719 7134
9712 5878
3101 9885
1763 6926
275 4450
6858 7781
154 7254
6211 1756
1864 2212
2461 117
6867 1568
7680 3282
3879 7804
457 8052
4100 7881
9850 8070
7972 6928
790 6941
784 112
3281 773
1747 4775
3010 379
6103 4665
1780 2850
3908 5713
6928 2348
1229 1746
6139 3125
1987 6656
2702 3078
6188 6177
5507 5052
529 8771
8912 1280
2190 3162
848 8648
8451 3872
174 1352
2712 9311
9700 6658
14 7877
5193 921
1920 5263
341 9935
5968 470
5108 7972
1729 4768
3300 2870
6605 3831
4110 8754
5105 3853
3911 7046
632 4346
7321 2522
3653 3279
616 4348
2330 8934
7765 6235
148 6523
4606 8679
978 9325
6222 8298
670 7514
5119 5148
251 3957
8899 9503
3265 4551
1618 486
3758 9022
4294 8104
9762 9232
2819 6881
3786 1554
3996 8789
5193 166
1763 9964
3190 2960
3807 729
8473 762
6687 9169
7042 2828
6231 1703
9604 304
9785 9644
6718 8005
5113 7670
8118 2014
7233 4849
2443 8506
3626 3902
5410 4094
3936 9355
8599 7571
7436 9299
767 2209
1896 5684
3009 8274
7021 6551
3380 1089
9179 836
1112 6380
5931 1451
2788 3793
9734 4277
2231 1312
1402 7815
5147 9387
1942 7526
2577 9940
3452 5044
1043 1469
440 8150
6632 8462
8490 8002
1307 8831
363 6025
201 844
5756 1752
3445 5312
2554 8200
2769 4416
4434 6585
3198 4216
4675 7681
5272 9274
6111 228
7033 9883
6058 9835
6288 5811
310 2355
1312 5725
4982 2772
3812 4967
4373 1445
3240 3911
3765 197
9973 7544
7669 9344
4375 6007
6442 6292
6706 3958
2567 934
5482 606
4030 9849
8141 5676
4864 5678
5113 5761
6145 1218
8767 6314
6411 8668
470 9574
1877 1300
4402 7820
8895 1416
3641 2061
282 3945
4927 1663
4062 8571
7384 7666
8361 7657
6087 9759
9237 292
3622 3726
8805 9782
5328 4344
4874 2021
2181 2001
8883 2904
7916 1125
9126 7714
9718 3415
8868 7065
5161 3330
9469 3610
660 1862
6646 3665
4882 8905
8124 5743
4484 6487
84 2958
2680 1556
9138 2273
7752 3158
6407 4244
9509 3983
94 9747
7719 1852
7598 4930
7799 6339
5483 5385
886 8251
9483 3927
1986 8495
584 8557
6234 8296
4906 5917
6287 5676
2340 5532
3956 211
1986 6031
9218 2669
909 2487
3411 8138
5157 5050
2462 6867
4991 3075
7010 4589
2132 6779
87 7206
1268 4470
1982 2730
8336 6177
1670 8832
8135 1739
286 7544
7469 809
4782 5439
5289 9447
9679 41
7987 7794
9080 7022
6637 2009
1387 4127
7929 7896
9360 5189
1275 3940
9510 7603
7013 8497
4937 6806
4196 8475
6546 9315
6682 7703
5288 1600
9013 4131
4912 5038
9502 124
8450 5505
186 4084
9417 6776
765 3782
9411 6311
9600 1364
7454 1048
8486 2065
9027 7507
7280 8097
6020 942
1187 2483
4418 1456
5561 8890
294 2689
8425 4902
6106 1649
7222 2740
7279 8289
6083 1715
3537 1809
6985 8288
5250 2445
2263 2611
9438 8542
6328 6847
3013 3013
1826 5198
124 5867
713 6588
6192 5102
2187 143
6623 8099
9766 6638
9992 2790
7347 870
7642 3696
4624 2580
7270 8416
6080 6784
4828 5037
5463 7436
4255 292
1334 4181
1628 8433
9250 4915
6705 9476
1059 8638
4685 1706
8382 6903
8694 7250
3620 8229
9266 5511
3481 6658
2414 4584
5310 7555
8103 8432
7521 6937
5095 98
9521 7152
7997 9714
4938 3181
5964 8681
2761 4412
7574 5534
7257 268
3335 4364
1586 20
6829 7092
2456 5167
2789 1703
7420 8140
3396 7686
2474 8009
1288 9408
4793 9014
572 3526
428 5494
4248 7197
8585 6097
7538 1568
9336 500
3790 5944
4934 9285
9948 9886
3123 22
5784 6175
4318 7949
9826 7510
8769 1022
5379 728
2040 5351
8752 9000
7913 6451
1095 9266
1673 9195
8294 7773
4115 4025
5075 1057
8963 1373
258 279
6526 1976
5220 2356
6493 4587
7456 6653
2597 9568
4948 8714
501 8324
216 5304
777 4130
9619 8543
6825 8821
9625 6794
8456 6034
9305 9339
746 9230
1643 8548
4141 7483
2053 6334
118 6234
3749 4694
7832 6067
5990 8496
4760 5477
7389 9001
2431 2008
6809 3794
2468 2476
7846 1226
9116 8467
3442 5216
9791 3345
4122 2965
3228 7207
3474 1529
6286 7677
1394 6682
9843 3506
5569 8872
4483 4508
2879 8246
3241 1686
7533 1348
4352 6759
8814 6630
4463 2046
8045 320
688 2844
7024 1234
3640 4253
2210 7253
6560 5195
2620 5610
3723 6635
8373 2267
8254 9525
3418 5303
6691 264
1857 5318
7267 8054
1522 4947
5696 8519
7497 5968
9552 4949
9864 9751
3787 2858
9221 3449
6608 4249
1417 3862
1783 9939
4882 9717
1734 5647
1256 8179
4023 8103
8109 5592
4216 7527
3932 3961
7067 6419
9747 9765
2255 8826
7334 5902
4083 9988
9531 9964
1408 1636
8349 6024
2672 5688
4052 1491
278 3540
7014 9932
8906 9915
2759 4487
6439 3104
3375 1532
1065 5772
9053 8060
363 8923
943 9567
1118 8265
951 9481
2276 8080
5712 7181
6625 2034
9385 2539
533 7119
7328 4421
9203 7207
3742 7515
9108 680
8453 5174
6698 8649
3283 3535
5289 9545
8700 1370
7415 2943
8946 7497
1791 5153
8383 1166
5026 1498
3213 7464
8043 7986
9654 7779
6063 4006
8866 9091
4101 464
2974 4396
8588 6976
9441 5000
3289 6769
2384 1906
2289 1795
6484 4330
7093 503
1902 458
5158 6292
9194 3137
9491 701
7654 2088
487 3839
4220 9940
8807 9164
4333 1083
9068 3032
3643 8877
9514 8021
2880 5098
938 3479
5860 484
7015 9234
4570 8175
1401 5752
2350 3923
2637 3261
330 7732
6879 617
3031 410
1418 9398
4377 7186
6521 4758
9453 7127
3966 9495
5475 9358
5825 854
6480 1402
6246 268
778 3194
9201 5482
5194 249
8813 8469
6430 5037
8413 6961
3007 5696
7267 7129
8315 1
6958 9021
3380 868
8035 5693
6778 43
3304 8455
6031 6544
4070 5171
3547 4002
8011 8852
9775 7771
5817 9676
6781 6926
7979 7408
1536 4350
9667 8144
4173 4548
4074 3197
2691 3832
1363 7931
2715 8867
232 4738
4463 8803
8244 5832
7377 8042
4496 5462
4424 2062
337 7067
2290 7710
817 9472
9521 1627
2374 116
7542 1915
593 5115
5670 7529
9133 4533
3518 804
2850 328
1970 6085
9637 6874
7665 5752
6052 971
6549 1182
5986 2208
5549 3609
1881 1312
4176 3059
3204 3958
3424 7391
5939 4324
741 9934
6056 3946
9629 578
4015 2814
9773 3093
9681 8022
2873 9509
534 4740
2885 6800
9495 8103
2865 6948
4315 756
802 8533
1437 3792
4959 9226
4256 4576
9567 1129
8852 4109
5082 5451
1489 7504
9516 1247
5449 7094
4140 8385
7390 248
7872 9600
6619 9581
6514 87
6512 494
2880 9664
7987 7547
2367 9366
6763 8659
1701 147
198 4874
4751 428
8456 3867
4845 1759
9860 609
9352 702
2700 84
158 5766
947 781
2428 9530
2998 9171
8866 2584
5735 6594
3230 3026
325 5033
5096 9425
9792 8180
8417 3881
8967 3568
9343 1251
3169 7463
1755 5146
5384 6327
4117 5300
8194 4589
7967 3587
8702 1297
8858 7448
4764 1768
6784 1572
2788 2776
2567 6061
5342 5560
2731 4710
6985 6267
2895 2970
8611 6985
8998 3075
5917 3564
3424 1637
242 4654
3579 8948
7922 5810
7063 5278
6227 8833
6066 503
9191 541
5502 7626
4700 9143
4605 883
2263 2861
5221 473
3280 9790
5502 7016
5201 8410
9571 5496
9863 6371
5683 1194
8684 1640
2215 7567
1647 8733
6910 7366
8454 7687
5288 9443
9059 9665
6668 6429
2370 4389
8459 5559
2745 403
2463 3897
5145 5340
5664 5901
7302 4424
4414 8003
1711 567
1305 1823
867 320
8650 3097
7393 9399
3714 5348
6807 8283
4483 6297
3377 4576
5235 7168
1046 1105
8207 182
6749 7610
6583 487
7621 7426
4915 3946
5805 9045
4194 6703
8671 6984
4124 6409
4239 1402
6754 4487
1426 5977
7754 1568
2651 7736
5631 4964
6050 8214
6672 6932
9904 8971
6419 8014
7858 8931
3888 6829
2603 7825
8197 2865
5529 5138
9772 4276
7524 3248
6683 2152
2511 8304
4930 6222
6461 3643
1784 307
6886 7078
6536 6857
8308 9539
8167 2572
8897 9621
7389 8154
3523 2402
5583 254
3652 8043
2528 5786
530 1369
633 9465
8235 1889
7239 7162
5781 1298
1042 2022
2698 9147
2956 2968
5028 3305
1544 7655
8240 3046
5495 8196
1124 1372
3178 5402
315 4200
5455 4038
7679 2475
6174 2602
4860 12
5143 8444
4602 3865
3129 8968
9412 4993
6976 2387
4510 801
3454 1407
6107 1223
1799 5043
5749 7146
7019 4850
9120 5334
2940 9726
2229 5424
6124 4498
1044 2034
4088 2892
1461 77
1771 4641
1416 2859
4808 1729
964 9227
4289 2804
8252 9565
1741 5317
671 1162
4302 1373
8905 4861
6841 1770
7761 1675
5437 3562
7589 7512
4927 1584
7399 8759
9105 7776
1660 6845
5691 9847
4093 9754
7914 3387
3756 443
7979 8804
6999 1066
9585 1020
2842 5676
2757 1933
1137 2877
5819 2162
4550 2853
5667 6064
1995 1904
4424 2843
2548 4425
845 2563
8677 9693
9836 3960
9460 2760
5267 8545
4705 9233
4150 448
9032 4694
6673 6029
12 2698
7787 9873
9742 7610
3231 8816
4302 1006
8922 5077
632 2941
7057 7939
1309 4762
2492 2211
779 6501
4927 7009
4571 6060
8733 1798
7950 2269
5811 5137
3031 8025
5934 5678
5147 3785
7014 7101
6282 2116
9865 1686
2472 8866
1904 8618
1805 9065
9323 4511
5445 9095
5965 7749
9031 4129
5241 1945
124 9492
5043 7381
2535 459
1899 8875
5950 3589
7474 182
616 8297
2977 1226
307 8168
47 8580
467 1743
9473 342
8535 8723
7855 1339
3671 9115
2647 637
4537 4652
1051 9724
8056 6350
4608 7002
9938 9106
2350 847
5162 9236
1243 9354
76 3836
7799 251
2264 2936
8500 6541
7660 8523
3125 1878
7750 7980
8227 9637
1742 5473
4914 4753
5010 7113
8238 6129
4829 1
9682 6115
120 6822
9286 6657
8005 5777
9867 2470
8938 1708
8256 5546
4171 1633
7816 8587
3444 51
18 5444
1797 6478
9991 1719
3800 5939
5998 5315
6826 6701
1001 5885
5437 2577
2715 7653
3225 3174
4780 8323
4859 7732
2048 2202
9209 4776
5482 7611
9198 6097
57 7359
3506 5901
7437 2508
4055 3760
1367 4108
9894 1657
4317 361
8790 9193
1155 7199
5837 9571
9307 1065
8635 8855
5451 2398
9406 7333
6827 3044
177 7614
2883 9314
6248 2784
6517 9121
7981 4398
120 67
1632 6740
4906 5754
1596 5662
8147 1753
5534 3115
8708 3752
5 6370
8432 8223
2429 4531
904 2736
226 2543
6662 3622
4874 3160
7586 2108
7821 6097
1739 6111
5848 7713
1918 7593
2802 6268
8151 4289
7799 6434
2415 4892
7104 595
11 1018
2932 4081
7882 399
5660 5683
6 3336
5723 6661
237 4457
9366 3811
6604 2164
3052 9471
8976 8113
4827 5539
9154 2006
5584 2396
3102 5498
6665 6341
8633 7915
5003 4354
7854 3298
4486 4480
427 3372
7277 8271
5079 1622
5731 9413
5801 784
9809 4287
1600 2402
2444 6721
4153 8107
7400 9442
8947 3618
165 2046
1403 1032
4938 9495
8771 3124
8136 9286
4390 1742
9812 1459
1550 1874
929 2076
3862 2725
1857 7205
5671 6292
921 1618
1386 180
5399 942
4007 5340
8003 5692
4224 5572
5930 3231
7674 7372
4077 8571
5353 4595
3749 3482
6559 4140
5184 4748
5433 3380
8647 7858
6190 1944
6393 7363
6203 8904
4196 5042
9906 7937
1014 5527
8631 9336
3599 640
9736 2108
660 8857
248 7497
1741 5206
6766 6936
6002 5876
1950 791
254 522
5105 9130
437 5781
8488 9067
4600 5194
7334 5119
2806 2871
3471 6913
8750 2208
4688 9609
7685 8705
3721 7681
9568 8561
9122 9477
7409 8697
2720 7601
276 1848
5212 5550
6455 267
963 6022
331 9634
5586 4942
4982 534
7555 2162
5356 9424
4497 5811
9806 5535
1200 5908
3380 7772
8546 4943
9073 5407
3748 785
383 7044
9684 9740
1693 4814
9524 6223
2416 8094
7036 6372
673 1320
1752 6382
4943 1164
1416 3312
3471 2174
1364 9564
1688 2014
5257 848
9876 4736
5549 6615
7228 9866
5503 872
5462 9966
466 9062
9660 854
1106 3253
1570 380
6690 9102
4274 1825
2765 4580
4029 3535
3564 2117
8810 2881
6682 2985
6075 8907
3103 2759
6363 3284
59 7396
5548 1414
5738 9126
1840 3253
1140 4730
455 3298
2728 2339
456 9747
2017 4035
7045 6093
904 8168
2703 2968
2507 645
1915 3632
3318 4222
3444 1406
3416 2903
5380 6
5823 1209
6640 4704
3347 1653
8526 3717
9518 980
7265 7455
160 1969
6151 3520
9965 2322
6127 5470
873 8706
6904 8144
5122 5961
426 6417
1152 2174
7546 9648
7967 9376
930 4415
2696 2184
9593 4305
2566 6389
9643 8166
8615 7432
8995 259
6900 8269
7005 6192
4590 2267
4072 6687
8709 6256
8982 2537
5713 2944
7542 902
95 8622
7735 2565
48 5121
9883 6169
616 4713
3319 3020
1475 5591
4824 122
8441 1142
8298 1614
4205 4341
2287 5001
9824 4295
1720 7388
3360 320
5493 9646
4027 7267
1423 2422
6327 5596
2767 8771
6732 823
9914 2699
4377 4825
1662 2749
1426 1409
5815 1566
9429 5036
8736 8103
8291 4278
1758 5888
3353 9805
4144 1632
3498 3566
9992 9947
9231 2585
555 1495
510 1041
5365 9886
2585 4150
4187 787
1878 3437
5469 2636
4600 3419
8296 7764
8271 8029
4653 750
4705 3980
2216 4689
9057 5723
1316 1231
324 9807
2232 8230
6886 7503
913 5268
6799 1433
458 944
963 5924
2695 6077
4833 9263
9861 5636
7296 7678
9200 6652
9376 4358
2641 6603
4095 6973
1482 5269
6203 981
5216 3602
9269 3827
856 8058
1022 5832
3563 1745
3678 6302
1034 7442
6603 187
4374 3574
6216 4371
4284 1744
7305 2526
2643 7936
2243 4230
2652 9003
4922 2834
6562 633
4399 2701
5822 586
3330 9568
8647 1298
9331 5547
355 6770
4013 5268
5541 3716
3015 9291
3982 3126
3870 7746
7831 898
3106 6244
8804 5215
4608 5906
3183 2295
852 2455
9460 4019
9211 8661
7092 2314
8370 2481
6348 2284
271 2715
2290 7622
6374 6773
6211 7607
4721 4204
4497 4039
4782 8566
138 5971
54 4782
6988 1442
9693 5264
5670 5259
9858 7946
1190 2840
8709 340
2872 2324
9754 9879
6107 5011
9333 1903
4085 1635
2732 8905
3223 8057
2558 279
9918 6980
1516 2412
4364 2943
53 5491
2129 9344
8120 815
5331 2069
6076 8388
9924 7283
3639 8998
4686 555
2691 4525
1393 1608
5774 1524
7081 3689
4526 7305
6802 6520
1990 5772
7889 3629
4183 1480
3373 1164
935 7449
7189 9377
8585 9483
9212 9741
3746 9834
2458 2161
4662 2348
162 9553
4559 5147
1526 3373
2192 5585
7802 8475
1052 4070
9059 3831
4234 3925
4048 9882
8520 8591
5461 2549
6386 5699
1719 6931
9849 8106
4074 3280
8498 2110
8505 3511
2070 8284
1317 7599
189 6714
8960 5212
9227 9220
7095 1763
9457 9995
1632 3449
5267 5208
7444 1458
6882 8776
2986 3941
3073 8222
2749 2009
7464 4014
3636 5530
4754 9792
5896 9669
5434 1399
3579 4800
7371 1668
4873 2642
455 3620
9243 1979
9753 520
6415 3989
534 420
4539 4871
6178 2009
2030 7674
6740 6070
6089 4340
7042 9046
6579 727
3254 8257
7398 490
8374 909
7007 1048
5321 2070
861 9398
2035 249
3957 2267
4736 50
5100 7862
4681 6747
8633 7279
4681 374
6606 5012
2770 8119
700 2620
3303 9570
7344 5572
6852 8291
3925 4863
4953 2311
9047 8745
1838 5618
2827 4194
786 133
5461 6643
6412 3624
6223 1404
953 7580
3753 1365
9532 6032
9114 3239
7812 5646
7770 6338
4815 6906
5157 6318
49 9098
6976 4823
9738 3319
7164 2810
3704 2416
9606 2286
9976 7932
1496 5931
120 1014
6194 5576
2536 6983
9273 8215
5936 983
6521 2102
3793 8703
8569 5621
574 2556
9912 9980
4745 4703
8778 8921
8821 8438
4688 8957
7887 7975
6596 7517
4545 8248
4657 6477
9247 7219
3079 5150
4562 7206
2827 3168
2153 6882
7426 3889
5542 8701
6811 6157
6920 4840
3075 664
8313 5471
7008 3538
7301 5596
680 7554
2665 4601
9777 3227
4530 8949
2490 5220
9155 7377
4898 5089
2840 9583
3341 4173
5942 3425
8153 5813
3132 5649
6752 7151
4585 958
1475 8857
4244 2125
5791 2681
7188 6236
1763 4087
8955 1149
7727 2387
1627 6977
1854 5914
1266 3942
135 7489
1570 8022
7331 5985
4470 1098
4669 4633
3214 5483
3297 7776
4322 9036
1816 3923
8780 3883
1227 6465
8094 3647
6481 4365
583 8798
3570 2324
2979 1876
1527 6413
9641 1181
420 9693
4822 2649
1086 8744
5674 8364
6635 2137
627 5037
936 5797
9616 2045
820 4117
8795 3918
240 216
2374 6888
4124 8694
616 7242
8847 5462
5736 1607
9957 7419
4579 9477
1801 75
7576 1303
6676 7292
4475 966
151 2746
5151 5003
3753 7198
986 8665
3018 4088
4280 5371
3716 9114
481 2609
3359 6545
7282 7019
190 6832
644 6608
8469 6053
3453 8376
1008 1850
5422 8951
8138 4737
1070 218
6434 3430
6238 3793
5952 1033
7969 6632
473 4168
4203 9979
9837 3589
922 9702
9538 3912
7460 9370
4994 1877
4721 8304
9729 823
241 7031
2476 6978
9471 2186
3743 216
4901 6720
3672 4997
4472 5310
6362 7603
984 6878
5012 6857
9401 9915
3321 4391
659 5854
9291 348
8788 2151
3889 743
7328 8224
5419 6293
3390 7142
391 9623
1930 902
6268 3852
9062 5957
5719 9463
2781 9806
3553 8365
6952 2401
837 2671
9072 4056
616 34
5370 9279
4475 4196
8961 4044
4782 7211
3414 5444
4986 1874
9632 2314
9466 7590
6533 4988
8182 8946
3205 6249
1301 8937
3463 2055
9968 9075
2499 9536
7370 6054
6062 4753
2062 5409
399 3545
2703 9674
9726 2693
1285 677
8116 5192
6033 6846
3297 8107
1481 1776
2076 2849
8619 1093
1740 7353
9039 5444
3420 1392
9586 6005
2197 4903
2628 8950
1744 9967
5570 5356
5852 8706
4122 4136
5962 1981
4977 9848
3680 7674
637 8047
8009 697
7493 6911
9140 3590
2148 9060
9788 6487
5724 5001
7919 3589
2131 6141
8071 1982
5414 9975
1603 2329
9487 7493
9187 6379
1167 524
9506 9233
8737 3758
3092 9525
8672 518
1870 4406
364 8890
3575 6896
2681 8140
5537 7465
7707 3245
6556 7184
4896 495
4932 1403
3531 4570
985 974
8177 3677
2334 9955
4087 774
4487 8410
9362 5145
8231 5607
8565 1271
5406 1569
7193 9681
9955 8235
9665 4395
8819 4164
3234 2955
3414 221
8914 9294
7058 9739
8997 8130
3635 9322
4955 5807
4200 4783
7798 1454
600 4555
216 5462
4806 6102
5809 1949
130 3060
2709 4770
9571 130
7660 7324
8801 2272
3325 413
4997 2227
5074 4728
1019 6218
8643 4468
5184 8874
9454 4753
6758 9921
7640 299
4453 2986
7513 1297
6154 5312
5843 3890
6078 9573
6010 5336
6151 4320
8542 7248
9469 3131
1228 8850
3668 3946
2895 6964
6431 6273
4854 2316
5580 6241
7712 8113
7377 3147
9651 2716
131 8929
7109 3098
7203 2000
9783 5684
2879 457
103 1945
6234 6120
4778 3121
9477 411
6684 991
807 5277
5450 8876
2342 5712
7080 7345
407 5119
6344 54
6151 1939
5856 3444
1400 1269
7762 9282
9041 9824
7744 5808
8243 9143
131 7725
8613 3208
5995 1099
2223 3868
7889 9608
3849 6659
2797 9536
3746 4298
9235 8107
6369 5899
8276 8208
4277 1833
1374 7395
5646 5258
2777 4111
8832 8213
8473 5075
5629 2071
2788 635
7558 5670
7642 6483
4510 6422
216 3800
3885 4748
2023 3450
7940 1615
4688 193
8908 8482
6824 8078
8222 9049
5530 3953
8715 8387
5484 8986
4777 2306
7033 6766
9502 3381
7447 3455
6764 7573
9055 8832
3675 9181
8291 3148
9038 6588
6342 7499
1124 6474
8130 9065
2842 7438
7011 7254
7439 7009
8693 3020
2291 7444
3804 9449
5384 5070
1302 6888
299 1312
9276 5510
6376 6888
197 3230
7545 8253
4193 1460
8123 2149
4031 8229
2711 6604
2039 5026
9308 163
6948 7865
7024 3345
1438 7089
5562 312
2482 431
7375 677
5946 8638
2474 5898
5099 4835
8761 6335
5947 1259
7382 4117
5422 9268
5377 9217
3763 2719
9584 8031
6594 9346
6417 6870
3937 6227
9509 9496
1066 9838
1690 7992
522 2978
292 7588
9494 4315
1501 8627
2939 3071
7817 2128
4002 4759
4768 9732
5115 8502
1843 2415
1197 4723
4820 7362
4097 9891
8656 6135
6425 7786
7223 6778
9583 72
5533 8712
7911 2315
392 2820
5573 870
9853 7084
4899 912
8104 139
2013 8510
7561 942
359 7897
6136 7674
4984 9241
6411 8409
5317 9385
795 5129
1851 2409
3487 4446
2801 3674
759 9424
670 9490
6733 4597
2215 3103
1155 3661
4374 6984
3659 6607
9114 2666
9030 8842
8559 393
2107 7051
651 4926
9162 7421
2394 8922
3320 8750
5683 8820
9315 8796
498 99
4006 6275
545 1338
9106 6615
9247 7983
8428 7697
1428 1772
8251 3838
885 454
4297 5184
6803 238
5916 7467
5520 6203
2485 2435
347 1205
7633 6710
8744 4937
6493 2753
836 7177
9448 248
3911 8799
9339 334
1919 2804
5572 8149
6187 7211
7934 360
390 7367
1859 1940
2883 7565
8746 8041
6057 8395
117 6907
1794 1654
9879 2111
5544 8298
9861 9528
5580 7405
2216 5118
6192 3495
7289 2859
6529 2155
3738 699
8840 7438
2504 2217
3978 1397
2040 9453
3105 2115
6240 8536
3812 5732
8839 336
206 3007
9226 973
2512 7914
9513 8049
3675 8399
2568 9463
7463 8638
8959 1046
156 8861
1285 347
6718 2295
957 3305
9282 9605
3539 747
2943 2758
3108 584
7994 884
4592 113
1185 1009
9624 759
237 2836
3114 3224
1917 2761
4719 4346
3474 7440
2478 9709
7375 9546
1206 7397
1260 4575
895 5334
795 2185
7220 1436
7842 956
9150 6721
7181 3809
9851 556
260 3624
4861 3029
5821 2217
8575 2035
8187 3094
41 2231
6399 3955
2565 6312
58 851
8632 9143
3045 4260
1866 2390
532 1114
4875 7840
35 9063
7390 7773
1506 8572
3157 2144
6008 2915
2276 958
7622 3071
3602 5044
1980 9077
8308 2901
7371 3462
3581 2943
1404 7496
1992 4201
6092 7212
4522 5903
3429 512
865 9507
525 355
9026 5869
2586 3826
8979 998
224 8005
1112 2304
9231 9877
5620 6278
9568 1880
5437 983
229 5274
1969 1562
764 9482
9420 2886
540 2874
9580 8985
9132 1438
7391 8547
9923 8429
6470 6577
6758 3376
2270 4218
4758 6513
749 4204
8997 1907
4846 7858
3072 8573
4694 6014
531 8803
5348 4804
3440 4434
6017 9808
9952 9086
682 6060
562 4017
2243 2015
9081 3058
4546 2484
9121 2648
178 2940
7131 4821
6090 7608
6407 2049
6612 3155
7164 8719
8493 7737
2221 2007
823 1831
6804 1808
2258 4337
4018 9958
4354 9846
7283 9985
6193 3699
8125 2552
3633 6822
9617 9857
7255 9370
957 4575
2786 3591
7213 5671
3566 7905
4959 6571
4232 8773
4828 3430
5647 3520
2825 1267
5281 8615
9306 9493
5475 6283
975 7037
4192 7107
9672 2684
8463 2568
7355 2248
2224 5387
3131 5146
4868 6858
8567 1695
4729 2370
1839 279
6131 4602
2571 4400
4875 3074
8166 5034
9645 482
1846 4057
9558 626
4710 8860
8624 9054
2764 8738
1985 396
2096 2461
7291 7820
904 8888
880 7060
9190 8500
5170 1846
5248 5776
5878 4931
2578 8236
2831 8336
2316 5764
9215 9669
1040 9743
8212 4219
5579 7991
5580 6175
5936 2267
5142 9454
5730 9455
1318 9395
8693 5051
1156 6550
1765 381
8419 709
4794 4516
6250 5622
6345 8817
4557 352
6898 9858
529 9126
7659 3704
4760 2596
8920 8563
2731 4907
7147 911
3281 7788
8163 8186
5018 1510
6404 3234
9214 3143
6672 967
4365 7172
4521 4711
5453 1221
5337 4508
6493 1206
2494 3225
6069 9980
4227 6330
3504 6419
9300 3935
3123 8773
9138 7376
23 2245
8423 5174
3180 4861
2637 2428
5256 9133
2800 6915
4203 9308
3426 2442
2732 9981
7493 1496
5070 5728
5092 7303
5839 7813
5614 2761
1305 5735
9344 4586
7564 4219
315 6254
6405 4371
8482 7918
7253 2858
1757 8385
7964 5557
3978 6531
7027 3107
5249 7255
6219 9108
7864 1671
6406 2526
7607 9090
7225 4850
4318 3829
3399 1065
7924 6682
5689 1649
1726 6509
9251 7776
557 7508
995 6812
5770 5761
2487 1092
495 6651
6630 5852
8124 9327
1879 9996
9934 7919
2497 1109
9396 3784
4951 935
8270 22
8961 9707
1184 2397
8989 5382
6140 7780
81 5786
5992 8520
802 2836
2824 2207
6562 1888
783 6935
9645 7642
5295 6789
2835 8846
9110 2174
2925 2282
24 8614
97 9099
1212 584
5148 6979
1374 4347
3878 4945
5666 5631
8886 1498
6466 1430
5619 9787
1225 1868
853 1116
1993 2253
2942 6264
7106 9623
8707 7971
2877 643
374 4182
995 5093
7758 7751
4474 1673
1913 5841
2719 7703
6628 118
8471 1926
7099 4195
7294 5957
4588 88
9637 6421
1496 4335
4807 8379
1426 5758
7450 9781
2257 4742
9731 3131
4176 9985
2374 3367
1195 341
440 6506
6172 7973
2420 4020
8442 6091
9608 1755
5660 3298
1109 4029
9156 414
9309 4966
1981 2227
8017 9955
3146 5222
6690 9750
322 6845
6491 8998
7761 6523
3212 3161
1967 4017
2233 9649
9865 2797
3109 5207
3628 528
772 3084
5459 5699
1341 4788
9316 2651
4344 4942
1800 172
2888 7692
5938 7961
5829 3645
6820 3846
1367 6133
9400 8935
887 3411
9976 3309
8797 2147
8263 573
7114 5758
8766 6992
726 4701
3774 164
3596 4356
6397 8669
3504 5161
104 8841
6387 3111
3585 119
530 8341
3475 1558
6789 2644
2404 372
5373 6288
6873 2111
1120 1470
1869 8071
2521 8346
638 8411
8991 3513
3381 151
3370 5256
5739 9331
2587 951
1785 8193
9216 1714
5776 50
426 4680
3681 1070
5163 8380
5303 6717
2521 3455
1842 9408
323 8163
9832 1186
5426 5437
1413 9232
5181 3253
7986 7714
8587 1520
4405 1062
4891 6114
2479 9646
3576 9581
3107 9148
4534 8694
9452 4141
1457 6571
6391 177
5244 3195
5128 1990
3883 4198
3844 8357
