placement model: 1slider
width: 10
height: 10
number of points: 10000
7061 1886
1961 1731
2937 5883
5993 9414
6390 529
8841 3075
2295 9637
6788 4516
6110 1676
1534 4980
5941 9968
9 1519
7900 5970
6318 5460
9960 2185
402 4031
3845 8898
541 1876
5516 1901
9616 9727
1374 8114
4691 9776
332 8792
6244 4851
5777 3420
4378 3941
761 718
4332 6944
7599 6367
9404 2202
4592 3719
6252 4374
616 7859
616 5194
2668 8180
6035 307
6024 7685
1131 2360
8814 3771
8076 1956
9403 4718
2069 9343
3725 2380
2102 6921
219 5296
3234 4939
741 5079
7662 2485
3841 8273
6947 542
7514 1132
3635 5139
5955 4173
302 2681
4081 9620
7946 2851
8979 2129
1174 133
9789 6365
3736 7356
9757 3659
3138 9485
9376 1748
4821 351
6696 2398
1051 177
3938 9475
6917 5541
8021 3812
9831 827
7779 4691
3525 2332
2392 2522
3399 2111
6033 5213
7686 1308
5382 8776
7544 3471
5889 8765
3089 9009
4006 6333
3216 9150
1689 147
5351 9464
6487 6588
7412 9731
3301 6914
9625 8812
5292 9056
5827 9337
1025 8245
6562 2133
6776 8515
2044 8840
5022 5702
6592 4983
7191 7156
8300 814
9384 4364
2621 6556
8401 2697
6380 3169
4049 5930
4226 456
8596 8901
779 7506
6684 790
2485 2024
7609 9046
2205 1035
4906 4844
1844 3728
2564 6764
298 7966
7004 7648
5533 7795
2695 3663
6326 212
4519 1302
1278 1498
7531 2625
9268 8291
852 9214
1466 7205
8840 4377
88 1733
5898 7865
1682 9519
5413 4763
6410 2792
7282 6453
2352 8450
6955 4360
2421 2136
7573 849
8637 730
210 6023
4441 4025
4448 8058
6750 5340
6200 2867
2519 550
4153 4285
3785 5717
2958 3268
3689 7715
6887 7096
3223 1452
7478 4041
7663 4651
8974 4744
7787 3964
682 1408
8932 8551
3585 2717
8482 9303
2565 4503
7647 115
1477 6978
5394 6848
7569 1487
567 9784
6218 4514
466 4934
8729 4576
2726 6801
7462 2533
3069 7340
2381 9771
9972 263
5886 3479
2675 4855
6440 5186
8968 887
6680 6063
3489 9258
709 9445
632 1829
6236 8163
8366 6180
4576 4996
3213 833
4749 2805
3214 487
5469 4998
9663 3869
3339 8676
2424 2504
9174 9867
2970 4649
9798 6924
3025 7752
2827 9442
890 2349
1384 8376
1020 3148
2583 4185
5525 9212
1130 9594
9202 8244
181 5941
2722 9583
1441 4381
3540 4566
8598 7473
399 974
868 2237
7027 7331
2698 3930
4986 3211
8029 3693
7198 3346
6832 1296
485 6557
3089 3051
4643 3670
1349 9888
214 6915
4888 4508
9823 7862
3599 1274
7042 7304
8175 3193
9336 3886
7550 6577
9764 103
6349 461
404 2361
2099 6219
3853 4691
2005 3419
7379 8534
4459 3878
434 5534
7115 109
9476 919
1593 1627
8638 7561
7412 3944
2406 4159
8616 2791
5418 9525
2174 6471
9186 2720
5777 2198
2014 6768
9253 7426
3257 2226
9834 9216
7667 4324
3830 6653
8275 1463
6553 2036
4442 4935
4764 3307
4936 1002
4036 5111
8468 2167
7226 9705
6346 7394
2488 995
224 7844
6845 227
4182 805
4603 4667
3117 4746
352 4294
5549 8257
6322 9260
6083 7828
2542 8450
5473 4819
6754 2115
3892 1527
3397 3104
7804 7560
90 8638
7466 4645
3379 7846
7856 3122
8523 3248
7644 5329
6982 5951
2526 9184
104 6632
3960 7172
8759 2430
5628 1186
1902 506
8781 6906
1094 1531
1440 1588
9312 8912
6297 2325
3233 9217
5225 8269
1707 8624
4382 9310
6236 8409
4850 1794
6084 2619
2293 6431
124 7711
2044 2151
6553 7995
4076 2554
8437 7653
8584 8450
4946 5218
3342 144
5289 6583
1204 1477
4888 6607
3164 6028
8656 1157
8196 568
8944 3964
179 2854
7736 2638
7334 7917
1300 3506
287 3939
1934 1576
9513 2238
6994 2658
9802 4689
3612 4531
8316 8188
4741 9910
7194 2102
4895 4782
3603 7368
883 3233
5894 5409
1176 5479
8665 4630
7753 1955
9284 5626
1635 4263
4341 9855
8794 967
6469 658
4473 7457
2413 9470
6828 2430
7172 2314
1530 8520
9644 958
5565 33
388 9577
9185 7580
657 6852
4860 4968
1194 6285
9140 8901
7053 5250
7570 8416
6785 4102
4288 9514
6315 2454
6501 8688
6891 5528
5677 912
9752 2279
8473 9932
8131 5494
9413 6992
3515 9671
764 416
972 2281
9183 4692
6733 4367
526 9851
36 3282
6026 1578
8438 3129
681 8500
440 2899
5214 4755
6323 9196
4561 4107
1090 4961
529 2733
8443 4868
765 5544
1912 5520
7805 9391
9516 5271
9222 1633
3773 9213
8008 4620
8417 8492
12 6835
9926 2431
7595 9805
1644 4544
2197 6862
858 4410
9247 5476
1917 4886
307 4017
4985 4471
4968 5557
4288 5072
5069 1895
9144 5767
7393 2079
6478 7487
1598 1606
6682 6770
6401 2287
9354 7191
1997 6603
7715 4752
8830 3448
6365 8014
1016 6555
2237 2290
332 6909
5943 2949
3626 9851
5324 8711
9846 2874
2641 1280
6684 3371
3961 5544
8950 4758
7941 3595
6179 2416
3174 8725
5765 6631
2905 1143
612 7773
1599 4773
2357 9123
9733 5360
116 8095
5239 621
3589 7704
3400 7582
6694 7940
1406 5269
7098 7370
9525 1031
2604 3767
8724 7680
5543 5236
516 3665
2413 2592
5183 9709
4731 3380
7174 4177
5172 5425
6681 3669
5867 247
9278 3263
742 8732
8917 4620
693 8957
8770 8382
9207 8216
8090 961
5758 8490
5452 5408
637 3337
844 149
9145 8484
8965 6649
3502 3184
3365 7597
7366 5047
472 6046
6959 3556
9043 3986
6543 1194
2444 4124
7728 8445
464 4951
394 7723
8221 7948
1744 9820
1759 4547
1864 5194
7307 2689
382 5040
1144 6946
4470 9374
5256 7372
6902 9781
3577 6101
6772 3920
3643 5562
7641 1778
3339 9801
1298 3202
5043 1451
3129 101
9898 7920
5674 4592
7836 7997
5766 8522
5077 7210
7689 161
2004 1773
2216 8296
336 1649
4373 3018
4547 1701
2779 9072
8374 6379
1340 841
5441 6616
2011 1596
8264 9199
1207 166
7406 8274
2175 403
9599 2363
8947 9239
2610 8321
5701 7559
5613 5845
7606 8056
9621 6123
5638 9839
625 4936
8876 9739
6553 830
443 3642
8308 7771
4520 4423
7281 7503
2966 7937
1013 9407
5203 9706
6336 2341
1792 8730
1162 1907
5802 1133
4812 3123
3870 5477
6482 3104
6472 732
3015 6864
721 2411
2218 6082
7876 6190
5565 3256
574 2694
2068 7706
5034 8138
4288 9663
4111 2689
2434 2248
1973 807
9462 6017
7880 9054
6267 3775
1109 3916
8428 1828
3842 2376
3593 9721
2192 2
6647 239
2907 8635
8151 2953
8164 1473
2891 2484
1074 9541
6407 9792
4499 6568
3809 6758
2235 9629
2295 2236
8735 8545
3681 6672
3465 9545
194 81
812 2000
8580 5017
3445 4837
5675 9839
2992 6136
7823 2000
1662 4536
7611 8943
1165 1516
8183 3623
6889 9923
6714 4484
3174 1423
8937 2787
1180 5689
6812 853
6748 6452
3150 4827
650 1
5465 906
7897 4634
348 5754
9972 2514
5555 5793
743 3642
1396 3491
6761 1075
1971 4558
1255 9031
9404 1526
5593 6822
6062 1513
3950 2208
2459 4616
6150 4135
6579 9277
4984 4784
2504 1745
6373 7302
3667 6093
5914 2479
8347 4505
9961 7620
4191 9255
4365 1932
9467 7542
600 9875
1904 4552
338 1237
785 2397
4565 2871
4461 52
131 4167
4238 3602
4615 9240
8641 3904
9259 1242
7828 2226
1612 609
6232 9190
2272 6721
1574 1558
2060 2289
8120 2421
4090 6853
2438 9250
994 5194
3704 1646
1250 1285
7652 3684
6741 9255
5975 7016
4876 3237
5478 3331
9319 4169
8528 3680
9271 9573
414 1739
5586 3617
1396 5765
9484 891
3253 8976
1551 5081
4053 1968
6551 175
4367 1965
8818 6248
6082 9490
2429 8291
7210 3153
1236 2244
7311 735
8597 3282
4804 6238
5328 780
4460 6921
3860 9299
4900 805
6661 4234
2856 7151
5953 8766
384 2886
5801 8286
5240 1346
8516 6250
3629 8240
5449 6239
7686 7259
6260 3383
4909 3634
7978 1632
4784 4593
5186 2248
5705 7012
5578 3721
9404 639
6718 4763
3870 8320
6975 2544
8050 2221
7486 4756
826 9826
4080 7935
2982 4690
3125 3581
400 9547
906 3466
3394 1184
5163 4890
5287 9232
2219 2144
9748 3654
8217 9158
8178 5292
3016 6028
2508 6495
4339 7694
1261 9329
5242 854
2034 7991
7885 656
4914 4985
3911 3511
9890 4310
6965 772
270 8391
3552 589
8496 7667
4473 4126
1219 9929
8656 5587
7993 147
3231 3990
5091 4
4845 7464
627 2603
7340 8661
8632 7645
4276 712
4119 7050
8892 5952
1274 8412
4492 8347
526 8875
4459 9135
5360 4230
8409 5150
1476 8866
3297 9643
4965 6376
9079 3932
1147 9044
6076 7373
8001 1602
292 9142
3032 8324
5939 1255
3475 5420
9874 6571
611 1069
5960 1595
1812 1835
4644 7739
2414 166
1509 4149
896 7640
1982 4001
5363 7385
4852 3697
8651 1951
6709 2047
6951 7614
1887 2148
6099 5746
2894 2655
385 3971
1567 8919
6840 16
7099 6594
2497 6650
6618 6888
8296 163
9786 7569
6143 6409
3120 869
8836 7648
951 4884
5473 4070
8810 1114
949 2055
2596 9467
8463 1030
7204 1300
7975 8366
4658 3992
4096 2699
2480 7010
1083 9273
4476 45
854 7089
5902 163
7254 5558
3686 1653
1669 4396
4121 6356
63 7853
1695 1966
6086 3343
6823 8756
9249 7311
8322 2647
4231 5855
6236 6800
1962 7919
9276 7038
8934 3629
4313 359
4056 9946
5953 7642
448 7787
6314 6651
4785 5419
2686 1651
1025 6836
8495 7430
8491 9989
3845 281
9411 4437
7624 1020
4010 4135
8878 2453
4471 9730
1931 8727
9059 6753
6941 2714
4026 1660
3607 7773
1970 5059
3416 9173
7425 9003
5944 4585
1688 1458
9471 6742
6069 5171
7597 4901
8797 8382
5624 883
3879 2432
2917 1664
7232 4701
719 5245
2375 8944
9172 3731
2393 4464
3087 2417
880 8452
5356 167
1658 3826
2424 3150
3845 3685
3465 4114
859 4948
5804 7633
5624 5540
5097 7479
7354 3355
7610 1968
1273 327
2480 5855
4034 9960
9780 1636
6446 3941
1699 5471
764 4373
5620 692
4972 1571
5703 5435
2423 3070
7871 6438
7470 3678
8305 3205
6644 3089
9952 9331
3071 6185
4641 1123
5645 4765
2251 2265
1598 614
1052 4915
6062 9045
3078 3302
2194 2281
2170 5366
9232 4391
9669 3250
5787 3381
3618 5449
9067 3837
7169 2102
8190 4641
8048 5089
7110 6542
6397 3564
145 680
4081 2741
3616 4877
7777 3602
201 9434
8379 5810
3905 353
562 6339
4420 2121
9923 4379
3396 6106
3725 4893
3216 6735
3570 1789
5512 7574
6169 2148
6809 9241
4702 1419
9207 3313
3580 1459
1366 518
9859 1560
8333 8313
2032 4619
6809 3235
4234 2727
4111 720
9432 6657
3701 1040
615 9010
5351 4959
9663 2285
9704 8417
7786 3994
1992 2918
9207 1265
9617 1336
6782 3533
1579 4898
6225 2763
4436 9471
4954 9191
3144 2002
6807 1613
9416 4735
7598 9947
3493 8879
7837 7293
3360 211
7574 4289
1124 631
4951 8452
7852 4814
8106 9534
8617 2179
6835 9878
4120 399
6618 6438
8236 7970
6964 9294
8717 489
4077 4353
3318 8083
6222 9615
3614 3795
7633 5030
7970 5753
5367 7384
8937 2229
7843 712
7915 9155
1570 9100
6277 101
1767 2707
4121 7959
6169 3643
9795 2198
9988 8523
4344 4359
9069 5317
6365 5338
3032 1979
7286 8446
5516 7402
6662 7514
7952 195
2447 5546
4545 5228
9250 1499
5968 8209
219 7896
2974 8794
2811 3738
3728 2330
6865 8370
6497 1538
6349 6838
5680 5208
9290 667
8180 8362
1999 1296
2371 9851
475 5478
9110 3040
7409 8546
1354 2849
286 9119
1435 4712
5050 7362
1172 6045
2838 4284
9386 6972
2656 6245
7860 611
1400 5151
9382 2057
4321 6477
2329 3759
5199 5290
2625 6166
5774 9313
4577 7001
2266 8935
3074 8464
4629 7006
7723 9060
1242 5032
4146 366
6066 8233
5186 736
5488 3283
1109 8640
9541 1476
1606 3050
7274 273
2605 5134
8736 9918
3933 3280
8278 3886
8791 3468
7322 8358
6624 4445
9073 3184
9115 9260
4506 3651
422 5786
9952 5732
531 7252
3801 5231
7117 9267
1328 9525
5973 1046
579 2261
848 8432
7725 361
5604 1007
408 8248
5812 2914
4792 9629
1584 4008
3428 6726
3897 3931
8815 4063
2393 7074
8358 5413
5360 4595
439 1496
4831 7925
3748 239
9727 9080
6558 1197
1104 7350
344 7518
5677 3779
4119 1917
2918 5600
5515 6799
1150 1023
7260 2526
8208 6101
4826 4956
2849 772
2009 5798
3672 4099
54 9780
9737 9974
9767 5054
1874 330
758 9783
5835 8938
2756 5440
1856 9557
3425 267
2918 2408
6045 2854
5544 1484
1791 6530
6445 7041
4428 2333
6142 8299
7524 9021
7030 9198
8568 4421
6730 1251
3215 2960
7162 9745
1321 4519
4019 3643
1376 330
3081 7151
1869 450
8794 6436
5872 2450
1675 3179
9613 7115
5064 9208
3461 5796
6790 8120
1357 451
2215 3783
3830 8904
3878 9062
3507 5820
1799 8961
4491 5552
5274 3295
6111 1675
4033 7658
4311 6540
1939 4329
8119 8149
5883 4299
9885 7992
6566 7461
3581 6062
2086 2576
7 3679
7210 2628
206 7688
1801 7027
760 2063
2476 9561
1571 4661
6950 149
3549 6087
3681 2881
9292 9348
6404 5918
8573 9203
4923 302
3452 4841
9999 5341
1029 7736
6852 3489
8821 4621
1679 5207
1165 430
125 5148
5504 590
5987 2602
6516 8163
3389 8149
9336 9311
5435 274
3291 7144
9499 1736
7168 7455
5494 9512
9112 8675
4010 4916
5078 2380
3295 4847
5951 2366
1136 1223
2567 7921
5287 8958
9940 6977
5961 3742
2731 8871
6825 950
7947 7621
243 2082
4438 8746
7530 2666
9342 41
5863 6570
2805 5470
1863 5122
7263 3113
6077 6511
1404 2554
5891 5907
8244 2071
9336 8270
6130 7165
5002 8227
639 1677
4974 2856
4018 3138
2342 2290
5723 3320
9561 9785
1762 7644
8302 793
713 8843
8893 8760
1647 3252
8207 9454
9649 7657
9872 2374
3330 8428
8772 1613
4480 5898
1744 5342
517 5121
5106 849
2415 5285
2984 9459
2203 3031
2675 8836
455 93
9528 8279
1183 3651
1571 8239
6540 2510
1082 6040
9476 3365
346 2648
3317 7247
2492 553
2303 6768
8744 800
5869 8655
9167 9420
2865 889
7646 7433
3718 2139
2030 9307
5244 5074
6593 9250
3274 2642
4187 7765
6116 6976
2062 545
2069 6145
8375 1828
2774 4146
1212 5412
5904 3173
9987 9471
7485 1058
2011 8307
9735 374
138 1692
6285 8035
1006 1914
3920 9629
9660 3994
7651 3854
5920 5308
6663 4964
5212 303
8879 8502
3970 63
1899 2482
1663 5216
639 5762
2390 2823
6753 3010
8497 802
665 4855
574 176
2364 8535
6825 2286
8120 7264
4260 8996
5155 9050
4883 2271
6144 3923
3486 5177
6978 625
1765 8859
413 1449
6921 6827
7396 69
5113 1284
7152 1453
4787 4349
1538 6815
290 8232
2114 3730
2007 3552
5016 9111
5894 3817
4031 2168
6894 1234
6375 4842
3609 5089
5195 7191
4224 7198
9031 3967
5405 8841
6858 1765
9669 1041
1062 7600
2263 1429
7896 8211
873 6105
3511 901
4371 6277
9207 9358
359 9439
5529 7019
1617 7844
8582 5008
2727 6240
9070 7868
4027 3100
7174 5339
3121 5899
4825 5924
5876 5967
6492 4987
2883 51
3674 2093
1214 8902
7286 9517
9708 7422
7830 8804
2260 5905
6152 9507
7161 2668
9220 2434
9549 4100
3570 7099
7384 5235
1493 3879
8705 2978
8636 7998
5502 3714
7361 3017
8966 2238
2858 4980
5865 7425
983 959
6753 2537
9583 5932
5051 5235
5686 5769
6015 8573
4048 7606
8769 3516
1483 6943
4638 6373
8511 3947
3053 6449
1241 8698
9602 8084
327 1098
1895 3737
8299 8181
1336 6117
4829 8398
745 3987
8954 6557
3225 7724
155 353
9130 3394
3619 257
4224 1484
2459 9299
4959 8405
1750 504
5486 5462
4400 5274
3431 8352
5706 6725
843 3463
5524 3782
3251 5196
315 5889
8369 6345
4876 1869
1991 8918
9488 8076
3781 4208
155 3645
8635 8303
3752 2437
9593 3110
1072 6945
2108 1642
1430 1263
5682 5044
7266 8084
5589 7039
5854 6743
7952 3569
1367 4242
6306 6222
7087 392
4283 1207
5413 3176
5554 6042
4929 2177
1574 4394
9710 8496
9106 2018
6455 2166
698 992
8410 3570
360 4958
3636 3646
3162 4844
9887 1827
8278 3261
5025 9717
6854 5797
8881 7824
852 8493
1360 1435
3560 3771
5208 2409
659 2707
2764 1337
9768 7278
5122 8100
5841 8699
8823 4971
8610 2379
7126 4694
735 4950
1118 7480
4058 1825
8965 9205
1717 4409
5277 1390
6494 4176
971 9788
5054 308
105 2903
3537 6032
1487 4570
5126 7610
2117 4957
8791 1910
4256 5211
3681 1452
5988 9625
8324 338
7443 8388
4969 7207
1843 8628
625 4935
6889 830
1142 7023
8341 8714
6173 5606
2056 6527
2606 2634
4867 6972
6060 2737
9223 4754
3841 5684
7951 8136
4850 1446
8869 4050
4517 2702
5799 210
7168 7537
2044 2902
246 576
9163 9084
8150 7951
6558 6978
7814 6418
1483 2190
4317 8938
3517 476
3382 4101
872 8125
7698 8403
6323 5485
6594 1831
3113 9590
3792 5822
6317 4406
6295 4326
1373 2721
8967 4322
6729 4391
4109 4188
7555 2364
4247 7410
5456 1572
9550 5125
3173 7340
896 2314
4932 2089
5288 9206
5370 527
9066 6441
4836 6174
7133 9489
9328 6299
2850 4902
9797 3915
6515 6222
1281 5961
2795 1709
8868 1169
703 2123
6190 8308
2051 2693
8650 952
796 5378
5890 3266
3421 5668
1386 9260
7417 102
201 8155
332 5075
5157 8826
8526 8745
8051 807
3953 4434
1815 9141
3804 7623
2221 8950
9519 7108
9212 5439
4484 9878
6025 9139
2119 8759
9477 5786
3862 1622
8416 8201
8811 9657
1403 4283
5595 4117
9354 5567
3594 4651
8795 4410
6928 5307
2594 9723
6228 7551
8590 72
5147 1903
3438 5269
5818 8638
9715 7537
641 6070
3262 3120
7000 9629
4857 8496
1432 3373
9090 6410
8066 957
4012 6245
8 9351
3010 8967
1263 8037
2290 7920
7376 4919
6204 4242
801 6253
5038 1498
4816 3108
4000 3170
2945 7285
9667 9367
8376 2273
556 3363
8805 254
2529 9047
8105 796
8503 6755
914 5581
7967 959
593 868
38 9466
6524 7849
9060 6290
2869 5525
7069 7811
2183 7090
7197 4732
3705 5068
9725 1459
6550 4735
6513 9493
7801 7885
7022 9787
792 6388
5616 1444
4209 7764
8963 8085
6021 9923
7168 8981
9154 4334
3307 5393
8955 9269
8846 5785
2468 312
1371 6896
5021 8001
122 886
4277 1878
1190 5767
7484 3717
3132 1833
993 7689
2436 5754
1733 176
1516 949
4214 3890
1959 8823
187 5533
2313 8059
7273 8071
5635 6117
7610 7665
180 6181
9279 797
954 7209
5677 3837
8169 6464
7800 9339
7655 3666
9512 2165
9522 3981
3420 7288
3988 8496
3947 312
5826 6680
8238 1228
3279 5722
9532 5942
5977 9282
6873 9615
763 7356
1638 4509
2926 9335
6935 2819
3566 9140
4114 7145
3126 5150
4042 2850
9976 5200
4782 7556
3637 5492
4873 892
3956 4223
2416 6174
2029 2567
6629 209
6818 6559
7576 5704
1159 6679
8975 753
3964 8956
6272 9773
5245 1
4378 9918
4591 3658
7044 9500
9602 1094
6064 184
3118 8305
3404 6932
9489 8337
2394 1324
6375 6508
1922 6117
8953 6005
8606 9591
74 5705
8026 1894
7031 1379
7842 9333
6876 9842
9489 2058
4594 6213
5218 7653
3773 7320
2511 2116
934 4966
8498 1953
4786 6723
9304 1097
1776 341
8975 1078
3161 2451
4107 4358
6617 829
2526 3365
2858 991
7787 9649
1006 8534
8578 3352
2267 3612
1633 4767
4569 1211
914 9670
6818 5700
3865 4695
4763 2419
7492 4868
9906 1354
5659 6638
1677 5797
8655 6685
715 9702
1821 5147
2697 9780
979 8573
9134 6634
2336 344
9063 8977
5809 2473
6580 8009
7719 8395
560 9311
863 6389
9562 5516
6116 2125
5470 9658
2078 4069
2297 3865
6926 9932
4191 234
4808 5556
9400 6139
539 1525
3077 6122
5115 4759
356 8818
4269 9650
1864 3346
7743 3282
9575 3860
4966 3128
3107 3268
2466 8165
3136 4492
3783 5540
68 2272
9070 689
3636 719
8569 6983
6019 1780
2240 7862
4416 4176
3493 4706
8405 7611
8213 5644
1394 4712
8022 8246
8280 4393
9325 9867
4455 112
5990 6897
6692 3629
8269 1806
5863 4665
369 1450
709 2814
5163 746
2919 442
5367 7529
5734 4490
3562 229
1258 2159
6671 2754
9995 6226
7021 7617
6241 6900
6989 3846
9108 9503
6164 960
5858 8126
6946 9174
519 9405
6973 7931
3940 7356
202 4760
6005 8845
8344 7155
4900 7349
7393 6150
2779 5325
9860 1936
1398 3
9628 1949
2405 6394
5274 393
4767 6929
8094 2301
7318 9927
6109 5337
6934 5504
8009 6538
3972 9648
2205 7172
3248 4574
752 306
5034 2459
5442 7616
8737 2963
4711 5568
4466 8710
288 4684
2263 7831
5086 9367
2460 5833
829 8716
3975 8867
5672 5688
7130 994
9260 1267
8275 3844
7827 7105
5284 9309
3073 3432
5812 8930
1859 8038
4165 7076
2077 8735
2192 5477
6357 4337
2699 3122
2872 7746
8749 5372
547 5229
787 6516
456 1767
5013 2155
3833 4193
1264 1086
3441 1068
8422 5358
199 8646
5338 8385
6576 9229
1529 3679
2242 3579
2141 3101
6395 1041
4680 4908
9157 8435
992 4158
6944 2548
8961 8409
7463 6527
6098 3867
9142 8317
9098 6162
2220 8140
3055 7240
524 2237
6038 2940
8536 7081
7578 9918
7006 6898
1939 1259
4107 1609
156 9672
5205 7857
3250 7949
2120 6327
7226 964
2154 2998
9841 6875
7674 2821
7529 1459
3730 902
6714 7246
8708 3353
5067 2285
4978 6114
3181 3818
1338 5236
2787 6609
6767 4574
4528 9113
1261 6384
2847 1768
7246 8580
9460 3316
2245 7701
9102 2911
7222 3065
3554 9451
4299 1982
2421 4062
5541 3708
4925 6188
5317 2915
2612 1633
4200 7456
912 8969
6315 3706
1516 9062
9374 8925
8046 11
8354 8150
1714 3711
1214 8482
6485 8954
3976 75
7403 3152
423 3108
6593 4247
6783 2364
4590 3658
5508 6378
8429 5554
5714 6608
6204 3394
5438 788
3059 5602
633 3559
4408 6078
8679 4669
3286 8274
995 7397
5128 1031
9921 9771
5623 4065
4917 373
5702 7788
1806 1826
2344 2892
3063 1807
1910 7734
9025 5
2396 6886
6794 1362
1 8140
8437 3866
9283 197
1247 9975
5584 735
3053 7987
9953 8799
6664 1623
8924 6330
7627 8757
1402 4258
2513 6802
4817 3900
2589 6781
2620 5858
4324 8041
8339 9790
9356 9003
1717 7731
6566 3667
3373 3089
315 6929
9191 2996
566 3756
9455 4257
3321 9383
4252 8835
3791 6956
5869 5125
9463 6957
8651 1747
3672 1648
4256 1252
3126 5313
5372 580
9419 1418
5920 9823
8729 1108
5787 2562
9599 4241
5006 295
2763 3320
5094 7366
6351 4875
9612 8771
8261 3185
3421 9806
9199 5530
3389 5137
4771 2888
463 4076
4142 5709
6430 7457
9322 2939
5559 140
7867 7226
3038 2595
6760 9557
1005 1951
8471 4070
3308 174
7491 5644
5700 3022
9358 7606
1843 8345
9325 2593
5807 1188
3084 6111
3983 6399
5668 3940
22 141
8590 9388
4044 523
5151 4598
1321 8165
8190 1645
9898 263
2410 5368
8177 9200
3138 2422
9699 3291
714 2051
1287 1149
4260 4121
2964 3157
6476 1366
7115 9030
4957 550
5920 5887
4676 190
2764 4455
4764 8849
2642 8606
2196 1391
6482 878
4172 4898
6492 9790
8926 4297
5276 1840
5810 5088
1005 2655
9184 7641
2621 7537
3407 5537
474 956
4905 6507
3516 6160
6389 4139
6411 3244
6817 967
5699 1758
9229 9478
6997 4445
786 1447
974 3223
1336 2257
565 8722
5168 5918
9924 1440
62 1729
612 1410
3477 3540
1462 684
875 2194
982 4232
5985 4081
5608 2223
2825 5962
9696 4008
5584 633
3720 9973
8059 3995
5348 7504
7444 6000
8157 4285
1595 8064
2692 6521
3706 6696
4876 2033
2874 3741
7054 5048
3104 8652
9229 2799
9951 4263
2643 1173
3777 5999
6488 1573
6981 5923
8474 3425
1466 9218
926 5806
8077 2391
8750 6288
8185 6316
2858 6740
5210 6942
1544 4927
3015 8904
4504 8060
7082 7471
4104 5745
5951 6576
3919 8976
7039 9599
8115 5344
5681 5830
1968 4163
1097 2977
2838 6507
4640 888
3133 1541
3899 1478
1797 9609
4548 4565
5117 3997
9281 2608
5622 5524
7782 3706
9003 5307
921 9892
678 7805
5124 6843
1213 2537
8321 4346
2358 3655
5769 9989
1747 2970
3036 8441
2784 2479
7863 5224
3020 6996
8860 1685
104 9387
2955 8232
504 2744
6905 216
9038 9623
4679 6736
8413 2821
6724 1532
2798 5494
4637 7823
938 114
4832 2829
8069 2976
7254 6066
4486 9153
3898 5753
9497 2099
4727 7128
1688 211
1170 5305
2641 9502
1331 2906
8809 3266
6039 7289
9304 6459
3380 5182
7799 7823
177 5885
2274 4254
1975 8447
8709 9453
6850 6002
7066 9605
5878 6240
2370 102
1893 5160
1401 4112
8966 3563
9563 4168
3773 7823
6806 270
1305 4901
1503 7121
437 3768
5423 2375
3541 7142
3840 4598
6177 7052
10 5173
6982 5925
5954 8252
4705 3057
2758 4610
4611 5585
4895 7195
2841 8219
1710 173
9738 3748
7840 6764
5519 9730
538 1549
9328 1801
4543 9430
177 475
4918 9690
1543 2406
5076 3571
7191 1299
135 3974
4021 1491
7259 9006
3585 4108
773 4873
1047 7369
3967 440
9426 2380
329 1398
2378 4181
3321 4567
8254 319
3227 222
7257 5941
7358 1367
9752 4627
6860 5900
9810 3640
2021 5203
6410 7127
667 8399
103 2582
3972 1676
2884 8529
2098 2681
5326 9316
1429 3517
8840 3112
7444 2168
8046 6377
5511 9522
3010 9853
3429 500
7784 4549
507 7779
1307 7347
1268 1897
5174 1593
6228 2236
2234 5248
8549 7606
4641 7597
3385 9938
5311 9023
6212 5514
9506 249
8069 1233
6370 5389
720 3246
6204 3474
1261 4927
4352 4768
1795 7426
7395 9422
559 1246
8496 3204
9896 5133
3302 2226
1588 869
2972 5131
2026 6779
1153 4150
4150 3271
724 7566
4776 4581
4161 3341
7393 6886
2824 85
4098 4105
9321 9121
2885 614
5893 1310
4379 2715
3476 2184
8060 7097
1888 5973
8050 9280
9289 7155
7509 9847
6403 5421
1085 5365
7939 5765
9879 7037
6263 3405
1378 42
3844 8720
1781 55
7148 4113
8899 881
3084 8721
7176 6798
1790 7904
784 4445
8534 1197
6950 6917
3929 7873
2584 849
3239 5432
7014 7116
8686 3914
5338 9961
2323 6925
1410 5298
3855 8609
5264 3687
5258 9104
2440 8645
438 8606
5620 9561
1420 8334
4131 7943
6438 2940
8220 689
2129 4159
6789 4272
9681 2468
8153 4088
300 6172
2354 627
4741 438
3781 2741
3993 6175
4031 6945
3211 1935
1446 8159
5582 188
7809 5426
6404 5926
2421 1802
1789 1217
7919 3981
3883 6345
9582 6774
1313 7518
4479 4929
8830 4260
9350 2410
205 5921
5700 3346
713 2312
387 2339
9300 6713
2582 2912
3691 2749
4908 2801
8191 6174
7357 2215
8050 3859
8913 8937
8069 7886
8848 2026
7183 4187
5656 5853
5051 9302
5392 1227
6814 2186
6258 3022
395 8821
3392 8237
8484 8132
5730 2235
7444 4918
6694 867
5317 7617
7807 8443
6767 3852
8308 875
6557 4823
7631 687
567 529
2822 3732
7397 5747
5211 2199
4166 7405
8431 8551
813 731
8921 7287
2370 1587
6877 4432
2379 5934
2481 8484
5287 4926
7926 2217
2938 5846
6681 6211
3249 1005
7654 3519
3103 5740
9213 7912
3218 4422
217 719
4210 8179
5897 6419
2068 4416
4119 43
6889 4250
7279 4568
8394 1065
9458 3009
5240 4528
3139 6256
617 1628
2136 6419
456 2293
8565 7685
2539 8997
2122 2375
5467 1310
2471 1953
8831 6117
28 6555
5972 6751
4484 9775
2199 3862
6700 730
8525 3621
149 9574
5573 6532
9352 228
218 2737
9241 7751
8590 8933
6857 4721
2945 9949
4786 4317
1032 1475
3376 558
4077 8987
9728 5375
4630 1627
5116 6613
7440 6867
712 4909
5718 5532
9372 8902
7998 8191
1668 1936
8890 9291
3787 3594
7522 618
4268 7338
1241 9390
9908 1103
1510 7834
9689 474
8016 8757
7220 7819
7290 692
7613 8056
936 6790
1640 6580
4700 5808
6765 223
3606 7649
8851 8515
8530 3850
5617 4696
3222 3063
1949 8490
4441 8538
2232 7570
4209 2116
9642 1518
3062 4578
9526 3903
9424 2551
3912 1225
1014 4067
4157 4956
3925 1244
6818 6429
7285 4419
8026 6373
5143 8413
395 489
4855 1619
1541 3245
7480 1227
4246 9207
5208 2263
1407 5636
1202 9389
7202 1139
8323 23
1916 8747
551 2624
7435 6344
1148 6987
6736 8549
1856 9939
9120 7992
5538 405
454 6471
2109 3523
6127 6761
332 6905
8041 3060
3047 7108
549 373
3419 7460
3804 5459
8955 309
9569 6686
3896 1634
4049 4176
39 3589
6692 6876
2856 5926
6094 7551
8495 8149
9893 6226
3617 4458
4068 5761
5836 2764
9042 9415
25 3781
7314 3059
799 4617
3695 9374
3291 4071
387 4003
6696 1166
8554 8727
682 4561
8294 6995
2750 1158
5283 4403
888 4245
6666 163
7464 4998
8699 2539
1461 1957
6521 1371
8087 8306
3854 7020
5049 1416
906 2175
9687 7780
1692 2206
6632 5463
4813 2866
4725 3877
7500 4381
9645 6390
7275 3851
82 9715
3174 308
4624 6840
9372 4900
3564 1585
1856 8719
4730 2223
520 2855
4235 9892
7208 1371
3910 7967
1969 8852
3060 3952
7368 3137
2283 4309
8936 2253
2773 9523
4008 1714
2586 9845
6651 750
4369 9336
4121 1257
1 2997
3208 5637
6300 1876
27 1524
4751 7321
685 4829
9895 3149
1801 7205
9195 1376
5918 8733
3513 6366
2467 328
6145 9990
6859 5873
245 3372
4936 1713
1983 7029
8450 9269
1259 2507
6471 2848
5993 9618
4177 9701
1548 9657
295 6791
9473 2335
8609 2419
3516 5893
6824 3495
5129 2415
2260 4896
3915 7645
3426 4625
1715 8542
8647 5959
9758 6327
4600 2379
8921 8605
1002 1586
8846 3119
7573 8767
2093 9919
7951 783
429 3716
4194 5275
7332 1874
2492 3124
582 5798
3523 5850
1969 418
2798 9248
2944 5149
2864 9492
3409 847
8659 433
3991 9674
5347 1640
3619 7606
7873 1782
8946 6165
9072 7462
2573 4561
4065 8224
4828 9898
282 5640
7208 6883
9957 6347
3300 4086
7233 7009
489 7467
3790 1933
3878 4081
3418 6339
2922 4798
4313 3111
8178 6425
5309 5454
2342 4452
9360 3881
560 4022
9252 8984
3941 9697
1320 3126
8501 6986
1946 5394
5683 8547
4594 3391
2431 9746
1643 4445
9341 2481
809 1627
388 1257
6619 1353
9640 2517
5930 2880
1670 1074
4779 8393
6927 7289
2750 5092
6399 6827
3125 1681
9886 3346
2123 1072
7819 798
3952 9897
4492 873
4802 5764
976 6915
427 5103
2376 3203
3709 2251
4229 5101
1331 9444
5918 6018
9749 5025
9624 6691
7475 4546
1205 2715
1441 976
3581 7510
6271 7731
369 4564
2856 4645
4918 7878
8448 6320
7022 8072
4849 1800
1400 2035
7389 153
9057 7307
3299 5597
4967 6099
217 7333
7803 2636
3713 2312
9004 4140
4974 1414
4969 1579
5787 8276
5321 6057
9512 7582
313 5811
7333 168
3662 7562
5074 992
1596 2334
8946 4569
2624 3870
9049 22
3619 4947
5571 7034
8780 1247
401 4846
2757 8086
9371 5551
7655 2770
5465 235
4665 7380
8930 4783
9096 4064
318 7089
1156 2157
8917 1786
3766 1303
9242 9741
8290 4468
4552 3051
3340 2347
9123 5891
5840 318
9932 2697
6781 8679
5244 2536
677 8543
6082 1297
6004 8609
9718 5074
706 3042
4225 393
9482 441
8806 1037
7284 8204
5806 3901
2023 2623
2845 878
5614 925
3451 3950
8092 2032
209 8030
6230 7581
8182 5261
622 851
2305 8001
7269 1134
6963 2808
4034 7642
7023 5036
6341 5869
5141 1605
937 3751
8895 2867
2890 6505
4236 1249
6878 5819
5722 9426
2781 3332
1111 3814
1352 1248
4749 6722
917 5556
3115 3775
1065 480
7574 6411
8749 1804
9546 6596
8910 6850
4938 4532
5849 5742
7395 3525
8456 3613
5220 2886
7774 8645
2794 821
5271 2636
8587 3860
2794 6877
1224 4650
5734 2215
5875 1470
4179 8003
2695 196
3519 4310
1423 9225
9886 9834
4052 4400
998 2136
7258 7115
1703 6548
6940 3927
1894 1901
289 5319
2683 1234
2456 5137
5569 2154
6226 3911
466 8106
1571 9200
98 1634
5355 6513
3321 921
6923 2612
2065 8802
4570 618
8123 8489
2341 4607
471 7025
560 6523
3998 4299
7349 6843
163 1687
2842 4415
1471 2363
9378 6584
2594 274
1728 4168
1984 1351
4021 5273
6246 7908
9722 3429
2735 7310
3471 4664
3617 2129
5659 5149
1594 9372
1909 6065
3136 6539
1930 712
4807 6422
4936 9850
7271 5750
7399 2286
6371 2955
6485 2348
4705 2289
162 1161
5636 8898
401 2508
2481 2107
1313 5391
6796 8149
9786 9841
3110 6305
2977 7324
3909 5805
6038 5432
9083 8731
8561 5593
5695 9235
3789 4300
2339 7233
8144 8303
138 6239
9673 1107
6890 4197
8378 7907
6517 1510
7612 4472
6856 1240
6951 6523
8949 8339
5869 2143
9254 4874
2029 1917
3021 1613
9143 7670
3267 3625
2957 1560
2238 143
7033 6337
5073 2708
8839 3469
5904 1415
1385 3490
2510 8899
431 201
1030 8884
1664 3569
3152 8384
6551 8024
6552 5141
71 1062
8390 157
6376 8905
3712 7143
5755 2841
6420 784
6300 895
3137 3671
7585 1789
4831 6445
6883 792
3393 7932
1800 9543
3859 2859
9430 3404
738 7514
6271 9191
528 9678
7647 3263
6923 8876
5082 2362
3488 8456
9332 2578
3021 7643
8965 8149
2872 7934
4472 9143
7533 4268
9069 3538
629 6846
2914 9039
8494 9486
6953 1511
5016 9989
3815 4512
3722 7395
4188 9544
6893 6779
1356 2549
5762 7944
2721 3898
5446 7625
4744 5929
9158 1316
4259 429
8419 2377
9134 4593
7542 3972
4781 9273
8100 7712
7111 4519
1144 7596
399 5714
8229 5154
2314 5759
4982 826
6235 8761
4191 5621
7467 1443
5989 5265
3242 4672
7023 116
2787 6694
3594 9368
4421 5562
5360 3162
6301 6934
4630 1243
6908 4735
318 8721
6762 7683
5469 2192
63 5597
4365 3577
5709 8372
4424 5838
8259 5799
5415 9816
2654 1244
7535 7058
9008 2900
2703 9908
8365 7837
2600 3881
2786 3131
5933 2292
320 6068
8246 5531
5548 4877
2263 415
794 3543
985 5421
3457 5445
4437 7554
8667 2582
7085 2171
1925 2593
2128 5023
6223 7357
2488 6522
5589 7046
2503 9736
3288 7890
9194 4842
3822 55
743 2926
1460 6793
9485 7498
4342 9808
8639 8344
6500 2290
1387 2403
8212 303
345 9125
848 5521
2758 2443
4260 4659
858 6383
4868 2732
5843 4797
2447 3639
3032 7521
7534 7423
9353 984
8469 7908
4778 3106
815 3268
5011 7130
4276 4704
3836 5786
6504 5706
8110 6448
5648 2507
5382 3075
5602 9670
8311 4819
8934 7432
2121 8010
3281 6118
2045 4185
5935 9347
8562 1069
5114 1349
3835 6261
6816 3201
1771 3056
1236 7707
8105 8319
3040 7930
2003 6002
7158 9616
3769 611
1967 5750
6803 1638
3638 8776
7846 6267
655 3989
7553 2818
3020 6426
2427 1190
1501 4438
7908 4337
7316 9103
8297 9239
7993 9886
2506 7681
7977 7749
1679 3865
1496 7465
687 7824
8335 6562
7981 1206
9069 1710
8136 5359
6705 8030
470 592
3004 3287
8584 5478
920 6358
6955 5342
7980 5687
8897 7988
6282 4638
8185 6747
4730 7862
7097 112
4209 3186
8586 2327
8020 5969
3753 9853
4247 2776
6599 8875
3706 3846
2132 2282
4807 2645
9609 4586
1843 1018
1840 4567
2700 1277
5519 8341
2555 6674
6520 8218
357 7633
7595 1940
4512 7302
9667 7375
1011 7177
3061 3350
4062 8480
8238 5177
3290 6971
7222 1766
3052 1431
7190 8676
407 3142
6538 2052
9200 4704
7036 6333
8258 3380
9440 9070
679 3497
9525 7825
1024 7626
1345 8494
4459 8633
4228 9461
3421 1259
6638 9855
8260 9152
6861 5468
7516 2362
2195 5478
2416 1378
1342 8740
3676 4693
4430 3823
3203 1967
4465 6993
4259 5438
6795 2251
213 7100
3823 4714
3921 79
687 7870
5490 5939
3142 1987
7587 8385
8028 4938
3259 3329
4510 3301
1933 5346
7644 9682
4982 301
1121 7954
4568 1237
3459 1073
7601 3324
6052 4477
1236 9620
2181 7759
8255 1832
3922 1333
8553 3703
5620 9117
2120 7009
9106 7143
4769 4000
3542 9140
4175 6642
5890 8221
1699 612
2772 6320
35 4915
5369 4587
7402 3980
6358 3499
6356 483
9996 197
7104 4151
4968 5062
6655 8567
1883 9084
6928 4608
9100 7233
7765 2001
91 5196
7247 9377
6657 7271
8542 4683
9159 5410
4738 3227
2192 4414
7777 6152
133 2296
1207 3532
5812 7048
6940 3110
9839 4864
2072 3729
363 1470
531 2056
1495 1450
9795 8545
8334 8462
5563 8989
9131 5994
6958 1499
3078 4718
3823 6315
9013 4128
7673 144
3800 6336
4953 7119
705 7258
2742 8199
3828 7469
7289 3929
4631 3632
8769 8954
8026 2020
7984 6540
6450 9436
7925 4007
8539 5065
4698 443
2995 7225
8469 2044
7687 1684
7999 2105
4134 4443
3815 4913
2997 1080
8693 8388
1977 4359
5306 4833
9572 3022
6590 8990
7774 239
1792 7882
7200 3461
8456 8633
1467 6718
1226 9364
2403 2689
9820 2763
1168 4901
4778 787
6233 6219
3731 630
5939 216
1307 551
2064 6545
6290 9398
4126 8778
1136 9736
3944 3367
5411 889
9802 6861
7511 1587
6842 6955
5380 1550
5941 6237
4165 1537
7709 6101
2427 3112
5310 5425
1748 4348
9898 460
1228 4403
2707 4333
3144 560
8318 1638
3264 1532
2975 563
1425 6235
6352 5922
2213 4444
1239 6113
2760 6739
6253 3907
8611 8946
1426 7595
1321 1821
9023 2055
9452 6009
7722 1262
1881 9715
6011 1807
3757 2647
7838 3654
4701 7
5596 6801
5338 4557
3179 7684
5649 34
8249 464
1906 2118
7187 2576
7620 880
1092 8281
8085 4838
6162 221
5475 4400
5628 7530
7767 8010
8213 9043
3431 6851
3108 8715
9507 9915
1784 825
5908 7616
7144 9018
3774 6750
1802 8776
5297 1309
5996 4792
4448 7555
7210 7887
2408 9020
1965 326
8161 9118
4756 4521
8204 6340
8351 4151
4963 6876
4160 7395
6837 8877
9669 2952
3242 8721
4387 1948
6514 79
24 8157
4384 6674
4691 5867
4391 5710
196 8816
6620 5252
7515 3331
7893 3141
5355 9394
8455 6023
5752 367
9552 4098
9484 7862
2859 9157
6255 5460
2618 2291
4661 2895
2899 3386
9254 7205
7957 2345
5680 3079
5870 6162
9169 2151
543 2833
503 8844
1014 8835
2968 5610
5482 4630
7067 3365
5557 455
1416 865
6733 5849
3687 9402
1566 3118
8645 7825
4188 6780
9634 4280
1066 7653
4684 9712
1122 5222
1600 9845
8799 6859
7028 6480
5614 5462
4441 1127
2746 7036
6842 7625
9126 4948
9012 6017
8617 5737
4555 1060
5742 8502
5974 3304
2110 4602
5167 319
633 3075
880 4932
4752 5061
8365 6153
9263 5151
4497 9899
2270 8144
8114 2749
1109 4577
3217 2321
1890 213
1679 3185
2995 9559
3437 5969
5978 150
2002 7083
5966 7947
7115 9001
6848 6729
148 5315
1365 1118
3902 1396
3643 8518
1519 8885
2066 2390
5965 3184
4868 549
3304 9534
7696 7528
9149 8565
6729 289
5247 7796
3105 64
5625 1582
7888 2238
4819 1515
9240 1670
1039 4662
9360 7058
5339 4608
8980 3341
494 935
31 6891
1883 4773
204 9645
8400 8039
7015 4928
3620 3135
6820 3454
1126 1730
2897 4201
1447 7953
8846 4264
7760 2655
2532 8818
4063 4281
3631 8997
6530 4077
5099 2121
3555 2766
5942 7056
2850 7707
1391 7228
9472 3844
8743 6064
316 5063
410 8972
2832 8470
8928 1882
4950 8143
5123 9600
7241 3705
5188 3341
5489 3752
7817 3816
975 4415
9646 257
1528 2600
9433 966
1673 7445
9951 5242
828 8043
8923 3091
3712 1062
6364 7028
6770 7320
5515 9390
2495 2574
3149 701
675 2295
87 9002
2599 679
628 9843
3653 137
470 5068
3505 8965
2858 3169
4197 4884
3336 2954
5922 9302
3073 3204
1879 6528
6206 1540
8858 1663
7291 3116
494 38
200 8055
4192 6032
6330 8041
4995 6028
725 5201
6275 6279
5151 4092
9540 7912
2863 138
5967 7041
9795 298
1557 4507
7646 6436
841 843
5767 8278
5079 9993
9083 1471
118 8101
4665 5648
2003 6331
2585 3916
2163 4651
6874 9496
1699 4576
2980 7056
4897 6656
5270 7044
3343 3988
286 7088
2582 3790
351 171
6811 3537
3524 3582
9812 4542
8599 2922
4511 6691
5914 1961
7980 7902
1807 370
9917 2558
5676 9264
8389 9545
6031 257
4748 3150
881 3618
2899 5433
2261 506
2236 6215
6622 4788
5562 4596
8370 7622
6588 2012
5174 6912
9905 7886
9081 2792
1856 5029
1728 2019
6020 4616
7288 9190
2592 4882
6667 201
8137 1852
8100 7952
9141 1520
5715 6364
6464 9044
4676 3468
1158 1920
9054 7367
236 3883
4243 9439
684 8924
96 6998
4855 4125
8514 4398
7791 813
301 3142
5628 1333
3956 7829
6956 6037
5619 301
4499 5447
7984 2934
3797 6392
9896 1633
7194 2901
2284 4294
8239 4764
6702 1745
9874 3044
1599 1953
4386 4007
1132 3720
453 5798
3575 3822
3386 1646
4832 2898
1845 6178
7375 3486
6610 753
5972 8831
1312 1939
5497 1160
2522 8193
6145 1827
6912 7827
1517 1789
2804 4473
8211 8638
4919 5432
3373 9356
4463 7529
2299 2316
72 2841
6746 8498
1664 3091
8510 2091
7912 851
1311 7785
6717 7641
4656 3212
8739 8879
830 8502
7957 325
8246 6056
6500 2350
4156 5195
3512 2238
4923 2061
6486 1471
5891 7376
598 2808
1407 8608
5494 6540
9416 9274
5212 3420
4884 9973
3889 643
2026 6086
4453 5456
3641 1885
6335 7512
5090 5597
8082 4380
2833 3163
8037 161
7881 3277
2393 1402
7051 672
4358 4353
6727 154
2014 8340
8941 45
796 1207
2003 6032
4010 3469
9607 232
4994 2661
4718 3645
9514 2218
5461 9302
5003 6350
4241 4743
7443 1521
3388 2909
6398 7767
3476 9735
5797 5295
6382 5278
8813 5055
9800 1482
6973 9772
1304 7751
8140 4803
622 490
9923 8875
1196 6978
9144 2485
3177 8083
8382 7350
5706 9882
1686 1449
8425 4816
2055 3504
2668 1251
4593 4278
3861 6496
4244 3078
1394 204
8326 3196
7800 8645
4127 9040
7886 1670
6611 2134
5330 7494
3182 1709
1034 4279
409 5558
1114 9485
3303 3990
5583 8335
4527 6893
1978 7255
9673 8344
4485 7199
2833 8335
8758 5834
856 3309
9410 8310
4444 2258
2678 5907
837 3199
7098 4543
7005 3478
697 2000
8973 1891
4928 5244
6346 9250
2796 846
3740 7845
1666 806
6786 1260
8345 2578
7485 8932
9056 7348
1578 7780
3851 6525
8442 8750
1382 1405
7029 1858
5386 6835
6912 7683
8346 9202
4356 6331
914 6959
6327 514
6065 5105
3838 9952
2067 2075
6019 7182
5663 3677
4127 365
1308 9945
7846 4952
8216 5878
9768 2343
8802 957
3089 4922
6121 405
6012 4413
7944 7361
4233 5789
2553 1819
4430 7213
7287 4305
632 4546
1150 8001
6499 244
6967 2262
3586 667
8054 3033
4544 5127
9069 2406
8936 8406
1103 6458
2953 2884
7859 5048
7122 9420
375 9564
7600 4437
2357 8683
1714 8647
952 6621
9687 6309
8312 575
4429 6475
7595 1131
9871 2306
1001 4548
2615 3813
6871 5157
7152 340
1837 2583
5146 7657
6753 743
620 7657
6290 3941
971 4434
9474 9564
9637 1776
6734 931
9133 6291
2885 491
1168 9426
8483 8123
8196 2951
7049 9846
7732 3113
7292 8622
1981 4733
113 1402
7161 8093
7482 8651
9615 8838
6311 6199
8365 1682
5847 9076
4172 7955
4724 8088
8022 7365
6372 1435
2 7693
3742 1563
583 4748
6616 866
3133 7750
5993 72
6777 425
5597 6304
2170 1889
159 1055
2805 9134
4218 6833
2047 2183
4164 2111
2593 8558
2014 9041
5316 5549
614 1639
8222 8584
4906 9620
2676 2763
8802 8779
2428 8643
1088 7509
8923 3307
3597 6207
5016 1276
6364 260
8337 9268
1212 2727
5992 7433
6492 2107
589 4119
9765 5757
1929 9925
2766 2266
8941 9732
1761 1614
6602 9638
4213 8200
9239 1868
5222 9355
3269 1827
4710 5140
2064 233
8765 8780
3022 467
8302 2006
8571 1810
3142 5914
9671 8417
1988 2414
1946 5396
1039 2975
5444 1740
515 2100
7662 4106
5038 2582
4287 9565
9532 6255
5682 4697
1252 137
7145 9726
4563 7087
1818 2144
1373 4221
7395 8522
742 9181
1290 5284
6888 8762
5402 162
5735 2734
7105 8094
4501 9482
5797 1123
2499 1518
455 6190
5719 3101
2102 1560
2610 5596
3199 5381
5826 3203
6177 70
7359 1847
1271 7967
6448 3910
4438 8468
4708 674
6515 2104
7241 2573
2880 4417
9356 7316
5626 4349
7603 9116
8150 4922
7527 8152
6580 1491
3373 1226
323 8244
1099 9624
6849 4449
4756 759
6743 9224
9543 4086
3036 9098
3519 3714
8090 6466
6850 1152
8945 3040
565 148
9028 8301
4049 8194
3505 3315
4909 4411
1872 7088
1873 3562
6256 6370
7454 9523
3676 7319
8174 7992
9292 5757
2502 5794
4838 6038
4183 223
4519 3728
2135 2253
3942 1751
2311 2779
7696 5520
4773 8952
6404 2916
3181 6023
9372 7849
4992 3313
1640 2753
9704 6048
9005 6067
579 9548
4899 7859
5505 9042
2310 9839
8743 7307
1303 600
6285 7671
6792 8978
402 5837
7577 4782
307 9895
8786 6943
6286 4676
480 905
2908 6946
4335 1543
1420 1858
566 4106
4585 7886
958 9721
2344 8330
3397 9778
952 6596
4248 7549
318 814
9220 798
2616 4599
82 3291
8333 2512
8731 6672
709 7893
6157 5151
7896 3822
2063 6567
2237 3308
4966 2899
3609 5093
3245 1415
8395 4993
1639 8426
5976 2378
8653 9905
7242 311
6864 4892
6700 281
3536 5036
465 9080
1209 9027
9430 9993
2333 1501
9742 2667
8503 9462
5912 929
4459 9106
9382 2934
7610 6271
9725 2644
1523 5847
2533 3893
5377 8621
1134 7686
7662 123
4605 4566
5962 5687
2247 2332
5039 8903
7065 5141
1196 7603
1677 2496
1828 209
2222 3683
753 2932
8248 8642
6602 8390
4721 8551
3096 6309
821 230
5161 8230
9122 4896
3782 3839
4724 2695
7800 6760
95 7070
9247 4388
2949 2414
1202 3450
2514 8854
286 3502
1922 466
1367 4080
2876 622
5699 6994
3451 7410
300 8288
2643 7926
5728 853
8244 6128
6756 939
4263 7366
6358 8153
4675 5516
5963 9730
2476 9896
8851 7040
46 4897
9161 8747
9418 1928
1141 7973
3843 3837
2012 1748
9301 2831
3881 2969
3149 9672
9303 5479
2205 8243
8970 8932
5501 1438
4065 8879
3918 6566
8794 6743
2725 4162
5509 3735
9313 3944
5956 8617
2082 7241
6757 6715
6237 183
7860 6599
1745 7013
9014 2493
7983 2070
4857 9524
9085 7035
9314 7355
2561 2714
190 3691
719 7075
5121 2126
4708 3454
5770 409
7184 5689
5724 3168
2037 9429
6109 2890
9101 1268
8959 6464
6512 1257
2791 7761
4468 4906
4642 3743
475 556
2229 5089
7901 5487
1986 5872
5866 8955
8194 6861
4427 2405
6762 3073
1614 1647
1333 3052
8078 5607
4856 2211
2768 5928
4352 5390
3338 409
5239 3440
6054 3608
1406 9252
1337 5709
2495 1182
2687 7882
1849 9139
646 8206
7560 8923
6167 2195
4304 9391
131 7283
4060 1603
4753 2270
165 4381
4960 6482
5509 1705
7054 9814
6083 7635
8509 4972
4550 9210
2367 505
9790 9320
787 1634
9095 6082
3966 5882
9209 8706
9822 6023
4534 2123
3894 9599
4214 8570
2218 2872
1588 222
1667 1487
9246 7432
8441 9581
1594 2263
815 6179
1429 7516
1309 3543
8108 7958
6289 213
7123 8105
9886 1266
2507 1221
6042 9469
6798 7548
9022 6474
9618 8688
3201 3255
9699 2786
842 845
9540 7121
4561 1532
4775 5707
342 2272
570 9547
8859 7497
1036 6161
8214 1581
8877 3498
9492 3940
3145 1764
7040 7347
6326 5277
1391 6556
7634 7052
9845 2744
9509 5544
2144 1573
1080 7065
3657 7266
6611 2248
733 8219
4732 2930
4185 1950
9595 122
6608 4124
3951 652
1030 1158
4657 8381
6222 6780
1488 9638
6633 2289
1285 9275
3340 4888
299 7820
3602 4436
4622 7347
5062 7479
7992 7927
4277 1694
2875 3596
114 147
2773 380
4640 2493
1501 3016
9945 1210
9336 2126
3713 9855
327 2777
227 4333
1105 7047
2222 2547
4625 8544
2757 210
1376 6704
9320 6199
5065 4046
3361 7814
9342 5827
5923 9101
6611 193
978 3806
3733 5243
4969 9339
1915 9952
5306 9578
9292 6721
6588 8422
5064 1291
7240 1316
8702 7930
3457 1822
391 174
6945 4008
9620 4897
6424 6865
8857 2259
5911 2820
3015 7545
2142 9549
6381 736
6187 272
6595 3966
8644 5130
2596 6795
8333 5981
9746 8280
5287 435
7603 9982
8175 9010
3106 3343
2401 1973
2213 7522
7934 535
5346 12
1229 5116
7627 1718
5636 2571
6969 7360
6777 728
9384 4645
561 4204
2669 1737
8125 6512
4899 6952
5522 6286
683 9071
5206 7994
6468 2608
41 3182
9864 4359
7430 5133
9004 7720
6093 4535
9389 8387
145 4427
5204 2187
6076 6015
441 8354
9214 383
1034 436
238 7720
7533 8224
5922 8152
2789 6458
1185 4225
4527 5020
4917 1635
1420 5900
5983 5746
9748 5491
4410 526
3174 9958
3296 9963
2443 2786
4787 6276
4812 9908
6806 7583
4371 5868
452 8383
6108 3353
5753 7044
9678 6486
4498 8829
6170 3008
7923 7902
3771 5223
5812 992
1980 1164
9877 8192
6959 774
1009 8179
4067 9253
6288 4730
5465 5067
1970 839
2020 5973
2331 7849
3008 3954
4614 8709
2943 781
5012 2249
1304 7779
6537 1178
1651 7661
6782 1915
6183 4747
9464 6476
3099 7050
4026 5795
9605 6302
2579 5559
5718 4132
9694 801
2214 9748
4471 2256
8279 5979
7894 87
8981 8758
7294 1264
5879 8633
2495 90
5927 313
3512 9718
7549 6002
7924 2821
8213 2626
7560 357
8682 3282
8517 8800
5360 7845
3826 5504
9620 1083
8077 7538
8469 8059
470 5389
7525 3857
6523 7836
8225 5537
4921 797
4252 5812
2308 1168
7786 699
8286 7178
3304 4631
3601 3601
5383 60
8817 8153
6030 6409
5724 5
5628 8155
3419 7392
5103 747
6576 6237
6242 2550
3082 6087
6782 535
8052 9448
8305 408
3518 9335
7821 473
2559 8525
8473 5413
8968 9398
2288 3865
6680 5566
7001 7788
8011 939
781 9018
7580 1233
7280 7428
5421 2626
5629 6226
5253 857
2655 8691
3507 9961
1098 8244
5614 6089
2922 9403
62 5157
8604 8388
648 3539
7445 6507
5576 9614
7820 7570
2895 9663
9890 8526
7137 984
7942 3417
4443 1296
3509 4580
3363 1339
6940 5902
9721 1476
3984 5692
6382 4093
8513 3688
9232 3419
6421 1772
1439 3680
1672 7249
9199 6732
72 6694
3963 1675
4225 8148
3260 1235
7556 714
2939 5449
845 943
2534 8385
2838 1070
6700 9053
5559 4763
9234 5018
8220 6497
1972 5806
1355 5688
3042 9446
1018 9272
4195 8667
50 8509
7637 6391
9817 244
2675 8728
3438 251
1727 4477
4334 918
6632 4889
1177 4830
3559 8257
2471 4176
3707 4836
1560 8649
5150 5617
396 2979
1768 9247
4649 9943
7068 9893
5320 7875
7139 7366
4200 4753
4997 7124
3500 9995
7200 9487
27 7490
3505 9263
8856 152
9121 1568
85 4399
3609 3761
3203 1209
3479 5649
1332 9410
7667 4695
5174 6749
7097 7403
8622 3976
9966 8814
3638 2611
764 7837
4775 2007
1423 7247
5479 9222
9194 8694
6329 6246
179 5053
7142 2891
8733 1811
5627 4213
1207 154
2486 7457
9425 4307
3103 7184
1431 2834
6009 1999
3698 8330
4003 3534
9213 2230
7832 9368
2433 8946
5877 6038
5171 4682
848 6431
3175 6055
8708 5106
4128 7023
7904 4420
6521 8761
1768 7891
1837 848
8990 3352
5415 721
5454 9076
599 5440
1411 6163
3391 535
4928 4115
7735 2008
471 66
4556 8299
5256 5394
7052 4673
7044 9719
169 7522
6092 2795
8586 8418
85 9864
1782 2104
6706 6485
2637 9056
1647 9357
7747 9509
7812 2453
7271 2765
989 8962
2434 8804
7740 9976
214 2096
3141 3549
6309 575
8413 1689
3684 6181
8288 712
6097 3089
2955 7371
6721 6935
913 7227
9824 7043
4834 8212
6210 2332
481 4668
1844 339
530 8356
8347 7772
7097 2869
3054 5820
6006 9533
633 1654
7229 4836
8336 3245
1560 5
1640 4587
8183 2243
9104 9436
2605 73
851 358
2834 2862
9612 1121
8064 6344
7426 3506
3525 3754
2369 1816
2657 1211
9540 8152
956 5950
3914 9331
4260 9511
8427 6086
6168 4254
3691 8624
8348 2291
8435 3891
163 2934
114 4368
5040 8748
5209 6890
1960 1754
295 9687
5968 4662
6162 8729
8178 9053
5541 7461
5756 8225
8799 3553
2143 4126
3248 1138
4591 3877
1811 4493
7688 1293
3434 3695
8415 9735
5902 9440
9151 4076
2008 3435
913 9854
2748 8679
7722 2326
3499 5321
5680 5260
4403 7236
652 4557
6875 9718
3280 1104
9507 8102
3143 6348
4327 7084
3293 4205
1568 8708
5618 7952
2214 7700
2571 3578
5101 7666
4050 458
2569 3625
5559 5442
1575 2601
5841 2762
7034 660
3801 3673
7510 3747
9409 1554
2688 7904
5690 8250
4969 8642
1763 5733
8266 6165
1426 4784
7309 8304
7340 2965
2069 8982
7270 4958
2517 1362
5057 9524
2480 4152
8380 1514
3293 3533
3424 9703
3906 2359
441 6954
2572 512
9910 4592
3220 7698
9823 2220
4243 7679
8489 9606
2273 66
1328 9137
5349 9548
6193 8786
5337 9590
3263 781
9519 1212
4940 9827
490 760
2696 9139
5341 6735
4986 1138
9152 2854
5648 9916
8824 163
7218 7454
9001 8194
2526 1565
4901 1310
2217 3548
7474 84
3242 7357
5207 4869
3585 6055
3223 5250
3397 8139
6590 9707
8224 4067
9922 3845
5570 2860
5660 9793
5041 1492
6671 1162
8681 541
4015 8833
6462 7235
1509 9967
2091 1606
9215 4945
1293 6616
1658 1594
1106 2962
7091 5878
5462 1675
7107 1192
1691 1169
5395 2055
6951 1745
8549 9826
1295 1683
691 4554
6684 5454
5104 3363
4045 3081
9850 9671
3192 9453
781 9884
4635 993
4358 49
8248 887
334 3539
6706 9644
2806 61
5338 6231
1086 4646
2624 4333
4094 7274
8115 1228
9787 4375
9509 5218
6224 6707
52 1771
3845 5356
7813 888
6576 8171
1031 3822
9817 3843
9656 5830
2437 2113
5709 687
9813 2875
2961 2504
311 2505
7715 7768
638 6294
2945 9752
2258 9983
9067 8077
4679 8070
9477 2058
3791 3553
4327 2269
7496 2766
5950 8546
6361 1986
8853 250
4067 8812
9380 9697
1101 4329
2854 3162
3986 2304
5798 3751
48 3794
6466 1152
4948 3707
2801 949
9189 7593
1605 1863
7356 9238
8169 5941
843 779
6990 6485
5753 4938
6764 7144
8053 4915
864 7816
3533 4194
3337 1824
7891 2580
8050 3659
2493 6945
907 1899
9319 2605
3438 9983
2972 2805
4919 5107
5235 2623
9589 1877
4507 2112
9413 819
885 704
3004 2485
4903 1135
994 1390
4775 3905
6849 6337
6295 9960
3627 2624
987 9175
4638 5970
1223 1337
6530 973
4313 3114
7692 3458
3355 1756
4296 9422
1856 8255
4203 3771
8849 1725
7788 7318
9721 7458
8114 3385
4329 5295
611 4248
605 3693
6784 8101
1760 7367
5230 9570
7789 3455
3460 9934
4369 2385
8442 1618
8089 8390
8607 242
3767 8227
5992 1166
243 737
2256 3157
7557 7805
2065 3903
8309 1828
4591 4602
7875 932
711 2479
9016 7786
7830 3279
5969 3165
8838 3470
9095 4436
5000 5013
9198 5013
9335 9884
1095 2321
8104 4031
7742 7383
5445 5799
6661 5223
4082 2968
5907 2439
4262 7473
6387 1689
1461 853
2149 4218
5417 2555
7652 8028
8158 2756
5518 5958
7847 5514
1396 2507
5198 7179
9379 103
625 9772
2806 6132
4627 3826
9163 9524
6940 6995
789 8521
4375 9280
5485 599
5643 9173
9378 1483
4818 8731
9832 7537
7427 6871
9119 2744
5595 6806
346 9446
6295 4559
7370 7939
924 7722
217 7074
4810 262
3754 4776
808 5415
2544 1112
455 591
2867 486
8292 6192
7915 1478
5640 7616
2620 3383
523 5938
7497 9006
2312 2892
6227 1616
38 3007
6396 8645
416 3482
713 6689
6265 8905
5192 611
3911 2063
8210 7470
2618 8839
2476 2782
7996 8001
8409 9300
8092 5475
6133 3722
3279 3430
955 8551
5804 9754
5057 8447
5943 2076
4464 5345
122 2248
6503 9220
2966 6602
1650 6485
5583 6624
5923 6242
1584 2275
6501 2369
8665 4154
8066 7402
4805 9596
7195 408
6347 1139
7310 4335
7230 3223
1867 566
5954 1960
1325 795
6476 3270
1525 6852
9247 933
3272 3537
4150 2948
3975 4053
6248 375
9688 1268
6904 2510
4376 2811
5866 4971
7294 3570
6044 2962
2147 1598
2198 3396
1058 9455
5297 5157
2735 6384
7716 3364
9737 7961
3161 3874
7012 513
7777 5290
4283 1539
8523 6478
1570 5285
118 6221
9367 1346
3685 1779
3850 251
484 5305
3822 4731
7553 6457
5363 7525
7796 597
8786 266
1377 4029
1298 5057
1480 4782
8274 9377
4903 1418
1821 2647
994 3685
8869 8004
5483 9837
4317 7551
865 8999
1127 1021
7121 6857
343 6773
889 256
6227 5281
8781 9374
3799 4845
3271 7311
6579 2192
2727 2140
599 908
1822 2962
3596 7927
5312 2423
1912 5688
5408 9979
3951 960
8041 6354
8347 6417
3824 3903
5019 5345
5220 5984
2090 2486
345 6064
6127 7115
5772 9691
8738 7293
8431 633
9034 5050
7562 7751
9079 6213
8799 3813
7294 4328
3396 7930
9380 5734
5964 8746
4160 3179
2946 5069
9591 8535
267 9061
6548 2582
6674 9621
4024 162
6837 8851
3767 1037
8911 2760
1027 1828
7065 4048
187 3800
8675 7664
5623 4373
9819 6614
1787 890
7197 9132
1383 5739
2093 4494
9547 1807
2202 9622
7763 3015
176 2508
3728 2560
4464 2237
1050 4711
9454 8282
1677 3525
1182 5756
2458 1458
9037 348
7312 5047
9796 4956
6748 7991
6958 8262
9459 8067
4053 1964
1194 3704
5324 995
3280 5634
1233 3950
7828 197
2341 9825
1057 4026
6262 735
7631 2097
2705 3642
5181 4696
6121 1264
6339 8466
896 5946
4062 5492
2175 1222
6909 2216
3247 9446
4943 7544
317 9168
1817 5976
8517 6382
1944 8292
9094 2080
5782 1993
6767 4227
9675 4903
7715 7103
6552 8031
4952 5957
5365 3527
3845 1994
2036 4799
6952 6099
2078 6989
572 5399
8025 2031
6905 7924
241 4452
8116 8523
6496 6344
1232 7582
7696 3113
4912 116
5627 1275
5741 4433
382 8306
4989 9674
4600 1513
289 3050
9182 7803
3093 6144
8754 7343
9563 6141
5412 2477
5389 9719
8465 2346
2100 8188
3709 9277
1623 4883
7132 6501
9927 3630
5891 3087
6019 1757
1344 8969
6493 4096
7371 4413
5404 7295
2465 1935
7678 5701
9601 3582
8030 4291
882 9268
6358 1766
588 3569
8718 6258
8913 7816
9927 7305
7060 3795
4021 644
3146 4285
3998 1080
2142 8496
980 493
3489 6242
2845 7851
8580 4468
3911 5166
9541 8703
681 7401
4125 3703
3925 4486
2138 5948
4896 4951
3980 6916
7310 6267
5544 1897
3835 5653
4866 165
3711 6564
8375 3776
4940 1671
44 1422
7933 7043
3221 1594
7532 2637
537 2533
1706 7940
1839 2595
4894 8468
6118 7830
2397 6769
2121 6354
3933 6823
6775 712
6564 7541
4798 2118
7223 5406
9647 3279
9013 4127
5607 6883
1586 7371
2224 3815
1634 5779
8231 5933
6870 1081
3353 4378
5549 215
6545 2443
2135 3408
4695 3606
2056 1700
889 669
4980 9871
2439 2724
9695 3369
8518 6894
1415 6175
5053 1435
7906 1379
5573 4595
7529 3765
1041 3531
5933 8878
6930 4095
8387 3295
7223 1981
5962 5390
6092 2436
4847 9635
1 5518
1972 3642
7470 2657
7733 2263
4953 4856
4119 529
7981 3101
5183 5212
9823 7800
8439 902
1118 3086
3117 9250
4843 3312
3714 2675
1224 2054
7685 9285
4342 7127
2878 6694
7053 9365
9220 5779
6000 4130
3100 675
4044 1009
2584 5754
5893 9782
1484 8936
8828 6653
7656 7670
3174 9656
4333 7758
2070 7259
8220 8104
1615 2948
3800 4953
8507 4927
5351 3173
8054 3995
2432 8447
6906 8827
2642 2786
5634 7635
3339 451
8334 5028
5868 457
5052 927
7655 5575
2584 1263
807 642
9655 3067
630 7796
913 4241
4523 7150
7881 9943
2361 1669
2034 1361
7651 241
7500 2576
3884 2642
677 368
2353 3437
3977 6968
8106 8353
9582 573
3229 5085
888 1179
1822 5374
1868 7086
1610 3935
2216 5418
4941 9176
153 374
9594 8210
795 6899
6683 6859
9316 7563
4337 8932
6063 1549
7069 9923
820 887
9338 7610
3285 4491
1411 2322
2607 890
7047 9028
2172 4616
9801 1413
1629 3646
6319 70
5565 8262
9672 9259
5632 9688
7267 5082
8280 2131
4207 7104
1567 6491
6158 8720
9316 249
609 2207
677 5645
3432 2627
9783 3786
2004 4175
9416 1794
7826 4417
6838 2805
8739 4201
9224 3874
4154 8462
933 27
3262 2536
1105 1276
7296 4254
7966 4479
5827 9315
8243 5877
4959 5321
6401 4578
3350 6124
4658 1158
3250 9307
75 5932
3573 116
2983 9812
6924 7619
5860 7357
5005 3017
681 4005
3957 7495
489 7018
9178 9531
7735 8286
6199 8879
7998 6117
7394 5339
2007 8268
3660 6404
7722 2426
3348 2081
7917 5452
6440 7505
1833 4610
4715 4084
6341 1516
4624 3235
7354 535
9075 544
8390 9121
6045 317
2742 2311
9901 9103
5582 4625
7304 1786
5499 3157
8432 540
6568 9192
2695 2311
3113 6024
5024 8591
9382 1543
7137 6853
4230 5687
1778 4472
2126 6375
2588 9669
6824 1302
7234 3563
1244 3032
2596 2603
4007 7930
8169 2236
5337 1150
4508 5793
8521 4134
7991 371
3622 9413
147 7889
7959 8634
2434 2790
6512 1281
8297 9437
1689 7792
4833 2524
2832 866
4371 2666
7805 5467
3323 1227
5072 2520
2606 8266
4409 7943
399 7525
4885 4967
7268 6013
9316 2622
780 811
7583 2463
5882 8640
4135 5840
1131 5827
3851 6537
9742 5379
2035 7809
1243 3986
3358 3344
1645 9153
8719 6315
8512 830
3635 5124
8984 7912
9148 4285
6538 4158
5955 6730
4917 121
1317 4220
5078 8844
9148 2857
6010 109
3823 1778
721 8988
2289 5702
4253 6067
8821 511
4831 6709
4871 3537
105 1701
2855 7106
5348 2376
7514 588
7789 6070
7066 8653
6615 7628
7309 3318
8585 3460
2121 3901
4236 7066
3849 2188
3222 3257
985 5560
311 188
1852 3127
2463 1545
8690 5245
5209 5397
8366 8787
9690 1491
4366 5125
6351 1087
9235 5197
2546 4369
6875 3905
4402 8141
4219 6311
9148 7473
572 8905
5703 2496
1957 3944
6037 3165
3663 4309
8363 8279
3978 72
4106 7027
6296 7001
3921 9609
3292 25
1876 2983
4337 4839
944 2740
8983 8342
9981 4562
4039 9037
3434 2562
3357 8797
3194 5770
5499 1670
431 5209
7398 8138
2055 7283
3472 9688
7801 7895
8723 751
2006 2109
9867 2285
5675 3615
2981 834
3940 1103
5545 5493
5569 1923
3899 2968
6355 8981
4284 483
996 6502
3186 1943
3870 4989
4639 9849
3954 4725
9073 771
1625 844
8493 9250
7477 3806
9076 841
1059 3470
9155 8599
1456 5691
9304 9551
3332 9725
72 825
8952 7851
5443 6987
9148 9360
2801 6270
3991 595
1162 4719
1018 1700
6403 5101
4256 4073
4431 6410
4328 183
8754 3680
1820 3152
3961 614
7182 9555
1290 3461
1052 2633
7387 4119
3031 7064
7154 2237
251 3128
5449 7552
2730 1520
4663 3664
2493 6049
7883 3430
8664 2938
3579 5408
6001 7187
951 4900
7488 3799
4902 2331
4989 9145
4629 9025
2232 1382
78 9872
8025 434
3675 603
6697 8116
2076 4916
588 8677
622 8382
3598 7862
5898 2241
2443 3823
4109 6922
5895 6318
7358 2164
7202 9667
7008 5092
8439 4350
27 6926
2187 9161
3730 8220
2690 7645
1908 2379
4951 6227
8180 917
2841 3646
9132 3021
6577 2293
1141 4407
4297 2463
8200 9153
7750 9567
9577 8623
7294 2794
1958 4439
7047 7188
9731 1254
8769 3740
75 3116
9680 742
6915 7388
7235 4693
5702 4006
568 1226
4301 2846
8912 7851
2402 7359
4516 5847
6892 1725
2350 4481
7716 6614
3249 7752
5010 7348
2893 4583
9321 5523
7839 2738
5351 920
2529 8439
5978 1589
3565 3116
9145 7748
514 477
1421 7031
309 8361
6343 6863
745 7069
4215 2728
8811 7444
670 6094
8525 3096
2956 8689
9207 3598
6703 3210
8709 359
4380 6175
2612 7583
2329 2150
5269 9859
8934 5424
4091 6428
1226 3528
8619 4350
456 5662
3487 8200
5902 9632
1080 2726
198 9756
8823 2259
7872 7194
8566 596
3093 6481
6266 7218
3094 6291
3238 579
8071 996
1251 6236
715 9716
6642 7504
1296 377
993 9633
882 102
52 3566
7910 2629
6583 7226
8716 226
7744 4529
4938 2033
2767 5530
1438 5949
445 3026
4193 7725
9010 8108
2186 8731
5781 4800
8192 8557
4515 9103
4725 1689
3638 2923
2802 1335
1998 8308
7246 2881
5787 2335
336 7362
8216 5615
4071 4133
6822 6990
1652 4926
6447 4404
452 3201
2005 8399
4087 1903
3221 430
3348 1990
9326 1254
8937 3443
3387 1164
3078 2838
3212 4034
397 8905
1008 7649
3560 9485
7840 9432
8928 3164
2811 6118
384 5905
2 1675
9881 6663
6571 9003
3137 7309
8573 9894
3900 9862
3027 8718
5547 2118
2834 1603
2596 8689
6086 8354
156 6072
4635 7712
9970 8593
4152 8254
13 3256
1493 3090
7482 754
9251 2186
7880 1946
2426 893
9270 8986
2545 8926
2207 1405
8775 7214
7885 1049
7221 3489
293 3047
3732 9496
1542 7653
1652 8036
2015 280
848 7929
8508 2672
2516 5370
9944 4690
7366 1668
7733 4382
8043 9244
7652 2748
4011 227
7410 2558
5511 3642
4798 5
178 461
6906 9668
501 7172
6524 7963
3211 304
2303 5352
4185 1806
9927 5210
2786 7416
3135 6947
8262 2171
6740 4235
8002 5535
2422 7359
620 7067
4944 5790
5713 5906
351 5071
2527 9587
8608 4284
1569 3681
9274 2428
6304 1282
2956 3082
4771 5142
6489 9914
9404 1993
343 207
8368 266
8906 8561
8712 1835
2660 3370
6188 6486
2573 3699
1826 5362
166 7523
9435 664
3420 4146
1181 5943
3125 8981
7285 6468
8855 6726
4697 5819
8494 7484
5149 3617
2032 9637
9502 7500
7661 6328
4685 1923
364 7819
9917 4346
7051 5472
347 5351
5198 3561
73 9639
5623 7774
1859 1250
1286 6738
3130 4947
6604 2960
298 4161
7743 2218
4413 8468
3702 1783
5912 3835
3849 838
6818 1367
8994 44
384 3358
4186 4373
3317 2637
2294 926
2872 513
113 1993
6186 3856
6624 2252
9900 2960
1178 3091
6818 5053
5725 7773
6129 6883
3378 4079
6511 6398
5479 7743
9075 9762
1155 2052
1988 8555
5151 3935
2049 1166
5325 6744
9196 3764
3494 193
7996 8028
5181 6635
7953 9491
6692 4174
5495 6485
5446 2679
749 823
951 1830
6334 6441
3891 7221
2329 32
7777 1932
7867 4727
2859 1256
6161 7600
8545 9337
1040 7527
8377 4668
2309 1091
5421 4448
5305 274
9206 9044
1627 3721
6225 3612
564 1555
4261 7733
2711 5702
5567 2424
2546 4354
9722 1475
5116 3172
7340 7049
2148 862
4938 1907
3065 6912
692 2350
7490 2019
685 2092
7341 8089
3915 6295
4514 7542
5318 9633
2746 1155
5581 8974
7900 8743
3656 8077
7236 5564
8081 3380
9676 9598
3436 9564
6670 7186
4596 3437
1399 4417
5089 2128
9360 8589
5827 6825
1061 29
6426 8536
4557 8973
2264 5067
5116 3371
3690 1814
2952 1944
8651 5259
9791 5954
4984 1829
8945 5261
2684 4500
3255 9995
7841 26
8782 542
9234 6939
5276 4824
4223 8647
8879 9235
5316 5244
3791 1281
7077 3527
3572 2975
5436 5417
9994 6677
5552 6171
9980 2161
6336 2534
4687 4210
8743 5014
5510 4344
1908 9437
9426 3732
7288 9322
4776 1516
2109 3902
3712 3218
2683 8385
1016 3637
237 9890
4831 119
3192 2538
6677 1263
806 8476
8354 7757
1183 9782
1539 2465
7762 5387
1360 7464
1083 6398
9008 1631
7328 7623
500 8065
1699 1635
687 5448
8161 5056
360 7607
4535 4950
4845 5739
7037 4982
7433 4839
7478 1744
1398 1871
2640 2512
9951 647
8183 4891
4322 6614
5878 2043
6967 2475
4888 6411
6400 8231
4018 7747
7626 9415
7211 6956
5496 1116
195 7965
7574 1590
7830 1076
161 7901
2308 3269
7166 7446
7657 4222
4652 782
6892 5870
5213 1893
7801 7087
1229 2274
8283 6540
8330 4818
7686 6954
2537 3802
6890 4604
2440 7056
4358 1905
9702 6847
2977 9661
7536 9694
8850 6361
4548 5770
5150 3350
5815 2347
2613 892
2913 4203
8942 6652
5709 5292
6541 3160
9102 4516
5604 7559
926 3985
4256 7643
4538 1329
1204 8786
9457 3770
8989 1510
3697 8349
4171 7640
3406 7648
8323 3781
2602 7863
1616 6748
7763 2747
5859 7372
8806 8814
7869 6028
5286 2508
3183 3807
7887 3164
1881 8992
148 8596
2264 664
7278 2183
322 8754
5583 1438
6295 2583
8217 1169
9842 2401
6338 9919
2505 7316
824 3191
1010 2399
3467 7334
3026 2683
8694 276
9241 4199
4345 2544
1046 6311
7137 5049
5444 8251
9372 9195
5539 589
4222 9834
7367 6304
6971 3982
4923 8742
4110 8146
8160 6216
6336 8274
7678 7965
2014 5595
1168 3394
3328 6672
4209 8254
9137 6585
8282 3520
4721 9495
6063 639
4106 5156
586 9054
4598 3138
4262 3402
1870 6548
4931 6138
337 4889
6944 5962
8366 2874
9549 1590
2716 987
4899 1710
8840 661
3810 8023
8529 8477
6970 3779
1561 3264
9848 2010
8435 690
4436 1729
7685 1524
4130 9319
1053 921
5445 8039
7300 9063
2150 1605
2356 9083
7395 9078
422 2192
6915 66
5663 2431
9871 8608
6181 9597
6531 8236
3773 1497
3032 9287
8564 2693
8705 8191
6237 3381
8081 507
9571 1559
5985 5778
8509 6156
8414 2431
3191 518
7213 1733
6494 4385
7290 7408
2462 1439
7735 9583
2095 2917
2680 4582
1590 1872
4459 3761
8243 7963
1553 7892
878 4494
9867 5908
9210 3254
7279 4937
891 6603
3608 5575
264 2599
5630 5958
4407 255
5662 3487
3188 7937
1692 508
7555 7314
5205 2373
9919 6363
6035 2851
5443 8569
1847 1245
890 1629
4425 8638
3546 6195
4448 9745
3163 8826
8265 7469
4389 7953
5589 4946
4910 5670
8033 8236
4550 3457
8178 1570
1231 7226
4751 984
5958 7251
3095 5702
3188 7768
9804 186
6460 622
6204 8654
6373 1372
6220 4137
5228 8382
6499 2711
7642 1320
83 5382
9942 553
5713 6492
6456 7419
2777 9783
9003 3038
2412 5934
9642 3979
2501 8093
3109 5455
5210 656
990 2518
8099 7528
9187 1699
4725 2076
6011 9951
1069 7155
7340 5709
4460 4913
6369 8544
7554 3808
1795 6173
3310 5057
5521 5166
2173 853
7234 9913
1605 6699
2395 9458
246 3743
3944 2921
7547 4
6760 566
6506 6391
4123 9827
557 7579
1973 5999
9344 8110
6041 8234
6724 3248
9703 8729
4650 3239
1588 494
3791 9183
9439 5978
296 3752
1319 7575
5030 4763
3718 129
72 9173
6371 9852
1127 5362
215 5591
8208 7986
8372 8284
5132 2762
4644 5437
2467 213
8468 1423
1089 7671
1211 5492
5785 313
4823 4760
4007 6576
314 662
4011 6039
2330 6177
4363 9154
973 6132
902 7547
2407 4810
4146 4722
9048 7868
411 596
9326 339
2423 6846
4447 6520
8315 4498
4180 6732
855 113
401 258
9307 2062
1410 8649
7490 8512
4903 6296
8567 3531
4053 8786
8768 1095
3901 735
3136 8962
6541 2215
4220 4965
8593 6597
3002 6777
7255 5348
3010 3853
7873 8753
3671 9027
4499 7042
3396 6777
3187 4346
1722 2725
4620 2800
4509 5503
2468 4681
8743 7827
9467 8531
9263 2343
3599 294
1718 6354
6816 2655
8715 5354
3037 4902
9640 3249
8818 2759
7891 3839
8541 1523
865 940
1060 184
226 8587
2666 6971
3416 3719
3259 3007
9261 6112
8691 174
7608 6081
9926 6562
673 7444
9761 7605
9578 7010
5047 9622
599 9170
3097 5345
5912 2309
9919 6357
793 9648
8872 7689
5106 7930
3845 7535
1398 7872
8310 9653
8853 6870
8942 4318
7031 7245
3635 585
2816 855
5648 9070
9789 4118
9362 1534
9075 8774
9492 3316
4830 6801
8942 933
6974 4335
9490 2227
9134 3188
4479 5882
3719 7967
4891 4409
2371 4088
3521 2184
1541 8815
4489 2317
828 5119
8704 4647
3756 847
751 9390
3536 6301
8884 9900
4971 4120
7106 8829
9587 3075
6804 9373
7640 4422
9496 4318
6444 2414
1609 3608
9719 4479
233 7810
2805 3632
3898 8104
6274 9371
3309 2627
9421 114
3202 2700
9891 9862
727 143
3121 8183
1395 1659
6200 8733
6959 4508
8311 7129
693 3900
5102 1208
3057 4252
3325 9451
7137 5033
7993 2292
3381 4651
8443 3314
8558 8791
1054 2464
9000 2668
7072 6127
2188 1463
4910 2860
9510 1126
1273 9215
613 4685
4813 3901
2863 7271
4222 1603
101 6670
8620 1104
5302 2964
2713 2449
877 5108
756 2417
9468 8623
9914 9217
618 1635
5237 8257
5124 3964
9278 1271
7012 1389
7699 7749
1925 9455
9630 777
6905 9651
2726 7499
4537 8220
2206 2507
3977 8791
7963 2393
6144 1416
6690 873
3757 8282
1218 2776
7792 9079
119 1270
3705 7554
7977 8202
525 769
4769 8481
8676 7112
3807 2852
8401 2266
3984 8588
2850 4974
8892 5305
3701 6617
9815 2891
7269 5342
9193 3595
7719 264
2181 4849
1066 2103
2004 6263
1072 488
5853 2673
1978 4983
8340 2859
127 9066
687 4866
3642 4431
7485 3918
9488 5726
8424 8794
9936 5742
5403 5191
7703 1946
6951 2512
4845 4777
5054 8324
7884 2614
8159 6172
1591 1783
9507 2323
5949 9114
566 6984
9386 7711
9711 3868
9435 9182
2914 9905
7773 9147
6603 9064
4478 8102
7603 3727
4461 4568
405 3714
4850 167
1031 7632
8496 553
4884 5997
3988 9384
8971 4266
9594 6050
3826 9091
7785 7712
356 8643
7794 6024
3852 3218
8637 3562
5760 4162
1760 8022
9343 3842
8769 4485
340 4093
1694 4030
2984 3180
6004 5866
8658 4656
6393 955
267 7578
1211 9171
6334 5167
7383 6912
5263 7818
8843 3518
5392 4123
3644 2187
7413 5984
4860 2814
2679 6073
6591 6300
3798 4405
5981 2112
3483 7056
9347 2064
5637 3528
1468 8623
7640 957
4129 5521
5294 2619
4904 1674
3786 3592
7745 8005
5536 9959
4706 7049
2190 7450
715 3926
1352 7776
9883 3932
581 8495
5086 1540
8588 4643
9058 1123
3957 961
3177 9480
8947 4272
3819 7586
1394 7639
6374 2518
8343 4636
5106 1065
4413 9739
6328 4449
293 4193
4754 2193
8044 5321
7344 6188
6174 657
5989 8090
591 925
4683 2281
8901 7334
3109 6193
3774 9685
3524 8987
9973 9878
6200 1204
2396 3261
5108 9351
6601 2342
842 2818
2132 6222
6007 5225
6166 2589
5516 7537
2957 2240
1677 9810
7162 2482
7912 945
3112 2320
7256 3018
5010 3342
3330 1065
9013 8093
7522 9941
7160 2156
7954 3105
9161 6817
5286 3992
3959 7882
1580 1770
1390 6574
3802 89
8566 7128
4138 5294
4318 873
4236 6696
9038 1603
2965 9569
7160 2133
7457 3654
5024 7939
5382 3849
1831 2965
5402 3259
6666 4919
5875 2580
1903 4829
3534 9981
5023 7023
4111 2648
6403 5126
6980 3032
1512 7686
2206 1698
451 2679
9140 1744
1067 5572
1187 3450
616 5650
5042 9616
9044 1561
7266 7555
5266 2826
1584 5984
9520 3785
7960 432
7783 6609
7958 4845
5873 5490
296 666
3088 7209
2537 7289
3128 3860
7530 5953
1111 9539
6672 8481
3756 3997
857 1867
2666 2133
5624 462
188 6905
1593 2237
960 8685
4453 7300
3581 1859
9897 9344
5705 7183
3912 4299
6555 2212
3057 1484
1812 5397
3830 3547
6558 9387
8927 738
5756 1052
6588 8978
8949 5925
5240 8994
3031 5223
8416 1043
5245 4755
8351 1703
6987 591
782 5918
2167 5714
9220 9944
2133 4298
1438 8721
905 4636
1289 7938
1213 3425
6560 680
8989 313
4865 6718
6493 1749
2890 7992
926 1038
333 2626
3657 852
2717 5053
8520 5445
7413 1946
8598 4206
372 3863
3273 7499
7123 1539
5568 7287
7746 2080
7558 5121
8588 2008
7584 1696
8120 937
8183 432
6309 5313
1708 6860
5750 1437
7779 7440
1276 488
2064 6644
3335 3895
5024 4760
2588 6490
1442 6375
823 3365
9540 6759
9487 8848
9471 2762
7827 4986
9287 9193
7535 2210
9160 2382
9897 4842
676 6688
816 9074
6974 6650
3465 4467
1238 2774
5623 3507
4275 4550
5835 206
7661 148
6432 8212
7667 4424
6477 5337
9585 1679
7124 8709
6367 8490
9783 2722
8766 4292
7704 4255
5907 1749
2531 3477
1470 3704
5034 4140
1189 371
1344 5176
7307 421
9217 1529
4467 3917
3910 2908
9778 4122
7448 5167
1541 4138
2145 8621
4902 7950
2134 4407
8439 3496
8607 5394
5150 2036
8251 7026
5803 2126
9682 4853
8663 9840
910 563
3874 9870
9836 6776
8131 4309
323 3211
2491 5209
8221 9484
3785 8697
3594 6557
1762 7286
3893 3994
5732 3415
4535 3012
7448 5547
3416 8292
3555 1069
170 6207
176 1638
5772 6547
701 8216
2968 6582
7738 3110
9043 2941
2009 4789
9108 610
8596 5494
4460 8925
2216 1471
5125 2744
1948 5096
6460 1280
7261 736
1186 9184
8540 8747
6691 1367
9017 4274
6449 2374
6567 8298
2109 142
2984 3208
3816 4640
489 8952
7172 2284
6032 7441
9503 1684
1816 8303
3670 977
7626 815
3636 5729
1333 3510
7610 5979
8182 5323
8294 9227
7357 1356
7532 6138
5271 2655
9227 6652
6680 1465
5652 1082
6430 6405
7792 7438
6951 2294
2789 6876
2365 962
7942 4981
7025 347
5414 5228
3676 3525
2109 7234
6864 1104
3197 5910
25 4524
745 8594
3042 775
2643 4079
1900 3633
8574 8867
8735 109
3131 467
121 901
2530 2033
5896 7696
2030 3714
8995 4254
5640 680
6661 3465
537 163
1031 3834
3866 7622
258 1495
492 7401
7728 3864
868 7754
8961 3071
1869 618
33 7708
9144 9897
6544 3154
12 4819
5064 9802
1936 7408
9533 1830
9132 5203
9397 252
5170 3623
7913 3135
7969 2848
1878 7199
4947 2454
7060 4262
2070 734
6989 8418
4463 2344
9726 8876
7875 9883
8049 9806
2498 5646
8848 9739
2272 4586
1704 3241
9106 9858
8130 7574
2310 4663
842 3813
1598 9764
2073 3559
4684 7774
1694 9509
1108 7342
1101 4503
9117 2238
4237 8504
4415 7004
6898 877
2767 6252
7559 636
7018 9418
6716 3075
7875 750
2943 5410
924 4635
2215 3988
3826 8202
1201 6581
7719 7954
3190 4211
1687 1485
3431 1265
9228 1631
8379 6550
8177 1897
6029 7617
9077 8252
6474 4175
8863 1166
2921 2874
4505 2484
4258 8358
9520 2348
2062 8567
10 1473
1715 5643
4572 9088
6179 8530
6061 6053
6209 520
6590 4178
6459 311
5334 394
708 4263
7524 5158
1717 2147
9844 3637
4217 6615
6561 6115
1980 9650
5955 6132
1351 8574
4036 2380
4134 1292
8247 2855
3297 7433
3715 2043
8799 377
3540 6173
5286 9002
8075 4581
4255 1828
4900 9015
3913 8967
5892 871
2253 4703
9708 6414
6515 8829
8275 3238
3160 6576
3955 2592
6407 7435
2774 1999
387 3460
2699 4383
2913 9343
6259 8207
5472 4516
4661 9300
5356 6893
189 9642
2356 6926
5726 7000
7467 7975
93 6319
128 4870
5567 5240
2132 4944
8548 7362
1899 8020
8127 494
6386 2906
116 5778
8661 2876
9020 4309
9923 4472
6028 5936
195 7531
1771 5377
3026 2058
2249 4649
7861 6183
7465 8583
6221 8342
2931 8935
6718 8455
921 1226
4018 5493
2262 4328
1158 262
2521 4247
1196 5464
909 9482
690 4326
2573 4210
756 7592
4623 8983
5840 9033
5466 1446
5083 9557
2782 5921
2613 6710
5476 5410
9139 7258
6659 2961
9827 1571
2568 742
518 9722
4164 8902
1741 118
4075 7469
4877 3793
5194 182
9315 7128
6969 398
4406 1208
4194 335
2017 2093
9445 8520
5303 4803
8383 581
4169 5380
9029 5616
7194 7679
1851 2727
8421 3575
2505 8593
4770 3791
5629 1949
9666 4228
5466 1723
1850 5046
103 5251
2560 5488
1078 7604
402 6811
6660 9975
7269 9524
7905 3068
4198 4465
729 9623
3403 103
2503 4479
7208 1326
2137 6291
170 4401
9922 1907
6015 2858
7595 4968
3050 4012
8630 4850
8616 744
7356 4992
6975 8590
4960 4941
854 3255
2138 1304
4747 970
644 8180
160 3820
2155 2088
7831 6370
546 3497
8313 2721
3710 8979
2425 3326
6807 5791
2916 3245
5505 5814
8656 9117
5387 8625
3423 1514
61 249
6531 7075
5099 2656
3173 6378
143 707
7870 4376
4352 9090
4442 1456
2151 2305
2249 5205
158 6992
9337 9560
7775 9079
2222 8152
430 1450
5670 1336
1473 7787
6826 1564
2782 9180
6508 5486
7961 5349
8823 9014
5107 9846
2961 9801
2722 8633
1013 3030
8313 214
7948 7355
1265 7088
4072 7944
1503 9910
9442 1012
9848 6473
3210 560
7483 5133
9282 9156
3575 9467
2011 178
314 945
9099 8413
8653 5694
8489 9498
7294 428
4489 6545
3926 8822
5987 2950
3606 4289
6917 9153
5772 8003
5904 9277
7705 3730
1716 5469
4641 3170
2655 4277
2372 830
4872 7007
1768 6704
9949 2348
7440 4482
3590 8225
2941 3000
9607 4456
830 4963
8097 5184
8619 9799
2319 3342
9520 8000
7585 9834
9814 9904
1627 2035
6725 3871
156 7964
2660 4994
4446 8616
4322 135
5908 2202
902 9892
6626 5952
9898 7396
2400 8710
8482 4844
3024 7464
2558 7255
42 5614
9848 5078
3905 7552
2865 6370
5783 2479
2055 4698
9141 420
9962 6292
5354 3912
715 4944
5573 7378
4659 8914
7899 9662
6875 9819
3105 1980
4166 6706
5172 2328
7928 1460
6716 240
323 7887
4176 6886
9469 2803
1618 9645
2322 9179
1344 8856
7540 2452
9734 127
9915 9197
153 1677
299 7259
5583 6100
6569 829
2128 2526
9888 9937
3325 4727
8361 3071
4392 2081
2321 3844
2835 8097
8153 9092
3843 6811
1503 6143
3392 6903
598 6669
7230 1060
1849 8889
381 3603
6712 1629
5713 9362
8001 3320
6924 2063
8940 8205
384 9598
7419 6389
5476 5963
7190 8150
5341 4562
7040 6739
7333 7765
3474 1772
1114 9358
2246 1927
7575 2461
467 3692
1971 7978
8776 2226
1368 1177
6895 1857
9858 1221
2110 3415
5940 895
322 8577
978 2937
6272 6514
3181 6341
7001 5470
9977 4289
3445 9012
8469 267
1987 3416
9932 1884
1161 3959
9285 389
7020 5038
2355 701
6634 3886
3223 6521
5910 7001
8721 4656
6549 2625
429 2677
1674 6930
1870 8745
7088 4975
9777 9267
1313 9103
1654 9547
5104 284
2777 1496
4588 1626
4046 4534
1263 1022
6733 6161
6520 6021
9387 4425
6979 7292
4891 3048
9896 5807
5546 2528
5841 6194
4422 6601
4438 7079
3917 1259
6378 943
5599 6644
4169 5554
3251 9895
6051 9505
730 9881
2449 6413
4599 25
8279 5724
3378 1655
2900 4520
3729 6073
2679 9572
4788 9999
7838 1146
7100 6930
4337 4474
8965 6784
3083 9044
8557 7637
4193 15
4667 9460
916 4778
7172 220
5660 113
1359 6736
3849 2061
8223 7061
8517 1308
422 279
7266 7808
6660 2159
3523 7708
7470 8687
1931 6189
3031 9798
2330 6169
2601 7698
4428 9259
9422 3721
8147 600
5998 4527
9779 5886
5845 7533
9283 3805
4509 7046
3798 3348
9803 3016
88 9222
538 3213
889 2722
612 7902
5498 5090
3922 3741
3388 5712
2446 849
9483 6045
7035 152
8931 6813
5170 2519
7189 2447
9841 3444
4286 352
1574 2123
1402 1980
6095 2288
8076 3878
4021 4820
6236 3523
562 7969
5810 7889
3137 9702
6856 7973
5733 7379
2239 2135
1092 2038
6515 850
504 6190
3445 8327
3563 8516
9449 3208
854 9829
6096 4974
8921 8505
4231 2255
1646 3088
3418 8746
292 5983
7476 4045
974 2567
8761 6650
9422 5150
3095 4815
1203 5695
445 5233
1131 9021
670 2389
2386 5953
2231 843
4161 4155
4450 4042
4033 8833
4574 3715
8478 9415
8399 3967
4530 9668
7328 6610
5389 539
535 872
8770 5127
3747 4775
2493 4465
5465 1049
5977 285
7918 7453
4728 911
5900 6039
5169 6526
1772 273
1617 5063
5334 3176
1293 1098
3470 9254
2188 4028
5211 1307
1857 1391
4660 2858
8749 7540
7955 3482
4031 8521
5525 759
2321 4868
5221 8034
5490 5449
4210 6678
3291 2380
2459 2236
8279 4259
5803 7104
554 5691
8700 1326
2303 382
4757 1682
2736 9914
7872 2946
1081 2451
1191 4555
1516 2473
1944 4837
5055 2348
584 2051
6337 2317
9967 6062
7602 2520
4402 4778
1142 5844
9365 4712
253 8702
1403 1610
3071 9100
7324 9932
6689 2715
8069 3896
1919 9556
7756 4602
152 6524
6983 8528
2078 9090
1060 9716
4782 6537
9628 3750
9357 9584
9892 8078
7251 1590
8393 665
4436 5982
3192 639
8303 3945
5882 981
8984 3669
6598 5098
5343 7436
6175 6132
1139 5597
7138 5880
1405 2629
7662 268
4711 2698
5063 7079
1439 2760
4735 6057
6372 4869
3190 554
977 9992
9719 2855
8404 7465
258 7357
9309 2137
5353 5762
3428 6073
1599 8321
7646 5918
9838 3884
5763 4468
9716 7345
1295 4302
6491 6070
153 5009
247 7592
6594 3083
1855 778
1500 2697
3819 583
6893 5645
4219 3478
1733 5641
3107 162
2169 3677
1788 7639
4741 8420
9970 2825
9407 5222
225 5621
4337 4384
5191 4015
9073 840
2189 8362
653 7992
3423 4217
2032 5842
1460 9214
4448 3784
790 5734
6796 3957
7796 5
7919 6665
8987 5857
2360 3357
9620 9550
5984 8807
9115 3885
5962 4492
3070 9953
1750 8112
3221 8331
291 7631
1531 9254
3755 9337
5508 1232
4853 6717
1688 9383
8065 2176
8898 4805
8611 2372
6094 3307
8921 4616
5711 4274
9825 8752
9035 2143
1144 6916
5744 7925
2498 5698
7786 2138
4237 4572
2508 6238
5290 3715
7351 8636
995 2719
5928 5647
4407 387
9137 4737
8255 3583
3300 1015
9723 1404
4148 2685
4167 2013
5185 4048
4845 1240
2320 9037
7599 788
1391 3342
2327 6157
1266 6901
1917 4697
9830 484
2316 6330
1916 1747
9817 8165
7583 5748
968 1916
3692 9471
1255 858
2762 6585
5865 2213
8915 2307
3643 4066
5007 538
5672 189
5029 8407
1045 6537
7538 5771
2429 7293
1908 5321
962 9084
7956 9322
450 5740
7121 5255
7789 8726
9264 4465
2354 1738
3691 3689
7534 1182
7340 9602
4898 7575
1170 9224
88 4321
7513 2199
3683 5688
4763 6207
6468 9384
4848 7498
6960 2487
8501 295
3407 5026
4735 3596
1463 1777
7603 486
8768 1575
4069 9740
6261 7703
8416 6635
3506 5242
8566 9282
1213 8953
8760 3797
7855 8465
7900 8903
9175 952
7007 7658
1365 7887
3268 1246
9037 8517
1937 5928
8517 3120
4981 5619
1280 3001
7770 1230
539 4728
6444 5701
3160 8757
4356 82
6788 7025
9267 4106
2033 4538
2577 7757
2648 1579
6276 6501
5109 158
1346 1775
906 4431
4201 1332
5072 1033
5935 9429
4933 1957
895 5697
3962 4838
2937 2389
2793 2975
5955 4749
3009 2136
132 1838
2099 1979
6064 607
6685 2919
7271 4946
5278 3729
2383 2847
8440 779
6329 6064
143 9234
8814 5663
838 9151
3885 3114
4456 8580
6643 3677
7058 6252
342 5634
3513 4368
3759 1131
759 3587
4804 1544
2438 8250
4118 11
2101 1664
258 4336
8145 2676
2667 1608
8850 2699
9579 6435
9597 5875
1991 957
5950 3574
6592 601
3388 318
5741 8264
2172 1947
8962 3260
6496 5708
3887 9919
4305 3740
9373 1155
6190 7095
1074 7955
4486 7416
4833 7066
7797 105
8706 1173
8913 8336
7639 3001
1554 7026
9062 7420
4540 2835
1921 9885
1963 7108
2280 3580
8555 4805
7640 3517
573 3555
1730 9028
3539 1995
8079 8209
3515 8172
4706 1146
3524 3040
6750 7467
3029 5284
3930 3834
723 4075
137 2476
6549 4817
2855 3843
5798 4058
2580 3230
8594 1921
615 7665
2943 3959
5984 7326
1989 9713
8721 8994
1376 7462
6812 2750
5630 1924
3687 5254
6047 7040
2650 8546
5419 3741
6901 495
888 2387
9778 6682
5470 7822
1678 4041
2875 2362
7771 1717
5315 7282
3867 8756
1944 6945
9749 9871
3567 4709
4560 2564
9729 1219
3488 9883
7970 7591
8666 8782
4384 7212
6842 8984
1776 4373
4083 3274
2639 1181
2133 8919
8685 4150
5287 791
824 3381
7102 7829
3878 7239
2322 3392
2822 8829
834 4403
8727 1449
7791 4783
9892 1634
8566 7775
5314 3419
7963 3611
8475 9698
9425 7774
2787 3901
6511 9513
6017 6752
8806 9790
4621 7131
125 6422
2785 5060
6627 7255
9174 7407
1019 8101
7154 7136
8404 2569
928 7270
5612 1155
2415 1059
7784 3044
7295 4095
583 1100
7965 4948
2623 6186
418 7802
1446 6093
3196 8601
6343 3836
9054 1414
9763 6110
5985 1143
8562 2772
4043 712
7442 6050
8110 7317
9840 9695
977 3719
5857 9964
1902 1629
2485 373
9859 6049
8874 535
2851 2190
3920 2940
1046 1257
9269 9820
8128 5008
3722 7454
1631 9942
6850 7919
5501 197
2601 440
379 753
9396 9278
4285 1299
9148 8729
5931 5939
8376 4301
4322 2591
9523 2590
7985 6078
5246 7217
5797 4929
3079 842
1471 7328
9725 8359
2273 1222
4366 1712
104 6829
4041 6367
8462 1378
9083 8712
5412 5316
4865 8821
8384 1320
1903 1415
3287 4748
4832 6509
3634 9744
9212 4936
3782 5042
3177 700
141 7197
3172 8161
4138 3157
9461 8252
8344 3568
4533 8701
3545 4429
5911 1656
1180 4322
6535 4103
1576 6636
8092 7488
8674 2150
3336 9919
1289 1401
1699 1049
1397 7330
4839 3728
9766 2413
8271 5299
2936 39
1258 5912
8416 2193
4100 1714
6885 989
2440 9578
5269 9336
835 3424
6012 5151
9482 8966
1025 4909
5462 7590
5501 5504
1147 6934
4265 8689
6095 9064
5899 8454
8806 4268
7520 3756
8710 4795
1126 5974
5913 2807
9529 9939
7817 2634
1341 857
4546 8539
5146 1493
477 3042
4082 6094
7237 7793
9388 6603
6726 2415
3969 3512
1182 9294
2463 303
3262 5642
270 4613
6589 2887
2733 2834
7931 3384
192 6569
2168 208
3810 9598
7306 6487
5469 1139
784 6956
2552 7481
4603 3448
2580 6005
7996 2022
3034 9244
6836 3534
830 6903
7794 8039
9565 7468
9351 5095
1261 1921
5383 7861
1915 7993
6387 39
5725 5678
6962 7707
6812 8630
2477 9620
654 8649
5804 302
1805 5567
3308 7377
9569 5757
6317 7949
4701 2137
6609 3195
9033 9867
5069 8653
8258 7506
599 8884
8276 4181
8175 9493
118 5524
2889 6951
3573 5123
1799 7967
4580 5277
4743 4547
7536 6845
1321 6996
6617 6448
8751 4097
1807 6008
6202 5505
9512 9248
6870 3829
1941 1961
6650 3058
9371 151
7589 2098
8436 6432
3265 1481
8769 8260
2572 3140
4277 7428
4358 8518
8378 7119
4396 2782
5275 7826
6973 160
880 1991
7169 3286
8177 96
9271 4918
8114 611
9789 6785
5771 4885
4642 9639
8575 4843
5723 1217
2702 8691
8490 4930
3577 1880
4822 498
666 5013
390 2457
1481 1733
2847 502
6071 4527
4814 7825
7750 7871
1756 4594
5384 848
7276 9325
9375 6629
9777 8195
7396 2742
490 5330
6986 4723
9833 4403
4430 7976
9958 5476
110 5578
2880 790
8312 9619
7244 604
3194 5152
1806 339
6835 4846
8934 8879
5327 1455
5976 6972
8848 6414
2529 1404
1030 961
8363 680
8467 1462
4303 416
6052 3469
4997 1172
7510 6731
7926 7160
3781 1885
5188 6559
8337 5466
6541 2776
8786 2743
6125 6636
3643 526
5870 4111
936 7589
4208 656
5074 896
8962 7036
8236 2145
8285 9269
7636 3055
3877 9560
8072 3093
8548 2000
5588 6594
9861 3494
9490 7111
2896 1998
6160 2218
1433 6810
1294 6982
2993 2135
6892 6669
3633 97
5907 4275
7394 8278
9582 6675
2305 2586
1593 6046
1786 1660
257 5517
4082 6272
295 1498
7330 6544
3689 4069
6121 3082
2603 6851
3526 8076
5152 4647
3276 9268
3935 4583
4178 2604
8565 1319
5695 8361
2513 2016
7757 9773
6813 7138
7977 356
1547 14
2488 1082
2916 7667
6338 9109
3653 7450
4271 5085
1062 232
3098 1570
5141 324
5857 4703
9154 8177
2052 9435
5100 9805
562 499
5779 4327
7518 5478
4195 4715
1326 849
3671 4478
8645 7918
6174 3529
3633 9876
5096 8649
8634 577
7659 721
136 9746
75 1757
5784 1573
8791 1060
5515 3435
532 8769
4074 5316
2739 94
1125 1431
397 5713
3890 5820
5104 2302
4868 6415
8486 3664
685 6579
5846 3476
2816 8406
7967 7502
9402 5049
9006 3225
8556 8083
9800 1781
5884 5096
789 6755
3545 6901
5021 2132
7347 809
4936 4261
5245 9149
8945 443
8178 686
1649 2450
6675 5839
7396 2719
1782 6124
799 5785
1121 3745
9419 1896
3460 8315
1358 4952
6909 7552
4549 8730
4750 3655
3367 9042
2437 9055
2062 1558
6499 5964
5817 5943
4778 9638
5429 2554
4509 8495
4012 5261
5413 5627
323 527
2171 1213
1297 8211
3708 1325
4675 8220
4374 6050
6611 3751
974 4840
2902 8399
6361 3828
8750 3336
9161 1675
836 8163
5920 6896
2055 3223
8587 6120
161 6538
1831 9094
2030 3780
5372 2173
2284 6682
2193 4125
9073 616
1813 5096
9217 7171
1805 8948
2663 4180
5648 9794
9510 1874
8864 1316
8702 7450
4835 3137
6257 5630
5433 4826
3494 116
5169 2845
6808 3936
102 9964
2455 3881
1264 9704
2899 3346
3970 8749
4423 662
1207 3947
8749 2810
6676 9190
7828 1899
2165 3041
5082 6350
5026 9819
1070 4630
253 7152
4064 381
6162 1583
6245 6133
884 2925
8960 2728
6743 4704
9563 2301
1829 4792
1922 7689
9143 4118
749 7704
2421 6077
4713 3707
7363 5428
9949 4585
2596 5363
2881 517
721 2693
5494 9206
5361 6360
928 5859
3459 7428
4697 2823
5062 4705
444 4604
6549 7003
2322 2790
9899 4034
9751 944
1128 4539
3950 9371
1984 7769
7146 4217
7160 3305
5052 4439
9049 9835
648 6713
517 6458
5722 7756
6169 6785
4385 5822
6107 7170
764 2578
7540 6549
8956 4691
3052 2588
2454 502
5282 3753
1577 1703
1936 4562
8176 3806
9433 2380
6178 6819
707 6899
7369 9648
4104 1962
7571 1748
7958 3580
1194 1993
7372 872
9816 5142
9357 5942
5231 2512
5663 2409
2171 884
8864 8733
1690 4157
3493 6939
5238 9511
8338 5697
6141 9274
5763 2624
7110 9911
3516 5255
62 7357
1243 1271
2604 9347
9735 1916
8154 8905
8865 257
7866 4822
4891 2747
597 9357
4212 8651
4384 3392
7155 4805
4569 233
3691 2240
1436 7348
4570 7264
2204 9565
2781 4369
5873 2799
1858 3583
8561 2767
209 653
2918 9351
8806 3378
5964 8676
8058 6698
8682 9134
270 1866
3670 1801
3685 5010
4344 9759
1132 2402
7100 9396
4346 6875
7341 7234
5606 3707
9097 3161
2305 9958
4043 4838
9664 5381
5910 8202
584 2372
3695 9787
7727 2120
4156 8966
3985 6137
432 5207
4748 474
4348 668
9725 5178
980 1190
4933 7644
2671 3666
7467 7299
3929 5554
7207 7076
8939 5996
9519 5451
9776 780
8957 9333
1697 5826
4523 5089
4972 996
3324 7352
5326 2746
6656 6274
1385 7666
7741 9945
2431 1058
4933 3839
1747 9885
1811 3143
7318 6889
1265 4954
8544 635
4894 9684
263 8408
4467 2322
7482 5762
6067 9295
3038 8285
6078 2983
9617 9608
269 1905
4505 731
3494 9880
1154 4067
9040 3845
4597 1017
7840 5365
7660 1194
377 9692
7379 1136
2808 3918
1507 6470
8500 1271
618 5318
9651 9390
2009 1309
8297 9175
6688 9737
4354 2798
5532 858
9569 2493
457 422
34 6624
7148 8741
9288 8323
70 3109
9926 7641
9720 8192
7985 6646
2595 1491
9736 7517
5666 8762
6338 1746
5230 3659
5746 9399
8055 6004
6088 8961
18 4094
845 5481
9476 2055
5980 9000
9845 6192
4638 160
8214 2908
9551 2593
5756 6341
9701 7701
4442 8208
1887 6659
2888 1362
7454 8684
5012 6444
9110 3577
4588 1068
5961 111
5570 8018
5784 7298
742 9070
2163 9818
1867 9242
9001 7978
1205 7518
5770 1074
5593 3414
9981 3526
242 4899
5932 3840
9976 1218
8453 3842
6757 2024
921 6029
2814 7838
7372 3620
7535 7387
2355 4265
6148 6168
9358 8249
7095 7190
7436 5551
1972 9569
9171 5704
2916 3846
1306 7968
5360 1995
5583 5762
4661 7435
1338 484
6577 1671
1105 2689
154 5711
2585 7106
5832 2760
2630 3646
1015 2428
4914 7986
2804 9932
212 7796
2548 6438
2410 8162
5392 4457
4585 6836
8309 8275
7934 8466
9582 1857
9000 7497
1109 9162
3660 2138
6873 9207
5694 4379
5767 3547
3660 700
5846 8405
5528 4630
9721 1689
3245 3928
5857 573
9029 597
5329 2501
1186 7943
528 9879
2644 7792
4443 5009
3570 3729
2531 7658
6860 8405
3453 2910
4933 663
3992 7938
3463 2393
6470 1614
1840 1510
1515 3883
7299 9958
6610 110
7388 4220
1095 7815
3933 1249
784 9565
7642 3460
6500 2575
5820 9151
3101 7705
2401 983
8372 5432
2526 1969
7834 4088
9853 7100
1100 8553
9530 7961
7693 3785
1617 9350
8250 1374
316 4437
322 5800
2893 7946
8440 5828
3979 1370
9857 2525
4408 1555
4481 4626
2454 9872
439 6509
328 6630
8300 8995
2138 6431
4981 7510
2690 4736
712 4568
4423 7177
3490 2660
2673 6447
2506 6174
1800 3323
2820 2867
9456 6554
7043 9877
6970 4916
7240 1829
2695 5096
9319 9199
6284 6057
3187 4663
9984 5881
1975 5380
265 4993
3566 5104
2832 9098
5327 1418
111 3356
543 26
9016 5785
1714 280
5505 5159
331 9622
8663 6769
4578 47
1163 1628
249 6536
9161 2264
4704 2321
3049 9721
1903 6326
1514 1157
2770 1357
384 8820
1247 6541
7442 5198
8812 8484
5054 9898
4686 9994
8127 255
6554 4082
830 5333
1205 3666
5314 8809
5375 7422
8505 2455
2145 7605
8982 7745
7712 2032
3116 8624
4647 3179
8549 9151
1377 5169
429 6977
8615 6571
1418 9266
4015 8558
2259 6617
3553 1625
1633 9426
1568 5264
9231 6422
8732 9891
5621 604
1072 6627
928 1192
2141 2549
5931 5836
4784 3400
1999 27
9821 9540
357 3818
8857 8088
8918 3015
5673 2158
7247 9173
4039 7552
755 623
2554 493
325 2233
1684 6991
945 6796
8653 5690
7725 1053
2264 349
6079 2402
4874 587
7726 7728
2628 501
9134 5294
7431 5606
4125 361
1762 1390
1066 8670
4352 9129
6503 9940
4144 7459
5297 1142
3339 4171
3602 9066
8179 3299
9534 8712
9673 2330
7179 7656
6868 7713
4092 1304
5625 7099
1528 2409
2499 4419
5206 404
2970 7385
4777 68
6439 4277
3866 23
2908 3063
9104 7998
2092 7569
1947 291
289 7253
9853 6993
5827 3269
5761 1948
3546 2041
597 9231
1054 4839
7511 3732
3849 4886
6186 5327
6543 4379
148 8323
6537 3892
8180 7766
3173 7924
5680 3038
6148 8613
4662 5336
4470 8322
418 174
3782 4498
4055 9089
2745 2181
5242 5926
1768 1041
2377 1562
5376 5621
7060 1465
528 331
9597 5108
1612 1894
6976 1901
9642 2126
684 3636
9952 8146
6783 2047
9061 6523
2105 5586
4488 7518
1085 9150
9177 6198
2955 9557
2357 1513
72 2559
2470 580
380 4885
4961 1309
8544 9048
7123 6248
5792 8367
760 4379
800 2650
6198 6021
2757 8338
9587 5963
2035 1871
6991 1833
1457 5766
7920 3900
999 6287
4775 1460
3490 7076
1007 1125
6013 5024
3634 9397
1814 2292
3389 4269
6366 699
6445 3168
6842 5091
3831 6943
6436 7904
7439 8682
6918 908
696 7190
2805 2924
7740 3086
9885 785
8729 6567
4513 4806
3291 876
4434 3656
5847 2864
1353 867
1803 4472
4479 8048
6222 6144
356 8599
6030 9151
5244 412
6974 8477
4669 3010
3142 954
8893 8452
4154 3107
9987 1042
1420 9946
9379 8646
8688 4036
6945 7531
4527 2334
2077 7569
3317 3980
3037 9778
8105 1131
5451 8497
9232 7053
6985 2217
3891 6406
7701 297
62 3423
6952 8557
1745 8508
8798 7074
3765 1659
4100 3298
6285 3488
6301 1671
7695 1970
3072 1033
2888 7219
951 7763
4755 8373
4840 3882
3978 4755
497 4523
903 3148
2216 434
3103 3847
1544 2958
7894 7592
731 9023
3814 2098
4222 2007
2415 7317
432 5288
9151 9308
157 1914
477 2467
2242 8653
1765 3878
4180 2917
2968 8427
1783 1412
4249 2901
7345 6329
8773 5051
920 3275
3623 2972
8361 4263
3154 1791
6941 8800
2868 4118
4380 8063
5851 7008
2530 4826
8189 6125
4470 9396
1035 2338
35 6091
1000 2616
398 9806
812 6797
5213 3871
7918 9734
1899 9777
2131 8889
9094 4689
23 9141
3793 9264
9858 13
1243 8969
1803 7734
4317 2587
7919 7974
5641 210
7002 3516
5301 7339
7651 1649
8243 5212
9334 92
2359 2773
3591 6238
3515 9489
8811 1624
9335 3855
5952 4496
965 3960
1869 8394
3018 462
7698 8056
408 4959
675 923
9445 5561
975 1436
1761 361
5139 9527
1561 7533
4591 69
2644 2792
7884 6699
8931 3043
9208 8014
7406 2463
3911 388
1651 7819
9638 2598
2348 3492
2991 6281
9141 5533
8354 1709
3195 4772
7550 1012
2277 9848
5417 3966
5286 6749
9528 9662
3387 8545
2280 6821
942 8516
8888 9063
8369 6007
6857 225
9025 6614
4449 5122
4072 9071
3503 9547
302 9783
151 7828
895 5350
4197 7595
5569 9964
4421 2102
5567 3227
8205 6406
2704 6364
9925 5814
236 8551
1694 4052
9106 6636
4146 8232
2881 5644
7156 1994
8902 3533
939 8166
6871 3215
5924 7119
2270 410
8266 4822
9654 2938
3609 2280
3967 2697
5043 2057
5744 9473
8111 7770
1228 3306
1715 2102
6004 2992
2046 4425
8757 2874
4885 3271
7995 1930
9119 4964
4268 2097
7210 4354
9886 5825
4331 871
2434 9684
6614 4617
4012 6957
5506 9564
4664 7341
265 3194
6689 9234
214 8120
8051 8195
7430 9823
1535 5006
9531 682
73 2908
2848 8050
5844 7293
2381 5319
7988 4472
9393 2803
6048 5121
7082 1816
8352 8294
839 9439
4240 9127
1172 288
7648 2057
2420 826
9650 983
3141 8440
7366 5015
5992 7681
1521 9950
621 5139
8368 8644
5553 2907
6712 1885
1335 6002
5819 2522
7783 8726
1073 9810
7192 1022
2169 3677
2519 7953
9327 8819
1635 6168
7066 5241
9338 9427
7546 4692
7020 6470
7719 5263
8421 2348
8884 4401
6403 3031
7652 3867
9702 2741
4880 3859
8426 3867
8214 8621
3872 6465
1106 6325
3689 9793
7041 3079
5449 9045
9134 5690
2837 357
2007 4540
3825 4572
6363 5312
8159 9967
5141 491
596 9607
2945 7778
1801 7671
4327 6096
5027 3328
3880 2267
2747 3417
8321 4792
8058 4361
9128 6818
2214 9813
1501 64
1195 8679
1924 9527
2084 6835
4193 2462
6298 112
1394 245
5364 2455
3567 6592
6578 3234
9034 6576
1725 6970
5825 9232
5790 972
2225 6266
2967 9304
5968 1027
3647 69
2874 8140
3638 9773
9729 8053
1180 6484
1685 6264
701 7996
9678 4621
1122 1923
9306 8811
9717 2626
1987 6501
673 3788
9986 3446
4563 2470
8150 1575
1853 5494
9094 1075
7346 2340
884 8119
9311 5483
3196 2616
4157 3348
9656 2140
7908 6385
9136 4857
1202 5424
1938 2302
4819 43
3302 5276
3600 2446
3881 392
7867 951
3621 6628
9715 9235
4458 4270
5130 2000
8642 5128
3044 7256
1420 9128
2511 2419
8550 4683
1634 9418
4699 6219
7947 2441
8531 7147
1727 3274
8225 7999
3480 1901
1171 1376
1226 6398
8629 6430
9649 8664
9909 2215
1932 455
5451 4064
5836 480
1845 1218
3948 1633
4291 7614
1054 8651
2812 9711
9490 4097
5393 4403
2827 5537
6255 2493
1550 3550
4816 27
5174 123
3701 1726
5788 776
698 9651
1623 7329
5139 2927
8292 4016
2401 7707
2089 5146
2883 9442
1200 3562
7751 2471
5790 1233
1696 2568
9362 6567
277 8955
8935 5819
1364 9595
5530 392
5506 2124
4969 2451
1565 2135
5771 8931
9947 3276
6089 1335
856 9766
4193 6517
9145 4695
5957 2012
7855 7113
784 8741
9344 7255
8602 8900
931 1184
7856 1397
4112 4139
8621 2890
5584 4038
7284 8229
267 3632
5917 97
1436 5059
760 6576
5920 2102
6706 330
3845 753
6541 3705
5992 8313
4031 1322
2127 5657
1338 2081
1432 4609
4839 7218
7073 9686
2574 31
2262 9234
3374 5313
7681 7329
5654 9186
7219 3483
2337 5979
8741 1338
6266 9104
2393 8063
2975 5267
9459 9891
9727 2226
7109 5179
3789 9539
9829 1441
2480 5430
5568 2418
1717 8454
1371 4666
4000 3720
2008 4465
6447 6367
221 5081
4457 6703
5140 3534
5069 8854
6861 9284
967 6850
9592 6019
1383 9062
6747 8469
5789 7336
2193 8194
127 7129
7110 5242
1758 690
7027 9408
1259 7019
8909 4526
1754 9162
8530 6371
1122 3592
1131 8910
8404 6632
4664 2832
6191 9713
6641 5805
7406 9736
8408 3515
6478 1856
787 3577
1360 7028
5708 5536
5752 5603
5812 9255
7300 4159
5522 1406
2098 5650
1792 9344
4079 1566
5777 7329
4916 9443
2515 6482
8013 4349
7405 5587
9321 771
2576 788
1051 8234
342 6053
5700 7379
8109 3618
4173 866
5186 6154
9109 1392
2950 1579
4942 9728
758 2348
8777 6246
82 7045
3397 8888
5985 2379
4525 1462
1087 1734
9263 1891
7025 4073
4026 5879
2386 4110
5629 8236
606 5152
8492 2529
5897 9550
703 1892
4736 8101
2651 8848
7924 1695
191 9695
325 5128
3417 165
2662 7411
2350 5058
2708 1045
4318 9664
4986 8951
4880 5733
8774 2656
6312 5287
6002 4136
3872 3814
3176 575
9995 2583
6023 9848
2601 7357
3373 246
7230 5641
2779 1278
9529 863
9209 3049
9194 5804
3287 138
4585 3252
9257 1546
5527 61
7717 4496
9133 4173
4139 8417
748 1013
4358 3035
3136 1594
9011 9455
3454 3372
9819 4613
119 2975
7755 9048
8760 5706
3133 5487
6106 9163
7932 472
2958 5895
8400 2229
1459 5768
8524 1338
8310 1324
8370 1068
8106 4224
5225 4244
1701 6495
6701 1735
8455 2981
8006 9519
4423 4481
1670 7536
542 2533
7399 2624
2654 1919
7053 445
3713 6951
8595 9468
2066 3128
4597 6077
1151 227
301 3315
5010 6308
9150 8720
4988 2391
1725 5432
1290 4707
9751 4709
3543 4543
2243 2662
4327 9005
2859 2684
4 8548
8433 831
9665 9046
1532 1337
6628 3343
9613 5520
4160 7726
5457 854
882 2240
4740 2816
5130 7850
8858 3219
7220 6082
5183 9207
4653 3923
2537 8821
1597 9509
6737 6126
9059 3156
1726 3943
4786 182
1226 8702
1497 2979
1107 1502
4010 3766
935 6506
544 6656
1211 6733
8461 4793
7694 527
6209 2731
1857 5049
8901 139
7846 5725
8605 6298
1674 2873
3149 1336
2890 7407
4894 6911
1621 1292
7657 4713
4215 8227
1722 324
3641 7195
155 5652
9575 8600
8345 486
9589 3831
144 4971
7326 7353
3820 9367
926 9715
5035 120
1734 1076
7403 3519
6829 930
1472 8184
8813 1603
3514 9007
535 1412
6884 6054
9174 5268
1248 2432
241 1889
1304 2571
6924 6132
8052 7745
1559 289
1842 2574
6533 4640
2078 911
2099 4707
18 6602
7422 4957
2980 5060
4050 729
3167 1948
2465 482
5228 8850
8973 8191
3006 8069
9646 5580
1870 9433
3601 4937
6359 238
3703 5766
6575 4860
3438 231
2794 7434
5857 3482
6430 2956
7744 4679
3209 6590
1759 8007
2512 5252
5563 3
1817 3526
8618 2595
3782 9908
6548 9607
4010 2155
8995 7085
5149 6294
1230 9901
921 5075
8838 4976
6536 5228
7863 5176
2671 4771
8771 4155
6972 5521
6376 4145
7883 1681
1885 2794
5312 5318
807 8932
7102 87
4020 536
9772 9088
3321 801
3815 8572
5651 8274
7027 4967
7011 129
7989 6007
671 2262
6014 5939
5985 4781
1368 50
2862 7177
6792 477
1781 2170
9125 2683
1346 1609
3831 8720
5987 1296
9590 2320
2241 6372
4505 4423
4314 9224
9294 8423
3533 6793
8632 3988
9328 7002
7470 9192
9158 8628
7429 5196
5266 5086
4683 1030
1669 4873
2500 7044
6218 7365
1701 4778
5216 869
1597 6268
4019 1977
8416 2291
6695 6914
1001 2958
3952 7293
2069 298
6562 4160
1760 1419
8494 4206
8478 9256
3015 1476
40 222
1576 4915
7190 3244
9398 9519
3209 4586
9408 2322
4594 3102
8535 4376
2441 6095
4858 805
6172 7422
8348 1745
4745 2640
652 8186
7076 6965
4409 394
5238 1468
9814 8139
3106 2674
722 108
1780 616
5287 129
487 1804
6036 6066
4622 734
3448 3704
5260 4965
2026 8401
2700 8621
1604 6459
1900 4242
5354 7799
7555 8911
2598 6898
124 1016
4424 7365
4801 892
7479 7425
4083 2733
5855 8332
8729 2552
7966 5440
7961 5323
1455 1890
5543 1521
836 5410
1864 4049
7496 5801
814 5568
6473 4488
5162 5095
6587 8545
3459 7534
5279 6647
7500 445
9398 585
8735 9984
4924 6622
2475 7076
3150 2839
8082 1676
7271 4115
9098 8767
3495 1108
2236 4320
5402 7586
9301 5597
9128 3153
8997 8763
1181 2977
5744 841
6199 1482
4157 8124
7501 7705
8240 8876
6928 5467
8109 9467
2588 2132
1120 7621
6392 3050
9805 3487
5830 2281
9668 3107
6412 4199
1421 9657
9978 1635
5354 4836
1473 3682
8326 7497
9651 1404
5534 4440
8340 4109
9672 1656
3603 2928
5110 7273
5451 3124
6029 7094
6414 2773
3114 277
3105 7705
9438 4968
2782 2567
1783 3596
6628 5110
7428 3807
6893 3056
2269 3607
1519 7789
9919 9424
6836 1665
1939 5625
5148 6241
5282 7232
1559 9519
945 4083
3909 545
692 5835
9999 6130
713 5810
6905 9428
3053 6834
7743 2280
5722 6048
272 2481
337 1096
4371 1718
3687 337
2085 9180
8996 1409
6793 6641
5209 8950
2719 4103
9159 2926
2661 9841
8253 6316
6847 1842
5496 2524
4002 5530
5705 1061
9269 1998
7011 9902
5091 569
2651 7620
6582 1011
693 510
5339 9146
1989 3277
6219 3173
9939 9754
7030 3016
2613 5138
5558 6134
3409 9637
6708 6157
2313 5567
315 5345
2194 8700
1808 1515
3762 5166
1779 5235
3585 7217
5090 6354
2757 7060
21 3993
4413 5944
6765 3097
491 2156
4520 290
4408 461
1647 7448
9091 4403
3530 5968
9620 2544
3012 5943
370 4401
37 881
5742 2122
7613 811
7796 8227
437 4978
2860 9901
7562 7122
5530 2221
1093 7317
8110 4185
7024 2529
5399 3041
8400 6924
9967 8328
4066 725
9080 4687
9109 3040
8952 3741
7282 6906
1754 8588
691 5111
1014 4817
3279 2827
3148 6017
6054 5468
7934 1643
4132 416
1261 7858
8527 6974
1192 250
9328 9484
5073 5289
2397 3053
2987 8249
274 1657
2045 5472
5142 2361
4980 7534
2778 600
4529 8871
7564 9493
8288 3272
8137 9076
705 5389
2105 6515
911 6773
4667 3282
6090 1220
1246 9944
3344 3261
1693 9707
3734 7830
7569 3325
5944 2503
4550 351
9769 8994
2031 7763
4587 5018
1759 2432
2286 1136
1219 5483
3502 9910
6837 9253
7391 6105
4882 7050
3235 9531
7353 5156
7803 451
3440 7711
2926 2800
2022 4515
925 3215
4378 2595
4784 7143
4170 9828
4768 3098
1116 731
3411 6052
2508 5292
2885 6828
8075 6523
9183 861
2021 9456
8056 7238
4546 6792
2226 8829
2712 3751
6366 7651
8897 5035
5127 7419
7334 591
1824 9480
9672 7291
8276 4970
8915 2913
1411 4206
9512 5194
5584 5901
1313 375
3502 2564
2662 3684
2374 9329
6043 4498
8878 7201
6271 1032
2931 3032
1671 1547
6757 8935
4593 4650
221 8201
7781 8791
1346 9636
9612 2192
4611 9376
7055 2617
7386 3032
7062 386
2935 8248
8843 7516
2241 3024
4403 5714
9337 6339
2964 8195
9961 4290
5026 1762
3053 560
6777 4077
9177 2018
415 4766
9156 9782
4766 6804
5103 4799
1310 1920
2813 1261
6458 7668
4674 2654
8874 3207
3017 293
4881 9680
10000 2196
8417 6187
9147 5695
1404 6575
9709 193
4051 4087
9584 4277
54 5947
5691 8306
1174 5481
5124 6504
677 2011
4889 7263
6530 1750
3900 2913
3781 1874
7180 302
5984 5444
6347 5490
8172 535
5078 384
3451 4754
6407 970
3236 1672
4774 8009
5858 7248
9996 7354
3082 8956
8041 2822
2743 514
6961 7280
6088 1120
2976 2631
8142 8537
1918 4300
30 839
3251 8547
9250 3026
9007 8784
4225 1665
8475 5518
5961 7007
3941 2974
5014 2255
4598 1370
246 3232
4287 636
6689 5725
1766 5273
7072 6402
1686 2801
604 3034
2568 5799
6689 5682
2863 9223
6824 1838
7035 4955
2180 702
4505 5577
6490 15
3627 8928
2040 5111
6112 5790
5369 2089
3605 6861
9979 3018
1444 8333
7487 3286
4261 6526
1937 7931
4858 790
670 125
715 3695
2572 1532
7553 3289
8802 1518
3828 7612
6423 2219
6446 6570
9336 3067
7147 793
5274 982
4897 4318
120 5098
9759 7266
3445 7476
3270 8684
4928 1000
696 9945
8237 2769
7084 5533
3766 737
1497 8159
76 9127
5943 9365
8424 3582
5460 1380
7752 1404
9487 615
2312 1327
7549 6049
9517 9403
6107 8599
8410 3588
8630 6590
337 8003
3878 7752
7269 6011
7453 6433
2742 9910
2197 2263
9504 7385
2872 3474
415 8335
986 3995
8313 9782
6732 1818
1195 2902
8567 4757
5380 3801
4095 1383
7422 3659
9025 6589
2350 9978
2132 1194
5601 2406
5866 7647
6469 6178
9638 4759
6400 1789
3661 640
3812 6200
2339 6130
4844 758
1813 9875
528 9487
6151 657
1944 1132
1086 9222
802 1547
8926 5929
2757 5554
8101 7083
4420 7775
5891 4877
2492 1252
3586 3931
6063 1439
2863 1340
8427 8229
1599 568
3579 1839
1036 7000
6220 5798
5269 8600
2896 4008
8704 4821
4475 7310
6069 148
8593 621
6 7021
8952 6680
2414 4667
8191 9886
9428 6204
7218 3659
2345 6537
4812 4372
6382 9872
2362 8054
5894 1666
665 9436
4802 8721
1107 6182
6177 2972
8217 1079
370 973
1769 7484
4513 6855
5348 3600
4976 9216
948 1088
2322 1416
3800 8657
3530 2317
6248 1425
196 1436
7279 1772
4065 5197
2969 7874
307 1657
5305 1700
7110 7802
8944 4940
403 9695
7154 9543
7123 8572
8183 6704
3395 7456
4425 2326
2274 5662
7834 3128
6665 9456
4359 4327
5969 893
5547 5884
1377 6100
9146 2859
5882 3732
3253 8087
4640 9081
2173 8082
565 6207
8399 1044
9489 7115
8516 3547
7330 8046
7655 6527
1366 1911
4503 2274
5396 5702
6550 9302
5027 80
2573 7590
7691 2765
5930 1635
995 7423
7665 7338
4907 1790
4722 9354
457 4995
6253 8491
7523 658
7478 9100
9631 7502
2764 6381
1878 1353
8698 5879
8062 4519
5357 8314
5242 6300
2848 2077
6731 7292
5838 4848
7475 2195
8722 879
3621 9797
7026 1223
8714 7768
3683 1963
1122 7276
3218 7417
1288 2027
2752 4826
6527 1143
3015 5966
2410 5960
1089 2430
5398 8472
37 5816
2030 5581
8606 8052
9168 1204
5993 8921
4479 9527
2000 5256
4410 8044
2434 4830
4109 4305
3950 6361
8966 5989
2310 6774
7615 1312
3798 2141
4821 4995
5840 3068
8717 6976
7959 8843
3625 81
2915 6353
7336 2774
