placement model: 1slider
width: 10
height: 10
number of points: 100
4358 3950
2171 2911
4775 375
2192 2014
1758 1860
3161 625
9180 4978
8915 2848
6836 5244
3405 945
863 9373
1879 8267
9000 9668
1420 6797
3539 3103
9798 4601
9120 8710
7441 7441
1842 2130
4907 5226
8061 7886
791 611
4538 4423
5613 9164
4627 3614
5188 1292
4874 3261
7667 9788
9244 8851
2082 4240
9460 8507
5914 5788
8735 7675
7881 545
9523 22
3156 1630
4110 8134
5347 7593
1892 2780
8081 6418
4709 6054
9680 537
7329 5870
9713 9169
207 1001
854 8493
1094 4314
3928 9565
5416 5084
7377 388
9142 8819
1087 1017
1218 7423
7739 9716
5485 9906
8107 7393
726 8682
5796 799
7107 9907
9539 1758
2851 6984
8566 656
5881 9095
7507 8387
369 9668
600 6214
5115 4099
8056 1975
4607 20
7573 3623
3418 4922
7480 2900
8839 7077
1635 3274
957 3799
2036 5770
4899 488
5943 912
9658 617
4635 1076
848 2609
7925 4570
6146 2132
3513 9210
8230 4154
695 516
41 2096
9455 6399
2088 4191
9855 1974
4228 8111
3087 4020
335 1011
3335 3004
9251 144
952 2532
9607 1840
6787 4039
7942 3351
9229 4608
