placement model: 1slider
width: 10
height: 10
number of points: 1000
2470 7554
9728 8569
2211 6474
7630 9598
8899 1820
3628 3197
3537 2522
837 4320
6161 3707
9707 745
7387 9921
6288 2649
2154 8340
7064 6972
8059 2515
9325 3314
4271 1573
2342 352
1097 614
1324 8742
5320 9328
1500 7
6836 3863
4868 9180
2992 1404
3065 7396
6294 9453
7823 2327
1932 3745
7846 958
5629 7835
6310 5969
3053 2843
3883 9376
5452 6810
777 1730
9428 1823
4819 5281
7410 596
4338 1855
4786 2049
8793 7004
1643 2011
6450 9585
6642 5531
6277 845
6969 9840
5395 6644
3722 3279
9306 2415
8949 8174
592 63
3380 2820
2515 9871
8769 3582
7826 9990
7052 5070
2615 5896
1586 1351
3038 3149
7356 1394
5172 6144
5547 5350
2791 800
844 3665
4308 3931
7769 2341
6980 1959
167 9088
6427 7695
9027 3429
9155 5970
6687 1653
474 3064
5627 4164
2138 225
931 9666
2288 852
5777 4517
6375 475
372 6785
8560 7593
566 4010
4081 2274
2125 190
1286 5314
3367 4363
5005 2447
2600 2652
6932 2334
3398 9290
912 9432
6539 3622
6219 5583
9477 4986
5158 7345
2272 9739
8492 1212
2648 7044
6387 7193
9206 8996
438 6006
9418 7908
3251 729
1630 1410
8836 4429
6021 5234
4290 9099
8425 6041
5611 9608
3037 2095
5474 5092
7428 5834
9871 8173
1867 4368
7076 6322
9974 7238
823 7637
1101 441
2150 1269
3089 9816
6338 4558
8958 3574
5656 361
8394 9276
7536 514
9747 6255
3425 1075
4384 8312
5140 3976
7360 684
8759 9923
5077 4479
5732 3880
9365 2227
6369 5903
3437 5261
6140 1161
8249 6680
1137 5223
2344 6233
7389 1473
9382 1839
8945 202
3597 6246
7722 7490
1253 4805
6790 1172
6834 5581
4678 7589
3908 540
473 2128
3079 1165
3942 8697
7355 6617
1409 8315
3264 3852
2799 1185
105 3417
1259 2808
351 9269
5630 4252
5603 8370
4006 1167
2973 6758
74 84
2728 8883
3491 2108
9444 1473
2438 8410
9388 4000
2240 3635
2158 2493
2 2018
8893 5499
3732 1062
9398 9646
7593 3669
7701 999
9570 7094
8170 8792
9821 2486
6850 198
9186 7765
2296 6461
3434 6643
2651 6924
5085 342
6186 9875
1982 6689
1775 4533
4935 1039
8362 2599
4115 5654
7457 8158
5665 7449
6636 5916
9611 7317
6906 8700
2706 5651
2989 9850
8270 8925
5362 9628
270 1451
8986 7832
4524 3238
638 43
8685 6744
7585 3269
7345 5261
2156 224
698 885
1945 6128
9800 391
6226 3521
4486 4824
8516 2089
4299 2612
3645 3255
7628 4175
7840 2335
4580 7985
6281 2547
1325 9501
7375 3338
4769 1962
6398 832
3184 5118
7832 3277
8393 8837
2107 4527
9941 1838
1348 3372
9586 218
5105 735
3814 3221
9548 9549
9405 6781
1208 7088
7744 8622
4154 824
6563 9051
1815 9746
9420 6863
6011 1326
6736 7517
453 5653
4939 4789
3129 1871
30 2694
9124 9324
1026 6716
231 6917
4767 7011
2708 6347
3286 2163
9922 2165
5059 6838
4025 8010
9017 8537
6032 7777
8719 9973
269 1486
3884 896
6671 9545
2647 3242
9596 153
4887 5773
3562 5035
4798 5242
6015 9856
1767 993
2212 8232
732 9696
982 1631
3226 7183
3905 6075
329 210
9889 6539
4779 6819
6142 2083
2557 2085
2163 5771
961 1678
841 383
4786 3216
6753 2612
4488 8117
620 536
2875 3981
6781 9285
492 3275
9871 5743
2000 5630
4699 6115
8232 3262
847 9937
6030 9868
9946 4600
9244 3440
2548 6763
9613 6336
7406 9364
808 6779
4179 3910
5882 7112
3303 6786
4538 983
8585 3062
2806 4163
5611 437
3352 8182
5397 3770
5195 3514
6725 5750
9908 9877
6496 284
7815 3511
7646 7034
2746 5245
6805 8605
8109 9365
5425 5294
6368 4299
4225 4429
2811 5455
1067 5255
4127 8136
4096 9522
7881 3643
5740 6646
3483 6547
7874 2074
6948 8045
7549 1902
1242 2926
6249 1109
1789 4219
9207 6809
7841 1092
9054 2904
7562 5415
7959 2100
773 143
4145 2885
8433 4322
4934 4741
4862 6955
895 7554
3649 9494
9671 7538
3014 8835
4052 9088
6006 8508
4121 4605
9230 2435
1694 6419
7164 781
5926 2554
8221 1750
6590 4028
4829 3701
1107 2478
3338 2746
5714 8617
7595 3590
4150 9818
5270 9717
3571 8202
2910 2794
2881 4588
9877 4978
107 9170
1344 9673
5562 5107
6604 816
3950 2753
7162 2209
3785 4739
3135 5289
4631 5749
6281 3271
2292 3374
3469 7061
409 8561
1815 5022
422 4059
2939 4370
3758 1130
9709 6030
9557 6314
9929 6158
6441 3721
3624 7383
999 2836
2763 319
9790 8916
1933 1130
34 1748
3139 2998
1018 3414
3224 9143
5364 6363
7061 6328
5860 8339
8397 1646
9982 9383
5303 2011
6464 3706
7108 8548
2331 1811
3613 9204
170 890
6669 3187
6543 4589
9576 1539
9897 2244
7905 5010
6821 8233
4966 2180
852 4121
9524 1115
9687 5772
2961 9911
8493 3566
4502 3168
3993 2047
4516 9897
4423 503
3054 5446
7032 2680
4511 4945
5447 7774
2581 9842
861 5812
4584 597
2211 1519
3787 4021
5902 6326
2844 8746
8848 8506
618 5044
7983 7795
215 7348
3666 613
1957 2103
8105 3984
8557 5599
3161 7455
5178 2496
7971 2713
3402 8975
736 4339
8611 7363
9826 8191
4433 7379
5957 5655
5938 3119
8243 2757
1394 2103
6695 4472
4170 5009
6757 9421
3380 9999
1710 8726
3446 9109
4517 7424
2468 4231
698 7380
1510 1401
2136 5546
8394 4684
8182 8744
1564 9176
1172 3319
4820 4182
2079 537
9116 1441
5173 8442
5922 1032
8574 8686
3578 8622
8418 3280
9015 7726
8302 844
9673 1748
5906 8276
9660 4915
6714 3384
5250 2830
8414 3769
7304 5872
429 7050
724 325
2353 1385
5352 7290
2820 4545
7584 1075
7986 2363
2245 8672
4518 993
6481 3248
667 3728
3676 7143
6202 469
5618 6706
5473 5127
0 713
6551 5991
5805 9894
9760 8546
6960 4558
2786 1054
3153 741
4135 692
6445 4145
1509 6730
7499 9974
5739 9281
5817 9705
7126 2303
7325 7712
4453 2235
6041 1245
18 9471
7042 5310
6307 3505
1406 6507
6348 1485
9865 1041
8004 4520
1776 1909
8650 384
4512 2831
9784 1443
9005 4483
8116 5601
9452 4963
9983 5184
9847 7084
4938 9865
5425 5866
6848 2248
7965 4749
2388 6055
5373 437
654 8770
5279 2165
7818 7647
4358 4981
9234 5946
9322 985
3402 2915
2029 4199
7078 3333
1125 3551
6875 8045
5582 6342
1809 964
6995 20
4939 9018
9261 4870
5477 5173
3907 5681
3603 6693
7582 8024
1603 8224
6269 5567
3186 1818
9283 7226
6689 3294
7995 3247
3119 6774
2533 9251
8116 2605
7385 9957
2376 1177
3544 8601
5545 163
2758 467
8212 4437
8663 7845
8296 8657
6845 4202
6692 4852
8234 7947
4208 3117
3852 7792
7651 6540
1419 1661
4582 569
8082 2388
7975 3503
7722 3259
2936 7647
1791 1501
1581 9788
2393 8563
5704 8662
676 213
3876 2365
1954 3483
2082 7268
9140 5946
2014 5384
3916 1875
8696 6495
6154 8594
9379 7347
9590 8382
2315 9948
1349 6637
6626 6044
5772 3315
4444 7949
3351 9767
6605 1427
8868 1262
8050 3699
7726 3738
6183 8369
3987 920
6933 3002
1189 705
1976 1874
6224 7684
1348 920
9247 1246
6574 1348
820 3578
3137 8089
4981 3023
6809 4707
7155 8043
4918 645
1168 6603
8286 1019
8446 9933
6089 7713
8216 4119
8966 1911
2573 9263
4689 908
1788 9213
7360 1285
7645 4616
5306 2222
1127 2087
7882 3650
5702 9805
680 4969
9113 6151
7348 9961
5425 8740
6672 5412
3828 9361
3685 2318
7221 9524
3733 6010
7121 9847
9717 9586
8673 8402
8280 4732
3134 9397
7913 8734
8375 653
9258 9133
5706 1605
4861 5857
9362 5826
3343 1301
1817 6340
1722 6924
3663 9210
4131 1370
5767 6277
2298 4168
5691 5173
2024 9791
6916 6196
7538 4112
4739 4955
2930 7743
7249 1234
6729 3513
8580 9181
1685 230
4198 9002
9447 8644
2723 857
9892 3902
7773 732
3745 8393
7729 1467
6129 2730
8407 6698
7706 8169
3409 2420
9494 4563
5439 3712
3969 2178
7330 6769
3354 3824
7492 3185
9653 8356
7497 8023
4313 1860
8134 4981
1307 1790
1376 7026
6188 9492
6465 9899
434 9726
4556 6111
6569 259
8016 6507
8909 7342
8216 2786
420 8964
5018 5652
1778 233
8367 6293
7089 451
1564 3814
2212 1682
2322 6693
6978 5146
1046 1936
799 3051
7173 1875
2053 2957
4978 353
1502 9566
6035 8123
4463 4247
456 5226
2407 790
482 4963
8799 7063
2639 1412
6369 3128
492 6664
8182 5709
2688 4236
3671 7120
8304 9414
327 7808
2755 166
7161 4100
2921 9991
3782 181
2755 3665
9289 5270
1999 1007
5995 2357
5138 5016
4293 2274
9054 2501
4514 9935
373 3889
4906 5514
4658 8921
6764 1629
692 3368
2469 9293
5005 8535
2552 2080
2732 1940
8765 9988
1892 1560
6239 8923
2129 6401
1018 3332
1372 2233
4726 2934
9698 4353
1858 4124
7944 3761
4407 121
1035 3517
131 2776
7058 6807
9178 3308
369 2021
1534 8582
8471 8982
3297 1102
4328 4037
2340 37
7653 7045
8540 6424
7323 171
8377 7262
5243 3143
7078 8334
9533 6370
1852 6620
2620 7929
3949 8100
868 5935
6299 3360
4718 7632
3191 9952
125 4596
5203 7813
801 6275
5457 9142
2290 8489
3054 6281
8300 9331
1640 3866
1840 7783
3036 5391
3802 6004
555 5924
8743 5696
4833 7844
2392 7599
9378 605
51 2929
4135 447
1229 2118
4361 8416
4851 193
5715 831
2421 3326
3450 4448
7617 3913
2332 3617
9904 7317
910 7796
5906 2565
8402 3706
6127 252
9785 533
7243 5280
735 6489
6331 8931
4652 9213
3910 9124
5447 589
2952 3365
4712 9224
3428 203
1172 6817
6201 5044
3271 9660
139 8282
489 3279
5819 2522
9954 4642
3514 8929
9196 2836
3074 106
9689 2847
4224 3901
5007 7900
7621 3617
2329 4383
6552 8797
175 9329
6352 4403
4555 7472
2306 4541
9821 5737
6509 7593
8866 1721
7611 2385
8174 1930
8298 3833
4674 4334
1033 1160
3981 4976
820 7030
8371 9041
7294 1254
2308 3723
3527 8450
9856 1803
7078 7608
493 5947
5560 1716
5385 7306
8485 8194
2875 4813
7537 6145
3564 521
6737 6665
9249 7854
5803 4293
7556 1762
6828 6240
4126 9586
7598 7456
7184 7908
1007 5393
455 8393
1044 1992
3507 5055
9049 1119
7812 5615
1038 2907
6229 987
6507 4076
1119 8213
8842 1417
7358 2759
1555 7676
8709 9753
7255 4545
2330 3602
7684 914
8510 7296
5893 7965
3639 6288
6263 4854
6368 7588
583 2015
4138 6017
2859 8906
6729 2493
6302 1438
3546 7063
8688 5340
7323 8434
7556 5962
8434 2235
8056 3896
8678 6638
5093 1325
4139 7754
858 7173
4547 44
2678 6944
2330 4471
924 4327
3241 7850
3665 7372
5566 2552
3624 9400
9157 1145
8102 7769
5989 39
7297 7008
4701 1018
2140 4254
7348 3663
8684 2030
6774 8969
9959 8223
3662 9574
1729 3797
5161 5474
5040 3936
166 2294
2485 8208
8995 2073
386 2782
4748 3763
631 1579
4121 6441
2438 3998
4896 377
6210 1057
5252 9944
6833 17
918 2729
2739 559
7286 7773
6505 2672
7607 2264
6307 1464
9404 1444
8219 2085
6282 8512
3200 2027
2478 8398
3733 918
6491 6383
7473 7064
4403 967
9167 4601
4122 6478
614 5974
6630 8634
3389 7863
1641 588
6098 2932
6622 6921
4418 7064
6193 8842
4077 491
2999 4179
521 7524
3561 5904
6819 639
9328 5900
8468 979
7543 9155
2681 3070
