placement model: 1slider
width: 10
height: 10
number of points: 100
1041 3644
1117 5505
4727 1611
7231 6867
8916 2239
6116 1296
2563 6433
5986 5426
2937 5439
2108 1803
2979 8409
9123 3562
7185 3686
130 5465
2560 5547
4589 2124
2228 5838
995 2408
8719 4746
6047 5635
1392 1316
4639 407
5956 8410
3849 5195
5839 3278
9185 2312
1836 491
8514 2482
1542 3769
2883 674
3235 6098
2304 8699
495 1070
2854 5914
7616 2429
8992 5747
7411 6542
4790 915
9660 9811
6817 6333
8756 1872
8000 6951
997 4682
7858 5917
492 6520
8209 7798
2899 2045
6766 2858
7114 2189
5004 8391
6769 4832
8780 6212
5006 1950
5387 8313
324 8454
4959 1810
4938 1721
3969 6747
7648 8488
9394 8644
9388 1133
5153 1863
8110 6811
1300 4980
2752 4712
6261 2613
8094 8575
8702 4606
7357 3044
3626 6855
5470 6414
1838 8407
2708 4713
1573 1510
7293 9807
764 4276
8647 7658
7745 1470
2357 3274
9986 940
9993 1880
7524 7952
9082 5395
5780 9536
849 337
4568 4196
2699 6714
2437 16
3583 3736
5266 921
3815 2572
6717 5930
4386 3100
9338 9665
3174 1490
4056 8512
6648 542
5603 8421
7731 9371
9108 8066
