placement model: 1slider
width: 10
height: 10
number of points: 100
908 2341
9471 3019
568 5054
2785 4576
5411 7187
8071 6039
3499 4234
8603 6692
1681 703
6140 2655
7623 7182
6163 3504
1952 9900
2841 347
3863 3960
8261 3163
5319 2193
6387 1447
8002 3792
7869 1465
8054 6152
2785 9950
1188 4502
2409 6025
4728 7487
2962 6292
1544 7965
7133 8184
1108 6909
9013 3330
4749 5001
161 207
5238 560
9990 3428
6133 7807
3190 9627
9142 7232
5924 6681
2556 4938
7461 4128
905 9422
4443 5545
4760 2491
443 2861
9387 8738
331 1514
9995 5458
4357 2051
3086 435
7192 9881
7031 3591
5608 7107
9339 5937
4983 2378
8358 6715
7326 7875
636 468
4943 8550
7504 8827
5563 5925
5061 7356
5284 7267
4901 3722
1667 3861
263 4283
4057 1228
6336 4266
2688 4199
4699 2588
8579 5411
9059 2617
555 1721
9301 3490
1964 5948
3312 6585
4057 4724
7537 4518
1829 5095
5134 3031
8423 3966
3303 3235
4120 8694
2510 185
1989 7948
9716 8666
9887 2600
5843 9179
9425 8481
5815 8843
633 7856
4465 9893
1881 6786
8338 4536
4233 3923
9008 1325
5974 9992
8256 5446
4321 9794
2942 6470
8967 6494
