placement model: 1slider
width: 10
height: 10
number of points: 500
4853 2988
9374 4884
2051 7380
2639 2062
4930 7360
8135 215
2131 1722
7101 7826
1029 3620
272 2041
6904 2177
8633 218
5839 9856
6097 4060
8854 3340
5003 613
3005 5327
1517 135
1796 5299
7926 4447
8420 937
9741 840
1367 5401
2623 7110
6142 6896
8331 1787
934 5391
1516 9966
8308 2105
7714 9362
7730 1475
366 6439
6961 7059
3542 2637
9680 7608
9921 6284
5148 3153
8952 6807
3757 1971
6860 2277
2229 7559
8839 9417
3890 5612
4627 5423
1670 573
8125 3638
4566 6933
4241 7880
4228 2274
6364 4462
3400 2238
8448 468
9529 452
4861 5957
2967 8560
4504 1617
3493 7437
7522 2076
7105 8150
7658 1427
5696 7200
4424 2225
7750 3354
6589 6073
2982 7710
7901 627
3274 8569
4343 5656
5815 630
2246 6882
1251 1990
2204 3841
895 8201
7971 3356
3196 420
8478 5479
7383 9317
1844 4111
6730 8376
5046 648
2627 4147
5518 5379
883 1473
6330 2548
8893 2511
5829 1066
6195 2603
2015 8431
6403 8654
4490 9107
8718 8822
6470 5814
482 3290
9847 7760
8899 2416
7158 5907
7720 4481
3023 105
4438 7783
5241 8082
9224 4328
5680 1927
1518 9975
6685 8103
1808 3381
7265 1242
1735 9327
8472 8040
419 3019
8601 1259
7153 9960
5711 9618
1885 4749
9781 8782
9903 6833
1913 9951
4742 3797
9866 7440
7595 6308
231 6588
3508 7465
7653 2254
1843 7526
3895 7285
5461 2256
329 7324
6979 4358
2211 5061
2664 9229
6245 1667
5260 5285
549 4926
3771 4411
4408 2966
8108 1545
3840 7509
3807 2049
3253 8674
9997 4404
5907 2280
3572 8914
9270 8476
8811 72
8330 5707
2649 8766
1129 4491
1295 1066
8137 1612
2914 8300
2327 1536
6923 879
9646 4363
3265 517
9486 2707
8832 4196
2232 2672
1604 7775
1930 453
2464 4692
933 6463
9807 4650
7658 2784
7703 4243
4037 8036
8975 5364
4212 5638
9953 8046
6731 5339
5382 9310
813 8849
1610 9765
905 357
8133 2240
4676 7174
4462 2422
8462 4141
4057 3349
7105 8694
2679 9494
2054 4558
3178 9476
9785 8986
9621 4091
7771 8219
3955 8356
1801 6434
7669 8668
8300 5333
1805 3324
4901 9266
7778 1452
7276 8752
7235 16
1269 8224
8706 2218
8832 1300
1066 6421
924 5804
5917 1885
7028 6503
2576 2958
4190 6595
7324 4392
1430 9131
6961 8047
9296 8510
8745 2759
8518 7979
8085 9953
6188 2979
5809 8085
1007 5965
3586 4515
7517 354
1460 667
5175 7410
9840 6239
9948 2368
7253 8429
6068 2532
9532 8785
3214 9446
5689 7254
8021 8381
8212 4058
6770 4950
3282 5921
9970 7861
2447 3399
8370 4958
8054 618
2972 3568
9112 4789
3594 1067
5540 1314
5573 4161
4039 5899
7109 1408
3955 248
3243 4473
8904 9815
284 5186
1379 7750
4666 7440
6930 4208
134 3473
7034 9734
8387 4238
1971 4632
4428 5129
2000 5308
6223 7341
9272 5584
1726 4858
8648 8894
2469 8210
5064 6534
4726 2686
7160 460
6658 6477
9781 9584
672 9622
4583 8591
2894 9120
7979 5756
6134 6175
5802 2829
8615 6869
9912 8829
2615 7480
5841 230
5732 7010
6585 4965
3639 2712
4842 4142
3428 9651
7241 6271
2961 6177
9688 5160
859 805
2366 2615
7246 2046
4874 9222
8414 4100
512 4609
7866 8807
409 7624
6635 1145
8654 3261
9001 4428
6718 4096
4352 199
3204 4650
7829 5681
9067 4852
9465 8645
3164 3646
5059 4124
8487 3264
2369 6839
1788 5728
3527 4237
7864 6752
143 2963
6888 3187
5764 2307
8149 9519
1490 2136
514 1270
2857 4958
9859 7235
8556 3390
2115 4377
4190 9823
9786 2464
5754 6718
9006 8605
6269 2421
8981 9271
6701 4940
2156 1937
984 3256
4595 3066
5853 1044
8697 3349
1640 8475
9544 4068
1508 2246
2541 747
2951 4901
8783 31
3165 2315
8102 6587
502 7426
1430 2343
6780 9396
3806 9634
6174 5772
2142 8266
862 1613
4162 9795
5984 5905
9606 1881
7179 6473
6914 2052
2534 6749
1104 5858
8906 3818
9253 5593
4008 749
2423 1583
7607 9863
4911 9929
5298 4609
7806 8143
5599 2883
8047 3605
143 3601
806 8076
8951 381
5660 6234
6900 4396
3771 5954
4003 456
3625 7727
5469 9416
5436 7611
4129 6936
3824 6111
137 8620
6069 7440
4930 7973
7842 9335
9501 7147
2665 8141
1075 7445
5851 4148
2632 9619
6594 1001
617 24
745 2048
9733 5071
5418 7989
5440 2128
5351 8713
6544 6992
1348 3060
8225 9480
9610 5929
8181 8539
3622 5682
2245 1094
9468 8394
1975 5180
794 1517
3238 9636
3942 4032
8718 4126
6895 3687
944 2691
9119 3811
67 5992
8215 6510
4464 6708
4033 9959
8468 9370
2359 2083
7113 6245
407 7889
4400 2147
2231 1240
1845 3580
2682 2623
4721 1904
2654 6605
4918 9118
596 5940
7264 1572
5733 9089
1296 311
4471 936
3588 3465
4007 1139
667 5956
7446 4122
7996 6521
134 9280
6221 6420
9767 5923
6153 485
2741 2997
5221 5576
2829 8065
1303 8530
9416 5754
8635 5133
2390 5741
7828 7004
6604 6843
1550 6670
7396 7553
9085 6992
5657 8638
687 6903
8697 3469
808 2439
6513 3869
8476 9844
8149 6468
3239 8683
4699 511
5428 2752
5381 1719
9272 5239
8221 6471
3695 7488
9863 3250
2775 2252
4351 9567
3145 7273
3458 3784
2324 5545
397 4044
5383 7120
7863 5764
3582 413
1444 7451
2309 9288
9274 2644
3336 6925
1861 4302
1368 9548
9439 5448
1196 3645
1302 8713
8800 5884
1522 1140
9521 959
9535 9009
9660 1320
8666 7399
4565 5244
3514 8996
2183 4212
752 7654
42 364
7509 4544
2342 342
2370 4092
6446 7746
8060 9822
7092 5482
9894 6306
1247 9285
984 6753
5897 931
2019 3930
2146 1907
7153 2477
7947 4541
