placement model: 1slider
width: 10
height: 10
number of points: 2000
5729 3021
3132 7687
2076 3248
4507 4699
5231 374
1360 2139
4780 5478
1001 7572
1826 458
8320 7234
9611 9411
1277 8695
4068 8330
7080 8301
9699 4830
1459 5553
9650 9663
5313 1365
6127 6502
8696 3145
1639 3885
6600 4895
3175 2261
3195 7976
9541 7530
1545 8049
8654 5192
5917 7442
1616 3017
3785 7556
155 8140
1368 1015
5039 1876
4387 974
9288 6445
2814 8705
7872 6894
7221 9840
9337 4705
3157 7037
5293 7967
3945 844
698 9071
9474 5839
7415 8570
861 602
5653 2694
6198 4353
8749 6120
6185 2507
25 1386
5245 3995
816 5193
8399 261
1788 1252
9559 7303
7605 8577
1792 9594
2710 598
3406 9334
1709 9886
2706 1442
8685 9158
9432 1048
8709 1711
8146 7626
9417 5068
1307 5656
4011 2045
5113 2389
4989 3318
2922 4314
4487 7853
842 4274
281 8344
3442 6157
1213 2464
668 248
8808 8367
2895 753
1401 6087
3911 9540
4779 4150
5292 844
5049 7698
3523 2677
651 2372
6051 7342
2744 9706
182 7434
6739 8989
115 7697
3701 7113
2314 7064
7789 7825
8560 4057
7610 7532
2136 2988
4354 8953
5361 9846
294 5974
5122 1459
4827 1614
501 5503
3194 6492
855 832
8437 91
9908 852
4382 905
5297 8135
1152 9146
2809 7456
7310 5879
9867 7177
3981 3345
7870 6022
6483 4122
8798 9751
3602 7963
4749 6204
5738 804
2380 6238
8549 7308
8121 6520
5785 8583
9200 2188
7991 5955
7594 2794
9951 6010
7395 1960
2549 4929
6544 208
6647 5384
2137 3462
4411 2328
8565 8115
2615 3629
8324 211
6205 8870
349 3722
8125 8403
3705 99
2296 2981
7187 1004
6623 2645
2215 5116
7726 1448
5309 145
5983 4769
6893 1113
2934 581
3443 6818
4563 1777
9731 6999
126 241
6898 5454
898 5178
7445 3086
7571 8479
1911 8621
2912 247
8699 7359
7912 3652
6329 2810
603 9982
7869 1958
9898 406
2979 5022
4617 838
4693 2726
3618 2545
5892 5761
1012 1228
4377 2440
4948 6430
9320 3167
7251 9383
880 9485
6590 1567
2359 3979
4810 7093
1268 8469
2918 3404
7164 7533
1285 5749
3666 4416
9481 8728
2620 7910
3399 3937
6335 2929
1566 9947
6048 1820
3124 6198
6168 8239
1161 5051
3737 6020
5837 7962
9713 5900
46 725
23 174
8491 9826
8333 5638
5217 4130
7636 7193
6424 9594
5672 8781
1538 598
8660 9852
4872 4761
1262 7682
2983 1341
8567 8085
8502 3782
8858 3742
928 327
5636 9079
1802 8194
8251 9007
9040 3040
1323 8569
1565 9028
523 7542
6444 5367
8753 6497
236 7853
4048 4688
3824 5482
8793 6056
7485 1582
4390 1927
2393 5622
4340 4293
1504 7749
7678 3169
5444 7546
1612 4060
3813 610
8678 2534
5258 162
8929 7233
5748 5131
7939 6589
7998 4275
9579 710
1032 4883
8221 8972
3034 1089
3263 7493
2866 5157
4379 7178
9205 3349
4812 589
14 6198
1621 1141
6340 7217
3460 3508
2476 3171
209 5662
4755 5975
8548 9689
4517 4872
752 4037
2915 5934
3850 941
9218 6218
674 9119
5016 2041
6464 7416
5085 4020
1431 455
9766 6020
3916 7219
9356 8160
9305 5239
7239 9873
2866 2877
8166 2669
7238 3265
4002 2710
197 8736
839 1708
7932 5262
858 8339
8957 6471
3035 7956
7950 8331
2149 9353
1603 7840
6292 1588
562 4265
46 9649
9176 890
7857 9919
4033 839
1485 4666
3643 8055
2822 7751
7779 2238
7129 9930
930 2405
5120 1398
3992 7022
3114 6547
4568 3278
2443 4868
798 1564
5241 8388
4438 6524
1013 2909
5070 3416
635 4882
4506 8567
853 671
1606 158
3006 5278
8847 2560
3982 4287
5411 8271
4507 3657
5954 5625
9141 7095
9215 521
5696 8110
7483 6900
4457 3896
6589 1884
6623 117
8322 7511
5919 5005
3111 9485
1481 2843
4876 4790
6170 7637
5409 4226
7684 7056
7085 1436
1876 8239
9822 2576
8363 5497
6746 9409
8054 5338
4285 4893
1726 2979
5777 778
7489 4084
3943 1381
9727 2844
567 1117
8694 9949
6208 4954
2317 124
3504 8422
2673 1221
8384 821
4563 7356
7154 2879
8079 9868
7158 9570
2709 7257
4355 3280
5532 1465
3099 8093
8190 64
6921 9134
7539 7971
2700 4308
9545 1886
1161 5792
8776 9818
1857 8308
2592 8277
9682 5237
3194 3168
2060 4567
9691 9169
6724 6708
9447 4058
9349 1526
1090 6191
8706 7090
5772 5239
1083 8229
8992 3903
5311 7704
7626 5011
5269 611
9281 9272
3797 9187
4116 6857
4956 9114
2734 3464
7592 3515
4402 2193
1582 5010
1964 3777
2576 7666
1010 3038
5256 1680
5667 9103
1637 5546
7600 618
5165 9012
342 7529
2288 3364
8221 359
880 1649
6181 2922
2366 4839
5680 717
904 4753
1723 8063
1235 4572
3963 5778
7090 5927
8872 9237
8548 6424
8048 201
7456 3106
5893 331
827 6827
4632 9676
9795 8231
253 6292
5841 781
4255 7358
6625 4642
5231 5330
439 3015
6895 3678
8311 8823
1665 8494
650 4958
8303 5583
9431 9087
2977 4340
6006 5807
9187 8330
7996 5674
3659 8866
2535 3881
8991 9519
7861 5642
5309 4401
1369 645
3571 7761
3061 3700
1038 4404
4542 3469
8352 1002
8717 2892
3815 6200
1052 8287
5944 436
4832 1044
9955 9470
2879 3035
8317 5850
58 4377
9285 2179
1372 9547
3077 1489
1640 9162
9377 5771
2991 6372
5105 2602
1586 7334
7264 719
8497 7441
9586 9557
4536 2267
8085 2947
9860 9840
6919 4830
9800 4181
5197 3097
8932 7836
1428 3589
9545 3544
7395 2232
8554 2330
3820 1245
8475 4350
4364 9866
8530 5320
7513 4148
2552 6816
9942 7189
6579 1179
9705 5702
8160 8413
6155 6007
9832 5536
6690 4366
3402 2455
4256 6116
540 6512
6909 6801
1294 3593
2307 5787
1744 5343
9313 2601
5138 1358
8491 686
1503 2285
2043 2821
7672 6060
711 8618
3869 5365
6562 3103
3441 7949
8075 4667
471 164
684 5995
126 9982
3177 5481
2546 7161
8253 744
3638 7837
7045 686
5171 5487
6925 2484
662 9516
7706 5406
7155 6994
1754 1401
5221 7551
2061 3579
5798 2521
4451 5619
4914 8133
6713 4570
8911 5677
4474 4862
2984 7914
7282 5609
1085 5669
8648 3384
7155 5901
6436 2043
7543 9519
3845 4283
6042 4960
8170 1241
2292 9089
8922 4370
6818 6849
8614 8917
2903 5983
656 9239
2116 2156
9976 615
2770 2479
8951 9279
1799 7146
9403 1815
7612 7304
5119 2872
2944 6236
3382 9312
5092 7451
9680 6926
9994 2535
8785 2342
7188 5750
7376 8734
2567 2867
1561 6642
8610 2585
5685 8073
7583 8708
1629 5185
4329 8587
3745 4218
5858 6902
6107 9596
5604 7748
6951 6658
5758 8781
2391 7434
6922 4929
360 3962
4065 8776
5096 3400
39 8879
4821 5975
7134 326
2348 3466
1656 3879
4802 2182
9787 5427
6875 2125
4443 40
5172 3618
6560 8576
6555 1128
2920 2140
6298 3260
527 8052
6868 2545
3314 8033
3062 6737
4128 238
111 1279
8961 7034
2958 927
6000 7461
6268 5132
8526 9801
4600 6975
7829 5796
3142 2421
7426 6789
5800 4699
7799 4930
8147 6331
9574 1297
6988 331
9616 9711
1741 7063
4704 3827
2908 2902
2285 1133
7446 5943
4869 931
590 2885
5812 4488
6472 8703
5084 2205
8649 3841
6661 5892
1547 8417
7825 3010
4907 3452
7068 1216
9641 3942
452 6481
4604 8240
153 7681
9140 7120
2083 2131
5040 5602
8142 553
4392 5477
7715 1787
4833 3500
935 3607
7382 2766
6506 6721
7801 7177
6202 797
5804 1452
4786 2224
575 7572
6446 9940
8362 1433
6511 2765
9823 7836
9849 8108
9221 1774
340 7551
6623 3026
121 33
5174 9607
7525 7870
8694 8257
9116 3522
9958 7161
5463 8178
204 3112
9754 5412
3246 8523
1588 5667
1634 7325
6513 5227
4339 9027
5658 9221
4483 3251
2316 5602
4264 6241
4925 147
5623 4409
5548 4196
106 3627
722 4684
9733 8884
7260 9929
5357 6596
967 1537
8200 22
6329 3009
7798 7955
4355 1759
8353 8674
7755 3923
3104 8380
9799 299
21 358
7630 4417
949 6179
8042 926
1219 9796
8373 1149
1522 1281
1409 9625
6636 4645
3408 5460
7079 2390
928 9505
2698 6633
5880 2860
5416 1487
7000 3646
2630 261
1553 8833
8322 8796
1183 6734
2770 4748
2740 2168
9837 6394
2705 3490
6465 3284
9054 7937
8371 1962
1379 8741
5815 37
2864 3705
4303 5392
1610 1102
9455 8933
9730 5438
2660 2275
7167 9591
6097 4718
2557 8302
6539 3981
5549 8267
9573 2950
1548 3681
3461 5308
8235 6437
8075 97
5913 7300
7858 1238
8554 1867
4028 2232
8010 2556
2022 4017
3569 5469
6282 574
9970 1315
4543 7818
5713 274
1825 6685
9347 5313
7341 9255
3462 9573
1878 8714
6524 4076
5185 9237
1201 1987
3270 8182
9832 8006
5171 3097
5141 1095
5135 4463
495 5923
3061 4388
1405 2881
6987 7419
1626 8747
3187 7556
3246 8279
9785 6087
4103 8925
4903 1604
3088 3718
1660 4381
8415 6710
4758 8729
8812 9492
2827 8917
91 1079
6905 9698
9348 4160
8294 8425
6755 1687
6878 8534
1672 6425
9232 7992
7018 175
2759 4090
9781 5400
1825 1146
4183 7356
1577 4240
4921 543
3015 1143
4122 8763
7210 109
3937 602
7174 448
9680 4586
7425 7963
4642 6205
8595 7194
3471 658
990 5041
344 9145
2388 5725
8845 6635
4542 1309
9837 3880
6049 1018
5875 4829
8723 3440
5289 9597
3349 483
4631 971
5932 7501
2263 7670
1472 3156
3086 6836
9085 1544
8651 9231
1643 562
1464 9185
3500 7888
5832 3597
9990 9881
1177 7104
6278 2365
6498 8157
6223 9625
8652 9121
790 8447
7579 7946
9694 6069
4494 4564
4529 9070
6689 846
7849 2583
5472 3579
9351 1734
2565 4815
8327 2259
9503 6899
9478 85
6514 1176
3104 2148
6356 560
4655 2095
8235 4774
2861 7551
9331 7059
7534 9020
5640 5436
5690 2720
8055 9185
2298 8420
3023 4506
5811 411
5872 4899
2524 1095
1483 7292
4966 6314
7243 6619
2425 5544
657 8576
8350 8314
8089 4089
9781 2701
7396 4152
8923 8780
2701 276
5021 3977
8489 7046
516 5158
4856 4836
7759 6412
4812 2929
6778 5312
279 5010
1477 2309
5512 1192
2175 7023
3786 6104
8109 4392
3297 9916
4799 4631
2250 736
6681 4518
3851 7444
9538 2692
204 4843
9776 4355
3299 7698
1376 7036
5721 4544
6422 7117
3602 5303
7445 2781
7726 5434
4338 1210
7187 2500
7521 1368
564 2663
5633 5430
2547 5974
6323 3109
8141 2286
9668 1053
291 8959
2253 8362
9813 8415
5803 5558
1693 3104
7508 1993
2381 1728
3564 6271
4496 5717
3148 5044
8969 1040
7721 8082
1982 5904
9037 7425
1083 2652
9776 9689
2307 1610
5377 8547
5751 1336
5721 7458
2744 5014
616 9063
9317 8641
5004 3374
4975 1245
4169 6313
5596 5859
7939 6387
7527 8097
1397 6476
9206 1015
5310 1694
4740 5093
7684 598
1778 930
8755 4999
9853 3194
588 4804
2883 6770
6581 5462
9078 3704
9324 6472
5933 9964
726 9200
8124 1328
3055 990
2145 997
7068 5641
8983 5379
6705 1880
3600 3818
6059 5344
3252 3792
3053 7454
3448 9984
5385 4787
1049 5849
6269 1785
2700 9751
9422 7258
3412 4110
2415 7993
9786 8319
8018 6071
8248 9024
4458 2442
3850 946
3132 9135
2297 2558
3224 2343
2836 5958
7684 3309
7724 2484
4696 989
7126 4470
2663 3344
3156 6075
9530 379
6032 2099
9865 9858
5540 8695
320 791
5261 7645
7347 5099
2073 8549
8495 9184
2377 2404
372 7978
8863 6920
5605 7779
6349 9784
3843 655
501 5110
164 5371
7931 1281
3279 1684
9103 3476
7919 1941
6409 8319
4200 3539
9642 30
9337 7182
4430 2410
4195 5471
1879 5508
794 276
9966 8916
7210 6809
3919 6838
3877 360
4997 3043
8842 8039
4617 9795
658 9858
4309 2580
5726 7421
8521 9135
4314 7155
7372 992
211 9650
7281 9266
5313 1077
9908 5309
9292 7758
5324 6497
5896 802
1765 895
3475 1764
9583 7806
6423 8516
930 7668
710 474
1299 7689
9919 7490
8976 3668
4750 834
3152 2360
530 6056
8942 3972
9160 2620
774 1565
572 9399
8252 5926
6860 5718
7258 4765
9542 1640
7942 4134
5631 7657
8934 2251
4780 5234
3703 5789
6152 2348
8770 3953
1248 1324
6507 7329
1594 9088
7512 655
3253 7586
4499 8043
6366 4705
427 1907
2092 8009
4226 2378
5252 6686
8105 557
8065 8434
7456 7258
1148 6819
3003 3848
887 2917
5533 9825
3969 2014
2027 9726
2436 1196
1915 2991
9554 8742
4636 4043
6623 4915
4182 461
6670 126
9386 1698
8340 7915
5567 6110
5306 1231
6398 930
7926 2807
8769 6109
1167 7483
1965 6994
9163 7973
3589 1337
725 896
4791 3264
1198 9197
4952 142
6667 9787
561 6912
4082 1936
1744 3204
9620 6408
2993 2470
4841 7762
8357 9533
2123 7001
7778 8081
9969 1197
8725 9188
4800 5632
1290 3605
8150 2494
5291 5513
8661 765
4424 9156
5437 8238
1338 4843
9602 685
7685 742
7105 2234
448 6975
8130 8706
1290 9853
4099 7277
2709 5199
9528 424
311 1351
9303 855
2904 8968
4123 4777
5715 2858
4742 7302
7122 5054
1149 6350
6566 7094
2966 1644
464 8894
9958 8908
1800 2075
4824 9247
5252 5551
1992 4797
8813 7913
9001 2547
8521 1226
8742 3965
8399 4544
9163 2448
9742 8801
6866 7621
823 4645
77 1188
7248 6733
1100 4787
7115 7869
1692 7504
6065 105
2507 3561
605 246
3972 9351
276 8794
231 4
6830 493
1989 2494
1717 5719
6326 6221
8383 6899
9282 5977
482 5008
1387 3687
72 7560
4282 1742
871 5441
7198 2447
4290 6962
9785 5255
31 6288
6099 6296
7725 7090
3099 6905
889 49
9604 7506
219 851
7335 5165
3920 4902
4573 1820
7060 5388
1329 9774
6426 8984
3066 5940
4617 1859
8542 5749
9488 6233
2144 8229
1732 3267
4080 8990
743 1273
6749 7592
4495 5501
2732 9360
7242 5896
7250 4400
1495 7949
3961 5589
546 5681
8859 259
3068 8423
4335 9971
3102 5107
3630 3355
2473 6758
7399 452
842 6054
8780 7888
9513 7390
4315 2817
4582 3295
7230 7959
4800 1330
4195 9541
7954 3573
7330 2695
7821 2733
8019 3896
7197 1898
3113 5173
5102 8778
541 8836
6216 476
2381 4152
5784 4732
2306 3861
5144 8961
8547 8824
5868 8497
5074 4242
654 1168
5510 3389
8370 5978
8944 3318
7923 6563
9115 8322
9614 9217
7795 724
2306 1005
549 8565
8835 7706
973 6461
4821 5118
2791 3026
8370 5206
5367 8044
1582 4708
1703 2905
1798 2147
5748 7038
9213 8825
3829 1311
7236 5070
6702 5421
1294 9410
5338 9773
5667 5505
4484 86
5903 7795
984 2956
237 9314
9943 8394
4600 1004
5161 9171
1402 8643
5490 1923
1410 7509
9181 6446
2267 5491
5197 4606
1864 5940
1176 4086
2757 7938
1256 4790
2948 8668
692 4860
529 9306
9327 163
6437 7232
1899 3640
1478 9935
654 9283
6524 8317
5639 1384
8213 1480
8127 814
4559 526
9860 8669
6243 9844
5099 6882
1134 1116
9912 2862
7479 1890
7218 3965
1548 9348
4980 758
1990 236
486 5056
7715 7945
302 7446
8722 7642
8887 7229
8962 3306
1858 1274
2185 6320
1788 7024
7165 5721
786 3046
941 2935
9279 8908
4745 9462
8004 3488
3477 1308
398 8938
1714 657
5841 7423
5904 2167
8990 4355
3975 5617
6461 1515
2676 8724
9872 8537
4060 9872
7821 1938
1303 149
7106 2106
8726 3834
2282 9699
3387 8304
2343 3890
3003 7849
9779 22
3976 9283
2559 6202
7318 2091
1950 8481
7518 5197
2676 2208
5752 3360
1590 4760
6310 6468
8811 938
3258 6088
5133 8373
4379 3495
5538 8077
2175 4566
7116 3722
9314 8476
2096 6875
3151 3203
7648 2110
2754 8264
7487 8729
7510 2957
9965 7425
1770 8787
616 2740
6989 5616
1046 2427
648 9165
8498 2590
8726 2206
1983 313
4675 5023
8794 3588
3402 4541
7875 4144
4628 1144
4801 5301
5824 9080
4506 9530
4638 5766
4608 2435
3765 2037
2424 7770
4001 8310
272 2933
1818 8221
9659 4513
2542 8256
9158 642
5706 2631
2568 6137
2784 9773
7674 3034
4442 1505
6261 4663
2401 6445
9086 6587
7721 1521
7338 4188
4012 3526
6239 1891
3401 5098
5245 843
5758 9026
5802 5677
5520 6688
7644 5228
2144 4637
8331 1727
367 3332
3416 747
8002 7579
1486 8651
6657 7218
5593 6074
5121 7825
1178 7800
3175 5347
2313 693
8193 4715
3926 1836
1356 8937
9048 838
5941 1064
3986 3356
8953 9931
7026 4087
968 155
2466 7691
8169 3720
681 896
5692 964
5443 9132
6930 1823
8496 9261
1986 2484
7727 6932
3575 7707
3414 2437
4499 2730
9091 6903
4970 401
3854 8024
9344 3756
1342 8716
8747 8839
2395 5975
680 8291
825 1077
2425 8844
9881 1625
2560 3631
1357 7870
3099 6514
7203 779
453 7815
2707 6798
2769 1684
4787 6201
7224 3265
1945 6578
477 4299
143 5484
8147 9256
9702 5824
9543 8587
8051 9025
237 9292
282 3948
3361 6955
5020 8451
9421 5575
6646 8041
1608 1838
7275 7913
2496 6736
9683 1181
9230 4916
8420 7721
6356 2677
6959 2303
9776 3449
5157 9713
8850 8779
3875 3564
4942 9013
8923 4450
4311 348
1569 4359
8893 7434
5415 1523
1608 5828
9589 9745
1239 7263
9588 4064
7011 9210
20 4610
7366 4590
4545 5342
9914 7311
6590 9577
2058 5979
9403 3282
1261 709
5983 7047
1961 9803
9216 973
7303 4132
809 141
5090 9990
1512 8486
7158 5563
675 306
6111 2277
4987 4333
3501 7045
8 2914
8878 6985
9217 7705
4507 4299
9456 1173
8978 594
5848 4635
3030 4693
2636 7662
409 4918
927 3033
4454 1650
3748 9186
2443 1847
9038 4671
2916 6982
3844 5669
7394 6522
1077 3388
6609 3782
1149 7479
7386 1576
2764 4369
7371 6542
9641 3872
177 2234
1146 3140
7006 3381
9926 7846
2480 8518
1348 9358
9069 8807
4202 9826
5229 5667
8679 1727
6503 9565
4401 2245
8915 3167
4323 8820
2094 6
6308 382
3561 273
9129 616
2540 178
2552 3412
634 8785
5036 2315
5054 490
7962 847
7818 5801
6447 7413
2502 6299
9378 6495
2524 6657
9295 2193
9328 4321
4802 7198
3336 765
5828 6900
3586 5829
3248 5366
1470 2622
2709 712
8975 3641
1579 5006
8052 7825
7111 47
2847 4179
7709 5540
1876 8987
8656 6201
6298 1385
3759 1392
4257 3137
2284 195
6796 7773
1105 5709
4441 5329
4735 481
2222 1643
5565 4286
2964 2145
5998 6647
9510 1502
5075 1779
5945 4277
6363 2776
8044 5554
2045 8575
2574 760
4190 7109
6921 1381
8516 5411
9954 8030
9468 7234
4579 6744
8215 1220
7613 4993
5905 4765
6368 5577
2534 3961
2062 3527
4358 7553
7159 205
4096 8952
7128 1673
8296 142
3360 9068
1214 3705
395 281
4945 9986
9560 664
7869 9505
5649 3986
6968 2842
3033 6319
7094 9783
6135 3051
3981 606
2352 2417
3647 4138
3683 3943
4195 4349
8259 4248
8657 3285
8860 8202
3390 9482
1066 8233
6334 8294
1988 9707
9674 2789
5420 1603
1339 8024
1634 8837
6832 1887
4118 7546
7509 714
7575 437
2878 8292
9368 2840
3811 9991
4110 7757
4109 182
7170 4104
8681 6288
7179 4114
6038 7385
2348 5633
3738 8504
9576 2854
3813 1002
7136 6548
874 5836
4759 4832
536 5351
7466 1598
9672 6167
2895 9738
9851 3501
6179 5365
804 4371
2195 2469
9209 51
5537 6875
5596 1145
3681 4997
7323 5790
4068 4788
503 8892
924 355
8238 5630
363 2928
7974 3811
4654 5596
5582 3773
3500 917
6015 3483
4077 9694
6197 2487
4556 967
7012 2260
8359 1641
5577 3400
1971 8051
7299 875
4206 4601
8256 9188
829 4144
8672 6420
9885 4989
8227 4318
6545 3410
7796 6067
1171 8644
3700 3512
6643 5833
4869 6600
2288 4957
2640 1419
6642 3291
2769 5580
7581 7590
3847 3497
4658 922
2566 5080
4300 5461
5275 2991
2671 7157
914 5551
3476 1641
9770 8150
8761 6437
9274 9948
4582 3230
3820 9096
362 1109
7869 7683
5757 1785
2979 6777
862 9835
6989 8893
7379 8341
3156 7519
6512 7670
1591 7088
1053 6568
6680 918
3913 5926
1737 2842
6203 2202
8674 3804
2965 7080
2670 2254
4357 5866
4443 837
1088 6347
2872 5730
6696 7301
2900 4158
6564 8380
9285 4499
6906 520
447 2942
3421 1666
5168 8271
1144 2852
4286 8706
4190 8020
302 7238
5976 3109
5203 2564
3700 463
9743 6443
9367 5116
2531 9624
1280 2168
1005 324
8836 5146
1110 3374
9276 4159
8909 5846
8732 1724
2999 4286
9939 4933
7115 7212
6916 8565
2986 7249
8110 8238
8230 9164
9695 335
9746 317
3522 6289
293 2513
8077 698
1250 3241
6072 8492
7252 611
7070 7561
9642 9621
3768 3405
5610 91
5193 5153
9738 8468
7316 1457
8423 6477
2581 163
7964 667
2835 1052
3834 4937
879 4107
5636 7532
652 1424
2860 5385
376 2914
2312 7029
5169 8810
2937 5409
6013 4892
7199 4589
2633 9054
311 8122
43 1212
9955 5281
276 6233
7791 3089
4296 3317
1137 1282
7945 6168
1560 1337
6136 9383
7387 9597
7142 252
1952 92
9733 2967
6328 27
3574 3261
7815 9395
1221 4710
4148 3867
1513 1025
6356 8537
697 7066
612 1201
6012 9363
5487 2047
2614 2102
4780 4895
1666 2376
4418 9851
6252 7142
7587 5984
9381 4818
3475 5110
9335 8144
5847 1182
6974 606
8498 2094
2541 1069
8265 4352
4006 1847
3791 8529
840 195
7327 9859
612 5894
8969 7190
4808 9412
2365 3944
4133 4073
1425 551
4056 6973
8442 1447
6185 4598
6217 5620
5215 8348
7443 4218
4017 2847
473 3183
5561 9232
7691 4460
72 9270
7323 3441
2808 4102
5392 856
4863 4035
4826 1622
6743 6224
3391 1694
6676 8677
6917 7862
2989 4413
7644 3488
7905 3310
2136 3486
9518 5503
569 3139
9008 1588
9324 9942
2828 6188
7364 1847
7536 9126
5835 8181
2340 7457
8185 9329
6433 6198
4435 7749
9809 7428
6744 88
6596 7985
9840 832
4459 1753
9318 5198
7566 907
390 8964
9752 1969
1126 8910
7962 5216
8558 8758
2627 7503
1153 9769
6919 4189
8915 7607
7664 7259
8805 370
8045 2356
2930 1218
8600 5298
9103 1100
4433 2821
4475 2078
2898 1520
6988 3445
8921 9453
2360 2178
5804 5514
7684 984
6956 3631
5357 1962
641 976
6464 3814
7287 2229
3175 7807
6284 300
2891 1661
7898 4975
6158 2915
470 9505
1628 6118
317 1508
1283 1170
4349 9746
4768 3849
5036 2943
7967 2491
6023 558
3777 917
9876 3474
4821 5423
3603 140
7605 8004
3133 7166
2973 7864
9552 5599
7605 3539
5367 3803
5887 8599
3166 5802
1921 5906
9022 3655
4761 1371
9757 8085
9060 5001
4761 1629
6216 7492
656 4369
6130 9318
4462 8948
4096 7690
9430 7222
290 3397
9868 419
1285 3612
4499 1845
1280 3089
3805 3273
373 7077
8711 7467
7182 2047
8055 6936
6122 294
1203 642
831 1088
1049 8399
2281 1283
9202 814
9736 5463
4090 4138
