placement model: 1slider
width: 10
height: 10
number of points: 1000
9680 7189
9450 327
3265 9172
1804 4493
6026 8578
6683 9058
7916 6350
3946 329
4786 5996
2931 3922
2433 1093
2518 6789
1259 8240
8472 5919
1647 6783
7340 2893
92 8130
2207 4016
9670 7063
730 6619
1988 2918
5879 8461
6769 6884
3604 9266
8650 6029
3137 8304
4593 1728
6664 3650
5497 1533
1555 4488
357 5556
9366 8954
9808 6770
7813 2232
7979 5697
9652 675
7473 2136
127 4547
6678 3529
695 1323
5950 6878
6625 1763
7689 3711
5788 2681
7589 1498
3805 3653
9843 1517
8177 8099
7401 2581
6827 8460
8758 3622
7541 5407
2162 9027
7196 529
5559 2400
109 5779
1123 2495
8919 682
8858 6897
975 9384
8622 5928
4073 6010
1217 2285
3369 2638
7245 7281
6756 3007
8117 8759
9267 6250
9613 779
120 2488
2286 7520
4164 5570
1885 727
3434 8331
1029 8494
2790 2981
4656 1609
5057 6334
2351 8889
6017 633
2536 3063
6688 2541
6773 6538
5194 3249
9708 8924
6592 1255
6187 9586
188 6584
8820 7023
9712 1697
5046 6253
7236 6444
2329 9994
5253 6180
7367 5638
1877 8189
3382 3274
4394 4002
9786 9270
3451 883
1249 3748
9313 5010
8625 7938
9390 5920
9416 816
3963 1090
6232 2425
1431 2929
875 5828
5889 8655
3974 7554
7315 1330
9903 9524
5100 6457
864 8097
427 2265
1193 2438
8118 7192
523 5772
5953 9412
6516 7840
8349 7429
1996 7633
6363 2210
7926 6945
1977 7719
2553 2237
774 8867
269 4624
3717 8954
75 7903
9868 9577
1446 7295
5848 3418
893 8746
9819 8211
5043 3714
9897 1372
4372 7908
1838 8640
4187 3051
7920 6760
545 274
7178 1418
4787 5867
1842 7338
2866 6799
6795 8509
6840 9276
7351 7365
2435 35
7835 533
2657 9554
4897 3324
1213 1441
6297 8930
9124 4547
5140 6618
6110 9667
1222 4975
4846 4926
6777 4591
2206 9796
7946 1582
4135 3362
6348 1787
6143 6153
936 3816
9240 2835
5053 7806
382 9192
7907 673
9845 9176
5116 8398
8160 5647
2268 2985
1764 1348
2633 9112
6448 630
4652 8774
9046 8598
2460 8024
7729 8120
6780 2964
2923 1310
471 1013
625 6992
3078 4262
3817 7334
2127 2552
5622 1757
8373 2577
8519 4989
4997 7323
8887 5032
5378 2043
5405 5625
5460 8056
9715 4809
1196 1912
2288 459
8094 1075
1823 2015
7264 8265
7637 9348
9895 1612
7669 4612
9814 5721
3822 3716
6220 4274
9192 8261
6850 3543
3421 792
1342 6704
6200 2727
3232 8405
540 2638
7034 4827
997 6610
297 3240
7942 2323
2335 8058
5946 1955
3896 3850
1586 7280
12 4605
3207 9751
1611 5291
1402 1907
639 4357
7743 5992
278 7568
4643 7651
8191 7606
2323 5861
3260 8752
9064 7185
5165 5819
2783 4364
2 4488
3481 437
6973 3920
696 1401
8727 4670
849 8267
8514 4275
9482 947
1804 866
1609 770
1446 4350
5633 2330
1118 9080
2399 3554
7970 1066
5928 8685
307 2355
2019 4636
4892 1609
1453 6415
5303 9283
9029 8724
3206 2897
8544 3818
8772 7091
1095 3603
3868 6900
6680 3554
6029 5011
3314 3674
621 2329
7344 8909
529 654
1478 5258
4769 4194
4200 8463
6723 5697
2318 5052
711 607
1870 1927
588 3048
5860 6891
3847 6231
2066 5976
8888 422
9930 124
3095 8197
3675 7497
7194 9561
667 6771
3029 2690
2619 3889
8835 754
7943 1799
1643 9136
6691 2707
1216 1556
9014 8254
9233 813
7329 266
2566 5522
4860 1653
2893 7646
1136 9504
6833 3754
3770 9754
915 8762
3942 6753
1011 6563
4534 5109
6935 8049
9198 9017
2332 9380
4917 3906
3112 2650
8007 3128
1399 2819
1022 336
3928 3101
1246 4499
9332 176
2941 6741
2747 507
3584 7298
6199 9303
7721 5454
4763 1790
7812 7601
7021 1214
9719 8515
9622 7306
3518 178
8078 7552
1081 7536
9237 5936
2311 7337
3700 5711
1872 953
6355 4695
8032 4277
2260 7321
6471 6860
8326 4313
4841 3395
951 4200
8141 489
3077 6032
1977 3209
3564 2384
5669 1983
173 8401
1227 6072
2142 312
1698 7245
8269 7616
9733 7608
2218 9511
6345 8142
1164 1011
3853 5699
1401 3669
6108 9122
1071 1565
1385 375
2883 3804
2194 5685
3011 6273
6351 4733
5441 3130
8311 8240
2927 5319
6794 4944
4516 7107
8782 1967
7817 7394
3389 7135
1467 8495
4056 6099
2165 5066
4699 7121
9332 5712
9783 4920
3784 2202
609 5113
4218 3621
8303 1980
4317 7414
9419 7564
4726 3835
3733 9557
7346 6470
5430 3756
5348 2284
2903 1951
1582 6771
2327 5066
6928 5002
4291 3204
8461 254
8887 1650
702 8310
2447 855
2498 6326
5306 9322
4236 3789
3266 1515
3675 6535
310 2868
6654 8962
6847 5597
9560 508
4293 220
8830 9801
6173 1951
3566 9825
8539 2674
5060 36
4054 1962
8785 3987
8114 5227
3649 655
6767 1070
8881 913
849 314
6537 8039
1451 3880
8879 2485
8035 513
6555 7923
4008 6820
3623 9090
716 8170
4376 2566
8916 925
5236 5557
1082 6890
6279 1740
6288 2312
1930 5056
3863 8692
168 1483
7327 5533
4782 8906
6296 2911
1667 7805
4531 4900
1774 4382
383 7101
6961 2235
2534 1131
8023 1578
7160 8421
5764 2824
919 1231
7911 4533
2037 4633
6332 8359
2824 9919
2534 5871
4077 9840
9739 9852
1772 1506
4397 8235
2666 9812
454 4671
7028 2059
544 2429
9949 5436
657 300
1101 2341
6098 5812
7174 1542
837 9446
5233 2358
6310 8053
6694 7089
5029 5887
9288 1521
338 3663
3359 3051
9548 5718
4182 2196
5338 215
567 3547
753 363
5370 8950
8465 4001
7328 714
2256 1270
7245 4730
475 3806
2059 2738
2594 5543
6278 5801
2192 7373
5676 75
9542 2116
8068 8881
2181 3784
3549 8435
4062 5703
3665 7021
4080 960
1850 6000
5231 7109
7553 2695
5051 7991
4004 9506
4059 1995
6052 72
1990 647
8808 6729
1684 7872
1636 9630
6141 3875
1745 6956
7292 7501
4495 1783
9677 6859
7574 2685
3229 552
5655 9765
6140 18
7067 2725
3175 8700
372 7874
5003 4860
7435 1664
279 1055
7045 1762
8833 7811
4495 4795
9362 820
8272 6890
4819 5121
1476 9555
7495 4027
6451 7035
3856 5142
886 7616
9065 1429
4934 6868
5085 1996
6457 488
2201 9919
7769 5281
2345 1113
8685 7238
5335 2066
4701 1364
604 9285
8457 950
4317 2648
8619 4163
1514 3262
413 5638
7639 1282
4735 7505
2230 4446
3788 6882
4707 7298
7334 4123
1112 4664
9228 4852
61 2021
5225 4947
4288 3636
8305 8350
7569 8057
3118 1843
2822 6211
3610 6731
6015 2292
5182 2403
5413 5633
2994 78
6098 7636
4912 5661
9280 9669
6175 3893
9840 7315
219 7405
9578 1849
9528 9612
6001 1749
1794 2840
4928 3995
2352 7339
2277 5440
1486 663
9152 3869
9068 2935
1111 2472
1030 5972
1729 2494
3769 5471
1360 8270
4306 533
1953 7040
6064 3980
7982 4396
4961 5803
5136 5793
9118 8407
4546 8912
5159 4124
4005 6496
2082 6192
8209 1769
1767 6595
8520 772
8029 6217
828 3223
4472 7898
2037 7998
4057 9826
4976 6752
6550 817
5499 6171
9353 5162
5288 5798
2678 231
5240 4540
5705 1159
7979 7635
4752 917
4127 8648
5174 3981
9722 7588
2438 675
903 1946
1825 2654
8762 6323
4062 7576
1537 7749
3880 7290
1396 875
9916 6939
7099 680
8420 4946
2755 6668
8887 4432
7840 4431
406 8438
7338 3266
2037 3908
7470 5246
3329 3301
2256 6459
4428 2310
4209 9274
7690 4005
1755 974
4337 402
4219 4843
9879 3633
8060 5437
7406 3654
1223 426
3820 9720
4516 2846
7787 1500
7285 5069
7528 6397
2638 5338
3082 678
1054 8754
4658 8432
5056 2819
5871 1601
8871 4932
8518 4213
2723 1836
7994 6469
9802 2533
5951 6023
1767 5288
8618 6006
8725 1291
7012 3413
5644 5098
9241 1286
5428 4426
3141 3246
812 7522
1439 5631
4784 829
6144 5624
574 740
1097 36
9031 8483
1412 1205
7691 3894
7037 6006
9188 4190
4946 4667
1045 7136
7961 6390
3164 4496
5245 1036
3556 7759
7042 5969
6837 4532
2262 6103
9788 8068
2379 4028
5055 3039
4454 9165
3358 4482
7445 5717
168 780
9646 4445
2022 1027
873 2909
7064 3023
9375 4953
8833 1616
2300 3548
3587 3746
8550 5799
2500 9439
5230 4160
3935 2356
3617 2108
6093 9453
322 5915
9379 3220
2108 5533
7889 4782
4592 7218
3175 2486
6112 8182
8505 6943
4078 9057
320 7810
8992 2447
8801 3212
9703 8228
3405 9942
4989 8462
1463 9888
4487 7760
2478 4125
6837 9090
3066 1737
6394 5003
2833 3902
2572 3283
8876 7119
2980 5646
3439 3167
4829 6151
6735 3317
3182 428
4245 9367
5568 7444
2673 7934
9095 5166
7411 5428
3369 8304
8943 9584
9700 2050
1544 8305
7961 6948
2740 4542
863 7290
4254 436
5946 9604
1527 1236
6960 6881
9521 2053
9696 5484
5517 4773
5724 9323
4976 4527
3097 9961
2770 6622
5436 1977
9331 6774
3781 2665
3294 385
9067 8310
8840 1722
8688 9486
976 4623
5310 7298
2656 7178
664 2157
2297 9412
9629 4439
9297 1714
5555 8450
8755 6104
4733 4861
2987 6525
3703 6200
8020 8458
9526 4627
4739 9851
4352 7921
7390 721
8702 7416
7572 2433
5243 4979
1999 1917
923 371
46 4164
9710 2531
5604 6283
1238 6114
2443 892
6638 141
7705 4775
1854 5735
7944 6070
1500 1557
7733 3119
2705 288
3669 2980
3965 3500
8337 6289
9936 3099
3530 3076
8702 2108
3890 1527
3778 4741
4208 2741
7072 4736
6022 7936
5818 7745
8553 9710
1308 4778
9504 8211
9742 7012
1567 939
3772 2604
3985 5922
2369 6998
469 5801
735 2341
2620 4326
8068 5363
1210 19
2105 2590
6780 7760
752 7679
7112 6773
6609 2278
1062 2875
3672 4578
4237 6499
5345 6824
5639 9940
4099 194
3151 2169
3753 1371
2405 8152
5519 7242
7696 7133
6090 6432
701 3141
6570 9680
2146 1105
6771 1749
9628 2309
8010 6873
2004 9997
9576 8062
3541 9052
8240 2156
4362 2149
4598 5044
5681 6488
8761 1635
8503 3590
8212 7433
2841 2170
9719 4102
2882 5271
1661 9909
1686 3243
633 9648
3879 7872
5254 9251
8784 5967
1256 2548
2517 3478
2516 1795
6289 4888
3970 5413
918 9379
1500 6062
9666 8482
2441 2076
2643 7881
4525 3997
5450 6972
8923 242
9234 2288
6535 6264
3519 3205
8086 2374
734 8293
2148 330
5990 6464
3671 3433
6401 4375
5000 9071
4075 2559
7790 1220
6956 9654
5067 5339
595 147
7735 4201
8584 3057
7492 7619
6850 6239
1483 4624
6022 4321
2556 87
770 9301
6990 6951
9689 1338
9974 9805
1169 6639
6337 5350
3949 7719
3471 7938
5319 8269
1084 2410
7780 2679
7072 2291
7858 1254
2385 4516
6531 8858
7883 8080
6040 58
5143 9192
585 6137
8985 1511
212 1619
7029 9459
5864 2059
505 9390
7066 2579
7720 8067
9502 2030
6441 6458
1261 8302
2807 2376
2529 5496
8862 4747
7265 392
5318 6280
1501 9300
7820 5924
8433 2768
3026 9586
2246 6349
1124 1235
290 3834
5715 4387
2028 859
9218 2773
4554 1754
6396 3153
587 2955
5599 7204
661 569
7547 1766
57 7481
6271 532
6897 8765
4802 6089
3753 2369
2134 9701
5063 8817
6099 297
5375 6755
6771 7780
2265 7086
1907 4650
9677 1543
2189 1461
2835 8933
2016 6606
2369 5570
3509 7497
9346 1543
1845 9160
1568 4985
5019 2136
4908 3968
764 4424
5728 8661
4156 2634
4243 3821
1276 2661
3408 2339
5925 942
3950 4575
