placement model: 1slider
width: 10
height: 10
number of points: 500
222 9056
5634 2060
1367 9227
4580 8701
2459 6601
2543 756
1954 3598
543 9766
2678 385
1815 6042
6615 3872
4422 9423
2029 6639
1959 1438
5666 5781
5121 5739
904 2204
2248 6093
852 2311
5600 4043
6859 6551
1707 976
437 4457
6454 6712
7454 9898
8550 4344
2213 8039
697 4149
2404 6520
869 680
6051 2202
435 6200
2422 4256
2733 4411
5513 7256
50 8563
77 6867
6393 188
9234 6749
1015 1400
6673 8702
459 3117
1280 1525
1559 2503
5712 8546
1456 1842
1272 2675
5132 2631
6187 1043
4094 1925
9476 5610
3523 297
1612 9286
8109 8063
3858 3123
7968 1185
9389 1364
8654 2842
1778 9003
9069 6470
5897 5162
4856 3122
581 1708
6495 2825
9646 6326
745 8165
4514 2098
6695 4254
5333 3591
664 3438
9421 6508
7237 208
7189 1601
8864 1465
799 2118
5110 271
4090 3158
91 9247
3880 1049
8063 3948
7448 2956
2454 1778
5380 8292
1015 9076
4505 4042
6605 9981
3437 934
2288 7182
5432 6292
1093 9421
1317 6369
5810 5233
6598 951
6126 8886
3437 5700
8580 4103
9764 8559
2171 8570
6844 9335
802 6031
6605 530
5108 3334
6125 4572
9675 4050
2504 9377
1860 5388
5182 672
3687 1972
8869 4746
9400 4666
462 53
3272 8432
3822 1433
4150 3134
8679 2502
6184 5418
8290 6360
640 2927
5313 2038
9868 4628
5747 4115
3819 2694
8584 3333
9497 6610
3905 2947
9551 9447
7482 6939
8404 3318
6221 8006
5019 5915
6535 9608
4443 3670
1202 288
8476 2173
7980 4198
9929 7532
5450 5838
1587 229
3129 766
4825 1632
7612 6283
1516 653
4821 7748
5280 433
716 5148
2681 2861
3755 9899
2799 2122
6123 3588
653 5622
9765 8661
5402 296
2823 9662
5012 4058
6508 4634
8497 4810
9135 4501
1304 5163
2447 3547
7382 8232
2193 9305
7728 2172
9235 4742
1838 7188
7478 643
8082 6312
852 3694
5719 4908
572 9825
8501 5562
8702 7381
6165 6829
4900 1584
1655 635
5103 3579
8357 5354
1462 1199
8661 1649
8026 3580
181 8023
131 3872
4604 6140
5897 6753
8134 2647
7358 1904
4414 5096
966 4332
9250 7267
9357 235
9605 142
7327 2236
4178 9511
2457 2074
5280 5208
8289 3534
5354 1482
199 8661
2262 5394
3353 9133
3741 7825
2771 1984
6901 9696
9290 1764
1957 8702
4755 6454
3045 2706
6148 4701
732 7697
4320 3388
3919 648
6278 7064
1753 9849
5671 3650
1808 1404
9001 5376
5332 8662
5138 4431
9665 4447
1622 6009
3335 448
130 4454
5572 3415
5428 69
1995 8568
9453 7186
8878 8773
8685 8264
1474 1061
759 5282
9344 63
8525 7400
3765 3357
2033 5852
5436 5205
3658 7377
6557 9412
7515 4350
2366 1167
6081 4840
6596 7865
7088 4654
4141 5459
2455 8958
6847 6649
179 1970
2594 1805
3352 1360
5043 5830
4059 3658
2550 7838
9102 2137
842 1971
1349 5686
9698 2326
5315 6162
2982 2242
2897 229
2469 4428
5693 9843
1370 1677
1071 5565
4251 9462
5401 1809
4073 4819
5767 7733
2372 9937
3723 4965
1162 6892
974 7130
108 476
807 7005
8958 2841
9462 54
7907 1431
9152 1919
5970 5126
9284 7933
2663 8962
9865 1438
325 7717
4753 3278
7887 1809
8501 4611
6109 7023
3617 4223
671 6632
9212 457
6580 6558
7504 9089
646 7969
8309 6984
4676 1228
6259 3511
8815 2019
980 4620
9491 4897
7168 1239
3281 8621
2972 6495
4181 313
1049 6280
288 576
2374 6660
862 9555
1737 7651
2782 4486
187 2602
5087 7699
8814 2529
3720 7485
1986 4915
4278 996
8578 5360
9301 3971
345 7875
5218 3447
989 2755
278 5733
1157 5835
1707 4460
8940 6455
71 64
8436 8983
3284 2871
6416 6716
3649 6730
2521 6717
2140 8724
8417 8004
3911 2260
9277 7250
6453 1189
914 6731
3546 6757
693 6906
2379 3453
9827 7183
4420 4554
5670 1438
2196 7432
482 8710
4547 7621
5733 9143
4526 1363
4130 9567
922 3353
3286 1684
3082 3398
9227 271
2841 8854
8025 9699
9556 1434
8974 9855
3539 7778
1644 3781
9317 4802
8973 3624
6176 6104
9189 393
2502 1386
9872 9429
8897 5716
7572 8818
716 6780
848 4139
7869 8148
2679 605
64 375
4246 539
3906 2649
7019 5455
5425 4408
6602 5252
9697 2379
4420 8969
2110 1850
2530 1763
6729 1005
5600 1876
4698 6120
3563 4069
8155 1930
4782 3805
3012 2188
8781 7736
6384 1062
5448 7660
9991 9531
7032 6599
7244 1925
9255 405
679 5291
9903 3944
2814 6207
6468 397
8415 503
8366 9873
4901 5802
4167 7044
8712 765
5214 2566
2413 5620
4317 8176
1427 2673
271 4417
5021 7734
5324 5048
7740 8796
2925 2122
3192 5822
8104 719
375 6453
4292 3436
3877 8322
4305 9781
9832 6979
2103 6575
2204 9240
5308 6136
6304 4242
4745 7957
1575 1928
7229 9807
9957 4981
2896 7314
4526 479
2813 5162
3167 2482
881 9276
1909 9069
3696 2634
9512 3483
5522 1462
9773 2929
5800 5869
1478 2435
7619 6979
2228 2781
9193 2616
6970 4378
970 1132
9655 4381
4261 5268
3397 5017
1194 5604
5947 6730
9304 4602
3304 3961
8576 5498
1173 4448
4432 852
1187 4061
6079 2723
9000 5065
6965 6111
8510 7670
1193 105
7070 8978
8953 6102
3833 603
9873 9864
2825 2441
8270 7388
8631 7930
4788 8025
8849 226
1503 3225
8685 3903
1301 6552
6123 2115
7610 1333
9097 6338
152 943
6067 8601
8186 6499
2218 6056
958 3192
4580 1557
4612 2106
744 5693
2793 9889
6179 9708
5788 2926
1847 7279
5657 880
9879 344
9120 831
8775 2403
4069 5486
9353 5933
8504 9685
6949 4781
1515 5284
1817 4065
1665 4416
363 2455
4453 774
4487 314
2005 5536
2095 3372
