placement model: 1slider
width: 10
height: 10
number of points: 10000
9089 6337
1313 2301
6406 1050
1764 9596
1143 7354
1252 6864
6940 8035
2487 4693
4341 1815
3141 5811
9712 9577
6382 2144
6352 4835
6145 6835
3648 3809
6124 1137
2299 7625
9391 5215
6176 1529
9573 5961
2249 8169
1046 6198
1063 6470
7580 4700
578 9271
4248 6529
2855 4140
9118 2946
221 263
2489 9689
5901 1745
7978 1727
8971 4202
464 1393
8530 10
3331 3069
8162 6212
2532 5113
8538 7082
1372 1231
4155 6439
6594 4329
2927 5931
4609 4719
3418 8506
1711 470
3485 2272
1878 4056
8450 3426
4724 1559
3238 7925
4809 6974
9101 7462
5028 7188
7651 2027
3645 9429
3 652
5837 8860
804 9708
5132 1351
3893 4172
2805 8168
900 8020
2480 3052
3858 5441
5950 1270
8304 3921
3578 7243
5252 9138
2574 307
9640 3693
9258 4998
375 8434
8266 8164
7208 34
530 2134
5541 40
4865 5967
5790 6171
3640 5266
6900 6964
1209 8003
4186 2878
9880 9232
8424 3905
3590 1318
3153 3742
2406 854
2039 1257
7306 4325
6039 5194
7502 3227
5845 5185
1947 480
7843 8707
7387 3225
2971 724
6907 5451
2313 8251
1550 1883
5193 8099
193 7822
5155 8892
1276 7445
5781 7105
5087 9144
4540 2305
6161 7572
3348 3385
9195 8356
3798 6004
7836 8329
136 7888
4990 5746
1272 7449
208 6723
3341 5355
2504 7883
6490 6072
3784 9553
4380 649
8776 3264
2248 7872
3721 5813
9059 2923
6667 9402
6295 4297
9477 4524
6550 3183
4409 3896
3125 7510
4356 6280
1191 8832
2002 5114
5511 2515
5472 4843
291 3331
6292 5183
6339 609
648 9353
7240 5322
7040 5418
8565 639
7723 8722
7797 417
644 3370
8619 9618
283 7063
8339 7057
8612 3712
98 6173
5891 6423
5751 2690
9140 1361
7033 7490
7230 5846
8911 9158
414 559
523 7335
2386 1976
8322 5433
2228 8275
8808 7847
4346 6124
8094 6300
8328 5097
9436 5811
4623 5897
9454 3047
9952 7085
9599 401
8894 5291
3145 2682
1822 667
7581 6908
409 4733
8564 4172
108 2077
7480 3656
2949 5911
5101 9728
6461 1643
6505 1751
4209 9683
2109 9168
2738 7181
6324 7814
5877 7470
3200 3456
3716 804
6308 3441
4247 1132
1382 8857
2481 4595
5556 9169
2594 8815
5122 7604
3506 5091
8063 5309
524 9238
9645 9326
5050 4578
5977 3374
12 9212
999 5526
6212 3650
9919 4881
3121 9851
1145 9290
4006 814
502 6843
5180 6054
192 8979
7877 9541
5838 9233
144 627
9581 2613
8544 3243
5903 9482
1471 9297
2189 4217
3225 7419
4430 4309
7503 8153
4648 9998
2044 9713
3176 3679
5542 4198
2994 8702
3638 4660
5414 5213
53 8684
9629 4123
1566 2419
4182 7756
9777 8277
4266 6523
8669 2168
582 6246
2883 5494
3063 2186
843 8552
4008 1101
3485 7886
5578 5505
6778 9639
8907 528
2026 3149
6816 7605
4578 3219
6792 1528
1717 4958
4753 5837
7458 140
75 5943
3011 8130
2047 9316
9695 5472
1706 5375
8740 3884
7066 2355
9158 989
8320 7016
4910 7989
1442 6985
4247 8635
7466 7631
3078 910
7843 5675
3936 464
7317 4603
3603 2823
940 9275
7939 9604
9966 3753
5386 7316
9571 1773
9310 7302
8939 9331
9265 2736
8886 8443
4098 3751
4307 6336
6300 7841
395 9652
6787 6963
8062 2091
98 9540
8390 1754
3824 3111
8888 5449
3723 930
9732 9055
1345 7097
6843 6551
2844 9791
9404 226
8223 8124
9045 6238
1927 5880
7797 1769
941 3291
8329 346
6181 2372
6880 311
4182 4132
9368 1044
380 869
6615 3926
6754 9511
9552 4576
6202 8659
1751 3036
6384 7811
7592 3800
1334 7756
8660 4691
3342 3818
8213 922
9260 9597
3301 8375
2720 3858
1898 6376
7371 7786
1779 2310
1547 3606
5142 2590
6936 1056
5449 4389
4828 8377
4266 1513
6726 8132
8907 5896
2714 6583
9819 4279
4048 3739
3516 2746
1720 1820
18 3108
2589 2384
9265 1916
817 9244
1955 2730
3608 2229
5223 4389
5848 5744
902 2397
6255 5928
2694 8230
4792 3243
1634 844
6869 6086
1550 1435
892 6687
1064 2650
1333 9268
8915 2442
7563 5043
7010 8481
63 5428
6403 126
8295 9091
3887 7616
8349 8832
8891 8751
1866 2071
5958 996
172 2818
2535 2445
8897 1283
1271 7650
9113 8592
4337 5507
367 3633
9980 1181
7258 328
7385 7844
2154 1838
9763 8702
1911 8133
3114 6726
3189 4289
836 6119
5880 8438
3571 9700
3285 8930
3860 3417
5397 9122
9163 7331
6848 5416
48 6504
7624 9405
1386 5083
802 1593
6463 9880
4951 6200
5090 5165
7629 4075
5367 5541
4142 3099
2419 2712
3810 4333
592 2102
57 3754
1620 9415
4759 7901
7555 6995
191 9755
4286 8297
4193 6410
1260 2749
4086 7105
9156 8908
4534 5581
8153 2985
3639 3628
7464 302
4545 1510
7175 9767
8572 476
4583 1695
5429 7727
3039 8657
1043 1017
477 7915
3722 9281
7295 1776
280 1475
8092 3484
7589 6623
7653 5063
699 6146
4853 7667
4204 4774
1765 4866
4462 9513
1056 4557
2929 7525
8736 5847
8821 5674
6916 1986
9810 9276
8636 5348
903 3944
5880 8494
718 8618
3437 3559
9947 8486
3479 6510
125 5202
1726 8450
9377 3422
4424 1412
1245 5164
6285 1993
3311 3765
4411 7870
966 2092
6554 5743
9405 1683
1254 1237
7024 893
6731 7633
5714 4573
607 1320
9930 8827
7058 1081
458 2163
6132 7959
1892 5686
1958 833
3438 3353
8283 4528
1183 2666
255 9805
1403 8098
1859 1327
6381 2945
5756 850
3505 1238
3123 6150
4532 1820
2431 9527
7658 9542
3321 1464
4506 4689
6385 1854
2624 4516
6603 8199
7885 974
459 5760
6451 1465
5627 1698
107 4508
310 9656
7907 7289
4959 4261
5299 2503
2676 5094
3935 4693
2632 6547
2276 5535
9198 1279
3636 5684
7177 2212
6618 4003
8928 9876
1869 3167
5848 5025
7719 3739
3907 5756
3695 948
7193 6506
4451 1091
1434 8322
3739 729
3882 6389
2040 2115
4236 1697
5268 1358
4388 8096
7179 3137
7488 4227
912 7310
2439 3383
8968 1080
8088 2908
5745 4794
2234 228
5346 9141
1215 7916
348 8243
2218 8344
1075 1565
9627 4962
3925 2715
3231 6163
4042 1968
6336 875
909 4308
6011 2107
2298 9698
5309 1327
1472 102
2127 7693
5559 6296
9504 1476
9828 9261
7178 9432
432 3917
4814 3525
8571 2101
2560 1406
2629 2225
353 35
9241 3277
4876 2699
2372 3670
7067 1659
3983 5879
3541 2648
1593 9202
4525 5028
2461 7411
8382 2809
8909 4346
9900 6752
8 1506
4814 1386
18 1893
9816 3983
6495 124
8271 4586
8025 3124
8224 6954
5137 9033
3590 461
6084 8628
4925 1978
7690 7209
8434 7701
9197 2864
9044 3606
6208 4448
534 4713
4424 5210
4005 9437
8345 7910
4042 8454
1127 3693
5283 3885
4449 3640
7022 3045
8381 998
5990 6693
1697 2366
5794 5990
1136 1541
9196 7628
2641 9605
5542 1966
8345 2040
2607 2054
998 571
8901 8926
1350 6296
1905 1585
378 630
9363 2997
8120 3721
1487 3081
7763 3715
3337 1616
5638 9829
1852 537
1254 3146
5068 6714
2070 7446
8429 7347
7220 411
363 6413
4990 4515
8898 7552
9603 7787
4848 6641
1099 2651
9691 958
473 3323
9802 4470
1177 4510
4036 1309
3231 8189
2081 5078
9287 7560
2353 2868
5840 8547
2930 6799
725 7509
4617 5919
4788 4304
2625 3426
5845 8894
9504 8956
7296 7769
2818 4753
5071 4075
7727 5788
6333 883
8750 5320
7491 7543
555 1225
4176 5913
8453 3436
2961 3838
3094 5365
334 194
2093 5094
3770 9248
965 5582
7045 9330
3284 480
5175 2468
6055 4174
4320 8791
1252 6760
4702 2396
3227 1558
5222 2286
1776 6279
7104 6764
3549 6578
131 8201
9398 8395
3082 4733
458 6804
7912 5386
889 101
9769 3488
8319 5875
1333 3431
4256 7202
5955 8251
8304 1753
3892 437
5630 9635
5196 3912
1873 8548
3927 1982
5759 2449
9962 4158
960 2895
2157 4881
5427 3879
4906 4826
6368 6768
7387 9871
1020 418
7707 4402
9653 1684
6410 2095
8555 3447
9403 702
7619 4626
934 5218
187 2223
8087 1025
2212 384
4459 8385
6822 58
1248 3523
5936 1962
8808 8007
9534 1607
2115 7161
9946 3840
7549 8161
9069 451
7552 2659
3805 3662
7806 8382
4448 3266
3520 4752
4853 189
9813 655
9799 7944
4670 8511
3852 4402
5539 1764
6994 4566
5146 4907
2698 6583
3428 763
1602 9795
1914 115
6004 6774
5016 2674
3588 5355
7923 7177
4498 1054
212 8153
4938 295
5571 734
8814 2525
7711 1937
4102 861
6091 3402
717 9756
2252 2645
5593 936
3399 4868
5540 936
4575 9360
8569 566
8632 5216
1024 7511
9081 2232
6784 146
1006 7138
6334 6704
7781 3548
389 2268
2991 8273
1755 9587
401 853
8441 4645
8093 3606
3711 3046
1810 8211
4180 8125
6233 3633
1708 6382
9624 5310
2590 108
7728 9031
4342 2702
2563 8040
4964 6182
7852 7032
3425 3248
164 2701
8301 8136
2005 972
7478 7263
1159 4819
1423 5614
4483 6141
2780 5859
339 7374
1478 5887
1568 6484
8169 2721
1611 7650
1585 4864
696 6944
5083 9584
4568 9116
8645 2433
4290 306
8464 2102
5714 3316
8217 3218
7173 7656
1320 8782
2229 599
2398 6743
5106 5879
5247 1160
8692 8756
2953 2621
7867 7997
9759 7520
8019 6456
3940 3355
499 5164
5678 1236
1373 9958
1389 6536
8913 1435
9004 1325
6409 6265
2278 8307
253 6969
2619 5382
3063 1008
7105 4110
3585 5326
1945 2392
8714 3880
1933 8833
5551 5196
1510 4564
7594 9094
5793 7460
9975 1034
1076 6214
800 460
3479 4594
9394 7795
8437 6980
6005 5198
9427 1246
96 3888
8011 1212
6088 8776
5175 7317
9932 9380
7337 1084
2399 8104
9358 7842
8203 5292
5994 5859
6361 6475
4595 9326
4895 5507
9326 5779
4781 3690
7453 4233
7102 5093
5484 2310
964 6774
2381 2359
5595 8029
1018 6812
9200 2
3098 7971
305 8982
914 5225
5952 9488
5581 3533
4192 5988
6070 9012
8269 8725
9064 9627
9527 876
9512 4972
4793 7396
5327 481
6310 8060
3847 8734
8675 743
6482 4962
5592 9653
365 7063
11 7565
1396 9163
483 5614
9327 4641
107 6598
2511 5792
8934 9284
2955 7416
4759 3955
2756 4026
4444 679
7603 8968
7428 9782
8996 295
7062 2361
1696 2295
4013 3187
4517 6282
6672 8578
3435 6215
3167 8439
7498 1171
3439 7694
6496 6733
9154 4762
6649 6414
4452 9590
6843 2241
6767 824
1834 4411
1987 731
7825 9156
5679 4466
1401 436
6356 2108
5546 3519
7622 3007
4048 9908
1158 486
4194 1185
6176 3978
6818 3501
2766 3153
8146 612
4780 4857
3188 512
7119 3402
8421 2739
3201 6035
5219 8665
6179 720
8586 6193
3294 2904
3989 4527
2910 6612
190 5934
7306 1260
3565 2992
497 8238
1578 3017
32 6520
1069 9017
5866 4355
4972 4209
124 4424
4240 377
9919 4159
6826 4688
2369 9931
2619 1907
926 4668
2472 8611
2376 4908
2015 675
736 282
227 1087
8560 2018
5755 3167
1481 4099
1749 2161
597 8526
6708 1525
8912 5193
2228 6164
6315 5575
9852 2413
4359 1635
3686 7197
3710 4772
5137 5065
3682 3212
280 8841
2473 2370
6942 6484
3854 986
1701 7091
8254 8470
6312 3009
8282 7972
4805 5196
4062 9076
8452 6406
2684 3203
8779 2806
6926 9625
7791 4653
4292 8015
5156 3652
8958 9831
6076 9582
7205 8374
9275 4540
7252 2199
5156 3325
4038 1623
2612 5621
7417 2218
8090 6110
4792 3581
1160 3495
489 9923
712 2253
7892 8184
8964 5203
8853 7747
4699 3931
7577 3223
6019 8537
1657 8737
5379 9900
2994 9588
4298 596
1967 6395
4284 3718
7963 6447
2319 4145
4363 6383
2745 1089
1498 2606
2984 1248
358 2010
7357 9339
4028 3968
9270 9562
9316 3875
9628 7142
9446 931
7971 9262
48 9216
8833 8656
7258 8820
9811 447
8633 9305
2328 6322
3873 8515
6126 9208
3127 5120
3682 8073
9649 4468
8782 9150
4500 4874
75 4893
8357 8716
817 723
6088 777
9701 9126
4898 9227
9569 4711
3370 8678
5963 1005
5697 2838
1050 1549
940 1525
8638 9266
8157 1281
6920 4635
2528 3213
6513 7655
5393 8705
2932 7512
8583 2950
165 8906
4597 8646
2335 9646
4971 511
470 8104
8851 5120
4787 4779
6358 8841
744 152
6851 7706
1582 1120
214 100
566 9179
3981 4781
3829 4696
4376 3037
6109 8198
7075 1479
2649 4765
3005 1920
5934 4573
795 6646
385 7455
8941 358
3368 7432
5109 4692
2782 9382
3676 3359
9026 9253
2919 5352
6832 4420
5897 5918
641 4737
7449 5209
7570 3931
5938 3099
5006 2270
9291 3921
2465 4546
5135 3626
1300 1146
8951 7100
3006 1428
7334 8652
5778 492
7591 5389
5188 1168
6443 3563
3142 5494
5619 8875
6110 6206
3008 779
1076 9678
4747 4540
1926 2322
8221 5255
8052 2351
1063 3608
5035 9816
597 9082
2544 6244
7122 4164
9923 7684
2562 9484
6981 3457
6299 5954
3392 5877
6995 1700
8691 1824
4376 8770
347 45
8178 6057
6078 8984
7109 9121
9698 8923
2674 4824
5026 3025
1848 2709
1670 1291
4626 4767
7478 9519
5812 7069
3297 6493
5646 2567
9923 5123
4538 1520
1445 5036
3570 1693
1526 2585
6741 4119
2281 6263
5141 8394
4334 2593
8378 3772
8319 8807
2076 5176
7903 7942
329 901
5033 5998
7188 662
6736 1441
7234 132
8812 7811
2659 704
6508 4275
1608 9530
9324 488
4463 5545
7432 8340
4776 3808
3193 1922
9483 4082
4646 8938
8507 704
5333 9256
1523 5560
8326 3027
5769 6196
9748 157
3440 8056
9212 8811
6116 9589
1322 5124
8304 6269
8985 3514
1430 2083
7375 5652
5359 7712
8429 5464
9801 8646
4195 8527
7455 3611
8700 8291
9124 1446
1815 8139
4615 4224
3548 2
251 5334
1992 2266
8468 2519
7438 458
6579 9830
3060 1514
9686 1706
8211 5044
6333 5948
946 8377
8869 3471
6632 7462
7362 2101
682 9674
7196 4252
1109 9804
6371 1505
8200 8028
9699 2350
7235 1776
4861 8049
5569 7900
3854 792
2496 7719
6918 5868
9849 3008
8390 3580
2897 2049
9314 4288
3669 4292
8972 2221
3458 3975
482 9449
4404 5076
2920 1166
8823 7623
3094 6489
7341 1355
3325 3129
4295 7897
5550 954
9368 9746
4843 963
9350 3357
469 8732
5344 4078
1293 7925
2955 7205
9696 4417
6362 4969
1134 2929
1210 2592
2653 2498
2870 725
2582 3766
9552 8970
5680 9710
9729 7659
899 3310
7059 4186
562 2080
121 542
4147 5228
2976 2701
3620 7489
4842 4791
4888 1100
8424 7198
4557 8237
2319 4088
4136 3357
9170 917
9208 3375
2951 2752
7035 7967
9088 7418
8870 7177
7474 3910
8722 1135
2291 334
9142 9220
2300 402
6140 2328
6475 7642
9782 8780
5838 3710
3124 8101
5527 977
2458 8388
2006 1880
7920 4187
9076 2428
8074 616
7256 9007
8940 6813
6305 5329
813 1235
5616 9803
4097 7720
5649 8235
8406 7712
5467 52
5124 8637
5266 2159
1024 7101
8220 6678
3061 4733
5433 7936
4743 1547
9283 6232
7289 6123
2547 716
1721 3228
2282 9108
3032 4398
5225 5075
3496 1592
3296 5123
9765 1454
4561 576
2450 1180
2389 4695
4796 1694
1536 6890
6529 4514
4423 2606
3224 8370
4365 4324
1300 3353
8607 4246
5381 7522
6936 4396
7584 8473
3263 1865
3454 1666
20 4204
7645 2944
7225 2940
8084 5505
2171 1584
8386 4791
2609 4783
9212 7355
2469 3627
5071 7452
1756 9087
1442 5616
3372 5048
1548 4701
7055 333
7125 9485
3294 1489
222 436
750 7000
7709 7920
1533 1140
6868 3514
5848 5575
9363 109
5719 1403
5134 3742
7956 3624
8628 3336
7612 5785
8610 5270
4988 7824
1825 6983
787 7777
9502 6919
1566 148
3767 4069
5269 7092
4585 5139
9715 8374
773 2372
5393 3403
2236 350
3847 7647
8236 1305
490 5176
7993 8741
2921 4041
9970 1867
9224 4308
9441 4115
809 8626
2254 6970
8262 7330
7326 4939
5104 1859
6160 6712
9414 982
45 9612
274 9556
555 2486
1131 6532
360 4980
2060 6035
2133 8543
2801 8129
7245 7416
7548 5657
7950 5798
9142 4638
3281 5704
7307 7258
6760 6274
6365 4304
439 733
8106 2591
387 952
5622 7822
9753 8448
9005 3970
8232 4916
8759 7560
7611 2458
514 3709
1599 7538
3103 9026
8574 432
8542 9020
5461 9486
3172 3395
33 6141
5772 6889
6676 1824
8052 1675
8032 6109
5000 508
1777 2438
5109 2935
1989 9621
3816 4102
1796 2959
2421 6286
3962 7130
8952 4658
3771 3962
6633 3061
9060 827
578 9880
9134 5794
3095 5370
5409 5898
7610 7830
9006 407
682 8313
1383 7217
8546 1226
1508 9432
1797 2464
2030 3985
2913 4597
5878 5801
2930 5025
1047 1600
4481 5683
4185 8018
752 2069
7053 5013
570 2195
430 3417
4590 128
6721 1968
6129 2587
8525 3545
9201 1386
8700 4182
6517 8109
9031 1150
1692 2347
9950 9449
3442 1335
5326 967
9049 6480
2243 3462
8502 1327
9544 7796
6706 4694
7112 2578
5502 3059
1201 6836
8669 6401
4796 2507
6150 3784
8785 4070
3256 4168
2965 8033
3312 2009
398 3733
7308 1481
7961 4117
7962 1112
1423 7682
4811 5681
9660 2652
8888 2270
5498 7576
5843 1758
4656 2698
1249 9329
8635 216
8899 487
8439 195
5754 1572
4196 4787
5354 9175
2516 5751
1794 1122
318 3756
5952 233
5212 1636
8236 4398
7594 6892
3668 8444
6878 7383
2765 4008
2899 6463
7498 5441
5465 3133
8519 8354
8243 5595
1669 5676
3329 3835
4771 4315
8088 6907
2992 830
940 8652
4417 8738
3981 7750
8796 3840
676 8481
3716 9955
6533 449
9904 8584
2875 8832
5002 7
2106 3678
6213 9865
8708 9429
9821 809
6663 6643
8540 3174
2323 9819
4967 2743
6833 8447
9964 2102
504 237
1931 3745
3132 994
5596 5251
2441 4942
5333 7798
878 2214
3812 2091
3375 7502
695 7215
6940 2445
8779 5765
7399 1845
824 2597
990 8253
2472 4312
8590 201
7179 5184
2967 1652
4441 8958
6422 2029
8801 3997
374 5517
31 9076
3663 2759
8261 4583
5680 7326
9610 7845
1302 1255
8768 2598
8032 6511
9103 9211
3358 170
7095 5799
1725 9362
4850 5195
8808 5803
2912 8967
8663 5064
8439 4361
5055 920
9490 2240
4759 322
2406 2626
9183 267
6484 6775
7629 3515
976 4363
5174 3766
2527 9616
6303 1181
2932 2215
6379 2526
5090 4506
1284 6307
1741 856
4518 342
8538 1178
7315 7313
90 851
710 5865
8910 6178
3250 1615
8017 6868
958 4912
3482 1307
7415 3909
9085 7265
6892 5215
5855 2431
1892 3361
7622 9493
2894 1473
6718 880
6717 5482
7767 9411
8763 9365
1184 8982
1593 1013
1939 5811
9889 9790
756 7200
7069 4067
4516 1777
7885 5026
9160 8103
953 5839
3976 1430
8749 1752
9791 452
5039 5588
6044 7479
7846 763
1448 7972
3848 5186
5155 2732
7784 3131
1494 7794
9109 8018
7445 6380
3908 6724
7627 5661
1648 4954
5445 9132
810 4776
249 7256
9947 3054
2016 5269
3750 4940
4253 9558
6258 1816
7626 2563
694 8263
6015 7252
5100 9253
4189 290
6703 1304
4710 8935
9329 8311
2268 6824
1740 803
3888 9945
6627 1266
8913 6004
7939 3466
1524 4813
9187 9401
2075 7093
3713 135
4341 7527
7169 2927
5940 2936
1977 706
3554 2349
4262 5030
7124 6094
8034 2529
1908 3581
6513 3138
5186 9344
9130 2983
6627 7030
3934 8326
7983 1588
9985 892
2865 1316
5296 38
7915 7863
4111 9930
3247 4007
5749 2766
1578 565
2231 6294
979 3653
7187 2514
9713 471
2047 3968
6253 35
5777 5362
3013 6498
1527 1545
961 7274
864 4463
6025 975
6391 3280
3215 2261
561 9833
3547 2396
8212 3702
357 2096
5274 4734
7040 1294
1411 7822
7732 982
6118 4575
430 5339
9239 3600
9053 447
2845 2706
4887 9333
9323 4443
7831 1283
7688 2307
4664 7765
1390 6224
6422 8219
7303 1090
3263 1617
5552 7183
2363 9693
2454 7416
4925 5441
8503 4062
4910 1824
9876 4546
4093 528
3479 6233
205 8335
8777 1665
4304 9096
7245 2353
254 1875
3057 3058
1042 2849
2422 764
304 8651
6109 6033
4032 2502
1323 4976
9380 50
341 3400
1089 9692
4964 9846
6799 6847
5417 9924
3479 2027
2839 5556
3612 6500
3184 4651
5299 9547
3227 1832
9570 7274
5513 2104
6474 3155
2828 1621
2310 6876
7540 4088
1960 2546
1500 3426
9814 7801
841 4039
6410 9324
5991 7088
1377 5709
5037 2754
8797 5021
1830 1517
7891 6941
5618 7128
355 6323
2158 3496
735 6896
5636 6796
8911 5989
8635 9842
1837 9371
6947 6149
7404 3974
2824 4615
6862 8807
8815 9519
570 4520
694 2639
1754 3486
9060 6399
456 51
3145 1411
7939 5033
7100 217
9400 5107
8575 212
4681 6925
983 844
3909 1319
119 657
8652 8414
3051 9581
547 4454
4387 5886
9148 6163
8342 6422
8474 602
4704 6228
7428 7833
7967 6811
7476 8034
8394 8504
556 2647
1906 6693
4453 6402
3643 7082
1487 6364
678 9506
321 5016
683 4300
7677 1206
3626 2321
8252 5048
4439 4918
8672 5469
2924 8547
1023 7371
8209 2172
3480 3893
7871 8716
9967 2730
652 7333
318 4715
9279 7393
5378 2536
7743 654
3018 8207
6392 6001
9108 5762
1026 7241
2531 7520
3983 1475
2831 5677
8282 1674
476 9250
8242 7520
1391 8751
3199 5285
3906 1447
6424 9692
8562 1982
2028 3026
2270 329
8828 3546
1192 1269
2525 1250
5981 4792
5210 1849
5146 2416
6044 5949
9098 3062
4155 6044
6087 9162
5820 1508
8581 5410
5540 6568
7819 8334
5565 5024
8853 5302
3085 5774
98 5119
7468 3121
6863 2470
2427 7463
7165 9555
2580 3806
5365 740
6114 8801
6581 5333
1191 1150
5432 4113
6395 1177
9733 121
756 2510
5104 5965
9824 4771
7399 2391
7311 1904
5777 7082
1541 7991
434 5670
2410 4339
5679 2811
8947 6521
9407 8827
8598 5588
2411 9400
6448 5933
9661 6604
1076 8879
9912 4379
2680 3489
2667 1684
2717 4061
7582 3321
3554 6280
6092 940
2445 3061
8996 6057
7207 3250
226 8663
8591 918
1592 4890
2931 3041
5001 9809
4503 5937
9681 1307
6981 6467
6549 2212
8169 7162
966 163
6631 4106
2808 9092
4677 79
312 7544
8445 3734
6291 1949
5096 578
380 2330
9216 3823
7143 873
3184 4759
9245 8917
6614 1778
9711 8336
3508 4584
3187 794
9579 8448
1568 1815
4166 5174
352 7936
9398 2607
2757 2686
4475 924
6513 3791
6946 6214
3318 3591
2645 7919
2882 6225
4955 1342
8520 8810
5716 640
9596 1005
3945 6795
6814 203
9246 9823
7536 8946
6483 9791
2130 4539
3824 5114
4055 5737
8581 9898
8193 3879
1084 4627
2308 2695
6774 230
8125 5075
4891 5298
7172 4018
27 5704
7533 1472
7535 1715
929 4207
7244 3375
666 8155
4086 5851
9236 9112
2651 937
2278 4480
0 9357
8489 3340
7142 2764
1362 9314
8730 7983
5636 8319
8784 1406
7780 6250
4406 3388
6381 6123
2647 6601
5201 6968
388 1688
8384 1712
2011 315
1771 880
8227 3040
6413 3865
3156 7396
9731 8319
7518 4924
483 7672
3351 9389
3857 4515
6270 7912
787 1037
400 7979
6352 5486
1029 8093
1691 2036
2395 4443
8285 4124
7309 5670
6937 8357
6036 6141
2829 5680
4218 7915
6355 1562
3272 3684
9074 4995
3184 209
2633 3048
6012 3032
8642 8813
1003 7740
4945 9551
9740 7276
4573 4811
6638 5341
8872 5487
7065 8613
513 3335
4725 8636
7519 6578
713 9417
2460 8254
7953 4566
69 2374
5949 1906
1240 8816
3125 4300
4926 7733
1886 8265
3451 9827
8031 6218
2230 6580
5338 3035
2361 6176
1104 5653
6573 7898
4386 6006
9001 4649
4796 151
4356 6913
7280 552
4411 8662
4845 9216
4570 900
9933 6452
1905 4810
6694 8477
8758 2407
31 8269
169 4720
8750 8961
2611 3951
760 231
8060 2989
308 7331
3399 5617
4467 3474
3866 3235
9939 5270
6733 7209
5979 3762
3993 4347
6797 3568
8282 1944
8474 8377
4203 6627
4352 4922
1102 4987
8356 7173
4732 7254
6461 6457
9937 7527
8545 850
3688 9428
5980 9224
6766 6178
1946 2687
6358 6184
8974 4575
7326 9360
3710 6868
1622 1724
1113 7671
4492 5334
709 464
8892 3927
309 8429
2008 2815
3554 4692
3370 1455
4531 9386
2126 2735
4518 6730
1557 4156
4630 4684
4387 9310
5526 2313
4638 1831
7455 2770
2543 3680
2762 3116
8067 9901
4251 5287
8123 2957
8143 2950
6046 9258
9886 1710
5008 6225
795 2833
2326 9012
9323 8254
1480 2366
8157 1769
7279 489
2951 8814
5510 8472
8461 4427
3345 7007
8674 3504
283 1057
8951 8294
8211 6876
5678 1048
2189 7832
7116 530
9125 9426
501 4964
7426 4275
6454 1003
6308 1558
2403 7784
8898 562
3206 6759
435 1891
9811 1475
1624 3383
6405 2831
9723 4300
759 4774
8421 8440
8750 7209
3835 423
1560 3500
6649 2061
5283 9616
7279 9932
1670 8314
1594 9652
8325 4586
4424 6329
5878 8595
9681 8180
737 4352
4309 4544
6832 4488
3583 9273
5050 7991
7105 4842
3492 6721
3031 7570
5220 6231
338 4636
9374 5738
9594 5404
8175 2051
5131 4416
15 1977
284 8528
383 4653
6524 6527
5334 6412
9707 4687
1987 3945
4830 7010
8180 550
9374 2199
6564 8474
7189 6584
6339 7651
9239 1069
1802 2576
8255 3442
5541 4066
9042 5711
7584 1791
4528 9457
3092 8188
4541 5441
3842 3414
8655 1674
333 5049
7431 3179
1141 2120
87 620
6788 8011
8357 7369
5950 4845
2011 2824
5583 2765
8048 1905
6560 9333
4856 7860
4908 2006
3612 6710
4639 3327
9833 4566
2961 7021
4049 2088
1660 9851
3634 663
4891 4125
3656 6627
3834 9072
5424 4311
6504 9934
1736 3390
2481 1631
6444 6803
6547 3493
3321 1928
1705 2545
9582 4414
1551 6507
6908 6895
6382 938
5612 3169
5986 638
3337 6554
8953 199
7547 3486
3013 2488
7148 6738
7273 4599
4316 8518
7423 1109
4390 3178
985 1061
5935 8780
8571 9392
2891 3580
8901 3425
5253 3229
9795 4185
2380 7940
7103 3018
5016 5921
6938 1223
9185 3284
9435 8826
3512 3149
7838 1006
5753 9049
3115 3307
6805 8073
3634 9693
4539 6206
7135 7396
5733 85
9277 5254
6985 9304
3995 3011
7947 9560
7966 5706
9179 156
5818 1950
9215 4316
113 8543
7 2081
2654 3344
6924 4799
8128 1607
6254 9798
5823 9149
6050 8540
1294 4619
7148 4448
9498 4097
304 2947
793 5463
4082 2754
7087 8957
1007 8842
8643 8520
3765 6042
140 1699
6882 2570
3153 3365
2950 5884
8855 2790
3519 286
9687 3285
9862 2348
7028 1454
8610 5293
2753 3107
6190 7614
5956 205
7170 3966
6436 7836
4057 3664
6161 9648
8616 9442
9984 3313
7780 9399
9854 9568
654 496
2594 7813
9070 5601
4547 6032
382 8836
9182 8821
6614 4678
7109 3304
4001 6698
3037 7579
5064 5638
3285 521
5006 9299
6446 1378
9876 7353
9178 9382
3426 355
6321 6893
529 1063
6343 7287
9353 4551
1335 2536
6124 1016
3660 5804
2257 7541
1406 9515
6816 1209
3281 6434
9203 6216
7143 6700
8200 2383
5287 8340
1640 7846
3167 6079
7004 15
8874 4232
9829 5516
6628 242
2179 8307
7934 8665
8380 1348
8622 4962
2682 3613
2270 5861
5104 3955
8211 6672
9516 5152
6377 5266
6820 827
9306 9494
6482 4243
9023 2117
69 2891
2064 4143
9824 8233
4023 5559
2888 1380
8207 7718
1780 608
5238 8784
1778 1252
1370 1026
6676 8936
9299 3014
9403 1489
1412 2878
49 8949
6119 5066
7818 7064
7363 1677
4323 8197
3344 1164
3244 3135
4717 3787
8016 2319
5931 5204
3957 7929
8542 1839
1986 381
594 4059
1662 8124
9384 9750
3754 6966
1971 7953
5753 881
5752 4517
4648 3446
5542 308
9976 8825
6351 3514
8116 2596
9432 4046
3715 3634
1303 536
6773 6319
8869 1523
3223 1317
2042 187
1279 8802
9924 5434
8739 3497
9193 2075
7083 4999
3526 8478
4783 9459
9892 7392
2544 9267
7779 1507
3489 298
2824 5621
2306 3802
1758 7671
9753 5994
6140 694
4618 7852
5511 7574
2225 283
5741 1860
275 5587
8858 8768
5638 9415
7008 5529
37 3117
1476 6876
2374 5414
1690 6393
6927 8273
949 9061
3248 6874
7167 8610
914 2826
1392 431
8202 2133
1897 5583
6341 5970
6327 1054
4051 5933
9232 7338
5097 235
6732 1679
2653 5924
1059 9070
1579 7412
2577 8533
144 8507
4111 446
8504 7842
5407 7115
6902 1454
1096 1679
1496 3442
3088 4915
6346 6809
5164 8498
6530 3544
6103 3263
5381 4736
2365 5823
9425 588
6706 166
6181 7266
9030 901
3708 2620
2927 8679
5779 610
9838 1442
2889 3317
8012 135
4322 3517
306 1336
3688 1738
8766 9625
3254 9950
4445 9958
9879 5481
5780 7692
332 3561
9635 4645
6263 342
584 5527
4100 4127
296 1988
3688 123
1168 2290
3348 8811
358 3160
5084 6333
5399 5931
227 5518
2672 3709
2598 9162
162 9271
4991 3633
1280 6896
9254 8857
1532 4161
1433 6633
6584 2749
4289 3282
1737 5135
1935 1454
4200 6632
3853 6532
9350 2763
3040 9365
5360 8684
6821 1266
7035 9577
2775 5230
2485 4879
5512 1242
2200 7252
7852 8109
2700 8182
3614 2532
3858 7432
9731 2448
9970 4057
4905 1074
1089 6053
4868 459
5398 7411
5159 4307
1066 8380
5251 2989
6084 4657
1679 3282
8560 4958
8332 8533
988 9001
9577 8069
393 656
2105 1000
6753 824
6940 3156
9017 3743
6767 6660
9455 6665
4461 6210
7826 3019
1752 1557
3018 701
5468 1896
9918 4404
6901 1639
6362 5443
6729 3712
697 4488
2519 178
7667 5809
1718 8469
2218 2964
5841 7533
9557 7493
6642 159
8162 158
7731 5426
2899 6390
9644 1893
9090 8618
9507 9179
369 6416
4382 760
7570 9075
436 5046
6699 2749
2352 2979
8172 6504
1749 9883
7053 6695
214 6888
5849 7202
9586 6903
4302 7316
3331 1880
8348 2108
8972 2441
7275 1675
6348 8887
1048 8701
2147 3244
6133 2918
1063 9705
3390 3563
2929 1872
3585 4158
2160 9360
1413 9303
9640 1515
4777 2303
4537 8840
4194 3354
9708 6509
8574 6967
2941 7582
5231 807
4974 9932
195 8847
7978 2224
6429 6855
5976 8233
8022 7431
5734 603
5749 8626
5945 1511
1001 8484
129 1242
9614 7270
6622 2187
5277 2899
7527 1715
3243 1578
9424 5840
4337 2664
3821 7531
2775 913
4244 7646
6211 8954
2090 6965
6249 9816
601 5308
8786 3438
9947 8475
3563 9151
1931 8491
5958 3961
3093 491
8902 9648
4162 4577
3382 5889
2614 6216
4745 9710
6512 425
2709 4157
5013 7732
2228 9051
1266 3281
3603 1777
7470 2214
6611 3999
7168 5108
4443 419
9922 4793
6044 2163
9230 6865
5988 1253
9715 6304
9228 146
1033 7510
4377 1339
124 5927
4508 2204
7570 8979
5346 4718
7171 2097
4988 5297
6047 8243
2186 661
8332 6958
5521 741
953 4636
8788 7299
6834 7842
3996 6010
8215 5864
4591 8869
2360 900
3722 639
2950 5936
9850 4903
531 2377
4402 2765
3791 488
562 1157
2936 6326
8713 1626
1633 6497
6005 4684
6509 4256
8050 8289
8700 5658
5909 2748
1349 5888
4870 9538
3294 1633
1755 8314
3928 8565
5547 2938
3954 7404
1784 9580
5566 6702
7530 9356
3130 316
783 4282
6594 984
9612 8105
1876 3855
2173 5749
3498 5936
470 2216
7681 868
3393 3892
770 4425
7684 6312
3849 5132
8969 382
6645 7149
3617 4917
261 1470
9156 2685
5029 2869
8952 6171
1621 7075
1409 8427
4377 5027
6680 9832
5609 1774
772 9588
1088 8111
1941 1920
3611 8335
6532 9353
448 7356
1865 1179
8098 2277
379 706
2893 9548
6385 8134
8964 2639
3846 1512
4117 6927
7120 8322
1051 8648
1736 2552
554 2704
5713 9913
8668 4717
8477 1279
9997 1269
1957 8213
7581 7015
9881 278
5614 9840
2060 4195
2258 8664
5421 4231
9228 3197
3528 3080
1034 4743
7996 9811
7884 5554
4409 6082
9267 6774
7684 9027
2452 6611
8424 6166
1709 4948
8985 61
3369 3366
3113 7382
552 3249
5910 9131
8890 4680
6627 307
4641 721
2669 9860
1303 8973
2219 8779
710 8335
9599 1261
115 7150
2438 7628
3223 8067
6647 3342
5932 2043
4384 2883
4929 3616
6654 5104
2528 4960
3003 2813
8531 6234
6894 7745
2377 338
1236 4636
4828 9490
5278 2911
5920 5414
8846 7535
1292 4162
6648 1616
2192 4504
4036 7443
9981 9815
2751 8243
5239 3905
2399 2564
6741 9834
1214 6063
8439 9507
2736 4304
1529 8947
5866 5557
9969 4705
1972 1322
758 397
3472 7039
6442 858
1235 8104
1718 5850
4383 6047
4025 5701
637 5524
1723 3494
3863 4138
5925 123
9990 9672
2456 711
9221 6737
5482 6441
3184 4
421 3041
8359 1657
4455 4510
1472 5725
3185 1060
4863 387
8314 2298
5994 267
4319 6061
7858 1042
8652 5972
5250 9611
3025 7420
6209 4391
3479 8359
7426 9078
8613 6725
716 1325
8657 8101
6696 5925
3197 9827
6682 2407
6030 4780
9414 8716
2575 6016
5218 678
8333 4903
3656 1597
5725 3191
3342 3546
4365 1654
8621 2449
9029 2546
603 1795
3473 2665
663 6054
8056 7046
5447 2116
9943 2814
1494 3088
62 4641
5910 4958
5008 8107
3344 414
7530 8604
6234 2635
5372 4342
3262 9188
8073 2628
2585 730
8669 2715
5455 4888
8003 6494
4275 4399
833 9234
7636 9312
1807 8541
4546 7200
1979 8797
346 4403
2944 4896
4109 677
3162 7999
5070 6316
2012 9410
2871 3062
686 4881
3838 7122
5908 4353
1534 5370
8006 4702
3053 9106
9923 1219
351 3001
4107 5658
2218 4818
7055 4903
7472 5846
7740 6457
3349 6967
7960 391
8302 5692
114 8611
89 1965
8877 4799
6553 1348
4807 9672
9013 3854
547 9023
8292 429
5504 1365
2054 4786
262 2505
2315 9869
45 3175
7237 5304
4626 704
4999 4078
2711 5632
6480 998
8799 2921
8265 4257
1699 7081
282 2945
6124 7290
3548 3604
6278 8178
3343 7177
8047 7886
9086 3421
8328 9978
9006 9762
5927 9288
4928 511
1136 2129
1353 9372
754 113
8623 5250
3742 1809
8884 4728
3880 9024
8806 8186
1464 8931
6022 3884
5360 53
9339 9052
7862 9823
2060 8227
4048 6589
3363 3264
8579 1860
6455 6554
7018 5387
1326 8967
5332 1170
2318 6277
5635 3023
2712 1343
1595 9987
6579 7531
4475 5954
6801 4221
8133 6147
8755 5569
4814 8601
5629 201
7781 9696
6980 4653
276 5580
2709 9404
1091 5642
2776 7761
7700 6025
3938 3771
105 812
9083 7731
493 835
1501 1830
7280 2504
9026 8501
8529 4615
1698 9169
7973 8134
2743 9514
3712 3711
3072 3901
954 6257
4963 8616
4891 7310
2728 4496
8095 4439
5609 881
9604 9391
9468 5153
2147 9388
6069 9191
7301 1804
385 9074
9336 163
5790 3471
9829 400
6207 5855
6426 5557
4740 2779
2745 2408
2398 372
950 2802
5736 278
2975 8094
8359 5863
8324 6297
8078 5791
9131 6499
8019 9721
4156 3908
3247 2070
3275 8334
6759 5070
2539 2410
1864 6958
8376 8994
5130 2369
8335 1691
9152 9075
1904 3767
5738 5272
836 1622
6949 4605
9955 9350
8902 3943
6576 1119
7307 7346
9544 9197
9806 9431
8190 8834
5990 9649
4269 5907
3092 2865
9951 2413
698 9902
3352 8099
9758 7478
9237 5018
2481 33
952 7313
32 8539
8245 6393
2858 139
6447 2024
2193 1948
9984 6600
6662 6879
9718 9532
8668 436
8453 2578
7662 2247
1856 599
116 4754
1154 7091
2916 5410
1941 7206
7817 7918
7565 2451
9914 9133
9583 5551
4991 7644
5045 5994
1496 5613
1783 9832
4350 2796
4118 4850
1096 705
7903 7588
5315 3787
6532 8678
7672 3306
2192 2396
5739 262
9017 9729
4623 7476
6316 7574
9111 8055
5866 6600
3281 7953
8773 8529
158 7875
5498 8095
7402 1632
3377 9422
1399 1363
7363 4898
7533 4381
773 6046
6594 9344
9062 9721
5535 7233
8180 5971
8148 3089
3345 8429
6297 7927
8543 9478
7230 2462
4633 8544
2573 5583
4541 7393
6999 1541
3236 1846
273 917
5457 9611
9297 7024
3149 3022
2961 3487
5048 4045
4584 4979
3647 950
9655 8090
6364 6801
5289 5713
4831 1542
5568 7931
5159 477
2543 3577
4661 3854
471 6889
148 5429
8603 4732
3986 6138
3163 9312
6489 8990
1593 2186
5491 5474
5239 8529
7019 6729
2969 5328
3505 3542
3753 965
3622 8235
8718 6888
5487 1993
5279 7766
7023 1673
5809 6052
6508 9803
7328 9931
9261 8916
6590 2957
586 3651
477 343
9479 7526
6107 177
5946 683
953 1494
7308 6378
3916 7397
3645 1071
309 5557
6424 8017
6462 6980
3140 2589
9528 31
9940 9642
2703 5247
9100 8293
5200 3688
5696 69
1697 4579
7589 7727
3091 9473
2063 846
201 7694
1176 8223
5555 3256
7804 883
9322 6646
5221 8390
3211 1762
9528 208
154 410
3463 7707
7438 393
7916 1415
1797 6897
1904 968
4843 9492
6596 6855
1586 8165
8971 1734
699 383
5179 9048
8840 5358
5764 4581
6727 84
1398 5923
1923 1820
5270 5131
2833 8525
7115 776
1584 7301
7168 5058
6354 6974
7639 4319
8479 699
5832 8586
3955 5266
910 2217
8759 9762
7846 4182
5571 9445
9151 5277
4884 2188
9357 7400
1792 6329
898 60
8818 2146
4443 350
6681 6002
9562 3480
6842 9600
199 463
8025 8424
5090 838
1883 539
1599 419
7091 3462
2868 2016
1378 1738
2761 9018
609 4858
6959 4382
2945 918
4694 6423
4125 2628
4344 2111
1542 7196
7765 8077
4391 1331
4726 8639
7687 6256
2187 9073
5113 5691
9624 5991
4302 6825
2419 1445
8016 6189
7662 1415
5377 8016
1868 5271
7780 2965
3963 146
4530 8392
3997 6622
5935 9674
8359 8718
7769 1336
1501 2675
9041 4472
8835 2335
5856 2251
4506 7709
5151 8433
9336 746
664 6006
8071 722
4306 6288
1335 6414
608 2847
8646 8592
8546 1050
2665 1134
2112 3718
2377 6468
4585 1975
5991 572
234 8509
9338 2372
9114 3127
1320 4111
7111 1200
6330 2235
391 5012
9427 2778
9151 6753
8812 8624
8618 5739
9815 3142
7919 1930
7279 1803
8989 2198
8263 8834
1497 1077
6684 9414
1945 8580
6040 1779
9367 2470
9833 6627
3368 6831
9836 4610
7436 7626
1258 3141
3227 3626
2510 3760
9084 5927
1222 3557
2959 9367
9071 8872
840 9570
9774 3802
7189 5897
1623 6249
3955 764
4574 9172
6957 2134
7545 7079
2487 880
6113 9905
1936 7329
3220 4617
6843 6008
180 1613
2581 9956
1033 53
6982 2760
7188 4573
7815 6833
2329 6656
4625 6570
9824 810
202 4597
5928 9433
2746 6195
6312 3634
9097 9560
6523 924
6137 2972
3731 1344
5569 3939
8095 9479
7570 2354
5380 7490
3694 1883
2977 6370
4365 6359
5446 256
8317 819
2253 7746
243 8775
1450 2596
6383 9009
9039 5997
3944 7518
156 2907
7805 9536
6835 3102
5762 26
1972 604
6560 5887
2138 4868
8875 6052
6919 543
2867 2783
8250 7887
1888 1754
4714 5309
6975 6485
8161 5873
1221 1056
8831 5580
6981 5172
6272 2778
2795 9998
220 1703
1467 5985
1961 2135
9312 3928
189 4923
3980 7519
6708 2320
4704 4555
7047 8692
1617 1929
3599 6621
5170 8500
1844 2715
2584 9132
6775 311
5801 8612
3422 2777
8722 8603
5772 6991
5910 187
6201 4244
9466 5084
4605 1860
5441 2669
9780 6425
545 6145
5215 6250
8705 7460
8414 7395
3445 5111
479 6183
3825 3748
4864 3504
755 2183
7211 7640
4230 1445
573 9270
9556 4396
8141 1278
6391 9336
6350 5566
1906 8069
4771 5959
5604 3844
7760 9036
8309 7849
9352 1185
7266 130
4730 7422
7946 5096
9747 4558
5193 8071
3415 2986
6352 8991
6565 9755
9075 7009
8264 2815
5870 5941
3774 5804
6419 1536
2539 6159
4441 1794
6137 3686
4233 8461
5926 7988
4433 9961
640 8279
174 88
5386 9163
4275 2366
2909 1066
5189 1997
432 4604
3828 6266
1902 9631
4285 2008
2045 9320
2678 3857
6398 1843
2507 1210
4432 2977
1931 2140
3436 4705
9171 1980
7767 441
3630 5086
3737 7600
3861 3877
6934 4887
7041 4880
5400 7139
5460 1145
2720 6058
8141 5203
2854 9612
5811 8705
8653 8353
4417 2066
7028 9551
5871 6547
1332 2431
342 6188
5800 4325
3791 797
3469 7215
213 1562
3660 2215
8865 4384
4309 5353
857 4460
5283 4360
9400 5765
5233 8191
8599 4535
5632 8373
6791 3350
2524 6330
4809 1550
9208 6969
8333 7733
1770 8332
9137 7688
4035 3554
976 273
6121 959
690 2859
5449 6345
2598 4634
2069 7404
7567 4426
3989 4353
1088 319
1283 492
8968 318
9737 6354
2825 8533
552 8382
8533 3938
1649 6958
4399 5454
1070 9557
2502 3567
5607 8590
598 1324
8440 2797
8209 6653
9813 8039
2179 5425
9446 3807
7827 8547
3410 9187
1219 4101
6569 880
9843 6274
5397 6331
6008 2961
9717 8257
7231 2458
7575 8639
9400 8707
5402 4610
2611 5316
3060 3214
5677 2202
2780 6650
39 6279
9944 4808
288 1516
5403 8901
3196 2257
9209 9240
1082 1262
7044 4514
6166 603
682 4602
7930 2937
7067 2094
3945 3989
7962 5580
1191 7513
247 8167
2248 8989
5917 7609
8583 8087
6319 1206
8766 8934
395 4302
2313 6860
4166 7930
1908 6451
4142 1017
6071 5964
6500 6182
1987 1751
4535 1335
8554 121
1050 8984
8078 390
5359 6905
5166 5666
145 1400
7903 1491
8412 1713
3565 701
7068 3358
4018 5609
137 3228
3389 747
8166 5422
814 1673
5598 8019
4304 7697
4659 6949
3407 9417
968 7418
7118 2349
6554 1624
4592 7775
9599 2491
1967 2111
1303 4285
2809 5887
1575 8373
7795 6535
8702 488
8752 5542
5908 8043
9361 2548
1260 5046
9223 631
5564 2792
9391 1726
3287 6231
3224 6543
5019 3666
8858 9153
3102 8674
2653 3206
522 4058
6837 6724
1391 5932
8858 1196
9298 767
3394 3185
4155 383
6802 9700
1174 453
6740 8163
1706 7632
3618 9383
4784 9848
7752 8952
768 282
907 7429
9488 2638
4006 9362
42 1197
6972 7771
1284 2387
3746 4398
5211 9938
4517 7437
2153 9543
9549 7258
2282 7804
1444 547
8595 9114
1749 7367
5114 654
3440 5533
9704 8710
8421 4795
8521 7767
3158 9493
1940 8530
3579 4640
1413 939
6733 8565
5089 1721
133 9069
3819 64
8665 2472
3718 4969
8281 4234
7934 1750
171 8274
634 8634
7916 1820
6928 4539
2555 6062
5802 465
550 23
3748 8798
3191 4233
9929 2594
2302 3025
1348 9941
3485 7390
1080 4577
5676 3195
3100 9700
7840 6322
1093 6504
2 2079
7862 4415
2804 8781
1684 460
5088 9284
1725 6999
5272 3220
6565 6707
6255 6700
1006 3093
3100 2080
3796 969
744 5403
9571 5221
1493 5079
6382 2232
7583 6280
6771 6989
3471 5172
3867 4529
1189 9525
1968 9083
4315 6426
8741 4395
7136 1168
5657 9222
8268 7247
8209 747
6642 1772
6160 888
998 3674
2352 3295
9612 7628
3579 4142
9607 5707
5650 9618
8700 6834
6228 4935
4170 7237
3495 8216
6027 1895
378 2341
700 736
4421 5744
2771 2504
119 8014
5140 5984
7271 9553
8718 4834
7366 9591
4066 420
1211 6767
8360 6374
251 5773
3122 2474
579 8473
5017 5103
8852 6838
8097 756
8072 2895
6443 7733
1986 7337
1488 2396
3564 4672
8564 9360
2890 5402
6122 6462
4747 4012
4471 6103
7127 2596
3382 8061
3755 6379
9057 6390
7769 5804
4230 2349
5466 2616
4495 1408
964 9874
1699 936
7406 3727
9792 8712
6555 9142
8165 6702
5445 5342
3174 8867
4221 7467
9912 4197
8858 6242
7848 3188
3748 12
6862 2413
2400 6381
143 4576
2352 3024
6846 6763
57 6875
4921 5451
2811 7372
8537 1498
2162 9846
5498 5224
5716 9341
8117 208
7096 8804
1329 4464
526 3384
9727 6684
7977 3457
3822 8069
828 7615
9716 5617
3677 9591
2818 2846
5151 1269
4523 5742
5910 5537
8233 2346
2243 5173
1645 8238
2317 1310
2053 6875
9880 9264
3710 7589
1663 4462
214 1314
7655 515
9018 5050
4513 400
3081 2026
3266 3116
5970 8311
3529 7266
640 2025
3149 6125
5549 2240
7131 7541
8106 5929
5535 2967
1855 8837
4482 2461
2312 3336
5920 37
2880 4972
7738 1572
3730 6754
8502 7608
2212 4057
1158 420
2617 3788
7130 9056
995 8036
7208 8403
5821 7195
6681 2449
3337 6888
8710 5642
6662 3310
1814 4444
5180 544
9359 9391
5152 4482
2556 2175
2585 8275
5174 5392
5864 340
6889 2819
8749 8125
7210 6887
8609 2899
8278 4797
328 3309
4515 9550
454 6043
5751 7067
7751 4094
3514 1624
3317 7773
9357 4045
7872 2296
7951 633
9699 9458
5607 2388
3677 7261
244 7213
4139 3289
5480 7146
1634 6373
143 1606
2232 2450
8018 546
7766 816
5110 9687
3517 9562
8576 2216
2197 2026
956 165
6474 4633
7909 1662
6169 2071
8496 7871
7427 4922
6456 2576
4897 6358
2342 8491
5303 9597
8433 4586
8898 7191
504 1390
4890 9129
4259 2450
5016 3766
4035 622
6045 7345
9891 1278
4286 8329
4207 829
3736 2227
4818 6284
3818 1267
6660 9301
6700 6521
789 6520
8897 7316
2398 6485
540 3252
8727 3867
8917 740
3661 5060
1246 4689
897 5001
1361 6948
9136 7644
6074 5174
6468 8034
3356 5904
2548 1048
9482 5282
1582 6260
2443 1921
4252 6282
5352 7172
2183 6445
2890 1630
3411 9508
9831 6157
2696 895
9384 1229
6543 8848
9055 2341
7065 5054
8225 8559
1893 3616
7723 3935
718 8155
640 8647
4904 1684
7675 4056
2639 4749
1192 5988
864 6351
4554 2811
374 190
5489 3915
251 6181
8910 5230
6041 3434
5887 6903
4401 5914
3648 5708
7693 7718
7802 7742
679 9167
4334 4163
5613 6510
1976 9171
6582 1166
3492 3699
1668 2232
2549 1968
5677 4696
2578 4296
8759 9835
407 9561
5148 3470
9056 8666
5418 5736
8966 6825
7500 6635
2870 7925
403 4949
8078 3587
8217 8407
4876 7111
2696 2677
7000 3432
510 2579
5541 5398
6300 4285
9610 4682
5627 9232
6432 3366
8922 420
2560 6644
362 1903
9831 6403
7081 4770
8080 3025
9840 5903
2054 1272
271 5976
648 4936
5330 5672
3301 9232
3875 7146
1679 8698
1796 8457
4714 1592
1036 1018
1885 5556
6158 3924
3640 4846
4389 9068
3922 8677
6436 6590
1514 2102
5944 9924
6025 4679
7916 6392
397 1313
469 9676
8310 9396
3219 976
3449 9256
5143 3406
1015 3742
5228 8396
4766 72
1410 6765
883 9758
72 518
1411 5721
5597 8654
4047 7950
6188 8081
4459 3664
8608 2274
7460 9464
8358 3776
2625 7172
2455 5022
8099 3488
8199 7238
3141 5569
2998 2275
4783 5402
980 4419
8412 1161
7615 115
9832 6857
8254 4312
1338 8177
6237 5555
1483 5787
8848 5949
8165 925
2181 9218
2970 4255
3499 9623
4476 6130
9365 4903
3348 3867
6076 5299
4530 3635
386 360
1192 7727
1298 9062
8300 3128
4652 8735
461 5396
5479 495
5064 2266
9425 3468
419 9623
8559 5784
4625 3209
1928 8418
3537 6136
3461 8320
5017 2590
7273 7155
6300 8979
1189 5109
793 6406
6799 9229
7060 655
914 194
8394 6863
6368 2095
579 980
4383 9134
8756 3761
1534 9569
4145 4711
5000 612
7069 1113
9255 3798
2734 4534
2320 9647
2012 5432
3845 6724
7412 6012
7840 5334
2646 5783
1227 4358
8509 5776
9658 5554
5145 2376
7573 4230
5382 5840
6746 6847
9451 5908
580 4986
3499 4771
3978 3734
9950 2551
7187 508
2005 6163
8075 5208
5686 5851
3756 21
4851 9707
3686 4963
9903 7261
7133 1332
8695 4957
1500 3219
6814 2103
7870 8494
1879 4250
327 5080
2510 4306
6478 1828
2189 3311
9782 1029
2810 5433
9927 4222
8005 149
1776 7197
3822 7011
2338 6809
6935 5783
136 8101
3406 1947
6487 6092
9560 1924
1037 166
2153 7363
552 6810
9233 5334
4185 3531
2972 5300
2400 913
1346 5905
9112 6434
7478 4230
3081 313
2010 1242
6939 6157
8891 3337
6385 412
6846 2298
991 5360
4955 4780
5308 1994
2325 7165
5401 9097
3547 9979
1643 4863
6214 8119
1638 3521
2396 8106
7211 8211
1404 5929
1493 5726
2301 9696
9028 6665
5977 4134
3631 1233
5787 2783
4113 2442
8679 5960
1048 169
6891 5796
9403 5266
3420 1965
1792 9990
8928 207
8281 1175
5340 8952
6837 6534
2597 6072
3784 6294
7412 642
4656 7840
9571 4455
8221 9827
928 5066
3737 1373
8736 927
5574 1380
7779 8688
4556 8996
3388 1790
1899 6595
3987 9325
9183 65
4002 8552
3822 1877
7652 6047
82 9646
603 2270
9284 837
5295 7232
5302 3018
1120 3820
8246 4722
2949 2578
8898 1679
6825 8805
1984 3415
7806 8275
4928 482
4173 4746
65 1502
1753 5570
2092 2668
6776 793
9034 4498
8224 3948
2977 9885
5405 9802
3795 9792
3058 2511
6316 5328
5994 9977
8279 4832
9837 5447
5797 4144
3242 1501
2460 7362
3089 158
4533 9079
3343 9205
3153 2084
9525 6005
9510 155
8380 9973
7651 6769
6729 2261
3439 3308
6554 9453
2190 5853
554 7599
9794 2001
7555 3507
5638 130
5110 9256
9327 9785
3286 4328
4443 9796
2920 4527
5652 558
5044 8532
7251 9490
9987 7606
1469 7261
4177 3283
3742 8397
4924 8012
4440 830
6496 2778
179 9138
6622 177
3420 709
5536 8344
7431 3186
6387 3231
6949 6144
7635 2159
5272 6188
6600 5835
8841 3855
2413 8495
7658 5125
5962 6815
6946 4135
1374 6042
6963 6178
9520 3008
5069 1558
1555 4194
6455 9282
6256 1691
636 7700
6869 8946
9429 8529
4977 7476
7223 8533
3894 8617
5622 2503
3209 2709
7427 9097
4544 4178
7292 48
5433 8327
388 6527
5267 8588
4326 8471
9884 2460
962 9337
1594 2242
4002 4634
9998 9555
7027 8571
1739 7096
3885 5756
2140 1942
7483 5329
5076 4021
2964 9607
1302 4593
2947 5095
1647 1784
7992 8861
312 4889
8359 973
846 3014
8322 9557
3464 7017
7834 4444
4595 6038
6115 1616
309 3611
7217 4599
3993 2567
3896 2939
8712 8464
3047 653
308 6150
4732 8758
4234 4150
3765 4957
8644 805
2988 9943
9847 192
6975 557
169 5382
2775 2036
1114 1121
5574 5507
4535 8540
9442 6968
1762 5698
7242 7834
8882 5787
2033 3742
3482 2822
7712 1451
5730 4415
2088 1657
7130 8535
1495 4034
8532 6548
9271 7669
9710 9857
1539 9867
6277 4463
7020 4732
2300 7005
4761 223
7151 3655
762 8743
1557 6221
4662 1766
9924 7771
3873 9653
1128 628
7444 9960
650 6611
9308 7806
8248 7392
1761 4688
2195 9022
7688 4886
912 4722
8356 3348
5210 5513
7508 9173
9409 909
9600 8016
6151 779
9786 5406
6723 584
760 4435
4652 430
5921 4900
7787 3764
7884 6076
8515 5601
3475 1454
8014 5167
8001 8717
6798 6318
4677 1214
9159 9399
8016 3193
9752 1870
419 4712
1051 9549
4980 1379
5023 3749
7992 4187
7023 7933
6087 7411
6656 6255
4544 4112
1199 4968
1756 1439
9411 2856
5804 7034
3405 872
3412 4018
610 2082
2309 8012
5780 4735
4126 4219
1602 9311
4452 7968
4592 9076
7517 6265
6690 8959
1265 4180
430 2554
5260 1602
5526 1291
6144 5271
5839 8308
1692 3551
1 1062
8453 9988
6317 416
6611 7239
4992 2068
5478 1800
9833 8415
6387 9720
4686 8279
7313 7813
3018 1864
2997 5665
3279 3578
3710 3851
8966 2524
3964 262
702 3279
2328 6292
3076 7726
340 3058
6955 7850
9328 1151
9729 3424
4432 2468
9085 5820
6601 5233
78 7633
9370 3182
8201 3782
1318 2282
1419 6764
7972 4798
6458 6501
8308 1640
1999 8494
8713 1451
1099 1284
6427 1178
6370 401
1760 4404
4153 8589
6112 7164
8391 4801
7131 4792
4731 2093
5599 7961
2546 2730
6499 3011
772 4989
3443 6280
3444 2744
5742 2984
462 3447
1856 9101
2274 929
3860 4219
5322 1456
2854 2296
9816 781
1308 8395
2659 7590
9925 1817
1731 5736
774 2490
889 7752
5834 912
7042 5363
9490 9900
2012 5079
1870 5365
4524 1923
7685 4124
9793 828
8224 2942
2257 7185
524 3852
9794 1352
9981 9649
6514 7771
8897 9992
4186 3499
4937 6248
543 2959
9173 8860
1145 3832
3468 2903
2619 8262
1995 9221
9542 3324
4990 47
1411 7798
6552 5588
5562 3100
8177 1941
2245 1847
4032 5735
8283 261
7927 9096
2397 2890
9414 750
7056 3813
4333 4800
7953 343
4862 7136
1514 9895
5487 8792
6971 9337
9482 1369
3805 7212
4103 768
1722 3239
5271 5218
3835 5454
985 6977
6863 8439
9517 4382
6965 7323
7479 8689
4777 1111
6440 7007
8160 5002
6179 2700
9178 9646
2303 1894
8020 6507
6138 9932
8794 3303
8104 335
7563 4166
4088 8464
5953 3644
6317 4252
7893 1910
9915 2386
1266 6784
1114 5988
5177 540
1383 3801
4518 9616
7078 6408
7011 5152
2771 3837
5576 6235
5363 8853
3665 1182
1175 7039
3834 60
1851 4940
1111 5306
6652 5298
3266 4482
5260 952
6897 4940
9051 8802
7542 5432
8434 2986
8108 6499
3688 6536
3251 7082
3253 3483
6279 1925
315 1544
4640 9108
6793 940
7317 7001
7138 4668
6336 3764
6105 3691
3273 3954
9857 413
7636 9452
2279 839
1251 813
7093 8221
9118 6287
3597 7047
3237 9762
4620 3595
1698 9892
7676 5389
7157 4557
9912 2146
5964 7950
5449 8731
2845 5235
1964 7562
3484 3387
8803 8419
1471 2399
2237 4508
7892 6700
824 881
7263 4107
6597 4887
4232 5066
269 4629
7973 4790
7434 3329
1970 1440
2010 6358
5509 1033
5859 1105
592 6201
3900 8090
2209 6649
2803 6371
7201 2103
9999 7349
659 160
3461 1480
1475 2003
838 8285
4858 5908
1483 3217
7072 3355
1626 9197
1642 4846
1047 7597
2064 5559
4589 7785
6785 5042
1834 8014
583 4416
9099 3927
9759 5266
288 8102
5595 754
891 4929
1686 2356
9771 7535
1682 8645
2332 4748
859 8715
7444 6165
6133 8240
4345 9522
4614 5817
3453 4855
3037 8305
1802 8474
6055 2031
7161 9705
7896 4155
8015 5413
6360 2276
5538 9248
5787 5966
7561 6942
9903 7537
6615 4295
4309 630
8942 7365
3270 6325
2624 1855
7605 6794
710 6890
2297 2429
5045 1521
7289 3732
7457 1922
3429 6578
7496 2220
8047 3327
5692 6555
1379 9796
8931 5560
9206 8561
6779 7416
2460 6318
8818 7696
1436 5981
7677 6596
5733 5790
3623 8750
7337 7149
5699 3993
9413 1201
6246 4219
5468 4972
1802 2728
5730 6779
1505 639
1806 4432
7179 4740
7501 7896
2638 8968
6690 6333
5684 6119
9199 9530
799 6220
5250 8753
4899 9975
2542 9659
9859 326
2775 8954
5142 4554
8892 591
7630 7444
3957 1504
6723 1266
3143 2148
8371 4722
2826 5620
9421 3318
4263 4395
7266 3606
8062 8044
4346 7098
1999 6854
6033 4266
1343 76
4208 1003
555 2432
1006 6960
9700 2231
3263 6955
227 9882
5298 5107
5663 7058
190 8159
1427 3190
5032 2182
1770 9681
5481 9700
8963 7612
6929 7877
4353 1841
9846 4757
6346 6714
6416 7556
9546 9235
5211 8908
2374 4023
7396 9182
741 6147
4456 6645
9053 7741
8571 1313
9225 7461
1400 398
2674 2870
4267 9987
8815 3275
5850 520
221 2770
1307 6121
297 6390
5379 4013
5104 8223
1488 8546
4780 3396
7195 4536
2158 2594
432 8148
3719 5221
9601 4035
3926 1994
9727 4765
7370 6999
7952 5858
9868 9155
7830 774
958 8027
4436 5751
3005 7359
217 1558
7660 7567
1767 9703
7338 977
3642 2233
425 7488
4494 4827
2637 8261
2084 1820
4908 5981
7408 3359
7270 3390
2490 9593
4300 2090
7023 7816
5522 149
1871 2
9311 6365
6928 2609
7921 6255
6046 4899
8437 7108
5319 3171
9329 6402
7884 4912
9685 4983
5585 8232
5215 9215
474 7935
1778 7495
7629 341
9371 3878
3701 6254
1738 8376
1154 5145
3137 6905
462 4043
9122 151
5877 18
759 1833
6201 9496
2669 4370
695 7750
4689 6158
4804 6532
7720 7137
8229 7197
6232 7410
9704 729
4545 2457
157 2926
5533 7879
6750 2740
4881 6957
1993 3788
6352 1586
5560 5574
4724 9294
679 5343
8695 1940
1911 5152
1048 6067
6548 2094
1668 7458
3669 5963
6441 4304
3534 8312
5173 5268
8178 912
5298 3654
5732 179
8529 4243
7412 6224
4302 5472
7597 5782
1475 9761
3949 8893
7298 7054
8527 9049
2310 8340
3595 3987
1225 6511
5492 7890
6867 6230
9826 7534
8957 9894
2704 5883
3105 7814
2542 6584
4700 4856
9219 9580
5537 3515
4248 560
3388 6291
6512 4566
3007 5495
5632 9765
3438 3561
5547 8759
9199 9244
61 9486
1137 1225
3470 3560
2786 9195
1846 5839
6247 8006
8547 7496
9160 5434
3024 2328
9359 8284
914 9082
8612 9977
1896 6232
8078 9186
7541 1305
4253 8023
7977 4553
7465 8686
8404 4119
5650 8869
9610 949
9620 7705
4368 8443
1264 9736
7290 8491
791 3386
4413 3
8863 7028
4870 733
9807 1356
4702 437
4211 4968
3752 9990
6338 1330
7489 486
9521 3487
7585 6871
8522 9642
5080 1006
7921 5272
1026 584
8632 1315
4826 8479
5949 8506
6000 7739
1256 5606
1103 4304
953 8704
6798 869
6242 3275
4649 519
4402 1971
8125 6641
7860 5144
5431 6353
8685 9791
6438 6383
8616 2278
5631 3958
8110 5830
1782 1905
4791 8231
1373 9539
33 5385
5040 7394
5383 6007
916 8953
7852 3643
5370 3052
5465 4321
7295 7898
715 5232
9087 2386
877 7544
4327 687
6228 5627
5784 4455
2774 8952
3228 7058
2321 1724
7369 1995
2568 3054
5658 5294
9549 4177
264 8196
7146 1211
4575 1030
5349 6775
6566 5536
5909 5519
9848 8760
1516 9955
4339 6389
8080 2588
5287 3768
9376 1382
2850 7277
3229 1342
964 2218
4351 4786
2980 7789
457 5598
3038 2823
9403 2710
4589 2211
5541 1506
4942 7695
9209 338
6868 1058
3724 4668
2866 3714
5669 3277
1597 8314
505 9863
3736 3078
9787 6823
7083 679
5527 608
8719 5482
4197 6060
3844 955
5575 4520
3435 4550
2002 5211
7665 684
6091 5115
5417 8751
5510 8763
8704 5171
4778 722
1212 5554
8050 3877
622 2521
3031 5313
4069 2177
2279 314
392 1538
6208 6896
10 1402
2615 7762
2557 6999
1392 8281
632 7866
8654 9316
8568 6913
5268 9967
1604 1901
1318 1826
8458 3017
8861 8850
7531 560
8398 9696
4797 1322
4153 4745
4677 6176
6573 3687
4361 810
1325 113
9117 999
9797 1913
4848 1526
3853 2986
4479 3999
3358 6052
4930 1093
1376 1316
9374 2415
3174 8806
6094 7781
8959 5507
6232 387
8511 2172
2655 4611
3781 5737
4314 979
2545 6609
3632 2598
7948 4125
4456 1159
2779 8619
1951 4872
4321 4133
4250 9361
2186 2844
2205 9127
785 4074
9076 1440
7696 8036
8273 5607
9571 8128
5450 5581
4010 8004
4277 3233
6355 2369
3737 6141
6896 2494
8640 9664
1096 7729
5580 692
4197 8244
8309 5591
7969 1026
9703 4251
6759 4105
6386 7990
6776 7534
885 1348
8559 9042
8676 3163
9430 9242
846 5907
1190 4647
5165 60
1348 2689
3731 6726
282 8487
9634 3112
4850 3613
8626 3731
3410 6461
8039 8575
1396 2901
6507 4878
4315 8217
8446 9478
4410 9524
6362 1206
5548 2638
1516 2067
1310 3249
2807 3787
3813 3574
1737 6602
9147 1883
7748 4272
9241 5543
1205 3586
2280 1507
7540 1890
1807 1279
7528 8579
3903 526
6022 5588
273 380
9844 6982
5792 3280
602 2946
9007 1778
6297 2743
3391 1198
4930 4604
5467 8592
3915 3018
9955 3083
9201 4035
9636 4170
6257 9485
9324 49
193 3180
957 6239
8400 8543
3821 4219
777 6797
6313 8559
2352 2982
5430 1069
9231 6907
3345 9047
1560 1157
152 8584
6814 9359
4737 8335
9368 6224
2202 5920
7277 4887
674 7352
5391 7410
4062 7748
6283 8844
9457 2005
1710 5621
2571 8288
84 2935
3881 3538
1963 8019
9554 2584
1472 3750
6155 2738
4252 232
9077 9238
9070 2943
8634 1193
9509 6909
1102 8672
2094 9561
8050 1639
8563 2955
1030 8933
4668 6736
1847 5763
6906 902
1897 3545
5861 6243
1568 4374
4563 1678
3937 8442
2368 8150
8581 6375
309 996
714 7660
7212 3306
2168 44
196 6287
3385 9386
4425 4338
5197 9260
2158 7505
292 293
7988 889
3494 1692
9386 5253
6419 9454
5863 4391
8292 5949
2888 5421
1630 6626
8853 6398
5272 7053
7415 877
2643 5855
7420 8991
1590 1924
5459 485
6596 3502
7642 7684
355 4494
436 1985
6244 7876
4429 5851
4898 5177
8084 5926
1331 2760
8095 4966
9359 7870
7074 8927
1670 638
2827 5362
6270 3452
3743 4536
7576 261
4352 4182
1395 5083
7019 5285
9168 130
9254 7850
8313 6895
7063 141
9347 2900
5366 616
2336 1622
9718 4433
1885 2731
4784 2432
726 1433
1750 4290
7471 3121
2077 7188
1314 1116
5799 9573
7592 2352
2918 1462
8239 876
4159 5222
1690 5444
1116 1698
632 2481
5232 2340
5467 2282
4218 4552
9607 5676
7145 6981
9686 7202
437 2144
5589 7890
5512 9898
8569 5793
582 3207
7412 4787
4748 9130
2325 1014
5268 7002
5726 7518
8673 8878
9439 9484
9152 8091
8464 7526
50 4504
5062 9693
6831 1401
7636 2588
3582 193
138 8129
421 1332
8652 3424
1927 8603
1826 1150
9447 8036
375 6104
5413 5319
9789 5115
1109 8127
3843 5542
5583 2730
1938 9623
8905 5112
4193 601
5673 7327
9817 7012
2004 3727
824 4392
4275 9050
9747 7573
1777 6964
2829 3239
8425 1533
8841 3917
922 3750
1025 8906
625 746
2630 9441
7261 972
3308 4208
2409 9328
2711 2958
6293 6134
6756 6517
1912 7914
6717 5544
731 116
989 1932
2019 6431
1603 9157
7803 728
2906 9767
8736 7141
7986 6521
7369 5109
5402 7994
8189 6602
318 8804
6085 7366
6236 4244
7598 6135
2162 9004
4071 6849
3194 1172
588 955
9437 7304
9365 4113
856 777
6986 5289
7239 2770
5256 3096
2685 223
8965 7491
2625 8415
9649 8372
7520 4264
3625 8669
8542 7939
1845 6242
5537 7593
1520 3187
7996 1031
194 9096
8912 8279
1322 4902
1875 2154
7939 5179
6273 8610
7840 648
5961 5826
4373 8638
3093 3933
9752 3626
3108 8389
1969 5554
2401 9937
7608 5024
4874 8761
9363 9070
9835 9990
6246 4800
2159 5919
7044 7916
6261 301
2463 7526
2777 2854
3652 3481
1718 9154
5334 9429
6408 8519
7620 4272
4046 9136
2408 2830
147 1458
6021 682
3781 8195
805 1327
8881 2162
8029 4200
7142 3238
1080 9552
3567 3030
355 5436
1389 5498
9752 5256
4937 6857
9429 2915
84 3112
9008 4535
7987 956
7869 4373
9783 9333
9634 2707
5908 4672
3030 9338
953 9149
2798 2795
3878 1646
1189 9194
9512 5499
6778 9321
5487 7130
3966 9431
9049 9469
7417 5647
6915 8320
2215 734
4744 3710
3496 5957
8433 5127
8274 4023
8925 4081
431 2860
610 2716
4627 7950
504 8419
5524 3602
4397 4350
532 2241
1540 9930
6651 7412
6078 6720
3298 4346
2217 5858
6170 9356
5303 5170
3247 7975
412 5722
3329 2483
7293 8035
9776 2775
9914 8429
1519 1914
9677 8393
65 8443
3670 2060
6158 138
5780 4727
9102 4660
3356 3407
5785 5588
914 7523
9575 7099
2265 8846
9712 7818
9170 7714
7554 7883
9431 4852
1801 8191
5988 2312
1658 3988
570 8087
1324 137
6525 3870
5008 7321
7315 7104
6299 819
2053 4379
2150 3577
7881 2028
8603 6431
6668 6206
4269 1522
6330 8865
7538 4883
7944 5088
7201 679
2795 3492
2806 329
7968 9018
3466 1263
2864 5411
1572 7178
503 6623
5180 2517
6875 7883
775 4950
9676 4936
9229 9942
3920 6651
3016 8309
4588 3911
4295 3766
3819 5538
1337 6416
7349 3966
7129 2072
2781 2267
7987 5674
8624 8721
3370 4774
3960 5329
1003 9135
3995 1434
3811 5611
680 6484
6718 8710
9200 4215
13 8207
1508 3152
4125 4576
8695 9345
1238 2708
8565 455
3372 2934
5108 3680
5092 8341
2761 5736
5866 4479
9724 5779
3608 9367
9754 7954
7798 7137
8231 7918
6156 2174
4495 8728
400 3210
5777 4594
3492 8286
344 5625
2605 2957
9240 635
6660 9826
4492 2005
8162 9860
3608 7701
2377 1345
2108 3335
3259 4010
4941 2749
952 1897
2911 1477
7040 6358
1056 4633
8943 3215
1078 375
855 2450
3590 4252
6068 677
3365 2018
5847 2813
3000 3133
850 1845
4514 2320
1988 1359
966 2389
2526 3639
6244 5225
2632 1459
7880 1637
8306 9281
5165 8972
1272 6828
3499 5873
9667 6180
8384 9374
9225 7901
7350 8897
3705 901
2679 4041
19 2666
8990 6142
9302 2002
2698 9615
9053 1442
3879 5096
2957 5259
9496 4793
9776 4957
6566 4609
2123 3914
4299 76
4735 6887
590 2924
8374 62
2755 6471
2855 7381
8457 2909
6654 4688
5991 9163
1398 2494
8907 9474
3906 265
9461 7473
1828 4530
2081 8353
142 287
7689 2442
5777 1985
3128 9991
5386 8558
4280 6971
5549 866
1267 6864
8382 3012
1790 357
2011 1970
839 8654
1160 135
5590 9656
1206 9067
1992 4919
518 6834
2960 7310
8275 6124
4250 612
1731 6120
6505 7813
6071 288
3190 8116
2032 6115
8764 7894
3628 1099
4351 2757
8062 5868
3119 6116
7261 909
3623 2857
2154 1515
1078 4188
2892 5137
6258 7935
670 43
4500 5482
2227 9690
9605 2073
6777 5585
9847 1976
85 1055
6025 7961
9310 6259
7658 1978
5670 252
7923 7827
9985 2529
7631 4043
8920 8510
642 8525
6172 1179
3140 4513
1548 5819
7222 4128
1466 5198
3660 3574
4021 596
9318 5187
8399 7454
1103 2776
6160 7688
4934 780
3067 1660
7919 7686
3488 6322
2557 8671
8538 5497
2720 6614
9659 516
7687 6872
643 9526
9254 7264
3909 4420
3187 828
5169 2317
3727 6195
9442 5750
3494 6414
3865 2946
8547 8904
9305 3536
8872 68
9146 7543
8262 5895
7799 5498
2284 7565
533 6670
1887 1278
2375 1322
6086 3824
5426 7683
9074 6517
8573 3070
5768 8854
6526 6084
6640 4385
4322 5750
7727 7457
862 9685
3618 5703
4285 3063
7237 6375
4331 2370
4174 7619
9970 6381
4107 3053
9929 4785
513 7576
6738 6890
2966 9085
1530 4279
9233 2152
9931 731
4718 3722
2245 6008
4444 9954
2597 5801
3130 9203
4254 7818
6061 542
571 1696
5063 3894
8152 7342
8282 1133
7182 1383
2698 8280
8098 287
5126 8914
4511 9597
9444 7863
3643 8880
3190 25
550 8448
3467 796
390 1238
2223 8189
9922 3980
6928 8135
7365 7366
6613 4504
7495 7113
518 4635
158 9273
788 9371
8989 8607
4363 4696
921 6894
3451 6814
1978 9407
5763 3041
2509 731
6012 5233
2924 7836
3356 9164
4365 3300
7404 2838
6334 31
4643 3345
5809 6789
4178 8044
2992 8000
2096 256
884 2444
8132 1680
8745 7593
1503 7830
6969 4813
7543 7241
1006 1319
6718 5906
8970 1440
3553 9354
8005 4854
2093 2837
3453 9405
6440 1218
769 6864
8008 3537
3485 1994
5816 6487
606 7468
694 5215
2258 2431
9891 2254
9059 6833
4278 6521
6333 9325
7651 5837
4909 7221
2101 6142
512 6558
6079 4953
1260 235
278 8702
3335 719
9980 5518
170 9155
2443 2720
7104 4263
9004 8647
4112 8147
4035 3119
762 9648
878 3862
45 2002
7102 3293
7346 4906
4061 1066
7291 5961
409 4386
5142 3595
2055 8586
6911 6981
2143 8671
4973 8833
9514 6536
4442 5017
6794 5385
4707 5738
9267 8531
5403 861
2954 1076
681 7822
3836 3411
999 5106
4440 2765
1806 1479
3500 3619
2433 9844
8571 7085
5749 9993
8156 5804
2717 8948
2136 4523
2875 8891
4343 314
1998 7030
5647 8817
8527 1938
4079 6445
6638 4353
5909 3245
9764 5755
6524 9587
6593 9309
644 8204
6722 8169
5172 1511
7735 6357
1642 5230
655 9083
6309 2269
393 5278
6032 677
1517 5642
7436 3052
750 1274
3250 3675
5283 8548
8246 6069
5959 9869
2852 3985
4861 7005
8573 3486
5412 4421
3661 3286
7047 4138
4707 6538
758 6082
984 8885
2116 2402
1533 8146
8145 4855
6922 6999
1955 3513
6807 9198
7461 6258
2314 9166
265 4622
1016 4608
8169 9066
4038 9
7910 4412
6588 6141
8742 7895
2802 6166
150 7796
7786 6700
4716 363
5011 3326
6638 729
1728 4155
1580 5459
2517 3805
9975 2908
8275 4011
1048 7480
7779 4787
8107 7680
7023 2353
2921 5799
136 7646
8710 2223
2559 5368
1428 4560
9018 9519
785 1346
2190 73
3472 2429
5694 7863
4845 4671
283 1556
9236 8441
8925 6454
3063 8408
5566 6114
58 5913
3924 3857
789 4081
6611 445
3811 7261
5092 6655
4353 5148
6910 3168
3206 4851
9283 5188
5259 8535
4210 1987
7516 3078
4879 4918
1828 7229
160 8061
8435 9167
2417 1251
5489 9999
5800 3078
6078 8833
3541 3457
6621 5717
2745 2650
3203 653
2452 5089
1102 254
8616 8955
3956 9043
6281 4092
1474 8947
9088 1560
7720 3461
5852 4952
193 8232
9811 3534
6145 7865
3835 4405
5180 2793
5715 8509
6615 7084
6727 122
7684 3342
9230 5689
9735 51
3279 4303
9561 2269
7279 3190
9752 7100
846 1568
14 674
2350 7294
4211 9709
926 7746
2429 7525
1807 3524
7485 7083
7361 2463
4870 7521
9998 1329
6267 3343
8895 9858
812 7921
9409 2824
3772 6180
2350 850
3369 2770
1729 5562
635 2364
4900 8747
7042 589
8135 1463
880 6713
7578 9944
9954 3364
6904 5603
4130 567
8100 3744
6910 95
1542 3457
358 2505
211 9312
8193 3012
1494 1975
6453 1750
8390 8577
9711 477
3812 2948
1054 949
717 7706
9118 5278
7462 7913
8680 3853
9645 605
5383 2345
8667 1245
5614 348
8093 9783
4994 8945
2721 182
3671 3044
1648 3763
9063 9068
2268 3589
7280 2613
7554 2833
1608 5577
9500 9466
4398 9972
4107 9434
6303 1299
882 1411
1285 1723
5056 3447
2795 8102
3013 7177
4091 8775
6202 586
7348 9090
3746 5711
2178 261
2388 2583
5569 4851
9266 7556
4641 8591
1986 2526
1952 2031
4711 1409
7730 1214
8014 9784
3664 5613
3742 4203
6286 2286
2286 8290
8323 6614
9230 9495
6767 6881
5802 7434
724 7805
2899 1572
4151 7881
4463 5731
2382 5853
8524 3455
351 5164
7740 194
359 1412
8412 8953
254 2381
5629 3614
8038 9260
8235 4021
5143 5535
5543 6166
4206 9023
1895 3061
1861 4101
2186 819
9849 8966
4493 3
7436 1343
2799 7548
301 3719
2048 8296
8118 7456
5488 5575
9573 9199
1218 5389
7844 4439
1250 3266
2901 3523
6502 8476
9288 1766
7894 8371
5764 6715
5890 8230
6865 58
7890 7063
6045 531
6193 7138
8203 881
4236 9000
2177 3198
1020 2194
8342 4455
8257 1765
88 502
5757 4182
2344 1778
5072 2573
2694 6280
5876 263
8609 3849
1390 9983
2504 3228
1167 2094
3375 8553
1018 5986
8738 757
2228 6205
9040 9241
2839 6173
5707 5371
6930 4584
6892 9399
5116 8420
5940 4148
6991 4900
4459 4306
2759 1967
393 8224
1227 6370
9065 1831
168 1935
3919 1317
9766 714
1857 1706
6857 364
6612 8745
498 5356
2960 841
9277 7203
8326 6525
209 4667
3815 387
9089 8217
3161 7749
9184 5947
7571 1798
2514 9096
1744 6524
6904 266
7008 5920
5906 1703
8813 1583
6262 7193
5399 2575
6159 2780
5099 7536
1740 9327
9061 2275
7050 9494
4889 9054
6634 2266
5874 8823
1232 7386
9850 3169
8077 4597
2709 7771
991 8197
7254 3269
7766 6127
4963 5112
4221 9416
7214 8389
7402 5709
6929 3199
9108 7488
5631 6747
3231 9324
4758 7517
1484 3222
6813 7806
821 3165
4376 4832
4188 7397
3968 7853
7671 5508
948 2133
1071 4883
7916 6100
8784 5141
7657 9068
8706 254
7801 3441
7102 6364
6922 122
6742 7447
2616 8986
3679 4050
5213 2769
4106 3732
3316 5506
2134 4502
897 2060
6079 8341
1114 7958
8444 9255
388 9241
2193 1419
5947 3485
4040 6937
4858 196
5547 1384
6644 6325
7388 5934
7016 1633
9975 3902
5576 6287
8025 1514
1598 7547
8945 1955
7120 9957
8949 7241
5468 6466
3295 518
179 9481
9415 620
9568 8685
9554 8251
6344 1245
5054 5019
6069 7927
8793 9264
5051 1598
1402 7464
8231 7101
2157 2588
1831 1725
8181 6925
4877 7993
9224 8545
2228 6068
1169 8590
7586 6162
7764 171
7838 3959
5659 5408
6360 4340
6081 3347
2289 9882
916 6726
4237 2208
5020 9343
97 4036
6412 8486
5547 4727
2260 9880
4929 5015
9390 4213
1349 6050
1745 6033
2274 5757
5707 2055
5701 2579
2455 8438
9623 2267
9197 3659
3585 1383
9381 2878
1422 5742
2000 6216
6803 9514
1198 4846
9721 2009
9696 9217
1109 7797
4675 6600
9133 5542
1970 3762
9538 2874
5603 5105
1695 1693
3159 1216
4760 3673
7311 5206
466 6331
7998 4596
2119 1725
1229 9568
6874 4879
634 152
4801 3030
8251 8567
7443 3451
7977 4414
6919 928
9911 5039
4177 1989
4967 9952
9884 7739
7497 2752
7330 4294
7198 1334
1342 8600
8832 6628
1442 6995
5997 7130
3530 8352
2252 2565
2333 4044
3975 2681
6687 5609
8915 8185
6161 145
7830 7952
1280 9153
1041 8681
5174 6900
3476 1810
1334 7707
4273 5561
3361 6184
1177 6040
5118 2752
2625 8217
2522 4397
1785 573
9700 9838
3398 3084
7235 9700
3305 2073
8107 4636
5882 5681
6020 968
830 1567
1749 3528
5 5262
6096 9247
7364 1309
9840 2985
5066 670
7348 3381
2629 66
1580 6218
6023 8752
6173 5875
8681 291
9720 8820
6962 4103
7615 1168
8489 7897
5794 7066
8984 6369
5464 3269
7101 8449
9643 8499
5592 4587
2234 5467
1184 4409
2156 7287
297 3308
8863 5770
9496 7191
7072 8929
7931 1116
2391 576
4293 2495
6714 2998
1215 1480
3589 5577
6798 2684
5945 9891
9157 5701
607 501
9508 5697
4442 9661
6310 3402
3195 5546
2834 430
3929 967
6855 5761
8984 7972
2941 2389
5375 7873
5558 4343
8388 8897
6319 3692
711 1377
2500 5751
341 7075
5587 9871
4076 1676
8509 8389
9264 1840
2226 2480
6200 9934
1126 1688
998 2362
9054 6340
8171 1392
9277 1725
540 5706
1666 6197
8908 3784
6423 4643
3542 4480
7446 2750
5070 8216
30 9374
3803 1205
7256 1227
4088 8815
6598 6431
5785 424
5197 9390
6740 9730
235 2515
9280 6407
8858 7101
5977 2145
4230 378
8270 4417
1930 5469
4552 2427
3638 1927
5394 7041
3107 2508
5369 540
126 3820
2477 3286
7556 2776
5906 1071
6593 4861
5516 3517
9553 2057
5965 7280
9457 6930
920 8711
2845 4821
6714 1464
2926 451
6596 7771
267 8750
1023 4178
9051 8006
4673 454
8549 9642
527 9617
3303 2633
5962 577
2669 8931
771 4984
2941 4369
4749 2717
6768 9165
3851 7365
6015 8266
1741 1704
5896 4570
4653 5478
6947 245
6706 3443
2446 8102
4196 2872
7311 4739
6866 6620
2843 5445
9729 203
6455 6843
5483 3196
7160 973
3025 9649
1458 5871
5752 6653
4498 439
4396 4212
2660 3458
2077 7940
5947 2011
9097 7391
2126 5110
1254 8280
4342 5133
7498 6416
2701 7317
7143 6115
2670 683
578 8628
1232 3796
5942 3997
9558 5308
7337 231
2963 2783
8663 9210
8465 2383
1409 1255
4854 8009
3805 5857
3959 9815
2020 103
5157 4629
1748 3259
2159 7439
2970 4996
7152 9335
4948 2330
3650 839
3953 9295
2024 8223
8976 8035
8018 6317
9698 6857
2705 3043
8605 1759
623 5877
4684 8261
7872 6129
7427 6168
7291 8019
1039 2685
6067 7608
7330 2741
5246 220
3794 8930
5959 4481
7826 4682
3389 2209
9857 1465
7430 9503
1995 7976
6704 7347
1392 5538
1408 256
9535 8998
1035 2157
7751 2904
7727 8364
9063 1160
2804 8359
489 7463
8005 9991
9385 939
1939 8977
858 5801
7910 234
3070 4616
4805 8042
5424 2101
4557 8479
124 9032
5604 305
9303 6629
8337 8907
7074 2026
5465 6662
1055 2037
7345 2638
5436 9535
348 3846
9407 379
7916 2208
3468 4489
327 3162
8867 6986
2944 9070
7043 9436
9458 1707
9504 5176
6423 7185
6629 1084
9685 8447
3119 1350
9895 4382
2516 4166
6910 5738
119 8439
313 5936
9203 6391
1981 7372
6623 6321
5489 4624
8516 6513
8479 8315
6736 7370
5391 2712
989 1446
3126 1327
9434 4769
4408 3964
8799 7253
998 9615
2319 7007
145 3969
7803 7337
5516 1843
6950 6508
8643 538
9398 6023
1300 8807
7852 2117
5528 4502
3653 3567
2526 9393
5344 975
9831 8070
8311 3814
7406 5753
5511 8399
8372 6295
7830 4958
660 2848
9867 25
2900 615
3210 7828
6592 6894
2593 5106
6108 3444
1616 8667
5517 6019
4873 4632
8728 3593
4643 8464
4599 6470
3139 6662
5467 879
6633 8197
4843 4727
1466 8841
6715 6555
5827 4396
794 8219
3214 3743
2382 177
3616 509
3656 8164
8813 823
5888 344
1186 7541
4668 1913
967 4794
1757 8069
2875 9247
7994 4708
1266 9325
173 332
6155 2380
5674 2775
16 5628
9276 118
9550 4202
2921 9093
5844 9857
3117 7070
7860 7074
3767 5490
8291 5302
8057 3113
6542 6160
3309 4809
5730 278
5268 5125
4513 7373
7129 8739
9280 7816
1243 6200
3070 8326
4694 3245
5129 4511
9162 4221
315 3798
2745 863
758 9520
7853 2721
4557 2445
9518 6646
2047 6272
8710 7443
7302 5690
7409 5070
3091 3793
8575 207
2199 6057
509 9182
4478 1139
7395 8753
4453 9544
591 8091
3621 9787
9718 6481
1510 2265
9094 9122
7662 7248
6734 6876
9865 5477
9460 2734
5439 1608
8649 5934
6475 1178
4759 8807
8275 6125
6764 6479
4062 998
1562 3408
9038 5897
8601 1758
7670 1024
6219 1530
1020 7492
2227 8707
4376 3849
3710 38
9692 9623
7680 5401
1214 2312
4858 9244
1723 6000
6457 3859
6454 5953
7709 278
4784 1148
8887 7562
3997 7510
5209 6242
102 1428
3876 7349
4947 3695
9826 6909
4856 3197
4876 517
9582 6939
5307 6487
4433 1751
2816 6726
1796 7450
2471 1005
7823 9829
927 9616
5929 9120
7952 6486
6209 8430
8116 6932
388 4755
6005 3931
6775 2065
8727 2715
7431 2340
31 3447
9127 3863
6722 3949
379 7215
7971 9850
6131 6876
6743 6514
8376 6995
5953 9742
3412 4851
13 2556
6315 3244
4043 1427
9829 5582
3983 4425
3003 1019
1516 9905
2253 971
8894 3169
3806 7100
2416 2248
8251 7413
2572 6968
1764 8363
9945 5425
7250 671
2638 2747
2229 8945
1262 997
1805 1094
9226 2839
9182 4106
1435 5524
1321 1587
3837 1578
1826 3143
4121 8547
864 3492
535 4051
6440 5472
6663 2781
8860 8124
368 1471
9105 388
5870 7261
4486 3976
6220 4129
6673 4214
2 7390
4036 1073
2812 1156
4935 7452
5692 2468
3693 8914
3626 3744
1966 6792
5230 8875
7620 5427
2977 9040
5828 7780
3940 2871
2015 3485
7059 3876
7273 6970
3334 3813
8965 7004
2038 8400
3944 1078
5581 4285
4644 8641
980 6727
973 2833
9923 8368
8545 3104
8916 4624
699 6339
5271 6694
2806 4406
9484 8267
6636 5793
8934 2556
7368 4848
5012 4964
3956 7900
9654 6974
8151 5333
8753 520
6091 5138
8040 1062
2912 7245
1679 9891
9552 4644
1764 4725
9856 1349
5816 5191
3604 9071
8920 9664
8617 7997
5906 553
5081 2405
1426 1332
1288 3148
2622 8908
2489 9581
1659 9199
1765 5879
5601 4032
6310 6269
8505 500
6625 9449
175 7919
6879 768
6215 3756
6138 4660
6162 9060
972 5718
9642 9343
1580 9011
9617 8305
5391 9893
3798 7988
6912 6845
4399 2899
5469 1149
8498 8544
1138 9500
7044 6732
7279 8438
2250 6797
3455 776
1140 5270
8388 7913
1134 2434
9674 1229
6342 1024
1197 1802
7675 4888
9216 4673
3393 2345
4905 635
4468 9790
1277 1742
1034 3262
814 550
7168 2493
1891 4012
2280 4122
9374 5979
6503 7740
9737 7615
1399 5635
6930 2739
1529 1242
7510 8147
6774 6205
9827 6886
8770 684
6435 9404
1491 3866
592 8317
9856 9834
9308 2807
7095 5093
4294 7864
4804 5981
2200 8931
7033 7475
4682 4109
3172 7279
8231 617
7552 1344
4455 7243
1212 7943
1906 8667
7127 9388
2637 5859
3127 4725
131 9049
5565 2787
3328 3888
2631 5235
2787 7310
9052 2384
8897 9475
4771 1877
2720 5209
4553 9913
6759 245
9581 224
9260 804
2670 3900
1441 7020
5593 8808
3463 4040
2664 2561
4555 6466
6768 4021
3343 186
4467 7095
8395 3712
5970 5845
4023 6004
1353 8478
8469 7204
9835 1956
622 760
6144 5158
5591 4798
4523 3979
5496 8697
5013 8974
794 8372
9239 569
8850 6416
7272 5239
9153 8204
1441 7596
9124 7749
4467 4720
3158 728
959 5066
7887 5266
3246 9505
9072 5589
8891 6459
9174 2282
3724 2144
1427 181
392 9158
9637 4185
8038 4968
551 9259
2519 5149
8686 9623
5806 9734
8441 1341
4293 5495
7250 5525
6979 5180
1825 1660
2775 9012
7642 5596
2548 6488
2374 9421
3500 7901
9454 8137
7099 6806
8022 8457
2486 6390
4607 5146
7544 8310
5291 4458
7207 8252
942 4739
3797 3
1586 1476
2018 7308
4265 3154
7841 5312
8990 4444
6899 1146
5329 205
5972 3766
3860 8744
795 6871
2958 9289
164 8550
5098 8517
2786 3487
6073 8957
6989 4251
7796 3157
2521 8833
2342 9925
3809 691
3761 7887
538 7325
8852 1632
2297 2273
2481 5303
9391 6174
1424 2737
91 6684
7356 8834
8338 7611
8799 5450
9718 1263
84 8697
2267 4532
5082 4157
8633 8995
11 1373
4380 3946
2553 2992
1146 933
4266 7079
4313 9780
6896 952
2385 1446
5709 7986
5782 277
4605 4888
2656 1264
6322 6050
1990 7835
4380 6926
4557 8841
5849 1548
7328 5733
3104 3663
7661 2649
7607 1535
4327 3565
1277 9350
7759 7493
4874 7742
6635 5663
6251 8002
7050 8670
19 3291
7707 8395
9414 1061
7474 1833
3661 5868
8695 3225
1071 4267
5004 3277
8358 4434
2321 6202
7097 6038
6380 3471
6472 8549
1783 4898
7843 9439
6479 7376
3597 7815
9928 9775
3999 5217
6476 2825
7895 5460
5847 4328
8324 1015
9736 4149
1065 2776
3919 1479
471 2385
3536 2313
2325 1263
7113 6609
5063 9284
1142 6565
3886 5756
1313 4438
26 255
7066 8271
7259 4118
829 2648
2456 3012
5744 6517
7532 1570
2556 2940
9099 6685
9465 1177
8676 4233
9770 3042
7571 1076
8412 7134
5868 868
2238 7053
1288 881
3537 646
6294 7355
5861 1247
9499 1279
7381 7106
9099 8637
1466 3862
1076 2726
6080 9069
6390 9210
8456 5251
8568 8064
3244 443
8885 578
2906 4264
2662 3738
8566 9654
7229 248
7004 6585
2159 7160
6652 4817
8446 1516
9155 2093
9628 5329
3892 8292
7847 7604
1928 4039
1395 1316
4238 8046
3339 7710
3365 6494
5327 781
8752 2737
8621 54
8833 6248
2229 5407
1157 2973
7151 5112
7780 4111
6615 4210
1517 3426
6125 3706
4810 9414
4389 3199
7305 2631
1208 3953
663 3218
857 8734
1656 7653
8299 9607
9020 1124
9790 9579
6066 7259
9295 2900
6212 6589
6176 9637
8303 699
2118 9042
6128 1141
4982 1374
3791 4085
7776 9368
9758 1674
4078 7688
5612 1054
9743 3819
6022 7514
510 9421
6808 8496
6310 2828
4713 8924
7832 8559
7787 1916
4298 8335
3298 831
8081 6957
8295 9964
5554 1439
6413 701
6127 1096
3452 6264
590 9889
1404 2783
7330 7832
2935 2395
9262 2608
41 190
1928 3271
1895 9980
3003 7234
5757 4076
3705 6062
7741 9755
4136 6706
9136 8290
520 9032
2102 6036
4296 4511
5679 2240
3748 3429
4548 2690
9797 8988
9980 7724
596 1657
5818 3302
8451 5740
436 1978
7027 5342
2621 840
7812 8623
5612 3865
8170 2943
894 7006
1270 3748
6147 2645
871 8166
4651 2318
5408 7212
7522 6426
7638 5398
1626 3726
6386 469
1648 6509
3234 607
5802 3201
5660 2812
5663 6678
3118 6166
5355 770
2871 1885
2011 8165
4764 4276
3870 2169
177 1084
4985 6448
633 9538
2237 5584
6698 8947
4192 7833
6616 7168
2930 5598
7232 4227
2963 2892
4228 6389
873 195
3363 5328
6473 6132
7777 1646
2612 2499
1909 8517
8265 5867
8886 9863
233 7138
4572 3486
63 7040
2183 1122
5540 6684
1556 9443
3596 9938
2469 8918
955 3860
5695 7028
1552 5911
9405 7699
4898 460
2301 5303
6445 5695
3018 9576
5647 999
9484 2173
2222 4593
8491 8327
7388 4383
1659 765
5096 6337
882 4844
5818 2991
9272 2613
8334 3938
1905 2669
9991 2312
5212 6837
6093 2935
778 6720
6730 2535
9359 8787
9696 3622
595 5111
7275 8548
5115 7502
7953 355
610 860
2889 9909
618 5042
656 756
5540 1199
6907 9661
4063 6203
6635 1362
994 9438
5922 4265
4094 5506
3460 6475
5382 4922
6715 7406
7910 990
9540 3288
7930 6043
4191 2811
5046 1507
6884 5141
4489 3005
4195 2327
8914 8295
4754 8333
5502 2295
9749 1506
3720 2217
7407 394
236 3988
2049 69
7083 2242
772 9792
7122 18
7688 4041
3754 2106
6637 9765
191 4209
134 6624
7595 2124
8970 4483
6291 1968
1521 3475
5593 1905
2553 3999
5614 5809
4117 5685
6725 9170
990 3149
7556 9873
2919 1034
916 6022
2197 1780
1682 3055
913 3862
6875 2918
1653 237
8136 1817
871 2654
3552 7290
1439 5023
3478 4153
9279 5706
1317 3979
8728 9800
2243 1444
8189 8132
9523 4502
48 9351
3549 1601
685 1869
9648 6667
9023 6612
5852 712
5047 157
5083 827
2369 2657
2045 511
6939 2352
9230 2729
466 974
4736 5317
3348 8426
6545 3938
1863 667
4964 7929
3382 3557
516 536
4822 9734
7663 5425
8868 6593
5004 4033
4541 4370
1869 8788
5972 1978
8800 3843
8215 732
3304 1215
4359 2019
9022 8537
3693 733
6591 9951
5345 6517
9422 1363
958 3074
6956 4781
3131 6466
2493 6168
5532 9153
4080 50
1154 701
2581 5733
504 4076
2561 6347
6491 2337
9751 4156
5012 5172
5558 5296
8970 9596
9097 9249
1315 7058
4429 5435
3623 4438
2186 1730
1929 3776
411 9537
8613 1693
2182 4586
2127 5435
9165 8077
6513 6744
2732 3804
3015 5472
7720 6593
1785 7369
5595 2611
2952 6068
9695 8385
1021 6985
1593 2849
4460 2986
3534 4259
6417 3300
7830 1437
3033 684
7326 1047
9734 8576
4148 8529
5623 7515
5976 3027
8040 661
5762 8195
9611 9558
6085 1733
4220 7795
351 6263
1858 4645
4458 3585
6382 6354
2073 296
7426 8058
2537 7311
9202 5693
9839 3461
4250 3271
7147 8384
3746 3267
8019 6411
7603 7657
1822 2182
9605 4444
8173 3292
7606 8547
6084 3297
1299 3845
6372 1454
2449 4977
8904 4572
8529 6049
7384 3071
4794 4502
7963 3544
6028 5192
5468 8038
5832 3970
1726 5621
5718 7284
4194 3713
7341 2538
1781 1412
4923 84
3590 9057
2593 6624
8676 2831
2183 1631
2696 2139
7946 7181
6906 4256
5170 616
8774 4526
8127 8850
8474 5235
7548 100
9955 8311
7363 6447
9658 8803
5835 746
8672 6159
7393 9572
7493 4123
2582 9414
2385 8524
8615 8905
9068 5178
3612 9201
1173 3843
6133 9793
4336 1074
2824 8032
3541 6305
1253 4973
4645 1232
9798 6334
3110 366
1700 5325
3314 8765
4620 7264
1204 1970
5709 5272
162 1505
7784 5398
2275 4724
4260 2272
5808 262
6392 3249
4857 3728
7860 4194
3518 1178
7254 2392
3523 6951
2431 6248
9854 7109
3530 3450
813 6148
6677 7840
7897 9239
7381 2752
8742 2709
7815 420
6599 3443
5734 9771
612 4228
6714 8902
3102 1195
2456 6990
8306 3025
7002 3300
707 7657
4638 5380
8625 3255
7917 6716
5984 7946
7481 6290
292 5115
5882 6205
3739 3194
9999 9093
7537 8329
7076 5293
8762 7717
2887 8230
2722 5728
5398 319
1690 4398
4433 3711
2171 1378
7123 1268
379 5951
7609 5308
2507 9811
61 6868
3952 5571
5602 8567
4545 959
3060 4109
3717 186
5242 6114
4564 2665
9253 1176
6041 5581
5068 7840
1507 5325
2800 5950
1804 1098
9577 7058
2566 3832
5410 6008
528 9978
9846 2120
6122 2304
5911 7779
4400 9608
923 1771
6873 3573
9628 5506
4245 9267
4836 3386
5310 9647
2340 684
5174 7843
5645 2629
1118 6159
1717 3782
9063 2218
341 7268
8377 3584
3006 7295
8292 4907
4913 7567
9315 1152
6741 1755
3794 5283
9647 5518
3978 5330
1106 1798
8209 9802
7884 1960
3598 2429
8950 5191
8306 4451
2082 2384
1075 360
1310 4932
9483 2420
3268 48
4235 9280
69 4517
2531 9929
356 3825
2860 7750
7328 760
7283 6855
2257 9064
8683 830
4509 9106
3718 1061
534 4749
4758 2244
174 7803
3859 3329
7862 8408
7864 3816
7744 8795
6774 4464
3499 7099
5577 205
8185 9204
6753 7373
573 8862
4874 971
1479 589
1166 7764
1611 6417
6099 9647
3305 7724
8004 6479
7763 5060
3403 3372
2858 2164
3174 4764
4729 123
3390 1374
5769 9114
2287 5367
9621 7620
3381 1710
3766 7987
9195 9874
432 8208
8088 1072
9147 1798
1355 2278
2590 9857
7140 6548
7721 3381
1752 5998
3873 5518
7907 3577
9222 6071
6742 2283
6050 9483
8727 9332
2497 7502
7003 2830
586 6932
4453 4150
646 7250
2813 3908
1672 7420
3636 5690
558 8946
8671 2085
6481 6329
7142 2805
9639 4589
363 5389
6921 6113
8095 405
5227 1641
5405 7333
5951 751
2910 9046
6775 9517
7851 8313
642 4825
8924 4740
6190 8996
2921 620
5706 7762
8040 1981
2748 3547
6778 6589
257 6964
180 2795
7365 8902
2466 5104
8922 6531
9291 4754
1654 533
286 6705
3648 3663
3639 9337
6345 2331
6889 1943
7527 5737
2012 3945
7751 6524
8573 6869
5369 2345
9739 8273
4036 1300
5212 6988
4749 7240
5424 1930
7705 8913
9595 2753
9534 4700
7675 8482
2964 9740
351 1123
2981 4780
4496 95
9246 2028
9268 8654
1726 83
8121 6824
7408 1396
1455 2941
4195 4288
5646 8735
9353 7728
6182 1710
4200 847
1602 2587
910 6898
3933 9458
8677 3966
8693 1730
7944 630
6947 93
4610 8856
1087 967
3430 1533
576 595
5511 3785
8904 5343
8912 6281
1777 4864
5243 6545
148 8466
6251 4836
6121 7814
1462 1929
44 8065
9675 374
6896 8495
4102 3462
114 7339
1984 228
4972 9018
1212 4889
541 355
6232 9759
8337 9883
9380 9874
8787 200
4024 8428
1034 5251
5781 4295
3185 1151
6305 6763
2694 6239
9235 2605
4895 5400
4813 7766
6861 2909
6684 4772
8775 1395
5846 1525
3270 4866
7149 7593
422 9297
2247 6553
8239 7062
1557 8819
4978 542
295 7698
4196 5966
441 8086
5993 1142
154 2153
697 3532
5943 7072
151 7677
7821 6138
3696 7636
6413 4154
6125 6441
2464 3106
8569 6976
6544 5661
3859 8550
2502 218
1361 7267
4526 5900
4078 2404
5427 975
3580 9900
536 6814
3841 6842
8846 8521
365 1892
3511 6842
7107 1115
3949 7116
2413 7577
1752 4690
343 3289
9268 7268
845 6312
947 7740
9821 3200
8119 3382
7743 1792
7103 6474
9919 3370
1639 2682
9759 3453
609 5422
5005 68
519 4594
6691 5260
7676 7890
8862 5218
2812 5178
2838 327
6450 184
3853 7576
3873 3915
7937 8868
6592 7768
3431 6174
7337 6465
191 8075
9155 1203
8602 2749
5430 1406
1930 1071
9918 83
2568 7401
8645 6268
7783 2704
6727 772
9762 92
8067 4431
2690 1016
4115 1820
2250 1936
1599 6769
9411 4370
8579 3915
4829 6050
722 7719
2455 1024
7889 5565
7455 4739
5034 3884
9815 8065
8705 6637
4461 4478
8016 7657
4695 424
7544 4334
7351 8114
2980 1342
3535 3093
9714 5506
3607 3595
6310 1008
752 508
8582 76
135 1626
6776 4595
6658 2813
4761 4114
8521 5269
1206 1820
3969 2245
6303 8340
7165 8945
3276 1376
9880 7699
4608 7169
2867 4861
3041 4629
3874 1453
5081 5643
8903 9440
9518 9656
855 1925
1862 5438
5897 5710
9675 8821
8988 404
5641 2487
3871 2104
1876 8884
8426 1895
221 4249
5490 4395
9361 8758
1743 7973
6311 5498
4106 887
4190 9292
1518 1120
160 8716
6218 6468
8853 856
5027 847
9592 5877
2977 720
6279 1374
7878 2776
3465 4816
3076 7353
6708 1203
5407 2017
1934 8947
9783 2263
9198 1495
3673 4554
9328 984
9320 372
3783 8259
5517 4050
5310 3547
7060 7024
7380 1114
1662 337
2464 9739
7668 2175
5168 1060
2210 951
1013 8898
3614 8427
198 9460
1554 8049
4785 2711
9526 5905
4651 2553
1096 1332
1688 6295
4034 5525
975 4678
7118 2738
586 3998
3488 8100
2600 802
6347 5864
3085 9004
4566 1677
540 4154
5285 1808
2423 2322
8615 8248
4805 7407
4969 6222
6762 1334
206 9124
1281 5372
7629 1161
4601 4671
6764 5207
1393 1307
4869 8437
3386 4554
6194 2089
1959 3806
8185 7750
6423 2051
9905 9692
7591 1423
3543 6829
9630 2847
2136 7659
7014 646
6961 6280
3064 6265
175 4939
4273 4071
5551 4587
42 930
8527 8735
8498 2607
2938 5562
9463 9223
2558 8386
2648 7251
374 3688
70 7216
3942 8883
1234 150
3969 6694
4360 8286
7064 8385
4469 5649
9082 1315
6158 7933
571 3438
9375 9545
6456 4143
4715 6808
9363 6895
2421 645
6819 1684
1168 4022
7585 7811
6626 2646
2023 685
4055 8765
7270 6113
3925 9413
3797 1476
8976 5983
7450 986
4389 6857
5036 4133
6178 5055
5441 1349
1842 4496
9170 7288
1869 6705
4150 1112
1353 8177
7420 427
3858 5387
5858 5767
5987 2359
3478 6271
961 7131
4005 3980
303 6302
5191 2897
1618 7329
5419 8318
6421 6319
6324 7570
5631 7006
4138 903
7368 7944
281 781
8133 2861
48 6601
3100 3175
6073 7959
7778 4824
4181 2745
728 640
6780 1721
7110 8939
6174 2025
2210 8832
8761 5090
328 7678
250 1396
3468 3497
5687 99
4985 1994
2931 1893
814 6593
1100 2609
6862 1486
5301 7952
9721 7295
6846 1988
4181 8199
1423 7686
3333 6297
2806 113
958 6268
2486 4987
1229 4036
1631 603
778 1363
9852 8740
3039 4768
1069 4101
7989 3443
5555 1523
1427 1377
8765 6835
1655 1894
9541 4567
5337 4688
9063 4309
9354 1853
3506 8242
2738 649
4840 2912
5182 3001
3269 4991
3129 252
2378 3518
1386 8028
380 4255
301 3026
1931 1474
637 5468
8432 6048
9010 583
7761 9124
5792 2136
3612 4556
4301 3825
2599 701
2693 2279
2836 8023
149 6684
3443 5497
2255 477
4081 3862
4773 9123
121 7226
3466 1533
7840 7156
7701 9654
591 4146
6959 1182
8533 4340
4045 5006
2787 2032
491 2947
5793 645
3480 8621
8604 1162
8098 3866
1498 4461
3120 6820
2592 502
3116 860
7176 4203
563 5548
4261 6619
9770 7140
856 6793
970 8872
3524 5434
6034 3098
3176 1799
1092 4451
811 1839
1468 4707
3192 8714
2619 1279
899 8426
1659 8347
391 293
6411 3820
202 244
1601 5894
6737 9486
9762 4255
9484 3328
5158 4321
1664 6101
6665 3991
9986 9350
8040 6814
1071 4154
878 2064
7064 128
4106 9023
1395 9240
9637 2803
1383 287
413 2911
3087 2368
4238 1318
4407 437
5021 7082
2341 8672
4360 1728
2484 8477
1294 2030
5642 9506
1354 1130
6872 4989
8089 6960
4820 2807
3556 290
178 1752
3755 569
210 1368
76 5484
3288 1004
3004 394
683 679
4660 4147
1455 9415
6887 4684
1530 2818
2251 5418
6250 171
687 7279
8738 1228
7051 7079
5241 3658
2740 7460
9428 5013
3821 3541
8920 7751
8973 3534
4174 2395
2632 6806
5441 604
4119 7298
2306 9889
2056 4731
8441 4720
451 6024
6551 5459
1089 1264
8291 1806
2582 8294
5315 8564
6648 6466
9349 8613
1075 6319
9382 210
4570 9017
3507 380
5062 6798
6835 6893
884 5816
5180 1895
9829 8942
9067 6913
1252 730
7842 4044
5894 1842
3566 2297
2771 6019
9025 5118
6290 7674
7285 4963
641 1042
5792 8250
5620 2382
7337 5911
6220 871
1226 5721
4157 5728
6323 1766
2833 3288
2790 3655
9324 2156
3277 4143
5236 6048
196 6825
6664 4332
6060 8101
4687 9447
2784 214
9457 3092
2061 7985
4823 9235
4490 9295
5801 7773
7104 9474
1112 3257
3908 8675
7490 470
3972 1438
9482 4462
4968 5081
9288 7233
2023 1820
8871 5134
5019 7172
3007 6658
5810 7437
9023 4688
2610 2524
1748 865
5323 5699
3549 4057
7196 9117
8944 1885
7886 383
9371 7047
8113 3079
8697 7073
5356 3275
342 3292
5887 6519
4697 2985
5944 4855
4833 7718
914 1483
9320 7225
8869 2857
6871 6670
1205 4784
4746 4637
3098 8235
6565 6346
5069 253
6450 7667
2440 1131
2605 9739
6740 1524
4709 3663
202 8354
5656 424
5582 7469
8685 4332
2211 1556
215 990
6650 8371
7808 3554
3119 1947
936 6277
7177 7728
8196 2479
8833 4820
4086 9378
4547 8405
1497 2768
7954 7527
6997 6916
3741 5235
8310 6046
3762 8308
7525 2691
8069 3111
8478 7012
3685 3400
5925 4121
5251 3725
7972 3916
468 8283
3026 5090
4788 4130
8212 5337
4310 2341
8279 6342
7947 4357
5149 1335
6155 7143
7971 1236
7630 5274
5619 7088
9858 364
7606 8278
3028 8213
5265 6355
4401 2247
924 4734
6245 3192
5525 2240
3153 9315
2530 1330
1690 2432
7053 8168
5759 337
2838 2283
9548 6818
2893 152
7615 8755
3806 7559
6711 6304
3990 4889
5447 9962
4865 5612
1757 1321
7823 9979
9617 8472
209 3213
3116 9125
493 2215
2755 9265
55 676
7617 9147
90 2406
1887 9819
7070 6759
4890 1108
6983 5837
8611 6539
8981 1854
5095 3277
3851 3287
842 6034
7213 6954
4679 6204
9225 2954
7160 5654
4944 8180
9452 9032
2724 8346
7714 4727
153 548
5109 5834
1947 9559
9288 8881
1152 1639
2853 7194
6159 6326
7500 2671
5914 1157
9142 2805
5759 8977
5170 4354
5523 8436
9839 9673
2763 4871
6441 4424
9974 3029
8430 4062
1195 5903
9167 9928
2250 5574
4363 7496
466 4135
5248 5142
5991 220
3216 7887
3617 5157
9528 2043
1828 259
5063 8955
3340 6893
9281 550
3333 209
2962 9861
4400 1649
4067 5828
1808 3531
7291 7718
4845 6071
5205 5100
1185 8162
6200 4606
6370 1926
1582 3998
167 6218
6415 3415
2340 9097
7367 1970
3908 6784
3438 640
4628 8908
9127 36
7236 9813
7834 7385
4159 7007
6795 1892
9733 7920
5135 272
973 6128
2127 9979
1187 4141
9660 6803
2382 9092
706 2660
5160 797
3536 1223
1947 9339
8209 9570
2042 3993
8971 2254
5645 7583
5227 1448
2951 4384
9214 5021
3817 7076
984 8628
9243 5576
7861 7230
9714 906
4641 3464
4130 2229
463 1301
5060 6051
9490 9252
5047 5726
7493 6820
5264 7896
8973 1685
9635 7203
5865 4133
2026 3825
6536 4714
9873 3743
7630 6999
1610 5710
2749 2675
4720 5605
4690 2624
7390 6233
6907 1607
8409 6894
9340 2103
9535 8734
2286 7906
5267 216
1193 2696
9274 7360
8877 5625
9937 6898
7904 9224
3607 6772
1035 2965
7480 9757
371 3707
5767 166
5408 7676
8726 5157
2254 5489
3169 7261
7343 3550
2998 8412
3871 1834
690 8742
5824 2141
6712 1325
2948 637
2669 5178
2818 768
7863 6557
9136 6307
8394 1036
8998 5609
4721 9887
9993 485
7072 3927
5057 290
1866 9137
636 3131
4453 2853
3915 6772
2537 82
5828 7105
7741 5781
9740 2175
3150 8301
3166 6895
2700 1116
9997 2880
5607 9040
560 3858
9995 1722
8674 1560
216 9145
3116 516
7409 8462
4689 2100
9978 3503
3226 3054
9742 8000
4396 1109
949 5891
4545 887
9109 2788
1768 5660
5710 1480
5909 4634
7130 4179
9098 1239
1926 7240
6899 4578
1731 8905
4249 9324
7239 1197
9544 2520
1508 292
6532 2277
1135 6439
9476 7995
7949 8569
3822 9758
2124 266
4497 9957
3038 4951
5929 1789
8539 8078
1372 3365
7848 5562
6266 2056
2943 2298
9172 4652
2333 7231
2170 5247
3247 476
316 8912
4286 1052
1920 527
6358 6710
7632 8295
3075 7137
3988 297
2562 7225
2535 6589
1566 949
2898 9987
7277 2020
7917 1577
272 9286
1395 9377
6110 9986
8158 9765
3175 1871
7508 9611
7265 2142
3439 3099
6897 8065
8206 5167
7850 8219
930 5449
1092 5199
9369 5916
7954 6393
4364 4930
7394 525
7939 3803
7680 2232
1407 1879
3558 5454
8182 5080
3840 8595
8134 4556
1569 5557
5119 5431
4048 5163
8986 615
301 462
1763 9405
9482 4280
5954 9192
5448 9678
7655 7999
4007 2473
5639 1753
438 3281
5578 9039
6207 5227
4867 1211
1519 1785
6972 1905
7274 1408
5522 2629
7287 2663
2072 2721
4293 1316
904 7739
7986 898
9276 8429
3531 7743
604 316
7429 5334
7717 7455
1995 8765
9854 4716
6897 3101
5968 2539
7282 4366
8334 9111
618 5343
3080 9749
1758 2178
7922 6770
1591 4434
1724 8525
3093 2858
4825 1457
4255 7523
351 8646
4835 3132
8187 3631
6388 1587
18 9124
3448 5055
2139 8426
4660 7682
8668 8081
55 5075
6517 4867
6806 6432
413 7570
5331 1558
5381 1539
7553 5681
7490 5523
921 343
7830 270
5613 4726
4968 8825
4157 570
9888 1172
5974 4836
3680 4795
8364 6660
6760 7316
6899 3574
2493 2277
7480 8829
4012 2205
2636 4935
9213 4703
6248 1002
9807 2969
4072 4233
2306 9920
5997 8562
6063 7695
1351 9903
200 764
4531 6132
3184 6985
6520 3848
1411 9884
9404 8054
8301 2507
7630 3580
4862 8864
4747 6356
4206 619
7267 9516
163 4123
2982 2244
5470 1278
1235 2993
3251 4714
6720 8266
7862 3588
7931 4872
9486 4247
6111 8182
5300 4539
7687 5573
8617 1065
1883 9986
4021 8189
679 1332
5366 1885
1738 1425
7401 2571
230 6808
2984 4494
6879 1402
230 4610
1069 666
412 6730
5081 6286
7628 8234
6735 8339
5947 1062
6415 3413
8102 5398
9073 5760
6730 6872
9496 7944
3916 6448
6130 1710
3771 8711
7814 1830
1558 6555
8031 2773
3698 489
7807 7358
440 1559
7209 3216
1127 6051
4094 9504
478 5809
4916 481
7148 3274
8133 5561
2283 7759
4722 636
3510 1631
5479 5635
5879 2344
8516 3452
4464 9516
6400 8856
8218 1097
1516 3306
4144 9945
9798 9340
7784 7597
8463 3775
6364 9522
7026 8658
2522 5147
6063 7457
9616 5533
8927 396
7898 9844
3064 8095
3543 8155
1642 7328
8898 5836
9181 9651
9128 3640
5452 6538
2997 3153
757 2970
2104 1296
6723 3882
8782 3048
4702 2535
180 1820
5166 8444
2703 9026
7902 9404
3033 5675
1509 8641
2530 2430
3681 8226
7119 2087
6752 3915
9750 6666
6721 8726
2257 850
2181 4354
5947 8394
2399 8526
2081 7468
8350 9518
9178 953
5168 8610
3921 3229
8918 5866
2280 5504
2878 2218
3891 8812
5974 5357
6922 5444
6105 4870
6557 5363
9402 7167
79 5274
8816 1222
7940 6380
5558 157
4113 8132
5407 886
7468 6147
6639 535
8452 655
8091 2902
3623 5887
5903 319
6999 7233
3731 6796
883 4345
3766 1339
4652 4221
8714 3356
4081 1654
915 8052
3919 7380
6177 2544
4535 3251
2239 168
552 6805
7455 4116
9391 4750
6709 3937
7813 4841
6175 3567
8050 1302
7831 4699
4565 8342
1594 4352
5029 437
2695 5536
4817 2319
3951 5431
9148 1100
3999 6886
5723 1648
5720 5087
1581 3346
8198 6192
5337 3030
2884 5884
5629 7913
969 119
3307 4953
5141 6684
2760 7626
2485 5937
1991 4840
2531 6814
3713 6469
5964 5292
5392 2609
6363 6218
7715 3686
8788 2113
2534 7780
7885 1785
2307 6288
9312 3588
2094 7163
733 6586
6298 2313
7006 6449
6643 397
7869 4831
7579 7831
5754 8208
6329 6204
2888 6552
1873 8052
8287 9961
7837 4548
3232 6163
5843 1531
1001 9038
2939 5168
527 8714
1860 636
7336 4117
9066 2482
5154 6710
7934 5811
3779 7153
2473 6877
711 4081
6891 8521
8926 8002
9545 6294
4603 4675
52 4202
7388 3040
4191 6751
1580 8053
6190 7841
717 9954
128 2869
2185 1404
1835 8639
3410 25
6916 6663
3430 8669
9238 5533
8257 8229
7935 7580
6252 4844
5621 3513
8577 5254
2776 4853
4305 8322
7410 6062
4055 2754
8815 4359
9347 5444
4741 2551
9038 284
6779 9127
234 1190
1600 8210
7549 5214
8986 5803
7230 2962
5507 6948
6300 8577
7857 313
5472 710
9232 6670
1963 8776
9194 9157
9763 6285
2671 7608
4483 968
5258 6434
9106 3754
6881 6525
4673 8789
2248 329
7051 8801
8903 1272
9865 1926
3753 8146
3528 3573
8185 5483
7541 5293
9283 634
5688 3773
8672 6302
3337 2217
8572 4798
5057 480
7512 6543
5626 6926
7395 5012
8937 798
3079 1461
6714 8913
7703 6273
2472 9630
7215 8303
7505 6909
1503 935
7359 3035
766 9109
319 9457
156 2745
9004 2664
6020 6809
7665 8089
7101 94
9133 5966
7280 8910
2246 8896
2471 1576
6368 2457
5850 2365
122 3853
7553 3091
9872 1565
4533 138
3398 4809
2555 4682
2634 4322
8342 2358
2483 8793
7471 6340
4738 2848
1480 4415
6062 3981
4814 7514
5161 1974
176 611
9387 4970
3544 1287
7021 7440
2135 6447
1762 4780
7953 4883
209 2484
9215 4342
7218 3230
9656 1813
8227 8651
8939 8773
5942 2125
3503 6804
2886 579
9931 1712
1751 543
1627 9083
3003 202
3105 2687
1401 4802
9110 871
7712 5047
5217 269
4617 9291
104 3028
8380 5838
1426 5802
8619 3229
3857 1237
3965 3704
1211 9902
7041 5048
7559 9243
3709 338
6062 8025
9657 9475
483 1033
9342 5016
4019 9752
6121 2378
1568 4154
9728 2652
6551 4647
9032 8307
3211 510
4694 5032
5986 6576
4409 9131
2740 4460
4378 7022
8728 9751
8843 4405
4767 5229
2966 6209
488 4508
5256 9213
1582 857
9676 2618
3952 978
5295 9274
3831 9715
7071 487
4767 8499
5520 567
554 6370
6808 1422
5982 7865
8589 1663
1451 6810
8984 412
590 2532
4655 1168
7841 8354
9063 253
345 6649
7096 6829
430 800
9985 403
1307 3490
5291 1002
8075 5918
8474 8353
7464 5928
5690 4258
6500 2124
3672 5497
2909 4254
5643 1483
7785 2671
3996 3297
8625 4669
4385 6520
4471 9323
4743 3541
6966 8972
1537 797
4090 768
723 5302
4672 7750
2852 4105
9864 8946
517 9401
9656 1260
1959 208
1198 7101
3338 496
2396 5782
1691 5542
7008 9823
6402 2931
7951 4475
1344 7758
7464 9839
9318 7999
9606 2913
9344 9251
2579 9871
153 3289
3235 1649
699 3651
9188 4712
7203 9230
2393 9831
1536 1797
4298 4362
5735 3633
7522 2689
1204 8721
5993 9666
8428 8234
6405 6493
350 5642
6442 1947
3069 6067
6420 5426
87 6860
2655 2088
8081 7230
4001 6652
9252 6704
9931 9931
4427 9265
9955 9400
5863 4793
8369 1633
8863 6775
1299 64
7611 8500
9300 6332
1952 9149
8187 1463
7632 8809
4854 9296
9533 4814
4054 2915
9394 4277
6904 1916
7069 5026
9146 6199
2035 6782
9260 1514
4920 3485
4451 4057
5243 7212
9563 1
4654 5937
654 6292
6777 5946
330 1780
1077 5843
2405 3234
2818 6139
1671 5116
4866 7088
4972 4743
9763 3278
1835 8300
1591 9799
6765 5167
5316 3747
1161 480
3464 8121
8780 752
3856 6253
1094 5736
1800 3358
6232 4162
7371 5274
8443 1717
2797 8114
7091 3550
7327 7961
1593 9007
3545 426
8437 9222
4089 2334
4865 2744
3628 7562
5489 3895
8968 866
9725 3996
2540 2185
9729 899
8607 120
9920 4716
8689 1471
4022 4628
593 4911
1200 9949
3142 2936
7646 7879
3187 15
1681 9137
5702 8823
3193 3402
6194 2160
6914 8516
3464 8792
4593 8103
3074 1100
7193 4485
8596 5997
4222 1278
3522 6204
1231 9141
5214 9500
6430 9155
531 5380
1927 9725
1359 3943
4092 2001
4256 8126
4683 6919
43 8766
4187 5753
6135 8834
4973 977
5974 3787
2768 2040
4743 5346
208 5761
5009 9907
3510 8478
2696 5305
987 6583
4084 2714
5899 3186
1568 4492
8783 7113
1270 4450
7676 8355
9426 412
4662 6202
2773 3365
4922 9854
4896 2141
2087 877
8422 3100
9405 9920
8245 5782
3363 7693
3472 3897
6299 5801
2761 7829
689 6119
479 5951
8933 2067
1077 8210
9121 8778
4816 7784
8537 3492
8761 7991
2764 5673
3818 7981
1326 8926
6136 3049
6501 4733
1104 3837
9460 6673
7415 3436
6099 4445
4651 3255
7262 7799
1991 7152
5088 7558
6287 4907
2547 2753
6934 1732
2162 152
1942 5607
4982 7314
2201 6372
4518 9084
2542 3041
1008 2848
7669 7909
1523 1275
7790 3352
25 7074
7030 7639
1736 5852
2857 9357
8779 3111
8194 5816
9132 4702
3088 8264
2269 2020
5011 2417
1451 1771
2728 3857
7058 890
2255 9017
7393 3177
7471 1889
7257 9665
1321 5554
6713 9871
7294 6233
7521 6573
8180 1113
9791 5205
2822 5437
8454 9110
1788 3689
9190 6489
7378 8014
6532 6705
1604 5085
4582 8536
3395 6908
4397 521
4194 9822
4625 7048
3700 2647
3044 1865
1115 1207
4663 1253
4730 1603
1601 2617
6031 7956
880 7294
7799 4572
4186 3642
8878 9657
4479 5065
6691 9669
4817 8021
4554 5026
7017 5212
1950 825
67 7737
6418 2340
8019 6148
1926 1768
7098 2962
2952 3707
6599 2750
6969 2566
8167 4178
1161 2868
3976 7330
7843 6927
1542 3688
5541 5064
9819 4848
4764 7837
2387 5924
452 8171
3565 5928
8440 464
7092 4626
3453 668
4576 7342
9068 7453
4181 9705
3832 2003
453 2677
7030 733
6911 7303
328 7356
1378 1263
815 9384
3663 5832
1973 9972
2677 5298
166 498
4325 7682
2436 3282
1858 2679
1565 1065
4490 5664
3334 9684
6859 1064
7538 9022
1376 307
3883 5430
1846 1498
2644 4604
4021 9320
8931 6217
7048 1457
3480 2682
3893 7901
2756 1080
6437 2498
4973 8315
3082 4573
4973 8718
4707 6508
1183 5985
1767 8518
7563 2207
7766 1882
5538 6798
3405 4940
6633 1198
5533 8428
1311 3765
4796 8764
5262 3728
4663 6832
5973 3361
9016 7718
9638 6624
3598 7895
122 5206
3909 8329
1583 4699
1688 7710
112 1198
2185 6642
8663 2420
9172 7830
6192 3169
3783 857
4239 8970
4764 7044
9869 9855
9883 968
2884 5404
7898 2619
5989 2422
6408 3104
1997 2920
4202 5332
3477 6338
6707 4424
1363 1845
4434 7749
5752 9830
8613 8781
2908 5989
8221 2568
4133 9042
376 6519
2715 5498
1201 1632
7156 7771
5778 2682
4078 917
6050 1507
1845 3018
308 428
5340 7635
5751 2917
8321 5043
7256 2974
9380 9644
1718 940
7282 4579
498 6576
6416 5063
1404 1289
4867 7371
6142 4743
8974 7269
8291 4036
6690 8050
6206 2391
2454 5936
6408 5932
3932 8601
9734 1396
5416 3276
5380 7263
9684 3577
25 8756
9948 5868
8627 8390
8201 4132
1148 5060
1813 7272
3413 7709
8345 4716
9724 9468
1478 8697
277 9240
7121 2567
2170 4262
5778 1134
6156 9553
5806 4446
8055 3284
6131 4022
5207 8562
472 2178
4845 7680
5211 3593
7585 1943
1143 7494
8700 2582
7715 8758
6712 3999
722 4469
3916 7237
5731 9896
6491 60
8670 3846
9710 9892
2785 9972
6860 9175
9040 4522
6361 1875
1585 5525
3219 8644
693 1320
9839 35
2504 6442
2062 8295
7498 977
899 3753
8766 8819
6414 7747
2319 4062
5680 7726
1651 7650
9643 6025
5988 2344
3637 7991
670 8211
5025 1524
5766 7496
4182 3755
7310 5012
7918 3274
2835 6561
3873 9480
2144 6889
7498 8848
5136 8609
408 3124
640 5632
8165 2762
812 1063
3487 6981
7380 2680
6524 1415
3272 99
1064 5709
9686 8897
4235 9743
3898 5348
8385 2428
3253 1939
6497 7249
6919 9175
6080 4147
432 9578
1043 4598
3931 1412
2702 2386
1065 3143
8817 1336
7956 1705
8509 1443
7186 6522
4485 8634
301 9784
1224 5258
8950 8885
2485 404
5975 7578
5408 5891
2617 5660
8449 9723
3476 6410
4799 2902
71 9557
9042 6424
5679 5936
6321 9177
6241 6885
2221 1280
5738 4203
8932 1058
8218 4157
335 2483
7008 7036
2216 8566
2413 6030
3333 6485
8260 2147
7127 7216
8537 1547
1750 362
1340 9095
3909 2735
271 1493
9899 385
6147 8969
1093 5284
2900 7803
641 2134
2909 7606
7545 7657
3935 8734
5418 5604
9613 9803
397 895
7716 5733
429 1973
4346 663
8589 3326
829 7333
4863 6771
8679 9944
6480 1133
7434 3362
4590 8461
5525 4977
6039 4232
5482 1295
4768 1443
572 2125
4749 7252
1631 535
7097 8871
9701 5689
9621 4705
8536 6245
184 1084
3156 302
5264 7750
2532 4928
2548 4885
6334 9459
3906 514
5470 9654
8409 8728
4172 4514
9695 3885
2716 3187
1647 5360
5801 7396
9943 4655
3427 9257
3330 2099
9297 4748
7240 9016
8403 8937
571 5343
9717 6155
6015 5488
9093 4851
226 9980
4391 203
3388 6687
6806 9753
7217 4340
6847 7071
9958 2124
2944 5304
1356 9355
1686 8419
4336 1204
9329 9289
4101 4803
1594 2569
1733 3457
5757 2705
2804 8356
9599 6457
4404 23
2786 5166
9575 9480
2728 1152
8576 1013
2171 9205
9810 4133
2320 1878
5340 8076
9026 5322
3318 1376
3663 2369
5419 6730
1695 5807
1431 7146
3651 147
7787 1386
2178 1668
2696 4487
2241 1602
606 2829
3188 1569
9942 8569
8561 7519
5246 9308
8564 6122
9389 8394
911 8304
9741 7220
8597 3863
9941 5307
2257 4906
5981 4696
7729 7918
1476 7446
4108 2385
602 1354
8555 7065
416 7380
6461 4493
2695 4770
380 8417
1642 5022
8866 9222
617 493
8931 7764
970 6710
4234 5944
8584 5556
1567 202
8391 5786
2373 9786
4821 9925
131 5525
1487 2689
4558 9165
2721 7366
4641 6903
9855 8402
241 7347
6817 5360
9729 6532
6696 6901
3616 1158
2293 1620
7450 9627
7760 6399
7754 21
549 5312
5127 3620
1549 8344
345 790
9944 9158
5988 4773
6671 3661
5376 7611
4779 934
8541 7999
448 6913
1992 5445
6453 1054
5304 6095
6786 5161
8459 1631
3882 7962
9221 975
6916 9429
381 1099
3016 8380
3150 6187
5200 7740
1145 656
3878 8890
2489 1897
7200 8454
7619 194
1227 2722
7330 2286
8286 7369
8795 6226
555 1110
4437 6261
1567 9443
1008 5087
9346 4585
8667 5543
1861 7119
2653 1639
4703 5676
8691 7998
8707 8702
1241 4918
7443 6995
5952 7377
3502 3592
9110 284
4525 2808
5661 9472
3616 8713
7580 3835
7140 5939
3191 6608
9362 5971
5311 5494
4970 3272
7143 4880
1562 597
1908 6210
6626 9246
484 6322
7329 3436
4278 8244
4345 3899
6581 3309
2601 1447
2880 9191
5189 4310
7598 4064
3428 6679
1006 7541
9154 2057
6612 9830
5536 2466
3180 4062
4899 2448
1484 2319
1324 679
6587 903
7350 8467
2351 6783
6238 4791
2163 6989
33 7215
9162 7580
9051 6969
721 2713
7628 2738
1101 7131
3783 4345
7754 4732
9414 8554
6886 7885
3196 3192
8358 1589
2774 6936
1299 3546
3497 2759
6746 276
9240 3961
2522 2028
9218 8807
6220 4743
8347 9233
7692 6313
2666 7119
7400 3243
1086 1042
7967 7874
711 9543
5213 7809
3243 7145
8036 8437
1129 1509
737 6598
3865 9654
6577 165
4717 9066
5658 4306
9533 7311
1470 7331
4898 8454
8663 4515
8443 4996
1562 8421
8461 7078
9840 5737
4931 2589
2459 5911
6500 5084
3990 9012
6785 7094
925 6382
2791 1160
6994 6684
5057 4781
5702 7082
1605 4969
8623 8506
