placement model: 1slider
width: 10
height: 10
number of points: 500
9110 7094
9403 1709
491 7587
5611 9296
5128 2262
7663 3858
3946 865
539 4361
379 793
4153 3835
598 3719
2765 2997
3758 4093
3510 4860
3850 2120
1804 7682
2155 5498
7123 2849
6738 8883
7380 1819
7848 7180
8033 4030
187 8307
3263 2868
9119 266
5879 7508
4098 796
4979 218
8476 362
2616 392
372 9009
9152 881
7360 8302
7096 463
5362 8858
7052 8079
1359 8389
950 9142
6403 3394
3604 2434
8250 5835
9426 3156
8789 589
7870 5221
8153 9757
3729 526
1276 1435
576 1374
5107 3481
3424 2192
1080 8672
2600 3964
5905 1117
9573 4630
1139 9952
6114 7383
5941 9720
4945 2856
8317 4842
2819 8515
9495 6481
8810 1070
7049 4992
4060 3154
7959 124
2492 19
3605 5768
1169 737
7287 8737
825 7360
2319 7202
2809 9426
1562 2672
1506 931
6985 1856
3516 4968
2234 7585
7289 6985
9578 1488
5424 5419
988 790
1025 1418
2768 408
1158 4785
2223 160
8276 1632
14 280
6912 7240
9013 6617
7191 3300
8800 450
7101 2136
8930 6318
6991 3881
4699 9311
7795 2590
5967 3912
4851 7684
7979 4258
5251 526
9871 2976
4989 99
7163 4494
6860 8991
8347 1592
8651 3764
6405 5620
2335 1750
2725 7383
3090 3224
3556 3237
6206 8212
4954 3545
9060 9542
3328 3497
1378 6426
9518 3751
9156 3670
1915 5812
3995 2116
7997 3288
9053 1335
3934 207
4530 4051
9405 4257
33 7865
2510 9648
6695 861
2494 8223
7803 1313
7147 7409
7161 1055
1432 7462
1896 1052
7597 8615
3373 5541
8674 8130
2424 3046
6752 1736
6944 2308
8231 4849
4951 6054
717 827
1436 4475
445 6562
1036 2338
6577 4405
6902 3999
1846 9354
4244 1109
4518 2187
6169 1401
1810 5416
7440 8255
5364 1440
4742 5791
2657 6064
1998 81
5006 2183
289 6457
6905 2164
3883 3628
8214 7994
7621 7424
9614 4722
5057 8578
755 4909
4420 6204
8838 4120
7949 3851
1266 668
1006 6468
2244 3706
9742 7147
1265 964
6319 6995
2575 1563
9953 2199
2754 5615
8376 8232
8174 6945
926 9091
9514 3156
7088 5691
3263 249
2743 7847
3023 3529
7016 8390
1559 4719
1723 353
7217 1142
9439 2758
8591 8613
1967 9832
3848 5747
2128 5031
2574 8398
1639 5338
4800 340
8810 2479
9006 5288
9768 7005
837 5036
1936 9269
7645 5720
2800 6155
2614 7590
6124 3028
6096 1418
2701 1390
8100 6432
9141 594
27 5650
702 4229
5521 3448
6467 3127
3939 4827
888 2908
6719 8206
9347 9971
4891 1622
6398 68
6945 2543
9688 3467
6058 2075
1337 4289
7979 7723
4251 5840
243 7452
8423 9464
2348 5881
2312 2880
4587 8461
3298 6055
8126 1882
3379 7836
8105 8904
6425 1957
2390 2088
2202 4424
2952 1809
7288 899
4462 310
2639 8041
4977 3623
523 3491
6158 1539
753 6450
4078 6781
6387 7797
4589 179
9217 1074
9979 9564
2611 2743
6980 9095
6155 2583
1914 7977
5054 954
2428 8457
2574 1657
8197 831
2841 3495
996 2282
3456 5029
9711 1350
6156 3360
762 3118
993 3673
9894 4496
4005 5118
2355 6571
9741 7127
2294 7185
3091 2671
4689 7848
8701 6906
3016 6113
9182 7259
2104 21
2048 5825
3891 602
8466 283
5432 8630
8539 4827
2965 9765
5205 7093
2246 1112
7357 591
2341 4535
6216 3483
3670 4982
6417 5851
5942 97
1320 8064
2 4472
8221 4560
3907 1876
9460 2470
4328 1067
2571 6130
7601 8461
4718 6234
3450 4857
3670 8608
2875 5908
5286 3447
3596 7963
2827 9961
174 596
4263 5413
9188 911
3423 5661
6683 1009
8568 8513
3290 5473
9598 2503
9542 8971
6589 2445
2472 7031
2008 4059
6737 1740
3939 3867
2802 2731
5850 442
5589 8106
1813 5695
2159 9190
3103 7511
3668 8948
2590 9510
7312 7916
8827 8133
2551 664
9523 9958
3259 8521
1297 1557
3286 6599
3624 1431
4072 4719
7807 7411
9674 9465
2899 349
3464 3522
3588 3198
1318 3777
6662 7383
3559 4883
1207 3817
6902 9288
2638 674
2561 8180
3060 193
1262 7947
5214 509
9006 1613
8847 1514
7499 319
894 4149
5932 3496
8154 2618
8897 8913
7819 4654
8206 2878
2983 4094
2095 7975
4344 1457
2467 3467
6268 8863
8089 8022
2980 9194
3068 7878
6764 2164
7704 8017
5307 2511
4237 9338
1461 3740
3555 8806
7779 6944
8586 1662
6268 7735
5172 1168
9530 3227
8620 6465
2101 5054
3338 2318
9724 8887
239 6508
7817 4521
9093 2823
5800 4576
7988 6107
5723 2717
2162 5933
1015 4678
2088 9396
8745 9735
4418 6544
8318 1502
5957 9008
7850 9926
378 2149
5992 401
9354 2499
5756 4585
6537 6867
8559 774
4598 2782
9504 5335
8518 6205
1169 3878
8676 2657
5611 2854
7079 3744
1904 9225
9266 9902
5831 2668
5290 5411
3752 5377
9546 1155
4653 7181
822 189
408 7065
6353 2704
8349 203
7657 7047
4571 1038
3079 5645
5365 5722
9840 1118
5115 2896
6672 665
5587 5099
9509 5360
4679 3055
5806 1350
317 1659
9508 4838
6190 3144
2684 2320
8480 8585
8761 9671
2839 4977
8695 2726
7500 6663
3606 835
497 8960
7910 3068
7801 7556
7294 5369
2363 5107
144 2303
6635 6597
8078 9359
9418 9167
7253 5567
7698 1077
9376 822
7408 2069
3377 4350
4845 6317
6658 3951
6833 804
3104 5037
4425 6557
4212 8802
5528 579
8153 9423
8568 2410
3339 5233
2768 2641
2608 5856
5520 2606
5531 1480
1638 587
5547 4438
3535 833
2011 5170
3027 4051
7791 9165
1285 496
4205 8358
2216 7739
5644 103
1030 5915
1435 6513
2681 2113
9073 5647
2406 6076
1730 7070
8655 9823
4293 9660
4339 5922
6093 1829
932 6027
4918 8801
255 5452
8739 4361
555 3279
1820 8058
2020 2669
