placement model: 1slider
width: 10
height: 10
number of points: 2000
2917 1318
3726 9068
704 1047
4302 8109
4205 9030
6887 9474
9643 7799
9658 7891
7798 4937
4983 7766
4581 2499
1642 3585
2544 5007
1931 1895
8377 5180
1147 1420
7970 9221
242 2299
6175 8136
4254 6729
2783 2515
5634 1739
7933 2189
8116 4390
4300 8397
7838 464
8886 7257
9831 6401
9974 8723
6187 2087
291 1558
2228 7555
8465 9953
8615 9087
4509 8834
2562 7178
8584 3142
2651 4568
4706 4610
4226 9230
454 4790
2981 8068
9771 5876
9814 9638
707 6142
6902 575
3634 5566
1607 6680
8084 6714
1591 9867
7184 4383
9106 8831
8453 2513
5235 6024
428 5729
7296 3623
8694 1323
8095 469
1085 2168
4905 7941
6509 4049
8753 1253
3407 9801
6776 9530
3477 3194
108 5002
9162 9837
4432 5649
2400 6328
7271 5356
3020 5717
1211 1561
5487 588
8759 3154
79 7393
8171 9854
6889 2403
6100 7275
8031 7515
2350 5649
4219 200
3823 5717
7575 8309
8501 9470
8983 4697
3789 1043
713 5509
9187 105
7279 7540
3078 9245
2541 5761
2706 798
2856 907
2074 9161
3529 8760
80 9217
1870 8520
9278 7366
1153 3262
2566 5342
4316 7148
6584 1423
7739 2246
4854 9002
4995 1914
9270 8297
2860 1938
2839 8210
4561 6703
5343 3607
6776 4171
8822 5830
6399 8102
5365 182
8701 8114
7065 8482
2413 4857
9454 5703
3773 5384
5349 1950
3626 1584
4285 8406
9705 5215
2725 570
3648 3802
8832 3188
3065 3298
24 9197
1421 957
7914 4554
7646 6835
6335 5949
9665 3149
9330 7820
3169 2034
8683 5392
150 3369
6025 7787
5807 8648
5951 1826
8741 8654
8612 9
3168 5271
4854 2144
7242 8014
8631 3666
8831 4195
8836 8697
3601 8735
5017 6900
6803 2698
8479 7313
5061 4616
3141 8196
3818 5054
9540 6900
5579 6526
3775 2679
3811 4552
5495 7738
366 6170
152 556
2373 673
1873 856
3832 3827
6386 963
6719 9416
4111 6056
6550 7010
6093 733
5128 2740
8497 6330
442 3015
3978 1600
167 8559
3047 3328
4701 7269
5996 7997
5960 1530
5499 8852
8864 4329
4502 7474
4529 9020
5875 8292
3983 9668
3561 3108
3733 6468
4979 2393
4337 2666
3234 7656
6383 1997
3150 9765
2005 3248
8125 6930
3183 8213
5398 5778
6014 6158
5862 8256
8448 7735
8295 8368
353 8716
8209 9009
6800 8259
3948 5450
3544 3209
7675 401
8468 7403
7148 3388
1200 6717
1537 6469
1798 9370
2760 7678
6649 9501
4159 4940
9866 1215
27 9709
3070 1025
793 1905
4329 1802
9723 562
8033 7766
9844 1636
2642 1193
3432 3277
7523 4195
9346 5579
7841 4770
7514 1545
3743 4869
5311 9609
8142 6824
4817 4528
512 60
506 3611
9167 5243
9980 2564
956 4570
8812 2681
380 2181
5991 1659
1729 7652
7506 8968
7008 5681
7763 5195
8030 8840
2875 4806
7615 2710
4925 3182
9995 3931
5703 6711
5960 802
6889 6304
3720 3694
8303 4664
2323 6814
6732 7849
7044 6599
3739 8270
3128 6355
6726 8947
6683 7483
8727 2271
4645 3873
9462 5542
5408 68
7553 8869
3734 532
7993 8279
4802 2666
8959 1190
3014 1722
2381 1190
13 3335
9153 8120
3937 4188
3494 5754
7579 7094
9615 1073
4092 7191
7068 5549
6153 7063
777 3742
3722 2542
1388 8060
8417 113
3427 5334
2552 9992
8458 69
1090 4995
2355 2864
7235 2424
2483 7804
9056 6237
1905 7051
7094 5791
1988 2710
3986 8138
4548 1148
5143 3412
4094 811
9520 7616
212 2166
923 5858
2278 8634
3596 3422
6853 2222
3679 2670
2118 4737
2602 6835
1859 2650
8933 6700
3425 9308
5605 263
3189 459
8879 3499
8286 6360
3508 4768
4540 4666
4450 5431
726 4215
5795 2670
7615 8742
6490 9827
5209 3550
9096 4824
2046 5276
6866 9421
5638 6789
1434 4501
8487 1705
4232 5098
6189 2920
7780 4650
4235 7420
8145 9822
6213 2954
2327 9226
6080 4663
7473 3101
4754 3756
9041 3289
2240 7111
2169 1988
2779 8149
9698 790
9197 6562
6826 6808
964 6789
1546 5002
5856 3626
3210 2926
9818 3861
5083 328
3161 3830
6265 5809
1477 5793
3534 9636
9297 3832
8196 492
5121 8894
8532 6670
9749 3923
7227 6856
4562 9142
3815 9814
5475 8994
3796 1291
8353 4589
65 6939
6187 4812
404 416
7475 9875
4216 974
3465 3417
3165 2946
4937 3389
6316 9241
4414 6976
896 3905
2606 1796
6362 7148
703 5968
8552 4072
5673 6492
5172 4743
8916 8678
8166 7802
7873 2168
9190 8377
517 9497
2315 9254
5242 1937
9145 8459
4766 2531
9832 1622
4242 543
6414 2913
7293 346
4209 3653
1765 4637
7213 7742
6473 1108
571 2977
3361 5962
1460 7017
6972 6557
4192 4541
6531 7720
3294 2475
8655 335
500 5038
2367 5106
3176 2377
5639 8802
7270 3172
5589 9570
2446 8490
8273 6185
2546 3617
9874 8890
9470 9384
2023 9048
1406 9691
2201 3309
5631 2553
1051 896
5405 1600
4559 9790
8771 4206
2038 5919
4916 6541
3439 2804
1098 9172
8132 6960
8305 1558
4604 8623
6486 5718
4287 2466
2676 9205
8437 4236
30 9356
7363 6175
5275 861
8525 3261
6148 9316
4756 4254
3946 9302
1576 4602
1018 2156
1917 6388
9370 4947
6819 3185
7762 2955
8700 910
9925 194
3693 1030
1749 1919
1169 8253
1291 1046
9623 7886
3722 9739
1728 7317
7179 8360
2625 8746
2167 1279
2504 916
255 4992
9675 890
8842 67
6978 2566
8328 8024
7997 744
5947 7107
4139 3967
2135 4200
4747 615
1991 772
5995 8909
1825 7603
3702 3544
5824 6843
79 3927
3706 1287
9198 3528
1221 2444
2864 9485
3893 2119
8795 7123
4736 7495
7165 2642
3905 409
463 9357
5737 6889
6424 3473
890 4460
5525 6715
1781 1736
4082 4264
7477 537
9818 7643
1562 563
6625 8017
9282 9182
9749 7242
9774 964
2028 6507
8619 7480
2311 5680
2664 9218
2288 2139
218 461
5331 8356
1746 5355
886 6986
4718 5689
6176 1493
1428 4066
7844 8575
9221 7726
1125 4723
5270 4641
412 9980
9931 8797
5777 428
4185 1997
7708 160
4239 751
6264 9451
2503 7015
3663 8506
9145 6188
9950 6692
5801 8383
9196 4249
2188 1659
4370 5696
1363 6181
593 6395
1221 2837
3300 8491
3308 7595
3425 7131
6942 9315
2897 1239
622 6614
7618 6508
7890 1317
5989 5101
8180 8249
3858 2549
6106 4658
5511 4591
9537 9948
3927 6379
8554 2224
8601 2381
4792 3465
3820 9143
9431 2852
3429 521
556 1161
5912 5630
2834 8262
5768 835
6547 3739
910 5224
6281 337
3476 5211
4666 3498
126 2290
4218 129
2787 8433
452 2510
2840 8502
1964 9137
4728 3919
5439 3138
2689 1821
6133 6443
5894 6885
3525 3724
5937 7611
5722 7956
9023 8151
9842 6475
3575 1136
9634 2678
2989 5825
3973 5578
4094 8310
2421 9735
1898 7315
7257 3866
4646 2965
8344 7559
414 2324
7 8442
2307 5346
9787 5104
3361 1579
6561 7409
2909 6265
3901 8126
8961 2754
8461 1655
7423 5664
7753 9649
2573 9648
8040 7163
8257 2250
6434 7840
638 4649
2618 4364
8701 843
266 5662
8552 1738
4077 4750
3573 2098
5122 2408
5458 522
4264 4250
7414 4167
7392 9352
2212 245
9204 7182
7611 5703
7709 9504
7961 1865
2404 5719
7570 9703
9043 2421
6541 6087
8127 3809
8905 8030
9491 3447
9876 4991
4063 3677
6131 2040
3049 9917
6483 262
3852 4768
7525 3003
5664 376
105 1830
2100 9652
6919 4910
194 9982
7389 9839
4276 5572
9503 4726
232 5693
9346 3751
2415 6276
3651 7893
7134 1442
5681 3488
345 1254
3509 8300
5829 6231
5680 7016
6681 1192
4452 9487
5456 6613
1383 1006
1486 7741
6645 2341
6490 8800
276 4820
9019 5421
512 5981
2993 5654
4619 4083
5875 6583
6100 630
3191 5342
6991 6426
5451 9986
7355 3755
2849 9958
3727 4599
8601 7051
7550 6939
6669 1309
6766 350
4472 3397
4202 7790
591 4805
714 2965
4518 8716
6574 1183
9170 8340
9784 7857
5749 2402
3756 3252
9728 8977
2176 5766
1807 2152
6838 6436
3272 8176
4863 3586
6225 4699
6767 182
6844 1861
5749 1743
5319 100
8215 6701
2132 5312
4300 2187
9543 3510
5610 7101
4399 484
1551 3473
963 5622
1173 6783
8230 512
7067 695
7070 4201
3693 7560
374 7053
6725 8340
3140 5839
709 1460
8089 7102
8398 345
5360 2751
3556 8376
2640 9260
7861 9372
9169 6831
9027 7923
2637 4529
1293 8868
4224 6633
1486 4136
1460 6871
5205 7615
7120 6555
1518 1893
9275 7759
6086 4433
1920 8827
1853 559
5998 677
2131 7832
1688 1926
9739 4576
9527 3270
228 2389
5685 2405
3232 1271
9528 4181
4161 3541
1976 7109
3383 2909
1980 849
3921 2982
8619 7552
4020 1484
5156 4126
8502 8140
5768 9681
3566 2506
5610 9553
2578 9472
5765 5598
5014 188
5671 2392
8240 5463
4928 7889
242 5832
795 3931
845 1777
438 604
4514 8267
7150 7753
2216 2108
7103 4138
1157 4500
173 4116
2257 3124
4667 4931
8515 1435
4856 5456
9587 1792
2021 8219
3294 4571
3556 7079
4478 5859
4964 3982
8078 5688
2725 2379
1823 2164
8780 7457
2146 2550
3091 5916
7488 6737
5519 5581
7758 2635
1639 1808
8211 6090
2150 5647
3801 4964
3483 1775
2475 9441
2617 5004
587 5612
2957 9005
7477 8217
5670 7594
9937 6400
2919 8549
3880 8894
5194 569
9821 4930
4769 2827
283 1812
53 7192
7326 6584
5230 6859
9885 4090
2439 8185
8892 4044
8768 6140
8741 4362
2208 9621
4668 9992
9070 1172
2946 7073
6726 3886
4352 9345
325 4912
3143 7647
6005 3849
928 9084
40 5705
2026 3992
4220 6177
9641 5186
3452 5773
9140 7674
3877 2822
1563 7446
5560 4816
780 1387
38 216
3368 9384
7552 842
6060 9232
8825 4474
6525 5116
9618 1088
4645 9091
2477 5505
2543 6601
1734 8076
5268 6861
6573 1699
2690 2528
9253 8586
4161 8686
2966 8994
3155 9635
4682 9901
9857 502
5202 295
3600 9906
8498 5274
4065 2638
3072 1806
7494 6836
8923 5677
1614 3920
5683 4752
948 6525
602 5949
4333 3588
3038 2708
6358 1299
310 147
7511 2252
5027 3795
1593 2829
819 585
1738 3598
9853 6323
7044 9904
4093 6968
6616 7607
3430 9934
7574 2719
3864 728
1051 8071
3094 7192
377 5175
3686 3146
2277 8130
114 267
248 7667
5608 5127
4161 9333
5756 3860
715 5186
4584 8087
4202 2397
7901 1220
1331 2124
9917 5532
911 1102
4199 2677
1212 6641
2277 1898
2107 756
5743 8223
9036 7414
764 6260
4730 7254
7647 6640
1689 3571
8271 7812
9690 2986
3734 2242
1270 7226
7110 3075
1629 8036
2450 9878
3919 5951
5698 6181
1717 1655
8344 6783
7202 4645
8178 7806
6110 5328
9024 3214
173 2764
4775 9308
2180 5521
7435 4567
3282 7960
6010 5021
3550 5022
2862 7722
10000 9617
7562 3870
1028 2476
220 9416
500 4225
5248 5414
2044 913
5630 3106
1141 544
9643 582
9444 8037
5919 9855
7887 1718
8662 106
4046 7205
7672 1516
8537 1728
6615 8171
4464 8466
8759 1277
7337 2931
6700 1842
7102 7504
4407 3020
7558 5753
7990 8644
8799 9029
6472 5370
504 8861
4718 8828
3932 3444
304 1651
6548 4657
4371 21
348 5848
5539 1252
5811 8067
5491 2039
2168 1494
2264 8143
9264 6102
8129 5910
6650 9657
9897 284
9949 4617
7960 284
5612 9223
9182 1415
7198 9544
4780 2623
6454 8171
8113 2513
7899 801
5706 5101
3109 4571
9764 2637
1675 5290
7020 4400
2087 6669
7703 4142
6375 9367
4876 2256
1206 8999
2331 6933
5169 6127
6419 5997
9461 896
6823 6767
9389 8122
6053 8686
7140 223
3763 2566
7248 637
4074 908
1286 7716
4186 3642
4625 8014
4189 7063
94 516
4918 2432
2293 919
2207 8370
4581 2089
3978 1907
1463 7655
1118 2183
2419 783
6849 7644
7071 6740
7660 5879
1773 388
2411 3757
2646 9050
4238 6801
8840 8587
1784 404
6890 1587
8878 1358
2980 9471
4070 7894
7895 3890
8063 7579
3110 4658
8290 5979
6242 8910
519 5612
9066 3485
3950 7105
7231 1988
1417 7681
7678 4377
4655 4237
2942 381
3360 3376
7160 1192
5001 2635
8210 6765
1351 7284
8521 4652
5449 1680
5807 9043
6083 4299
4965 9881
4632 8876
7551 2197
6343 1312
2494 8922
2126 8604
893 8251
8126 4451
6916 8782
537 9589
3538 2836
7508 3960
4037 1780
4542 45
3795 1127
5114 3512
9784 8152
2899 6954
3233 612
9487 2523
2609 3949
8959 7877
862 1573
8100 1778
2937 6696
4350 3686
8907 1412
3700 3633
2113 5890
5878 6233
8266 5864
5607 5279
8910 8291
1321 711
4813 2078
3144 5956
5655 4218
6942 5073
4071 1353
4203 7858
1560 3389
6086 1381
8220 6203
7482 6346
1347 5547
8321 9264
4285 1813
189 8300
8456 7382
2109 1120
373 9087
5369 1319
3830 2507
741 7492
3635 9773
3768 4096
4910 2681
9842 6918
5481 3327
8156 8323
572 2408
3385 6216
7573 343
1342 6298
2874 5637
8849 412
3954 9498
5638 1927
3405 6469
8907 3584
905 9834
9763 4612
123 7140
2816 8153
3129 4404
5257 8833
8732 965
1680 5427
6073 5814
2704 1572
5530 9010
5101 7192
1287 1781
8851 7952
2002 2834
9703 4528
326 3088
385 2343
3059 549
124 1371
1602 7063
7747 6420
3812 6418
4247 3971
5895 7245
1041 2460
1162 295
3866 4400
8714 2602
5992 7780
381 125
5728 2504
2911 8061
9601 8115
6389 3229
7077 9891
4259 6012
1208 6406
9189 7438
4469 8172
8377 1067
308 675
4958 4668
7407 3422
3314 58
9874 9771
4974 1431
978 4169
525 2542
9060 893
8326 5771
4650 2933
4124 9429
4288 1371
8657 8814
3014 2546
1685 8096
2637 1820
8752 3542
8307 9465
680 8781
6003 9440
3073 696
6680 6922
437 6335
1833 3652
7369 8844
5670 8346
1584 7166
1861 518
1864 9344
8625 2059
3714 7030
2299 7395
444 5406
6832 8484
8907 64
2346 1954
2558 7363
429 4219
66 4948
5756 696
584 6878
9158 1772
7855 1876
9142 7756
258 8161
9108 6313
8224 744
9358 467
922 7722
2641 4533
3664 1324
8879 5802
7675 1654
7730 6063
7329 5876
9821 1594
1795 8545
6117 6343
9630 2132
5439 1985
2621 6227
1556 9332
5045 227
8353 537
3192 7930
6592 2815
8720 8877
6611 9227
121 3718
5654 6251
2193 4960
8653 3779
8809 7574
696 9504
3254 2882
1428 8022
8820 2316
5806 5437
2411 3269
5885 4895
704 9562
6868 1234
1735 8720
7490 1230
4223 6929
8423 2660
5218 2186
8551 7259
1763 9876
6821 2223
3417 3161
2436 1685
4257 7952
9691 743
2022 9769
109 9054
5263 7865
8943 894
4770 2972
7918 4427
6634 9298
1803 9554
3816 1778
5222 4644
4600 9782
6922 6186
4770 6228
4102 833
9690 8123
7921 2553
1272 7108
3029 6533
617 2828
2219 387
1732 9664
5836 9207
1113 8
6323 2272
1500 8889
3214 6212
1078 2201
5745 1273
4204 8776
2992 341
954 4623
5360 7382
8687 6407
1086 5704
9554 3558
6071 9224
9490 2793
3318 2011
380 4893
6087 9100
591 8481
3767 7790
5938 8156
1505 7412
7460 1484
6954 1421
3782 1470
5252 5284
6591 6988
207 3303
5523 3664
6098 7580
1005 3589
3461 8930
5853 3742
4070 9426
5712 7008
3700 2814
1357 5833
2522 9178
2449 203
3818 921
8320 9166
3992 4108
6707 3766
9824 1536
3238 5526
2655 7801
8682 9772
3041 8703
2872 2976
1992 7554
6450 5631
8143 5621
7314 1503
557 2391
4962 9073
7272 9257
2996 4610
7772 5404
9219 2329
1844 2132
3305 1104
8203 7362
3464 6510
1968 5139
1489 4330
5875 8012
2884 9321
5878 3893
4564 9155
4594 7688
7830 9268
2695 8016
647 962
5842 3474
8723 5057
3099 616
150 6774
6221 4087
3119 511
4422 2449
4618 5013
9802 7680
6462 84
7167 4953
3855 77
550 2061
1076 5502
3063 5839
4213 2479
8727 2344
2083 9216
2906 2550
3240 3218
3756 6131
942 9563
8842 5817
2198 2250
4237 976
4182 4120
8384 929
4795 855
3099 2757
794 1417
4124 3542
9271 1562
6621 5055
3521 5675
7374 7161
4147 6876
7641 6396
6823 1848
3064 4638
720 6637
4381 1513
2116 4581
9010 9205
682 6088
3703 8339
6794 4488
4465 8276
2540 5767
106 7011
8331 8040
6729 7197
1990 1839
2151 407
9908 2799
9338 2656
118 2343
6103 8516
2332 6022
5048 9874
2953 2064
8045 5872
2246 3165
8431 8234
9416 3360
612 3723
6219 5313
5096 1229
4210 6172
8491 7543
6546 1647
2336 1038
7376 6088
3266 4921
3719 975
2873 5743
9491 4950
1740 7823
901 7331
5768 2162
8508 5570
8686 5613
768 8074
2842 5274
293 4525
290 2086
4047 4453
3281 3863
504 6741
4939 3403
2563 1354
3 1642
4952 6939
2331 9531
5834 4510
9894 9633
6743 3385
561 1155
4858 4197
9061 3940
3057 6319
7464 6851
1101 5392
4609 6704
301 8541
1630 1905
7258 236
7035 7430
8425 8473
2785 8030
3808 1152
6343 1518
1853 8209
1199 1625
7004 7618
100 802
2827 677
9548 510
1341 8335
6984 773
3887 8477
2945 2710
706 9135
7339 6661
9219 5538
2280 8140
4106 9159
2291 5140
3463 430
7578 4155
2551 1847
6811 9360
2478 6408
9454 9100
5536 6523
1286 2867
5785 651
4475 355
3914 49
6850 8991
7756 9006
8386 7984
1247 9577
3974 417
3447 8308
9998 3433
9027 7160
2350 3961
4515 89
6204 647
5911 525
2071 6676
8712 3534
9439 3013
5648 2541
3879 7090
8292 8473
8538 8138
6916 6399
9999 4763
9276 3728
1722 6427
5172 8704
8186 5965
2734 67
9706 6740
6736 8778
7255 1545
3691 9156
6477 7393
6744 3529
9697 5470
3788 2172
791 7612
2245 8246
6825 3085
2646 9198
9024 6591
635 6865
4332 3625
7156 8192
6454 3115
1199 4404
6065 4326
5496 2697
2644 774
5728 997
6072 4494
8936 5268
9622 4863
7990 1118
8205 7641
5339 2637
7153 8265
5045 7445
6676 4256
5989 8806
5311 9669
582 5850
9513 6072
4654 6700
9879 8452
5303 3377
8034 1966
1770 5070
745 3190
2007 7649
3445 684
6673 3580
3544 5611
8021 532
3336 6453
9635 8476
29 8835
3572 8407
5459 1226
5105 7033
1561 2661
4425 8028
2886 6376
5878 92
3927 2024
150 8096
3325 5381
7922 1099
9341 2141
4273 3659
2244 2450
2224 3285
4833 7049
5610 3927
6686 3957
1614 2869
2549 2652
6413 6617
967 7379
6361 8852
3599 7632
6368 2686
1979 5927
4952 4576
5098 8671
9074 1179
4228 7090
2090 4923
3596 4386
1640 2413
648 4760
2292 841
5037 8060
1510 7764
2406 1931
4772 8241
4511 1484
6637 9136
1855 5399
2149 4710
2541 5061
7694 8438
6047 3657
7505 3476
7113 5251
661 5169
7929 2731
6653 7750
8489 7536
439 6120
6442 6561
208 2374
979 7427
1842 6406
4497 2021
9243 6663
8966 9413
2445 8907
6538 1189
5286 3946
3715 3994
6072 8904
1196 9009
3775 440
4782 3711
4293 4613
34 8843
1675 607
4337 4595
4718 5923
746 17
8766 1186
3468 3864
4120 9053
170 5684
9978 4819
7259 896
2784 3572
4787 5920
4602 8315
8886 4483
293 1976
5560 5146
8844 5087
7314 5940
2565 6839
8671 5280
8270 6967
6645 4177
7860 650
4134 5830
9691 3767
1058 6588
4654 8133
8182 1848
304 3565
3603 6813
9167 6917
1394 329
3836 8596
3128 4528
7523 9502
4680 7727
7969 8307
3903 8382
2947 1715
9029 467
4667 3996
3425 7706
4840 5219
792 451
2478 3325
7727 1527
4590 2424
1457 8122
4562 3867
7377 2142
7493 8243
8899 2148
2783 5612
6509 2674
3325 4755
6442 2067
4573 7662
646 1133
9555 5888
8416 5563
2480 2296
8250 1045
6938 2435
229 6010
9461 1775
1799 9876
3419 410
4794 8245
5916 1613
6526 2510
4152 1252
4184 5875
5513 1034
1700 134
8501 5062
9605 1396
8318 1189
260 7640
2313 5685
7198 3404
4356 170
8692 5851
8147 8740
4717 7163
295 2694
3279 217
4878 5466
476 6182
7535 5792
1047 1043
2183 1773
6115 342
490 4240
2785 8077
7366 9198
661 4805
1415 1002
692 687
7301 7918
6948 8530
2352 4886
3684 6042
8638 3275
5208 1221
1210 4033
9708 4351
2910 1112
717 3261
954 2435
939 1724
1438 1654
7041 4392
4299 1515
4323 25
4038 3695
5804 585
5250 1242
1453 1237
6805 5415
8912 2254
8140 8162
4399 2008
2200 6727
8132 1976
6239 5567
3017 2860
3640 1349
1746 4272
6351 6853
4193 5640
4162 8640
2256 7023
3226 6580
2265 1595
6018 8606
6771 6321
3788 6785
8477 348
4642 7546
1847 8565
1380 2862
8751 3604
4949 9836
828 3374
165 8217
9655 2415
5752 8810
1834 2086
7839 1968
4317 7152
6804 4143
4232 5238
9497 5998
345 407
3357 1797
8458 2804
4845 460
8028 9271
7734 2434
1234 2999
1866 8984
6014 9553
2671 6687
4755 8342
9887 9498
1887 2137
6927 2798
8322 4963
4914 688
7647 4454
6966 5965
8829 2902
3847 5184
4630 8781
702 4858
4068 1130
1325 6021
7664 5159
4587 9213
13 8591
1486 6889
6792 6827
1175 4053
7604 1616
3821 7379
5821 8098
1786 943
1369 8015
3373 1967
6263 6090
5060 1339
4106 2068
5411 479
6851 7153
8471 1955
673 1944
2633 7114
1064 4572
1909 8672
8765 7460
9391 8947
2174 8517
1385 5790
3785 618
5724 1243
4688 3748
4627 7212
5743 498
9607 3662
9579 1694
480 6046
2677 8590
8051 1870
341 7240
2734 1248
5749 1434
6992 3994
9868 6988
6455 5218
7549 1745
5073 393
9537 4239
8099 7033
3920 9511
6858 6850
4268 5317
6014 9564
8080 2733
3458 3317
9481 2472
1768 7157
3654 6489
5035 5332
5608 9757
4718 1627
4100 4873
4300 2152
5632 8797
6255 8055
8901 3328
8041 3389
1784 8701
4036 4989
1982 4524
2164 2041
2809 3500
6793 4508
912 4527
2812 9991
4237 9104
9331 6319
9008 3015
3958 821
4912 1443
3166 8519
9362 7674
399 2601
5361 6986
4253 3408
8901 3896
9394 3259
9431 176
3733 1965
3797 7841
9651 6943
5510 174
4754 514
2761 3837
675 6990
2402 4867
2231 6642
1764 5052
6444 4533
6566 3402
4454 8825
8718 5475
8654 685
1846 3588
6636 803
762 8151
8951 604
6003 724
1058 7276
1837 5818
3967 9509
2748 1105
6769 8275
462 2708
3311 4106
9469 3086
9969 4826
9206 4430
3664 3800
2975 5981
3587 7023
1158 462
8943 2214
4588 710
5137 9344
5717 4981
3842 7558
4513 1548
3916 3394
5994 6032
8064 9400
1274 2354
5033 6132
4218 9399
9752 2902
1665 4765
6969 1511
1101 9915
8142 6668
3077 4670
218 7915
779 3728
2506 408
1381 2167
4294 1553
3907 2584
140 5017
9613 6913
9386 6343
6151 754
744 1427
1028 4894
566 3432
5829 7527
9064 3485
360 2399
8063 7475
1547 3803
6610 7667
8046 3275
6208 8024
5182 6667
5895 8290
1331 9208
1702 2701
4020 9655
8378 6908
628 9203
1951 1824
9585 3950
6305 1213
1195 3229
5199 3531
8359 5416
4795 5846
3828 1419
9452 2767
3432 824
309 578
