placement model: 1slider
width: 10
height: 10
number of points: 4000
8771 8434
7038 3378
4259 6061
7281 5741
4489 6426
6645 3707
4708 1650
3744 3336
3859 7549
8552 5160
8944 4417
4123 1104
5340 2864
7840 2694
5044 7416
6882 678
6850 9002
4432 3955
4601 4391
4770 4946
8746 729
1126 3755
2113 5032
5811 8144
1546 7536
6505 9950
4458 7388
2281 3260
1101 4169
5212 655
9202 4215
110 705
1997 921
3537 4065
4926 6947
7671 5072
2043 9047
7432 9388
2529 4852
4103 5488
5599 1596
2323 5531
1802 4133
8839 5286
3195 1599
7587 8929
8760 7413
717 3137
1350 1613
9061 9402
9004 2863
7623 2707
2756 336
8092 528
7282 8659
784 7114
4735 2489
9950 6008
3355 5944
6883 9315
4329 4849
6499 5479
2528 3949
1040 4616
3366 3069
9646 618
2173 6933
360 4455
4183 2977
6973 2396
5433 2704
1724 9244
3484 5820
8772 7167
419 2284
776 362
8372 901
2679 1523
2956 7545
5214 6438
401 6496
3109 5905
1860 8901
6830 8145
1673 1519
1029 9023
7062 3981
4106 3326
5301 7995
7065 2071
2934 4893
7653 7963
2221 6992
7468 4820
7795 3977
2949 1196
7591 4314
1233 4082
4610 6808
4299 4932
1252 8249
7140 1097
7528 1446
2579 5255
9699 4716
1669 6526
6838 3430
3846 5026
5627 2271
4936 116
201 8976
1348 3952
9154 2927
6669 5209
353 3331
3356 2089
5230 9305
4280 1650
8414 4223
7748 373
4246 1642
2411 3436
1113 450
8340 6077
5590 8408
3120 8515
5317 3396
4039 951
9675 1305
2666 1323
2390 5956
6988 8167
6214 3213
2970 9613
1221 4501
4796 1518
4909 8786
728 2069
6159 5768
740 7014
8752 715
564 1607
2525 5210
7149 1061
9463 4515
1989 3007
6766 3258
9663 5322
7351 9348
2218 8466
6505 5917
3220 4848
2962 3009
6689 4495
5205 1283
5576 3605
5857 6441
8419 8114
2871 2900
5621 7988
3177 5408
4549 4416
943 9441
7950 8712
7921 8348
6572 578
3072 609
9568 1253
4251 7537
9392 2605
3062 1301
4576 9583
1106 6206
146 2064
6537 5728
9431 7605
748 8156
1182 7190
7076 9182
8401 8600
3801 1193
7105 8291
8226 1445
7822 5421
5762 1086
1997 8176
7492 7790
4726 5512
9758 3094
4294 2312
9369 9955
9268 6205
8565 751
5503 8306
7015 1940
7461 7655
7490 5040
3773 174
5602 4652
2888 5838
7024 4738
1817 7973
9620 4257
6706 5846
9353 1383
6819 4610
9217 4427
3805 3605
3858 2658
2115 5960
3922 8023
6960 5193
5467 329
1257 2077
9146 9417
2131 2442
889 3229
5692 4065
7972 3055
5377 6054
856 5857
7088 1901
6440 5181
3984 764
2874 4506
6059 7966
2364 7243
8039 6489
3157 1901
4855 2188
4574 4841
9760 6242
7222 2927
9048 3745
2668 8490
2449 6027
3795 7191
945 3948
2901 8299
7818 5450
3570 5916
4730 6147
5464 7736
9626 9268
5333 964
8730 842
9757 7045
5902 6439
3170 8488
1083 2913
8742 9064
2710 5881
4761 8106
7924 7601
9262 6716
1165 1912
6433 2665
4505 3497
6598 39
98 8201
8383 4777
2363 2022
633 2889
4178 3898
2298 8088
907 1286
262 7968
3416 8715
9177 4298
2788 3294
2529 8678
7953 9564
3932 8957
5607 7847
4109 4926
4354 2642
986 5532
9886 3337
3157 9783
2660 9497
9960 6591
690 2225
2662 9050
9235 908
7910 5131
2123 190
1019 9309
9887 3214
4762 6267
9049 1981
7131 5837
5847 1015
6446 6410
1385 5012
355 4156
4682 976
2125 7875
5647 9556
4245 8375
8516 4939
1422 1772
3387 830
6777 6274
7259 9363
1673 8804
5896 4652
6682 459
6027 9099
1607 3228
2304 3061
5835 6841
9882 9339
3055 2192
3187 1605
7105 7720
5140 9840
1321 4878
2786 3010
3986 1442
4311 5242
6540 27
7205 9144
8547 3847
1881 9839
31 3437
1778 1919
9339 8822
8432 67
1137 7900
8820 8752
852 755
4013 2616
450 9332
1686 1976
4691 458
7105 7778
5538 4513
102 390
9919 1054
4964 4040
8699 7905
9188 9491
1335 1499
9894 9100
2195 9484
6920 8589
3716 7098
6110 7055
587 5126
5634 2416
2592 7806
6765 3834
7811 9299
8630 8552
8124 9751
175 6991
8002 1155
9609 6128
9496 4473
5641 9206
5324 2002
8328 1008
6665 291
6096 6495
4400 3251
1581 1565
7458 7696
4618 7361
4808 4288
7116 5688
3813 2690
3648 8747
9274 3406
4524 5228
7484 7383
3828 607
6682 8086
4295 7564
8396 5099
6837 4905
4739 2337
4410 9443
8007 1335
7456 3488
6619 9080
3960 220
6652 4164
2398 1229
6910 3073
4783 3048
7776 9017
8891 9291
1490 9722
1394 9134
1800 8950
8646 5971
7426 2687
1683 8143
4999 7761
9849 9626
7204 5777
9200 7578
4251 3940
7568 9510
7615 7301
9276 5781
9733 7130
5921 4911
6743 7106
2508 5233
1050 8740
3036 1267
6590 6900
9219 4981
24 8910
7199 3234
523 4334
5758 6771
1307 4489
3483 2886
1351 7038
5965 2227
1624 522
1000 8199
4800 7089
5138 623
7086 7070
9558 8900
1155 2014
688 4274
1818 7229
6512 2022
9251 7924
9464 3008
3717 2319
4933 8234
3788 8908
9576 6906
5833 7418
4631 5891
9364 4666
3161 3924
4147 8202
3345 6328
2646 1908
4017 6556
8741 9899
3307 8527
8706 572
696 6850
6969 3515
8100 507
4930 8257
4524 188
6407 8821
1749 4401
1922 5976
6401 53
1391 3161
4929 1043
5342 8925
7494 8472
7368 8364
3594 6837
9701 9867
6155 1857
14 654
2244 9021
7616 9157
1575 5706
3029 701
6820 3051
5390 1840
6219 6538
3168 5036
9490 7182
4294 1928
8097 8516
7787 9957
1502 4620
426 620
6146 2065
8104 7518
6570 9920
8585 5835
671 4001
9360 9742
1786 6194
8678 7280
822 3517
7013 1671
6726 541
9646 3597
3666 8013
7899 9983
7433 6209
5141 7282
9098 8820
2528 2731
8865 2779
9351 1276
8052 6804
9163 5061
6562 6926
2596 6212
741 8467
7185 2001
2576 5097
7515 266
2653 6941
2064 9629
1595 8790
202 6074
2808 4582
9370 1479
5507 5359
7638 4154
9983 8106
6205 7317
7969 1137
6391 3643
1781 7890
3754 4572
9989 2096
1529 3307
1766 4691
529 5999
8602 6107
3085 7484
9957 3530
2918 7741
6894 4187
3204 3463
665 8559
6705 7179
2303 6661
7749 1205
5369 4003
8146 1026
1943 4294
8153 8068
9457 3871
9277 9729
8506 1115
2296 8752
702 6392
1506 9062
9718 2501
7667 5560
4401 8186
1395 5476
1632 9914
6831 3987
7068 4160
9939 9328
2050 2699
3807 772
5117 153
4861 1441
8959 8658
4384 3149
3833 7474
7499 8372
5996 1421
7994 7482
5545 4061
7145 4722
2680 8264
8945 8774
1788 1427
8826 4592
6473 7090
104 6404
5976 103
6693 4517
5896 4181
3660 2967
2464 9858
78 8374
7820 9207
8077 8886
2650 7643
1814 1755
3843 3362
9297 8660
7075 2153
6200 5386
5408 8921
9285 7527
2085 9112
3580 9550
518 4732
2891 3666
4202 8269
7342 1311
1636 9877
3325 6515
8245 5428
8877 2408
4358 8773
2290 9112
5430 8595
5546 4087
6577 2551
4485 6698
5264 3019
4761 9825
7283 401
8655 2687
9612 629
4636 685
8642 3438
7328 555
3049 5717
3101 1055
3193 7238
3542 5992
8537 8632
3699 4342
8492 6494
2502 2023
74 510
962 3016
2950 8358
5832 5515
1169 9286
7770 8167
9442 210
2712 5449
3688 502
495 5073
7612 3475
301 8615
4339 6452
1356 3634
8672 1538
6447 1310
2308 6510
3514 4432
3908 5770
6582 6025
5065 4702
6474 5158
3314 5997
6075 4372
1378 5527
9897 2479
4452 8071
4554 419
7254 6382
9592 3830
5719 6123
7369 746
8125 8518
2418 3202
4012 8993
8496 740
1327 4445
8398 5283
4238 5403
1828 6779
7288 5610
2046 6885
4675 3792
6276 4974
1178 3384
7615 4303
3413 2616
5785 5962
8384 2570
8088 4378
3988 2263
3935 8455
505 4807
5391 7260
2479 8033
1171 4629
2610 4652
7946 5711
888 1669
4174 2026
4996 807
585 807
7397 7589
5838 1705
8542 1854
7855 2003
2541 831
1481 7708
4362 7661
6129 7351
8143 5480
4265 4582
6395 482
7497 889
2259 7058
8549 8559
2298 4537
5244 1252
395 9145
3570 9408
9377 7491
6603 8680
4999 9798
9441 7506
9136 9501
6532 863
5298 6161
104 765
9970 839
1011 2599
8755 4855
7825 3985
4348 5309
9550 5210
2801 4815
2160 1417
6791 1964
7301 7802
8989 8534
7734 5064
9607 9897
386 4693
3374 620
6696 4190
5906 4959
1996 739
728 1300
155 2124
3653 115
8715 9177
6505 2874
8369 2216
3340 7269
6237 9741
3369 8137
4965 9313
9447 8946
8533 7748
2903 1136
5726 6025
7040 2309
1375 8848
2719 3541
2043 95
5326 7356
5526 7338
6033 8291
4938 2963
5298 4740
8218 991
5993 4181
2153 5093
4008 1772
776 2753
6137 9633
8876 3872
3695 7623
1482 5590
5953 5306
8321 2519
1690 3857
8502 5896
5841 9836
2479 8784
1436 1375
9712 2678
5829 2854
2017 153
1342 2294
3080 7104
9632 1921
5292 1034
709 198
723 8927
2150 1600
4925 6518
8600 2299
8578 1559
6504 1407
7238 4582
4913 8777
9363 7044
8826 2014
1878 3064
6248 7344
6611 8698
791 1506
6021 5104
3869 1128
4672 9356
6535 7398
6482 4711
2062 1104
7430 7536
3725 9903
8028 6645
3359 4349
7666 8422
6370 74
3614 837
4548 4804
9770 8914
1724 5053
1173 9366
4042 6609
9869 7463
2997 2284
6864 3577
9308 6030
5779 4870
1375 43
8016 8962
5802 137
9772 148
2899 8253
618 7127
1546 4397
6395 9051
5933 8500
4258 9818
7497 5853
873 4502
2909 9893
9474 9569
9690 1030
1877 6631
9233 7239
6801 889
9377 1318
4556 5986
4160 2972
2495 3470
5193 5237
6007 3851
9126 2141
3790 1235
8842 1277
2487 1358
7935 3536
8506 989
6819 8494
5459 6579
8950 381
8300 7286
7159 76
4030 4236
7259 5299
1852 1541
9573 793
2694 7531
8729 5324
3941 2492
7838 3578
7866 3864
2925 4294
808 2747
6103 7678
9790 104
8997 4851
2266 5147
9599 5859
6103 5918
2032 5359
9772 2273
8410 517
8910 1221
3229 9772
7691 457
8253 2575
4672 1745
9403 5177
2387 6788
1688 8432
2863 4072
4875 2698
2354 4893
6466 3265
840 1667
223 6825
892 2821
2595 1331
8893 7662
6191 1649
829 7633
3054 1094
9243 5254
2721 4017
1017 7193
792 3339
8808 5565
8358 4207
8376 6336
1888 2958
8606 5816
357 5865
9673 307
4877 1975
434 3750
1125 5300
8202 7682
2410 1581
5810 3017
872 4560
9481 7798
3177 816
5820 6293
9854 4171
9313 7289
5825 1606
7937 4461
6352 3476
2108 4251
1631 371
1160 9201
4569 143
9709 9348
4627 7584
7000 7991
1305 2879
6707 9757
9842 3225
3171 9149
999 5679
347 1994
9826 9272
2178 4948
1086 320
2827 5400
9904 2572
9387 9174
5887 5288
2209 6572
5233 5796
8017 1368
7210 4751
3295 759
4747 7975
743 5878
7626 2273
7346 8902
7141 2299
6551 4080
9192 4377
4464 1908
3846 5199
9270 3507
9089 7786
2953 5442
7296 7346
6141 5564
283 2720
6009 1969
3736 9502
9995 3668
8574 761
9322 1929
8946 8939
9774 5459
1368 5632
6764 3112
7901 7230
4929 3290
5550 9968
4114 1686
2365 371
3697 5369
5938 3780
4434 6918
8416 4763
8967 2814
7469 6449
3437 199
4324 378
5412 6929
7361 679
2902 503
9410 4186
4944 3691
1615 6327
2490 1580
4451 1675
3253 8912
4407 4699
1074 6221
5794 2916
3573 5881
2815 9663
1062 3140
7797 4151
4568 2960
7515 8184
6025 8344
8928 3412
8275 1581
8159 9495
5056 6057
7788 2583
5028 8991
9774 6094
3983 7950
1859 4641
8260 4983
8973 5835
1930 8327
3176 8958
8254 5055
1648 4984
7871 2221
7834 8963
5911 1827
3674 272
9014 8492
5122 9449
496 9748
3289 4759
8504 4807
1628 1670
7603 1214
9214 1658
5494 3560
466 6472
5297 8720
5522 8170
6248 1485
89 7813
2607 1311
3878 2515
7793 6670
8681 6790
1725 5751
9523 5257
9344 2908
1949 1665
6518 2939
3702 2603
3967 158
9790 8806
8109 6495
838 8926
3985 2890
2801 7271
6739 6348
7386 4039
2145 2575
7066 5043
2793 6568
8551 5114
3125 4729
1185 2633
8305 4219
3138 5770
5650 3422
6435 6838
1832 5666
8203 3888
3777 1746
3969 1625
3094 6605
8121 7923
4673 7510
1897 6464
2924 3954
748 5002
6975 7411
7826 9645
3082 1767
6628 2962
783 2781
7094 9836
1793 5363
6735 2667
5337 3209
6270 1374
6884 3718
9071 4855
6613 1952
2931 1864
8671 6994
5637 2213
457 9838
5702 2996
6305 2922
1904 2468
4279 2754
1415 6394
6814 5529
1990 31
6569 5355
4740 6115
9871 121
1010 2035
305 9706
9513 2212
6706 5866
790 8461
3896 9413
5226 6683
6004 4371
7244 6752
9104 154
5663 7691
6533 8549
685 5997
1297 785
4492 5290
8635 3446
6563 4475
1362 3443
941 2426
4175 2588
8806 7321
1892 9989
9586 5897
4019 9952
780 4987
2598 6326
4642 3159
6339 6619
9940 8995
6224 6628
5192 7470
4620 5198
2293 835
94 2306
4714 2560
6740 6456
1691 5011
9617 2524
638 8539
6299 5154
438 5931
8697 4380
2762 8291
9377 2773
9045 5961
4915 3459
5934 7223
2053 2857
6569 9899
7030 1145
151 9130
1765 6475
8133 1503
6350 145
5711 7756
4279 3526
5977 3128
4269 9326
4560 6924
6867 7192
2362 384
130 5635
6297 7038
240 1495
2746 8163
6269 4367
9385 4233
4133 8201
3629 5106
2614 1271
6732 435
6119 1190
6138 6821
8902 2471
8876 8283
924 5268
6813 2498
2809 3550
3437 7999
246 7242
8958 84
6811 5570
2297 5816
5852 9147
2951 8944
4949 2295
7936 5947
4095 694
463 745
7607 4717
3743 5614
5557 3970
1642 1095
5879 3426
6954 1089
7057 3320
1867 7140
908 172
3342 3549
3317 5923
7836 3209
4114 4171
6554 1175
9945 8876
4181 6049
3521 4553
8681 6932
893 5159
8737 4396
1023 6983
6943 6903
1706 9256
6690 2639
4185 7476
2188 8274
6499 869
8325 5489
847 1281
6979 9380
7197 1207
1052 8228
592 6671
1394 4195
9888 6558
8946 6392
9754 1508
2772 8447
3987 4566
2203 4383
9710 4949
8375 9313
8025 6123
6981 5696
9401 2497
6767 5360
7797 1327
4310 9041
5746 8019
9034 3059
1801 2417
9360 7178
441 330
5580 4012
3951 3041
9515 452
3538 743
1585 377
6397 6907
178 5674
5581 7629
4341 5313
7340 5550
2165 2578
5705 891
2062 9882
9760 9931
8644 279
1557 4823
8081 6139
8468 146
8529 9809
9506 9298
6251 191
4567 8317
8338 531
1713 5205
9487 9641
5559 3572
8624 3644
1816 1903
1601 9632
5030 4203
3712 5684
4786 159
949 4439
508 33
7925 9160
2796 4780
896 9561
5957 785
23 1508
9233 113
52 8087
9627 2371
8009 3613
6355 2596
6585 8726
6593 7412
9103 6701
258 8588
8580 2196
9340 226
4763 8160
3563 1340
5527 6998
293 2938
1980 2120
3100 2017
6541 1838
231 4493
677 6342
9824 2769
1731 6510
3860 7237
9956 3170
9389 1481
8929 6404
9354 5811
5790 3813
1750 6221
6287 8914
5579 2113
9233 3073
868 2009
118 4902
5588 5211
291 4715
905 798
7860 4729
9041 1576
6388 436
9497 6876
708 6408
4555 1865
7151 501
6639 6358
9631 2666
9441 3328
263 3499
7525 968
668 1464
2661 8788
8439 6439
4751 194
6735 2464
8542 4077
9073 6166
179 2965
9721 7944
1903 7411
2763 7762
5696 5706
1308 894
8014 2518
5389 4971
9861 4930
946 9714
2520 7237
5881 9910
6948 1437
7516 6122
6354 6454
4312 3883
8924 6097
9069 3220
7440 5621
1839 369
4786 2888
2204 7514
9465 9944
681 4383
3796 5946
721 918
4665 9221
4371 4848
1048 1595
9466 8970
624 6453
7935 9642
4285 3511
2561 2906
9972 6559
8291 710
530 833
6146 5813
2386 8298
1632 6959
4332 3846
7606 1467
7577 5138
5547 2798
6036 7050
7951 4151
2414 7615
2248 2923
5127 606
3190 2933
9439 8854
9049 3514
8421 7647
5930 1405
4511 6677
2436 2471
3279 3387
9337 9325
9077 5216
8791 1413
6173 8259
5553 7982
2218 3086
8245 2001
3802 720
3545 8564
5021 6540
7376 5105
2048 7261
4359 4037
1946 6778
7066 839
7793 6445
9891 3333
6515 1506
8996 673
8670 1210
5462 9893
2 3942
7546 4535
3299 4800
2698 2629
9912 4324
4777 1287
7065 5698
2782 5443
5799 7549
7302 5615
9700 7462
9343 5707
1796 5962
8262 5661
3344 1735
3962 882
4212 5949
1122 6296
6494 3559
6469 8424
612 5656
1799 9632
1703 5153
3654 9687
1330 3602
1447 7876
3251 2920
8277 9864
3344 4691
8370 264
956 1363
2814 5579
7978 7775
4176 7354
4825 6948
841 2301
8381 797
8595 3183
5685 5991
2145 1590
3514 2172
6781 6331
445 7028
1405 7923
1357 6166
8142 5495
5645 3903
6718 2587
4132 4560
4635 5401
9292 6825
6555 2963
3580 5028
8468 3517
5565 4624
3614 7867
596 6664
4427 4174
477 5536
630 3116
2788 9945
5463 7740
8828 5383
5175 6558
5732 9984
4590 3490
9077 2955
4388 9755
4618 8377
4905 6618
5019 2680
6576 8088
4171 4975
572 2847
5843 978
2757 7629
1123 1855
9927 1080
1435 887
7769 3291
6681 1474
5312 3856
4805 5390
6512 5115
9879 4410
1608 362
1521 2765
2414 8611
4902 8092
555 6844
8910 8076
4776 2202
114 7205
5073 5449
379 2791
2539 5781
2681 8958
2740 3911
439 3253
5109 2234
2653 9432
3432 852
1536 4873
8539 1473
283 3597
5066 7286
7514 1551
483 8745
5984 751
3239 1721
5945 7289
9489 3481
9088 5549
6506 7338
5411 2071
540 8933
1688 6306
5405 7924
6291 3806
1867 6217
8104 7031
9111 3236
7857 7830
9303 4
9718 53
6324 8367
1147 6875
5712 7345
9978 4209
1193 191
1902 914
5582 7692
9436 4132
9464 6252
5847 7724
7032 9622
1871 5277
3180 7819
8047 8223
3767 8918
1608 6181
3080 5271
8743 5307
3726 1516
734 4256
8930 6636
2426 38
9349 9690
6837 8045
4884 370
9922 850
5746 8630
35 936
525 6248
7936 7922
1712 9392
6612 7587
1848 7370
8751 4649
3451 1912
1103 8627
5701 8522
6586 2199
1879 2603
9418 8618
5643 7776
5908 5188
6614 634
1241 4593
6705 2995
1834 6670
7509 6655
7782 6607
1679 8810
2883 1479
8649 7314
6411 3828
7680 6374
5358 6158
2953 6248
6411 9149
4995 3231
7857 4209
164 4660
7994 2269
6465 7755
7747 8323
5929 8649
5991 810
6964 5005
2592 4230
1719 4731
3682 7355
9651 2304
2508 9137
4588 7258
9155 2118
1476 1897
5681 7688
2434 9902
3356 2550
3431 4274
9462 4598
1754 4136
9118 7519
4447 5935
8361 2972
7299 8466
9786 8153
3950 4742
458 8542
9662 6732
3029 2856
8256 3044
1260 132
2335 1625
7354 5508
8480 3945
9634 6066
9625 9191
7439 4291
15 5132
7300 104
2737 7022
6059 1672
1228 309
1968 7263
6175 3347
1889 3477
3142 9747
4365 9039
1999 2042
4878 8955
2737 1224
6812 9243
9322 1264
5428 4885
3804 6800
3603 5459
8855 5202
3610 6519
5475 3253
7203 1397
9073 6833
3105 9586
9944 7043
3834 8506
3294 6847
1059 1974
3487 1705
4199 8059
7473 4806
3252 4199
7257 7058
1393 6752
3685 7467
8366 7534
9638 6276
8502 3275
3612 8054
6808 9347
9462 5076
9705 8917
8096 3833
9858 7088
2122 7004
7826 7296
458 6745
4810 8644
2205 5148
5818 1870
7996 1266
1613 8479
6092 9228
5534 4195
1346 2426
3971 868
5844 89
8961 7521
8603 6748
8170 2097
8335 7474
3239 562
2844 4724
4645 6808
5861 6451
8961 978
4149 5590
7426 4477
6207 8297
4815 8229
2878 2483
8655 6668
1690 6213
5929 6234
1443 2681
6360 409
935 9078
2008 4126
4240 738
1925 1104
687 2381
8585 520
3337 3146
134 9969
5122 1950
4448 8722
8965 5019
453 6079
1583 7290
9305 5489
4480 3444
4297 6766
9035 7704
3958 9315
1885 6088
6773 7542
4752 86
7743 7818
3717 4573
6638 4307
3470 4529
2426 4931
8471 5323
6444 1681
6035 9690
8604 6775
9137 7862
4983 8753
7656 6860
5894 5243
337 5239
4626 1137
7555 9283
7119 7737
5401 8696
1389 2430
3691 1170
5853 105
818 4271
5695 9575
9483 9503
3172 5833
4838 2221
6677 6558
4796 4402
9497 7225
182 5142
1715 1818
4437 4452
9922 4728
5053 2417
5228 7236
4324 1351
6795 2059
3179 8818
950 8167
6068 5982
5249 2888
5790 776
4291 7484
3884 2662
931 6799
2831 3134
4 412
7150 9484
2508 8277
6203 6946
1259 5086
7135 3647
4742 3439
279 6456
2357 3948
7196 5647
1935 9834
864 5345
3901 9321
9751 256
8600 9289
1206 6907
6141 4063
4493 6934
8206 2677
8224 8344
7308 5197
226 3173
6751 5672
49 5550
6087 9853
7220 2901
2165 3159
1078 6685
9690 4049
919 4318
5115 7629
5630 6782
9787 4863
9193 6800
3318 3714
4252 4080
6130 7534
760 189
2511 8394
1570 2500
8735 1326
843 3838
6074 8281
2549 8438
3451 9171
9466 8805
3757 8042
5407 140
2647 3656
47 9616
6550 4983
2668 9507
1344 1257
2279 6163
3963 9656
4522 5141
2249 3372
3238 9410
3240 7891
4057 4904
4998 3468
6091 5628
2687 1315
2829 2520
8067 6514
640 6926
7090 8576
4681 7348
2369 6695
7614 9814
7148 4667
4613 38
3298 7034
5209 7407
2783 3035
5169 1614
1045 8881
9187 7362
2580 1333
9373 8064
7840 8295
3558 5686
5921 8341
7256 4855
3804 889
2545 4195
4565 9068
5914 7837
1299 9774
7329 8338
2814 3534
167 1028
5430 280
3294 2054
3678 7509
4920 1505
7086 1462
8766 5570
8873 3973
4826 9538
600 179
7730 4293
3653 1850
8778 5692
1561 2299
5362 4241
9635 5671
7998 6554
4011 1241
5187 6882
3924 6866
172 7902
9637 8521
96 9163
3467 7186
295 955
5750 2915
2093 7562
8054 6351
1614 1921
528 249
6052 5154
189 4459
7271 6995
1780 1686
5156 2190
8919 2458
9429 6765
7273 7134
636 5634
7341 6216
4040 6430
4462 3113
6708 6810
3722 1374
3934 2638
7869 1950
9365 4725
7211 7409
5406 8102
1117 387
1141 5390
5241 446
7608 4609
8545 9918
1932 549
2881 3150
5795 8201
327 8289
7640 8592
4891 2439
9538 142
1534 6287
2252 5928
997 7214
8106 4165
1045 4328
6563 6909
4943 6232
1726 279
2026 5262
5962 814
3992 884
9218 8825
6302 2157
7445 1561
7412 9807
5343 9225
5409 9147
2404 9698
6775 5287
8826 4588
138 4912
2046 5660
2024 60
5559 3704
9572 2405
9976 3957
6856 5646
4363 1487
8807 3018
1549 750
2821 2584
3187 2805
4784 63
3104 3897
3018 8476
9203 5559
1533 7426
9410 2404
6229 602
1910 3464
5555 1261
1353 8040
8955 4316
6151 9802
9670 1557
1509 5054
3971 988
2671 3275
1021 4642
7130 8710
672 6469
7194 1453
4082 6496
1700 3231
9291 8302
1473 7564
1908 2948
3894 2331
8809 8272
3178 2449
6291 881
2309 213
6547 7889
647 7212
7298 833
517 3554
8573 7144
6040 7618
2146 5970
2871 1279
4709 9375
6762 3284
2218 6150
5338 675
6794 6792
6999 4377
9557 9431
1235 6320
5203 4570
6518 2917
1796 5289
1381 3720
7408 4061
3703 5765
3374 378
7022 5150
1239 5075
6246 7667
6138 6931
1638 1368
8418 7211
6953 3936
1166 6698
1768 5436
7084 7686
2026 7239
2276 5536
6855 3378
6325 2322
6801 5556
184 1885
6293 9137
5648 9626
807 2251
5542 7767
825 5399
8442 277
659 1613
7923 6609
9745 9839
4652 4285
845 5887
42 3677
3306 1522
1322 9986
6381 6001
806 5047
2762 7135
2828 2565
1161 6180
6472 5959
1600 4551
6795 2755
4782 8505
9307 1210
6896 6168
3519 7105
7531 8076
3586 8310
8026 6522
1476 1007
7779 4462
2839 2664
5879 3362
209 9138
8589 1905
4911 5735
6666 9197
9757 9705
7653 3016
8754 9061
4454 6563
6004 3693
6947 7407
5130 1355
3849 7902
2245 8901
2847 8862
4721 5520
4098 191
2025 5603
342 9598
9535 2676
1757 7571
4568 8255
5883 3449
4358 4040
593 1845
3003 8262
2399 4568
4406 6877
2040 9782
9023 6043
5674 3468
1659 4074
8857 2462
8658 3739
9202 8153
8872 208
1719 340
314 2026
4878 5723
768 8901
1836 9751
4494 8675
9720 1172
3834 217
5991 1754
5231 128
5494 2988
9669 1713
2860 1606
2146 1813
7567 1168
8169 1971
8866 9654
2334 8067
3951 9187
8899 3328
179 6240
8899 4655
9884 2085
1165 2137
3661 9338
1322 517
7826 80
1431 707
823 1245
6035 8954
6024 8413
2758 1829
2245 7799
6383 9187
1163 1997
1772 7809
9184 3757
8718 7377
7366 7190
7624 6552
2874 6411
6565 7402
6358 928
1316 663
1585 9390
5416 7586
3459 480
4849 7192
5821 3298
2415 4449
6279 9735
5158 7054
634 129
2020 7233
6378 4865
9011 8244
6758 4372
4253 3031
9968 6023
4431 8193
1618 1952
5843 3867
2805 8580
1186 2178
6605 6823
4246 3465
8610 8902
260 4898
3411 3492
8251 379
402 4489
9197 2942
4706 2610
5802 5385
4735 2999
6989 5842
4502 570
7644 9778
4861 8438
4677 424
5226 8057
1850 6734
4681 2355
3731 5949
5213 4483
3930 3141
1405 3529
1096 2981
4056 3043
4202 607
4805 1892
4659 3940
8164 6260
5173 359
2808 9242
2263 5874
5033 1169
6496 6454
4297 8130
8790 8240
1595 4017
5015 2175
5667 232
6317 238
3293 4536
9941 3724
5643 1251
6772 6878
6437 6102
3148 7264
5126 5284
4621 1659
7321 4246
6191 806
5450 4909
1021 8460
7605 7013
67 8309
9224 5402
7648 6265
1549 2482
1676 3187
7061 1511
2204 2520
4389 5895
3617 4266
1312 8422
9581 8776
2178 7750
2796 1928
7592 3143
6435 2343
5490 698
3744 4715
3202 7332
2792 7786
5738 8636
5629 9916
8952 1375
5487 9096
2042 9739
8434 5863
4557 2170
7026 4703
4556 9590
1446 8704
4091 2628
7514 3422
8581 7535
412 1902
9977 6350
5964 2073
5488 6943
6660 3428
2445 3387
7157 7290
7477 742
7191 8498
326 5857
3504 5728
3786 5554
7070 4470
3987 6464
7264 5945
797 8694
2768 7552
8098 2101
5681 7366
702 5320
1610 4030
1180 1373
6249 8531
1906 9921
8652 1434
5005 9970
2557 7559
3643 2309
3729 1867
8320 8705
8293 4625
9858 7805
3749 2044
3842 8219
3746 837
8630 6140
1973 488
936 1943
7075 6916
5882 5938
7795 6082
8813 5560
170 6548
6494 6185
4066 4272
750 3352
4536 2275
4223 5315
6595 4319
478 7485
4359 4532
2582 6434
1855 5368
7244 1565
1747 2525
2892 3324
7535 775
535 9289
514 6487
4883 3528
1960 8206
7681 1534
8393 9752
2912 6630
4111 2382
6259 4212
7605 785
9826 7261
6270 844
619 8010
3255 801
5784 715
180 523
2068 7043
9988 6572
2826 6651
7691 871
3414 8897
6846 1450
4036 4626
3596 3730
8568 5173
1367 2801
144 7782
5470 3432
2367 8787
68 6500
5733 9456
4207 9847
3139 7545
1715 1552
1628 1790
9697 2525
1422 430
4989 4659
4678 7147
3563 4596
1382 5673
8868 4432
1492 5233
4797 7287
1961 2723
8110 3635
5497 7991
5709 5869
54 3001
9331 1421
336 3478
4077 4038
3007 4241
3883 9962
6273 5212
8411 7057
4141 5713
1079 2729
8022 8553
2881 8520
8648 2484
7161 269
1940 4256
3499 6548
8059 3414
4276 8792
9142 9067
7089 7447
6120 6936
9315 5224
7249 7497
7422 459
4875 7151
4617 421
6803 9916
415 9956
4057 4924
2719 9067
3107 7354
5020 1380
9333 1858
8327 419
8739 7780
7203 3712
9827 8254
2942 3759
1222 8054
2521 515
2296 9589
9702 4439
5378 5260
699 1996
2465 4064
6316 7051
1840 652
6632 3226
612 4377
1033 3278
8029 7806
8404 3734
4117 115
6430 967
5130 5007
7421 4079
6326 4042
9232 9759
4101 4913
3957 4936
4520 3881
4256 4386
9332 9542
8080 9188
7314 1876
5947 6611
5743 5765
2932 1474
1424 887
4086 6085
6847 2886
6838 2777
4205 9763
6754 5518
3717 2491
5610 954
8882 347
2651 183
2859 2786
9051 167
1101 177
9983 8195
2543 8322
4061 7978
4354 9608
4630 5206
4507 9900
4087 2527
601 659
4 7602
3787 2206
6738 608
7631 4077
3480 4519
2642 6882
5763 1388
8433 5213
1505 3882
564 5487
2834 2610
8881 9955
1795 4043
9698 7026
7379 4420
1121 1582
9844 4637
7148 5298
7016 7553
1015 8427
4213 56
6036 6278
696 4504
9585 4209
5184 5496
8344 882
7416 8254
7008 4525
3397 3026
8668 5997
7503 1043
6605 6229
9643 7715
2614 3959
5290 2173
8576 8336
1188 2814
8911 3695
3861 7001
5862 926
565 7531
3775 8129
6057 2390
9443 4493
9620 4819
4369 7317
8216 4613
9364 2821
8341 8115
757 8059
4800 2821
1521 2745
6188 346
2371 6968
5623 6967
5605 4650
7514 3762
5406 8439
1174 3639
4217 349
1566 8838
8893 7083
4627 1828
5572 6934
1359 6070
9890 243
2564 6270
711 9149
7431 6821
4716 2237
7855 9203
8235 3995
6061 5160
5314 2793
2799 5773
5862 941
3210 1496
7451 6742
9359 4382
7168 9472
3483 1012
7201 2643
2296 9468
1926 2507
184 4810
5708 1943
37 8850
4527 5628
6068 4675
5756 9404
2588 8085
2976 6329
715 7373
8824 7089
3571 6772
2396 6632
547 7726
5320 30
5010 1046
1035 6647
5484 6601
7360 8224
7580 1691
3957 344
6608 7832
3479 9396
7620 4978
9785 4021
6084 3960
350 2197
579 2819
2184 8038
2485 6751
272 9747
5389 6889
1073 5211
6474 9797
3729 1354
3301 5653
628 7545
5265 5708
9025 9114
7326 2518
8754 4476
133 126
1617 7859
9870 305
1082 2369
4277 3309
3251 3296
7040 5959
7765 533
8957 1448
8740 7867
6644 2870
414 3024
6147 2502
4937 8618
9415 1345
3718 499
6980 2819
4105 9286
9947 7947
2286 4956
5575 2187
545 3903
3535 5054
6420 3591
2755 6727
407 9228
6896 1035
2459 4814
2437 5431
9898 3340
1919 8552
5241 595
5770 364
5718 3772
5781 3544
5783 8585
7009 9160
6610 4254
8009 2373
678 4151
7711 8428
2478 1548
42 3761
7801 4304
2925 1738
9365 6794
7489 2196
5317 273
9052 1125
1671 5122
587 8112
7675 6757
3439 1506
8261 2137
6409 6426
714 3574
932 6242
5326 1311
3783 9712
8082 3969
7161 8713
7509 6836
4196 3728
4316 6399
6504 9774
8633 3252
1951 5397
7580 6090
9529 3280
8887 4798
7187 7811
2698 2581
9413 2566
7690 448
9842 3348
3341 9176
4057 2276
6295 5759
1879 7015
5660 9898
6772 1262
1139 3734
9226 7744
2799 7890
9517 8620
7277 7631
1243 6145
1735 6848
7319 773
7474 5210
2833 4482
5182 7250
6452 4085
1920 6952
2378 7766
9353 7925
9959 7465
4903 4458
4738 626
5288 4101
3680 7444
9433 5386
2483 8975
4515 1667
7101 3921
2658 7724
8108 8341
2096 8648
1445 704
9774 1278
6177 3369
6979 6585
4409 2252
6776 6944
8221 8897
4906 3893
5458 5839
3054 9923
4976 5238
6485 241
7461 1863
5606 7244
2585 2582
8697 394
9203 6371
5153 2218
6794 7763
1537 9311
9954 5830
4069 2630
7171 2770
7522 8111
9234 3110
8655 5731
2482 977
4377 5990
8618 3949
6289 7492
6152 437
392 497
8919 723
9255 8664
1992 870
9779 1957
2202 3630
760 7270
3934 3144
8429 6182
2818 2069
1623 957
7399 1568
8247 5291
310 9504
1954 1604
358 2964
7552 9920
6647 6073
7050 3596
7884 696
2154 4970
5847 7147
6105 7858
2121 2106
8838 6017
5235 2013
7931 7796
1565 8520
4476 2776
5354 5746
5190 438
4153 215
866 4760
3589 6610
953 9995
1908 6941
8013 9793
9804 5703
2263 972
3843 7160
5301 1685
154 3388
7587 8102
937 6316
3514 6356
4173 6587
6431 7154
1060 9391
6189 1601
2523 3993
1711 4601
6353 7457
1502 6336
7982 870
3103 7689
6471 2046
52 4471
1191 8015
3847 4911
5057 1409
2725 1143
7926 71
9916 3946
258 1610
2628 9547
6472 354
6490 9286
7329 9872
9455 6488
8962 2412
4151 6755
4688 8417
8951 4240
2847 1285
5032 3695
7844 751
8316 7882
7335 8705
3153 52
1337 9528
8541 4953
5953 8099
3230 6764
3626 4777
5437 5938
7851 1686
384 8415
5442 2153
671 502
8869 1278
2284 536
5051 3854
1039 3936
5723 6177
4458 8176
9730 9260
5138 7458
8600 6988
8314 4793
6605 1993
6677 7565
9213 2480
5325 3051
999 2742
2268 8111
3028 9793
5234 9888
5364 139
8219 5309
3926 6048
4868 8716
7840 2243
8894 1282
3349 3437
2010 7530
7426 4946
340 7505
6947 1862
4464 8399
2553 649
4055 3385
7655 1959
5012 8902
2848 5232
4285 7326
9216 3765
3665 3841
1171 7157
2111 2316
2703 4321
1787 2195
8152 2177
4037 637
9109 1673
3100 2589
6676 8286
5557 246
9458 8467
722 9252
1362 7890
7644 3514
60 5653
8137 8700
6092 6561
3198 4085
6171 9517
1778 1251
7417 6834
4631 1600
4191 4831
9119 9002
6591 3133
7687 7237
7199 7159
4228 8909
4267 1496
9083 9413
7466 2652
9811 664
2018 4495
1043 1061
5196 7832
829 6747
7086 2174
490 8577
5445 9797
9471 4493
3263 5585
6129 8665
1407 7701
4268 519
800 8588
4343 4973
1548 6762
2293 6320
651 4834
726 5474
818 3973
9440 6261
4807 8471
4252 9784
6654 7055
7546 6112
4453 4353
3204 5336
6182 5858
3413 6226
6007 7521
6352 4474
166 6624
7846 732
7249 3880
519 9272
2007 9028
5493 3573
2971 2332
3831 4756
3861 7722
8589 7835
5910 4422
4647 6669
7704 7508
553 4199
6457 8825
5154 9093
7402 6769
2575 3575
5918 6857
2044 5407
6668 236
722 8338
1629 7820
1253 532
7097 6705
6471 8985
733 2110
6601 6189
3784 2845
2071 7279
7032 6783
6464 376
268 7888
3344 713
7071 2735
2529 3132
8803 1171
863 919
338 9048
8240 1595
1494 7089
3981 7196
813 8601
2953 7268
4560 5873
5876 4048
7248 2596
503 8647
7247 9623
5309 1203
1181 164
9854 7370
8506 3592
7262 4920
5 9240
663 4933
290 7188
5112 8584
8331 3688
4133 3311
3430 4144
4834 5783
1248 1642
2400 3307
7057 2656
3817 6632
8883 6610
2873 3411
5304 8044
9145 5740
4930 6822
8421 5345
2861 7688
703 4818
9085 1685
3317 7386
9174 6361
8846 8261
1836 636
4456 9361
6816 986
8524 4650
4872 713
4256 225
9518 4981
1210 7603
9435 3267
7477 1614
860 3371
6342 854
9090 9905
509 6610
953 9176
6848 7754
6774 6762
1021 3286
1561 2686
222 3213
3434 3597
1275 4240
2608 5765
6088 8729
7681 3148
3121 2452
5361 606
5381 4200
3743 4610
5634 7441
579 3972
2486 2903
3843 344
589 1944
1615 9674
9970 2038
2377 4020
9744 4278
2694 9082
5097 2938
5769 8130
8791 9597
3344 9876
8390 1735
755 3229
7767 2378
3127 2903
2829 4275
3332 5005
1641 8092
5840 2687
5747 7236
6557 7066
9834 5330
9345 6464
1568 1503
3646 3039
5478 6946
9898 5509
2272 4262
6213 8314
2931 7305
6332 3447
531 9246
340 2322
1469 9620
8140 2016
9523 9821
4296 4167
9939 9256
4606 380
7468 9656
7834 9133
6226 8251
3384 5493
6001 4072
5229 6192
7487 9091
8685 6322
1657 555
4331 2753
947 8479
1400 2892
4021 2386
8800 9256
8456 2653
3205 6023
7756 2167
3079 5391
9227 4497
3079 3901
5755 7657
9018 6096
1362 141
2143 1395
552 4436
328 696
6065 996
8719 8342
1198 3665
2648 1266
8280 1896
5954 7041
8109 321
9277 7507
4364 9780
5924 5608
897 9173
7172 653
3554 3208
914 4045
7373 6510
363 6639
3444 5152
4591 1396
9324 8351
2405 4224
629 3488
3849 9456
4070 4760
8479 9724
3296 9592
3910 3
3894 3310
4139 2720
9276 8419
4021 4525
3505 8890
8571 445
2174 1920
4008 380
5559 9782
650 6905
2735 5123
1315 8591
5784 5089
5930 6742
2878 6320
1664 5601
4265 8737
6465 3147
5051 2770
7985 7919
1378 4547
2234 6217
3302 604
5006 8608
2419 6935
155 6522
1969 9181
7918 6409
4073 5988
9541 6101
7011 6182
2496 6441
8248 2530
2541 9136
5276 8042
3075 8182
1712 2504
6602 9162
3249 3204
7165 6805
7654 8177
4824 7949
4013 3635
5462 4074
6684 5246
9178 388
9689 6994
5190 5709
919 9239
8196 6564
9711 1893
8821 5167
1998 6409
1458 3137
4895 9363
50 8575
9683 3658
6970 4619
8641 7837
7498 7412
7478 1636
4160 5051
884 8145
2246 3555
1810 3583
4764 1621
2436 9560
646 2162
5046 9283
2736 3922
6273 8552
462 2476
1257 3329
9712 7522
9884 7853
9743 8924
5251 3663
9431 8231
9208 1911
7213 8420
4704 1909
1565 17
9023 7633
1016 8909
7716 2204
1293 7727
99 5466
6721 6419
5414 4184
3206 2516
8317 3313
2367 3418
2459 3907
1902 768
9785 6887
668 6034
3756 1609
5612 4922
2755 7294
6065 4611
5787 2337
4236 6523
4992 9734
3955 4857
1441 7163
4253 8710
4103 200
829 3450
2459 9443
6185 7634
6795 5631
3546 9516
5277 3722
4121 3214
1259 2885
993 4872
7361 7740
6283 4011
4563 7406
3739 3000
155 2781
3063 4204
8338 4020
446 7810
3702 1710
1025 4870
6883 7547
2114 8047
4865 1366
4771 4855
8841 7136
1044 9383
1817 7822
9950 1922
8201 6634
7862 5117
9686 7924
7605 8994
9231 9574
196 4868
8423 9358
8118 3243
1789 2232
9623 2114
2360 1952
2386 3195
5199 5532
9803 4183
9069 5039
5699 5594
2345 4889
4622 8638
4117 8171
5502 4461
9792 7346
7648 1153
8382 1694
6631 7896
6228 5119
5472 5304
6832 7285
1023 1993
6605 5012
2823 6642
9900 201
5145 7566
6058 3667
1812 5807
2164 286
4727 8525
9613 2998
386 8162
1821 2292
1890 295
3665 8517
7457 8210
5848 6088
2866 1828
843 9951
2983 5423
7020 7176
1749 4455
634 4798
6510 9957
9119 3639
7524 1266
3255 8992
3883 5823
4901 7563
3404 8790
8713 5656
1698 4656
9222 7112
1996 7030
4030 2274
2829 9096
6647 7691
7658 8114
4245 9641
120 1839
6976 7909
7863 7153
5525 8395
4588 7255
4026 7567
1630 3638
9334 6657
8634 8304
5836 3016
98 9150
9117 915
508 8791
2709 7528
4741 6683
4345 2662
5578 8845
7645 3151
3770 4785
9409 7309
8780 6849
8502 8841
7071 6326
2270 6355
4438 7417
9442 2988
6468 2051
2295 5110
7735 8551
7685 8820
5164 8165
8537 931
6495 6136
278 1725
1158 571
4495 7719
3507 6123
6909 4312
3972 6899
6894 7432
2051 721
2337 6397
6485 3032
8419 7486
7458 6166
369 2104
8102 9891
2551 7881
5942 9828
7974 382
952 9801
4200 166
2822 4083
8448 7691
9254 5455
4645 5873
3173 6388
9978 3552
7843 4657
5346 2745
6648 615
9022 3902
7393 3528
485 8306
5937 3013
160 1359
3602 1150
5130 9269
8355 8870
8491 6236
5234 2993
7708 3313
4650 6985
5923 9403
6394 3009
8665 5945
6065 8208
6849 2147
6278 1393
2196 6
1219 1989
7279 4625
6955 410
5521 7933
5877 784
2695 428
5891 9396
1427 4425
1579 899
5482 989
1115 1546
8783 1836
270 2111
2594 6669
8363 3434
3962 2000
9777 2285
6012 2460
6185 8351
1120 9149
1502 7610
1449 8713
8875 5410
7628 3602
1791 2479
6503 5243
4629 4615
241 5251
2810 4920
4065 1529
1527 318
8208 7903
6238 5310
413 9481
5578 1808
6609 9805
4301 3304
9591 643
2177 1345
6832 9196
244 9952
9542 5915
2224 3523
4160 6642
1871 3536
7839 5042
8798 5867
3871 7679
7245 1763
8639 6166
5243 4951
2355 4672
644 9129
2120 7568
1516 6638
2447 4636
2471 269
5606 5210
73 432
6455 2175
2652 8930
6072 4101
2993 4485
7152 6792
155 6551
1096 4611
5996 1880
2496 1646
4727 7298
9482 852
3386 2319
3015 1219
6296 4587
568 7082
8159 4752
9918 4018
7301 8188
8071 6208
3254 4252
4544 6983
8949 8444
8901 3208
684 8901
893 2994
3133 2001
6547 6128
2997 6056
9821 3948
2682 9560
5221 8928
2476 6745
374 1377
4915 5323
4796 8982
6125 1371
7289 179
1759 6085
9436 8676
7106 4080
3831 3419
9135 492
2765 88
3200 2931
1406 795
7688 1900
2657 2486
8492 9707
7584 2412
6971 6665
9148 5445
7407 8670
7925 7720
5438 7756
1009 1785
4738 1453
3545 3049
4842 1001
1796 4910
156 9960
8376 6228
7166 7979
3181 6148
7323 8997
4108 6925
2279 2659
9763 1454
7614 4756
4357 50
5853 4816
2707 2583
525 6841
8717 7252
3103 3746
7076 9900
8714 2318
1129 1808
3243 179
4514 2898
2405 7193
1610 1846
7891 4770
7677 3883
4681 2163
2671 1786
2173 4320
4616 2073
8986 2871
6444 6957
9575 6401
615 7517
5837 3622
820 4808
8662 9844
1166 5412
1587 1976
1095 7526
2270 8097
4529 149
1151 1850
7074 6326
9554 1395
4067 5605
4310 7656
105 5510
9324 8038
6306 5071
8219 475
4346 9522
8732 7833
1043 6481
3248 1741
163 3645
180 8098
9805 9315
6475 4352
2340 3109
7640 9341
2302 867
1328 4205
4999 5258
6068 4061
3085 3929
7016 96
6855 935
394 6824
1586 9206
2887 5223
3887 9437
109 9672
3809 3756
5457 325
3473 9005
2662 2473
2402 1987
7842 4716
1982 3267
435 3822
3300 5834
3426 605
8727 4624
6993 5276
2850 8505
8989 2963
9565 688
2455 4298
1151 6783
6465 1781
9336 539
1860 3187
4374 1280
556 5320
2871 1009
6332 9517
5353 963
8767 2831
7566 5645
1246 3875
5640 5757
8466 8568
9788 5891
4118 2302
4041 2618
589 1995
8861 4836
8739 2951
8476 363
6426 6245
3604 8716
3551 3204
2374 2952
1339 3685
8836 772
7471 4650
9540 3786
8018 4304
4737 863
4763 9652
8435 8481
5142 6106
1904 7867
1569 6932
6737 1596
4860 6588
9008 1354
4130 4811
8970 9094
5319 5498
3595 1503
5814 3411
2101 5863
5856 1270
628 7110
6077 3237
5386 5026
7253 589
7975 3758
1889 4755
8785 7610
5832 4729
4957 6785
9284 5906
2610 9563
34 4697
9527 9177
4729 4617
4857 9118
9977 3007
4210 4214
9974 8917
5698 2750
6640 3488
8865 289
2908 8057
8107 6808
8329 4602
5437 1433
4646 9807
6874 5110
1217 5703
3704 9427
7093 425
35 721
3229 110
9934 234
4173 309
7584 2186
5303 1446
1725 1822
6697 3159
9034 2011
9313 8533
9185 5752
2966 1073
8132 949
6535 3885
3568 5969
4820 8935
9179 8807
5533 3444
3240 7643
5496 9301
8639 1376
7282 1448
18 1772
85 9085
2892 8743
9318 1806
661 5353
4318 785
8013 1882
1368 3291
9148 7261
5152 3408
6508 2582
8647 215
2990 9895
3107 9504
6293 2961
2627 4624
3366 9062
2516 3113
5637 9604
8062 1892
8013 4921
3789 7914
1520 8329
9502 7315
1956 9639
2294 6310
5257 9298
2969 359
7352 2680
5977 3823
4782 6355
64 1805
8889 1895
4787 5548
5060 7538
6756 4018
6219 5817
7717 841
4910 5898
9919 9063
8426 3958
1158 1434
8446 1919
8393 8153
7291 1243
2180 2749
7185 2476
3288 6725
1399 2610
2114 7686
3925 1134
7692 9217
518 3074
2339 1849
7479 4662
2669 8636
983 9605
4282 2431
4180 2740
6266 4877
9296 7440
5028 6069
6779 2860
7744 3570
4085 3319
2000 9581
8217 5249
2165 9462
2977 2804
2495 2375
4809 9581
2882 3800
9479 1284
1679 3008
6892 9678
3872 3452
5635 3651
5305 7145
7625 7015
3619 6231
8842 2230
762 7621
1844 9003
928 3486
1828 1488
7601 6249
3195 6623
9547 4882
2696 3484
6612 272
1150 3588
2670 4469
6200 759
4122 9215
3147 8495
5783 7381
1975 4040
2857 4649
9519 4485
9148 6782
4305 6110
1661 8537
1362 5944
2738 7674
4286 9172
139 2832
3015 4856
6652 7927
4364 1615
2120 1974
9010 9977
8773 9032
8926 7407
622 6299
5594 1473
4435 3513
6376 6322
7122 2294
4565 218
59 4548
6497 6055
2940 832
4781 2193
1026 6827
2380 3030
3487 6551
6333 3683
4389 359
8774 1588
3088 8110
8654 707
4998 2262
1461 9933
7233 9021
6418 5602
7494 8447
928 8388
6938 6724
2173 1977
9228 9013
9465 2665
4806 5580
3790 1421
6301 5463
3090 8546
1634 7231
5076 7374
371 9643
3541 7455
3349 9616
21 7850
7830 6287
3718 6005
7075 7590
1071 8589
63 5068
6301 2387
180 8235
7291 5513
2712 1873
6956 152
6550 2058
2260 1437
329 9963
7309 6273
4250 3714
1749 7830
2943 6015
2577 2008
3081 3745
3247 4647
6579 9470
6421 7576
1895 9151
2238 5555
2097 102
5907 9751
3527 7953
9527 1432
6180 2930
5593 1665
2640 196
8350 7089
4224 80
4808 91
1063 3202
5687 8342
8583 1715
5801 4404
7284 2675
6178 6926
6532 9126
6864 7627
9789 9227
1175 8094
1340 3510
5456 5984
3367 5508
6353 4143
6872 6208
8032 9677
7666 3422
8665 4092
8388 2521
3374 8815
1776 7174
8500 7464
3608 9236
5374 6795
5423 2605
8119 9109
1940 542
3024 2044
2093 9351
4634 9461
398 7407
2932 5127
9991 8209
2288 2302
4414 2707
7634 5826
4271 3603
823 2735
8597 9197
1089 4417
4186 4442
552 9377
3168 5470
1509 8336
9652 8088
9997 9996
2981 9549
1753 9961
4834 5402
8243 6595
148 2666
468 785
1198 7370
9645 4393
8730 6658
1615 9835
1194 477
2107 7414
6881 6822
6086 8462
1495 9616
2176 6848
1137 4911
7742 8990
1955 2295
4237 3078
4028 1105
9966 6530
9271 4274
7212 699
130 3077
9697 1157
2071 6169
4796 2164
5861 8901
6566 2004
2938 4334
5095 1449
7994 3791
2677 7563
4347 4142
6860 2285
9549 3780
6385 611
3666 4511
9779 4707
7360 4985
6906 4369
6248 8546
8768 9259
5232 4311
8001 1101
5662 4543
3463 9939
9202 4514
9385 5598
4477 4908
2352 708
4744 5952
9556 4006
5365 1368
3979 956
2156 2771
4349 5859
1060 4741
6721 1920
6161 5416
3241 2143
1688 1704
5842 27
2835 6689
5058 6080
5103 6631
7014 3320
2568 5746
5888 5954
8504 8080
3556 639
6619 3852
9327 3832
9818 7309
2358 4819
5292 1633
4801 3952
2973 7654
9238 9907
8241 3576
8507 941
7554 2725
2893 8184
6495 6512
4072 5525
2578 8898
2914 7457
4762 7789
2565 8058
4531 7534
8018 6914
4797 9010
1805 6446
3610 6624
331 3466
833 6185
2748 4514
9485 4866
704 5517
