placement model: 1slider
width: 10
height: 10
number of points: 500
4496 3988
1521 6776
1765 6005
3271 8902
1407 2385
2683 2901
541 3906
5495 2634
2100 5917
4467 8502
8193 6269
7317 610
6286 6963
4005 846
4544 8969
8506 252
2699 6976
7953 7192
8664 9268
878 1988
3138 659
6032 3735
2239 7017
5510 8878
5790 126
4638 9523
6751 2707
4157 328
3743 8929
1248 4827
7306 3464
2146 7906
2762 8105
3935 3547
3186 9874
5771 2394
9824 9800
807 7575
9091 4320
4353 7451
5460 2148
4921 8598
6009 6992
7671 5252
3869 6614
8156 3346
2621 3655
7673 8908
1680 8592
3217 5654
1575 5993
2793 2622
73 3971
8853 4039
7697 1668
3980 7475
7525 2143
8684 9644
848 159
2875 810
208 6650
2629 7362
2825 9751
1977 2461
3128 2818
3836 5120
2573 4806
8484 3940
1737 7721
1300 2732
3776 3485
8059 4594
4967 571
3975 5820
4780 2809
2117 502
8316 2373
1084 1411
1696 5954
8153 3824
2922 6806
563 4162
273 2148
3962 3140
5987 8267
6050 7184
9715 3973
4397 4164
138 4298
2246 49
4166 438
3742 7708
9184 9973
656 2440
5426 932
1661 9123
8488 2615
7225 472
8673 1654
2153 952
5929 7336
9766 5692
550 8539
9228 1246
4636 2138
9745 3407
1815 6611
6841 6556
4370 7765
4436 8632
6789 573
5334 3320
4329 7161
1171 6374
8387 4740
3470 6621
5943 2243
3945 3562
2359 2853
910 5265
6339 9889
1029 8864
4916 5751
2147 8250
7948 7045
2085 6047
7233 8026
9500 6388
1235 7229
202 4676
9006 570
6325 4638
48 2952
7640 6293
6050 8165
9061 1059
7563 554
562 5995
3977 8434
5433 2002
3708 1349
8198 8831
4667 6030
8025 8216
3245 4203
7597 1042
5232 9924
5383 3973
7634 5983
6078 1396
644 4665
3054 8216
7803 5197
2651 1562
5764 2032
7835 1423
8982 8282
9378 969
4373 347
7041 4261
5591 102
9756 682
2775 1983
8545 2977
4788 5640
2626 2607
8058 6933
6849 2276
3683 6860
1546 9133
1432 844
7889 6790
3387 8354
5748 5785
3177 5559
18 8239
2580 6271
8784 8624
1569 2429
9690 6122
587 9845
8040 2956
3978 1911
8922 8504
2562 9118
9586 7907
5208 9456
4668 4902
4001 5932
7436 9546
4243 8409
7682 9928
7664 5360
6022 3483
9331 7291
998 5290
1612 1944
3343 8095
6344 7517
8432 9714
1496 7958
2324 5876
2260 6535
5190 1611
2000 3438
7619 9185
5807 982
4987 5949
7365 3761
3325 702
2125 1270
9302 7004
9696 4325
1623 384
7909 1556
71 1554
5784 6185
5351 3250
3763 7118
9552 6845
5310 8526
1354 8303
5469 4852
5846 1912
9611 6368
2954 1201
6570 3557
116 4780
6766 2567
3004 7593
9482 2316
9734 7464
242 4609
9810 6121
6887 8414
5783 1824
4784 169
9980 8764
7787 622
8445 7369
1237 1703
4550 240
4834 5991
6705 6362
9569 1806
6026 7229
3634 3951
8881 1533
7506 2280
2366 9178
9543 2459
5874 9665
5499 5899
5081 9047
2057 9554
3795 2952
4877 2135
7172 1433
5458 180
6599 419
7616 5955
7291 7775
6215 3491
2340 7922
9288 5169
2875 8051
6062 7487
2536 604
4117 8126
9120 8622
6585 1609
4263 6938
1143 2223
1373 8338
636 6580
9689 6409
701 4897
2558 7401
3639 8026
8793 5912
9824 4702
5779 7143
1583 6527
6387 4731
9295 2496
616 1390
8478 3296
9867 7090
8502 7191
303 8929
8920 4628
1431 4545
6101 8232
5913 1425
3816 7414
910 3883
21 1781
6346 5167
8240 8588
5925 5792
2506 3976
9313 9912
4073 457
9016 8203
2050 1462
2979 930
7129 2043
7121 3509
9280 8776
3628 2476
1803 6711
4271 4889
9745 3536
1308 867
3678 4143
3324 2309
1854 7592
9863 5446
2316 172
3087 8470
1489 8885
4450 9097
8521 1605
6832 8955
8253 7133
7245 3659
8513 5211
4061 6101
1171 9095
3044 677
406 9802
1637 6113
275 3115
7080 7758
8753 6831
3082 3758
3148 5177
4472 239
7618 5861
3303 5554
3366 3405
7107 3470
7472 2156
7536 8900
5303 2502
5378 6443
6928 8736
5564 1788
4299 2214
2465 3214
3877 7900
120 5700
6556 3029
6232 9092
9799 4708
841 9444
1426 9262
4682 2858
6854 2218
5618 8289
8203 9093
311 862
8838 7351
9155 3337
3502 8421
1059 1857
4119 2559
8597 3560
2009 4294
719 4862
4831 6657
2077 6996
115 43
6224 4352
9046 7915
2935 7033
5737 9191
3218 8545
3773 760
4933 5763
1163 9204
3778 9723
5228 2842
6089 7860
5878 214
2833 9289
2922 1928
1175 1735
8639 4451
7019 8029
6818 7465
9538 5753
3431 1429
4763 2329
9288 6468
9114 9843
3765 9822
167 5850
2960 5155
6748 9023
2130 1978
2545 4335
5330 6337
8323 7497
9450 7900
1997 3024
2789 3068
9209 2060
8243 4673
718 6826
7956 311
4662 4289
136 6534
6524 5962
9777 1031
8343 892
2027 8089
5867 1527
4873 9875
852 5158
4736 9301
1422 9356
591 2231
438 9870
3725 3609
2638 3751
216 4940
2695 7427
2814 5658
5130 9099
5942 8891
8069 9243
5071 186
840 8063
8623 3759
4847 5410
8103 1496
7804 4286
4 7855
4594 7296
712 2866
8209 7130
2632 9904
9229 3089
3858 3567
9903 5294
5325 3051
7572 8867
9723 1774
80 8829
2742 1689
4025 4188
5507 1041
9600 6721
4994 5233
6901 569
2837 9294
6935 9170
7393 9721
4922 5944
4230 7298
3966 2365
2402 1281
5606 1009
1014 2487
3923 1088
2836 9135
7868 2486
3691 4980
2318 2959
4105 7922
8057 6980
5522 1774
7811 593
5582 461
5983 6377
8359 8794
2659 7962
2660 2337
5403 8636
4217 3874
7218 8154
1828 8220
5481 6765
154 4279
7710 5891
2117 2609
8069 6642
4087 7028
9483 1500
126 2557
7021 3710
2490 5267
3372 9557
5308 5746
5752 1495
7337 2992
4127 818
9722 8758
752 521
