placement model: 1slider
width: 10
height: 10
number of points: 3000
9983 1195
9625 6391
5832 4379
3260 4452
6910 3289
8696 5097
1820 8308
7613 1778
4403 3025
4808 5726
3286 1057
9331 6315
8522 4834
2833 326
3372 6146
1137 4008
9807 8202
8724 128
2209 2798
3853 2994
7974 7785
9381 416
3774 5754
6557 9685
5025 2446
3714 2616
6732 7563
2127 5245
6894 5996
6538 4051
1460 1609
5784 9680
5886 4824
7411 9215
7530 444
768 7648
3998 256
1568 8382
1001 5267
2085 2374
3597 2648
8933 5459
5739 7512
7706 1938
1976 7341
9809 3661
3961 2935
5812 1840
9027 7179
4058 522
2558 6117
3088 7659
4615 2807
5844 1135
9276 6600
7408 7097
369 1551
5211 9468
3731 9398
4703 7468
8687 6537
3296 1589
6629 4787
2998 3016
6385 5396
1024 8612
4959 6186
166 2618
71 8782
1176 683
3806 659
5216 4442
6231 9724
5394 2288
3523 3617
3535 5399
1479 7550
4782 120
6449 7909
3326 8623
583 1671
2551 1275
880 7338
5530 9322
2716 3501
8163 7127
6821 8934
1508 4425
7363 7441
8879 9855
5095 3785
3659 15
3227 6156
9473 2621
1532 379
9390 6160
4141 4411
4779 7487
2574 5360
5697 8509
8777 4705
2075 5572
8810 3693
3740 2179
6899 3958
3731 37
2889 5155
2360 4890
638 7516
7062 6851
7587 4891
1086 7086
598 6794
61 3375
1620 2462
4927 6887
9201 3960
2134 5996
5471 9041
5069 9916
9541 623
7607 3733
6931 8529
1556 8317
6769 6448
8518 7726
8074 9781
9945 4007
6284 7703
6350 8673
6759 7126
1968 4679
1098 6979
2652 7494
4872 3790
9586 6042
2241 7742
8251 1742
3765 9708
4402 9731
6976 2059
2549 656
3029 4244
1828 7792
3939 5174
4386 7901
6715 8402
3546 9639
2133 4675
5395 2489
7466 2687
6821 6829
4284 2559
2675 1022
2762 582
7327 3644
2298 4675
3961 6787
1514 1756
9971 8579
1271 2078
8098 1180
4131 2976
939 3605
21 4055
160 9510
875 6784
7091 6669
1109 8086
48 5461
9361 2406
6937 8519
9002 3357
3378 8573
2888 8922
3036 2226
9023 1515
5046 5600
5245 4240
9740 5494
9006 1132
9941 3789
4990 7596
8907 2487
6478 3168
7213 7632
8756 6907
7856 2542
895 8011
9574 8172
4471 1316
6602 2864
881 9821
5794 2921
1892 1493
6223 9845
4800 4192
1961 1874
7773 5316
1869 8426
4548 8444
1572 4784
4136 7421
8517 3576
1295 2523
5660 7715
8025 6132
6792 6961
9070 5812
9910 5869
5285 7982
7004 1317
1440 5303
1898 6582
9313 4910
1413 7008
8571 5594
5713 9049
1423 934
5825 8225
4102 428
9941 4193
6515 7688
521 7367
6221 4582
5664 4590
186 2808
2826 9585
961 4641
6413 1114
1928 8462
9687 5549
4844 3112
6866 7830
2712 8932
932 5921
3235 3350
7816 7135
4906 4844
7198 5201
636 7252
7333 7262
939 5722
7702 944
793 3689
4728 2554
8519 696
4988 2268
4535 5816
1483 7733
2035 8771
5738 6170
1543 3545
7352 7200
821 114
2579 3650
8378 7984
2905 4085
6746 4765
2041 5233
621 3201
3061 5173
9965 89
1577 5842
2490 8931
6686 329
8295 6740
3908 4065
1359 2503
8565 7431
3869 4919
3180 4341
9251 5923
6817 8944
6163 2908
2428 5020
6080 7593
2476 1490
1900 4629
5094 5572
8788 1642
1354 1838
4237 382
5466 4726
8271 2176
6035 1454
83 6660
9423 1606
2916 4168
2700 7916
6538 8513
4262 2612
9264 1315
7307 7053
3164 1036
5243 8813
3728 4626
1508 7599
9654 2201
8787 5805
7801 324
2299 3229
4422 7419
7521 153
7151 8199
1905 3369
9190 9216
2130 4041
4616 7013
3975 9948
6131 9421
186 9331
7218 6230
2940 7240
2234 822
1826 4949
9871 526
7631 9784
3395 4589
9581 9500
8015 4027
6251 8311
5199 8525
4084 4518
3359 7826
5631 5709
9968 7718
123 5574
4016 4151
2719 8628
9660 9414
4885 2228
821 4697
6034 7935
3882 8775
9045 2572
6352 9804
2773 1098
6602 5885
7667 6164
2023 5901
9158 3447
5255 4068
506 5948
2202 2929
4343 2000
3488 1482
540 4693
7071 4749
9720 7381
5224 695
9854 1652
6313 5623
1997 4836
6711 3569
4790 7077
6696 9505
762 7431
2278 7957
312 2576
4489 9709
3286 153
3733 5393
5063 3159
2188 3057
1713 3957
1334 5481
9602 7785
4301 5096
1007 775
9589 3072
9750 1840
2527 4306
4859 3769
5066 5632
7948 2060
3213 3909
4755 8018
5355 9913
1824 796
2959 2493
9971 1301
1424 1528
2865 479
4656 7803
5412 5327
3162 5896
3120 9544
7899 485
2023 4214
2984 779
5775 2821
2002 9364
4010 3018
4648 134
8473 8654
1949 3811
9257 2371
6592 8315
6097 6479
7381 4110
556 5201
8438 7637
6342 729
4165 3127
2192 5618
5912 2458
7667 3281
1574 2836
4207 5446
1413 2252
1392 6461
7639 6322
3669 5520
9713 7217
7760 1859
2479 9781
5988 8894
4404 9609
8121 8482
2924 5695
7051 4276
5629 470
1166 6994
4252 3452
2212 9134
2782 4370
2323 2718
9572 2849
2991 4258
3198 4706
5086 1542
8136 1958
6197 3598
1031 1410
4569 1317
8333 5907
8419 7447
9503 7784
3811 9250
3251 9637
164 6529
8657 5957
3511 3420
81 8052
1875 7074
7571 9474
2720 4352
3177 6625
3974 6451
5289 7238
6577 1864
4516 1233
4511 4704
8706 7420
867 7798
7053 7405
9271 594
4370 5529
117 7703
9850 6221
6854 5919
9724 8024
9523 8617
9208 3553
7190 8380
8199 9549
1171 548
2250 5001
2689 7259
4655 3178
5168 4276
3435 4045
2771 1276
3854 7398
8758 4340
4997 4709
7355 4427
3957 2833
793 5585
7375 8233
445 887
4646 3821
6093 5804
3134 7437
9512 7313
9171 5494
5244 2037
8433 2780
3894 8121
1080 3771
4451 5536
4828 1459
4790 742
8432 6260
6233 8658
5464 3205
7097 1563
4951 6496
1264 3790
2288 6321
7123 7318
4859 6812
4519 6594
573 5590
6216 8381
5968 979
3074 2434
9049 6111
5754 678
4640 8688
9540 583
7206 976
4188 7702
9161 2802
416 3338
8022 5776
9279 4945
9572 8304
664 4756
7691 5156
5019 689
3288 4555
540 2500
1674 6589
5829 5856
4828 4386
3119 2884
7275 6908
1439 9746
5760 5365
1906 1554
6271 3213
8341 9331
3330 4581
3299 5575
7581 177
4307 3783
923 3566
2137 6357
5794 6923
4476 4371
9669 4153
3795 8377
1473 8228
3025 1012
7801 3248
2241 3643
6582 9361
8423 9944
6446 9340
4091 6525
8687 6261
3472 2221
1504 1614
98 6499
9825 1538
1134 4136
916 6385
8497 4111
9179 7338
5650 8689
1217 1373
4960 3834
89 4602
8193 9195
8265 4377
7918 3313
1901 812
8711 1909
6217 2451
9543 9801
3742 704
3566 9568
8501 8616
9220 9354
4295 575
7416 1848
1835 5340
3047 5723
5062 2377
2247 1402
9453 8242
3258 1518
5579 9438
3230 5666
7340 1743
812 4363
1164 8059
855 5674
887 399
8305 155
148 1638
6258 7574
3445 9015
8648 2696
9490 2465
4059 7052
865 2349
5604 1927
7822 8965
3484 4085
5103 3915
4714 6769
4766 3579
1121 8071
2681 2759
5715 7428
9588 3497
873 4194
251 1052
6862 8124
6982 4008
2824 9031
2870 8600
4489 6977
7198 8642
3333 9898
4445 3926
1282 5574
2517 9653
4226 6007
7827 2194
2509 2717
7637 3327
3970 8543
5608 3098
2473 3745
8019 4073
6418 9507
2574 1159
8065 3032
6350 5159
7711 5897
3414 8077
4994 2093
8160 7299
539 45
494 8800
5160 7594
8778 6898
3204 4705
421 9792
7698 2297
7653 357
6614 9446
6558 682
3251 4206
273 6181
3381 6181
6238 9445
8611 1035
3788 6852
7342 7694
9334 8591
6817 6526
7163 905
8508 7154
7605 2457
3176 7645
4003 8849
8726 9298
2750 3974
8142 3225
9125 4999
2306 5999
3859 1330
8739 425
8150 2739
7391 2974
5498 1758
6725 8537
7621 4820
4000 4247
6383 8635
1686 8382
5629 6451
9004 4258
6864 8177
7577 2260
7748 370
2241 9193
6435 4092
8761 7801
4183 2027
5234 7929
6406 7033
48 2249
8261 7669
6014 1691
1885 9533
2967 7417
2620 4023
3368 8872
1526 5447
6036 5664
1626 320
5368 8713
3294 700
2825 7593
8450 6160
8872 3305
5593 4471
4567 3449
5202 4613
7278 6857
9551 2770
3038 2954
9689 3548
2760 6256
6345 6928
9642 4542
3276 1888
1089 2524
2655 684
2892 2072
8763 6322
9416 8875
390 6810
1851 6363
6101 1745
9186 3828
3771 1873
7675 9126
114 1746
1690 4859
7780 171
2342 3357
4578 9896
9533 7451
8896 3336
1518 6805
4198 1842
2658 2786
1280 8505
7453 7128
3426 9656
8404 6025
8811 3890
5931 929
7348 7037
4741 2920
1510 3145
9985 8737
5709 9816
1891 966
932 6743
736 3416
872 6158
2691 6702
9102 413
6648 8704
2951 4836
8758 23
7353 1853
3434 331
6481 6495
6368 8940
652 9727
6281 3372
4509 8699
296 459
7309 6549
8204 5020
9030 4149
7708 7404
7863 1334
5554 1574
6286 9491
1638 3405
1601 4025
6032 5406
2090 3598
9965 390
2145 7891
8787 9678
8982 7379
55 7120
3684 3280
7607 3484
4768 1937
2543 6021
1619 1975
9317 7306
573 9936
1633 8766
2431 8220
6694 9966
7849 81
6151 2507
2252 8489
8208 7578
2951 6389
5384 6746
3952 3447
6201 8785
2326 3154
9243 8849
769 821
768 2862
3646 251
215 2272
5138 5172
515 3511
4468 2888
8690 1597
4341 8116
6806 7441
8594 8215
2033 458
5417 1437
3051 5787
3116 4818
8130 5057
5843 8464
7931 9533
6304 7104
3836 5713
2836 5155
6646 5871
3497 9162
9845 598
1353 9263
4650 1592
7968 220
7228 8285
6582 5357
4203 2221
5728 5726
1555 9000
8735 2215
3334 2221
3517 7903
7046 8303
7762 9950
2584 3656
6207 6344
773 432
1562 6875
8574 6241
6812 8314
2994 840
7495 5022
8279 9798
9395 5868
5124 8610
5966 9687
1091 6696
8727 605
1018 7066
9162 9537
7259 6500
6380 2467
1142 3522
3922 7089
8886 4451
8626 7629
2409 3054
8765 4585
6520 5217
8615 5863
5695 6192
6283 2295
2531 6911
1849 6222
6352 2990
3669 1288
1710 1807
2951 2939
2627 2467
2892 193
9073 2634
768 6793
2902 7243
9273 8677
5496 6943
5674 6469
378 3359
7287 3625
5254 6226
5859 3203
2048 2109
45 7517
393 3556
5028 1838
7187 2347
2568 250
4379 4366
1209 6038
7477 1527
7574 6576
2986 8558
289 619
2036 3461
4176 2699
6787 3668
7913 5931
8123 411
9661 5608
9890 9782
518 1447
2506 8892
5039 8220
248 6275
1171 9014
8055 7072
5731 8681
3452 516
397 7172
5275 6510
2051 983
1532 7204
4564 4080
4780 2791
6667 5333
9641 2271
7658 6931
5650 1082
808 5808
8336 7367
3950 7509
8986 6168
4160 6051
7785 5983
7706 2613
5938 8991
2153 2013
2801 6649
8053 4455
7516 5696
2134 4505
3384 1442
4122 3984
9979 5859
3538 1769
4823 3210
8776 2384
5628 9517
2771 9480
2013 1720
7010 3237
1390 2963
5500 5156
8253 50
8290 6583
8181 311
7003 9328
4859 8582
3833 7
3768 3268
6309 9416
1765 403
449 2462
1839 4120
7102 7342
4611 5447
1251 8772
5692 8111
4446 2389
1162 6576
2540 5438
15 4802
617 5688
4470 2924
8173 2942
9085 8907
263 5487
5998 5075
1258 9720
3426 4949
3933 3424
1163 5608
2037 182
3514 5473
3082 5452
3944 2337
2641 9034
3155 226
1737 153
5648 2128
3676 214
4980 723
905 1775
7462 3744
6866 3244
5089 7572
3509 7422
5580 6372
3754 9814
9415 4843
2564 3364
2344 6614
8150 8176
8760 8095
4153 8086
5616 3610
2045 2844
1243 9059
716 2976
5631 2533
6394 8011
6956 9844
8942 5796
5085 7066
5377 8563
1601 2381
2585 9007
350 2114
139 460
7766 7937
1261 511
3998 7851
974 8917
8677 3447
9661 9269
418 7802
9486 1756
1933 1994
3408 9261
9737 3078
1019 2937
1744 6056
4046 5590
656 5476
4605 3226
7182 2326
5317 2044
9733 64
1528 9398
5478 5305
9026 5996
7933 3699
4477 5950
9337 9862
6313 3258
2958 5599
7712 2117
1969 6976
3710 4388
2750 4096
3837 1087
6442 4729
8646 8439
7779 6660
5188 8405
6312 7235
2320 1322
5021 7819
8676 8775
5590 8139
4174 4989
1430 6506
5564 1557
3353 9180
5670 6264
4700 1111
2884 1174
9306 6199
5628 468
8352 9758
5678 5668
9965 3616
4791 2287
2155 9715
5158 845
7303 4583
9903 7831
5133 2551
6550 5203
4627 9992
6075 9031
675 4616
113 5381
2764 2701
5135 1053
1984 3042
9444 5318
2546 9721
5497 1408
3278 5670
9060 3172
7181 4979
8587 6076
8389 2829
1923 1604
2479 9265
5083 1332
821 1887
3271 4443
141 9616
4822 6187
5511 8167
4028 7915
4345 3669
4381 6382
8842 9638
9482 558
6343 9523
678 9908
3942 5660
1658 4286
2193 8104
4455 4908
1034 2903
2480 2463
8953 1408
1821 368
3144 4780
646 7799
882 1486
7721 4000
3360 9512
3334 8987
9708 18
3641 1176
4864 9689
3657 9804
7018 1500
7977 7690
2478 9090
1744 6085
8088 3031
8612 295
1974 1183
6233 2394
2285 3455
273 2938
6300 4
432 8536
2876 981
3949 3624
1263 1740
5362 4467
2833 3875
7500 9176
6954 5150
9083 7778
1141 8495
4619 3065
4454 4655
4658 7282
2179 4844
9280 694
8578 4738
4217 3009
923 1936
5437 6864
2165 4295
1101 834
5664 9897
3125 3017
5367 469
3726 8306
3915 531
3182 5916
4603 7251
2042 5808
9169 214
2751 6576
8505 1843
8504 5788
5642 9460
902 7863
3963 6186
9631 378
3168 1123
6996 7629
697 7172
9201 1476
6323 6137
6215 9208
9680 6473
5832 9009
9397 218
6225 6296
2347 1743
366 8222
3657 2902
9340 4476
404 1857
3385 6085
5482 3393
4604 3637
5220 9246
3746 2760
1142 1574
8207 2428
732 689
477 8370
9097 5433
7288 1295
5703 5777
3019 1959
2855 8794
9491 3481
461 7907
9344 7207
2531 1810
6117 2385
3935 4783
8522 9769
3896 5488
9403 4224
4029 9585
3711 2706
9810 9326
1028 7240
5977 519
5199 1568
6549 4297
5636 1874
8540 341
2321 1239
8996 3795
4849 7762
2165 1137
8244 4463
2111 4713
6125 3030
2324 3897
5572 8327
9962 9524
7698 9608
6665 4201
2992 8531
9259 146
2020 2261
8181 9029
4565 9803
8311 5283
7081 4455
508 3891
3480 8754
6014 7427
9792 4055
989 5463
536 5540
903 3797
2895 4066
9452 5607
1197 5998
7018 6716
9341 9380
1266 5371
3796 1566
7654 5801
9385 8678
2346 4538
2269 6175
7373 1070
7377 2494
1684 3992
4131 8272
4098 4533
1729 9484
2976 7268
3119 8924
2387 7807
5412 9669
6559 8382
7616 1391
9651 6540
1587 2028
7407 2917
5312 7712
7183 3918
2178 5827
6900 346
6503 9121
5681 4940
1139 2766
682 4174
5030 4570
5024 8131
6020 513
2971 4229
4623 6417
1023 7674
3688 8
9574 8794
8386 7914
9399 1101
8998 5016
5163 4977
6986 1128
3897 645
737 1076
7487 9000
7384 5750
1242 3451
8022 1420
7689 626
282 4529
5352 7869
108 547
8019 605
2054 2939
7323 9266
2213 4747
3215 9765
3802 8369
7368 3689
3100 4060
6908 6103
3361 9220
7897 5196
9290 4395
3167 4497
9262 1107
8526 3737
1419 1692
7058 3510
5170 7933
4015 7451
3203 8591
2532 4821
3744 5193
165 3247
5767 2476
5004 2822
8314 5328
924 2313
913 3946
9519 6126
1384 4648
9229 3051
8352 2049
3127 7950
3360 7165
853 1876
67 4334
266 6615
5783 4776
3999 2671
4912 1163
879 5551
697 6644
2747 3001
8368 1539
8399 9440
8262 5077
2745 6246
8072 1330
3193 2394
9868 9283
5139 82
4002 353
4858 5883
1829 2306
7585 745
346 6931
1467 6820
3262 6400
9961 6312
539 7046
354 9303
2268 5762
3159 2906
3996 4868
1836 6444
5130 5337
9254 2138
5316 4954
4838 9658
4608 7472
460 8234
9132 8848
1944 4437
7155 7249
6569 4138
6517 5643
3747 2092
4177 4415
8225 5139
1147 6505
1055 6727
8605 6330
8387 8990
5560 7937
2524 1344
9489 1130
5913 7800
9576 1002
4376 2132
6252 3698
3945 8502
3846 2701
5544 2308
4131 4173
6835 459
3185 9402
1898 363
7790 6948
5082 49
114 1603
7075 2105
5798 4941
7364 6903
5686 1295
883 7497
4362 4313
3384 393
8550 9157
9202 1312
5416 6614
8428 4787
3894 4290
6977 8742
3737 1070
9738 9814
4563 1751
5466 1010
6849 9645
4281 6648
6681 8811
7049 5770
6464 6615
8974 1845
9862 5285
5988 9106
9097 6701
9726 3634
3512 1224
8988 2561
3648 2696
2648 725
8667 9612
8051 3956
2336 4280
8182 3281
3376 5067
1844 8644
2 996
9952 8166
8415 1565
884 8565
4922 9095
199 1240
7796 573
9690 4370
476 7084
9504 7884
5649 4462
2758 9475
4483 316
4748 1077
4360 1871
1004 3583
3167 8733
1177 9796
6913 8889
4200 2815
1362 8245
3365 7825
6357 5694
2374 4000
1429 5789
2707 2512
4139 3743
4807 303
2861 9536
3302 2679
1346 8300
9705 2549
3143 9763
1209 1224
5288 5183
1644 5377
4585 8588
7521 7391
8249 9231
5393 3347
3461 3964
1037 6657
266 9960
4838 2941
2049 9214
4249 6744
9694 9284
734 1648
4162 6375
7674 5029
1979 9793
5731 8451
4967 59
370 2238
4542 6734
7395 3987
2687 1850
7847 9358
8745 8594
3753 6011
195 8310
8345 3607
241 7196
1342 20
6856 48
7543 877
5560 3507
829 1368
7774 4123
4476 5399
8583 3709
3911 6752
9483 2928
6895 8873
2639 5699
5954 4921
3354 2951
9231 734
2863 5895
9395 5207
4744 4860
2571 4597
3276 749
4598 2590
2815 4823
7831 3555
4760 1151
4976 1795
9966 6536
6996 1005
7787 7665
3033 7942
475 1957
506 4060
1962 2521
1841 4766
5724 9795
7957 7916
5300 1865
6179 4936
2799 5482
7054 2651
498 5885
7902 3569
9097 125
906 6610
2926 5038
6148 4115
3388 1293
8683 7460
7648 4503
268 9381
6953 3423
5903 2187
9158 9546
9685 9302
4862 7991
7957 961
2104 6144
242 2939
3832 444
5678 2133
1419 8149
4192 8141
7660 6425
8274 4661
3783 9865
2091 2108
8544 6691
7706 5308
7732 8149
476 3512
278 2673
7944 6596
9354 8961
4588 4553
9530 5921
1265 7367
4394 7302
551 4850
4883 773
5815 795
8226 8753
9834 1089
4531 6088
6 7371
6053 9872
1241 9886
8374 869
7112 8821
9213 6235
6399 3706
3489 4939
5608 2430
1877 1269
1151 7144
5836 566
8774 9392
9076 5988
5508 6609
3608 5648
4863 2919
1390 4248
6230 761
2334 6239
7497 249
2076 9146
3202 1703
1803 5015
4687 5387
4976 2019
5416 2919
2212 6688
7948 11
631 3578
5834 2757
9246 7515
3524 2847
8261 8155
6962 418
6666 3095
296 4550
9611 6431
4112 6171
9340 5271
5145 5382
2677 8848
228 9549
846 837
1314 2081
7771 7447
9466 1359
9304 6580
1812 8145
7281 3361
5345 1387
7078 1723
2335 6235
28 5402
8920 1299
2200 1892
1592 6948
9957 1815
9995 877
2294 3427
2848 3959
4251 4590
5714 8348
1038 3956
9274 3800
5975 2624
2123 6490
4271 6762
7308 9666
7305 3765
3194 3729
5732 992
7995 6432
5039 3045
8073 1521
8626 9545
1490 2034
1914 8451
2886 3197
4764 336
8022 8904
8857 3250
4658 6388
3345 4181
875 3169
3173 9850
1298 3746
7182 1424
7233 6391
5356 4607
3747 1086
6673 1930
7654 9859
3967 3808
5459 356
1294 3178
4371 1434
4512 305
95 3762
4821 1706
6491 3453
2785 440
8802 8478
9327 655
2479 4920
3049 8909
9678 4867
3678 368
4954 3679
3179 8328
2196 898
1968 3776
3452 7860
248 8618
363 1401
8471 8646
3253 9886
2386 1554
6611 7032
6229 8682
3072 6361
1361 4367
9990 7767
3484 5188
6561 12
9726 902
6480 5755
5137 8140
2529 7713
5585 1969
2295 7908
858 1578
8721 8833
5202 1786
900 6581
4101 7241
9518 5110
2618 6545
1664 5859
7779 8296
5195 760
389 5198
1659 5095
4271 7965
5656 7398
4228 2879
720 8986
1464 5771
8663 2360
4405 3458
7805 1985
8208 5921
6873 4985
6009 2900
6984 2720
7269 6851
8827 1626
8100 584
9442 437
5747 7335
4965 9379
3821 9387
5149 8286
9486 7180
3470 5785
8714 268
5683 1850
5755 9942
420 1179
7010 3227
3348 3876
8019 3360
9370 744
4402 2509
5557 2698
3221 3116
3426 8232
3783 7871
9277 1685
9538 3326
8053 8868
5607 7228
1486 9453
6880 5154
9863 8352
7840 2305
3614 1269
6965 3046
1934 3867
7364 5327
4538 9718
6709 8415
618 838
6952 3059
7691 3142
3059 9881
9738 4987
9129 5926
8487 1494
9599 3521
1651 5363
6153 4405
5012 3281
9688 6118
729 9802
1464 8589
1668 5721
7756 9040
3908 2004
4199 4696
6545 4848
2452 2991
899 6127
9660 1987
7916 2991
6566 5306
538 8644
2771 5922
3051 2393
7775 7188
5047 5116
6768 7641
3688 2562
4425 9246
9224 9756
4769 7428
6326 8123
9222 9303
7939 188
4094 7510
4481 4510
3483 5961
9276 9877
4299 3594
8120 5028
1537 1434
4600 7314
1985 1957
297 5079
8152 681
3499 1739
9534 7624
606 3863
1877 9134
3794 6442
6627 4848
658 659
6753 2936
8041 3027
8486 9101
6672 5033
3659 1530
1900 411
1216 8779
9424 7981
6751 5943
2642 2752
3627 8466
9359 7979
2161 4148
1500 2954
580 1679
5296 7688
9781 2403
5284 37
1670 9610
3498 633
8553 6786
2837 5943
5458 2702
8913 4587
6686 8232
4117 3591
7698 9
6402 1137
5881 8301
5880 1314
1564 3509
7958 6887
2037 4573
7174 3508
4430 5510
3419 4942
7267 3954
7742 1605
4333 1649
1897 7837
6064 3514
716 1144
549 7221
1385 4551
8942 4633
8009 9653
8228 9927
5322 4751
2380 4225
4778 5623
1869 4494
6076 9986
8000 2551
2592 8604
4494 9041
9189 9435
8854 6146
5704 7302
2586 4791
2745 4201
2559 4239
3244 1281
3790 9891
6735 1320
5772 7916
3907 5730
1816 7113
446 6522
7519 9769
179 4393
6419 9991
7791 372
9414 1422
507 1385
7272 1507
2913 5562
5769 6025
8324 7080
8948 5343
8429 4335
7272 7621
9205 9798
100 1148
1881 8342
1045 1133
4644 5459
9434 2349
3861 7445
803 7997
4091 9966
5148 2010
3851 4637
9057 2147
5478 6486
3657 5907
1886 4692
29 4988
9938 2400
4550 7430
435 7824
4899 9585
7792 1772
1185 5266
1679 4791
3013 1651
6695 1890
701 9957
5060 2309
5762 9017
2002 1920
9834 9731
6044 7970
7217 6442
1454 8858
4821 2081
8075 2958
8920 490
940 6250
9429 5130
7793 2481
8020 9761
8768 585
7999 5700
6564 5663
6813 1018
7491 5086
976 8159
1558 364
288 112
8838 253
6435 5134
9980 5798
8060 4574
6417 5497
8729 9815
9915 9449
8712 5820
2125 6673
7672 2882
6900 553
3955 9060
3044 2137
8453 4944
3694 5588
6035 3349
2827 5900
8327 2540
3389 1308
3871 9882
8029 5109
6835 2527
6486 7159
6099 8974
1254 1680
2126 6570
8827 1355
892 1230
317 6845
440 9176
9523 8885
6799 6460
2277 816
3396 9473
3662 4345
5400 4259
2193 1956
5305 1306
598 1663
1909 8530
3516 508
7557 297
2673 4990
3148 4229
6892 7231
8812 9436
7649 4425
3218 9529
416 104
3972 2010
8901 3084
2671 2690
6159 3235
7230 8409
3679 9692
619 2682
5103 2906
9164 9825
5875 3705
1773 9293
3398 5589
9859 4676
1080 4115
8364 3185
7097 322
1902 7756
2702 5113
3579 1163
8734 4057
8322 6884
313 8538
2501 7083
8583 8645
737 2690
4528 4243
2100 8458
6278 3660
983 9075
2223 9677
1770 7706
7710 7458
727 4627
9171 5369
4854 1084
9043 8012
5564 3756
387 5258
3436 7255
9352 3813
4067 2723
7313 8229
6738 7333
9958 8367
8016 8
2777 5302
3019 4732
1460 9234
6605 668
5531 4777
248 2132
9673 2276
766 3125
8492 2279
6629 5771
62 3150
7841 7530
6530 4076
3930 1601
9776 9215
8736 8127
9502 3642
346 5584
2014 4335
2820 8196
5196 407
4434 7947
7169 2317
7852 8009
4239 60
4704 9506
694 9415
1367 4399
6142 7002
1420 147
9434 9112
6590 1543
624 9768
5033 566
9006 972
2235 1667
262 247
4906 6565
1257 6576
1006 3790
824 8836
3954 6665
8712 6813
575 8444
1436 5293
3170 6180
7146 7250
5783 8750
6359 8306
5015 7094
7756 3200
6646 2136
6988 7887
2800 8869
1787 9283
5808 7728
7759 5173
8953 5332
9009 1978
3018 9436
2537 9446
3948 3955
6170 9748
9116 289
9955 3244
8957 5016
9416 5728
9033 346
6508 417
230 8257
6679 3232
5669 7130
2041 8869
7439 6756
883 859
9051 646
6218 1709
3717 1907
1032 8365
687 774
9900 725
2379 4745
2405 4190
8018 483
5739 6735
6479 2100
5256 8263
8510 8652
5333 2727
4108 1588
7829 2833
279 9849
4938 9101
3447 9727
1171 3726
8992 9710
2510 3964
3668 735
402 6794
7199 5463
3443 6285
8358 6897
4459 5011
2102 8450
121 5782
5306 1019
6855 7068
4891 1249
7864 9881
2716 9118
685 1394
3174 4689
5455 6554
8770 9996
8513 1217
7874 9617
9785 3448
3935 4927
5836 967
2859 875
7450 9927
6659 8443
7093 1379
4832 3001
6618 519
7182 9236
6692 4040
6767 9935
2145 9552
5114 3236
2358 7780
369 7976
4596 4422
142 2783
9988 4624
3380 7168
9542 772
7985 4549
8348 5410
7612 9788
1811 7440
118 308
3258 2269
1368 5761
3293 159
1858 7226
9676 4603
2820 1305
4200 5104
6932 6151
6638 2102
3352 5249
8890 7829
7752 2976
8196 709
8996 6445
3578 8876
7949 7044
7653 2661
5937 7437
1720 1740
116 3593
832 3880
1877 5867
6552 23
8628 3824
7798 2747
2692 7748
9353 4283
7643 8386
8063 4102
8136 6430
6535 5928
4441 815
9484 2989
2457 656
9627 7808
1775 8560
8889 3072
1510 9197
3063 418
7707 9750
888 7235
1713 8902
5788 7419
7005 4555
4868 4258
377 5003
8915 5922
7148 7602
4038 8276
8893 3398
4032 4292
9196 2263
8912 2443
9102 4037
3663 2582
9138 8551
5627 5614
4725 6024
3793 4489
681 9953
3063 2738
5884 5912
1998 7186
1072 7521
1909 6535
2784 1267
770 9975
2481 7175
9265 694
3042 9250
3529 9708
6397 7205
6830 5403
2409 448
478 4934
8357 263
2770 161
6708 5765
8426 4363
9608 1893
9621 1827
7813 8185
9141 1434
3289 2678
988 2917
5152 1817
2758 6073
647 4173
7540 5721
9190 5702
1779 4727
3508 963
5229 4448
8392 6044
3989 8557
9377 3096
6314 9270
830 4393
7394 8394
292 3476
7881 2043
1234 5341
3480 5919
9704 1046
731 8996
1805 9017
7503 1001
8721 7431
9093 6228
3824 6240
396 6891
3689 5960
5150 3097
4383 2391
5568 611
2122 8396
5677 7867
3010 922
4728 8022
8329 4252
4807 8017
9722 6050
6351 7837
6878 1035
3332 3330
4398 5393
9629 5729
1881 1395
5506 9206
214 9570
8050 2155
3575 4413
1040 7821
6049 8797
8981 8308
7955 4421
1889 7633
3042 9298
6553 4513
5923 9508
9640 5092
7837 5091
3942 2245
4366 1039
7571 6064
6258 1007
6352 7948
9695 8274
5529 1841
4057 1905
9522 5933
1846 7710
4046 618
2124 656
8647 7538
5566 2988
2679 2609
8832 3120
4093 5103
4618 5197
8765 5814
3479 3830
3203 880
7590 3949
1398 5721
2053 4207
7845 2937
1755 3071
1758 818
9501 9178
6344 8482
673 6528
8877 3133
8069 3574
4362 5100
327 7825
4163 3393
4758 3783
7554 5871
1366 1470
6102 401
8213 3274
8583 1866
4026 3076
8501 9987
6732 6743
6348 9592
7014 3619
7341 1835
6214 3720
8543 4168
9575 2726
6960 1471
4628 4428
5359 9847
4301 7802
5583 5865
9381 6381
830 8355
8422 8721
2329 4448
9894 1761
7589 3539
3786 4777
6528 3645
8391 4030
1419 4291
7885 7824
9158 5607
485 8781
6757 2600
3428 5547
9116 7178
4372 8935
2539 2515
5827 285
2789 2218
770 1142
3488 2898
6054 7721
8362 9654
688 61
2029 972
211 8941
6257 1717
6072 2262
4386 8274
9162 534
3526 8163
2691 7026
4746 1817
8138 699
9816 1026
819 7882
9664 3784
1658 7532
3993 4840
5724 9138
8637 7811
2487 8623
8032 3371
8877 7881
8494 458
228 1693
8170 7575
3842 4829
6046 772
8777 3545
5607 1522
6618 6392
296 7084
7872 4740
5047 2057
3367 4097
2286 340
5567 9506
306 8226
5213 618
9491 2409
4376 6322
2713 745
9878 365
1877 1802
5134 6829
810 486
8249 3972
4050 6709
6424 9088
825 5480
2243 5678
28 196
7984 7248
3117 6100
4603 736
9554 6605
5909 8095
6029 9844
2838 9648
2678 5722
25 8695
4235 3758
7785 2004
1917 8319
6347 8583
7538 8947
3215 1925
3319 7258
4742 2501
8878 369
3127 3267
10 8071
3437 8727
9475 9470
1591 7346
8246 70
6963 2811
7602 2930
9504 3574
9798 7358
7240 7504
3263 3804
6138 5338
3060 7229
2400 7208
2525 2669
7348 2287
274 4126
8229 9710
795 3618
5016 6683
3509 4358
3460 2571
673 7183
7376 2185
1365 6174
9243 1277
252 3158
7312 4562
1586 5145
7721 1813
3299 5093
6194 7715
831 1441
8341 1146
7168 8084
9753 5848
5279 7108
7442 1117
4449 3900
1860 263
9928 8786
9127 2472
1697 154
6010 4024
1234 1644
6932 6656
2967 5988
3152 7161
2143 6851
5464 3197
9254 8314
9033 9776
2561 4255
280 3659
1657 8353
3166 2605
4165 989
9464 3537
1411 2784
4366 8444
6193 7083
9851 5365
650 3118
5873 2639
7442 2698
561 6983
1862 771
6709 3959
5946 8598
8878 7729
4530 4825
4909 8155
8479 2695
2739 7154
8358 1349
6594 5825
855 4618
1642 7901
4862 6919
4840 1060
28 5744
6660 5799
9704 5857
6042 9011
6490 8419
8431 2822
1615 5907
4340 9935
5652 3739
9416 8239
1211 5309
266 4502
705 8087
1988 2667
3307 8048
2904 3636
9927 2181
1322 6184
1658 3711
2040 1001
1784 8532
3180 9865
2000 4921
9624 7835
9614 4891
1441 8995
4404 9738
4863 9902
628 5146
1215 4692
4582 6034
8077 5239
1039 7469
4254 2984
6477 8209
6954 3357
2523 7867
1591 971
4126 8508
3882 8510
7775 4278
1551 5778
374 8399
6594 9657
2295 838
1087 637
5749 261
7959 6766
3037 6439
4112 9949
3900 3178
1325 730
501 5466
6934 2138
4469 2370
4815 4338
424 3457
1420 5806
8082 7170
9366 283
412 2633
4944 2050
43 7261
847 7780
8330 4817
7887 7797
3611 7561
7497 7656
9137 3708
9611 6452
9902 1043
1844 1148
2439 1949
9262 1202
7792 9684
2047 5828
733 1796
1574 2314
1057 999
1553 7242
8071 7463
7580 7720
6264 7698
5438 7926
9996 1500
1772 2864
6087 1230
159 4283
16 4268
4783 2093
2013 6056
2301 1281
8236 3558
1925 9217
5127 902
4592 3964
5059 228
7473 9728
361 752
376 7173
1043 5175
1472 9735
4597 7571
4541 8460
5028 7042
3516 8579
1780 5048
7131 9402
7559 3994
2691 3225
1929 5598
4481 5235
7811 9018
5145 2293
7170 5808
7423 8436
2200 8696
9532 2045
922 2402
1955 8503
2973 8570
3743 6335
8314 5644
8217 4144
5680 6907
8551 517
3110 4421
6217 7466
2672 978
501 5598
9939 827
7908 1724
6796 9542
5596 1888
9992 5408
2550 3672
1982 5689
3816 9763
7678 1923
4839 4335
242 8669
1235 6485
4812 3348
8517 8591
8013 2212
7144 7052
6646 5442
8529 3303
1925 9585
6345 9881
3847 2446
2181 9098
605 9686
5435 6368
4901 4627
4319 157
2210 8944
6044 5315
1586 3247
7507 1039
8558 752
7282 5555
1682 4656
4987 7505
817 8623
3755 2702
2206 316
429 2426
767 7656
198 4619
8872 7475
1043 1384
2272 4174
2489 6056
9955 355
321 5736
7076 9607
4578 1339
6064 1192
3990 7162
1321 3613
5303 2425
2122 2631
5838 7460
3936 5909
4264 3521
5525 1137
2360 2953
9621 6003
9509 4217
6013 1017
972 9287
697 4453
7065 3409
3075 9883
3142 2861
5403 7142
27 5030
3424 528
4308 4693
1625 7405
6775 5943
1514 6784
1947 9314
544 3723
8902 4581
649 7200
7595 6508
3316 1365
5114 9414
5611 3801
8751 4231
4964 2016
8805 7534
1380 5649
2386 5050
9820 9890
298 420
1255 5212
3292 8807
6365 1299
8125 1018
7822 6555
5834 4698
2255 1612
3003 809
3839 2921
1428 4947
4349 5880
7373 3856
1604 2599
7241 2370
488 788
6499 2702
2137 4664
7681 9494
4636 7318
5934 5969
1018 3611
9209 3905
7370 1087
8186 6001
944 5066
7871 1084
2905 4607
9576 6394
4549 6281
6357 6817
1581 7778
4036 8886
1321 8367
3137 4314
1912 7829
7161 9767
7896 8167
8343 3414
6347 9189
2858 5715
6520 8498
8016 6378
2247 8049
261 3762
4612 5584
563 959
303 2109
4441 3809
9777 5496
3886 9742
337 7763
4127 2527
5889 1105
3694 5577
2843 1657
2677 4135
8909 2403
784 249
8451 2265
2902 8237
5940 9340
90 6940
5088 8609
6823 8118
5704 3456
1544 7090
9043 4194
9554 6492
2630 5485
4925 8816
9618 6606
6000 8535
1518 6730
8424 6331
9476 5626
3967 7744
8859 6735
2990 2667
5568 8739
7617 8670
4323 3642
6378 6747
1120 9498
3055 2370
1439 3859
1194 3740
6888 1582
6322 716
6402 9266
122 3699
1675 6784
1530 1676
7496 3753
1683 5581
3217 9251
6507 9871
252 7587
4213 6891
7568 7414
8404 9051
8748 303
8357 2908
4875 9165
466 2969
355 560
942 2872
6386 8002
5484 4644
1276 9776
7411 1697
795 9582
7474 3970
2072 3558
4499 346
4138 7311
6201 8561
2173 9306
2090 3681
5271 9968
8442 5672
7440 5356
8732 5675
6398 2588
7739 3539
5275 5955
3877 3136
4378 9733
9555 3567
1828 5138
4103 5195
6335 6205
2109 6588
7651 4633
1139 9144
6860 9308
3864 1605
4359 8263
4829 9638
9697 3571
7881 5178
9929 931
8249 9140
7754 290
3516 9786
1498 5715
2220 8114
335 1919
4288 2579
5795 887
2019 9216
742 3104
6209 4695
916 4236
8837 2617
8843 9839
4487 1231
7380 9583
70 2374
6443 3831
7081 4881
7537 1861
6324 8283
4322 1349
9434 4078
7446 103
109 8846
320 1522
434 6769
315 6945
263 9113
1543 9130
6932 7587
297 5075
550 9225
9223 5412
87 4633
5605 9555
2439 6898
8780 1880
7982 2579
4578 4446
2311 3605
7768 5109
6420 476
1446 6457
3523 6846
4132 7192
547 5716
7733 8381
1310 5856
7698 7436
1875 625
2137 5720
7732 7111
8311 6321
8364 315
1427 2444
2245 1397
8283 8911
5234 5690
8979 8626
5833 4125
951 713
6187 9973
9245 434
50 2883
3972 3887
9864 3387
4563 7383
4634 8616
9738 7130
3465 7445
7229 401
1060 4533
21 2754
251 6740
3864 5591
2226 5202
1516 1921
7595 3312
5027 1955
3058 2971
2056 1631
