placement model: 1slider
width: 10
height: 10
number of points: 1000
8079 2336
1326 8611
981 2977
1096 5486
9559 8531
4881 6098
7330 9742
9246 3597
3462 7975
3145 7159
6009 306
1875 3101
6506 4189
3833 7452
4763 413
578 6244
2902 3957
4165 5103
9684 5573
2310 9822
837 2458
8792 2831
474 2842
3206 7509
9661 9458
1040 5556
9916 799
3053 9903
7070 2378
1474 227
1523 9378
5253 1489
7420 2460
7804 1635
8474 6706
2500 7241
9549 7468
8254 3170
4682 840
6523 6813
4672 1625
6013 3134
5112 6020
192 923
8809 7284
4173 4748
1158 1727
984 5230
2745 3170
5673 7575
4880 6129
6071 1137
6952 7734
8930 7100
6676 4374
7761 2845
9017 2607
2722 1619
9054 9697
6661 7771
8138 4416
5848 2424
9407 3998
8317 2623
9223 1601
150 9477
1255 4542
6548 8152
2016 4512
8487 298
1759 833
4948 4380
9865 5757
4151 3732
313 4765
8618 9305
4250 3629
5583 4998
403 7392
9908 4685
4424 5314
5129 1547
1675 4946
6523 5315
6210 6154
2657 3876
3166 1691
7369 9914
5889 677
7844 3394
8425 5472
3969 5745
8154 8408
6158 4266
722 3934
7344 2672
7449 4279
4535 304
5558 1588
273 318
9944 1764
7490 1488
1446 2143
6563 3104
6400 4986
882 3308
9249 9469
6358 6180
8149 6763
2731 4558
733 857
6610 8167
3700 296
7701 5768
5475 3384
7752 5331
9261 1600
4929 455
7203 7164
9049 8281
3569 5175
9133 1847
8397 9806
2479 1621
9064 9649
1551 4350
6330 2977
1696 9324
839 7651
1040 672
9769 1061
4328 6264
1380 2344
5872 8732
4830 3087
8710 8220
9997 2070
8198 9314
9214 3181
1907 4225
881 7458
8094 6872
5964 8334
6700 1513
1508 8204
9589 1618
8262 9489
8110 2561
1422 9532
4971 4620
38 5516
9039 9780
6679 6730
9744 8979
9559 1220
585 6687
1783 4954
6793 9586
3747 9015
4891 4800
2108 4974
2915 1595
3596 7341
473 9591
5470 3583
5977 8745
8966 5749
92 914
9753 9837
6888 7210
4879 5204
5053 5988
1138 9691
2694 8389
4125 7840
1328 4142
529 3628
93 2500
4119 7610
9438 8006
9249 9624
1695 1295
3275 9249
6081 5753
7022 1757
3290 6654
5629 6285
2573 6218
4233 1958
2257 1781
9027 2143
2064 9473
4250 1118
7788 4207
2576 4980
3430 76
1281 556
3329 1229
5517 1656
6987 7152
9776 7929
9960 2964
7013 2422
4052 3592
262 3527
7171 9188
3043 7128
2978 8207
329 1546
1953 5808
4294 3724
5137 238
732 6090
4570 4632
3598 288
7956 593
8591 8405
2092 340
3526 9722
2951 8462
7390 2684
572 7561
6641 7349
7963 8791
816 100
6415 3332
7082 3470
7579 9375
183 3839
822 2552
4506 7502
3005 4065
7722 6010
9585 5097
4711 1496
3387 823
8168 2866
9416 8654
5935 2161
7150 2602
2311 2066
8380 5647
2880 1999
9678 3717
2590 270
6324 9839
175 4280
5116 5881
6584 7646
5324 8009
9416 7236
9299 6080
3895 911
1633 3530
8834 1202
2447 2729
9016 4565
8311 1018
3024 941
6676 4607
4940 4743
9807 1505
9073 6093
7518 4628
4367 2360
9232 4091
8663 3013
696 9689
2455 6033
2966 1963
7307 8465
1716 2281
3173 7590
3126 7580
7214 5228
166 3511
3319 7868
1605 7430
6055 1914
1925 375
4681 4203
7211 2128
6290 9276
2189 8561
6512 3512
828 4302
6549 5895
4531 1703
6265 6425
4792 2200
4917 547
8315 6338
7473 9866
9483 6557
5511 4627
28 3245
2170 5514
3073 924
5251 5196
684 8683
3260 5580
7923 6618
993 666
8174 2494
3975 1179
2545 8846
7857 9924
3284 1866
2626 5261
8782 638
4163 8521
2744 5811
9800 280
7078 8238
8401 6729
4109 1051
4370 5244
268 5875
3954 6299
6678 4719
5384 760
5877 9134
2900 5114
2138 9190
3076 4207
7594 1385
9125 6511
9996 2109
6099 126
6760 244
1624 705
2629 7951
3701 732
3751 2442
6288 4989
3042 8153
798 2601
4455 9209
1033 6196
9759 4934
6925 474
4700 9072
7696 8066
6728 9606
751 5819
6630 4246
3242 2530
9756 5238
2986 4222
1273 4523
9205 3482
3336 3098
4420 3777
4516 4496
5545 2882
3846 5075
6938 7672
3956 8340
10000 3970
4183 8744
201 2756
9358 2085
6585 5908
3676 1999
8165 1256
3332 5543
570 5333
1309 864
6714 8737
1110 8275
1615 1126
4274 7269
4305 5785
2586 4646
8174 1586
5331 2680
5254 1639
3282 1297
1358 3083
9475 1902
4541 4569
2463 5761
5862 8216
7919 4806
3567 5511
4688 378
6434 3402
6982 2966
5256 5425
6773 3496
6704 5043
2616 4564
6217 2618
3031 2132
9530 4153
2038 5603
4911 8473
561 4739
8097 5505
204 3346
8333 6395
338 8351
2153 5394
4600 6265
2779 6104
4656 3776
1268 4701
6693 5891
403 8068
6450 2039
8204 6544
5212 1192
1350 3695
5279 1810
8882 5201
480 9497
3456 7392
6027 8055
725 7906
4820 1574
7230 2220
8555 5015
3037 4467
5708 7029
3054 5079
1660 4279
4073 5904
1038 251
7031 9763
1273 6876
7342 979
139 4204
5415 4392
2261 9187
8611 3069
345 2093
7437 6521
3571 2259
8062 532
2722 8869
6986 6530
7503 9147
8424 7411
2628 5010
7187 5541
9098 6760
6201 8596
9285 3371
2772 8321
8410 5166
2623 5218
2852 775
180 4973
4293 7776
3295 8562
5279 3242
336 9007
6204 851
1159 3347
3176 3927
7291 963
3955 3199
6930 3483
1505 1260
7794 3477
5004 892
4981 3658
3428 8322
6711 3864
260 540
8633 9342
3170 7022
1540 1094
4317 5357
9211 9779
6389 5951
9904 8063
5740 2270
6833 8212
7387 3692
9430 3303
1967 1248
3542 7185
3277 5066
5488 46
7432 7576
548 5526
25 9104
381 3632
8696 7784
5006 7292
3259 7989
9757 2978
775 3472
8611 8754
6018 48
2400 2108
9773 1180
7304 8472
8852 1693
9140 2265
8268 1993
3710 1031
3704 3321
6913 4432
3441 5713
4650 8120
5839 5199
1326 4091
6216 754
3639 7514
4723 4656
608 3131
429 7420
3943 3112
7017 8311
8138 1430
5200 8674
9633 5669
9816 521
7876 9152
8194 455
2007 6151
5531 7098
2000 9527
3146 4624
8130 3504
9206 2986
7599 3534
7939 8837
7474 5030
8225 2245
5643 9340
6094 1724
9776 2279
8554 3883
3017 166
6407 8765
3907 1430
5508 1039
5295 9519
2144 7732
1731 579
543 7141
4701 7487
2735 2388
4866 3274
2244 7263
59 6699
805 3030
8458 481
4372 9548
344 2357
8189 2271
1880 827
2326 7399
5566 4718
7016 6716
7465 6919
4777 4933
2948 1022
5686 3183
1013 8980
888 8577
9847 8785
4074 3977
1047 9648
8775 9425
6777 2338
1715 1821
3508 6536
2975 3853
71 8368
9571 7300
5590 9326
6737 6761
8037 5415
4621 9046
1291 2533
4268 3004
5054 2940
8822 1451
3632 2100
8149 5945
4163 3217
9924 3197
1460 2390
3923 9171
9417 4871
7270 1734
7366 5822
3003 7393
547 4396
8554 8013
1810 1458
5245 4321
6790 2594
1392 5713
7262 9055
8151 4043
1241 7716
5879 7052
9441 3226
1395 8284
7817 3571
9878 448
2740 4425
5524 3845
7198 4827
290 2903
4355 3657
1664 8064
36 448
1324 1868
2838 387
1507 4084
9608 2272
1289 1506
6409 9047
8827 1067
7122 6293
8975 6882
5622 2123
432 957
161 7840
7798 9312
1198 2089
6881 1647
4635 1153
9263 9251
3621 2478
7865 4283
7966 8662
6306 3063
6893 2898
6288 8955
3794 5950
6617 6760
9306 7968
9662 4109
3308 1895
5017 8399
4296 8985
3184 2358
9134 4177
8556 1466
8355 5823
8859 5507
7663 4437
8338 9238
7881 6812
4725 5744
2021 6198
5019 9017
2897 1593
9694 5774
3746 8388
6109 8446
2601 5551
5466 6103
386 9359
5425 1224
7610 642
3463 360
7809 7118
8597 4660
9352 160
4091 3831
4761 8724
9015 4537
790 5290
1548 8717
5231 1381
3990 9593
3146 6100
2189 7722
7756 8077
3894 9271
9302 2114
1182 9111
2816 2569
9655 5529
7843 1877
9207 8933
5166 1659
3613 4401
4587 8464
6267 1862
2643 3274
2210 1881
9488 16
8527 9073
7036 6296
8885 6758
2068 4241
89 3165
2767 9623
4515 9359
9803 3302
9138 2585
7549 7992
4091 4614
5646 7155
5680 2150
5800 6887
4790 3860
6305 2948
5997 4767
4246 9668
9479 6489
7569 5085
8126 3910
3675 5280
1788 3601
2198 8573
3408 9744
5545 8320
2882 2845
9854 3761
3132 7232
4802 6997
1672 1483
7413 547
6423 5256
8670 7920
5629 9409
1201 4708
7923 1123
6807 3043
7538 4612
895 7800
6893 8723
4680 1206
7647 2316
4901 3555
7037 2903
7729 7009
4391 507
190 7829
2275 2608
7344 1557
5024 3124
1954 9878
9421 8299
5353 5425
8166 4553
90 2849
4647 9733
4241 7360
3324 6887
5100 9206
5701 3669
5074 124
9589 1309
7693 3381
8803 6200
2456 567
924 9294
6400 1669
8433 8323
575 1910
8242 7284
1831 7077
8199 9140
5324 2494
8208 4350
8011 3065
8562 5855
366 9303
1904 9287
8178 8222
322 2717
5148 6513
9930 9970
1445 1033
1780 305
3975 4370
8938 1402
9100 1956
3571 5988
2254 4688
9008 2363
1524 8139
4270 3250
1467 3025
2904 7512
8024 5611
4979 5973
320 6893
4491 5417
4292 1007
354 7507
7144 8138
8286 1012
6425 9360
1409 3585
99 5400
9807 5244
2514 4741
9571 9502
9836 5446
3267 3488
5547 1888
2818 1689
1186 5766
3743 5661
9509 4844
211 4415
8699 8114
8442 6374
1873 7065
9065 38
5609 977
7349 6794
6614 57
1134 219
8838 980
4326 3298
7428 409
5528 4941
7080 1960
9892 7258
124 3627
3570 3589
8255 8691
8846 3547
8573 1511
3040 5166
3224 2392
6694 7275
9560 8224
6819 9621
1790 1194
2935 5181
7623 1248
7943 8322
5779 7336
12 7259
4276 9387
4137 9726
5584 2537
380 6691
5923 8840
2165 8725
3751 9856
6012 5292
633 883
2563 462
8199 7547
5106 3154
3192 4355
1991 5756
3296 6114
6679 2138
8933 8012
5534 2488
2452 4423
3145 2818
3802 5871
1668 341
1357 3633
9282 7705
9116 551
3772 1514
7081 426
980 1787
4677 161
8125 3818
9496 1455
9739 8534
3609 9367
3003 3447
3025 7424
9218 5783
7662 6210
2197 186
6438 5558
6817 9679
273 9320
882 3995
6949 4956
1590 9109
594 4818
7617 2239
3586 4521
9592 1764
4391 5160
7615 2076
4076 650
6940 1508
6239 4308
25 9553
9428 9111
2313 9539
1776 8256
1398 5531
7042 2092
1751 4075
571 9648
5751 5815
8067 3455
4157 6281
9887 9513
3814 6235
6843 7634
492 5316
2325 5850
4709 8119
1323 6152
9177 5568
8684 1014
5559 2079
714 4998
2641 5482
6296 7121
2262 222
5249 5795
3472 6897
8389 5005
3873 4487
9831 8178
7762 8235
6776 5973
514 8791
1241 1170
1309 7684
6837 6369
9138 8971
5648 2537
5836 4383
7669 9311
5645 2983
6969 5417
9476 4378
4410 8841
6392 1979
8379 9933
2107 3768
6938 6140
2762 5056
1212 1212
9301 9916
9425 8847
7411 7155
5521 4367
3794 2558
1407 7462
8873 4659
485 1020
3828 1727
1379 6431
4582 2948
338 4419
8731 6796
6675 5987
8702 1866
6888 208
1601 6895
4690 7801
8264 3336
8563 7122
4408 5653
6867 6857
3536 6749
7991 3319
5111 7598
8105 6381
2934 3187
2376 2774
5401 4296
8504 9484
9704 9733
6111 4909
497 7504
7809 7411
517 4405
657 7995
7036 6755
8952 8979
9230 8996
1715 1253
4781 4666
8694 6934
3263 8345
9140 1423
7853 7221
5978 9678
8806 7791
2226 3627
1667 6282
6272 7528
8145 7054
6332 6208
6822 2860
4775 1855
4525 9784
3108 3108
875 5797
11 8816
9188 1439
