placement model: 1slider
width: 10
height: 10
number of points: 500
4975 7627
683 9362
4501 4045
999 2450
385 5733
1292 8641
2058 554
1663 4712
201 1923
4134 7146
2061 9191
6828 1692
6 9906
8469 6470
9423 3461
7826 6741
7453 1182
9467 3036
4217 6911
476 4004
2305 2107
4208 2108
5486 3594
6497 6436
2504 7766
3407 2242
9277 6782
5500 3353
3594 6941
1985 2142
1527 1524
6183 231
324 4860
42 6242
5862 3014
8869 9632
1870 164
4510 4998
9671 4588
6978 2612
4920 1923
5596 5506
3857 8308
6399 7567
2339 5226
7546 8186
3783 3297
3239 4959
7318 409
3568 5087
2652 1879
3835 8444
9946 1675
8335 6104
8777 3166
1518 4721
79 9422
9695 561
5816 821
7761 1849
6528 9640
2390 7737
3711 8934
218 3193
6622 541
9241 4802
8318 3867
3420 5426
7515 4983
311 3486
2111 3479
1040 1668
8709 224
7676 5719
9429 6456
7457 4382
330 8120
4563 7385
8277 7651
3756 7975
7557 2617
9467 2970
1428 2484
5011 1169
596 7609
2410 4274
1223 187
5949 4040
41 3595
701 3228
2378 600
3710 3152
3876 4613
4316 6858
8543 5337
3236 5099
6260 8596
9317 4905
3918 1257
3151 38
6897 9004
8450 5202
9708 4316
6888 1470
231 7179
6104 7814
1446 1582
8803 3282
7226 3719
4544 9563
5224 6557
994 6385
3518 1269
4535 4327
3200 8429
8900 1046
3428 8742
8418 3992
3408 2458
3389 6633
2950 6055
9628 5319
5104 6338
3401 5251
7209 9419
1919 8691
3413 6558
3788 5148
5685 521
7785 1329
9799 2424
7306 3939
4435 315
9715 3631
8146 7720
2047 8669
1625 3972
5598 5476
7856 6023
9071 7106
8922 2009
7709 4777
3075 3153
2532 7252
8854 9442
6949 6146
9594 5077
274 9444
6544 7044
5582 7819
2376 9771
7265 8082
9304 5178
7910 5587
9701 6993
5609 8122
6879 6209
7789 9561
9489 2606
9569 3705
9622 7746
5073 6828
7565 491
5999 9471
9787 8421
420 2103
7013 535
5509 1740
6828 3175
3503 2387
5800 7546
2466 7564
8283 5751
2887 5717
9200 9924
4301 5208
5062 8715
2639 4140
4122 145
512 9870
6653 4460
6689 9850
6968 2014
1733 781
3643 4366
9832 137
6151 7601
9316 991
5970 2485
514 3793
9374 7746
7603 5825
5956 8984
850 5740
7899 2529
3369 4398
6949 1601
2028 9754
6504 7464
1159 2844
2324 9829
8535 3287
4037 5401
8550 9322
4615 861
4134 3667
8665 4924
4159 7509
873 4059
1704 584
391 1009
2338 7830
6707 5261
3978 5391
6450 6920
7817 428
7212 3413
5317 6732
448 9291
630 9657
9106 1765
7043 6726
5802 9385
1220 9374
7237 1462
3897 5228
2184 9035
7908 7997
1966 4341
8991 7629
497 6833
7916 5988
8611 8034
4885 6210
5539 11
4697 9459
2546 845
4335 8482
6529 7663
6782 8374
3256 8278
3608 4294
6327 1825
7936 6834
655 8858
9162 1624
5263 7673
5454 6508
9177 8916
3255 4434
9050 3215
2409 6367
5553 5038
6699 6793
8703 8930
9693 7221
7311 320
5124 879
9733 6260
1467 1935
1738 5715
6153 9991
8229 8175
4648 9833
506 1208
1487 4659
8447 5731
763 8634
6087 7164
9266 9409
6487 1291
2640 741
2994 3163
7690 9008
5365 2499
852 1766
9927 9236
7031 4810
2424 2910
1546 8347
5639 9693
7630 4890
7255 7676
9189 4835
3315 8577
216 2189
6409 4256
330 2375
7067 5278
2991 7230
4487 5422
223 4924
4795 9597
512 5761
5894 2817
7281 8193
3957 986
1208 3719
6869 3734
2555 7764
2979 3369
1537 6457
3426 9283
4810 8153
5488 9639
4512 1119
3409 1917
2971 7380
8594 666
7747 6819
4556 4247
7355 6661
428 140
8263 8631
3032 9083
1430 8133
4069 8642
3956 4825
9447 3561
1505 346
8549 2862
3929 8661
1202 9214
7708 1122
605 7381
4511 6865
1805 9773
6371 7881
661 8231
7221 1053
8380 8402
9617 8198
9600 5902
5054 3173
7329 7194
7277 2697
307 9212
1171 1704
1446 1549
4546 9099
7716 6476
2431 9876
9270 5874
7842 5307
2740 63
6030 5561
7193 5295
7359 7317
939 8154
2362 6856
2827 295
3418 9000
6499 6801
7137 6500
9812 993
5704 4480
6908 5531
8329 5337
3006 5081
9033 8033
5516 4644
3701 8485
2261 8199
5325 504
3627 5310
4214 4156
3530 4123
9579 7882
4091 7729
2268 5403
8742 5778
3494 8386
8270 6621
9969 1862
3606 1788
123 118
3108 1692
5584 1274
8303 9935
3804 4839
9794 5989
6467 9914
566 4341
3363 2761
2189 8324
3416 6674
9818 8525
2071 1204
5176 2783
8589 5166
2882 7285
1941 2654
5927 3477
8290 7295
2282 403
9261 8719
4590 1367
187 885
4539 6526
6343 9748
2822 8368
9466 7503
4385 1873
4350 3616
7367 6834
3563 369
1532 605
3649 6063
1739 2143
1561 3692
6089 3018
6098 4122
9600 9231
6496 3415
3620 9941
7888 6383
124 8911
9042 7928
5578 7119
3387 6376
9839 5026
7856 7797
3088 575
9842 468
8622 1564
175 2622
5317 1053
1035 1265
2483 1969
7570 4497
8083 3030
5635 1523
3747 8415
2386 8582
6485 3291
1414 1685
1863 8883
2797 3730
1714 6337
2091 2203
9390 7039
1859 5867
8142 560
582 2220
7694 7061
6459 4578
1456 731
2552 5301
947 3116
7451 2871
8056 7704
3848 9702
683 3633
4431 6520
852 420
4155 4187
7864 2757
1779 7409
5601 1994
3234 9875
3138 202
6923 312
1173 2092
3192 3005
7521 303
2401 7830
3589 6656
7483 2084
1303 4430
1799 7596
5971 5188
2621 9480
6835 1326
7965 5748
8067 6624
9624 1235
5255 379
291 4218
1400 2581
9670 6999
7840 6189
3180 2257
1665 5911
341 7547
8589 8650
8963 3094
4373 3112
1338 7907
5982 397
2270 448
307 3258
4392 8225
2260 62
377 650
8569 5415
2573 2643
3457 5393
576 7010
9570 559
1614 8271
