placement model: 1slider
width: 10
height: 10
number of points: 2000
1239 178
9782 4473
7625 9992
9764 6300
8253 4245
5596 4815
5628 6227
7860 1511
6034 490
8193 7689
8433 745
7593 9017
2861 8613
1716 8148
2475 1813
5849 4419
8689 7173
2665 664
5314 7453
7069 1208
9643 3368
6662 1147
7389 7350
2293 5581
7797 6088
3083 6257
1531 6351
3123 9705
7591 3582
9717 9690
5600 6044
2057 4602
6495 3682
1491 1117
8414 177
6953 6174
7284 5247
4192 8288
3050 453
602 7790
8365 27
4537 6799
4250 612
7395 7546
1586 1736
8734 6649
7829 8402
7469 2868
2309 8747
3179 3672
9588 9777
8184 8976
3012 1590
5580 7863
5088 1868
7241 8387
8432 1892
9336 6123
8764 9796
8033 4159
783 5289
9190 4440
517 1233
5017 1564
2824 863
6997 5979
968 5907
9103 4526
6413 5068
7421 8314
8004 7737
5663 4649
536 8188
9513 9092
9293 2148
9423 607
1320 9556
3566 7447
8220 1727
1146 6511
2794 8779
449 9088
1427 892
3744 6290
4171 9799
5831 1683
1614 9171
8016 806
8415 560
1327 226
7199 950
2489 2355
5867 8098
7487 5903
1793 6148
9422 7509
506 1454
2725 2403
1364 1977
6317 929
6994 2520
8931 7373
3636 2353
8923 9104
6454 1059
8418 5910
3258 7790
8206 7311
201 148
1085 3227
509 6331
2921 3696
3233 6703
5011 6231
4016 5176
2912 8345
3238 3815
7376 8431
6467 937
1830 8156
7755 4518
225 6925
829 9342
6661 9904
4586 8304
2756 441
2719 8220
6695 9624
8637 3941
2893 8925
8994 462
2679 3008
738 5605
5714 9428
7389 7119
1552 2449
7428 668
9550 4639
931 4413
3055 7217
3170 4124
7070 6352
259 6016
8621 2596
5867 9859
1883 5472
2008 751
2948 6413
7111 3012
5270 930
9750 9669
6413 7808
8396 2743
6838 5104
2252 7671
142 1003
62 2348
4118 2406
7049 3078
7073 9153
578 8341
8291 3835
8286 9153
1590 8748
6805 7464
1335 2251
6466 2058
435 7329
9794 9636
670 1430
4484 3112
5921 6549
7074 2415
7734 3869
293 3498
7702 7988
3921 5217
8675 943
1825 3005
3144 4354
8130 8227
5693 6416
1917 3068
6036 5168
4456 5529
9353 4202
8391 5640
9595 4298
7044 8028
37 9748
5042 3435
6007 4031
4778 2104
3507 1117
6635 3182
5317 1031
2155 2149
7615 3785
4132 8087
2517 4093
1164 6935
5261 8537
9352 4784
7793 2612
4161 9543
18 6349
2478 6897
3630 4267
6067 9960
9341 6146
5712 9932
1804 651
9850 7628
8679 8524
7912 939
8975 9531
9596 4273
7652 3024
3163 4860
927 6858
2393 9882
1189 8565
3739 511
4591 3269
8378 358
1473 7518
7842 3961
8840 457
2733 4487
1807 1043
1110 6207
5108 3608
8070 9549
4663 2777
7003 8585
9865 7536
9926 7960
9893 3908
4672 933
7933 1939
9099 995
3410 7943
8330 1712
7705 8469
3597 7809
7676 6329
8515 9755
4344 6841
9460 4449
5574 6553
9829 7994
2603 4222
748 9888
8013 5458
2770 7456
1952 3503
7589 3610
1725 595
9556 3232
1473 531
6208 5545
4186 8195
6192 7023
1780 7517
765 5713
4640 4976
3150 1812
718 6670
8319 6855
3734 3170
8526 7460
4076 8772
7943 7161
9939 2375
7139 619
6005 1341
6782 6520
7564 6397
7585 9482
9393 8312
8799 3418
7777 6401
6392 7071
7782 8150
2935 8188
8161 5232
906 6131
9780 4357
8019 2420
9138 4216
9025 4040
3150 4047
6295 7612
3406 2703
7952 2438
2265 8700
6764 6061
9898 3302
3236 6197
3071 6369
3517 5065
8966 1851
5771 7756
8126 2198
2424 2387
3615 7748
1132 4868
1816 4089
247 7303
6207 5502
8695 6530
9895 1341
3171 65
1717 6466
7423 4298
3484 1443
6584 8162
5510 6247
4151 8710
5211 2582
8150 9162
4711 7093
5393 616
2132 1602
4587 621
1433 956
2096 4578
8282 9678
4903 1776
2940 9874
8235 5325
290 996
9524 6073
2636 8845
9396 789
543 37
1365 3914
7334 9273
72 8146
3546 1890
4 2630
3376 4727
5395 9283
4939 2358
1071 5592
1214 1178
4979 2813
3676 8508
5794 8550
1683 3081
7043 5187
2150 5333
8255 2749
3986 381
2888 7513
9294 5245
8435 6080
3777 1362
7274 5231
9296 8984
1861 7191
7172 1633
3434 1935
6478 8486
1117 3306
9925 5543
9237 2845
8516 5446
7886 7071
3242 8784
10 8259
7065 5432
4665 9000
5646 7842
1346 325
4227 7219
2339 3322
6907 4516
7729 4758
6927 901
2909 4365
8327 923
9986 2803
7199 5926
2224 7291
589 4142
3970 5592
9193 2326
5490 9038
3792 6384
5011 8304
3935 3944
7420 7519
602 1380
8829 4951
5898 711
269 7555
9757 5624
5557 4305
2032 9929
9087 3010
8068 5380
4016 2569
4695 6999
5394 7757
9943 7281
3622 857
2696 6855
6098 3655
6466 9601
7599 5875
9815 1561
2411 5540
5558 1342
3579 3171
1961 6879
4436 9240
5055 920
3104 4425
3997 4613
8564 1725
9596 4869
447 2001
2304 8407
7564 8117
4519 4880
8654 2129
1475 5375
2765 2539
971 5228
7092 6954
2218 3853
2133 1619
7896 4789
1392 3121
4167 6246
5866 8289
5423 4399
4246 9008
9977 6553
9200 9047
1265 1796
6330 8526
9150 2810
1212 1439
8548 8459
92 6073
6815 9584
2112 5928
3436 8577
7053 8113
8290 9113
6696 5483
3767 1949
6863 2117
7077 9076
9552 2150
2234 5547
5186 5617
8681 9518
9530 2635
6651 4450
6866 9380
6419 9268
2888 8388
6644 8957
4849 7619
6106 2710
5502 9097
6797 3037
901 9065
3408 7175
1026 4578
9856 9708
6031 5882
4088 1087
726 5842
8708 2759
7125 1663
4361 8086
3276 2755
599 9217
8115 4684
5985 5398
4198 6984
578 4195
6395 4275
5902 7236
6192 2427
5751 1868
7822 7994
892 7819
9977 8866
3252 3578
5352 2790
6019 2019
1240 3721
9125 5846
9252 924
349 5489
9450 9151
6717 7308
6121 8408
7158 4194
3703 7560
372 3287
5648 4447
4259 2062
8903 5910
4620 967
1370 2512
9342 950
9830 2504
904 8116
420 2102
4597 3937
8406 1036
9804 7256
8541 5312
4893 2748
5214 5283
8380 7297
326 2625
9117 7913
6134 8159
7041 5404
759 839
3706 1408
8490 9866
6009 7190
4728 2422
3178 2179
7697 8366
4096 621
5312 1694
3086 3134
3907 2233
6445 6004
5232 9122
1231 7918
8474 6214
3745 2313
7901 5991
4645 8218
8868 3708
8349 5314
8729 1993
3840 2103
4537 3436
1850 8386
4579 5834
4752 418
2533 663
4576 2836
8480 851
8428 7709
9610 270
3184 5324
700 8363
5122 5415
4693 1981
8727 6372
1376 3685
9147 8578
7665 7392
4450 477
8010 5520
7175 7684
1958 6604
8419 5985
4532 8408
1106 7405
8424 8422
6182 5744
3678 4631
140 8325
6830 8863
9606 914
6341 8651
1024 1074
3356 1523
2606 7604
7663 5030
1496 1819
3058 6100
682 2621
1057 3500
6850 1730
4660 1788
1479 1530
8619 5912
1947 255
7557 111
1923 4461
7012 8143
2589 8045
1820 8530
1737 2039
9194 6394
5943 9694
2715 4032
6057 2634
3550 2712
8521 4127
5176 4745
5342 2416
444 6370
5497 4080
835 3390
7437 5737
3332 119
6538 8377
9830 3075
5930 1886
7430 6857
1278 641
9050 2082
5891 317
170 1766
8147 2909
6028 4491
1449 2384
1285 2061
1704 2227
2396 195
8373 1605
6690 6538
248 1579
4504 2810
8745 3141
9019 1400
4557 497
652 6101
4297 329
9730 4406
5092 2796
7344 1537
620 2097
367 8246
3593 7051
1592 7403
8086 4293
1204 9025
4425 1094
6325 41
4580 797
6929 5458
9016 6097
6344 4209
5830 5823
5382 9284
4257 8784
9120 4793
1543 9069
936 238
9121 334
8026 1073
7800 36
9024 9139
321 3213
7945 3579
5387 9909
1458 6433
2991 5997
1681 4506
1048 4227
6525 2668
5848 5531
4110 9139
6051 4576
5250 5988
5484 2181
1974 8437
1599 5263
7009 9983
9509 9168
2322 91
674 8529
8690 9764
1289 3393
201 5323
4310 9648
8655 205
2297 8755
8117 8164
7363 7242
3061 8530
8079 7036
9999 806
9701 4263
5057 4773
1982 8850
429 2848
4417 2410
2197 4538
256 167
3697 1546
8633 5102
16 2793
1910 1687
3133 2938
8542 3552
2223 1692
2965 2944
3196 6545
5366 5274
6780 4563
4427 7894
5719 4115
6901 9113
6660 4966
6395 7898
5793 5506
6044 7990
4482 7740
1528 2489
5061 9107
9044 4391
4709 207
866 8645
648 5223
5361 2591
4433 4634
4733 4794
331 8122
3877 438
6300 7699
1926 3293
4429 3418
7393 1004
8565 556
5137 8997
4330 3121
7042 6834
9438 8233
4556 3723
1395 8112
1405 5630
4179 1429
2778 3100
5281 3370
4239 3062
6746 1909
2978 1684
731 181
2398 3070
4237 4385
4537 4898
8769 7147
9592 5691
2502 1234
7534 7531
6920 7668
7236 7491
4419 7946
8580 5502
6371 8309
9703 9683
1634 6063
226 7999
7480 2864
787 5493
5212 2738
2241 3595
9549 3054
8558 6172
8575 1907
2944 3596
8254 7909
4408 4822
3341 3776
5730 9418
2465 332
6601 4054
4853 9859
1958 4350
9610 6393
27 511
3805 2729
1265 3797
6907 6867
4857 8737
5808 4316
8288 1812
5537 1194
5509 6230
8812 5237
5258 4809
3355 1792
3900 9801
1618 6380
5187 2106
665 1115
8565 7471
5414 3674
2487 9863
893 3266
4210 4204
7620 2638
4291 5202
4343 7704
8426 9965
8840 6712
7145 8197
5209 9088
5075 4638
6571 4647
9675 3093
9243 5839
4982 8197
9310 9694
1931 1382
208 4137
3643 7295
7820 2859
8944 6784
863 5933
1650 9352
7394 2953
2460 8013
5775 8678
8259 1925
6336 977
4030 2292
7289 9209
5973 5105
2733 9639
8115 3826
443 5366
2968 6326
895 296
4845 412
5683 6707
1111 4488
4342 9890
204 2585
3929 2154
7721 8893
2781 2641
6036 2013
911 558
4122 134
9741 5438
5882 1487
5491 7069
5203 4680
3849 3638
8993 8652
3471 710
5187 38
2214 4937
4760 2902
6323 7459
7249 4817
132 7958
1520 5960
9565 1764
3921 1639
7114 1195
7966 8072
8075 5351
268 6607
6361 665
4439 95
2707 2043
1595 454
4420 8495
7408 5150
3380 6923
2644 2859
305 4122
9088 9565
6941 5343
8290 2245
6312 5506
1034 9571
8818 2122
2846 5364
567 7657
5201 5895
8520 3374
7044 5300
4389 986
4088 3323
972 9216
9288 8214
8717 5343
5335 1449
7698 126
8401 4481
6732 3373
9309 1994
7150 5022
5545 2791
9247 5460
9000 4959
5199 9158
8322 608
364 2776
1396 3180
4449 9457
1714 462
5514 6803
2283 6739
481 1525
9244 4501
6090 7223
7494 451
6382 4538
1601 5547
4935 3685
5636 3442
3919 3495
9497 8239
6323 4684
6356 9940
5736 5612
2644 8589
6407 2059
3679 7530
325 4262
5814 4701
3504 8265
7201 1144
2518 209
9439 5706
210 655
2642 670
4391 6359
3034 3201
1127 9099
3343 4223
1256 1943
5293 9420
4783 2089
8669 1844
2780 6647
608 6106
7229 4396
8040 9950
369 8997
725 7101
5775 6110
4643 7048
4259 9535
9986 1405
4324 6193
6712 8734
8797 5458
4800 4466
7465 9644
4446 3180
4268 1386
83 6369
6933 5604
5435 447
7182 5390
3763 9306
9833 9674
4596 5925
6581 1621
3549 2739
4925 6786
148 7525
7953 8196
674 4243
7462 6516
3070 3081
9329 9646
2165 8437
8515 5957
4256 1982
4347 3225
4046 9962
3432 8495
9559 5089
2705 9168
304 4777
4660 9291
1451 4120
4024 1385
1650 2600
4145 7343
8782 5451
9754 7235
3414 1832
5128 8030
9853 7965
2977 5144
5789 297
3836 7220
7979 7918
1696 5296
7236 8442
7358 8799
2100 7038
9060 4991
2934 6945
4912 589
5779 5852
9421 4553
3385 9830
5087 6376
3656 8720
4587 6142
4345 7450
911 514
289 2037
1060 6091
3169 7289
5959 8609
9812 1052
7491 2143
5649 6137
2528 9345
5322 4288
4578 380
3442 7285
5355 9037
4419 8831
5287 4609
7950 6182
5759 3527
7223 8042
5960 5255
3202 7122
4162 6638
8789 7900
8485 385
582 8020
1925 1762
1187 2074
2960 5341
6980 8752
7345 7000
8033 3533
4776 6136
9687 9266
4766 5068
3913 5533
5825 7028
1387 6771
5143 2775
5165 8668
6595 7009
3113 7901
7783 4996
6797 2940
7132 9325
9802 3897
4725 7914
2587 1071
6577 6037
2194 3901
6939 5640
1585 7418
2148 7995
2536 8876
8160 8722
5887 3352
3028 2783
2550 2104
182 8337
4495 2000
3658 163
1710 609
2398 4775
8215 6185
8972 6598
3727 3137
303 786
1779 9954
6118 4432
6742 5717
7063 6914
8342 5900
7227 3309
7757 3365
4717 9989
8598 7282
6618 4251
6363 2894
3033 1127
1553 6916
7344 5913
3772 1184
4834 8836
3641 3964
2765 8220
4992 6431
3911 6201
8623 5082
2354 8867
354 7702
8956 3281
5905 7856
8086 3445
1753 8463
1471 743
334 5167
6148 2503
2527 21
7312 691
2185 1144
20 3298
171 5774
2258 6214
1815 4583
8220 5988
6522 3918
2125 3210
8557 4646
7513 3536
7653 7193
250 4996
8763 5082
8817 7738
9764 5600
8756 9191
6448 6606
846 7935
325 5409
2821 2528
8209 9842
8368 2202
5353 9785
1963 6874
4345 5675
8421 3512
7164 1227
8660 1890
4965 3158
7833 1682
2587 3583
5796 2586
6485 6769
3429 4575
2810 2892
4464 5086
795 4674
3771 6076
8364 1869
4437 3554
202 4470
1513 3378
6593 3536
7580 7828
6813 9987
568 5093
1502 237
1604 8749
6924 450
5300 8674
7392 4449
8419 2414
7709 7431
9489 9188
7774 2453
4285 5056
1989 6431
8587 848
780 2232
3462 5804
6033 524
5011 1671
8995 5194
9859 2956
6409 4917
1391 8660
6406 9422
8707 8986
2311 9748
9889 9559
3053 1483
9862 1576
5468 8860
268 5929
8409 7843
3760 8635
9035 6116
8971 3306
2156 2136
5919 2517
4810 6888
6672 971
2964 6764
8083 5805
2154 4929
9454 3446
7026 7185
5544 7582
9455 9867
3895 6417
9031 2025
6063 7564
1205 9385
9656 8965
8771 4142
2312 2352
9981 3926
6780 3438
1036 3965
9906 6929
9327 2851
6985 3466
8670 6232
6362 7935
3786 509
2181 2949
6668 2050
5334 8198
2277 1063
8578 4826
7438 5557
557 7576
9496 8618
5944 480
7304 8024
418 7063
169 5521
5514 7859
8173 4463
7938 1332
3317 225
4768 710
6488 5211
1031 8417
8199 1665
7582 5617
2573 4473
4431 6975
217 2465
5906 7859
700 3431
2031 3584
2908 3610
4294 2338
2177 6101
8976 689
7632 7710
5289 7162
1070 6705
5841 2370
1462 2777
5200 8742
7743 7864
6291 2123
355 2375
910 6641
4027 1911
4448 7272
1069 4408
1893 1610
582 8516
9583 3253
5505 8230
6972 6325
852 1760
7564 8875
6009 9202
3585 3220
3305 4848
9512 6710
2232 8793
2154 7065
6581 9508
2127 7744
4413 6625
6741 2613
3262 8654
6840 6019
5839 8603
7662 7819
8506 4316
7600 7929
9278 4418
1481 5011
8949 5820
1654 1265
8434 829
944 9688
286 3225
2865 4638
5357 3293
2676 3467
3034 8710
3962 2791
8771 3770
2139 2615
9591 2007
8971 5437
8990 2194
9753 974
3763 7284
6979 8129
3619 5583
7522 8355
2872 4989
1819 3785
3747 2660
7807 4539
5065 7386
4129 9630
5419 6484
598 362
577 5806
9331 95
9309 9919
7563 1105
3220 6067
1558 2905
8773 4855
5084 5411
6250 7352
6617 8193
6829 3327
1801 9645
5607 8573
7816 5908
9003 5813
6127 1722
6385 7780
6139 3388
1348 3542
8416 5031
8392 9801
4903 7159
7254 2321
8531 1260
6473 121
7982 3695
6591 8202
9535 3252
2558 5865
6034 6851
4272 8049
5212 8381
5965 2215
9069 6954
7656 7270
1607 7494
3485 393
1402 1925
2074 1229
6151 4324
7179 858
9960 5373
6177 5750
746 8179
7668 9701
8588 9146
9068 681
1463 6806
2267 4057
8086 2659
1954 3798
2186 4897
7783 4319
8373 3362
2043 1705
4194 8451
7216 5187
5619 6119
3157 9587
3448 3154
3927 496
5752 7952
6011 2197
8417 7073
6850 1236
8449 2601
363 3381
9768 9343
9314 8205
4497 1443
8831 2992
8180 564
4874 2699
6216 6054
6223 3194
1049 3239
5207 4989
9282 1375
5432 9361
4404 9770
3936 4435
9836 2143
7231 6662
2323 6388
8790 4042
6751 3194
1832 1853
7123 9048
1065 9015
3654 2334
2834 2983
5518 2519
7881 2288
2617 8505
529 331
7965 4655
4468 415
9569 2789
9146 1722
9197 1402
6759 1728
7103 7367
5408 6612
5587 6318
2693 6199
9989 9044
6947 9576
6308 6231
8417 7624
1356 8948
2196 6865
34 4542
3095 2967
1173 1359
7511 7819
4322 1929
504 2627
8095 2094
458 9629
2651 6170
4792 429
7687 5639
713 2936
3922 9404
4735 63
5005 6671
4414 5501
9271 7937
9174 7908
7659 7152
3464 3233
2543 4687
8981 6001
971 8283
1212 7541
3884 9377
2025 5380
7399 244
8061 2303
7402 3302
7288 7942
6824 186
3750 1124
6187 8069
8057 3190
8703 9320
7423 492
7052 4817
1909 3883
9599 1980
982 189
9882 1655
9976 7723
936 5564
9892 5875
9514 4787
3756 6930
5657 1605
6925 9887
7259 6470
557 6268
3942 4457
5831 3775
9539 9066
4482 6
179 6765
6434 4277
147 3209
8430 1256
6247 8957
5562 6586
7624 2470
8681 400
9985 3183
70 1229
5342 1674
4378 6954
5378 2910
5578 4218
8284 5977
1858 482
1644 7789
9598 2158
8130 754
1830 5638
8532 486
1087 2173
1589 8341
1924 9055
729 2720
9609 3758
1102 1136
5711 2500
2461 9337
6700 7910
2631 7863
1877 2637
7067 6830
8595 9446
1426 299
9656 4205
3763 2957
2004 6060
2442 9794
4979 1183
7346 530
656 901
3976 6458
4984 525
5943 9635
274 6409
7388 2222
2814 9510
7489 9636
2883 6551
8770 4908
7032 931
3262 8977
9265 9820
1930 7073
2558 6760
7073 1659
6951 1172
4999 1425
7925 2655
4510 2926
4233 4970
2611 6531
3139 7582
5234 5388
7134 9024
5165 1921
8110 9219
8389 658
976 9995
1324 6677
388 8094
7635 4056
2668 1281
8835 8296
2440 3408
9999 7801
9457 2636
641 8082
2337 6077
9634 9256
7923 2884
8370 9495
9070 7344
5045 6623
1936 8313
1410 8281
8329 4421
979 858
186 2113
5397 5834
690 8975
4773 2920
5698 1611
364 617
7879 9665
7638 3348
4796 1048
5831 2068
569 5850
708 298
348 7023
186 8658
6822 1212
418 164
4601 9779
3881 5366
2438 8911
308 2026
1783 306
6620 8501
5357 3602
7027 758
5158 6004
6545 5631
5639 4556
3758 2390
8576 3269
4967 315
781 918
6711 2689
2816 3886
7456 4248
1453 5423
7150 3623
3121 7026
1901 3948
9161 9780
5844 8584
9316 9699
2860 2585
1931 2065
8295 319
1449 1826
495 2349
4581 366
6946 6708
8347 7738
4796 3992
5158 9059
9217 4659
6799 9848
23 3891
1401 2072
7185 8973
9387 125
1406 9013
7724 3580
6229 741
9492 3489
7774 9445
1356 9599
3292 935
7768 8554
3182 5883
9186 5962
1258 1486
4860 137
8434 3754
6304 9534
9498 9386
6683 1070
2012 7506
4395 624
4500 6975
2750 8396
9137 84
6585 4141
88 9862
8229 9249
2162 1717
6871 170
32 6094
1747 431
7723 8676
3875 1999
5338 3001
7719 3212
3420 78
4407 2991
7366 6739
1523 9469
1985 2986
9908 2902
4257 5137
3936 7610
1135 711
6712 191
6382 1032
120 8027
7136 4271
6846 7347
3346 2796
8380 76
1515 8140
2904 6218
7820 4010
1286 8175
3506 3931
1876 8356
7032 3311
8495 2601
1201 3823
2504 7509
8907 684
2921 5865
6111 4665
7368 5860
3171 981
8653 2984
4715 8512
9290 6490
2474 7348
821 9482
1883 9444
4846 5069
8098 3140
9032 198
7138 7
5575 7817
5547 1261
7982 492
6173 4043
5410 4898
1647 2263
1209 4255
5087 4632
2629 8729
9241 3801
965 4116
1729 5020
4419 6956
7174 9112
4449 6201
2483 8528
7494 2223
6692 4359
2659 1776
6176 524
2817 3651
7759 8645
167 4986
9645 9927
3636 8797
1972 961
2297 5379
6440 5356
1184 5092
5980 1736
1742 4563
9173 78
3415 3570
5825 1600
9029 6246
9973 5511
7996 382
3841 363
8935 9750
286 4730
6167 7429
1619 385
506 3851
4060 5318
8398 1634
7459 8572
3439 8510
8197 9019
4492 4750
4427 9697
6082 4351
8430 7493
7378 9312
4141 9282
9859 2986
7069 4187
7850 4095
2971 828
2405 280
7548 1911
4768 6936
5211 1829
6928 2641
5400 8618
2581 4644
5998 9892
1536 1365
1666 5469
5058 4927
9392 1928
9191 1427
2318 3648
4103 3481
485 1395
1815 1485
7827 826
4152 2767
6325 2633
5861 8859
4650 6833
4881 7471
7167 8262
3017 7028
801 6902
9588 5384
4453 801
1968 1090
9932 2496
8439 2107
3640 2873
4926 3379
9928 1941
7521 4753
7152 2235
126 5743
9029 7176
1643 10
9105 5212
9026 8663
6064 9061
276 5075
7765 1911
1625 1524
6443 2213
4697 7137
8687 4621
1461 9425
7512 7005
1 438
8190 2312
1878 5189
8544 3729
243 9985
1843 3943
9145 9785
4779 1408
4833 2279
2133 2046
2328 5735
9897 6658
5807 2013
8872 7890
9670 5860
4559 3077
3394 9511
7157 7772
7277 4262
8244 1929
2176 2541
6310 5373
6390 2679
3524 2898
6972 8422
6386 1183
7962 4425
2760 5088
9292 457
4469 8294
9027 7025
4081 7423
6051 245
5839 658
9810 7882
9840 7010
4958 2822
9376 6941
6508 5869
6754 2232
4010 7508
542 2668
1618 8063
3847 5586
8945 6745
9135 4210
9374 2405
2370 1270
9509 8500
6289 828
4503 4967
6477 6485
3017 4880
9701 5454
4036 3522
1903 8278
6970 8383
7154 5514
2715 1625
1915 3561
21 3284
8545 7633
3659 4214
5798 68
887 1251
2400 9999
4158 6870
7548 3322
9546 7221
7382 4215
5678 1637
6982 9446
8904 4558
963 2662
4305 9149
4731 2754
7706 5877
9734 2451
8997 1891
9214 3468
3487 4024
8853 5919
2486 1087
2637 4181
9207 2646
8995 2497
1741 1699
1271 4555
4927 4906
3320 9743
9385 7838
2016 8615
8649 2547
8315 3527
5071 6558
3859 6356
8653 9001
2776 1493
6482 5764
4815 8792
3101 5616
6869 906
8933 630
5387 2748
4474 2681
6105 2727
8197 902
9106 3188
3166 442
7851 2460
1472 3812
7765 7046
1295 507
5580 3622
9862 5393
1932 1695
4061 7262
3834 8128
2702 7857
1114 6929
1197 9321
2792 2414
2319 3296
2128 5449
6860 2090
2559 1890
5574 7080
5507 5344
1550 5967
9724 5847
1017 3057
9464 8869
6012 1278
3551 7262
2963 2453
398 9132
2357 3397
7322 6891
7503 4787
691 9180
5284 9680
2608 9163
1538 3301
1981 9764
9696 1347
7669 4836
4030 5884
6915 9165
1944 699
6895 2738
8454 7943
6710 5518
8959 5107
804 302
4739 797
648 5836
8458 1791
678 5742
100 5800
6621 6904
3530 465
7452 987
5439 6451
3601 2357
9991 3103
5925 3096
5225 6334
6825 9966
4676 7957
2363 3179
1257 9753
5816 4174
3231 2770
4798 1865
3910 6722
5482 8789
9587 7925
2773 355
6608 9302
3093 8266
5091 1329
3922 4650
1487 6145
1107 7605
3560 3763
5481 9231
9788 1842
7342 6342
6137 9966
4338 3181
4625 404
7059 4438
2009 3227
5154 3475
3581 8747
3747 2000
3040 1749
681 3646
5177 9720
9098 1072
3375 524
5096 3275
9406 9677
