placement model: 1slider
width: 10
height: 10
number of points: 500
811 1474
1865 5042
4652 1916
9420 9120
5309 5684
6695 8999
3936 3373
5852 6838
3593 4944
8307 9241
9096 3435
6905 3043
7092 7060
2009 4814
8904 2889
313 4057
7610 4634
9639 3777
9746 487
499 7461
1278 2889
9649 8873
5506 9691
2043 3779
6393 644
7531 8711
7893 7730
2628 1447
9761 745
8937 7514
6770 4061
3647 7539
8039 6667
3671 3297
4400 3384
8185 6758
3556 8042
323 7079
6945 3737
9269 7336
3660 8327
9008 8387
4729 2577
5706 7760
8042 6020
7695 6916
7199 298
5275 5439
639 148
9429 6674
2868 5102
8810 9527
8263 6506
7507 360
9692 2967
6065 9784
3851 5829
200 9047
7214 4799
2294 2861
9639 3547
8876 5305
7228 9319
6269 6648
1325 9640
7474 8541
6830 5497
571 1567
5729 2838
7164 2183
4954 3445
126 2303
6426 9892
5948 5019
9199 4210
8932 8052
124 3759
8508 2826
4479 7466
8181 7162
7693 2665
9716 8784
9099 8113
7226 5077
4179 7869
5382 3694
4032 5238
6105 9481
315 8289
9004 5414
7144 8048
2177 7940
685 3183
5661 9240
2877 5859
6492 1507
8634 7260
5086 3725
8819 8682
408 5235
3652 5008
2044 9289
3717 9508
8515 4055
1767 9452
6839 5821
5135 7437
136 6307
423 5601
8932 1579
5588 820
7924 1955
1982 2781
6652 2855
1471 5799
9224 5645
1750 9989
6558 3300
8088 8343
3936 9338
4896 796
8819 9444
8020 1728
2075 4894
4843 3852
7556 9213
56 6580
1780 6961
7118 8393
234 2315
2292 5512
5395 4551
7836 3386
8435 6150
5593 6006
868 9785
952 6738
260 4520
7265 133
9979 1751
9423 1313
5082 8578
2739 2235
273 555
3682 9388
146 4671
1695 2676
6321 4499
8220 221
5797 4855
6990 5932
6782 3987
6184 6731
9769 403
2288 3698
4722 3239
3097 6210
1069 846
2371 9424
7281 5399
2244 5526
6667 7878
610 2180
8461 9119
9598 9292
6597 4826
1750 1645
1998 6791
950 1178
4634 7710
8877 2299
5217 885
9792 8840
1898 68
2318 8612
7698 9946
6348 5543
9033 6077
5699 6406
3369 6678
3177 5208
1345 1104
9914 5144
8084 7242
3814 1789
6515 8204
484 5808
5278 530
3318 8404
577 5654
7923 2170
7519 2461
7169 7750
2715 6738
6634 1808
195 3808
3066 2823
7446 8521
7094 4594
4846 1718
1681 5132
9176 653
5267 5597
7373 6686
7368 3552
6277 7490
5898 8184
457 5039
6830 4334
9200 8101
6056 3944
7692 7566
9030 4207
3204 1405
8642 8716
3271 6271
8613 5227
211 4462
7546 3111
2041 5455
5347 4084
6625 939
6319 1666
7628 1230
6336 1174
2725 925
4254 5737
3805 3773
685 6057
8092 783
5377 3861
8565 9456
8332 5001
6759 5861
3624 9919
2183 7442
6284 9442
1200 778
1854 4989
8642 4108
232 1749
9926 7556
7053 9737
9253 284
1554 7984
1228 2823
3645 5975
7554 6108
1042 5151
7139 7903
7941 3915
8372 3680
378 4767
3672 2147
8062 9740
459 8977
1078 4967
2684 9945
6051 3613
7338 1410
219 7795
1900 6514
9663 7202
3815 910
1228 6195
4842 4133
6706 7660
5285 7041
1380 6036
4140 3405
4884 5770
5497 1959
2935 1839
9522 2267
3197 8721
5177 3032
9535 5588
2841 7186
9163 8557
216 9012
1199 9760
8150 4681
9521 2957
1343 8711
3191 1844
4724 5492
2935 4276
3162 1200
8948 5896
5323 4353
4858 5025
3751 707
7928 3940
4756 4908
3308 9851
8153 3189
355 7626
3423 8045
2669 9469
8694 4885
3136 2780
6435 6975
5443 7528
3885 2250
3742 7212
526 7875
252 505
9513 9071
5952 5826
4208 7452
3117 5497
782 7826
385 4120
9491 9337
9052 4908
1872 3298
1428 6649
9425 916
5594 672
7741 930
1670 4037
5420 5386
8391 4833
473 7219
8394 1972
9515 7638
7870 6304
3726 7643
7248 9043
835 3310
9186 9829
899 853
109 5849
6715 509
798 5489
5257 9440
5256 1270
6812 2251
9419 2169
5060 5569
206 2335
6955 5779
9534 3762
8435 3662
5924 7878
610 6023
8281 1138
4015 834
9779 4146
647 6547
3983 7890
5973 7123
1191 9027
2977 1889
6517 8495
6843 8539
6625 4894
5358 1807
9049 3629
9860 6921
9687 668
2148 3995
232 6993
9141 8255
3680 8303
3668 9175
1071 7787
488 9530
1803 1894
330 9882
3976 7692
11 5932
1218 6243
5491 9666
101 582
5547 2200
4845 5143
1875 2277
7534 211
7496 920
5787 7673
9483 8249
7287 3885
6779 6115
6455 4002
1431 6221
197 9118
8816 3733
6432 1149
1015 1342
1098 362
9206 7820
7734 2888
4050 3828
8825 9972
8053 1916
4033 3664
1274 771
1213 9955
148 3823
2980 5491
6355 2937
6133 6329
6847 4952
3461 4028
6263 8897
5950 7900
33 6316
8285 3765
7979 736
8216 4764
2827 5305
9702 6762
4339 7698
8164 4619
5232 7774
5253 9683
7101 7052
7058 8244
4490 3779
4003 8432
6981 4328
6066 1426
1444 8372
5359 9167
481 4595
3148 1514
4119 342
2870 8390
4282 1886
1610 8667
8408 6120
1261 7516
7776 1852
2238 7734
1923 3252
4979 7584
41 7749
4797 1431
6226 2411
6520 7534
3750 8169
3065 772
5930 5746
5835 9655
9876 2966
7304 3328
6816 468
481 6383
113 628
687 8353
809 5429
1251 5292
6863 5774
789 1330
5406 1104
4404 1094
6329 8395
8993 5841
8359 6014
5424 6189
764 7188
1227 9509
8909 8736
7436 3950
5171 4805
4699 5079
3337 9861
7737 2972
603 8438
1452 1968
1494 8738
3798 108
399 4097
5610 1922
2310 2903
7872 3926
1423 6944
7846 3992
381 4250
8623 4971
597 6088
9955 7873
8158 7574
5821 4624
8640 1563
7020 7238
8927 4184
8117 6560
3028 6717
1734 8359
1516 722
9096 5104
8122 1452
3589 7674
7816 4396
2092 5733
6895 8953
3768 3870
7210 6341
