placement model: 1slider
width: 10
height: 10
number of points: 500
4137 4184
9338 366
7649 7624
9250 2923
1431 5239
8246 6312
3185 8561
3714 2817
1345 6635
85 6442
2253 2625
4870 6587
6765 454
2267 8190
4738 8746
1879 3761
533 4995
3895 6745
1100 4032
8180 4112
8276 4567
3143 2267
6686 8876
3508 3792
5332 9638
5801 517
5826 1586
4340 2903
5947 5802
4347 5267
9186 4746
6590 5785
7669 7004
7760 8345
2663 4977
124 4817
5025 555
2060 4837
5539 3496
3205 8985
1511 1103
2071 6101
2627 5790
3634 3216
4348 2107
6377 1875
3600 7537
6541 4139
9945 178
7112 9588
4581 2285
2503 5494
9518 1421
8152 2149
1639 6534
2300 48
388 8584
2571 968
455 780
9935 7692
5389 8933
8214 9561
8521 479
3565 7400
6468 980
627 1543
7535 9166
3936 1673
9546 1899
2865 1890
1216 1612
8653 2145
926 3745
1845 4823
6394 2137
4320 9900
936 6958
5285 5163
3238 4341
6690 8089
4668 5711
6805 7004
2492 7495
4433 2861
8630 1467
2151 2052
6496 6185
8934 6554
5724 4981
3274 8889
3676 1998
4636 6635
7609 25
2722 1087
4480 5247
9427 4216
5020 5651
299 1924
896 1192
7418 1364
6321 351
4629 7262
9502 9731
9608 2029
5718 7218
3002 5621
9754 2006
8105 2191
9490 3023
8624 3683
5065 562
9913 5915
745 2224
7040 2833
6670 5066
3200 8602
7090 4274
7140 952
7124 7529
4596 8541
5318 6020
8983 545
7355 7493
7085 8925
9872 8824
1887 4618
4059 4497
6764 3517
604 647
8959 7036
1735 291
7827 4666
6188 7918
1544 7236
9453 9498
5837 3712
5833 9451
45 3046
9814 1081
9704 6551
4735 9868
3872 887
873 2077
5588 9605
9625 5684
4544 9277
9227 6000
974 1000
9056 8212
424 6270
5170 8126
6202 156
9501 4204
8946 6929
6961 7311
6198 2707
8332 2193
6017 3912
8177 3025
7186 9953
6073 8036
6353 9182
6793 3309
440 7427
4916 3731
9309 1947
2644 9332
4133 8983
9329 4905
1605 6294
9963 8726
688 7829
9314 7187
2785 6889
5081 5732
3746 6214
7305 3833
9415 882
7292 6378
5052 960
381 6427
9233 2824
7810 9666
7097 9212
6730 1096
4615 9403
5325 568
4196 6980
997 2766
9853 2743
1071 6234
4678 2940
1060 4422
9987 2729
3173 1410
891 207
1049 7087
3310 2555
6289 1989
2728 3650
966 1535
8458 6528
7757 9068
8438 9976
1690 1498
1470 1988
5570 3733
9655 5840
5889 6747
1964 7766
7345 7764
9695 67
5725 8789
5371 8516
844 6546
7226 866
3811 9870
9397 7965
3701 9680
5195 2257
6269 4648
1024 9694
8165 9381
1014 7515
5284 7876
713 4512
2014 5600
1030 6185
4471 1517
110 8121
6790 9535
5819 5330
9031 9736
9729 3228
4277 8169
2678 2765
4517 5893
5457 1409
2547 9458
3265 8912
7096 1439
7960 841
3608 7669
1372 3673
8679 55
283 4682
9604 4199
3443 1445
4832 7347
9226 214
3301 9835
3939 6129
1224 596
2091 7112
3695 4094
3756 5312
2689 2574
270 4354
3162 4900
7149 8517
9850 4595
7301 9831
8184 921
3081 1456
5517 1797
3674 1322
6209 8509
5628 1930
5432 2576
1982 5472
4458 8311
5917 9413
7433 2510
5600 5191
6652 5774
1928 7585
1692 881
4826 2227
3280 8318
1217 2610
238 2670
6474 7373
8291 8194
5021 2392
9068 6453
6332 957
4072 1678
6204 5873
4584 1071
4686 6497
6137 9682
913 8035
8856 7908
6784 7294
8116 9796
9161 7160
2256 3872
8250 3749
9774 4000
717 8355
1828 4283
6655 8867
202 3700
4828 8149
8462 1927
6041 1636
5612 4676
4973 9487
7660 253
3054 9070
2883 5671
1602 292
9422 8991
4136 1076
9759 2404
8722 5888
6344 1054
3455 4928
2375 5475
4911 1039
3645 6191
4056 6049
6864 5475
8132 1254
4277 5238
4657 8858
868 3552
8661 4501
7798 8220
5197 9645
36 3283
6114 3527
5665 8966
3535 2596
3068 724
3447 7244
7108 9029
2142 2780
8834 4524
2088 956
2558 3870
898 8429
9631 1037
1611 9553
9229 2551
7578 206
8658 3445
9053 4586
9390 9585
1688 4262
3048 5247
8926 6946
372 5609
6533 665
5811 1725
1182 8070
3327 927
2318 4554
920 1641
4117 4941
5546 7272
4069 1278
7373 5166
9626 6580
688 8600
6457 1862
4652 6084
1812 7116
3593 7732
4080 2302
3069 6045
9574 1901
6220 5478
3106 4650
749 7682
1318 2071
8241 3158
4842 5792
1217 6392
9675 3019
1035 9109
9262 9509
6613 4928
1947 3497
5632 7418
8861 8329
4381 5287
1071 4806
4414 673
4838 8621
67 9451
8991 4028
4412 7725
5441 2974
9666 5113
998 5736
5863 9470
8649 1291
3870 2220
6743 2141
276 1279
603 7570
8563 9306
1690 841
4805 8105
2198 3936
688 6884
8307 6250
421 2971
3895 4087
1524 6549
8211 3751
4651 2682
8797 2607
1466 7945
8426 6741
2130 9966
1609 5388
2982 1904
7942 7812
5574 785
1431 7038
3828 81
6456 7362
6933 740
5697 6489
1856 9896
5949 6743
1331 3689
4067 3745
9503 5738
531 3424
5064 8572
3357 8137
7382 870
4789 2271
7412 3287
2535 1318
910 8617
3728 766
6121 8198
5023 5299
3552 7500
4543 1885
1407 2241
3214 3704
1340 7821
9126 5520
1008 331
733 3872
9164 5722
6145 3173
115 9593
3263 8912
2892 4994
9396 3236
8866 666
624 3719
9461 9371
8490 358
1591 5851
4249 4379
4758 2428
3170 946
3274 9438
324 8631
8893 7610
8782 2050
1459 333
6073 2198
9725 741
9668 7763
5529 1909
1714 6552
6389 5842
2021 777
4621 7002
3136 3474
3399 2679
7324 9965
531 1480
2122 3174
4932 497
9993 1853
1317 4911
7580 522
6988 7690
1054 9300
6246 3432
9432 9103
8025 1845
5951 5849
6616 2682
995 9845
8978 181
8869 3072
8450 5210
9494 8661
9641 5194
4452 972
