placement model: 1slider
width: 10
height: 10
number of points: 2000
6295 5405
3658 9451
3412 4811
97 590
9550 1079
1669 4437
1659 4965
586 9297
2012 5654
7415 7821
4367 1262
2430 6973
4748 4058
5585 7628
7126 1300
1525 6843
7620 8578
7730 5033
3231 5218
2363 4674
7693 7129
6682 3604
4029 8
5787 5029
9172 9644
7887 6145
1129 394
8972 7196
53 3558
2730 2763
168 8288
4879 6495
4140 4059
8834 1483
5267 7019
15 6941
9528 2644
2771 9479
5927 7177
9697 7713
711 3494
7879 7443
6438 8832
7066 4662
4991 4144
3156 1381
3246 1932
3355 7528
5202 2271
1763 7597
2470 2000
9976 2912
5087 9851
4952 5747
177 9006
5875 2652
1913 9496
43 7844
7058 4128
5158 2294
8348 2036
822 6051
866 9596
1760 4717
1847 5666
9318 2501
7154 3349
3073 5372
2044 1091
9725 8367
1053 900
8750 6247
8838 2966
8311 4011
7907 5729
4334 3929
490 3033
4142 3159
7593 5437
6711 7734
6805 9719
3851 9386
1018 1532
1368 3935
5075 8330
4377 6094
7128 3664
5231 4682
8504 7582
2106 7176
7850 9983
901 8544
9056 6147
2673 1640
821 3648
281 5243
4112 3364
5347 1858
6935 4500
5585 2059
4298 5778
290 9068
6194 6114
6583 3911
7437 5354
1600 5976
1167 3956
6884 2046
4254 2662
8629 809
8605 1263
2338 6609
4099 7428
5878 2012
565 5123
7458 1006
1881 9579
2114 7069
53 7263
204 4360
6745 9311
3867 8635
8307 4850
6616 3472
4035 2560
4575 8432
68 9150
5030 2215
8590 9774
7349 8623
2323 7884
1648 8560
4970 157
970 259
4126 9742
347 2309
9950 2850
7819 2147
8874 6251
6727 4112
1544 2739
3885 3369
4293 3874
3632 2248
1306 8846
8575 8253
322 4425
631 6875
7057 6216
7680 7636
9386 4999
4187 893
1759 4371
6828 3929
1678 2938
8393 34
667 6557
6987 6601
4655 8059
1386 9033
2786 6062
1168 9366
5460 4796
4630 8183
1956 7714
3986 6046
8264 8847
9811 109
2003 1396
7705 6683
6458 1495
9913 439
5612 5469
7845 181
3347 3923
9946 520
1167 7303
7240 1841
4283 7359
7376 9302
133 2819
7152 7194
4329 7810
5760 262
7206 8358
552 646
90 8492
9021 1775
1462 233
7808 5112
19 159
7648 6657
8292 5447
9351 7410
1232 3551
5302 9240
5138 4306
7808 7540
9572 7770
3867 2099
7418 8773
767 9547
4650 3745
5134 2252
8731 9417
7559 7325
534 7687
185 3117
9206 8331
1899 7449
3138 7456
9379 5123
1907 5776
860 7239
2696 3989
753 685
2508 9478
4312 8741
5584 3985
5566 2842
9465 5103
2062 2991
3415 8507
54 5030
4908 3859
1711 4358
7831 7451
6806 5478
4589 3999
1148 6905
6820 3511
2454 5613
2909 6655
3334 9096
2554 7256
5031 5735
4185 2481
5164 725
268 4423
2979 4944
650 8072
1318 1318
5604 9533
2310 1680
7029 7345
9345 9969
4651 7890
3626 9486
7332 2104
5373 9392
4402 4362
9848 2826
9191 7100
714 675
3472 5676
4849 2054
3559 9656
9731 6667
4041 1735
4912 7489
9191 698
1590 3823
4027 986
7290 7522
5951 5430
7322 9915
6436 5895
5066 3829
772 178
9045 896
1252 2111
1698 9770
3227 108
8012 3603
3467 8977
7134 9696
589 8561
2356 3246
988 6242
5047 1023
8973 2935
1035 6463
6423 902
2508 5258
8011 1974
4775 9020
1076 7832
5607 3763
2229 7148
3433 606
4550 9112
2633 8852
3901 5473
4209 4086
7501 1607
8510 4888
5481 2094
1438 8509
4633 9190
6252 8742
3421 5874
8757 8131
94 1664
9775 6030
8560 1526
1736 2263
7999 3153
2518 7864
9886 1643
7349 6338
9289 5232
6845 7680
3588 1732
5947 3316
4794 3546
9992 6935
784 480
1880 2059
3789 3986
5053 1689
4327 1238
1198 8440
3440 9753
8012 929
3743 1911
2958 9205
9780 9126
227 5785
4463 8884
3783 4778
3299 7980
5991 7482
198 4419
2494 2884
7004 6595
658 200
2634 6936
2410 7229
3949 8572
8147 8939
2902 4665
5108 3618
4777 8771
2684 8735
2761 7070
1531 636
4609 1574
2394 493
4587 5579
4389 3374
1141 8350
2366 8363
6413 2199
8274 5513
916 7324
6412 3651
4961 8775
7460 3191
9391 3922
8643 9141
4266 7796
6110 8617
7473 609
1118 3067
9383 5199
7001 8328
1871 1967
1416 2106
4470 3186
2159 6416
7300 910
5837 53
8933 550
7088 3405
1689 6237
2034 6681
1496 6490
19 9756
1874 6134
3753 6887
3668 5977
2045 9990
4388 3821
6307 4934
1956 9952
35 8323
2773 7311
6003 4810
3551 4989
6880 364
1183 606
2965 8755
433 8006
431 3895
895 7819
5214 7227
2960 1534
222 1025
2125 5119
3024 7806
8150 5720
9995 5174
1941 9030
7947 7629
3015 5352
8590 6209
7044 1037
1973 1954
3641 8226
2164 1702
7723 6929
4116 5058
1624 9406
5477 1455
5519 4521
2925 3149
6975 5779
2690 7263
8417 8639
572 6413
84 5287
8984 4875
3256 2086
7255 6045
1074 4142
127 564
5993 6673
8043 4771
5476 5830
4792 8245
9350 6158
8553 8579
1432 9705
4066 5007
3368 6452
8888 4448
9120 4131
4104 6110
412 7321
3040 9839
578 4620
9843 407
6598 8924
5857 4085
9811 4742
3164 8808
6473 5338
1079 7349
1643 6712
9584 3136
7423 7602
8044 1429
9687 445
5496 2632
9016 6501
4141 2816
4541 4826
9126 7864
9550 8198
8725 9366
5233 3212
4664 4124
3537 3793
5418 3172
7510 5941
4167 3269
4467 5559
7776 5834
9501 4517
3388 4152
2362 3828
6034 3559
3245 3583
4826 3378
5243 9769
7412 5692
1544 5245
712 8967
5133 8046
6549 5033
4487 6856
7628 8023
8416 9455
4471 1865
2832 5223
6190 7041
3795 1976
4842 8908
1128 8887
4347 9278
8343 804
5707 4081
3049 8512
6464 5241
6909 4816
7555 2821
2360 7846
1148 3169
7382 5538
5470 4463
9823 6729
3825 4078
8547 8722
6166 4342
8521 2792
8916 9578
2465 7405
2122 1476
5559 4456
6052 4210
6026 1508
5759 3877
818 1366
2153 2252
6008 639
8706 3684
6270 2818
2235 655
7432 946
6326 541
1566 4349
3178 4909
3669 2662
352 1776
2419 8964
6612 799
5990 746
8683 8654
5388 3605
4161 190
6012 7850
5502 3844
2494 2008
8378 3222
5920 1884
1000 1014
2901 7711
1144 8683
3814 2519
7416 251
6105 606
6678 4813
9019 9315
3054 2941
9502 1971
5463 7839
7916 3512
8209 1189
6222 2657
8146 6002
5795 3040
1377 6129
2674 4024
8527 3062
8211 5002
2799 9682
6815 2987
9462 7112
5523 5742
619 9571
5763 763
6631 9877
622 3412
9726 8211
7164 4842
4818 4072
1390 2148
2423 6698
4849 5202
8461 5050
3821 5311
8034 8
3550 420
8355 9990
9731 4970
4645 4120
1591 5895
5279 326
9986 2915
3735 8103
3653 1280
2908 2779
2720 4827
179 546
5904 218
2311 528
8368 7741
2677 7917
800 1104
9296 7341
7599 2621
385 4667
1103 8029
8974 1635
4424 2933
7064 7150
8851 5535
2460 8284
6734 4671
3297 5260
2795 1499
1461 2794
6332 6816
975 8976
2632 5340
6154 5286
5312 1787
3833 9604
9804 3878
4475 806
3667 1199
9836 9866
1692 8361
1970 4542
4227 2232
2929 1078
4341 3469
9964 6088
4736 7492
1228 5847
2383 9180
3373 4113
348 3005
4044 8633
8348 8057
818 6283
5677 7723
4925 564
400 9532
5516 3088
406 2390
2733 377
4918 7705
7113 1039
2328 8286
9903 8221
6961 2238
8679 6226
3381 1692
502 1390
9384 6587
4092 2612
6749 9462
3017 7511
4162 5117
9694 3573
5666 6635
4037 4209
694 8900
5825 9558
166 3432
883 3648
9892 6609
1652 3352
4793 1097
7052 6372
1167 8524
1605 5688
1547 6466
3987 342
1301 1073
354 5441
8609 7547
170 5457
4629 8750
317 8350
9893 6564
7414 6793
7134 4452
1447 9115
4512 4323
2585 5199
4953 7072
822 7126
4133 4070
6154 6405
6678 8319
3462 6584
6174 4705
3218 3311
7724 6960
7500 1417
6894 7089
2689 9456
8847 9285
8469 6008
3602 967
7560 7172
3568 7842
9237 7167
1583 3107
7610 1270
9054 3796
8720 5937
2974 555
6540 6467
2103 1616
7629 529
3392 5783
5481 48
675 9536
3530 3796
2622 5731
4332 2745
7641 218
9725 3325
3406 5962
8437 6714
9962 784
1035 4697
6500 1689
1519 3807
285 2201
7110 2522
4959 1259
667 6017
3581 8801
465 3277
706 2666
9229 104
713 8498
7371 5457
5251 3552
9563 7031
3357 7900
6670 2357
2139 3981
1035 5741
5795 4887
7124 9861
3752 5730
6331 1355
5186 607
5766 2027
6539 3201
5709 1945
3931 5887
1095 4787
5992 7728
7372 5405
116 5120
4540 3655
6546 5199
5558 1514
4251 3146
9241 2796
3615 7919
2692 421
7337 4555
9264 6067
4403 6182
5453 8405
8209 5586
6148 7480
4425 7551
2962 5290
3696 2791
2133 4197
6073 811
2811 3375
4618 7695
497 2736
12 3435
1126 8737
6295 799
5563 4932
2807 8427
9419 8860
718 2228
4457 985
660 1922
1324 1444
4359 123
5343 5417
3737 5128
6570 9101
7710 5440
8401 9372
9797 5303
2033 5028
2003 2204
1800 3318
8546 4222
47 2160
1385 473
1137 9338
6857 9168
3092 8688
1486 7282
4244 5690
106 7377
1088 2872
8165 947
4102 6497
7426 9437
1337 7443
2612 9955
5368 3836
5235 1862
8767 2388
8244 9950
1250 7057
9541 7068
8687 6710
2457 3516
8462 2397
1106 140
227 1799
495 5325
8215 6213
8963 8514
6421 9609
5142 5258
7432 4492
5273 1824
6070 5706
4389 6576
6583 9996
7773 1231
7962 9634
7610 3540
8666 1421
9104 8565
8026 9207
9927 7033
3789 7671
7707 4556
1983 1684
6817 1141
9946 4489
2285 6612
4600 8092
4226 2057
9954 7047
6479 2571
658 6177
8685 3885
6184 9280
1435 5047
2113 3443
3805 6025
6398 9693
2132 7818
7670 7491
9601 6113
896 1918
7801 5047
2696 9027
853 3455
8869 6161
1122 1744
9521 3398
9946 6688
8961 293
7098 5260
1252 9135
4954 776
3059 2717
636 4324
5649 5272
932 1819
2453 8497
5612 1677
8519 4939
4824 7174
5697 5149
3656 6060
4919 2431
4059 4876
2048 6237
5964 1627
8878 3611
1213 165
3003 683
827 6985
980 9173
2076 6394
9686 1030
5431 3715
870 1816
4283 2538
4354 8783
9623 7061
9001 1110
1374 5379
9674 8194
1286 7247
6237 5615
3571 6850
5252 4269
8588 3463
817 9541
1574 4294
4352 9665
6763 3702
1807 4962
3723 2468
2101 4933
1832 5365
9488 3125
2210 8158
941 5165
312 4096
2063 3316
8875 2264
1698 3741
226 4466
2413 670
8715 5702
4679 9070
1216 7876
4209 1395
9397 8619
9285 2376
2624 1766
717 3522
5359 5119
7442 3141
401 6069
6240 1250
4983 7093
6999 9598
4872 313
5503 567
3151 1881
6645 9252
1550 8130
8919 9550
2049 8246
5849 4734
9397 1594
6846 8063
6996 2232
6682 373
4530 727
552 2473
9680 5260
3233 7115
4145 3670
1926 3692
2992 6895
8290 2793
5873 7072
1253 9967
9384 9037
8470 2261
6315 4262
2461 5921
3426 6230
366 9065
5000 3703
5052 4741
4042 9897
1758 872
2471 1034
4932 907
8476 950
4371 9436
1972 204
5682 3857
8645 4859
852 6004
4508 9996
3248 8635
3431 9150
1346 8532
468 788
9674 5401
7097 3351
6445 1928
6354 6536
9368 2811
1882 9747
5556 1189
7741 1147
4997 5903
682 2737
3270 8480
7354 5591
7486 3876
2040 4407
6201 3278
4940 3254
4332 8056
451 8633
6054 3437
5754 9482
8512 9455
4298 8444
6968 6411
388 6872
5228 9154
746 3223
9285 7912
9970 3115
4756 4216
3124 4764
2932 4513
7585 1213
6775 2738
1685 4170
7542 7693
8514 6223
8578 6136
8206 7752
6617 441
7282 1796
827 5054
8225 6801
6376 6262
7303 4140
4346 3195
2133 7349
7276 8822
7867 2329
3758 992
3799 5226
2965 9106
1931 8275
1477 5076
1184 3545
9973 4597
4083 3417
3144 8444
977 5849
5390 6804
9190 2949
54 2551
3617 9815
6656 4537
5316 8860
5730 4150
5049 9229
888 295
405 4302
6239 8721
5053 9651
1733 125
4586 3749
6033 4417
4972 84
4264 6225
1650 915
8117 4353
2297 2877
274 1228
6165 8736
2051 1885
84 4645
8020 8195
6984 427
7885 4398
5714 3027
1169 4037
4052 3887
8683 4408
6448 8657
4343 2856
9162 2390
1157 8728
2924 7643
7131 2750
2888 9136
2036 2492
527 2445
5856 7397
4162 6133
5041 3864
1795 6202
6798 1944
8285 4588
5550 1716
3953 8614
8946 5327
1675 5246
6984 5846
8777 9970
9868 6618
7061 2610
9618 2042
3378 8049
4132 8993
9509 2668
8487 5716
7255 5196
9447 382
3945 2633
973 3378
8778 1563
1684 1412
9541 9126
5472 5100
4006 8085
5673 9203
2480 1427
7164 8143
5329 9077
1579 9206
2266 6295
8616 906
6906 2886
4891 2848
3730 301
9452 3473
7577 4608
4975 270
6112 8261
5401 800
1465 8500
3182 96
5287 4575
6269 6267
9733 6639
4968 7549
3962 3821
7642 5624
2137 6626
6577 3266
9380 589
8711 719
819 6564
7897 9349
3237 1249
4534 8258
3421 1448
6484 1507
4837 6130
7422 9469
3392 5942
5386 3205
7110 3769
1640 984
8169 9700
8723 9141
8467 6868
8121 1169
7733 6357
8570 1964
9788 1913
9115 2819
3435 9060
6180 3379
7648 9818
1521 8992
6326 8772
950 2234
2352 761
2669 3892
8034 6477
6151 8189
2218 3725
4636 3589
2299 8455
9249 8598
7586 7429
2795 937
1239 7658
6044 4759
2253 1024
2868 5586
6402 2161
1948 1690
1502 559
1045 3777
8389 6746
7735 3697
1597 5356
1946 8961
8508 8188
7358 4122
1503 9001
6663 8746
3820 8947
2941 6981
4177 6960
9267 9377
1886 5879
2322 2318
1412 8733
3236 2064
3511 1393
6560 5541
8421 1571
7795 1835
5936 961
5128 6432
6608 3677
2908 8010
36 5535
8995 9083
5925 8590
3660 2244
9567 3635
3316 4962
8217 5803
5389 809
4556 7651
5000 3195
1670 353
1960 8305
7728 7107
7280 6710
5926 8269
5694 475
1645 8063
2153 4335
9126 7316
3175 2523
1331 9778
9743 9226
7707 7329
4792 6326
3431 7142
3728 8722
8131 7507
147 8530
9803 6145
7041 4259
3960 389
5559 3963
755 3575
3099 7819
1276 9879
209 3750
6842 9164
360 8484
9288 6847
3421 2389
6287 4118
1371 413
5746 9445
4299 6414
10 2658
8116 6484
595 3235
5563 1283
9435 9383
6625 6037
4945 1370
3974 4178
2789 2817
7903 753
5772 8769
6196 1458
1265 6579
2984 7791
8908 4662
4046 8720
1449 410
1308 8040
4448 142
2744 4937
806 7595
5214 4205
5200 9133
1399 6179
367 7313
7445 9614
9798 848
564 7976
3534 3957
1183 3634
5560 2554
9788 5592
639 242
9890 7779
4807 1210
9572 141
999 5200
5031 2417
6665 5971
4271 16
1983 25
7788 6833
2201 2595
9906 3215
2128 3257
3833 4140
5414 8961
7361 6297
8257 430
8167 4668
3910 7419
7693 8464
8586 8402
47 5986
6340 9593
2779 6053
3402 5889
7128 6259
679 3467
3706 8632
6273 4264
9471 2493
299 4424
6701 9438
6219 3255
1694 3311
4707 9702
8396 62
7601 5260
800 5525
7157 3051
654 7611
4982 8552
1356 3062
5421 626
6299 4528
6188 1566
2507 9427
6734 5824
4288 2098
4666 8525
6955 1128
3791 7670
4000 4291
6467 6115
4865 1601
9253 8447
5620 8894
5019 2278
8818 3395
1844 959
108 6917
9824 7268
6313 7092
7482 4334
6924 1039
4722 7492
2449 4957
1223 1788
6907 5582
5062 744
675 1506
4405 736
1617 5838
1153 9595
5070 913
4500 8398
2219 4784
802 5719
6223 1063
691 331
816 1527
7623 4743
7649 5713
3983 3039
9444 1443
8780 633
6926 5627
8086 8226
3083 7624
1242 5839
4790 8627
2411 8229
7723 1179
1924 981
7574 3925
2654 6293
1574 5046
2475 3688
4270 22
4804 362
375 2926
3767 7453
4737 9094
9397 6864
737 8142
3460 4603
1445 9628
5400 9816
5791 8139
3850 9075
3167 9870
1934 506
5340 478
7801 5593
2539 5168
3969 3007
7149 8679
6260 3086
1390 3277
2652 6742
2120 2338
186 454
5171 795
3902 5795
8812 3826
5487 7529
9484 4782
2457 2518
9518 5736
8755 9640
7839 1502
5771 7187
1110 2243
5795 8493
8654 3569
8334 982
8794 3376
6008 2978
8656 5865
232 9219
3239 9611
2464 923
4835 5498
98 8067
7431 1583
4381 2455
7762 3712
5615 8988
4804 6606
2549 9092
1356 1018
5431 1158
8278 9217
1561 9801
2733 1401
204 7260
5732 4575
4913 8851
4849 3510
4263 7852
39 4119
9770 5546
4688 8850
7342 340
7586 9419
1846 3352
5394 8104
3717 6568
3325 1989
980 2264
5926 7427
5095 2885
69 6319
8471 2614
3715 5766
9688 7330
8299 431
2378 1118
8133 5934
8391 1282
2846 5665
9048 7802
6770 3757
5988 4640
3795 9144
499 277
4204 4448
1335 4933
8094 4564
312 9713
420 2944
3398 33
8258 4517
2316 4894
1096 7914
6840 5157
7603 9205
6494 4046
6 1866
8937 3226
9337 3588
3419 5638
3002 5962
5815 3229
7687 6061
7313 7437
2371 6448
6026 7540
3460 3428
1006 8605
7360 1577
303 7938
3297 6598
1821 1067
2506 5510
3812 9533
5718 3974
1430 2809
5452 3943
2827 9744
1342 8523
9323 539
2860 9969
4866 6255
5348 7494
4886 1616
3071 6738
2856 3259
7342 7810
46 2259
7666 2700
4358 6437
7583 2147
5038 8792
1338 6278
2363 9724
9178 2114
3302 6647
4254 5575
7119 1606
6976 9382
412 5057
2263 2543
7384 559
3927 2070
6605 3057
7020 2533
2409 1460
1901 2575
7294 1239
150 6918
1230 6542
9192 4335
3704 3307
6797 1204
9813 7303
5145 2042
3703 220
1284 2851
3720 2340
6621 8826
3034 5330
9828 1901
4705 4071
9542 3994
9551 4856
6682 9156
1369 7704
8603 1939
3480 2277
5391 1376
2774 6773
8109 5592
937 4662
5035 6627
6935 8124
8106 235
3049 6163
5405 7412
145 7937
6183 3133
5991 8807
3369 7438
1862 3355
1330 1554
4609 4113
9465 6327
4798 9700
4941 9191
125 7603
5111 5314
221 2621
1389 9059
7522 7721
6453 5346
1615 7196
1047 7224
1049 8341
618 7247
5268 2004
3760 7165
1021 8692
3382 568
7733 2579
4210 2291
9152 6648
8536 1980
2016 9303
823 5247
9041 8993
4571 1818
9949 9123
1462 7551
9448 9257
1440 7513
7279 4443
1740 7292
5258 9923
8591 5081
3646 8768
4417 1
7491 8636
3346 391
3814 4379
1286 925
8795 8463
1731 6811
8845 3984
4996 6257
5333 6886
8767 7827
2252 3090
4792 3023
4329 36
4063 4784
2373 6610
3474 627
9864 2771
7543 712
9695 9096
7665 8966
6115 7272
8597 836
8070 7708
9654 1011
7011 6200
3483 1971
8703 4272
80 1225
3336 9099
6235 8496
5748 2859
3761 7768
259 4875
7546 5991
2909 1844
2957 2549
7984 3569
9620 4353
7306 4691
9821 9198
8372 9829
8187 8546
6365 7033
358 1578
1055 5472
7689 6007
3982 5251
5525 8868
1526 5595
5368 8244
2449 3760
7759 5947
6627 5757
9490 8477
9321 3247
1224 9124
826 184
3261 8027
851 4223
1737 9539
9211 6025
4185 7355
9411 2568
1130 3465
2211 4879
2320 7225
4569 5512
8241 8832
7819 216
8514 3597
7092 3325
5853 1977
5516 2122
1042 6050
8191 7163
738 9791
5692 6374
5596 1651
7215 5594
9631 4670
4809 1289
9242 6546
657 8967
6559 7549
9073 4590
9113 1993
4550 4245
5320 8419
90 7189
1405 4080
5634 1653
1400 7869
6439 301
5969 3861
2257 4014
173 9946
5987 7608
9595 8784
6331 7371
788 9317
6498 9224
7675 90
4103 7477
7914 3454
4546 7289
5774 5441
5765 5594
2696 3076
8331 2963
2738 2905
6254 6008
8056 9303
7034 6774
9347 5371
6727 7985
740 8833
8783 3680
471 2207
1236 255
34 9060
7470 2494
3992 2242
9029 2211
4080 3357
5961 8255
2295 7056
5541 7488
3049 1762
2817 7405
7889 7330
5560 16
5354 9633
4432 3053
8001 8819
7812 6595
3240 1126
6154 174
2437 8797
9504 8018
3741 4157
985 1788
8961 885
1345 1652
9690 8568
9110 4123
6050 5214
7765 510
6135 7925
9370 5415
1760 9875
5258 5172
4583 4475
6551 2861
8879 3882
1172 4308
6398 9815
857 9962
4033 1074
4863 7013
2574 4909
6885 3758
1225 7346
8810 5618
3740 449
374 4630
6617 6983
6826 3576
2228 2067
7811 3330
9784 4667
3914 7862
7030 1244
2787 7300
4164 736
4296 7585
701 2566
5234 1025
7161 5926
9304 1899
1636 3441
7141 2227
9567 5860
3043 4008
5464 9540
2070 5077
4231 1836
6809 6503
23 2823
6700 7185
7436 4885
1075 4315
1262 6240
9734 2521
1993 3880
2124 9541
4345 2542
6897 4965
5475 7708
9152 7453
5464 699
3321 2321
8610 6572
6825 9508
241 243
6635 6392
5103 952
3130 2406
2149 8582
1806 8684
6475 8742
4021 45
333 7694
5529 5242
1979 8046
5408 782
6818 1104
1768 8958
6630 8401
6434 3451
4296 3065
6722 4240
8854 7085
2730 1919
8936 1479
9794 25
7232 9049
1647 5184
9156 1012
1584 237
946 5460
1973 1677
1040 4400
656 8338
7321 747
795 4821
653 9353
1986 6617
9741 103
9667 6095
732 248
8927 8443
4686 1243
5823 2091
7483 9362
6682 6568
4035 4252
1394 1280
9179 2938
89 3961
1136 5239
3367 8482
5323 5450
5762 1137
6798 3826
3109 1686
4666 3166
4474 2167
8171 7732
5964 7723
1709 5336
1290 5034
2116 5054
8704 7432
3907 5749
9728 9579
7217 8531
7779 2911
5051 8448
8206 1013
2387 172
1641 5612
5604 4371
8260 9325
157 2441
391 1139
1489 6027
5842 1980
3728 2088
4182 7085
4975 9976
965 3005
1153 7281
5234 8439
5030 990
6628 4865
8054 5722
8854 3461
9303 1524
3198 6732
9935 3531
8223 2998
4560 8210
70 6372
4478 1790
8271 3520
3644 7948
9407 6942
1947 1605
4928 6982
1404 1775
2861 3318
7131 4621
1652 4263
651 4734
5747 8795
5198 7394
4501 4475
1051 3096
2577 8303
179 9980
2030 1131
5442 561
74 9809
9164 7953
3916 668
2783 8166
3453 9876
156 3712
53 2351
2606 2068
8985 68
758 8273
2373 6995
3218 5985
9341 763
6249 2472
1401 8056
8994 1436
1061 7648
3110 4768
7535 21
8325 9399
7196 3900
9922 5170
9508 3423
7734 4328
5913 57
1201 7603
2782 8713
7675 646
1206 3461
71 4241
9338 2589
9036 372
4703 7763
7394 5789
2749 4979
975 8204
1427 5922
9363 9059
5860 6320
4287 2952
4774 3248
503 1822
7399 9821
4977 9857
335 2614
8990 1737
1506 1299
3962 6542
2449 8826
671 138
7681 5438
908 9410
4350 3102
5945 8532
4633 8546
8397 3550
5242 9629
9248 4494
799 4293
6618 2618
1347 1881
5459 7146
9030 3353
5016 1418
9239 5454
9242 6009
6496 7353
521 6665
7888 4233
4807 8959
6523 7217
3379 7323
1985 9817
8420 461
9481 7730
770 4362
9115 5409
906 2258
5308 8412
7372 12
7243 7683
7454 3150
9543 9774
8906 5561
2634 8595
2019 8317
4932 3074
9324 3948
9187 214
5293 2565
6387 7399
2457 4417
7813 1457
8249 2795
6498 1961
4639 4753
6193 3169
2921 2336
4202 7419
7630 2851
9492 570
7290 7824
6475 9788
3340 5933
