placement model: 1slider
width: 10
height: 10
number of points: 1000
2384 1870
66 4860
7972 6116
8444 7403
4163 7817
8495 6138
736 107
9435 6925
357 1231
614 4270
1123 5870
6268 573
4983 5555
2804 7941
2613 7141
4797 4620
5647 8036
2757 115
1797 1970
6752 9810
3371 3092
9497 5998
6756 2965
1887 6311
1879 4013
9318 8994
2072 9425
6951 8032
8543 6398
169 1759
3136 1396
3289 6422
3940 8621
5435 2126
7109 373
3077 6857
156 8659
4974 250
8338 7937
251 1009
1343 4333
5336 1124
3388 7253
968 8286
5422 9839
1153 9627
9902 7041
1047 8634
444 980
7237 3768
1783 8160
5145 1566
4723 1226
9184 887
5231 2723
5968 3219
4932 5087
8825 4079
105 4363
2264 2076
2374 7203
1690 1893
9567 4779
9731 3101
5562 2753
8829 2467
6048 9152
5966 9754
5567 133
822 785
2709 9224
787 482
9380 9409
8084 9665
894 4916
9985 9155
4934 4295
7362 5645
4602 1504
8462 7954
4104 7632
9652 865
2854 9856
3593 9037
9448 3483
5766 8294
9639 7975
768 7795
9846 7290
8215 9839
4961 8272
7180 9345
2044 5764
7391 4240
9178 938
317 7707
4216 3658
4768 8871
4933 7581
4298 6876
9789 9151
1736 3855
2909 5190
8981 3020
1561 7562
9312 8771
9687 2516
3310 6050
156 4654
3880 3471
922 3789
15 9915
4899 8339
8271 7384
7974 9124
7664 3661
7441 1387
7383 970
2665 1393
7285 5259
2395 5504
7232 8990
5411 3623
2442 4197
9244 4033
1425 4579
303 7029
3842 1995
5710 722
6074 365
1213 489
7194 2719
368 2895
3488 9128
3298 7309
9361 5639
9409 5154
9191 7926
2007 3945
286 2579
7139 1639
9379 2439
334 157
5444 9235
6975 1195
2788 4085
7582 8040
9354 9006
3374 4746
7810 6606
5550 5743
1173 3616
3878 8673
596 3636
8722 8474
3194 6191
5804 6951
5214 4230
9806 3571
5768 9120
6626 8432
5215 1368
8502 5886
1395 6620
917 1809
4495 8987
8322 3701
858 227
2876 582
8014 7295
2500 5699
6953 9699
5392 9437
491 1374
2557 7286
4958 6503
9644 8251
8573 3780
7967 2717
574 9535
6656 8665
7419 791
7411 1693
7401 1007
552 5850
7343 8926
9429 908
3873 7275
2619 2613
9450 4543
5227 6832
2735 2799
9019 9589
1177 8552
338 3239
5668 8679
4410 3510
5971 8428
9715 5236
8631 7932
7779 8319
4727 8707
3570 1122
6521 3553
3994 8343
596 3051
2969 7434
9963 4982
5021 8085
6077 830
6502 5070
6418 3447
7394 4823
1797 1423
695 2043
453 4022
4319 6863
4998 4152
2108 9883
6395 564
7885 9805
8384 7573
5069 6877
3877 1089
2726 5333
9363 4325
8577 736
7102 713
5312 5857
3145 2671
2404 6646
8756 5799
8800 2853
997 7008
9555 4487
8891 3349
7014 3161
5941 3083
3875 4358
5706 5558
263 2116
1922 1858
6254 2274
675 5498
2893 3821
6335 4619
8663 8106
2203 5521
6281 7475
1607 2149
5476 7037
3337 8642
5287 6020
2948 9961
226 8144
4164 2637
8063 1997
817 9054
4539 848
8753 8390
6516 5029
2294 4818
9455 5585
1691 5436
3706 246
6305 2100
3696 6507
8160 343
2843 6682
2315 3127
7987 6976
7256 6195
1414 5263
4690 1398
848 6972
460 3783
9820 1191
5748 9828
5254 7036
7227 2455
389 6384
2920 2740
6392 9641
7452 2134
9995 5204
1353 3704
453 7425
1304 6720
6797 3474
1894 2512
6971 2652
4191 764
4750 222
6297 8646
9287 8382
6649 9706
6557 6551
6742 5032
9040 4037
5450 4256
3929 8446
9044 7956
7037 9750
2493 9507
9906 5540
7428 4192
3545 8547
1852 433
5075 7541
9524 116
1113 6305
821 9158
6208 3767
4265 5819
5618 489
8601 440
1881 5135
1267 2227
752 8847
9515 7515
3264 9430
9671 9176
9050 5641
6010 9988
5060 2109
7053 756
6907 1188
9533 7394
6814 3619
9699 9330
2921 7274
4549 231
6901 2011
4770 9077
4738 9583
85 9386
8224 1119
2625 6372
9282 9246
7175 640
641 7919
5984 6900
5576 3544
2766 3372
3752 7970
9490 2198
416 6360
6482 5125
7187 4787
7162 9737
2452 7462
6965 5053
5838 3628
4023 6309
3714 8059
2259 5446
4716 2190
9772 2044
2631 4262
4261 4051
3580 6701
1124 1419
1521 2106
7083 6164
3890 5442
3993 7441
6514 1049
7416 846
7586 246
2837 2933
2969 8038
5688 828
7717 6125
4941 1824
6711 1832
807 3483
775 8904
9076 8585
4158 2025
343 1331
6796 5988
9740 3013
4676 8694
4486 1400
5081 4875
8640 5262
4107 3061
9900 6533
2496 4285
4378 8158
555 7626
1041 8232
4207 6536
6765 9481
6718 7640
7685 5724
7310 4248
8030 4864
6028 9807
5723 9059
6414 4248
243 7755
3000 8720
5152 3113
7153 917
2477 183
2242 5498
3715 2242
8349 4413
2114 1323
2680 7186
2678 7737
7148 3250
2370 7882
1819 4566
3309 1337
5151 1497
9951 2241
4020 484
2742 8150
4665 5829
2351 6302
751 4830
4535 8294
7419 7346
19 1435
1557 6444
1790 7288
9890 7955
3548 225
7131 1920
8524 7280
3829 2556
3142 9482
2086 5040
6644 557
8166 1242
4295 8923
8736 2496
118 1984
7367 3951
6484 3357
6917 9738
9034 3982
2021 9027
9653 5516
5264 3844
2191 4146
6854 6338
711 7418
8645 9713
2622 5857
280 9509
1166 5661
9260 1007
4886 5973
1206 270
3554 4799
89 1627
9202 6615
7022 5471
5824 5784
319 2640
5156 674
9093 4133
923 3539
328 6887
3746 588
9669 5892
3288 4655
6699 8238
1960 8436
7086 6926
583 5773
4954 1847
3290 996
9806 1621
2159 8631
8425 8554
8685 5207
8194 7704
585 8761
523 5736
387 1750
2701 6094
8903 6491
9453 9919
7601 7359
4416 2472
3788 9677
8813 4487
5948 157
4627 7256
682 3722
8572 9899
7296 7362
1177 4371
9779 1680
1349 9204
1156 3314
5900 5795
7134 2376
1358 656
5477 4474
9001 6042
3480 2004
900 3925
4257 1691
3696 9853
3546 7897
4794 443
6401 1445
5489 516
423 3977
3771 2996
4325 6363
9639 6236
6408 379
5745 9594
2739 3143
3006 6700
6879 2949
4819 2197
9388 5632
7762 8410
566 2437
5894 3670
7646 5687
2050 217
9166 493
1457 8326
2202 2856
393 9039
4743 4642
1350 3340
2242 9170
5564 5115
5963 5544
9481 7365
9729 8824
5088 3538
4345 174
9130 3155
5368 1620
8759 4437
1727 4166
3863 4096
3196 208
46 4754
7026 8982
456 5572
1139 8976
1672 6964
7548 7190
2316 7648
6716 7555
6899 7578
4838 2592
4360 1907
9767 2287
2405 1565
1219 3392
3261 2033
7933 3417
1139 8437
3412 234
1806 8595
9299 7378
7842 259
1365 7228
8909 677
9539 1983
4444 8524
314 5593
5426 1566
6875 8083
9469 2803
2568 3520
184 1637
6971 4825
2119 6182
3620 5067
8484 9267
5655 1335
6024 3481
4956 173
6496 9566
4135 7607
488 1343
8591 1617
5959 3758
2860 3514
1693 2369
1618 2443
758 1090
1311 9390
2787 6995
2316 3727
7270 6289
4864 7800
2603 381
1767 2494
3794 999
934 9940
3896 7930
1019 7856
7810 6872
1413 8961
2697 3673
3509 8663
4608 7501
3125 4231
3883 1643
9383 9759
853 1659
87 5457
5790 1095
3326 671
5093 2749
6629 4164
3439 3066
9374 4905
817 9407
1379 1305
1422 3168
230 5808
2865 9698
4170 8653
2198 734
8136 5757
4820 4326
4350 2894
3261 9995
5040 4533
7422 7672
491 2897
6260 2600
3503 375
9545 7383
4546 872
395 5462
313 2113
1318 9052
3572 9933
7302 5123
7748 5136
1759 4286
7054 5324
349 2948
9832 2884
5826 4864
7678 7870
6544 3624
2830 4712
9668 6082
9034 2158
5204 5559
8801 3858
1066 504
5833 2816
4637 530
622 3162
2896 748
7141 2852
6917 9953
9264 7626
1801 9126
4883 6398
1094 6013
7767 6808
5061 6552
5226 2964
2357 8742
4964 7173
6987 25
3169 3000
3928 7699
9423 2848
1287 8981
2051 3075
8013 274
2273 833
9917 6452
1324 4583
1354 8386
2225 5693
4573 7994
72 4358
3867 689
2870 1132
3223 2509
8583 9067
5567 2460
5065 3319
7095 9429
4088 3265
6016 9281
4083 4754
6818 7064
7998 6039
2260 3098
4965 7751
2936 3574
7683 260
7390 5200
964 2299
3880 935
4261 500
2270 546
9533 1119
5959 7708
8876 9061
5795 6322
6376 5266
3766 8082
6455 8925
7983 4626
241 5557
7355 5029
6189 5405
5327 201
3093 5402
3677 8889
9074 1148
8776 9505
9418 5194
7084 1987
182 5277
124 3856
9226 1392
9166 7385
9995 8682
393 9273
7985 6665
6664 9121
2680 5481
6168 2234
4253 7384
6412 5335
3584 4079
5445 1919
501 1615
5669 6996
5242 6617
9458 930
5743 2948
8290 4554
3090 6398
889 3489
9894 8810
6600 4818
2221 4626
18 4058
5974 8306
6409 4790
7519 3592
7997 6794
8432 785
9681 5190
9573 3363
3414 9940
625 3594
7691 4322
7736 720
7610 4545
8700 1681
2027 3546
39 2215
5004 8283
2896 703
8796 1238
4632 4219
8289 4843
1448 1784
5891 6985
3671 6760
7999 3732
9479 2985
88 7777
7908 1985
5769 2979
1608 3984
5713 3726
1114 6346
4450 8430
2231 8643
3777 1083
3679 4874
1488 4627
1230 4112
9473 6347
5291 3513
2331 9022
7935 6085
2457 2689
6883 3818
1866 185
9048 3532
8690 5157
286 647
2672 1093
2936 7919
4283 692
8751 5022
8149 7501
9894 7713
7676 9671
5877 403
593 4986
5411 5017
8577 9271
8330 2173
2756 1132
6758 1903
4745 5151
2148 5835
699 4625
9845 9823
1873 2253
4750 4952
3555 4092
4694 2930
6503 1532
6617 4704
6923 1647
6839 3473
7858 9015
3548 7435
2350 392
9489 54
4909 8133
3343 6561
4102 3145
9051 3647
2686 7869
6727 3070
5593 7062
4179 4309
9036 1412
8455 5733
8633 364
3710 3182
8936 1534
1989 7269
3527 5965
9204 3543
9684 3684
8989 5468
1416 7635
7595 5922
9448 3486
1701 5839
4842 3410
3685 7964
6409 28
7144 9321
7511 6036
6872 7670
7388 7970
1539 4807
9709 5558
1560 7767
2109 8922
7715 5354
9817 6016
690 6908
6465 259
6978 2845
1750 1428
4876 533
8029 153
8955 6513
7259 8239
7783 2509
8644 1215
4736 2339
864 8770
2247 6221
2408 6611
7403 8800
6342 4848
4521 4223
5072 1292
7128 336
314 3075
2955 5632
202 809
5680 2301
1127 2118
8105 9442
3249 5043
1197 7841
9365 3971
5950 470
1924 7448
718 9280
214 7457
9153 1503
9127 6833
3264 9282
115 7594
6063 2683
3149 4093
3753 8046
8194 4217
858 3067
5192 9673
3997 3161
215 5358
8313 7721
9045 7908
9697 3108
6827 6511
7835 2884
883 5681
1956 1823
865 8926
3105 468
7107 6158
7257 9679
6045 6095
2696 4482
6415 1560
6316 2746
2852 6907
7552 7706
3684 9611
1267 4383
3104 6079
3640 9884
6953 5940
9348 3185
3110 6032
3299 8424
5678 2927
7247 9348
4369 9300
7829 1397
3148 4582
1813 4147
1250 1235
6943 6887
874 8960
2951 6883
653 4050
7922 1811
7273 4960
9243 7495
4983 5597
5431 7487
4547 4993
6967 2401
1228 4581
8804 8083
2942 9714
6249 4027
546 9595
3162 9491
8273 3817
5686 1488
4596 9332
8114 8377
8131 7288
9857 4343
8358 9329
9437 5410
890 8952
2565 5882
1175 7374
1631 5432
705 8246
3314 7658
9257 2179
3039 5713
4893 357
5573 3693
3174 8289
4251 7446
9639 6437
637 364
6030 5201
2878 4110
9944 6600
8117 6757
836 5117
1052 509
8177 2423
1115 5050
988 5095
5697 8945
8826 100
9413 5079
2497 4987
3014 2027
382 6985
3037 2570
325 2505
3955 4091
9535 4689
4001 6469
