placement model: 1slider
width: 10
height: 10
number of points: 500
8505 1012
8346 431
6180 7893
6884 1054
1861 964
294 5175
2613 4803
2600 6916
1445 8268
3324 6514
2503 8136
8897 8460
5778 6659
9381 4869
2502 7952
1718 2635
5336 2549
7873 7266
4306 6988
4234 7961
8541 1417
9544 1031
5024 8749
9785 8054
7028 9157
9773 4581
3559 4197
3879 3650
7852 8442
1962 448
9783 5469
7305 3850
4902 9845
9081 982
4000 259
6729 9912
1645 6371
9302 120
9699 8446
8427 8419
6155 8641
8735 1961
5722 8780
8167 9354
7978 1469
6429 8388
8163 2493
4094 4545
7400 5994
8517 2522
2995 8753
9997 3538
6851 1855
8345 3966
2498 5375
6164 6319
840 5670
2797 589
4015 1195
2011 4488
4498 3852
1175 7686
9804 7686
5236 5860
5871 1108
1165 8996
2502 8442
9097 1159
9201 999
521 5799
860 3924
1228 9230
3539 3907
2145 3159
3135 4566
7103 9627
1666 5547
31 6117
9483 1790
3879 246
5072 3726
7796 9855
2013 5528
1777 150
9224 4942
9468 1728
8917 5030
8446 9084
7872 5494
3221 8094
5184 6159
5243 908
1655 5503
6189 6246
4856 8555
173 7392
8308 8050
1592 3360
8509 5192
8792 3063
3351 6374
7911 5636
637 1814
4913 5179
3234 3576
788 7588
1155 8896
4421 6891
2205 3045
578 9606
9927 1694
9390 2268
1837 7796
6027 2149
1222 781
5988 1650
3997 681
503 5958
7652 7712
8339 3684
5501 8330
2229 8948
1701 8135
6012 4818
5717 9510
9001 5276
5046 8420
7322 9009
2048 4248
9916 6349
2058 4827
6549 2267
8034 6598
772 1246
271 4532
8903 3409
9539 5883
751 1250
5595 8442
980 8413
5256 9403
8403 5464
7827 2742
5067 1495
83 8250
3389 9745
9630 5268
5271 7722
5112 271
9609 8809
7818 4653
8859 548
3985 1662
5937 9816
8911 1799
1097 2825
1980 6844
885 642
8255 9281
2641 5340
3227 7245
5246 8326
9821 1269
8780 693
4954 1109
1573 6041
2739 9335
3675 3707
2222 2730
1130 4212
2460 3906
9610 8626
5163 4621
1316 5131
7553 9845
1991 9501
6581 3730
8920 8524
4498 136
566 4947
1376 6205
2374 9753
6532 3060
3649 4901
3983 5029
7449 4672
9484 2626
5942 2142
2724 8432
1882 9040
4820 7837
4893 6291
9883 9355
1401 6426
4571 6330
1712 2783
1150 1893
7377 8300
7049 7224
3247 126
9763 6290
9161 3506
5424 4268
6000 2781
8079 5088
1395 5172
7587 1665
2107 8664
1047 3652
8696 5220
8054 1556
3068 4977
5167 382
7971 356
7810 7617
7554 6559
2024 9030
612 1380
3293 8514
8402 6505
7608 4860
7527 8670
2369 5242
1791 8466
3135 8262
2489 3649
7819 8764
9151 6676
5157 8461
1563 4362
298 954
5259 2710
9718 8929
7130 9775
5580 5080
2813 4922
4872 6441
4500 3540
8834 9602
8052 7363
4254 4944
4022 9743
5292 8670
119 5557
2838 5329
2166 4682
5830 8853
5394 4764
1955 397
5609 6915
1130 130
1246 4225
1454 9201
1183 5425
679 9530
4278 9814
4802 9456
204 8862
576 5729
5301 2969
9775 3823
7775 1941
1526 649
9303 7416
8417 4445
5706 9550
4243 7586
6485 8663
4713 3227
9824 2765
2586 5685
915 6949
2513 8614
7147 5227
5391 9647
2402 1136
116 7161
5860 6774
1102 3807
8060 5607
9647 7407
4327 3053
8770 993
1822 3056
6472 864
701 5811
8798 1541
7471 3115
1233 7480
8032 5154
2705 9515
3592 4043
6530 9399
9382 376
2995 3689
3155 5365
5054 7696
122 2768
5587 7733
2125 3988
4733 206
5764 4227
4703 420
8681 5372
8962 7749
9773 8883
8783 7029
1265 626
5555 9972
2204 5239
4553 2216
1763 9961
8170 4252
8291 4131
9495 1677
6122 9360
3899 2397
4535 8624
5933 8164
1330 9112
7088 9923
245 1104
2779 898
8977 4468
4884 4553
9159 375
4181 4129
5980 1648
146 7304
1689 1357
6949 8666
1782 258
3599 8826
4900 7132
8901 1211
374 5406
132 3450
2164 1065
6376 5209
8749 2080
1072 452
4521 1797
681 6856
7939 2020
2893 277
9398 3443
585 6088
338 2811
8633 1154
5690 7449
2123 6088
4793 479
9378 8840
2949 8635
3441 9805
4422 809
3570 5041
3758 555
9039 7005
7948 3588
4550 2635
2348 5349
1323 5921
3205 2407
4656 2725
1016 3508
406 3179
6460 2961
3883 2974
8153 472
7597 4898
2752 5790
3609 7006
3270 4219
8699 3362
9690 7743
4977 5192
7724 2740
8051 8798
8237 1736
5426 7054
2312 1120
897 866
3668 5920
9845 3386
8898 5440
9843 966
2854 1977
4758 3801
2960 209
2347 6971
9039 8579
6582 7468
9021 2765
4758 6871
4875 2068
1250 2803
1668 6718
984 8039
6632 4261
9081 3489
2705 524
9608 2796
7352 1656
241 3649
5919 8358
7611 3798
4406 5619
5257 8469
3112 1022
7202 2818
4210 5641
9530 5700
8190 9751
8806 4423
7979 4302
1174 5705
8056 8123
2794 2385
7974 3729
3265 6725
5008 9034
8368 7741
9518 6095
6536 7397
4235 7169
2465 9002
8315 8410
6757 9360
1194 8563
2527 4930
1610 8523
4066 5589
56 9402
3015 6558
4663 277
7812 7280
2140 7242
9218 7646
556 8667
8593 9674
8635 5801
9942 1709
5421 5271
3058 6382
9930 3420
44 1550
9214 4700
4969 9712
7869 3404
8896 2317
5621 160
3670 438
7695 959
869 3847
3802 9972
7150 8219
8641 5872
1055 5346
9845 391
165 9536
9557 4540
9949 7367
7406 247
1394 9271
9628 2200
3795 2830
4377 4406
5374 4849
6434 406
2648 1496
7070 5979
6063 1040
4562 9560
400 1508
2719 140
6378 7365
3026 565
932 620
2275 6086
2062 3136
5185 1897
9976 9905
1046 7424
3880 9351
9688 4260
6291 6556
5970 7388
4508 6816
1732 3791
2228 8642
6131 1222
8725 4056
8977 146
9803 3364
3594 2639
3376 5914
8137 4758
3936 7047
1880 3992
