placement model: 1slider
width: 10
height: 10
number of points: 4000
4119 6510
5693 111
9540 4806
9184 1869
9386 3115
9229 9889
2594 7514
8804 4161
3761 1542
9966 1550
7993 9278
2079 1454
2266 4153
7272 341
8583 2766
3921 5074
2603 1521
2211 9882
4987 557
2846 4931
3849 2165
4572 2217
8481 7795
4920 1905
8806 9363
3688 4384
9718 249
1861 4156
7583 82
5353 7759
5885 6490
9837 6109
7794 9187
3814 9610
3728 5728
7117 3792
3145 1814
6508 1423
4108 988
7249 7104
2709 5955
5271 5977
2383 8775
5431 4988
5723 4529
4276 2759
1269 9445
5645 4945
3099 8856
5484 3854
1424 8282
6469 310
731 2908
5377 4537
5002 5868
8686 6209
9488 6350
9221 8264
7780 659
15 3364
7854 2815
8174 9414
6582 6053
4416 2045
7024 5545
7615 734
7746 4659
2411 2855
7236 2212
4050 3130
1849 3677
6829 3461
846 9464
6908 5201
9779 4124
3608 1642
8824 8747
8509 2240
2142 5182
6500 5710
6551 1456
1509 7714
7845 4648
4348 1051
994 442
9727 4121
4338 8809
9312 7514
4539 2935
9863 2316
6124 5083
8672 4508
2761 8819
9469 4299
252 6393
9169 8729
5094 4140
3205 4195
9868 2683
7331 851
6795 4564
4673 5964
9192 9830
3015 8053
9480 6843
448 3876
8495 7112
4136 5913
4601 3394
353 3587
8251 2757
1183 8031
1945 3418
7524 1986
7125 4834
1607 9269
8623 1835
7322 2153
9505 2422
8360 6349
8028 9956
5682 3947
7379 2855
9622 3077
899 9498
2117 8284
3641 4898
4619 9750
8625 1036
466 7509
533 8022
9822 6438
1434 200
7110 7960
3948 2065
9309 6769
8530 2628
7829 9775
1898 6786
7799 750
8241 9824
2762 8942
1448 3747
9259 256
3818 6977
4992 5070
5183 9602
6704 7905
5187 8126
5395 2218
3836 3873
3362 1349
727 4330
6001 8652
361 591
3661 4999
7009 2117
8976 7364
8281 602
6030 4578
2255 2647
6767 4337
5878 5250
1369 4727
3752 1833
7108 4041
4162 3272
500 3992
6407 3103
9723 3358
2445 7496
7812 7857
7265 8671
9143 1329
7012 9782
6184 9366
4248 3540
8175 3213
8840 8228
6814 6965
5565 6746
5401 3059
9634 9423
4674 4282
4906 9892
9655 2216
4871 207
8578 8491
9298 9941
6171 4167
8544 3407
3497 7699
3916 4614
5758 6368
2901 7879
8849 5747
2940 409
4968 3629
3343 8503
7849 170
1585 3999
2268 4237
8645 2118
3575 9533
1739 5693
712 7236
1399 8228
5393 1215
6304 8464
9696 8097
4532 1001
2878 6619
6493 5755
3540 6643
949 7098
8601 599
5425 4872
8380 4
9084 6721
7841 4689
9934 7300
7539 2104
1921 3026
2290 3637
1028 4312
642 9104
2393 8539
6600 7809
3899 9363
6791 8640
3664 4726
5217 9711
1033 5501
9659 8865
1137 2486
4086 7319
5338 748
7774 6368
8211 4456
95 742
5432 3249
8605 2007
1154 6334
9912 1273
4855 3338
7628 6048
1744 6448
8176 5110
7666 6132
2163 987
6867 8625
4276 9346
7638 672
189 1877
8109 1954
202 1822
4073 6301
1747 5632
1447 7533
8737 5679
1945 3418
7991 575
9779 1977
6705 4629
9163 6646
6805 5464
6706 6826
2786 3065
4022 6713
6154 7617
2737 5977
8569 7134
7630 3363
1703 7218
2514 5553
6086 8315
207 4425
3951 6943
1060 5262
838 2808
3759 7391
3785 7389
8930 642
8304 7009
5127 5406
1259 7258
7138 1980
249 7326
774 4068
4824 4435
3361 4268
2933 3193
3647 5077
3374 7891
1428 3288
5868 8440
7189 9289
1138 5343
7701 7133
2495 436
5295 8608
6983 3425
7332 3944
3839 8407
1530 405
499 7375
6976 1572
4734 2760
1020 8662
9757 335
4912 3448
1305 4625
9970 2513
3310 9056
4481 6464
9789 6906
7898 8526
2627 569
4142 1293
5923 5077
5365 3696
3220 6093
255 5700
1282 5932
2466 2329
4923 7546
3355 1239
2493 2139
1075 5414
5297 3756
1515 7057
2036 5892
7933 1939
8396 7610
5486 2878
6509 3729
8685 2574
1039 2428
3431 6445
3123 8668
6641 5578
7636 2345
753 9949
4037 543
8072 5189
4 6754
7343 3666
4645 6407
9298 2647
554 7420
6969 6191
9614 9242
3722 9274
807 8066
1477 7540
6942 5639
8865 3447
4618 9380
6181 577
1771 3521
675 8305
8049 1982
3015 9841
4797 7248
9643 3978
4805 4847
5838 9559
3963 5576
8508 3786
612 1158
4247 5915
9557 5118
2139 6599
3261 2036
9699 4192
7360 7995
5425 1044
7728 4118
9812 2471
9369 8568
2186 9719
7744 7426
3287 2197
4993 8523
9545 3261
1601 2308
1743 1106
101 9617
8015 5567
3909 3688
7207 8291
789 1827
560 9125
2179 482
4980 1890
4556 6961
802 4688
4988 8976
9131 9142
5935 5724
5415 2584
5377 8222
2645 116
3948 7525
9614 9842
2627 2684
4352 8735
4639 7675
566 8033
9604 4558
4586 8179
4422 3863
112 2096
7124 3134
6514 90
4762 6585
2124 550
7665 7185
110 4077
7852 8329
5526 9103
5282 1062
7996 7325
9465 1878
9917 7265
6401 5299
8110 9615
8384 3343
5430 1848
7853 8485
2442 1466
3245 1149
4394 3648
6395 3504
9271 4478
4193 5861
3998 2637
5093 7527
5634 2378
7661 6807
5651 1187
7093 9907
8788 7142
2019 330
6229 2476
2785 3174
4473 3275
2168 8911
8186 9966
9333 1827
3704 8513
2492 8048
3778 3236
225 7877
3523 1648
9938 5272
8696 9330
3819 8298
8923 3607
7858 4857
3514 5559
3086 3937
3045 8786
6304 9727
6691 2030
7603 8103
4208 5231
3578 2772
2047 7645
6712 9262
9719 8688
9567 5270
7754 6080
2715 158
3969 622
5574 1810
4489 7094
1109 177
8489 9966
5961 7931
4530 8563
1225 6843
615 6424
1734 2917
9254 2864
5452 3117
1902 5246
3185 6958
2691 1295
4352 5121
9893 2509
7540 2318
291 8908
714 3805
3745 7768
6471 1883
6019 1130
7970 36
2469 3614
5070 8814
5028 7225
7533 5054
3624 1664
9435 5214
449 2591
5149 8434
1042 8899
4530 3234
3048 2900
4867 6776
7167 634
1485 1171
3863 6791
2417 4564
2160 1144
8631 7561
5235 3665
6380 3683
8531 2624
2288 8990
8539 8140
8109 2046
3901 4877
1247 2122
2641 7393
9337 5853
3958 9544
9740 6152
5788 5023
904 5914
3315 3939
341 1448
7647 2161
8257 3851
3385 5407
4129 6200
7291 4925
7645 5835
5086 7923
3979 2007
4071 7349
402 9861
8531 5308
6695 5086
9497 229
2447 4629
5403 8770
4310 3978
4577 9986
624 502
1671 6625
9871 3764
2022 7500
6608 8156
4708 397
9079 9554
8737 5710
7240 8848
1827 4443
1749 3373
3547 8178
1319 1811
1483 2596
5873 8066
4704 657
6649 8673
9261 3628
8652 3276
6313 8043
6591 7120
912 391
4448 4668
8466 3378
7443 5865
636 1187
6274 8103
3880 3928
5400 1918
4226 8827
5279 447
7509 1956
8488 9639
1600 2111
6736 6538
8532 8173
9168 6543
6507 8874
9001 2567
4900 6995
1941 3728
7460 609
3838 7868
32 2967
6357 9291
4325 9312
9524 5384
4366 3337
2364 7852
9137 8329
3825 187
1911 1149
2916 628
343 5776
3822 1167
7190 702
9701 4158
4242 1126
1228 5591
1734 5284
2243 7238
883 207
2261 7273
9060 7113
8739 5404
3650 1378
3601 6744
8811 4959
3050 2184
2870 2062
7990 858
628 9431
9418 6095
4508 1725
6809 1394
4886 8169
6045 4856
5020 6510
6345 6319
2730 9794
6446 892
7202 4723
9620 3627
1848 7754
4348 7923
5507 9011
4066 9364
8784 5181
1561 9867
2566 4829
6702 9897
8911 3112
2502 939
9012 7788
765 2171
331 738
1315 328
5850 7937
6611 1994
1882 5245
4320 1254
8166 5851
5558 825
1790 2431
431 9638
5005 5294
83 6635
5935 9182
8839 4380
7088 1204
5895 1477
9770 5663
7751 8468
1134 2134
6981 71
1514 9779
1697 38
6844 510
4651 2346
6836 9446
1017 8093
9199 8407
4247 8207
4404 3176
6968 9710
7450 1568
8771 3250
8784 205
7892 3261
9331 5610
6928 4053
1537 4085
9354 312
7808 1097
9893 9066
1709 821
2438 7247
1719 3124
6323 7600
5489 808
5555 5165
7433 3009
4578 2895
4178 5116
7821 2389
498 6986
3952 2495
5925 6546
8112 205
8616 979
1902 2699
9891 4089
1468 892
4177 148
3247 7525
2898 2343
9590 8454
4894 4043
4014 7868
5880 4159
4821 5242
4062 7154
4966 9420
662 5498
9154 8541
7782 9015
5533 5454
8827 5758
9001 2851
2532 2449
6081 3282
9317 7482
8799 8887
3153 5243
3631 2561
1231 1068
5792 3711
6455 6787
6588 1943
3003 1347
7925 4112
5538 9145
5518 7136
9924 2271
8591 125
9109 5030
3021 6121
2656 6215
9710 4121
4707 148
699 6818
5682 8315
5191 5524
782 201
6520 8025
1319 2710
3296 3622
7761 9224
2663 376
6306 6307
170 9877
8530 3558
4511 6959
4064 4372
8587 2595
446 7764
2407 7569
5923 8029
5347 3703
1822 6905
1632 1457
4521 3996
3573 7932
8769 362
8370 9150
3886 7086
4164 2207
8104 9257
8835 5664
8697 3696
982 9792
106 6492
36 5621
1512 5755
8094 3091
9712 2905
5139 6868
4395 720
2941 8895
9411 3884
7442 7420
7923 930
3688 2642
5105 4759
1622 5967
7118 7870
5041 3920
4566 4199
625 1272
5648 1950
226 1643
8016 8580
2627 534
6269 1758
4516 9647
2072 527
2432 5202
2916 7909
3500 7506
6208 1942
1835 5752
1077 3884
2667 7450
6486 8251
7057 2705
4558 1141
2166 4896
7426 737
3122 4571
8779 8214
1686 4607
5836 4751
9530 272
2222 573
6844 6213
7496 3550
928 657
2230 3934
410 2184
4411 908
6849 5311
9655 3796
4798 1917
9479 2405
8818 6306
1876 8250
8768 3479
7312 3347
3905 7262
1914 6049
8980 4483
1018 5836
1851 3942
8478 956
1736 6257
1173 1591
6899 6933
1636 1089
4166 7874
1060 4560
99 2524
7976 5753
652 2346
9361 752
5780 2983
4664 9460
599 2345
9462 4
6409 2883
1897 3732
3814 4295
4437 4627
4280 7829
1758 102
9640 2382
5172 2074
3826 1874
2610 4984
7099 6395
5582 2732
1211 747
4008 4560
5779 3474
3408 7021
7430 7319
3998 3426
7687 4158
8788 6641
9995 114
2431 8458
3677 2249
2473 2155
953 3699
6473 7278
182 9592
6702 941
9729 7605
6842 4248
1346 5027
437 6063
5182 1197
7072 8453
9236 1315
4189 7388
1916 9653
9258 5552
2211 2365
1308 8126
9312 1830
5702 7342
4824 4399
9745 6927
6137 7054
7786 3370
2119 1426
3062 4807
4479 8237
7380 7981
1343 935
3240 2457
5477 1624
6350 3229
3560 4295
1700 4413
8264 6736
2797 9561
495 8407
188 2006
1549 4518
1041 2657
3470 1854
9681 4431
6264 840
759 352
5643 6860
2797 1351
8000 1860
6495 1667
3445 1688
141 7642
6225 2921
6997 7400
9162 6333
9498 9758
3304 8265
5347 3476
7931 2829
8922 7184
5699 1431
4868 9553
3655 3140
3147 2734
9259 4686
3142 2999
2787 9906
436 9090
7371 5475
1236 1084
2217 9224
1153 3130
7137 4459
130 7577
1153 7450
7398 2152
6415 7070
218 4647
5719 7234
2377 6458
2654 9543
8757 6602
7443 7788
6001 9719
796 9926
3647 6613
2031 6345
4361 2314
7109 4069
569 7629
8928 6409
7233 8233
7229 3180
6909 9649
7632 3086
3611 3153
8728 8274
1991 2759
5401 8510
1406 5337
5339 9537
4307 3152
5310 8171
6127 6297
8373 559
2083 1100
1903 4349
5400 3073
92 3322
8281 3741
3385 5155
1419 9854
1330 4861
4676 4652
1456 5296
5827 1210
2057 4637
9524 2900
9696 5003
6588 5808
1264 4874
7129 3640
2312 3683
4123 3219
9102 8192
1051 4135
4041 1528
6353 1336
4351 6946
7779 5576
4489 3578
9526 3514
2900 288
641 4598
7904 5258
5524 6944
7666 3002
8793 4172
6548 6247
3050 9400
3054 1697
8193 3967
6752 4857
5376 1663
2488 5664
8610 7083
6588 5299
4481 4323
6047 3011
6187 662
2448 415
7445 9668
9847 658
2937 5638
8754 1567
1095 9812
6307 7633
7052 3134
1216 7928
957 6715
707 9546
5977 5175
2171 7517
3213 3378
4543 8753
4730 1669
3795 4555
4561 7071
2185 472
6628 135
917 2699
9694 2564
4108 9363
4407 6928
4927 6080
7704 3744
4850 7964
2350 3478
1431 5739
945 771
9765 8668
2165 8589
9321 1958
9823 1097
6879 2029
5850 2600
7976 5626
8155 5554
9047 9251
6258 9412
1457 9393
6991 101
2756 3281
5453 9741
1995 7645
5517 5038
3481 8820
7112 369
5592 4750
1193 4901
506 4055
8094 9206
8025 3780
2180 9924
9405 2972
1929 9099
916 9921
1837 2399
5272 1602
2372 2601
2435 6482
6916 5202
8223 3143
7458 1431
5698 1880
6676 4521
3512 4397
7107 6631
8833 3494
7350 2003
1076 9076
7844 6817
8160 5142
9608 9661
3877 2308
1103 1552
4131 6157
7822 377
1003 8521
4619 2659
1843 7023
542 5082
2407 2947
6355 2377
4359 4484
2772 2967
9325 764
6111 4025
3638 1996
8170 9782
3733 9765
4072 6854
9814 4630
6644 8963
1591 8118
2008 7969
621 662
3623 5552
9904 9768
4292 2054
4395 2220
8479 6948
1412 4453
9200 8271
1344 754
1074 4574
5759 5827
7664 175
9974 5798
4867 3495
5387 34
952 3889
2453 8228
5103 9998
1130 6489
8044 1391
6972 792
3631 368
638 4434
9155 8705
2095 3330
5121 4186
4715 1547
384 4319
7276 5984
4777 7836
855 1205
7329 1533
1010 3279
3414 2360
3792 1815
8179 4153
7469 8808
5233 5618
5150 3369
5021 3324
9185 1164
5349 481
2294 1885
4451 9066
5102 8783
8937 2212
1352 8551
3816 7483
154 1789
4952 8289
7652 2611
1364 6590
638 1566
7356 5003
1460 6002
2443 4649
67 5230
9143 9208
2579 8856
4101 7048
7783 9508
9627 178
3556 4455
3896 3320
9586 6130
750 7249
6793 7707
2688 5243
6279 530
4638 8854
3214 6778
6758 2735
5893 3971
8676 8682
3580 6388
8269 472
3249 916
8863 8640
3928 4018
5587 9413
4194 5288
4641 9214
7423 3733
6318 4068
9293 2167
8324 4501
8459 7508
8108 1909
7 7326
5493 363
634 9201
4895 1727
2526 6223
4281 3238
2844 4365
5936 2637
7262 410
215 6592
3246 288
3612 4552
289 7817
3477 6630
5941 7660
1891 2076
7612 8475
9801 6829
3429 3001
1543 9342
4386 8942
644 9335
3212 5597
4094 3461
6910 4476
1112 7641
8328 4829
4469 2404
4868 8196
8378 7449
5153 4467
3872 2410
7384 1796
4164 9815
4063 6417
4688 2735
3257 3479
954 5986
1047 5803
9725 2950
4585 7631
5558 6356
2735 7487
4272 4620
2837 9130
5493 4885
8778 6403
6271 8988
6204 9705
2506 5687
4253 1422
1288 2781
321 2223
1640 3500
836 4746
3980 1219
2752 5207
3984 3204
2113 8864
7610 6566
5943 8900
7133 3134
6354 967
9575 7
1395 923
6669 4283
229 37
6870 4264
3968 8454
4425 8266
8428 7192
5547 1311
2728 6555
4452 2115
3005 6329
8024 2657
8542 8020
816 423
1317 1586
9554 7316
7544 815
2699 3757
1428 3887
8224 4785
7855 9539
3569 7559
8791 346
5162 3556
8291 1953
6269 1675
4778 986
8741 7391
1593 5289
4316 4211
9218 4883
8948 8210
6839 7636
7862 2712
8239 1424
8770 4439
606 1602
7795 5454
9615 6574
597 7358
1135 8892
840 1487
8701 4629
202 5349
9751 5157
311 5467
6466 8929
9908 3842
6239 3843
394 8097
6500 1442
1127 8526
6006 8525
639 5052
9927 1233
6960 9268
5464 4024
4061 3497
6231 860
1673 1760
5740 9220
1350 636
9841 4637
3771 6163
89 5711
4345 3391
5409 7527
8151 1970
4963 7133
9483 3287
9030 3114
9786 7244
4808 7646
8984 2232
1168 1326
26 8066
7015 6453
6014 3115
3517 5254
583 9805
1374 9224
3908 5959
3331 6821
5893 4091
4758 4192
2993 2802
3518 2491
6018 7431
34 4318
977 6805
8341 4205
7032 3398
5086 6912
9486 9156
6837 1899
9397 6322
2298 2084
7911 1831
170 9486
7911 2004
4210 1595
1036 4076
2396 8001
8690 1298
7991 955
3137 2896
4699 6847
3269 2250
6318 4322
1591 3283
813 1282
4354 1517
576 4404
9386 3293
580 4282
7869 8569
4345 9046
686 4053
3079 9718
7349 8556
2982 5007
3931 3004
2983 513
5387 8510
2816 5684
111 8150
544 2774
5268 2681
6937 3515
4775 1589
4835 4527
3804 6751
8878 2235
8021 9109
8777 8144
5367 4291
4259 4585
1985 8914
3797 8599
1189 1273
9022 4881
4787 5580
5489 2995
6803 5843
4040 7042
7949 6826
5856 3757
3512 9094
576 4371
7164 6650
8882 3546
7519 4770
9092 4329
7836 2012
8092 6363
8601 7324
4118 6956
5749 9975
2068 5757
2724 2038
5117 9791
2755 2611
8795 5419
8525 6475
2071 7118
6866 9150
8111 2001
6896 1746
8104 6378
8848 4755
7313 5419
6363 2199
1720 515
8982 4496
9244 832
8226 6593
125 390
9309 8023
5464 3959
7795 3523
7480 2354
6132 9585
656 309
207 136
2358 7316
9002 7207
6072 4639
3812 9551
2851 8713
8529 488
9487 181
8111 9215
8990 4949
8833 7899
6048 482
3145 53
7796 2214
9860 5939
8269 1175
5032 970
2739 221
734 766
3053 8803
6762 3951
292 6062
5665 3063
560 5734
2900 1308
3637 5261
8289 2067
9984 1851
2943 8929
2678 7266
2006 9185
7601 2255
7214 3742
3992 5603
469 805
7218 8584
8353 2195
9983 1162
2547 5998
8471 5626
8804 6205
6414 5222
4074 5030
535 3934
1724 8846
9988 1954
4451 4143
6416 8331
5496 7855
7485 2960
7040 2872
7323 8777
7561 9635
6277 1518
5815 3788
9658 9979
571 8380
1363 2928
786 8008
4555 5102
2101 7841
996 5208
7731 6584
4287 2707
835 7178
4126 5811
573 9019
7839 2343
567 9936
127 5023
9145 1367
8275 4735
9589 6575
6619 1795
4263 254
207 3093
1895 6212
7818 1054
2621 5239
3694 6996
9886 9010
5196 7592
5382 262
6814 2335
3625 2840
7662 5904
129 9640
1628 4442
1209 8189
9559 4190
93 1343
9795 418
8506 3312
513 5257
3900 1437
5356 3683
9129 6599
1633 8776
168 28
9010 8095
8673 928
2610 7247
6229 2327
6438 2269
8391 6235
9914 9354
4216 4201
1318 2807
1585 6086
4858 5511
7409 6255
3550 8698
3006 9230
8593 3066
1099 3911
3287 3472
4575 6267
3650 537
9164 9534
8628 4099
5375 9250
9242 2405
3364 6358
4775 236
5988 3858
880 6207
1274 9734
1697 92
4330 6690
6365 4028
8162 6551
2324 2682
3306 4171
8494 7796
6837 1387
1680 2736
4645 6626
5005 643
5688 2111
4749 1929
1338 4931
6567 7563
3077 9863
4907 9904
5133 1634
7356 5746
6632 1876
8308 5574
9141 2244
6389 6046
1706 4627
7397 4387
8885 4316
2480 6539
9365 1037
7400 2615
4185 8111
8839 1105
9328 8406
1543 5854
1251 4007
6936 9233
7673 7258
6122 4223
7854 9306
3805 8333
1323 8794
7987 5214
4588 6718
6760 3555
9426 4030
6712 2374
9666 3093
578 2933
9247 2233
6615 1084
6796 583
7815 2647
3392 7753
8916 4123
4753 3450
222 5335
479 8122
651 6030
809 9221
3933 7730
4788 8018
6806 1039
6499 4334
6336 1589
8237 4997
4926 946
9645 5423
933 2685
5504 925
4840 8934
3979 1405
9325 3215
8499 6010
5405 6349
7667 3381
3154 2950
6704 3945
2881 2566
4934 5590
6830 4398
4916 7407
4605 2702
479 9154
9703 612
3047 3646
772 7419
9376 4838
2860 8889
2895 5945
8334 3105
8489 8263
5596 5235
7289 2536
9673 5363
408 10000
9007 8190
5860 5015
3479 9791
4346 6674
1557 6416
5228 2138
8477 8029
5738 8283
3275 3310
7330 8616
8015 215
2684 3900
411 4605
8324 8401
7635 5347
4878 3744
9119 9546
557 9238
5879 2542
8961 7365
9173 7982
2916 9552
9582 1041
8147 5545
5674 4810
2149 7669
4143 9242
1745 6054
9919 2892
228 3584
2641 7888
5757 8388
6645 6511
5527 899
297 1195
8307 9601
4859 3160
3008 3727
5346 9306
1232 8723
9526 6977
4681 8576
9070 6397
4526 1902
3171 3687
4405 5716
9484 9518
1720 5732
2838 5585
8871 2501
6561 6940
9805 6632
7416 876
5632 9845
5890 8083
5533 3014
7176 2432
9187 5451
1720 6739
778 5891
6662 4775
4392 5225
84 7995
6322 4659
4691 1644
691 2353
4778 9092
7020 2131
6286 879
3394 7496
3661 1431
4381 5725
9527 8520
9488 5489
4633 3941
8299 3973
2432 2265
5288 1697
4071 856
3379 8907
2996 6198
9070 2705
3416 7174
5019 4212
4551 6115
1596 1780
2107 6122
2253 4286
6892 9333
7640 5307
8961 1543
4172 6859
9386 5117
6068 548
1400 7047
6478 3499
407 2689
9491 3405
7116 1765
4268 7449
2144 5836
509 8665
7751 3122
6423 1658
8380 5819
5623 296
6271 3313
3454 660
4759 1779
3198 6532
1321 4749
5646 8678
9008 9099
9873 8189
1913 3469
2341 2173
7144 5738
6041 6806
6605 4865
3160 3813
1524 2348
8354 5077
255 8333
9168 5341
4423 956
487 4074
5136 8437
9374 5681
8648 5920
5954 5861
3866 4797
9963 2783
2975 7289
1417 2936
3411 2785
1466 1721
6372 1436
5153 48
802 7531
1103 7789
8388 9427
1407 1336
3897 2816
9652 5373
1717 111
1415 7238
9801 7788
2168 2993
2154 7461
5389 6537
975 2315
4100 2834
3716 5516
1260 7459
643 1152
5908 1361
3225 8124
202 497
1441 8260
9078 7919
7744 8296
1030 1629
5852 9494
8466 6151
5028 8151
7767 3251
8198 214
1501 6115
818 5511
7790 773
1876 5281
4457 9887
2365 8076
8324 210
9614 2883
6374 1754
8331 1275
1561 8678
4340 2816
5492 2893
685 4407
2127 1083
113 5560
9785 6481
4597 2857
2273 117
3593 4629
2462 5894
9890 4796
9391 3370
6440 4181
3940 6174
893 8855
6986 3802
1498 5175
3045 7346
4064 8144
2934 7892
9820 4267
4312 1439
6840 6453
6785 3852
8725 5466
1817 6190
7460 1140
9769 5006
344 2102
8147 7857
3730 4559
3339 7483
5975 7075
5167 8569
8388 4658
549 6566
7787 4239
6936 7264
3141 3576
1510 1919
2848 5502
3550 8763
7380 9903
4841 9594
4354 2908
9564 9008
6986 3251
5175 3544
1815 954
5037 9495
8940 2487
4511 1781
2947 4770
425 114
315 1964
9850 9906
1498 1015
7293 7982
4135 7376
6072 1001
3644 7656
8363 1305
6851 6912
5267 1097
5223 7907
9336 6477
5682 6417
4705 969
3011 5808
1407 4778
1720 8304
4192 1863
8645 7596
5385 8321
3017 1956
7711 8625
9478 5614
5421 6786
904 7967
1487 6421
7538 5288
1166 6289
8844 7641
3974 5896
8626 4215
174 5293
6944 5926
3714 9723
4606 7054
5466 1639
8298 7305
9933 6445
2727 8253
7316 9451
3182 7953
564 4537
9179 3867
8183 5503
97 2218
7778 4853
4061 5862
1731 670
4356 98
6810 4047
513 5083
6353 6403
274 5516
2416 333
2422 6700
9245 2995
1414 3892
6877 3280
3595 3836
2438 7573
875 8516
77 771
972 2562
2024 1800
1563 323
8281 6949
6902 3252
5842 5918
2180 3182
9040 3257
6495 1906
8407 3830
1811 8127
2917 8688
7580 7595
309 6632
3035 8655
3888 4074
4245 161
5570 7441
6929 3230
7645 7487
5340 2281
5918 7891
2911 5252
7392 3614
3 8118
4019 564
7897 4152
414 1640
3952 6342
3223 6909
1746 7482
9153 2556
4694 2523
80 8301
7640 1490
3729 3008
7825 2968
1220 5853
9054 4946
3043 2827
367 2876
9835 2720
2709 2166
1375 4430
3169 283
7205 7693
2239 7944
3423 3118
805 1441
7248 3447
6444 5431
3144 9485
7004 129
8735 6377
8086 3662
3489 1708
3745 7780
7052 9489
5315 2596
4558 2603
6827 3396
8468 8099
8225 4515
2009 2160
9062 8523
5110 2566
4735 7574
7297 5360
1160 2091
9711 6810
1047 4097
9024 8849
6218 3389
1226 4592
9303 1329
8506 7238
6351 5459
2844 7864
2074 5650
286 1768
8238 2478
2103 8021
9246 7091
6194 2137
4797 4550
3233 8780
4015 5066
397 2385
4486 6662
6307 2306
1219 6224
5160 1047
4146 3228
536 4293
5200 8665
3454 5938
5991 2234
1587 9830
2742 3700
1539 8375
3804 3943
974 591
3897 1849
7994 6622
4228 1846
4548 768
2148 5173
9167 3298
4172 3786
497 737
3191 4850
6723 7927
7580 3495
3809 1088
6074 4310
3176 1738
2226 2295
3057 4781
9040 5381
3367 4974
4159 6793
301 300
542 867
6993 1369
2931 6216
857 5213
3414 7520
1080 8235
4852 3487
3480 1086
597 6213
9415 3109
4134 2545
9427 1859
8696 7166
1902 4190
9471 7556
6075 3637
1343 3590
1230 5213
4666 401
9641 5206
1343 3253
512 3129
2108 2362
1984 3536
2226 2540
3363 7344
5345 5567
7021 8419
9538 6568
49 7591
6403 8375
6005 5689
7202 3761
1865 8289
886 9673
8394 3887
6427 8162
544 8858
3535 5607
2273 7102
5232 1147
6098 9444
7648 5190
7661 7810
2161 3954
7358 6713
4507 9662
5743 1999
1875 945
656 8846
8945 9155
3031 8886
3329 6999
9506 7730
722 8451
1041 8814
7790 655
8915 4766
2380 5424
4211 4472
4556 307
9307 715
9994 2349
1179 8011
8189 3494
8722 9965
1819 5549
7282 5980
5017 8440
1635 7749
1073 2303
8172 6083
1165 1145
3041 1630
6472 979
525 6889
8410 1098
7991 8759
8246 5988
1542 6569
8765 1847
3100 768
4305 7040
404 5198
8365 131
1984 2261
5219 3944
4510 3297
5654 1509
6684 8735
9968 2877
4086 7268
3224 3411
7769 218
97 753
3824 7396
7875 8733
9460 5663
9204 7973
8917 5341
5579 6203
8133 530
9753 2492
4910 7875
5055 4517
7614 1460
1073 2875
2191 1122
9305 6315
1026 8043
3296 5888
3660 1135
9739 2494
7777 5900
2817 2401
3125 1205
4279 8806
1767 7868
718 913
9965 1969
9495 5716
5090 6274
6976 8706
3390 9382
5890 8907
8408 8613
3092 9531
1229 4558
9972 5853
6826 8911
1766 9560
4507 8629
7848 5326
8125 315
2083 5031
7718 7273
2998 7020
82 9829
7931 6679
4558 4497
8382 1411
4031 7623
7264 2640
3532 3323
1802 5782
2984 5709
506 8671
2539 6973
3979 7158
593 3848
3892 9910
6502 726
776 3916
7738 4527
9580 6060
2757 253
8759 5873
4373 4081
241 5616
9242 6536
4622 3553
450 6926
2385 281
6119 6586
1191 1128
5729 3040
8653 6675
8756 258
9363 3994
6125 969
688 5240
9286 7451
4106 8342
4108 9286
4319 4262
832 909
4478 8824
7163 6676
4118 3033
7491 6268
446 2865
9646 4320
3586 3240
9860 3294
863 6884
9654 75
1761 7774
2551 4193
8437 8349
1948 6794
8140 7595
5710 8079
1378 4112
7409 6740
3494 9935
426 5047
2774 2586
1144 5505
9997 9984
2063 83
5150 3141
7634 3001
5940 2673
5887 5551
9086 3083
8035 2664
104 223
4061 4471
4123 948
5711 9709
9456 7523
9029 213
6288 5732
5755 3519
7933 9058
783 6893
5318 1343
9629 5566
2373 6527
1087 7386
7545 5717
57 153
4166 3257
1679 2218
9112 5099
834 6966
7808 4251
4865 3727
926 6459
4094 7669
1273 4195
8050 8579
4951 5676
9646 5078
8962 8552
4009 3626
8230 4002
8062 9510
3668 5646
2070 4647
5072 265
3231 1485
7365 9121
6733 4648
8754 2332
8215 8382
8400 7651
5318 1
9062 4071
3131 492
7201 9827
9810 5630
2582 8187
7149 359
8581 8893
3344 8054
661 6170
8079 8726
4566 2844
3030 3201
7557 4699
796 9392
6030 1549
4908 8853
7897 1079
2621 5321
8349 9535
398 148
933 3445
3252 4897
2067 5477
6963 8753
8362 809
1131 886
6197 6886
4049 4856
8262 4456
8384 2425
3522 5005
6360 5783
4365 4045
6396 4795
2484 3684
2958 6367
9224 9447
5662 6734
4349 4442
7695 77
7199 1285
8659 4544
5804 6973
1829 5032
7176 9005
2855 9761
3324 799
9194 8304
8134 6791
5694 1214
7707 9596
8857 8853
7830 4730
5384 4369
9142 2242
158 7388
18 2681
1065 569
9188 8720
8519 3473
7910 5788
5984 403
1913 3228
508 3564
9865 4717
2208 1884
5274 3457
3905 7933
8108 2765
4886 8739
7612 823
8142 1295
675 423
3545 5425
7194 6721
9183 8906
7823 4748
7220 1419
8535 8873
327 3454
4621 8874
4282 9262
9372 7946
4113 6706
8712 9050
6564 1359
1858 1736
438 483
981 8577
660 1166
2848 301
973 7025
7182 1357
9719 3713
3639 7708
8874 1117
2811 8805
4776 1273
6026 6556
2504 621
9184 8977
1945 7377
2322 1025
5453 6316
2141 8742
7834 3779
8810 7053
2801 4711
7093 3768
8135 3546
1542 9360
9972 5280
7756 6410
4767 637
2313 670
8949 8344
632 8580
5910 4000
4618 5719
5298 7739
3570 5172
4687 6664
5116 1566
9707 8239
2458 4731
9044 6094
713 8772
397 638
6527 8124
6856 9483
8609 4510
7977 633
7866 189
4731 8979
9330 1802
3093 886
4185 4858
8790 5008
3054 761
5093 7174
5316 5898
7105 4667
5559 4568
2175 2851
5928 5482
8645 1097
8062 8577
9643 1222
7591 4502
1312 4365
873 2531
910 9853
3357 4048
3477 6234
5751 1904
1626 8535
1848 1760
1204 9905
8904 2416
9407 584
1456 3133
8503 7446
384 9741
972 3580
7052 6356
496 1474
195 9586
4047 8918
9134 4764
3407 6108
22 9600
2524 3753
3110 1984
3944 9069
9782 7236
4905 455
5908 5783
8390 2984
9397 7890
4787 3129
4937 8386
7608 8645
9271 2941
910 1852
9825 4660
544 1544
7735 7900
3141 6028
2477 2273
3027 4853
7759 5617
3193 6366
4076 5917
3659 1391
8983 1317
9620 1026
8124 2513
9054 4853
6369 7853
6906 6394
8144 9216
2237 9055
3453 8765
483 2683
3374 2379
5431 5780
6591 7664
6650 8684
4503 2367
3032 3966
6032 6777
7665 5473
8506 6161
3738 360
6317 7924
9233 8114
8273 1281
4715 2268
5356 2577
7884 3806
8391 1422
9135 4522
1816 3638
9506 7676
423 9472
7769 7648
9995 2049
3079 3339
7612 8503
8179 9857
465 3526
2777 3460
6263 2497
5955 6900
660 5535
3423 6862
3049 7744
13 9660
5632 7739
8010 1585
8377 4613
2537 979
498 1852
4559 7410
8996 1524
8181 627
224 7910
9814 7231
7035 755
1110 9764
5093 1795
8330 8832
9405 6266
6057 462
2568 2126
272 8591
5844 9222
5150 3921
4072 3611
8380 8095
6350 7650
1935 597
5739 1537
885 6213
3913 4406
1077 5800
7707 9765
4942 7831
7580 3734
7358 6080
8721 9395
3375 2263
3364 9121
2272 7943
2981 6910
6939 1485
653 7827
1277 7269
2498 918
3668 6661
6930 4906
5719 3732
3655 1247
4751 9249
7318 3009
4482 1772
9035 3626
4172 4705
1186 136
2828 5450
9216 1059
135 292
1027 8192
1815 2203
496 3775
9122 4744
7493 3056
2219 4311
6618 5285
177 7856
5711 7222
1751 3015
4969 4429
9506 2789
3314 3427
6448 295
1237 9457
8928 154
6551 6618
1466 8475
7818 9381
5644 8316
1233 130
5436 6155
7954 8472
2120 6469
7697 6511
467 7741
2865 2894
8506 8143
2805 2503
9279 7395
8034 2895
3798 9824
4260 9163
581 2619
3968 1965
1006 9977
86 4063
6426 2334
6388 4691
1097 1958
7376 99
6297 1779
7438 7032
5439 6017
9127 5046
6290 5670
5393 2458
5543 9809
4066 6206
1296 6557
9911 9829
7224 9089
8224 6240
111 2999
8107 1447
1824 4283
5275 131
8736 2374
7894 5725
4506 4370
507 5284
8274 2746
2957 8012
8676 8444
9128 6639
4075 4975
1738 9086
5102 5210
227 7730
4667 9059
4036 2959
6177 5999
1422 8950
7925 3385
6739 3424
3737 845
2282 3517
2240 4993
6430 2216
8663 3151
6488 3103
7650 3499
3161 3983
208 2019
2196 4438
926 7650
1248 6145
314 9131
9004 4201
9295 8118
6087 1635
1235 5703
6533 5721
569 5915
7777 5294
428 8756
9314 159
8147 771
2565 701
6029 9581
8018 6157
7718 5051
5710 7365
8846 8999
9153 3721
3553 4988
1595 7852
8432 458
9068 289
4556 8278
7259 7031
3302 1911
6377 7469
1471 2167
4690 8531
3505 5118
298 5000
5894 8547
5803 6471
9241 3100
1269 1870
6417 9368
7264 5816
1754 3745
2560 673
8254 2739
7194 5450
3570 8217
7249 8262
3785 3532
3644 1434
2046 1673
6775 7678
6469 5529
1670 4115
6377 5668
2269 9821
4456 2455
8957 6457
9287 9911
2698 5044
9577 6843
13 3195
7634 4366
9123 1276
754 4459
432 7020
3128 954
4875 7693
3715 3683
2628 3579
8578 8447
3100 6985
156 9585
2362 204
8426 6221
7607 8905
7986 5684
5302 6803
8427 8241
3837 7466
3356 4016
5976 2882
993 8977
1270 6978
2126 5683
5637 4895
2979 7808
610 2915
6092 6794
2934 8385
876 3464
6938 7935
1152 4323
9047 9165
9725 4526
5575 372
6727 1663
4276 9076
1744 9443
9797 6756
1115 6184
3392 8604
3034 1779
8655 9290
8328 7461
9126 9041
1186 3459
9033 4995
5847 904
8570 8696
2968 9429
6797 5520
4607 5260
7363 835
7095 5295
9660 6271
6636 381
5690 9637
2706 3338
8341 3341
3965 8354
2306 9599
8842 8377
5357 2064
4587 8967
9937 9149
5078 9276
7046 3209
7475 9269
911 9651
3598 8518
1131 8830
1722 2530
5082 2078
7164 5720
2234 5180
1378 9563
488 1686
9234 2332
9011 3633
311 6569
7784 7278
7430 1270
955 932
916 584
9191 7456
4447 0
9204 1333
8111 4945
5518 6600
9876 1866
4454 3096
8261 8251
626 5728
6860 6505
7320 576
8590 1556
9571 3433
4971 652
4718 6925
5745 1029
2624 9277
7110 6711
2233 5849
1924 9733
5954 4692
8978 30
7856 4984
2945 2225
8243 3343
6948 3226
8995 6294
7399 7898
9083 8246
150 3840
7915 9169
1041 8981
3021 4732
1319 1096
6058 623
973 8990
2790 4553
418 2146
6641 8238
8163 1641
7117 2193
4219 7554
3476 9474
1308 6056
5784 1692
510 7631
3124 6274
3084 1055
6824 4282
1908 6665
2637 3489
7879 2609
9792 5136
262 1108
4818 6152
54 2730
3066 6493
3679 7101
1136 6241
3645 2581
2603 5710
2809 2578
2511 1367
8804 5409
3317 6053
3089 6940
9709 825
6887 6729
2632 2993
3077 4094
9027 9821
4335 9580
4589 6661
9093 7239
6681 704
7244 6837
7825 6820
7437 1347
2240 9531
3048 2001
907 3633
8419 705
1095 3493
9097 9134
4998 7841
4336 3597
6031 5347
689 1414
7973 1721
2898 7111
9777 5345
4095 5479
8162 9363
5349 5185
381 2394
3897 4346
7942 7930
2852 4810
9544 9203
4197 7728
7546 3482
4692 529
1269 7797
6560 933
6134 1590
4516 1352
5093 8016
8406 6058
9935 8079
5162 8935
8221 6368
4027 6487
4279 721
193 4582
151 5263
4269 9455
3961 5348
8200 3095
4737 4581
6001 1400
9278 655
4786 616
6175 5884
7117 7196
5838 5098
6161 9891
8464 4045
4721 9242
3681 2316
5620 5006
4967 7659
6063 3223
4887 9384
2666 6501
3685 9314
4801 687
6201 4184
5278 10000
1699 5685
6720 1923
6475 6045
9338 2973
9337 9858
1446 8420
4903 5833
8329 9148
6062 7085
7933 4597
7206 6662
5652 8019
838 7333
6338 3529
5439 3448
6696 7931
7472 8318
5204 2411
2876 8812
105 1210
7055 7149
5821 487
8243 8450
36 8583
6462 6779
9696 9303
234 511
1517 1103
3967 8142
6705 2312
6403 2039
2957 9035
258 9512
7559 9843
1864 7995
5361 9106
7613 1613
4495 9005
8629 1431
390 6997
5650 5571
4589 1352
908 2426
5161 1257
7303 954
1824 2897
1041 1779
6163 4720
2582 5034
1811 4482
3198 9952
73 2701
8083 3652
5443 4886
2582 6637
6819 9763
8890 5059
8469 4147
2021 736
1826 4463
5961 5708
3324 982
3959 3672
682 7263
4521 9116
2071 3076
4437 374
6175 6950
8475 4183
2571 5654
6332 7308
8910 5946
1000 3418
4605 8134
1145 8765
442 8392
7722 7975
5239 6639
6254 2155
7146 3980
8949 4291
8059 1670
3310 2613
4056 4808
5388 7224
2934 9380
171 2788
6527 4235
3082 7673
6331 7753
1350 3522
2075 219
6288 5507
5341 5711
4195 3595
6055 8417
8737 2345
3498 7184
5082 3264
1237 4123
2623 1489
932 827
7462 2411
8819 6348
4410 8520
9526 3880
402 4631
4372 8894
7166 9394
3887 9357
839 2768
8170 7150
9701 4548
1741 3969
4970 9063
8500 2080
3626 7460
8932 2748
5890 3924
2592 6753
4784 946
145 5057
8616 4197
438 2614
5823 6279
2278 1115
5119 2619
3729 20
8071 3241
6895 8612
5469 6843
3842 8295
318 1217
7713 212
5015 7414
4283 3087
9590 3396
9398 5743
593 7707
9556 1236
7454 7322
326 1620
8546 4462
3905 9588
1285 2972
233 5270
4575 5269
2377 6874
7706 9268
4463 2898
7250 9673
9946 6486
1752 1949
2746 6313
5638 4359
3589 6408
7942 8285
8497 9589
314 9356
3952 778
1004 6263
9498 3019
8666 6521
9451 3849
2253 4066
7278 4682
1294 279
2093 1978
1978 3927
7324 2169
3414 7120
4780 1729
1790 3320
1814 3697
7360 275
8079 5285
5242 3090
8785 7354
9801 9744
2530 2410
2594 4587
8907 6121
1617 6225
6243 5257
7119 4581
1746 4410
8860 9251
7122 1172
1320 9435
7154 52
271 3646
4860 3930
5566 7233
8828 8956
5481 2114
4912 642
2486 1589
685 6018
965 97
3560 9931
8129 1792
4206 3537
2011 707
6173 9857
9284 2719
9802 3590
358 9036
6061 4035
1354 8125
917 7097
4121 2893
2827 4819
2842 522
6589 5449
4911 3555
234 5959
3292 4652
1020 2937
3640 6694
1352 635
4341 3013
6799 7779
7789 1497
2883 8974
8498 2687
6321 9726
5953 1378
3420 5637
5415 9558
7478 8176
1657 4553
6155 3331
1120 3438
8125 1561
4375 7578
8610 3151
4172 9649
6833 4376
6041 8942
5397 2788
7100 6613
2101 9063
4344 2043
8332 3845
4224 7856
509 856
75 3103
9191 7694
7753 6610
8262 3781
225 4010
7275 1081
307 3146
9912 3534
5594 1180
7639 6574
9428 1695
9185 3825
6924 4992
7081 5830
7769 47
5159 2836
8686 3390
2999 8274
1695 1851
137 8102
7016 1287
7354 7099
8368 601
2861 6903
5958 4860
6788 859
7913 1164
2604 2675
4043 6042
4402 4720
1093 7102
2175 6485
49 9774
7250 1167
2803 7398
6347 4269
8807 6496
3164 1566
5361 3537
9179 1409
5655 3766
6316 7021
8033 1090
4417 3529
3716 6120
2848 3248
5366 2336
127 3797
2462 4755
2348 9387
5586 5591
3304 603
233 220
7595 384
1550 2120
2551 9429
8122 8427
1264 7908
5685 6213
1400 7748
8834 2298
2182 2196
8842 986
4573 2341
6980 2012
9722 5620
7813 5351
3275 1517
6081 7939
6777 1738
2210 4785
8321 3364
3596 7747
4903 8847
9899 4061
1192 8594
5955 585
4907 6138
861 4386
871 2052
3647 646
4397 1589
7585 2914
3627 116
1879 8580
3444 8474
4817 1758
7422 9652
2148 1273
2643 6747
1990 1557
9829 113
4298 3504
7012 7043
219 5442
8882 3133
3137 4280
784 296
9884 2925
908 5702
3551 9005
5738 2921
3492 7938
7460 8254
1253 3307
845 6183
7531 9905
9362 3696
1168 853
4269 9625
9885 5050
3468 5513
6255 4375
1016 5145
4836 8771
108 58
5614 6788
3216 1541
2433 5671
8246 3140
175 1531
1777 4447
9077 6063
5365 8821
5916 3649
6353 5510
1404 5068
8917 3941
686 8446
267 3389
7020 9358
4798 3115
358 7588
4452 6840
4042 5824
7930 3066
521 6381
3011 2301
4398 1694
8411 6937
8844 4862
8680 3787
9293 9353
7449 4233
3029 4207
6493 7440
7392 4319
787 2328
5158 9298
6016 3536
3389 7727
9487 5677
763 5713
3524 2639
5819 7409
6577 7754
236 4433
8251 8531
5968 1378
2334 1645
6154 7099
982 9313
8561 8541
3065 1249
9482 2383
4748 4996
5383 103
2493 1851
9405 1011
5507 3260
3489 757
1608 4510
5952 2221
3373 4365
3187 6089
263 486
2479 7306
3776 8813
3339 7468
235 7067
2005 8866
4488 2879
528 9599
5674 8576
3524 7790
9221 5185
3852 8934
6268 3938
6865 5289
941 9889
3753 155
3581 7799
2539 8340
6675 3972
1023 9223
9368 578
6374 464
4982 8477
6429 6739
1656 8183
151 4554
3628 1986
6860 1478
3518 7783
8800 9231
465 2683
3176 402
825 1965
8557 4141
6367 1639
3275 5618
2537 9072
8289 7077
1468 2982
7503 1073
4980 5652
6715 3072
5778 4855
7280 2459
7990 3304
2600 7237
288 118
775 2123
5311 9056
5971 3108
883 1608
8874 8064
1686 198
7111 8894
7791 641
1351 9470
3512 6896
6610 1917
8172 2209
5755 3395
8820 2944
5617 970
6552 3316
2339 5108
7301 7807
4125 7401
8910 2024
7964 7565
5145 2091
2652 4068
6348 669
1837 6696
7127 4246
2596 238
6233 5110
7773 9585
6374 586
2343 2198
6917 7847
6246 5825
2841 3638
8127 1844
8762 1504
8209 8467
195 8569
3698 4234
4821 539
280 2574
6754 9009
6040 0
4140 5095
4414 2561
8418 1284
2197 9189
8422 9312
8278 2530
8812 7017
3210 1875
6641 190
4451 1362
1261 736
6657 9238
3738 3358
3171 7480
51 1396
5972 4897
2513 4922
4278 9243
9499 751
2225 8773
9202 9957
9331 8528
4437 2237
7223 3304
3096 9967
8506 1787
4260 7604
6171 7226
7686 1898
4932 184
6938 2238
9752 7258
9867 2344
5946 1500
8361 4187
2892 9483
7516 3168
8121 2667
9786 6555
1805 1187
9822 3614
2195 8078
6148 8746
5938 1077
8908 1404
6596 8588
1974 9787
6867 1182
210 8217
9927 6756
5527 9107
7909 4886
4957 7249
9061 6273
3434 6617
7714 9618
8274 5294
7650 485
7333 8090
8717 1981
7989 5183
5921 5318
9184 5994
7384 2903
6814 3272
2033 3755
419 5331
807 2909
8053 9914
371 9923
4456 8068
4384 562
9770 3127
5599 5977
3586 7204
5095 2105
4144 5941
1660 4919
566 5487
8119 6323
1402 1717
6329 6893
2573 2657
6942 2933
9787 5094
8738 6610
6075 8921
4243 7545
5061 3288
3342 6218
9400 2705
7873 6875
5810 9152
6989 7422
1267 561
7804 1608
5209 4683
8575 8283
8596 6997
342 9388
2700 4600
6835 8349
3415 2003
2530 2773
6608 7441
5789 3227
7500 400
9902 526
3955 829
8021 6539
958 5268
5206 8614
2348 1889
7695 2649
6321 3124
3676 6402
1218 6133
3989 2925
9328 2917
9161 8831
4116 7591
9009 4054
8035 6731
3693 8703
5485 7889
1657 6190
9067 1293
1983 8461
3129 7147
7511 8886
8934 1467
5636 160
5955 5739
204 5386
5845 8811
2736 1311
7627 7473
8371 358
4606 8210
2871 7407
2285 2085
2847 1519
7465 253
8931 3105
3694 5079
6726 1783
9114 2914
8150 1881
1898 1183
2346 3466
1390 7280
3090 7111
9554 8953
2139 8319
7002 4874
804 1229
5696 9956
5389 767
7214 4790
2158 5425
1165 9966
2866 6068
359 1007
3245 1339
9812 9301
1700 5384
5179 4220
4921 2318
4779 3857
9022 3892
8097 7441
5776 5743
8471 3497
1347 7536
6959 3493
7408 2751
6241 8800
6180 8699
1828 7491
5099 3976
304 6445
3229 8481
8874 6442
5414 1029
2550 4703
2935 1870
5218 6534
7899 8726
7546 3971
8157 3210
3192 2449
1682 3578
6232 4548
1289 6352
7457 4687
3275 1461
6242 2272
5863 5149
7839 4770
8734 1413
3377 7970
2169 2490
9113 2791
1980 763
6691 1961
9119 8117
4251 4603
2766 6868
6879 6799
4633 757
3922 6362
6768 7508
7008 1078
8073 202
6572 1510
2108 6155
5568 9605
5143 8191
7806 8722
9108 5568
205 660
2723 7126
5659 7304
1101 9231
1536 2774
8876 3173
6876 4500
6608 3441
5375 2268
8536 2738
1064 1023
8126 347
4499 8620
444 1906
135 4532
5340 3405
9137 3808
3359 6179
3898 129
9327 8579
180 1781
2000 131
303 695
4913 2423
4102 2532
2212 6501
1415 3748
5913 6089
2846 9448
2297 1636
9984 3488
1989 9219
4062 3632
8173 1772
2802 6172
3284 6367
6041 2016
378 2254
1717 3737
8126 7151
584 1156
6294 149
5038 222
701 9173
7112 3687
3054 1912
2659 3086
4429 4014
1487 1155
7097 3928
8062 8134
7189 2083
8750 1379
2852 9924
8968 1424
9466 1375
1764 5985
6885 4086
5511 8422
3890 9419
6374 6138
8675 1659
310 5995
2372 1210
8162 7838
4885 7612
778 5577
343 7261
3154 9406
6925 7832
5563 6269
8206 2760
385 375
3238 2160
1473 9113
2706 6519
8985 412
8558 59
3266 4996
5948 151
3111 118
3051 2445
4305 5598
3632 380
1379 1524
1919 6321
9849 9622
8843 3523
2066 72
3836 3587
988 6808
3315 6175
6765 2253
316 5819
9152 3263
5373 3425
2745 3717
5548 6379
5315 4209
518 795
7450 3627
7916 7121
2145 1332
1719 1684
1943 7575
9367 2655
536 2878
959 1720
7451 1734
2585 6934
9594 10000
7633 9295
5278 152
359 9269
7785 5892
5753 9564
6473 1873
1021 8712
866 2382
2867 4294
9189 8841
5911 6533
2570 175
9991 5780
7911 6039
4334 6170
9096 7880
7916 5532
9791 7195
8533 5658
5606 5457
4862 9898
8990 146
9177 9541
2190 9359
1814 854
9221 650
6646 9593
6096 1818
1944 4986
1623 5709
4215 7187
3478 654
2843 8467
1127 5073
1834 2932
6353 2716
1156 1302
1059 2045
8159 8593
2408 2694
4915 3558
5692 6555
6319 1890
8015 8553
6238 9255
5864 6781
7611 3415
3048 8126
4391 3444
1376 9516
5509 9429
83 3057
5680 2913
2433 4988
679 2190
3170 4421
347 4722
3232 5560
6804 6852
2814 994
960 3711
9644 6471
2454 7280
5044 4629
2563 9132
6611 9937
9173 5661
5874 7869
4084 2722
4263 6387
5427 480
3069 2207
3732 3149
3729 3881
3290 9531
3064 9239
4196 487
8465 512
2393 3236
6109 7588
6054 2624
8258 1601
4968 3606
7159 6372
6112 1505
312 8398
4122 4105
9529 3938
112 9168
1762 8172
2366 1530
6118 4247
9060 6878
4081 2898
7488 1591
8254 2127
9526 8430
9532 6532
3552 6820
4912 9248
5616 5966
2075 7022
8533 7417
8170 8914
6433 3530
9568 1514
6180 6931
7121 3279
1719 746
2067 6026
4117 5108
2926 6735
6792 1023
9939 7806
8680 6795
5260 3006
6514 7068
7911 433
7171 2394
7369 6600
2212 7251
7956 3455
666 8123
3265 3535
8818 8279
4629 4573
9249 696
7202 8042
4277 2914
9036 4917
306 266
2953 8086
8067 2860
6608 2110
8349 3058
7364 2046
1928 8760
5708 5308
4932 3922
4951 1792
7387 9868
5410 9242
5583 8786
3724 5125
6177 1377
8246 808
3320 3097
5438 7193
99 8548
5322 1485
6830 6206
5148 3301
3148 2530
522 2455
1162 308
5609 3515
8855 3422
6294 1290
2676 5706
3458 1528
6853 347
3391 9666
174 3518
7286 2074
1657 2417
7989 7900
6041 1488
9140 7058
8151 6728
