placement model: 1slider
width: 10
height: 10
number of points: 4000
5323 789
9883 7808
1805 7899
8268 2356
2753 7381
7537 1810
1002 4863
2817 6767
6095 9139
6879 2209
1425 3509
7224 2939
7206 5800
1503 4398
7157 2398
8866 1341
6640 4763
2393 6846
4948 5912
4831 6356
9231 1732
3007 6869
5175 5085
9729 4860
398 2239
6227 3306
2205 2873
1856 1171
7934 8303
7423 532
6602 8176
7754 3315
9566 8839
5319 1385
8995 3892
799 8717
2123 7673
1533 6937
6369 389
3385 6380
7984 8051
4845 8242
3873 4004
5023 162
9767 4770
6503 7591
8352 8905
651 6194
8667 1258
6164 8970
9301 8028
4759 1301
1704 1938
6920 8734
2940 1221
7472 4917
679 5868
2662 7936
949 829
2746 8060
6738 7910
4046 4523
5489 3496
416 1266
7094 9034
2273 6720
4575 9731
4681 7700
7778 5460
7138 3615
7814 4426
2698 3381
2481 5824
4270 7961
4373 8658
6332 6149
8798 8856
9914 3776
4843 7712
3025 3079
4788 5587
9171 1984
9456 5088
8743 1365
9894 8633
2166 4322
8899 383
9619 329
3010 6155
9886 196
6623 9589
1581 9965
5708 9190
8368 3207
594 242
5656 4684
9778 5670
9259 4578
251 9211
151 978
2949 5676
620 2936
1786 6119
7141 2930
3462 1906
7373 9382
905 2633
7773 1347
8798 2737
4880 5045
8737 7701
5171 8514
8143 4130
1219 9430
90 2860
9449 5266
7656 8238
2678 5188
5185 836
1704 1739
1758 3267
9224 3400
5848 1967
7509 1700
3992 1724
3590 1319
9482 7690
3689 6671
7679 7390
8316 5613
3279 2687
4888 759
4956 7910
6332 6772
6271 483
8774 6157
8706 9696
9227 5560
1350 7383
2537 1561
1609 7552
4570 325
4004 9648
4532 5599
104 9898
9453 7334
1419 838
1876 3410
9385 1799
4212 6447
154 8922
3229 9884
4450 454
544 7501
1905 7684
3714 5707
9839 75
4126 9513
8284 3646
4020 7772
1272 2052
7390 356
7958 7480
893 8453
8851 1384
8422 4460
8588 8211
6563 9638
2607 4007
1698 8728
1514 777
3063 6532
9905 6569
2942 9358
1187 9599
5365 4111
181 7987
9279 3485
4245 5319
3383 5656
8632 4777
7811 1960
6703 8370
9728 4369
9400 9969
189 3857
8395 3329
6181 471
1074 5846
4109 1336
4666 5553
2264 4345
7900 9934
2101 5931
2688 6758
1974 3638
7714 1107
9379 9004
1681 8630
4548 4867
6858 2075
6815 9316
5039 6258
8041 7737
9849 2693
9750 5921
1220 8222
4873 6150
5520 4405
5103 149
1427 3809
7637 8709
1252 540
1968 7805
9309 3156
2323 817
7142 7103
4083 7451
1916 4408
6560 5594
6949 2813
2790 5405
1004 602
7459 6837
4645 8380
47 2561
4457 7134
3762 5862
4453 7108
7990 9467
5734 2274
1955 6648
23 1278
4641 5478
1178 4125
1904 6856
5551 8395
5452 1828
5447 9428
4961 281
2611 5269
5188 2629
3416 9553
5096 3328
213 174
5536 3398
2760 7122
2717 6133
8294 9774
5748 2844
5149 2660
1476 3181
9935 9306
9273 1785
3634 7943
814 7122
1041 6398
1300 903
1070 9802
1479 5635
346 7282
8431 4511
5382 4121
16 1640
4392 4294
9771 6039
7652 9409
7658 7220
9301 886
1037 382
8135 8694
9245 7193
408 1155
8302 3936
532 7183
4095 8325
3235 3115
2654 50
5705 9089
2931 8851
4177 2039
7310 9742
1962 2384
5478 4886
9683 9883
723 5296
406 9084
7065 5562
475 7050
3101 8230
9248 6377
5284 2663
3965 1414
3354 6022
1830 1775
3781 6362
5593 1420
5538 4168
9337 5480
2717 2749
4304 7476
7695 1900
805 7327
3977 4257
8836 3256
8743 2582
1185 116
499 1757
3590 3086
9338 8379
6097 9080
1316 3272
9081 128
15 325
8650 893
2618 6344
8857 7007
8688 9734
9579 8952
7644 2206
7909 3324
4108 8002
6987 1456
5481 3461
2193 4039
3464 9781
5219 4992
1966 264
7947 8740
7688 9936
7748 4899
2039 2597
1935 6370
5516 7267
959 9789
7593 7984
2356 9033
7049 1261
202 1674
4093 1547
4035 4602
8793 3455
4356 4454
1856 1538
5156 6151
4596 3939
1036 3475
9974 6919
6853 8197
3721 2340
9118 4831
4144 3955
2717 3741
2982 2981
8373 816
9447 4246
4761 2065
1873 2406
5355 4897
9704 5409
8560 16
4406 5254
766 2358
4723 2460
3775 2871
5674 5983
2579 1194
9018 6668
4195 5732
8633 557
9757 5526
9250 5678
9168 4457
1100 8207
3316 2049
703 3266
7861 9205
1049 1296
7704 5375
4684 3370
8345 4328
6900 2952
6048 9280
8 7975
9906 4672
1843 6428
948 3784
804 3156
5679 7981
8347 6963
6709 1151
7082 6842
4969 7347
6126 355
3922 9873
6296 7928
5653 4480
4246 6483
1780 8586
3804 9876
696 8971
564 8340
4756 2801
735 7554
161 8362
4715 8536
9474 8331
4004 6816
586 9205
5242 4011
3524 4159
8722 4982
1231 2121
9065 8346
8400 380
8405 8801
5818 2744
729 4620
1233 2760
6793 9723
4433 6230
4532 2623
4277 2253
1335 3340
8514 831
22 611
2844 7807
9498 6450
9566 874
4497 5419
8775 8631
3766 5320
1194 791
5574 4937
835 7470
5829 3442
5785 5603
2309 2249
1083 9038
3884 7949
530 8076
1888 1045
55 9556
8551 7029
5287 9893
8722 5224
7004 866
1344 3236
4395 2613
390 2057
5331 9341
9314 9571
6708 1152
4914 2447
2719 7289
8271 7196
244 7469
749 3776
729 1153
2591 7189
8827 8943
8422 6103
6304 7541
3370 7999
7105 1420
8963 1289
7401 881
6321 5484
23 9875
7824 2870
7446 4609
7752 3277
4419 455
5481 471
6774 6207
3315 5816
6617 2501
8846 8889
3321 3604
7632 1417
2380 8231
6201 2782
354 8099
6709 2472
9910 7448
2855 1461
8576 1518
461 8112
4028 1971
1566 9593
7721 2360
4684 5066
9676 5159
5664 4372
2195 6155
4918 9375
3479 8782
1672 6116
3639 1275
526 5228
6715 2900
9780 899
6916 7698
7631 5616
1193 2001
1433 7893
2309 9564
6040 1101
8947 7536
4816 3384
977 8686
7294 7623
4657 6004
5348 6653
7538 7121
7385 9218
250 6449
511 3296
3152 4287
9117 1212
1382 4779
8409 9049
4747 4206
6949 6049
7731 3625
4892 9711
7620 6863
1326 8382
7569 4819
6746 5971
4645 1378
7119 4838
5203 6088
8336 1144
1897 519
8497 7626
661 5669
6714 6067
1104 5649
20 4574
9730 6974
4518 9661
5022 4235
5315 864
8298 9266
3866 3963
9439 8390
5222 1781
3664 4719
45 5568
161 8320
4724 5225
5882 9529
108 2986
5206 5690
140 5421
2618 627
961 6069
1794 4095
4748 8822
8842 8322
9197 3327
4920 7700
8292 3136
5829 7565
1207 1556
3565 3351
1906 9770
1001 7025
5281 2315
864 6445
49 3658
607 4939
2935 8555
1295 6741
9595 7893
8817 8268
2297 1916
1171 4133
511 3751
6252 2472
2441 7568
4809 2988
4267 4641
7115 7013
4367 8896
5903 6166
9101 909
2494 2511
1472 1732
2238 4122
6650 6208
8217 9226
1830 1770
1587 4116
7839 3685
2 4147
7080 1404
5997 1311
9586 4939
7855 790
9985 3739
9967 6003
450 508
5678 1103
8464 5855
3059 6578
1294 4770
4527 9446
6678 7389
4669 2470
691 1100
4960 3273
894 1591
4326 6547
2536 5723
2160 5110
3344 7629
1079 3964
9164 7704
9862 5763
3461 5891
8433 6290
4299 9694
7686 9856
3360 9213
360 4934
1769 8429
6700 1411
4800 3386
2626 7263
7796 1371
3407 7238
7172 4809
2050 8359
5378 9365
3041 6752
8202 6291
9966 4616
1623 6839
5264 6537
2924 1988
8497 3966
7069 7756
2863 4
7475 6919
1529 5171
2263 8363
8839 1482
7102 8038
6381 6441
6291 8019
8609 518
6863 6705
5303 4805
5665 2484
7256 979
6009 1200
4686 6643
2301 3973
4511 3361
5173 4009
4352 5680
4733 4945
5359 4561
2360 1606
3876 2425
7495 3650
8227 4431
5286 591
4877 4067
598 1054
793 6477
6558 2718
6816 7538
4144 290
3413 5435
1863 3656
8395 9512
6980 6054
9475 4095
3939 3030
7576 2384
1551 9834
707 7179
212 2847
8506 1671
329 1345
7441 7620
9942 4352
1546 3102
18 1244
1180 5178
9536 2413
6213 1582
90 8637
1531 9515
5835 1956
4266 8389
1637 145
5919 813
2798 3500
8634 9930
9940 5951
17 5621
3292 8254
6058 5988
4502 2369
8925 872
8690 2869
9942 2759
1916 1261
2241 881
3367 1766
6266 2527
3579 3848
1562 6729
4300 342
837 9032
9431 4256
1506 6482
2050 2
7375 9772
2050 5492
6200 9588
9516 3263
8162 5522
43 1042
5629 4440
9647 3496
8973 7606
114 6
8654 2131
4460 1035
3002 9552
6985 8992
8735 7652
8066 2671
8695 3515
3836 9588
8266 3527
6585 8102
8064 7170
1944 8061
412 4301
516 7535
5118 4509
1195 7150
1344 8690
6304 2799
2292 1986
2400 2160
9599 8178
8251 1101
6223 6675
7198 5088
2927 1138
7048 4079
8564 187
4185 8036
7519 919
7637 7646
7440 9359
4035 3983
7083 1482
6959 4533
8402 4574
3332 7595
1624 3903
1883 1575
20 8334
5831 4401
3874 4809
5512 4877
5510 6040
750 5305
2272 6341
6984 578
2754 7015
1766 9641
492 1896
2416 140
9416 9842
886 2566
1593 7170
3643 495
8487 6193
9306 1836
7509 1619
9880 2687
5788 8396
3038 7526
2758 5449
1621 1620
6710 5272
298 3871
4566 5113
7127 4835
8712 632
9527 2003
9705 144
3825 8508
4612 3894
2877 4260
815 4557
2907 7583
4607 2164
1614 7819
7356 5319
7029 2760
5294 1890
5442 2207
1339 5708
7015 6072
1052 8523
9409 5294
9694 4048
5135 4769
1322 7233
2294 7957
1215 1360
8743 8139
8296 114
8740 2484
9580 7126
1432 2045
5611 3276
2051 9752
9259 656
5897 8979
2485 9883
9396 4024
3828 4526
8794 2942
847 7552
8819 3232
8778 732
5468 1769
8949 1599
3898 7962
673 7932
1425 3503
445 3693
3011 6577
2447 2816
3301 1276
5408 9855
3461 9254
2057 8757
7533 7315
7795 6848
7632 380
7122 6998
651 9187
2848 2050
5831 2150
2503 9958
8288 9843
5462 5825
966 870
8230 545
7093 9310
7127 3684
1954 1763
8979 4010
2773 2183
3725 8069
8637 6475
5213 8847
8675 9369
9466 9835
1401 4965
579 4643
2704 9489
9404 7425
652 3243
983 981
1416 9828
6692 8619
4195 7070
5710 9723
5592 2767
6916 20
6756 4790
7911 8359
6579 234
3039 7034
4944 9413
6099 2138
5375 8081
2785 1809
506 4355
1570 1129
1113 8890
2967 1467
5668 4424
932 9425
3201 4254
6296 9844
6578 5320
9412 9270
1380 9056
6518 5861
6782 2195
1727 324
6168 8020
2990 8838
68 6353
5749 541
1502 3883
5901 1757
3918 4790
7084 9045
5790 8632
7932 6332
2994 2891
865 7828
1636 2511
685 5387
4156 3263
3542 3957
2149 5001
8332 7052
2503 8414
3513 9382
2601 6868
9232 3997
6796 4879
1227 7412
850 4121
6510 2920
8115 1622
6437 5366
7865 7595
4590 4620
4149 3839
184 343
6096 7777
7754 7366
6049 2291
2384 2176
9088 8395
8479 9809
8261 7634
4182 6473
3201 5886
9066 903
9416 2612
4128 1362
1081 1588
99 8295
1653 2205
2042 8418
5808 9775
130 1643
3075 7161
6797 905
5348 1902
2670 2803
1938 5348
5224 8540
7611 7745
8620 1772
9964 5378
3225 5576
6171 2137
2576 9978
9657 7159
4824 1499
7478 2747
3688 9891
6937 6306
3999 202
6639 7635
6164 2202
9699 6907
8865 1253
470 6845
277 1238
3404 3960
7921 1914
1032 9550
8839 3226
3980 2163
9786 7376
3153 5197
8072 1729
3272 9790
4711 7597
6868 9425
2817 9529
2088 355
8965 9101
475 113
7605 7722
5897 2125
4633 9531
2788 9808
899 4820
3539 7150
9881 7386
3713 7940
1608 702
9539 237
9494 5399
2820 4996
3490 8893
1747 1701
2088 8202
9335 647
69 5058
8593 3030
4321 8348
6924 5779
2082 4925
1440 862
2482 6502
9245 7421
5277 2163
9481 5758
8486 2553
2280 3678
1900 4160
7612 4697
5714 5462
3451 2704
8183 8696
6129 2968
1033 1382
2961 7187
9427 4305
7134 4064
3195 391
4124 5360
2833 464
5984 286
6702 4427
8614 1303
7084 3565
885 2054
3704 5243
4790 4660
894 3009
4243 9063
2973 7304
4841 509
1761 9827
2185 547
3580 2754
9900 7556
5012 9751
2064 4804
8738 9662
5524 6099
8813 796
5028 6427
249 79
58 2855
8821 5425
6571 3997
7163 6696
7198 5405
447 7042
4858 156
7966 7801
510 8252
538 5903
269 9315
8066 5268
3698 4311
1495 704
9338 577
4116 8562
6241 5807
4490 8008
612 5260
8702 7802
7636 2825
3282 5701
4658 5964
4270 1776
2200 4215
6406 5422
3014 6323
8883 9889
3634 5017
3980 9917
3023 1037
5364 73
8133 4939
5094 8200
3634 1804
2297 1969
7119 7526
8007 7921
7364 8636
6386 5964
9761 950
1419 6206
2278 1522
217 5023
9521 734
3284 9909
1971 3671
9971 1262
2020 1532
4049 7782
6779 4450
1821 6247
8892 8727
344 4225
8924 6869
7917 3830
2058 5904
8386 7859
8258 2157
8309 8688
5699 8697
25 1652
3195 2578
325 3876
9424 2426
2941 7134
2975 5278
5925 2803
3863 3889
405 7521
1928 202
3314 186
9344 9209
8892 2135
880 3805
9842 2162
9077 6468
6727 4088
3102 5213
9707 4388
2069 3609
4032 2086
6624 680
166 4146
9546 2149
7432 3902
1394 8004
9382 2810
1069 9684
75 8112
2053 965
3856 1561
5177 6867
4781 1872
290 3654
7430 1373
4777 8729
337 9344
706 4824
309 5344
9205 2550
7428 1617
6127 7861
7274 6693
9322 6757
9296 5532
1945 5661
9524 9773
5461 1949
478 127
7493 5816
2986 9932
6954 8817
5323 9112
5558 2320
8670 3828
9953 8229
6785 4800
276 8032
7618 9779
4556 3483
6800 1310
4026 5524
4536 7999
5542 1608
2987 6345
6104 6993
6843 2761
5428 7514
4938 4402
7474 2035
6281 7024
3632 9884
533 4832
1432 9886
5528 371
9675 2409
8876 3991
3479 7526
5708 5722
2723 2366
2834 1870
9208 2477
2357 906
3226 686
9579 5733
5435 6246
5912 2517
7789 1269
7756 3404
6029 8094
6350 1735
146 3176
4597 96
4100 9539
9668 9158
2792 6916
3413 4927
3008 2189
9767 6246
8236 8314
8354 3693
4656 3702
8503 8763
8498 7570
5057 8950
6570 6604
4102 4823
2844 8100
7801 2788
7958 5108
6336 4408
9510 7659
8336 7650
1481 6898
8250 2790
9270 2689
6457 784
2522 8153
3169 6472
734 15
5275 895
2138 7771
7563 7464
6090 7462
3462 4155
3863 5381
5615 5837
6522 3253
340 7997
847 4756
6796 1532
3419 3324
6569 7627
8357 6688
1819 6420
2629 8884
7318 2173
3718 8473
7156 7475
4001 4521
4710 6869
7106 3919
5066 72
3803 2295
6624 4820
8929 7571
2759 1013
9506 7911
2960 9363
3788 9660
3124 9857
469 3377
6592 8734
7390 1948
9674 2555
4274 8817
8778 8694
4971 895
7424 9889
1331 3152
4230 5060
9513 9200
3038 1452
1296 8394
325 4621
909 479
6953 4509
6721 158
9902 379
614 896
5133 4954
3387 1005
9447 1802
8084 2878
5059 5302
7392 3448
2388 104
4841 1208
3775 4315
7359 7545
4024 1546
1410 7734
4151 9880
42 7836
3962 3477
3508 472
1707 6282
9430 4467
887 6197
1953 745
2469 3179
1091 9658
1157 765
457 1612
5145 7373
1804 597
1021 1819
4337 1846
4836 5413
9808 1542
6396 3365
839 4034
6650 1283
1735 1546
1105 4874
2249 3004
7400 1513
2357 6244
9928 3723
5489 9806
7142 9665
9966 3452
6842 9470
804 9964
2444 8460
8426 7721
9253 1263
5721 837
3513 8691
3111 1167
2078 3632
9834 2001
2011 5500
7540 5567
1184 5866
4274 2550
1500 5066
5779 4443
6528 5665
6735 3885
676 6191
9905 3662
7489 1848
5346 3892
7101 7588
2816 772
3933 4061
2027 9885
4426 5637
4584 1330
2698 3469
8472 5382
4879 8701
8482 2177
717 8015
4204 744
5874 7446
3090 657
5539 7685
694 5361
75 3654
8737 9065
1404 1262
5169 7123
5090 5402
2142 2870
5881 6712
1669 9418
2281 9408
3889 5438
2935 9259
9424 1759
3805 3382
1183 5144
490 234
7084 5448
9388 6609
1321 6795
9142 1888
8994 2093
5161 2998
7805 480
1165 5093
6204 4821
2980 4007
2459 815
3186 1718
6091 4609
3558 3889
1569 4190
6132 3241
2384 9112
137 6817
7518 874
9261 2498
111 5290
8066 3534
972 543
234 6944
7047 8351
9391 8143
2649 3607
8423 8003
1290 7517
5084 3371
9485 5746
3788 6645
9656 25
2718 7037
9797 8154
1863 2514
1561 5389
10000 5373
2286 1143
8327 4890
2572 2383
4233 9425
7721 9081
4319 4391
3501 3692
7992 9406
3405 1499
1941 2198
9775 1189
3256 6418
779 7780
3149 4979
56 376
5561 637
6728 1957
6617 7700
7374 847
9004 8419
7159 9349
3969 235
4255 5211
7792 2445
6529 2004
7686 9424
2205 9830
986 1886
8135 8134
7112 7984
2305 7210
6902 3657
7893 8202
4392 4269
9774 8805
3902 3363
1316 2388
7426 9085
4660 1784
2029 4876
2609 7595
7159 8088
5838 5149
8416 2930
6953 1989
5998 8259
5069 8866
8162 3701
5590 1488
9129 7071
3940 3977
3869 2778
3944 4571
4180 1605
8445 6182
3399 9162
5792 1511
7168 8523
2923 9960
4687 9010
7833 1272
5550 7554
3673 8452
1261 9244
8362 8601
4400 4311
5208 6678
3936 7827
4619 5386
5605 576
9386 7586
7502 3736
5394 1317
5955 7508
1413 8428
9170 6229
1286 5280
8697 2105
4279 7457
5753 7585
7413 9465
6093 8604
8545 9222
5 7295
3440 4410
6828 2675
3743 7595
7176 4
4471 191
8531 5156
4117 9892
3221 3631
9101 7582
9520 5816
8810 62
7022 2965
6470 5495
408 5832
8926 8390
4760 4511
5179 947
1983 6229
6194 7957
5571 1212
7148 5555
9452 5053
3553 656
4757 8456
2733 3738
5736 4337
6751 4282
7671 682
3584 9774
7719 9738
4941 6735
5025 5931
2750 5132
555 3451
1698 9619
7113 5921
8801 7925
8820 1759
3743 524
9757 9774
109 8842
2733 3694
9374 8982
1600 5575
4565 5698
7875 5204
5848 495
630 4363
5226 5980
7630 3647
122 1612
8508 1669
7617 3959
9294 2432
9222 4190
2861 1965
8912 1889
728 8314
2685 4330
1365 4507
2428 450
2223 6056
1329 5440
330 8156
1473 179
2171 6778
551 3979
5789 5664
896 4023
1827 4723
5244 8591
3453 6323
9970 4884
9056 5148
6997 6746
4952 8290
4502 4585
9481 1368
9732 5788
5670 8257
7016 1948
3559 2941
5674 5633
6744 6776
1659 2423
4970 9133
4967 5311
9745 1528
2828 9250
205 2790
2125 4334
3586 1774
3025 1418
7247 8694
1428 1783
1838 1632
4765 949
1870 3658
4354 7222
2099 734
3434 4546
9639 3481
925 7505
5404 1619
2617 9800
7127 7284
8327 4541
6739 7469
542 5540
9480 5817
1878 6297
541 9312
3521 9697
1606 8409
2515 3153
6955 1324
1503 7216
6525 1888
2860 2110
3677 2135
2968 3859
7272 7162
4308 5944
788 7123
9187 589
8181 69
5064 7588
97 215
2723 6050
348 4124
3580 904
8054 1577
8640 678
6024 5740
8975 3878
4295 3179
2920 5398
9483 2636
7713 2847
5403 1646
4803 5579
4853 5407
3134 8463
2143 5111
2509 8102
8411 6903
4316 4428
143 7851
4810 2018
8581 5201
8652 6236
9282 2160
4411 2095
1003 888
7375 1783
5589 5343
1432 4387
4790 6201
9187 9025
1974 9692
3197 8545
4035 2
7382 3533
775 4070
4633 5803
7164 8210
1744 7050
8708 4361
1042 8393
965 1835
7917 7138
3708 217
4688 7963
1973 8399
7662 3953
781 9821
6235 6557
7350 9290
5798 4012
9728 8995
7345 6040
4118 4436
2640 9098
4641 1435
903 6497
4378 5541
9406 3524
9652 4840
3317 1047
2684 9980
4691 9005
8239 502
1189 2889
4169 3585
9437 6801
5183 8327
5709 2226
7497 3991
5404 119
1313 6672
126 2645
5711 9784
6797 9507
6068 3081
5026 4714
9259 1894
8129 821
7928 7577
5474 7970
1967 3095
9769 3248
5382 5699
7825 6982
7224 2117
9048 4213
471 730
3768 718
1146 8102
9922 3250
5090 4981
801 2289
3706 314
5771 4544
1586 4979
4633 4756
3996 3932
2774 7598
3932 8149
3553 4257
446 9748
998 6612
6333 6043
2359 9848
6727 7824
7443 7304
5641 1732
5979 9107
8450 4671
966 4256
6330 2342
8627 1343
4485 3287
6845 9817
1396 5098
3490 697
2954 4491
2182 2603
6624 7153
9523 2012
1328 6197
4184 7114
719 6332
2134 5780
3620 1758
582 5957
7615 3144
1351 7134
5446 4713
9609 7953
9141 6337
4427 7699
3917 7423
9295 9420
7162 5486
3042 695
9682 1703
4365 8698
712 6379
4006 1244
5391 6396
5646 8607
1979 5409
8440 9376
2556 597
2560 9980
5202 2530
4143 4198
7336 3080
1675 3556
3260 9817
772 3476
8993 147
4121 6838
3493 8420
6278 4856
1059 9270
167 1132
8994 2301
3775 9946
360 2488
3955 4826
1480 2791
4530 5958
4749 1352
668 3423
8136 4336
7570 5643
1130 8035
9649 1662
9813 9442
8839 5155
2026 7071
2280 3614
1127 6708
7274 4006
9080 8417
8470 1719
5973 5768
416 7506
356 3882
1318 5700
600 4320
2813 7468
6302 2164
1414 5411
1867 4708
6919 1647
8382 1886
8903 2742
5043 4188
4199 9871
333 8716
7965 3326
919 2396
993 6769
3622 1081
9543 4130
5721 7618
9072 1963
6330 5465
4046 9657
1891 4554
3669 9407
7269 1829
465 3360
3953 2523
5594 1479
4346 2801
1027 7534
1067 8826
7083 2824
468 5946
5073 9354
2553 7290
5556 7000
6740 1152
3439 2529
6263 7079
2037 3078
3507 2559
3685 6772
4458 3675
4063 3682
1757 1615
8077 207
4881 8229
9040 505
930 2672
8055 8913
7892 7693
8782 6010
5778 1141
5977 8722
7299 9230
9806 6707
6356 9754
6350 9233
6031 4363
6579 4876
6929 3746
5540 6122
4443 1597
2105 8501
9850 7411
7592 1537
2283 4380
1619 832
4199 4991
4874 4331
9463 9810
7053 2340
6158 8272
6132 8885
8179 8992
6324 6310
7298 6678
6649 8937
2025 146
3986 8203
6756 2578
2787 5896
5246 9266
8427 5095
9123 9328
7567 7045
3733 8951
2839 4578
9868 3911
4201 6139
467 5652
6050 9884
5984 4460
2583 9513
7395 2278
1100 886
2522 1414
8428 3111
9158 1905
6262 9009
572 6625
5913 2619
5654 3447
3074 2939
7403 5988
3784 8164
6101 1708
5348 3014
3677 9268
6385 5257
1494 5867
7815 3132
9917 863
9482 4513
837 4532
6132 2889
1868 8120
6200 6744
3916 5083
2805 4667
5625 5343
6473 4308
2572 1662
1104 9636
5239 6173
1969 5554
3771 2729
8959 9936
5939 9282
8403 4895
7852 6884
6032 2313
1808 1550
6098 4879
5391 7677
9984 3564
4404 1691
2046 7805
4464 4413
3273 9563
4057 499
5169 7323
5413 8434
2011 8551
2210 7811
48 664
846 2909
4977 8674
8663 8407
5805 8904
4099 227
5635 6745
4545 8556
8394 9145
7296 3288
2979 7522
7759 1111
8801 2685
1232 2979
3564 4332
9797 5322
5970 1837
3690 2520
3317 6197
5334 7000
8332 7509
5814 720
4174 1512
7543 4083
1266 8373
998 4934
41 430
4608 9628
3900 9197
8282 5186
8595 346
8281 1588
3538 229
121 4571
417 6998
5877 5208
2287 971
1763 7197
6556 4451
606 8602
8573 9141
9562 9147
8148 282
5057 9805
6218 8670
627 9832
3602 9774
9592 8394
4116 3332
8408 3605
8869 9601
2367 1132
1869 3161
2484 6006
6446 1046
6989 9143
3131 4579
4336 8490
7999 2385
3800 953
4154 3410
2163 9750
140 7630
5493 2090
260 8174
75 8346
7564 3981
5432 6687
5463 7942
3491 3537
1950 2908
3252 9726
6214 3535
1401 5193
3919 743
3415 1985
6679 3155
517 2008
8242 9290
9223 6864
2321 9346
2690 7953
5590 2191
20 176
6702 5871
3795 2741
8644 6487
6069 2088
8617 4593
5170 5765
6591 4595
2295 4586
2925 4018
7194 574
5503 100
8053 7384
3697 3731
9707 6905
8194 5182
524 7747
1609 1887
3789 9274
9549 1570
9057 9262
4806 540
2170 3115
2601 243
8914 3358
3177 2246
2621 2961
9244 7241
978 9134
9250 6398
9058 1926
3784 6551
9024 8483
1012 6984
1858 616
4698 9477
4553 2620
1824 614
8529 5267
2413 4177
1647 5726
3524 6607
4027 1010
6151 6834
1594 7993
7411 8217
3480 4548
3703 5537
4676 9012
9950 286
6377 2671
254 883
9879 2977
3468 6098
9182 3611
1853 2985
2710 8906
6780 2364
1433 7641
8309 6768
8315 6908
9864 3493
4335 9489
7254 656
5565 4422
9903 9365
4183 9657
4234 4627
9695 9658
170 1005
124 8750
814 159
5829 6854
4023 3626
1294 9154
8387 6397
52 2423
681 8192
1933 3180
9122 568
9159 3846
2085 4790
7811 7305
9580 9143
254 626
1255 3838
3287 7976
3767 4005
8759 9175
9491 3445
4850 420
5665 5233
3432 3837
8223 1191
4848 4455
1057 9272
4964 3344
1638 8036
9729 8401
5800 2963
9721 6903
7647 9446
5556 2257
9905 5876
6242 9980
7986 3416
5034 8573
1523 3566
7679 4465
6761 787
3865 390
5103 7943
7250 229
325 5049
1317 5733
5035 1423
9131 2498
4330 2131
4258 2329
7350 3327
9773 5315
4068 8517
726 6867
5103 12
5278 1034
9284 2172
9198 1978
4667 1686
3020 4332
9816 1368
7027 4130
2667 248
163 4432
3808 1168
1369 7183
1119 643
2736 2809
7547 7523
212 3072
4457 1151
8642 8208
7214 5947
2471 1795
3709 140
2209 2725
2129 4924
2842 6273
307 2240
6909 946
7318 417
5594 6961
8280 9658
6329 3725
3167 90
346 1682
7264 302
7058 9087
5930 6439
9520 4649
1716 5182
3807 2216
1060 5251
4414 2556
8505 1732
7924 5559
7929 8432
5908 2630
708 9307
4544 1717
536 7807
8306 2589
6485 3468
1968 5750
6185 4366
472 7125
8428 3833
8597 4210
501 5609
9263 1606
5444 6020
9266 8301
5280 621
8150 2634
6829 4025
8590 6949
9086 2398
8182 6408
2632 5918
9512 1586
9414 5731
2179 2510
3198 9741
3773 7850
656 391
7107 7529
5142 8358
8766 9397
106 4328
7291 3263
1456 5093
5313 5193
3133 8679
1615 8562
4600 1385
308 2888
9660 7356
6036 3220
6376 5341
3534 5904
4005 9543
3454 4531
3654 7142
4100 1368
1505 9367
4861 7579
5717 6469
267 6050
661 5627
1779 8794
2892 4530
331 2668
5144 9486
4269 4579
9842 7905
8009 9857
2316 9484
6181 7823
1371 34
4359 6533
5837 499
9288 7226
6631 8687
9883 7165
310 2495
7427 3322
7120 8598
1277 3531
7305 4602
3493 7909
5427 6676
6140 9717
2552 2482
3158 9523
1215 23
4567 8542
5389 7352
9334 5611
5275 5339
6190 3660
2528 1377
4327 4060
7974 8368
9364 2779
5197 7077
4823 4306
5480 1041
8847 9296
8634 6857
4306 2085
6167 1910
5873 3348
1967 6742
1795 9706
9105 548
1988 1970
5619 5337
7358 9019
1094 4996
1035 3875
6193 2663
1131 7420
5007 2743
5615 8622
4385 5980
3325 1762
9623 3540
4756 2629
2667 2108
5948 7030
8972 1485
5365 8785
9816 9937
423 2723
9957 5212
6901 1676
8217 4540
2761 7602
7130 7541
5412 1703
3457 9161
9954 7167
9866 2672
1192 9876
3742 980
5636 1253
2753 3735
7892 4
3183 995
5722 8381
6607 8512
6979 9381
1813 8420
1315 1515
7912 5702
8795 7732
8781 1479
9674 968
7341 8103
2859 1978
5386 5262
4955 3327
6364 9790
5762 1700
3138 4554
4190 2168
5390 3854
6065 3054
7060 7258
4636 5293
1343 5862
7454 8262
2372 8455
8607 7198
2274 2000
3581 8390
316 9328
8567 8869
8189 9366
3884 2970
9578 6335
347 9667
3163 8188
1402 393
4284 415
9725 4572
823 1213
4755 5724
2524 7135
2136 7518
5981 8622
2340 8687
5014 9330
9381 5875
7236 9325
149 9791
5196 8273
9971 9253
691 6078
1639 2785
8777 9096
6659 9579
7262 9658
1649 5926
7779 8745
1701 5358
6316 4527
694 3895
5667 2490
3174 8227
3476 4570
7816 2817
3322 3654
3655 6187
1458 9999
7949 5521
7824 9856
7105 7744
4908 1757
4319 8001
7954 1156
2245 8862
2524 3746
6259 3770
7871 3555
9336 644
384 6844
4118 4443
252 2226
7510 7962
4426 2657
4885 6627
1901 4830
3967 4144
5707 5785
359 4870
5861 8482
8293 1287
2593 9575
3364 5931
1069 8008
8390 2745
8393 7677
7230 6324
8835 8087
4804 2561
2328 6918
7954 1354
4581 6720
2214 863
8348 6950
1645 9996
8390 5255
5844 9067
3065 7216
8275 5341
5389 4589
1156 9838
4158 2544
3442 4328
9438 3003
2599 7940
5141 3081
7016 5929
4188 2254
8417 4585
2500 2486
5669 9169
1372 3416
1511 1495
6439 1257
9509 8085
9916 7020
906 7109
5493 2954
864 4775
6789 1072
534 3516
1663 9819
1032 4158
6975 7607
8534 8921
5216 483
3215 460
5225 650
3013 3126
8747 647
2299 3065
1111 7256
9410 9597
7711 9162
480 2958
1713 2150
1837 8998
436 1939
7671 1386
6046 2365
2567 5121
6425 5784
4337 152
383 7452
2302 7522
6675 3771
405 2670
7624 4346
1367 3561
1948 3053
8550 7919
1850 6431
6513 9828
6420 195
1483 471
7482 8004
5254 4515
6241 7726
2552 3064
3669 5892
6371 2724
6621 2279
3728 9509
3788 111
6127 9658
9728 1068
20 8446
6697 3236
498 4499
92 3977
1948 5351
9958 8123
4425 5514
2196 4006
1437 2357
122 1610
2780 200
4435 6659
4052 4357
1559 7972
1237 7646
6982 1089
4426 4906
9325 4839
3222 5219
1423 6704
7191 9103
7018 3872
9411 2887
9173 6126
2597 7733
7972 9519
4769 764
5147 787
2318 6394
7803 8106
4680 5231
9172 9560
4724 5633
3795 9433
9273 7119
4899 7307
8729 7708
2197 2712
5008 1928
3464 6328
9431 3290
8054 6390
6558 9911
5480 7666
3178 4159
5474 1835
6758 7920
3783 754
2616 2017
5981 6084
2992 9575
5417 9429
7717 5429
3684 8149
4325 9717
68 7407
9214 5835
9257 51
9951 5038
3143 905
4760 2323
8331 2489
1566 8476
9815 435
9543 2792
4371 4279
5167 8875
511 3566
2206 7780
9635 3585
2147 2934
1944 8018
7754 5254
3295 4091
1191 632
5712 5031
3051 7998
4207 4068
8087 4379
3475 9510
8973 1136
8964 1776
6054 9968
2012 7175
6657 2650
7871 1808
121 2041
292 3526
7787 8261
3321 8457
3709 3509
5258 1872
935 3379
7957 3383
1033 5325
9549 1724
867 3635
2887 1244
7753 9461
3980 8038
8113 6978
8370 6926
3536 6120
4576 1720
2127 7935
7869 1572
8993 6733
3029 1689
116 8499
1565 8479
8610 5525
722 2148
2942 8114
2760 3271
9102 1951
9931 7286
8717 3124
3505 4883
7344 4971
7702 4701
1053 7095
6050 8508
3170 9452
6559 8739
7454 7963
2199 3806
5281 3558
5782 7005
1426 5693
7756 8399
1876 1277
8653 4216
2518 4449
5698 7334
758 2307
2983 6570
7114 1318
1556 7043
8680 3202
5592 5929
7402 9286
8575 3315
7195 0
9980 6235
4971 4355
7694 54
3694 5800
3579 1190
7622 4085
2929 184
6636 5274
6578 4597
2100 6756
5091 9053
4359 6706
2189 1002
1901 8016
5480 5112
5305 8632
2240 4739
9581 3245
2954 3862
8200 9728
852 1311
9048 718
9514 7275
2215 3734
7841 5100
8822 890
2218 2811
2697 3030
4747 8650
6120 5299
7122 9659
6468 3453
6050 3947
3925 183
5007 8899
8783 4218
5380 666
7019 6572
8629 9189
1281 8305
1022 5539
4911 499
9054 8786
1549 9290
773 7692
5071 9030
6970 7740
3710 7750
6335 8665
7621 5667
4200 1870
7976 8926
4224 1074
7088 1915
7158 9696
1906 5544
1114 1929
8773 8919
3473 3448
2403 6184
2680 8668
9094 8734
2251 4586
3041 2346
9865 934
8234 4436
2347 3539
4898 4541
7218 2299
3476 7184
8193 5340
6616 8886
3554 2779
6234 6779
5642 1332
8040 1746
9147 375
3353 8357
9410 8967
689 2256
4022 7218
3244 1249
6662 236
6057 8591
8692 3509
166 4853
6266 1681
5879 6094
7930 338
1923 4296
761 6725
5081 7399
9197 6506
2089 3857
6557 4939
6789 1215
5301 5881
6064 6029
1380 361
5560 8112
1859 6534
2847 2426
4617 1106
8358 7085
6386 6428
78 6746
8944 4973
1683 9888
4826 3309
5170 5513
968 8927
5985 2453
9808 6208
5534 4848
355 1953
4567 2327
4237 6341
4143 8769
6844 4805
4044 9374
4936 1705
2370 4764
9208 9953
2893 9266
7124 1287
3079 1790
6894 2856
1452 7593
7426 4915
4257 2444
4262 9146
2836 6439
8373 7840
3763 5386
9120 6957
4494 2622
6821 7357
3185 6863
6783 3951
5027 8380
7467 5526
6233 7327
1313 5574
7279 6918
7101 5803
7087 8667
5943 3308
9189 2648
1766 3184
9752 9889
6918 9292
8195 8872
395 5960
2216 4026
6387 2439
817 1817
7848 9909
4012 6187
6981 4316
572 9064
4506 4233
5077 1301
6114 7136
2978 8964
2948 4639
8419 9988
1830 2539
7355 654
2086 1219
5417 7051
9089 2827
2466 7430
5222 973
2646 8950
1154 3335
9749 6310
4009 1008
9447 4521
4899 6452
1688 1622
3396 3888
3385 6526
2887 1982
4 9208
5517 7713
8733 4120
5832 9607
4527 761
9220 6780
3762 9992
8658 8460
7288 8387
6221 8667
5358 4547
5717 355
544 8609
3943 3532
4101 2216
396 5066
2533 5595
6940 8844
219 2749
2323 6328
5152 2218
8821 1133
3196 9605
5990 9816
3663 8220
2573 7555
1123 152
3045 4531
911 3064
636 7808
670 2228
6369 1636
3929 6594
6298 8382
1995 9314
3880 5248
2374 1233
3724 4879
7555 909
3579 2085
5504 5304
4908 5253
8289 3848
577 2742
9139 1407
8642 2710
3967 3160
6252 3579
9179 6289
7865 8534
1806 1133
3956 177
3935 521
9476 1182
8621 7774
7379 5835
3435 2753
6941 7943
3596 3576
8159 9322
703 9449
8056 4648
8799 2913
2413 1216
3038 5563
2017 2800
8937 2197
630 5516
905 7162
1563 7993
6604 9508
6893 1305
523 5535
8467 3974
624 2683
4873 5593
7605 663
7221 6153
5405 470
7950 9735
3235 5487
6618 9732
4512 4623
618 7432
5440 3667
3621 938
6607 8030
6848 3773
5388 7926
159 7079
9709 5065
7256 2774
6710 5982
367 726
9862 8619
3450 6704
3762 4051
8113 2229
543 6709
73 2769
7410 5485
8063 4351
1320 3353
6514 3326
2255 3502
1025 1736
5600 2489
5884 9523
1121 7508
4275 3446
3099 9594
780 122
1431 7296
3081 6494
4628 6909
6180 9777
5999 3820
3091 5971
6018 1216
3242 6497
6587 9478
4134 7424
5059 8369
4064 3585
9167 6560
1436 2934
8890 9865
7219 2303
4628 3350
5277 453
7398 2328
5890 1747
7768 3552
2005 468
665 428
1453 5131
6763 7076
5620 6187
6891 1758
5353 2492
9870 317
1179 1029
5774 4708
6172 1190
3443 9986
7074 9199
3192 1691
7976 7131
5827 5768
7165 2349
2148 619
6627 2948
8048 4677
5418 8031
6135 9226
1091 4083
4203 2619
8817 3547
4413 3200
2401 7604
2054 1456
5067 1385
7849 8523
8317 252
3293 1756
8685 5099
6047 9583
1519 5673
6272 2564
1178 4189
8344 6305
4218 6825
7928 9270
4526 5539
8215 526
897 2300
9079 3445
2285 7803
7061 5615
9046 6556
8321 1138
9751 8246
9158 3477
320 4108
3044 484
8867 720
3196 9755
1432 2317
444 9561
1324 2417
6259 3385
9259 2775
2398 7991
2129 4103
8241 1769
4557 369
8983 5749
8081 9812
3209 2703
7848 8112
495 1971
7788 189
8474 4572
2425 6119
2912 8627
19 5622
2849 2354
6543 7031
1278 8411
6883 9732
362 9664
8128 3894
4580 3052
8560 1940
6907 4177
4766 9978
9517 5984
8889 6532
5761 4559
5030 4514
4976 395
4701 6611
2021 5405
774 8937
2646 2255
8940 2735
684 8379
4021 5954
3042 3908
8602 2074
2583 5234
9642 5062
9969 6017
2793 668
3117 4855
7390 5919
2863 1684
5656 5222
5280 9834
4874 5776
6627 1528
8737 8889
5086 8637
4992 2028
427 5430
2757 3245
4408 7083
9338 2287
9604 2035
1071 749
8798 55
7681 7105
3114 1869
2572 8567
7201 8479
6212 8851
4113 9901
7144 9629
4115 3034
5318 9683
4606 8289
647 2732
300 4038
1441 1668
6039 1559
718 7719
7221 772
1690 5978
429 2535
8164 9593
2544 1136
372 7079
5117 5194
9609 1009
2494 7595
1298 1024
303 2951
5846 2325
1860 562
2176 3470
636 8901
347 6289
3267 1289
1839 963
9215 9891
1446 3366
1240 189
7020 39
9540 5668
7016 9397
5833 7248
8133 3344
7996 7309
5477 1728
5835 2333
2877 9861
8075 6298
9843 8391
4717 6323
1570 9530
7786 8143
2098 1319
4589 9804
2035 3470
4156 3524
1831 7578
6950 83
2170 6838
1192 1247
4555 2692
8506 9846
1721 7558
1371 4582
3179 8374
2081 5183
7334 8594
1608 1151
6885 735
3225 3832
6503 9636
7094 8495
9426 474
353 1544
5926 9238
4577 8904
3630 4614
2211 9831
1200 337
4055 2611
4382 4987
6213 6616
1018 1171
2907 6232
9170 8774
529 2606
6218 1599
5529 1572
1182 2480
5745 6837
7955 7835
9595 9642
6369 9221
2939 6676
9987 9744
2777 2982
6683 5854
9123 2420
9628 4175
3888 1447
2510 7566
5377 8816
8000 7239
5686 9227
147 1796
8234 8562
6198 5724
6897 6142
8025 9889
1275 3436
9785 8678
8484 8089
6896 4191
496 763
8022 5705
8690 8442
422 6136
9069 8032
6307 2952
6913 3959
6735 3915
3487 1297
5791 8739
4515 4560
1012 4401
1338 5837
8708 7923
8036 6016
6291 7439
8781 4971
6887 5475
4436 4430
8338 5664
6377 5566
7109 2224
5841 7404
4046 7828
2183 7295
2043 9497
5577 8197
3689 2520
261 5116
6552 5829
1819 6952
3219 8809
962 3339
5849 589
6877 9966
1094 7308
6293 2610
9701 3050
2170 6492
9760 3215
9778 5759
9427 2051
1189 4283
9227 4326
4957 916
8248 9444
2527 7956
9625 5228
9096 771
8608 2999
8263 8426
8699 8968
1040 8100
1905 4400
7479 292
3484 3816
4333 5285
4128 3646
8739 7996
8943 3074
6612 1645
3914 1613
8424 2709
8011 2890
1894 3361
1556 3146
9664 4017
5969 2774
9012 733
8447 5400
8668 262
2442 6927
7461 92
4046 4963
3295 2243
9223 8531
4149 45
6935 2245
7796 1269
6084 6023
6252 9651
950 799
9081 9758
5818 1639
8302 7802
6917 1125
5880 2082
3184 8024
3909 813
9776 5368
7916 4236
5684 4213
5594 2731
524 5039
4370 298
7662 1864
5643 5050
5492 3430
2626 6937
2934 6065
3504 9300
9713 1189
108 7064
9367 2842
3557 9928
971 4483
3237 9016
2011 3120
3621 8249
9207 4862
4352 2008
2855 9979
7409 3988
8511 6457
6287 1025
415 5270
4196 9034
3238 550
367 5091
5615 592
7723 1603
1417 8916
5765 7530
9839 9559
2193 6396
7191 4359
5400 9327
3479 170
2245 5544
9363 1150
1866 7054
100 7383
3900 6010
3198 3281
2718 6063
6013 3176
9932 142
653 7678
7169 1562
4751 4471
1219 4866
9795 9273
3383 6637
1402 9629
7430 485
7319 9507
1088 7558
9821 8317
2692 8493
2867 8157
9243 8334
5405 7170
8952 8993
7259 4712
6659 9438
4755 262
9053 9588
5123 5706
3525 9935
7961 5612
8875 684
4800 9045
1789 3686
7545 5021
4462 8975
5533 3929
9625 2336
5111 3824
7377 7932
883 1930
7066 4718
9331 8351
1984 7340
4228 3244
979 9924
3128 9115
8280 2770
9081 5344
1808 5348
2850 1287
6193 2036
8450 7836
2550 3319
2347 3535
3515 997
5517 8613
6118 6515
2689 6040
6358 6348
3987 5480
5619 1545
8095 8398
6855 3798
9115 5758
9178 5771
9915 40
3743 7939
7345 5705
490 6456
9300 3214
1482 6436
1791 6134
2026 9142
6051 1701
1934 702
1968 1466
3208 500
3054 7552
9213 2357
3240 6848
186 4005
8423 7538
5439 7490
2150 8592
6770 9242
8482 6819
6747 7327
8330 3848
6769 8164
8560 7204
8713 7336
5308 8452
3684 9842
9798 9710
6025 2931
9630 3666
4958 3789
4144 6223
8179 2805
6695 7279
3965 9502
6116 3189
8616 6173
4259 1
8451 6802
5128 9979
7795 8560
3136 8270
4419 9077
1782 4198
7491 8298
1689 4907
1569 377
7756 441
6271 2890
2855 4906
6884 8864
2130 7726
2755 2310
2324 92
2206 3080
8411 6980
3532 4624
6793 6390
7580 7482
1220 4841
3106 9291
8302 2112
8428 6945
8480 937
880 7001
9815 9777
6116 6804
4293 9243
4817 4528
1606 6628
837 7383
8990 8792
7165 1930
9936 386
2563 938
5973 6856
3160 8397
1575 1197
9592 5524
4340 9814
7016 7073
4115 4746
79 8516
543 7110
8570 5084
7148 249
3494 6487
40 8781
180 561
1148 5903
5777 1026
8851 305
1422 9986
4666 8794
9332 9041
9316 3866
1623 4644
3511 9979
866 285
7167 8889
1502 4147
8923 6097
5816 5157
4801 4166
8069 3394
4733 6829
995 8019
8918 9922
9681 6698
8800 972
8449 1583
2808 3429
5763 7728
6677 4210
4747 4498
9266 8234
9726 4693
7279 4686
396 895
8456 5999
6172 8197
7693 3905
4376 5180
81 7879
9937 3445
9563 2366
746 6501
4992 9269
9482 3725
2984 6122
5 9183
9317 7451
7416 3539
9851 6243
1772 9048
9346 8691
8194 9137
7868 8513
4000 2281
4394 9379
4454 7205
6937 9170
6998 1610
7339 7701
7618 696
7546 2802
3363 9672
7042 8621
9191 6460
9051 9208
2390 9611
5483 211
3718 3467
2384 7527
966 3589
8086 8852
8810 3829
2990 7283
4375 9904
1804 2708
2615 7013
5611 2800
1589 4688
118 826
1688 8417
7397 2057
2482 330
8907 2417
7077 2080
7757 7146
4310 6456
7312 1114
8097 9318
1598 3134
2348 2648
2268 5972
1517 5804
8679 2154
2458 1460
4666 1220
8761 8131
5936 3671
8874 2907
6395 3699
5188 2443
3877 1251
7660 2114
6145 504
2817 5774
5714 3597
6738 7094
3947 9071
4106 6423
4763 7237
6118 9706
6574 9358
8329 9126
9872 8698
6978 813
574 9288
3064 4947
3307 2967
5488 1305
7605 8707
9005 4304
6216 4641
1444 7711
6653 574
7146 6766
1020 4521
6995 8364
3561 1556
3812 5734
9367 1214
8435 613
9126 1888
1175 3816
5479 7176
9132 4475
6682 2359
4516 3790
2763 5947
3469 8867
4195 5153
232 5517
4632 8221
7422 49
6101 7516
797 9278
9070 8173
2106 6032
3649 2656
5657 3892
1947 3362
1320 6102
8718 3339
6231 5246
2520 7732
2994 919
346 1817
5118 4363
2087 5115
5117 6913
5542 301
5283 9402
9442 5107
1040 5264
9014 6159
1790 4664
908 6994
8581 9734
6334 5973
3867 1207
4852 2102
1388 7446
7747 9586
489 6064
7453 9570
5771 4972
2235 4026
383 1996
4327 6927
4227 9143
3102 1974
9217 5604
1643 1535
9811 4959
3437 1099
2776 5056
3740 7046
2028 3958
8806 7517
5770 5977
3139 480
6358 5602
1594 6883
5252 1610
7828 584
1411 926
4929 6413
7592 7012
1480 8761
1525 4074
1898 5282
7208 5482
3751 2483
585 4138
3563 580
3883 5423
8703 3079
8149 9017
4593 6525
642 1861
6722 944
3385 9972
7788 3953
8690 2759
6672 8596
1567 6429
7280 1140
9599 133
3364 9353
7681 4625
7367 3389
7043 306
3377 7251
8245 1452
9149 3028
9224 408
3168 4736
8611 1932
893 3278
650 5723
6786 6592
7174 6981
1734 5817
840 8182
8101 6266
5900 7756
5440 2099
9698 5327
3973 105
2739 2276
5997 4171
8664 3435
9170 7592
9050 3751
1651 6258
9113 2580
2746 5125
735 4926
2639 2127
312 7215
1382 6396
3827 4191
1445 5765
5583 9466
5768 4253
1397 4560
5784 1155
1212 6844
8337 5581
7566 5105
8003 262
9619 3848
3748 7287
3028 3784
1161 7616
7209 958
5630 1907
1256 9499
6536 6911
6585 3091
5310 5481
6036 9903
5520 7493
7127 949
7224 4077
3705 618
6182 3838
5902 9757
4668 9329
1086 957
626 4539
8513 4972
6472 385
2805 6934
4935 4938
6599 6045
5231 504
6991 2096
7505 1635
2271 556
6879 7846
9021 5267
6585 6947
5357 7596
2954 5722
7339 1458
8590 2460
9051 9096
740 742
5991 2972
7662 3186
1805 6733
8092 4834
6717 7309
5212 5973
9191 8237
2579 6601
129 7149
17 4307
2198 3959
5038 9754
345 2778
3013 4084
5063 9986
1635 5598
6575 7256
9091 2405
3261 7772
9932 2544
1626 816
8035 383
868 9223
3806 8294
9980 1292
8430 3596
5579 1883
7511 3415
332 6641
7073 6233
4760 3029
7474 5455
206 4713
22 4114
2681 8854
2833 1415
3696 4564
4315 1353
4055 7424
4394 2562
7450 7874
4739 8752
470 4746
1623 2426
9452 8228
1598 1542
1124 7949
2156 2467
7118 1214
5153 2062
8960 4118
6925 1696
8351 2326
8387 5308
660 4058
4260 9382
7482 8870
6519 4594
2354 278
9609 8996
8212 2715
3676 9099
2066 5135
9540 5583
9700 3213
9170 7705
2236 6775
9909 2512
3545 4721
389 3790
1769 3305
9175 3577
5039 637
5268 3946
5082 4692
1364 6432
738 5626
8748 5074
1857 1497
1180 1091
5828 3014
8447 2361
8097 8424
131 5170
1936 9364
2765 9813
8704 1372
1360 428
6626 4028
985 6916
1061 6859
7492 3093
9746 9304
5935 1223
903 3810
2795 9590
800 720
9862 5585
4249 299
5067 4234
1834 4559
3261 6501
5893 1953
8699 2521
3535 5624
2497 7109
1899 4844
6816 1327
5822 7460
8965 1118
4480 3752
7119 19
5935 3076
395 3985
3109 5490
1991 6948
1694 9241
2348 1767
8192 7872
9516 7831
6530 4006
9363 8070
6109 8629
1273 5981
2593 157
1064 3258
8544 392
1176 2603
7142 3952
2554 883
5889 6675
7406 2506
2289 9965
7632 4318
6651 9353
7724 7845
2214 8003
7955 7200
772 8135
8022 2052
9933 8793
1013 3100
8278 7518
4040 6478
7517 4862
8641 7482
2282 6699
6887 3921
9225 1642
7012 3004
4026 8017
1570 4759
4988 6715
6439 9402
8826 2978
4085 5512
1830 3536
8698 199
7611 2826
8317 831
7372 8180
8546 6710
2297 6146
661 8625
3559 5600
7598 891
5087 9904
7850 1215
5328 6444
5452 7456
3941 2866
2349 5432
5807 7626
2488 3351
7243 790
8920 7215
7009 7417
6453 9659
4492 5780
530 7011
8059 3213
2516 4270
2902 6424
342 2440
5686 4500
483 1521
2865 4736
2407 9920
7143 2921
6650 5210
7577 8131
6167 5149
6429 9324
9029 8080
4801 1570
9744 3026
7163 5022
7328 6788
4512 3011
6645 3591
1554 803
2905 7675
2470 1208
1425 6139
2530 9435
8405 6971
5054 3885
1619 9947
3886 544
304 4674
3626 5205
4340 486
5025 7141
7919 619
7082 175
4672 6818
2467 7606
3168 3486
5054 8015
6009 5149
