placement model: 1slider
width: 10
height: 10
number of points: 3000
1687 2486
3143 2304
7793 3490
2141 8994
1825 9437
1693 1598
3456 9492
3559 3207
5969 2951
6157 3044
8635 9935
5432 9049
4813 7406
5975 1593
4923 5701
8620 4741
9246 6597
5027 3764
6533 6500
61 6949
837 3282
6674 707
1422 9989
4591 9603
2476 5851
1939 1408
3067 8611
9798 2120
3426 1017
2909 8984
9890 8685
3166 9548
7837 1307
4123 2426
2399 2915
917 1474
2716 6938
5690 922
4530 5020
7718 8687
2646 4708
6621 2287
163 2711
6875 4098
4098 1499
1443 7583
7349 6033
1547 7450
1405 5061
5428 8441
6995 9080
5522 2851
9773 6221
9771 783
2540 706
7615 2274
2590 8675
6703 8660
7374 9884
2301 6882
5341 5719
3047 8392
259 9727
7965 2331
9483 4056
1717 6864
4634 3550
3551 7489
7654 153
4486 7005
5226 1913
5063 3084
7720 1876
8725 4218
222 714
8222 3759
1939 5835
6202 3950
3538 507
2190 6277
7659 439
7488 4759
3619 7671
6784 771
2129 5057
2218 5901
6706 5829
9292 1819
463 1613
7733 9144
2748 9662
2128 6652
7524 9813
3609 6493
8664 5356
9334 4471
8732 8488
7210 5074
3895 6517
2487 953
1744 2002
7596 1569
9052 107
9215 8633
9185 7096
5064 3199
309 4946
2877 6729
6817 6762
911 8132
8127 8359
6770 7316
1968 1594
4729 5269
411 5312
1517 6948
4809 9834
1570 6458
9565 7974
4647 5083
6569 4500
711 7870
5162 2673
5876 6947
2187 4227
1460 9224
6566 4063
1007 5301
2915 7562
6537 7485
6391 8597
7938 4508
1557 5348
9482 6119
2102 2693
7398 8610
2610 4929
7066 7968
2844 5867
3693 159
1715 2070
3963 6039
4422 9930
252 1356
327 8497
4018 4816
3523 490
8167 2391
9770 2553
5293 6333
8860 1403
5371 5122
1546 3764
8135 6018
4038 9715
7355 7237
1153 2221
8876 4087
7400 8003
1157 9091
1042 1347
3727 9071
3952 7862
5088 814
8537 7785
8143 2651
1129 6908
4112 8707
5238 7243
772 4902
251 8836
6221 8340
9958 8103
9633 3518
116 1477
4238 2564
5725 879
4067 9979
6473 5824
5223 9076
5029 5569
7602 5184
9477 6197
2823 9563
4757 8324
6657 8870
8983 6752
6747 8050
6697 259
6189 43
6210 1001
9812 8932
9124 6115
4996 4224
3174 76
1897 9379
9761 5518
435 6197
969 9960
324 2119
6451 12
4865 6548
4866 4856
5626 120
5653 6316
9144 7345
9437 6950
111 5691
9646 2591
2657 1806
1772 6388
3350 8415
1329 7953
526 708
7998 5276
8325 6117
6096 3901
9385 4182
8688 8343
3998 578
5786 9697
216 5585
1048 1516
2098 9139
8591 7509
3223 6591
1714 5360
7984 4404
3696 6163
8877 6042
9893 6485
5344 9481
8639 2755
4390 3333
7466 3299
3250 8466
4872 8745
9432 8109
7144 1792
1547 8040
7195 5177
6381 1592
6879 7963
4147 3975
3952 4052
6177 8088
958 91
7678 2246
424 4532
5536 1746
5744 8944
7417 3030
6480 2882
9875 2888
134 9195
5797 9519
5507 1865
3612 5276
4552 6565
2470 5794
209 3687
2815 586
4075 2174
5252 3888
9917 6530
8217 2201
1924 4910
5876 3554
9142 4298
6511 4283
741 2568
2476 7220
9844 9099
6047 379
8564 4862
2516 9937
1746 5301
3113 6834
5281 1458
4788 3877
6878 5323
6148 8146
137 4919
5002 8835
8419 4439
502 5329
3609 254
3864 1751
9484 3739
5505 126
237 7974
1720 170
3399 7081
9372 7683
6024 6367
2697 7952
1148 2195
1293 5411
9591 5217
6346 5622
9320 5394
9423 1056
9660 8039
4904 8284
2432 483
845 7590
8249 8962
5283 5088
8207 5899
3900 1268
8884 3741
8006 6404
5353 6056
3216 6952
6613 8416
7478 3987
5496 9174
2117 7708
4296 4607
7178 7984
1496 4491
5213 6760
7040 50
7468 6405
3246 7145
8289 3868
3028 1223
3595 9475
1944 6204
3428 1797
4241 1437
5743 1516
7450 5823
6093 6183
6644 5360
2593 3141
6681 9685
1831 9514
2563 8200
3733 9390
3231 6012
3810 1184
5443 3792
8870 2140
2001 609
2470 4637
7509 1085
8920 2600
6527 3973
3813 1752
7054 5588
4666 3074
291 2876
5354 5244
5529 7661
9120 2854
4338 7484
3611 2188
371 2497
8714 1240
7336 3264
8969 3900
6769 9660
780 4869
9496 867
7967 774
5528 4388
4805 9177
5751 7391
3615 79
4986 7935
8130 1112
9572 8778
8414 5299
4412 9759
1301 9437
6663 6391
5990 7004
7991 3850
9623 8747
279 4668
2363 3566
1878 8015
6209 2823
148 5735
4854 3372
9241 1566
4948 6797
2671 9698
7437 6283
1142 7690
3635 154
8855 7078
447 9780
2532 4082
9874 2471
2441 5969
5511 8967
8798 1353
7005 8220
4661 9028
475 7955
2912 4678
8609 7452
3883 4957
3374 8521
1975 9856
7941 6332
6126 346
9771 1551
6025 2125
3914 1807
9762 766
6190 3977
3281 2420
7158 4158
3760 3773
1565 4954
1365 9729
6728 991
9281 467
5000 3598
4757 3214
6581 5499
1456 2266
7359 2472
5080 7285
9935 6809
6418 8874
1548 3794
235 3524
619 7858
1231 1700
9804 2495
8301 2390
3814 495
2014 8452
5877 6833
8365 6329
1800 6150
30 4135
6402 6078
5573 6709
4462 919
4428 4599
9111 7600
93 7102
9355 9413
827 1864
3635 1261
6541 9322
2033 7968
9524 6349
9160 5251
8963 1248
1617 9632
2833 7638
8303 8121
8382 9816
5206 8733
7528 6417
5927 1289
8555 9321
768 749
4527 3522
8210 7717
5151 5670
4155 3733
1223 3941
5639 3359
6377 4486
9446 5456
5890 5201
5624 258
431 8328
122 8950
9291 6854
4933 618
9226 222
7920 7098
3095 6365
7065 7533
5140 9255
9251 261
9134 8966
6398 5139
2152 9858
4997 2973
9644 5901
375 3848
6674 404
7031 9091
2188 3705
9336 2349
9650 2125
610 7182
4326 7451
9369 9253
9174 8747
7158 4145
2411 1501
2549 3671
841 3430
8029 3312
4176 6450
4509 9377
8749 538
6831 7887
9037 9202
8706 4645
8273 1863
6557 7313
5446 7371
575 2576
8438 6941
5413 9571
280 5140
890 281
4050 2301
1859 7867
1737 1732
7932 1999
9733 8179
1434 4990
3653 3001
3813 8179
784 5377
1116 1736
7617 3728
1758 7236
7831 2129
5318 7614
2185 9988
633 7734
2782 7121
4320 7954
381 4108
6932 5875
2572 7791
9578 5756
2474 1488
7137 7546
2066 3298
6256 2458
7330 2804
8229 4155
2539 2359
4159 6894
3756 9510
4267 3374
9243 9158
5034 1003
8782 3005
4783 1821
5548 1114
3023 6099
4315 8379
6831 687
281 5039
9124 5937
6429 4319
5798 1232
1848 4301
7156 8768
8100 1964
7239 335
5644 8456
6366 3062
6285 4014
6273 6521
6696 296
6801 1325
7789 6804
1482 9649
8572 8020
4603 4771
8994 586
5388 5733
466 1536
5161 6149
4388 2931
8799 6470
6675 8254
9629 1191
8289 6133
2686 4169
3811 5241
2991 7698
1473 7725
6669 3776
551 3232
4799 6791
8226 5902
5284 3383
8715 9172
1092 2696
3117 2742
2582 5086
9638 9153
9904 7537
2793 9854
7265 7195
3732 9199
7814 747
1948 3486
4916 9496
4119 2677
1990 8400
2868 5735
9370 1313
7187 4342
4684 5925
703 5605
9464 9155
585 4939
412 9574
7121 7717
6570 813
5028 2077
3207 4877
5005 958
489 3515
9237 6021
6579 2555
6154 9928
2124 1986
2464 2944
2266 6201
310 7331
8086 8789
4540 6813
4425 417
6336 6955
4156 1638
4606 7804
6233 3607
6144 3958
2980 8472
7265 950
9589 3324
5412 5954
7080 6031
4890 4301
3356 4968
3464 2281
1241 7429
7020 7374
3920 6303
8662 1516
3762 2198
7540 6521
1286 8212
72 7456
863 3498
7989 6408
881 3467
4069 8123
5529 5020
2196 826
5159 8018
9306 2226
2861 3961
5887 3134
8790 220
2045 8985
2609 8761
5247 7947
5231 4299
7355 2430
4454 9516
7748 6858
8293 4039
7356 6970
3746 7243
6255 6033
7950 7446
7437 4601
7973 6226
6002 3794
8519 6617
3663 2753
807 4620
3369 31
4682 799
3261 2647
6357 7679
957 5807
4461 1078
6023 7285
6221 2032
4358 360
3843 5717
2392 982
4357 841
9423 4808
3284 4797
4576 3623
748 2402
155 5880
5040 974
9352 4537
8179 789
5354 4842
4544 7124
4842 7100
9881 9972
4279 17
7249 7976
8917 3822
4390 1931
211 2836
9489 4308
3984 249
3135 7688
7683 8492
4128 8437
9980 6661
4635 4106
1770 4522
5983 833
5574 7637
8743 4248
9010 2316
1569 1221
505 9839
7489 7489
8325 3053
5534 2480
541 96
972 3511
585 7502
5643 3077
1640 8622
8238 1142
4772 3402
9076 5965
927 746
5165 5453
7838 6962
3679 2395
8732 7394
5787 4922
9852 9285
4694 5779
6881 9046
5652 7407
9474 9270
8843 3847
9871 5863
8260 6296
4350 6099
3485 9184
1953 6288
5490 529
1023 8371
9991 9822
2641 5880
5797 6647
5736 7178
9593 5719
6016 9149
7662 5266
5702 7382
6192 9778
2461 7282
5838 1860
6913 1280
4338 1761
9052 7377
3633 1131
738 2345
3325 8874
408 8195
9175 1116
4810 2109
9942 2016
171 6422
4684 3710
2200 8120
2385 146
6285 8028
2287 4212
8415 1967
3094 2679
4792 907
5173 3418
394 1441
4355 2861
1557 2565
4717 3213
8939 6925
8436 5793
9716 4362
9420 7196
2883 2533
8931 2679
2690 4661
3915 6866
5529 3882
5432 7305
581 2246
1870 171
8949 1607
1803 9865
8886 227
212 2410
5289 1058
6299 7973
6719 3852
2855 2348
5444 5064
8551 8140
5421 7420
7519 151
824 6847
3164 3131
5348 4547
406 9450
4591 645
5548 7711
5573 9351
1898 4939
5010 3403
13 9486
9310 9203
933 8487
6901 3703
673 684
5019 8381
3575 9405
7592 7751
6898 5165
5613 9375
6578 6387
8675 6641
8197 1960
8805 2180
1429 3279
4527 3116
4262 1660
5556 4976
5310 7070
5267 1138
5387 3303
2021 7407
5952 1385
3237 4266
5439 528
6652 1888
6558 7500
1121 8383
1204 7524
1149 3184
5056 1488
9224 8318
6529 2841
9113 7907
15 2626
6358 7257
3195 2689
7785 3951
3105 5905
7082 6369
9873 7422
8147 3220
298 1047
5106 4012
1379 9415
7815 565
3213 3795
5256 9508
9733 1910
1247 3786
681 9565
9314 6518
9736 1563
228 1683
9570 2582
3254 4740
6763 1026
9456 9873
5409 2989
4612 5561
3658 1706
9214 5513
970 918
7602 3048
8916 9289
54 8698
9633 6209
6055 2926
8542 8982
7990 119
5591 2530
6264 2362
6534 3686
3172 838
6584 588
2028 2733
5938 4614
3580 3681
7618 9704
2315 6933
1664 359
1634 4909
2356 9960
7231 1183
7739 6735
7854 5398
5059 8845
5258 9837
3572 5456
235 5179
7525 1918
897 6764
1668 3751
3156 4724
1122 9796
8835 3313
3673 3034
2758 7552
3810 7699
2871 1307
4187 7180
623 3201
9705 262
1611 3147
3319 6555
5911 124
5688 9102
3042 1637
6527 5259
4332 1528
6237 8207
4750 9913
365 2812
7837 3273
6137 4983
3284 4243
2364 9360
1442 4987
2700 6353
5045 4745
2867 8525
6906 3738
1894 5653
4493 3115
967 3116
6744 5971
7512 6272
4108 7158
9893 9065
3992 7801
3164 3397
5072 8004
5704 3550
5976 1301
7893 9054
5157 8855
5071 3262
5371 3520
362 4111
6272 5348
6844 4909
2245 422
1839 1822
7958 9845
8418 8838
1348 7353
5559 5515
8289 2925
4877 460
8312 640
907 2371
9891 1527
4573 8358
6895 4027
2640 6863
785 987
5378 4386
4965 7833
6176 3605
267 5831
5835 9106
9428 888
7561 6654
8854 1612
9823 8834
191 6319
863 3273
343 6829
8495 1059
3505 2553
4325 3994
4903 7075
1009 3306
6747 176
6232 8172
7585 3230
1849 5237
3273 1442
8042 1751
557 9997
7235 1709
7673 4101
997 8160
8631 5974
2143 4382
1150 9079
4825 4452
6661 2257
9878 9222
228 8362
2761 3550
7138 7998
7794 5749
350 5797
3168 3632
1436 9808
33 3786
7896 7195
1013 2297
2988 4389
8816 3550
9943 1438
5772 2880
4761 5299
8454 5725
6058 3692
4127 6157
7337 1807
3799 9822
6841 2609
149 1700
6733 2309
8193 9114
3166 5870
2263 2722
7543 9731
4367 5458
317 5456
5661 9196
525 8726
3707 7124
7136 2837
6081 9342
9269 6957
3976 5102
7729 6992
6340 3341
68 2114
4565 7102
8875 1029
266 2555
164 7728
5936 6010
3038 8031
8567 5152
6600 659
8536 3
4529 6886
6109 9159
1537 3703
1772 5693
5497 8681
86 1370
6450 6500
2268 7072
8895 6865
5609 3101
1933 9945
3773 3829
3408 5927
396 341
1592 3204
63 7492
6807 7491
5762 1547
2346 5528
3864 5906
7306 4036
2236 9181
3361 4008
4007 9083
4692 5607
4564 3402
9251 2146
3759 4563
3682 2174
8601 9623
2571 3955
8434 3071
6285 2031
2112 4668
553 6038
5868 2848
7143 5640
4989 5028
3952 95
7428 8440
3324 5856
7283 9467
3099 4042
1140 8914
2368 8216
871 8593
5382 7738
2943 5485
456 3287
9713 2304
6718 680
1455 1354
4772 6843
7286 8234
4921 587
6329 9067
5031 3449
9129 1148
5137 3947
1795 2227
2622 8718
3803 221
1922 443
3803 4792
6858 3757
7717 4329
3738 4524
6358 9770
6230 8651
4947 3414
6774 8781
1067 1654
714 2825
9917 4092
7916 4769
2289 4034
7595 4695
3836 2980
5740 3818
6269 897
9628 5995
2798 1504
6326 9454
4320 7470
6637 5471
9402 6119
2704 8440
8705 5848
1277 7080
4607 2213
6041 5251
1613 346
8373 210
8101 578
1123 1392
2173 3301
5381 517
2859 1202
779 1131
9146 9636
9009 1287
9390 5726
9509 5422
1221 3274
1792 4082
9393 8564
8770 7041
328 299
3555 8285
193 5323
7701 6988
8499 7937
5826 7816
1056 7082
378 4847
7744 7737
8531 3955
6192 8653
5098 6493
2509 5899
4038 6559
4469 3689
3898 1838
2385 7832
5882 696
2607 6708
5754 8629
8683 927
7672 1933
7963 9303
6259 8534
264 1617
1329 23
9521 7940
8597 2610
594 3258
9513 8107
2048 8088
9045 9870
881 6284
8951 5377
891 9631
8418 2862
9859 1083
3380 3205
6102 6119
834 1806
7610 7723
8472 5730
7601 1827
7766 769
2522 6725
9838 1364
1631 1089
9223 3827
189 7147
6263 2236
3844 8600
2136 3588
5196 7244
6539 342
3355 3219
1687 6886
237 317
2633 1366
3039 3532
7668 270
2678 9917
1042 6902
6790 8466
9013 8776
727 8838
6085 1776
1973 3955
960 4980
2439 4752
1828 8718
6592 4530
998 2502
9431 71
8118 8620
6175 5234
4838 2813
3486 8094
3372 4618
5098 3016
1103 7321
3858 1403
7609 7289
1372 4470
7810 8461
8888 938
9756 2590
3877 9647
7212 9878
1880 7448
7057 9125
728 5182
7212 9793
5159 1132
5561 5381
3303 4583
2707 9913
9317 4113
8035 7204
3632 4058
8659 3360
1567 3506
3290 4941
5223 687
6698 2651
1692 3528
1608 5080
6704 7614
5196 3375
8788 6682
3580 4294
5469 2808
9178 4218
4232 3861
495 6961
4829 602
5120 6721
7152 8238
6062 9689
1272 2593
9141 908
5233 9863
4195 8118
3803 7550
373 1376
1251 4260
3926 8539
4674 8529
7110 6025
85 7903
3971 6923
312 7950
1575 6795
9343 5705
4651 5519
5783 3164
795 4190
6816 9397
645 9751
17 5993
6645 6682
7685 2891
1198 7409
4615 9635
5179 1863
9386 3297
7351 6819
5132 4692
118 7666
4459 7390
4908 3342
8513 1705
3436 769
1073 2322
3466 8590
920 8728
5691 3997
6592 3358
1232 5145
2523 3148
283 3855
4994 8281
1291 9400
7084 8668
6323 316
6838 323
8388 1982
3681 4758
7238 8264
9071 814
4988 55
3508 2048
8039 2321
567 2599
2144 3219
8078 968
1730 8819
5371 4010
6789 7003
4122 2478
9117 2540
4280 3921
1643 6895
5077 5858
8741 4841
3684 100
8666 1227
973 1820
1124 4841
7056 1824
8941 6042
7330 5649
9617 1158
8518 7388
803 4786
1268 9482
8839 9735
7496 4308
3168 8952
213 4850
8868 5813
643 7563
7579 6487
2527 3343
4432 2532
126 3405
4190 2080
3907 7535
9012 5400
8028 409
4878 7838
6987 4179
9450 4839
9990 3224
3686 1921
1128 9440
5300 3889
2907 6506
2993 505
2316 3919
6133 1637
2732 4828
2668 863
5361 4838
809 6483
9120 1707
6240 6895
738 9182
950 397
7051 9730
6283 9342
4031 1896
2272 7297
9931 3969
6462 144
6092 6734
77 6280
1576 4347
9854 3692
4945 7104
1189 8701
9700 6623
8458 6843
6152 2071
5496 1331
2506 7987
6702 7817
709 9596
4850 9408
4122 5428
2285 8257
9924 2618
6113 4431
460 2770
175 1882
9920 5124
7961 2231
6768 2010
2347 9087
2045 325
5261 351
8889 7993
8522 3550
9646 511
9201 2332
9628 1372
6462 7793
7466 541
7263 8107
2200 4094
5758 8899
4458 1423
5400 647
4058 8252
1873 4698
9374 4314
4579 3030
516 4123
6652 7171
7527 3561
2411 7709
8211 2719
1270 9787
1807 1516
7691 6953
9829 5573
1031 6799
3288 9930
337 6613
4454 2751
2902 5585
2703 273
1995 8474
1669 7122
5419 7524
859 4848
735 4906
3240 6300
9588 3330
3790 9414
5242 745
9926 5880
5929 1729
6928 2716
6349 1081
6791 3514
2370 8139
7160 404
614 3242
6654 1681
5637 6123
5788 8156
6767 6084
4012 6922
1287 453
6090 151
5886 6481
6656 4582
3446 9428
4847 2929
4590 2794
5308 3239
9804 151
7832 5633
1547 5385
1796 4766
9273 596
1186 3927
1781 708
6884 4559
782 8390
8856 5648
8759 4203
6843 3572
972 1453
6026 5768
8080 6827
503 4679
8209 5781
1777 1640
4332 5659
6734 2212
228 2969
7925 5064
2189 4792
9522 2891
1567 8035
9406 5866
1887 601
342 6418
7084 4382
1787 6299
4278 9310
4302 1535
6103 3626
1352 7985
4849 9745
6130 660
4550 3730
3608 1196
1573 4738
7204 9966
4102 3410
7176 7282
2736 5283
9036 5857
8531 9515
3407 3033
4541 5653
7910 1480
8528 600
7157 2317
22 4382
7826 7882
3448 8161
2944 9756
7766 5755
928 3061
1788 1049
388 6104
1606 5008
7181 2923
955 5513
2503 5407
8173 740
5275 4385
8326 3535
2611 3873
8602 9374
4987 9359
2704 4816
8039 720
8711 7377
3288 6752
6429 117
5490 6885
4070 5751
2330 2147
9387 7036
5984 4904
1721 4223
4998 7118
6703 5026
7359 3595
1823 3124
3486 1408
2932 6859
471 6990
2102 787
127 4157
2660 6601
5438 3521
2551 5005
2777 8666
4254 6196
8305 5657
9709 7019
6563 163
2278 4308
2989 1752
9459 1632
3098 6905
2647 8062
1115 7210
768 9216
2175 3371
5379 5302
7569 5228
4707 6716
2377 3850
6209 8797
3293 3219
2353 334
3956 675
7802 2330
7990 2229
499 6390
9741 7392
9558 3227
9406 1509
4440 3101
5612 9599
3465 9193
6022 9864
5537 2858
3819 2313
7078 9037
7062 4956
6897 4293
1864 5283
4448 6533
6600 6287
1258 5871
793 325
9470 2361
8314 8580
7852 7591
2435 8958
1921 3469
4166 1281
1761 8109
9353 8013
7189 4995
2773 9931
1059 736
4099 1575
6987 3076
1972 9489
5029 8498
7569 552
7566 6571
5381 3033
3910 9572
9920 420
3250 8731
7690 5448
6306 5128
8694 2014
6354 9006
9321 7999
5639 6343
4017 7684
1709 2878
6687 1918
5216 8382
6309 2753
7524 9290
3805 6707
9168 1225
6086 8053
3174 7428
2245 9932
5120 3739
2054 5947
5079 7368
3421 4096
7419 4615
1811 7822
2187 7508
5351 5421
3334 6207
282 8451
1359 9629
4571 4520
4129 8765
9401 658
4280 3020
1467 9286
4287 7020
318 5470
8594 78
492 8570
830 4711
9923 969
1023 4399
9078 723
7881 5722
7030 7824
966 5586
2859 2559
7565 3424
7577 4436
9813 6325
7323 3498
9723 8591
4829 4948
3475 6492
522 3572
3626 9041
7050 2220
440 7805
7122 5365
13 7366
5855 6888
5256 9459
4288 1706
3415 3992
7737 7194
4216 1890
1360 9699
2578 6735
8965 226
8439 8775
288 1974
8731 7156
7400 9214
7245 4312
2472 1813
6544 2158
2187 2463
9803 4220
2897 612
2606 7956
9764 9564
7903 7630
6075 1935
5798 9532
3292 7325
797 3924
6803 9099
170 9421
1074 9549
4831 9911
5517 6495
9866 560
3857 1905
1637 3820
6651 8897
2844 4835
8329 3818
3126 3976
7080 4598
3553 2153
3043 8419
6145 4866
3398 5344
3011 7626
2896 6453
1774 4392
3815 4466
1315 4871
4064 3481
4153 5565
8670 4600
6812 295
6019 8967
577 4447
742 7634
8096 7467
4133 5353
6713 9815
4465 3709
8069 4325
9429 2175
2158 9472
2647 3826
2382 9565
7753 6528
3008 3722
8363 9516
3387 623
3171 7617
5871 4280
5863 326
9275 5931
3310 9615
1121 970
4797 3596
5231 3573
9913 5163
9970 8587
7381 2567
7518 4229
7662 9673
4628 6346
4812 8620
1346 3008
3206 2381
7925 6944
129 7306
6439 5465
6163 4785
7160 8575
7065 7283
4666 9733
7980 2366
8694 1297
2015 1506
2392 3754
4562 3352
9378 9867
8945 2633
8980 8192
8627 4249
4693 5728
799 1494
2287 1556
6945 7168
4407 6772
763 9932
310 5364
4648 9010
8509 8967
9078 3165
2504 2405
6938 9192
2433 2876
4772 8621
1251 3655
8214 9780
8440 3857
8035 6577
2881 2802
6690 7936
5546 3003
4772 5592
6218 496
9796 6193
9323 4885
167 4619
1306 3365
1962 8088
7736 1951
1532 8833
6548 9418
6248 7855
9103 9105
7432 9058
5226 366
8218 6748
9378 1700
5342 4069
1460 2038
8689 3298
2631 9519
1708 455
6661 9756
855 2486
9491 5272
4723 2316
596 1119
5056 9332
3524 4064
1327 6452
9634 4675
3787 4913
381 9633
4286 4339
8165 7300
4342 4810
5944 9035
3950 8631
7437 9509
3698 4887
9009 1390
8514 4518
6694 9021
535 1289
1367 5652
2166 6596
2677 1852
7144 4950
8824 789
7508 1251
8626 9373
2106 3877
4523 4108
9882 3974
712 8530
7724 467
3435 8332
5140 733
6113 4633
2921 8344
6707 3932
4028 2469
3266 7858
919 9166
476 4130
3659 1348
2481 8932
2263 9161
7117 2364
4699 9533
5565 3217
1225 5826
8447 7530
1050 782
2675 7540
4069 9138
5416 8272
8203 9794
9943 465
9816 8363
5386 6953
3459 363
1828 6118
5331 1710
4905 7647
103 1577
5806 7105
7057 8301
866 4722
3896 5218
4236 7357
4129 7586
3982 3617
5798 8006
883 9469
2370 3664
2058 1379
1670 5338
6331 3884
8690 9211
7778 8385
745 8717
8935 9273
188 1064
2804 5766
5607 9539
9568 5187
2498 3695
1574 5015
4027 7626
9753 4454
5106 261
5396 9025
6488 4497
3486 449
6689 5601
4423 4441
8697 4795
903 2078
8996 6827
6951 5702
210 6281
5821 4449
1100 3426
1658 5418
3241 8797
398 9256
5239 7660
3538 2668
8689 9629
5831 2042
1479 9845
9625 1839
4004 5544
368 1997
7945 9195
8534 9736
6663 6062
1524 59
1106 2849
9453 6842
7066 5870
6574 6631
5946 5919
2715 4061
9036 6135
5017 7972
2368 7150
5283 2091
5946 4533
6795 7475
9980 6455
5736 88
2496 6422
9374 3942
3720 6857
5752 1955
1261 1448
5019 9664
8779 9732
5543 3739
6906 260
6617 5958
49 4471
4415 7220
4032 3472
9004 3033
9301 1585
9847 879
5722 8650
3053 9218
3416 4930
4435 1241
8435 3843
8860 4182
2121 7033
5150 8583
3356 2406
405 7719
3345 750
2157 9471
2316 3064
270 2075
9966 8629
7430 8821
9334 6523
5238 2999
4276 6657
2859 4120
7032 1565
1295 7869
7734 2757
274 4393
9997 3457
519 7980
7935 8582
8244 6198
2195 383
13 5943
5699 2691
8229 1952
942 1208
7207 1887
6459 2248
844 8988
7405 9597
8142 9362
8790 2307
8772 5808
9181 9907
959 7420
5534 5600
409 9167
3395 4436
757 8456
3529 3585
6372 4150
806 5939
7166 6661
4255 2375
4129 742
6860 3553
8502 9081
5274 3062
2907 2051
9444 2215
3035 2812
9782 9964
3567 4824
6875 9967
3951 4062
8653 8380
4267 1201
8741 1901
9702 8021
1970 3430
5323 1035
5355 6846
5039 4404
2640 8568
4991 943
3336 2092
9588 1929
4236 26
3587 5242
3811 5076
1425 1795
5403 8057
2884 6621
5900 1023
4136 973
8661 7780
1080 1966
1040 6333
255 2085
8599 3520
4610 8407
9441 7238
3943 4168
5139 9862
2905 2691
2469 2515
3399 7744
8106 869
8228 6150
3036 4867
8539 7142
62 3002
2542 7531
8449 2581
8381 7782
2383 4157
5687 1722
4564 3543
9696 5154
7996 2745
2166 4030
1791 7863
2738 1160
1442 804
1721 1137
6692 4576
9599 7921
2502 3155
5710 4875
2416 7000
7956 8366
147 3101
3922 4103
1156 6600
9297 3683
2301 5654
4367 293
5676 6235
5033 5411
9445 9083
3815 4553
6785 1284
1177 3567
2799 8471
7189 8025
9375 5805
7036 1258
2668 3734
855 216
9890 1556
2094 4532
5853 9516
465 4240
9835 6184
6197 7214
6330 6740
8312 5296
9284 7823
1796 1599
9171 5468
9298 7838
1630 3495
9675 7590
3460 5116
2233 5183
4 4565
9099 2993
1767 6310
705 6085
5703 4876
5372 9021
4901 653
3746 3551
888 8634
8591 7459
8388 5063
7531 9377
8397 3661
4344 582
8591 1875
5406 8668
920 9842
340 3676
4015 1182
5418 6322
4589 6451
788 5511
846 9858
7614 3372
6634 9022
4987 1786
1611 3438
9817 8184
3443 2363
3461 8771
609 8101
7071 2856
9491 2281
7616 9370
7238 6945
4725 9164
2018 3678
9867 3217
9211 5494
7335 4463
4310 881
5565 3563
6388 9691
9026 8597
4491 7416
8213 1319
2081 7972
74 3475
1676 5629
5874 2358
5757 4509
7255 6693
77 188
3302 9643
4197 1250
6910 6516
3796 8131
1525 8120
1391 7575
7411 6394
8217 7013
5874 9404
9997 3346
107 9202
4060 712
584 4109
742 7223
6361 7813
9278 4380
4634 7673
7454 49
5331 5310
2628 638
8010 3114
2620 4515
9812 939
3572 8553
4472 3653
9394 4984
6703 6638
3403 5074
9939 3771
755 7249
6512 2153
1568 4939
2298 7939
5885 6284
2220 3018
9605 918
8982 1701
4726 9927
4783 1625
6070 3005
6663 4710
5686 6662
5031 1420
7344 2711
7906 3394
7188 3284
9495 8087
803 6344
1878 3971
4702 2061
8780 7565
9309 1978
40 8036
6625 5302
9927 5932
9651 3872
4855 6027
2602 4060
2780 3366
2674 1575
9547 9754
2110 2614
4502 6576
2831 9781
9709 2232
2857 1986
1080 5873
7531 3344
6026 2971
3470 4253
1223 3794
3787 5849
2202 2803
4726 9458
7390 7604
4803 123
8678 9975
4684 5862
5489 2107
6333 6175
9760 220
376 1293
3322 9145
4124 6532
249 3032
4390 7429
892 7709
9004 2780
2343 5542
8819 1985
8315 428
9084 675
2306 3019
7349 3732
8993 9910
3346 5114
8225 6885
3142 4519
1802 8412
7228 2666
3559 5877
2803 501
3265 4931
441 1113
7016 9273
1446 3339
9337 8541
125 983
3020 3496
4510 9654
1072 5790
4454 5975
9383 8723
9413 2154
6921 8761
8283 1823
9126 6540
3064 6697
9009 3916
5423 5874
4916 7319
3660 4192
3307 163
3578 4744
5379 9876
8539 5576
2040 2834
6045 5328
7574 149
7384 3933
7068 431
5400 55
3949 6357
6914 5187
1670 5144
1019 3354
8979 3037
1110 6851
1479 7796
8774 782
7623 8707
9168 3088
2675 3959
9276 9464
5141 924
9193 2477
1695 2945
280 4985
4813 6617
2337 4114
93 6480
7380 1782
9167 7976
2518 6113
9523 351
2760 7502
1084 3460
7211 9997
3403 7464
974 2337
5402 84
1662 3847
4565 3779
4073 2161
3978 9924
4070 7445
5791 364
9450 7117
4205 1326
6161 8037
9522 5394
2882 4810
7214 4487
8092 2213
608 7010
3211 4171
5933 514
1696 9872
3711 4952
1927 1514
9873 527
1624 1149
7548 1825
542 9587
5878 1421
775 4724
2478 7884
4202 3484
39 7433
1783 9697
448 7195
6342 154
7623 8536
1216 4049
6127 1585
6455 8415
8343 3561
3063 8701
8121 3328
8709 3919
537 719
4525 9524
7098 8053
248 48
6893 113
96 918
8538 4729
5579 9839
3488 3432
954 8886
3079 1532
6092 730
5930 2921
8418 5149
1218 2958
7596 9411
2519 7569
3705 9897
2340 9959
3716 6103
4275 7117
4128 7421
2404 3673
2518 979
5893 3702
3536 1028
2515 2621
8387 2927
6091 9924
4443 485
5834 9243
4581 254
4021 1913
7857 5116
8098 4800
4695 7793
9705 6324
6706 1531
2464 1490
4001 8425
5525 954
9419 6026
8048 7087
8438 76
3039 6253
1618 9662
5750 7317
300 8129
2245 3633
2610 138
9787 7995
3622 5880
868 1136
6697 8749
8292 6890
2630 4702
7317 2513
8642 7946
3515 5067
4973 8542
20 7753
8810 5849
5843 7369
491 9872
2645 6557
905 5981
5892 4163
9489 7826
3071 6638
8495 2312
4556 2426
1391 7973
3511 3025
4807 7300
4446 5390
705 8608
3758 6967
4005 8495
4036 5590
5449 1979
1480 1152
1771 996
1913 6470
5782 1112
7945 209
9107 1168
3616 3832
9272 2793
6821 803
6819 5901
2750 6960
5802 8720
6312 6283
6970 6449
831 1897
1526 5770
5294 7569
1883 4032
7133 9220
2959 2807
940 9816
5947 9046
9077 5814
9254 6515
8631 8044
6511 1178
6769 7823
4402 4258
2865 9677
7851 5199
9569 8586
3641 8562
9945 449
174 5911
946 3543
4849 9005
5485 5228
8625 8741
3837 9982
654 3897
5317 8494
5886 4781
5007 8139
3143 6982
9847 8720
6638 2892
1845 628
1785 1591
4081 639
8411 2642
6551 3419
9382 9125
2725 1368
9622 1136
3187 5215
625 5701
6125 204
4958 6886
4792 2354
4382 9526
3706 9862
1159 2746
2442 2129
955 4250
3323 3993
694 8269
5255 5994
325 6511
8041 6077
5846 9858
3651 7327
2722 8179
8662 8913
4723 9445
4672 66
7264 5436
6641 8577
1913 5424
6773 2941
124 5103
7410 9304
270 3519
6911 5316
1996 5013
272 6932
4472 9809
395 8673
3762 1660
3943 3169
4712 6089
9467 147
2549 5434
9975 9508
9433 5321
1709 6604
2892 8865
6177 6318
7106 7973
5685 2965
7555 4481
9156 2286
3570 6463
9971 4250
8910 8140
7278 5444
5864 6214
6617 6974
7679 9811
3031 2858
8279 863
5258 6067
659 6609
7976 6153
4135 3369
9965 223
5311 4142
8214 3973
6578 5254
9298 8540
1737 4176
5343 4625
9956 6283
7076 8696
3177 9732
4470 8162
4694 4821
4172 6327
6349 983
5555 5044
222 7990
2003 9843
4591 2362
1948 2300
6150 8952
776 8071
2980 6195
8573 5184
4387 639
5395 8453
3468 1511
1399 2762
1480 5027
2923 1110
4757 6256
508 24
3346 4783
4461 9189
5394 9987
8730 4196
2710 9870
9851 3255
3121 3846
8298 7880
2922 4427
7250 6170
3937 2434
3826 1024
1236 6286
8238 3024
2023 2484
8756 791
8620 6090
3137 8343
2500 8591
8626 3950
5696 646
6703 4148
1415 6193
1030 5904
3224 7187
3115 5222
9189 4042
5132 4003
5872 1775
8668 9124
2471 2799
5424 3739
974 421
7682 6323
168 8366
3038 9464
9369 7068
5165 9925
4903 1144
4559 8975
1308 6911
5134 5416
8396 7561
6258 6278
6700 322
5000 2760
3916 2139
6957 7282
8672 6600
4483 3446
325 1022
3057 6433
4969 2785
8271 5577
1376 1248
6953 8264
2783 6070
2761 1931
9502 6745
9685 4245
6519 3583
7040 1995
5016 9377
7138 4197
2359 3772
6422 4153
943 8058
9371 3105
8892 4318
6791 9148
7644 1874
9417 9677
293 9910
950 371
5548 6592
357 1906
7027 771
9517 9936
59 2214
5079 8296
6812 6816
8746 1269
950 2238
4204 4555
5366 9198
1049 812
7441 9285
5576 6048
6167 5437
2149 6559
6972 2150
1989 762
237 6397
8915 6755
1433 2559
3600 9570
2518 2012
1951 1292
5869 7753
5627 5516
8407 1205
5183 1634
8719 6262
1819 1468
9884 1632
7833 7679
999 1181
2680 9870
2509 5837
3720 5531
7429 3870
4981 4046
4226 7529
362 8502
2025 582
5299 7587
9866 5385
3132 352
5932 9747
6161 7843
3008 8201
1452 9189
4436 7598
4945 758
3803 7209
9726 83
6492 9467
2068 6094
603 6179
6396 141
4876 6105
936 8825
1709 3237
9758 2756
2381 2748
6535 5613
2563 1951
8329 1424
9927 6686
2529 9907
8662 6787
542 9318
4054 5226
9289 759
1570 5818
8113 7838
7567 418
9397 5235
5337 9837
4803 1368
3985 2836
8182 6785
6454 7943
4627 3525
4299 470
2677 4494
3611 3823
3768 5679
6257 7931
5513 6264
3919 5625
8919 3588
9145 5768
6645 5758
6502 8545
5507 1538
9204 3615
9843 3673
4323 6535
5630 1599
2554 6856
4279 4968
168 2897
4805 3723
1500 5567
6734 3361
7897 3192
806 6986
1309 6861
5571 5542
261 7105
1210 6675
5155 8711
557 7233
2645 7346
901 459
9292 4300
1029 6899
5396 1824
5615 164
5546 2031
2043 4996
6761 2237
1792 2637
5964 1352
1860 5424
5652 915
105 4118
4798 1051
2850 7
8166 9045
9548 287
9386 7946
5899 244
9921 832
5194 836
8499 9656
5677 4324
612 273
2431 2039
8045 1068
3735 171
9959 2766
4382 6222
1274 1877
1775 9922
9403 7829
7548 2929
8310 6042
3642 6752
1223 2938
9271 725
5802 8966
2582 1935
2698 6604
8873 6093
680 8168
2364 2363
4828 7484
5331 259
5769 8340
7750 920
5138 6329
7344 6791
9502 2842
9172 2627
6708 7550
1579 9908
1314 5706
2146 9700
9289 8373
3759 239
8463 8838
4728 8667
1368 5545
933 7387
1795 2465
2188 4987
2857 7706
3021 3516
3816 4107
3166 9272
8382 2653
3969 9388
1832 6431
87 128
1452 9000
772 8017
3880 576
569 7557
2348 9851
3200 531
5552 9589
9611 4432
5840 3672
6497 5489
4272 3581
3062 5792
169 6431
7500 8809
4271 3709
5583 8165
2980 4743
1234 6814
8038 3378
7766 3901
3610 1480
2541 7559
3582 5474
3225 2056
3658 3751
5563 35
7560 3834
4263 6598
2917 8920
2423 8640
8600 8216
4034 22
419 4117
4733 460
4182 5603
2160 8000
2016 4788
6621 1899
4999 7048
6000 1177
7983 7570
7972 7080
9894 7439
3442 6939
5885 8133
5994 719
7592 3367
3233 2548
4305 8681
7952 4575
5888 4925
5804 783
3060 3557
4307 7850
1717 7768
7917 4678
8325 1050
8032 9448
559 6840
787 4962
7320 9817
4803 4261
7084 4906
2201 766
4561 2246
4421 7097
7393 6625
7116 3500
931 7907
1625 2865
4332 5726
1813 6617
2528 6732
7744 1492
8997 9986
5545 6470
7602 6548
9894 7752
4542 4326
2123 7212
9178 185
818 170
3127 9358
1711 7668
687 2562
5516 5728
946 50
3009 7713
3239 5819
7094 6093
953 1578
6482 2754
6968 2343
8221 9305
9504 2956
4161 2975
9020 1588
3208 6286
4315 3555
854 1261
5474 5697
3828 1547
8755 7176
8830 4435
5910 3225
9024 3704
2560 480
601 6951
9253 2380
4938 8024
9234 9528
9320 8602
4166 6829
1786 5704
4704 4607
8300 1834
8957 5694
5618 7634
6004 6794
8864 6443
7453 8861
5413 1358
2886 690
3809 6201
1163 751
