placement model: 1slider
width: 10
height: 10
number of points: 2000
389 6837
2703 95
2224 9113
2621 882
9693 6857
678 2542
528 2894
5093 5879
5917 1387
2882 68
5041 1965
7670 8908
1022 6221
8570 4505
1048 5170
9792 7351
2318 1942
937 3038
5919 119
862 4516
3288 9470
4417 4658
1750 840
5161 9652
9561 4894
4739 5286
5634 1714
955 7942
1680 3936
1160 5799
7611 8725
1511 1587
4211 6797
3368 7507
3355 2869
7801 3744
2293 5088
5306 8955
8904 1547
9428 4252
7801 3781
2096 8076
5657 7474
1832 8798
3432 7803
4934 7135
2528 8617
6132 2452
9297 5162
2027 6375
9845 8021
4574 2871
5582 4573
2026 6570
3266 6952
5100 6529
4866 531
1905 6244
3648 5621
6121 2378
7075 2473
169 4015
3750 6836
8924 929
7966 5986
5598 8781
2979 9287
8566 9874
6396 9138
148 6970
8685 1612
5076 9355
2134 2342
9638 105
342 7204
2327 5197
8213 7313
7567 4430
9726 1162
5087 388
8031 4974
4418 6277
7246 9199
728 5313
5263 3735
299 3307
6386 3326
5320 63
502 6647
7788 2865
4200 3274
3903 9186
5631 3594
1840 8606
7077 2095
8073 7937
465 2253
6116 1647
8396 3382
517 367
4996 5531
4632 1330
9344 2720
7440 6841
5931 6643
3389 455
4932 739
1604 9238
9426 3188
9664 9542
2359 9509
2966 8803
6428 3723
3385 7157
2237 5643
1917 7695
5173 8748
6988 3088
3886 115
7672 9058
8189 5251
6514 4687
313 151
6960 3030
5875 616
8570 2859
3774 1394
7772 3972
3102 4969
5345 6364
6348 2058
1153 5609
4956 890
5252 3484
593 6657
738 1178
3514 8095
2809 9571
7042 6186
3388 3301
9056 1645
5514 5803
6147 9183
263 647
6413 8529
4942 1670
6627 6993
6958 6015
1638 6251
8627 4213
2320 3722
2235 1359
9598 6418
3331 8323
9463 5833
414 6824
8202 2663
9904 313
3382 5569
4136 6854
7757 3130
7293 1602
844 2083
6097 4433
7977 9080
6942 7200
9173 260
8333 9713
9228 962
6165 25
121 5138
1663 3294
76 5966
1457 4721
6708 9294
9887 9423
6131 195
5433 1241
4074 9808
6340 4964
7840 290
4138 9689
348 1911
3525 7801
6055 5479
7910 6305
3513 319
9815 3300
3707 733
81 4378
8996 4226
2320 5417
8904 5669
7194 2904
8929 3623
3255 5134
2931 8365
6481 8703
8658 1267
6925 8635
9568 9045
6607 9893
6231 3114
7020 2597
7131 2614
2229 457
4931 747
1440 7104
7722 3140
5460 4091
8445 6519
2317 4104
6079 5329
6348 8301
8715 1168
3462 8919
2232 9345
6522 4780
6363 6311
1907 9876
8869 4944
5519 1151
5203 5018
9919 707
1830 9646
5714 4156
5682 241
9900 4994
7661 3764
8181 1853
8193 8527
5514 9425
5387 9839
4303 1815
426 1421
5049 5014
197 8111
6919 7695
7614 8568
1026 7484
4213 5345
3182 1330
4922 4943
4737 1510
6982 1017
2889 4865
2328 2393
9572 8233
6935 4044
6196 6686
9072 3689
4625 5847
554 4561
5718 7122
9923 1303
4988 1664
2942 6872
9471 772
4101 2278
2814 1992
8038 434
6128 6082
2213 8235
176 6493
4218 1849
6767 2972
3759 3641
6828 1960
7256 2603
5067 5929
4544 9599
8452 4350
4005 421
5674 1002
6902 5825
5452 9539
5832 9158
5944 9845
3421 8442
3968 5175
220 8841
3557 8765
8331 3380
7148 2266
7699 6507
5444 6554
4499 6485
5113 5808
2985 6126
6581 2082
9514 1768
3507 8564
68 5272
3744 4012
6002 2143
8970 1854
6334 7412
2222 5128
3500 5987
3064 7061
7810 953
3812 3397
8449 1780
7810 2433
6178 4338
7643 4797
8067 1403
7118 5811
3580 8099
733 7229
1465 3869
7621 6683
5041 9556
5909 1398
4923 7205
2087 10000
8172 3597
305 1876
2173 6051
5865 1264
2911 1476
8379 3133
290 8437
7751 2735
2391 4422
6955 1124
3355 7376
5877 1022
9528 3932
8087 840
7396 9476
8854 675
8634 3023
8319 2958
2111 8379
6810 354
9114 9435
7954 8693
1642 6035
6536 6037
4053 9181
2990 6909
8362 2109
4178 259
4524 6569
9711 1452
1638 5642
1702 386
8177 9204
7915 1908
6617 4070
8369 7940
2491 7166
3606 4352
9534 6427
4373 7987
6889 2853
6610 8919
3092 8568
421 5981
9546 5214
8483 1825
8447 6041
7704 340
2215 564
1032 8097
3395 1076
595 4257
3765 2425
9555 9908
8208 5514
6475 3020
3131 2614
5249 7788
5352 7740
6575 1055
1258 2222
4085 9359
1985 4244
1529 2669
9730 599
6844 2737
4284 667
8446 4616
1636 6371
7534 4986
6034 8355
5794 794
6337 5419
5793 7194
8067 7499
1670 5106
869 4473
8488 1115
1473 3749
6965 732
4010 8
6511 9874
6067 1747
5565 268
3513 861
3856 8811
5252 9690
3614 5264
3487 4260
1021 5292
5911 1394
9007 5187
8229 9681
6425 3368
4884 7131
6974 8874
8493 8961
2600 554
9513 3731
6727 3729
7452 8591
2422 5857
3538 7515
3228 1761
9006 2569
2098 1405
9550 3533
2385 599
505 2651
9673 3611
5291 3306
8580 4604
8341 8795
9069 8304
3492 942
6282 6217
3066 5556
2834 1811
7321 7074
8155 2611
8428 6402
2456 4968
152 7857
9973 6652
3246 3663
6873 6324
5654 1949
326 5559
5918 5157
8424 2731
4404 5445
1053 755
52 5742
749 7004
2061 1574
180 3271
8074 6949
7553 8933
9256 8729
7164 6973
8589 3193
4542 1194
2545 7257
6265 9914
6708 9098
2964 8199
5696 5534
7381 4680
638 1690
4746 7635
5884 4503
3092 1357
9902 4494
979 9698
6810 1801
4706 9216
5658 5116
4087 8322
3951 9123
5354 2828
2077 190
433 4007
1505 9839
6342 4224
1558 7507
4474 36
8313 717
9744 4154
7513 6425
1780 1152
6271 8032
4093 5974
86 4883
5772 7030
9484 1711
3094 2480
6324 4811
5581 7665
8364 7449
4831 803
7460 4598
5615 2740
8719 2909
3476 3643
2475 3755
7367 4683
6166 3661
906 2238
3083 8595
4681 7978
7288 7874
5977 7812
6697 7454
3668 4036
1184 9379
9886 529
8064 6656
8076 5135
2959 828
4182 1101
9078 8873
5708 8782
4027 4177
1656 1890
4718 9872
640 1621
2780 4808
2195 5159
5622 6170
6404 5356
1835 4678
2573 4573
4698 9314
9268 1457
7999 3795
6652 4553
8957 8929
9084 605
6071 9421
549 2102
1740 6891
3728 6652
6007 4766
7495 5160
3332 6786
6744 6674
2602 857
6790 9594
5039 646
2775 6492
4783 1882
587 2455
6312 7563
6065 9840
862 3215
7795 734
2502 8763
8239 9757
9793 1621
5677 9107
6625 6680
8160 2542
2316 1101
7832 5813
9884 4164
1591 397
2982 5723
7818 7200
8681 1996
7659 5307
6831 1678
1322 2540
4700 4150
2963 1480
1677 5458
6397 4821
1459 13
488 7009
2867 5228
5352 2354
6934 1594
7318 7156
8060 9649
9202 7418
9929 7826
790 8954
8874 7947
1493 7956
1272 40
679 3237
4944 6994
2887 7633
9186 9296
3501 3314
5349 5409
5826 4030
6987 3245
9434 2477
1066 9587
8598 1482
1311 3886
6516 9645
6804 8372
406 5648
8915 7324
2568 7682
8000 9723
7119 5666
6020 7691
863 6780
2291 7402
5276 3054
9533 4960
3761 8599
9752 2337
664 4143
5650 8666
629 9088
259 8732
5324 3397
5075 3800
4370 582
1475 1946
7725 2121
7017 403
3498 6928
2029 2997
527 1409
6039 4860
4084 822
3027 8960
5630 8906
5505 8876
6023 6339
4819 6807
8492 9367
3001 6134
6569 7175
1492 1275
269 2198
2216 3831
5929 9182
7513 4486
3200 314
2604 5267
3337 8530
9888 6331
5893 2022
9584 3389
8225 3351
9514 8879
7416 426
452 3293
2315 7131
1376 3392
1686 9771
2823 5512
1924 1712
2001 9774
232 8346
4916 8350
2216 9837
4067 6925
5520 5770
3425 7105
5368 3968
1352 4632
9463 1271
3399 7218
751 1383
5113 7985
7688 4143
3093 7373
1457 2781
2821 5414
5388 8291
3494 6137
9910 5433
8373 6923
7069 2761
3946 2275
4066 8902
1873 8489
8022 556
4786 9921
5921 2846
9016 1634
4292 1722
5038 5939
2536 425
2763 3135
4338 3000
3186 1321
6866 7004
5201 1871
8572 5667
6874 5207
6270 5519
3823 4685
2845 9874
2352 9925
4654 2490
9115 9550
3596 2357
9468 3080
9381 8216
121 8667
2377 7197
72 9842
3483 3346
1873 7801
2993 4573
195 6238
1654 1757
5817 3767
5884 535
1799 2828
3084 5075
7174 2511
6474 3643
8954 7752
2004 1725
4171 8491
2865 6866
9287 1723
8967 6186
6354 6441
8025 6325
9137 6364
99 5964
3895 8375
9787 8842
1871 6346
8174 7939
8726 9249
4080 8116
6448 7080
9410 9058
7841 9286
7270 1732
6777 3426
8440 896
3889 6351
4313 4111
7256 693
5128 5185
3523 1250
8845 3669
3311 1873
8797 8710
7776 6709
8680 6536
2369 3195
677 9362
5855 2523
2096 9553
1755 7360
6287 3602
7983 4938
9583 3773
5483 7012
8747 5265
5237 434
5356 7464
7455 5669
8039 2790
7466 285
2320 3467
4543 3870
4237 1296
103 3797
141 3757
3169 5261
9292 2516
3546 1882
6025 4481
1140 7650
7206 8082
3461 4035
7724 5692
812 6263
6080 3495
6072 4024
9228 9394
511 7432
937 7121
5284 6794
1223 2527
1438 49
6502 3545
2443 6622
6994 7620
3439 6286
6338 3678
2664 4377
3974 2118
5301 7650
7719 8076
9607 1437
453 6132
5089 3030
3913 9797
8699 8437
4868 6076
3742 2566
3729 1750
6557 4149
4314 2288
8110 1377
6776 5935
7481 1933
4170 1678
2911 2517
7680 4889
5214 5008
3197 9983
9025 8907
4553 9382
2959 4407
8639 7925
9933 6481
5478 1156
7139 1728
8495 4438
8249 8298
7283 6834
8163 8391
4860 4110
9630 5028
7742 1715
4280 4766
1620 2814
792 1317
5846 7232
6315 5838
7676 9126
6799 1423
829 1062
6633 7447
8558 9146
6908 7202
197 5727
463 5092
4371 2556
995 9282
5467 4158
3199 5698
1600 3729
9832 8123
9308 9487
6490 2862
797 5168
8548 6173
569 7832
9153 8081
5191 5693
4897 9688
4619 8471
2700 7373
8921 2637
5558 8561
362 9223
4764 1116
5299 2638
266 5048
4823 5801
8411 1806
4999 8439
7379 7691
5196 1784
8787 7539
1228 6857
5164 6617
6747 9571
5322 2233
7007 6744
9509 3577
8331 3744
6197 8932
1343 7636
2403 1468
54 6855
9464 8485
8378 302
5346 527
7459 1623
1719 199
7644 5522
2617 5775
9198 3846
9801 1635
7681 7753
5779 9097
6303 3204
9482 3911
5435 6233
7588 9415
1102 3403
4481 6477
3556 3958
8943 7233
9149 2127
6917 7096
3858 1424
9913 8839
5963 4995
9289 7949
9414 495
6222 1811
7345 3015
1895 9567
3587 3072
890 9960
8412 3965
2689 7950
4136 8187
263 5546
8114 8415
1468 5699
8220 7152
9100 1964
768 8265
7694 2386
6154 3690
6626 2239
2662 3439
4872 8370
8439 6214
9153 4863
8752 7006
7098 2365
4755 8957
2052 6975
2736 3807
7076 5234
7069 1813
751 4146
9052 2609
6209 602
571 7861
7926 8701
6076 3860
2348 1525
7377 6518
8728 2136
6555 5519
1554 1419
2506 3234
7437 1966
8639 214
8941 454
731 369
7528 7124
2827 5733
2100 4037
9519 9705
3921 40
9518 6437
6495 6642
170 3535
4140 4577
4868 3434
7012 9643
9091 7442
1357 4641
7847 2894
9815 7811
6112 6249
7086 364
1138 3970
1892 461
8797 7354
4528 8705
6236 2836
6160 2051
8598 1146
6057 5113
1913 1469
2718 4905
8702 2412
563 712
862 8944
7876 2265
8345 1671
3521 6928
9903 2705
6404 3988
6118 3869
9246 1413
5894 8944
1607 5812
5461 6099
6444 1659
4601 2855
2094 9154
3939 2874
3210 2372
838 696
5331 4239
5499 6608
3555 2714
7781 432
450 9875
3911 5472
3349 1901
2665 4623
5193 8395
6456 6119
9680 8456
7554 1477
6935 1164
6202 274
5507 2183
9086 7205
3421 2491
1353 9224
229 5216
246 1442
7061 2931
4943 2297
4811 6174
4515 6634
4371 3643
2831 1466
2891 8614
4078 4527
3132 2422
7808 6909
6482 7089
9879 3667
1781 6524
405 212
3707 7405
1146 2650
9348 7762
8309 1581
61 6977
2398 4121
3685 62
6150 4650
2587 320
2704 3174
9149 6985
2978 5434
2372 3968
9657 9250
6724 8392
7397 6393
3286 7769
1604 5628
2023 9939
6232 2049
5160 5733
7860 7310
4655 8278
9437 400
2276 9541
129 9928
6616 8072
1890 889
170 5435
50 256
2805 8104
1297 7058
4461 2173
7165 5100
7966 2694
1167 5894
5150 2833
8842 8600
6054 1694
9721 9299
1314 3817
684 3377
9291 867
730 850
4142 6254
9007 3695
3599 8148
9100 4985
5821 7418
6791 5644
2399 1607
4571 2501
7882 357
9771 8435
1911 3195
9566 675
3823 7267
6403 9640
3564 7126
5110 2200
5572 6260
1368 1749
1916 7907
1368 4950
3460 5647
7174 2489
3049 9796
4294 8708
1898 5270
5574 9703
7949 5855
9105 7245
7145 184
6570 8368
1457 1378
8597 15
2068 624
6682 1153
5879 8709
6403 674
9944 4263
1850 2682
3136 5216
3411 3179
5072 3375
3461 6733
5385 7535
8408 7270
2658 5478
4900 2364
6971 1875
2105 8050
4273 8960
5486 7594
3226 764
488 1773
3932 3358
5898 9457
6905 8909
8814 4106
6872 1052
3230 7021
4872 9188
9397 6290
3828 7382
4349 5786
6248 9564
4456 7946
4096 2381
8227 4089
1349 1049
3789 8634
4890 9564
1580 6081
4486 7067
1704 4252
2275 4193
9314 8934
7813 8637
4340 4616
6828 3907
7634 5905
5034 4104
3198 3932
2964 203
1336 9821
3682 4063
2503 3081
8601 7942
9475 1307
1458 368
3327 3266
1574 5288
5359 5331
8257 6008
170 5886
7358 4227
7209 9720
984 2133
1250 8190
9927 3345
1634 9238
1915 3786
8804 5891
541 3055
297 9397
3541 6951
7401 4063
8349 2061
4994 8815
8173 8502
6624 1716
8618 5028
1016 4868
7161 2761
6212 9908
8293 3441
5538 7682
2559 5746
4895 2454
4721 7844
1661 6099
4150 1107
3734 3516
4921 4161
9006 5804
4864 9982
7417 4947
1891 6405
3720 2250
1486 7820
3639 3203
2017 6718
9350 7765
2127 8637
4112 1341
6967 8808
2174 4893
4707 3913
3521 9064
5539 9398
6225 1742
6185 2529
8062 7435
5153 7593
7749 4404
2713 5677
7727 6503
9042 7615
3256 9269
8191 9759
4394 852
4037 1448
813 5340
8363 7643
1701 2762
5534 1500
3428 2934
5077 4833
502 4851
8061 6940
7314 94
3541 5858
3594 4446
1871 1909
7674 2810
126 8411
357 4683
5741 1046
70 2483
4397 5679
3131 9732
7226 9596
9228 2523
6312 946
801 2626
3194 3654
7985 8820
2169 1336
5740 1009
949 3953
5082 2148
9165 8085
9882 5781
9115 5306
1516 3457
8692 4825
8626 8843
9838 3210
9355 1680
7376 4838
8890 277
350 8692
3324 3676
4386 4340
5992 8114
3243 8977
2428 8554
5969 7444
6475 5555
1829 1683
8370 2990
3460 3871
9245 2237
3118 8278
6610 9802
8174 8901
7966 5730
8454 8661
9579 8943
4553 4891
6865 1048
8891 6454
6398 4679
8962 2183
1491 3258
1773 9855
587 3810
335 6146
6779 8521
1582 8520
5754 4543
9230 2389
2404 8128
1393 3173
8083 917
5361 3674
6581 4913
875 2004
7939 3784
6233 6894
6538 8174
8347 1814
7498 7843
5277 7773
5455 7969
4379 8400
7620 4225
5233 957
8696 513
6233 2064
4446 3996
405 4148
3962 9696
7692 6206
5199 527
998 2023
6995 3549
2287 2361
1451 9395
5698 2995
6335 3761
2027 6618
8865 3999
1331 2598
4209 5843
2858 465
2255 1887
6607 4785
1886 4447
8063 1638
7080 1034
8858 2386
5540 8882
5388 7489
2415 8323
7973 3150
9511 3609
7166 465
2354 863
4532 3833
6833 3066
341 4473
2521 3474
798 9790
4005 9286
9242 4893
1234 2355
9996 9011
5984 3735
4749 1123
2099 2809
8854 6691
8754 8774
439 657
6835 2009
3679 3083
9414 9483
9679 3103
3913 7361
3967 8361
7999 7331
834 2348
6111 4529
1984 7409
6047 6014
5615 1629
2008 9939
5879 8745
1985 5563
267 2450
3486 246
7722 9841
6660 7185
4407 2802
3164 7411
5862 9132
6272 7288
3552 9578
757 6414
14 392
1833 2556
9602 736
482 8790
7502 4460
8498 7184
4036 4147
7539 5570
1994 2490
1677 21
2072 8351
2292 3740
5154 7175
5838 8425
4413 800
9168 4039
5662 2133
8112 8710
9478 3587
4409 1834
2961 2490
64 9311
7040 4538
9735 4624
707 1747
7800 702
7895 2482
2288 8272
1767 3561
9811 2048
6403 1220
1200 5219
9409 5824
45 4233
3974 3403
9906 9348
2829 9650
5987 2065
3845 2003
1465 4344
1345 5620
4846 7320
8116 1
833 8592
335 5233
7819 3162
1784 250
2943 2002
9676 9012
5102 6327
2101 5500
2511 5766
1788 3091
7768 6399
4055 9469
5431 3301
3494 9034
9680 1793
4485 9073
8818 685
3977 2877
7245 4584
1371 3495
710 7455
5187 4008
622 8613
8501 2388
4149 4148
5429 4908
9174 2151
7568 7613
9187 5596
3553 4766
7246 8169
2990 8273
936 6981
5969 4658
8544 705
8012 6392
6366 6726
4181 5041
2228 1115
1696 9526
8494 848
5265 2120
7738 4906
7559 9327
4658 9499
38 1637
5173 8627
628 2018
4661 2888
3917 7158
4750 3068
5459 7099
4239 8476
6575 1840
19 4946
8448 5182
5503 3857
3016 182
343 710
7100 9493
5655 6240
8245 7183
1241 7671
2294 4961
1414 3296
7731 9738
6932 2293
5140 8619
3917 1981
3975 5446
1361 8127
1707 8998
157 3182
8926 4068
9999 8849
4078 6864
392 8968
2071 2965
5703 4971
5328 9685
5410 9810
4621 8960
2842 8838
6774 9226
6864 8493
9211 7214
7018 658
2814 2538
7120 760
6575 344
6859 1088
8008 3362
6643 5514
1432 2824
258 5083
1502 4739
9826 3374
4620 2022
9254 8299
9279 1286
7026 5655
9577 9851
7051 2432
7127 8379
23 5862
4846 9914
3645 574
6038 2997
2126 5250
3503 8259
8192 5707
5179 8911
4397 2385
8324 9422
9046 3754
3701 2570
8508 2789
6238 5789
2783 7952
1585 3199
4711 8292
381 8584
4830 7956
5014 6703
6035 6446
9413 4399
5031 6719
8927 2885
6042 8057
1791 7857
5756 3661
4436 6838
3521 5726
5006 8820
386 7095
579 6490
6224 153
6756 6619
8217 702
9083 810
2493 145
5914 8861
621 3332
9972 9270
3296 1679
1300 3281
21 7939
2995 3158
7499 9483
9626 8969
7597 6386
3330 5836
2659 1008
2051 321
7612 9989
8 2754
1052 5146
8317 9172
9383 353
852 442
4582 210
6160 738
9654 6714
8955 8362
6115 4407
9168 1674
9630 8199
6283 1410
40 184
7119 3025
890 5016
1261 6268
793 6286
4343 9375
6271 7859
3864 8553
7117 8257
8069 7638
6090 5247
9932 6514
8799 2508
2338 5825
7504 5921
7853 1113
4910 6306
6658 5939
8933 4519
2956 7264
6675 6575
6990 9355
5091 3396
7035 1104
2556 5712
1710 9633
9405 5726
5633 206
10000 9339
7150 1051
4182 3988
386 6840
8201 3787
3851 9153
2563 3335
8222 7262
1160 3385
3851 3291
5232 8956
2739 5255
3255 3706
6871 1930
3138 9208
7862 5310
9201 3820
4363 340
9684 1529
3522 7419
4372 4348
7948 3901
4594 8082
4884 7080
6415 5857
7349 4707
6452 8681
9783 1412
6046 6586
5090 8591
3548 3367
8365 179
7686 438
1134 4412
4033 1469
5187 7196
4043 5932
9845 6358
8376 2460
9013 9921
6650 7051
721 4116
9645 5757
6788 7465
2243 3348
251 3101
3299 5523
981 1493
5325 2027
9061 1770
7002 64
1030 6720
1847 1493
7802 6925
6941 4424
9513 83
2193 9753
1751 1290
793 2306
997 8788
8576 4819
1186 3967
8986 6626
5817 21
7670 6908
6228 6825
3476 6686
2053 2282
32 6910
8532 3414
1291 1324
9775 9504
857 7646
9301 6712
4700 9283
9397 5396
8932 1297
5511 6753
8057 7705
4383 7423
2900 8979
9713 9952
5778 3279
9014 110
1305 5764
9416 4971
3370 9204
3475 1236
2273 4253
2135 6019
8980 5143
5802 8064
6408 6053
4669 2363
4111 2037
9085 7823
184 8180
1834 593
3390 8620
1327 1870
1064 716
4142 7193
2299 2181
9090 6466
330 6805
5778 1173
8942 4856
9834 13
7039 5397
2040 2674
6408 7338
47 5449
8638 2362
4667 5078
9820 3470
4321 8727
1314 3073
5289 9057
2227 5659
9715 972
199 8701
9021 8466
3100 8239
8276 6403
8391 9281
7864 2422
1263 4404
9605 1997
6323 6386
8571 6841
9594 2003
1537 1163
2364 3466
8860 4031
5233 5838
1587 7434
1195 3998
2035 7881
1259 1726
5373 7674
6191 1430
2224 9499
9171 9762
2354 4634
7945 9860
857 5436
7576 287
2817 515
367 6533
6544 5124
1423 4795
9828 3290
1515 1835
8070 3435
8995 9093
5996 5413
8935 7070
2430 4673
7071 7136
3624 4107
3020 5929
3417 8691
3229 9084
3243 5685
6965 1887
7664 2403
8405 8609
4975 413
3284 893
4970 516
1468 47
7569 9667
8880 4570
9339 1634
7763 192
3113 6088
3979 3958
2281 8176
3673 6244
7361 2044
7676 5837
2789 3454
5835 4998
6131 779
2629 2838
968 3410
4575 3262
3706 8977
707 9264
5670 2215
6601 2488
926 5464
2311 7282
3165 4984
6897 2511
6063 1102
582 8432
9719 3375
6612 1667
1963 7577
8360 843
5762 8485
5103 3669
7346 8712
1583 3929
2713 1676
2693 9804
1366 4945
6099 2879
8129 7667
6491 5191
3763 5984
4503 2230
8802 7590
1664 992
9907 6770
1341 3468
8373 9829
8650 2337
1659 1791
6201 3244
3205 3109
3521 2716
7838 7714
8288 9773
3584 9300
7442 4494
9678 4808
6189 7755
7212 2924
6552 7214
8956 5818
7053 599
6077 9617
8931 7147
7313 6573
6890 2769
3754 8027
4238 1694
961 5035
3693 972
3511 7497
1244 4714
9530 847
8150 2989
5200 1383
6589 6541
6917 9332
8066 7423
4198 31
9079 9189
998 8806
4701 9418
3842 1426
2922 1141
2541 7684
5853 2584
7811 1757
1727 9478
710 6382
6543 7029
8378 8700
2520 4999
1906 4511
653 9171
3326 4330
9660 1110
6384 1690
7580 2175
8122 238
1057 2899
655 9113
598 431
4261 7516
8948 4412
4973 6619
8287 1461
2318 1325
8256 9731
4844 2808
4635 9215
8044 3996
8427 5493
4590 3542
1966 8200
2964 2845
8008 8271
3241 6972
5232 8882
6602 1752
3713 4709
9144 9463
2802 6210
8336 2253
2818 7534
3907 3505
7303 8539
4114 5601
231 1098
6805 2034
6564 9020
9190 354
6439 5704
5891 5843
1660 9237
8180 3868
6641 9115
5968 3645
7299 509
8049 935
8982 5413
7228 2037
6316 1465
7277 8614
3882 3872
3214 3626
8003 3745
7016 1860
4106 9914
1498 9273
1657 2182
2192 4640
5797 86
2374 3809
5319 6465
6232 5561
1800 8308
894 5636
8567 7691
3260 8313
3049 9802
8844 5658
5642 9775
6177 1405
2989 1640
5352 6943
7823 3823
3488 4268
6228 464
5616 984
9136 9671
6581 1809
5641 7863
8475 2814
9110 7992
1173 4835
6133 5796
2993 3322
8555 27
3628 4107
1252 9703
916 573
3991 6914
1058 8819
9148 4635
6054 4284
9919 4448
7868 240
1923 2320
9979 3906
238 9756
3603 6668
2962 9344
3270 1236
4746 4035
6141 4728
841 5606
6747 7357
8455 1428
9087 8240
9987 6
4064 7011
5761 7862
8083 1766
3874 229
5351 5664
5396 1718
4899 6480
8160 6335
9208 5503
2710 3002
5784 9393
1401 5845
