placement model: 1slider
width: 10
height: 10
number of points: 1000
8255 9690
8866 9884
4783 1963
7088 1245
2581 1222
7291 8158
9961 8250
4856 8233
1198 3683
2708 4950
4506 5290
478 2518
3712 7050
1282 6187
4505 5851
8950 1223
994 7400
6390 5860
2478 4862
5934 2478
269 5963
6477 4980
1030 2095
6531 5878
4413 4000
5122 6553
2900 4281
3685 2945
6480 2287
7121 2155
7263 8134
1333 8776
784 3596
8995 5176
1921 6019
7854 7356
5003 9820
5181 7873
4862 3879
6809 6212
9781 3679
1510 8971
92 4836
2432 8940
7721 4690
3303 9897
3173 1232
874 9314
4549 736
586 7077
9557 3195
3921 9027
3001 2813
5140 8252
1033 212
3256 16
9051 8972
3073 6901
1425 9500
595 1987
5842 9919
9443 8583
5873 8693
4905 8546
6535 1742
9589 8553
9807 3027
1360 5931
8994 5146
5252 3489
2620 5350
8220 4117
8657 9311
1311 9754
3896 5445
3151 5836
1554 6422
4663 5106
8634 3765
1670 7817
68 4750
736 4571
1640 5895
3680 8856
5043 1088
4696 6870
3938 5965
6597 452
8961 83
5994 1549
967 7258
1264 3608
6530 8494
4408 739
4743 492
176 9279
6189 5753
2485 9442
8801 2187
9749 6578
6530 1860
8242 9567
7602 9450
6460 6272
9167 6667
3413 6439
5228 1909
3542 1770
9392 6412
8316 8181
6975 6738
6998 877
9076 7704
88 9862
2005 8128
6282 2885
1056 2667
5981 376
9349 8564
4237 15
5387 2537
9386 8585
7971 5555
7571 9945
8365 1522
5852 3056
3609 4260
9508 6982
6620 4324
3723 4009
3071 4089
4893 5605
2059 9763
7003 5571
6238 1500
1062 7705
1370 6632
6453 2768
8278 7407
4976 33
9085 5698
4415 2514
1072 2155
56 3533
1087 4299
2299 9627
1844 9708
2280 940
3475 1022
8121 5940
6746 4856
8292 8123
9077 921
4009 7439
7308 1663
4162 202
5731 7534
6295 5822
7910 3947
2557 1273
938 4097
7196 6633
752 7687
3808 2080
6805 9917
4523 3705
2534 7291
3010 8781
7577 2793
6781 5209
4504 7449
5320 6173
5379 4027
1272 6687
9880 6957
8335 8592
2584 7206
581 502
8171 5129
7271 1035
5566 4146
7992 5636
8106 9676
2904 9263
7865 4683
6374 3068
2315 2195
4739 4481
8460 1820
2961 9790
8287 5568
9604 1218
8505 8124
1418 692
6298 7299
3892 391
6740 5876
5273 4876
8534 2630
9825 2893
2196 4848
6293 5396
1508 6212
6211 1250
129 7535
3796 4890
6623 5228
1078 3993
2246 9536
2187 3863
4834 2399
4416 3029
2853 846
3474 6022
7989 4204
2644 6074
1148 110
9142 6406
6029 3785
1769 6112
1913 9892
7318 5872
3891 3426
8202 6176
7421 6698
9061 8066
3165 1376
7728 5054
1843 3253
8396 9323
6618 6430
3295 2822
3743 8095
9470 1271
8596 5693
9927 5278
1844 4316
7006 9449
9955 5563
3239 256
2841 6588
8883 2332
6438 7230
6168 4746
2838 9067
3496 9818
9103 4723
9165 3198
5089 1975
539 4112
176 2212
1237 8800
946 4796
1351 9470
7306 1336
43 6635
5994 288
4514 8501
4276 6171
2097 9735
9779 6687
8853 358
6998 2711
8263 348
6007 5027
8979 9409
870 1340
9350 3961
3667 865
5651 8875
2725 9933
4828 1132
3289 6546
3228 3501
1358 3770
1301 6403
4900 8002
5991 5263
6464 9193
829 5837
3720 4084
940 3809
4411 2732
634 6468
7632 3516
497 9619
4613 2376
6876 8587
6870 1805
8384 4886
5938 2147
7497 393
3986 1501
6824 9156
6763 107
6717 9959
2796 2292
3477 2899
9587 7975
2895 6064
7105 2586
1594 1737
620 2181
483 9691
8835 5915
8664 392
8520 6110
418 7220
1139 9880
7490 8898
9536 9114
1510 1464
9319 9246
1670 8582
6063 4045
2251 1946
4040 2752
2987 4558
593 8626
3438 8020
2130 6732
1586 44
4059 7957
6463 1652
624 9060
9160 3615
8099 4890
6036 9850
6229 2230
9151 7518
7727 1060
5081 9221
9858 5122
6821 9097
4633 794
8517 181
8002 5634
7670 3224
30 7320
7654 4608
365 3642
8328 9996
2404 2103
5206 507
5591 732
2255 1846
7898 7591
7950 5905
9569 9746
2592 2679
9620 8575
1197 1313
5129 1996
8160 4054
6057 8007
147 847
1582 9509
7440 8767
6141 2386
5406 8263
32 1483
1621 7050
8920 2726
7617 1195
7867 1160
498 5598
3516 4925
9472 1244
3657 7684
2091 1348
4807 7209
7516 7792
9080 1002
5398 801
4592 7399
9318 8136
6915 5231
4017 3525
9143 9923
8240 5319
3821 3703
1794 7542
2775 6458
8554 6574
971 4376
2460 9736
3294 3966
4015 981
3281 5814
8843 2919
9527 1593
9859 2133
7826 1465
3937 4885
8036 3739
9501 7059
9093 8093
8442 4892
7459 6367
3276 3516
2778 292
1168 7434
3913 4250
6773 6062
3087 9665
8787 3506
4437 5598
8730 4570
9419 2409
6178 9522
9478 2618
2427 1390
6472 8645
4237 939
580 7293
1941 695
164 1843
6141 1806
9858 2233
3603 4957
6273 9283
2537 8219
9219 5196
5611 330
9345 3296
320 3999
1649 966
6250 3672
115 9695
9317 3161
8756 6581
8867 9559
5370 6619
5914 2517
117 1694
2054 9464
4829 3106
9255 9000
6629 7772
8964 7587
5256 1964
5327 2193
8907 1332
5396 8637
1014 9249
1658 1303
3240 5701
7370 3075
4505 3303
2464 6149
8597 4494
9961 2623
5838 3083
5688 8066
5392 240
9674 4632
7991 2882
8378 8641
2302 4190
2328 9188
2004 7443
1943 6529
5256 276
9378 145
1946 4872
1573 2713
501 5393
880 8394
7451 1207
2589 8661
2155 2057
2470 697
976 980
719 7270
8987 6629
1785 2484
9436 8091
8385 1926
529 6893
6064 5238
3248 8972
4374 9276
9370 8036
6675 7607
3693 2080
7732 7226
6758 9825
5683 2116
5078 1742
6523 5518
7959 7313
5448 662
4051 5161
9625 5849
5007 9193
9985 1697
853 171
4336 2405
1769 2622
1372 3425
4396 9579
7591 6808
892 8170
3208 6037
8558 1199
7201 8469
9791 871
1588 445
6622 8243
9615 4856
113 9192
6508 4747
3047 5645
814 4595
2557 6514
331 48
3413 3032
8814 5914
5729 4338
650 8687
812 6360
2267 3489
3861 1639
953 8344
2574 2094
5488 4954
5453 1425
6109 2359
5145 7467
3690 3444
7656 7590
374 1894
7755 1092
7259 3621
2301 8864
1278 6044
976 3302
8618 2860
2186 8687
1601 1977
7793 5458
4652 4492
3337 4274
2601 1925
60 9457
3904 5560
8222 2407
5367 7304
4457 7343
7688 3126
3161 1786
8471 3656
1258 2017
8068 4883
6758 9594
6708 8270
1611 3260
7958 5679
4458 5281
1320 9390
446 5697
3711 3508
500 6062
7493 4841
1566 8864
168 7388
8069 4671
9497 1109
3091 9192
1792 8402
9369 3353
8585 2753
6363 7963
287 8800
8722 4557
3964 7352
2573 773
8152 2656
5684 388
3792 7021
1340 740
2883 1571
2267 7108
1559 6650
6984 2615
4868 8113
5844 996
4461 9412
4420 1118
7576 6721
5238 9612
128 3052
7175 9297
4416 8611
8320 3911
254 2838
4491 2060
9619 4818
9163 9510
4394 5288
5828 6938
9372 28
2347 7396
8685 6373
9306 8156
8980 6017
2604 5230
9694 8533
4631 7018
2414 6631
106 721
8161 7078
1484 2573
4398 8232
5709 5861
1613 3710
7023 1806
9396 7872
4907 2193
1777 3850
4687 9584
7526 2334
9742 9488
7111 5719
1978 5161
6283 6366
3472 91
1321 9150
7997 8237
7733 8198
1796 3872
3837 6440
1387 9265
8047 1694
9241 4410
681 418
2007 7246
9400 8574
1343 7056
3924 9542
1789 7420
225 4820
5516 9281
3465 312
9731 3631
5427 5977
9196 9882
7418 1642
6512 1908
5279 9287
2014 3385
8695 7292
294 2896
6305 249
7644 9009
8673 2720
2825 5036
6727 7064
7337 7738
7449 5288
3 4359
1298 3339
4216 3561
8871 8855
2093 7337
5671 5272
3134 1829
5135 1049
8842 156
7830 8033
340 5060
2475 5249
7785 4894
5328 2381
5956 6715
302 3047
9384 7134
6507 2345
2261 9625
6730 8422
2997 8242
4401 5256
5497 4848
7026 1369
372 2213
4507 8024
5692 9455
9773 398
9388 6475
42 3169
8590 6178
4348 9874
6234 5587
8872 1754
6899 6044
2067 88
3575 2402
2366 241
6800 4596
5009 137
9135 7009
3610 5278
6226 3096
5911 7437
3925 7931
9576 1276
2925 8038
7337 3425
7330 7978
6648 3865
2141 5667
2797 2519
3990 5580
8831 4502
908 1171
854 6503
617 8721
4243 4965
3621 28
8427 1740
1007 3624
5883 6867
132 9244
7175 4743
4032 5698
7756 8866
8111 9512
5192 858
6047 3400
5180 9642
6110 399
1380 5480
8572 1528
9901 4962
9425 8532
235 5406
9351 108
850 3274
5441 2765
8627 8495
1623 8633
7195 233
3689 3043
744 8760
2849 885
9158 933
6841 4317
3568 8295
8578 7402
1077 8579
1575 7538
7794 3423
7848 6409
6092 2806
3224 1040
4963 2213
8887 8403
3740 6126
1048 9087
8775 1209
6970 7813
8142 5574
9975 8582
5898 9580
2840 7167
775 4134
3728 6642
6817 4012
1425 2037
1783 3273
9585 910
8213 2789
3781 8376
6435 4332
3721 5081
8075 9348
6330 6765
4052 9686
6840 7782
1382 8489
3421 7787
4240 2777
2207 6107
9685 385
8824 9605
3875 8172
4046 7254
2804 9313
8559 1849
510 801
1098 6389
4329 9656
204 5521
7108 7496
1618 8803
9921 1930
6647 7876
9380 8784
6114 1986
2375 5336
3684 8077
6454 7651
8732 7040
8260 9082
9667 3647
1610 4205
4422 3360
1082 3183
8267 6436
9804 51
5449 6195
6128 6322
598 7853
4454 7766
7613 8216
2012 657
9386 7525
2069 6324
1447 2232
9428 8470
1795 4674
4873 3574
8453 2983
8308 3845
7170 3148
9382 9406
1792 6501
5158 4264
3491 1965
5803 9842
1221 4835
4380 9157
4691 5259
2282 3786
7976 6653
1142 6746
3361 7779
9341 7930
5095 1452
3888 5016
9204 3228
9929 611
4411 4093
4400 8885
3733 1766
6973 438
1058 8890
9395 2837
5371 3761
2362 6736
978 7224
14 2293
5074 5998
5258 8104
5736 4966
2870 2636
716 8577
6268 8379
4141 4820
1114 6280
202 2553
3116 327
6733 5566
5661 97
9921 1601
7197 3654
3194 9917
2265 7243
664 5695
1428 402
7400 6173
4622 1258
6750 4463
6952 7098
3563 3415
4495 7511
7156 3222
7370 5577
94 8426
5216 2720
8969 2461
6589 6692
4492 2895
5593 3131
7781 7906
2108 7033
3231 4746
2683 9931
8214 4753
6877 2227
8697 3323
1421 2364
3992 4777
1145 4461
7692 8777
285 5729
746 2737
7817 6237
554 9810
9515 1079
4291 6084
6929 5356
2100 3749
3610 5020
4973 8847
5790 4424
8882 1838
715 6153
8774 1823
8320 2294
4984 3653
8284 3158
8800 4285
2204 5619
6532 4922
6905 5945
6001 2180
7660 8746
5701 7513
3704 5479
1086 3374
607 3396
1171 756
9319 1355
8894 4197
276 8098
2953 650
6430 1159
5234 2751
4644 8089
5269 4052
7169 3473
4979 4215
2890 4984
4446 3265
8789 7274
3018 1309
3080 8110
4256 2813
3257 8805
6553 8082
4249 7210
892 1557
1776 749
3441 9205
6678 5037
7389 8832
6382 1243
7593 826
3662 5472
2367 7437
1374 9450
1127 9335
7311 7457
8509 8665
9885 3577
4825 3013
6571 2019
3864 8766
1095 2652
1971 5378
2066 844
152 7195
8079 5238
4466 1627
6485 9760
7490 2751
4914 3035
6555 3591
6934 5798
1203 3390
1293 5218
4793 2727
3388 5505
5760 912
2611 1008
935 250
2156 8083
5240 204
134 4544
5854 35
4313 904
8333 889
7854 494
4278 9125
238 2921
337 9915
6651 4198
9484 9428
2502 1882
3156 8911
3534 3270
7283 3793
3438 3916
8800 6354
9322 7710
6670 8203
5819 4300
6706 4110
3165 1370
