placement model: 1slider
width: 10
height: 10
number of points: 4000
8350 7041
3809 5302
3518 8966
5621 8563
8254 8161
9797 3418
7186 5590
7668 496
3528 9684
2090 2273
5026 7875
2000 263
1698 815
2957 100
3436 91
2056 6496
1684 6082
7799 2565
6001 3006
7291 9770
2424 7421
195 5659
1418 3008
3875 4554
3457 3374
1917 7965
3871 7365
4041 4425
6459 2374
3503 693
3529 3256
605 6170
1393 7916
4519 8208
3871 728
837 4228
6966 5253
3666 3770
465 1915
7620 3174
1372 205
6665 1811
5205 7290
3519 5524
6306 1884
3217 5544
2966 7294
9065 2440
7753 6263
7231 9366
5148 6572
6247 8729
9901 5293
2334 5064
5959 719
6475 1750
7864 5567
2775 3984
1883 9682
9552 1996
6947 3366
1036 6500
4875 3457
5729 6758
619 1651
6936 9161
4247 872
1727 244
7197 2268
721 8732
522 4378
4975 953
4993 9781
6278 5510
9903 5557
125 4437
6225 1464
7351 4059
8527 2912
4903 5552
3450 7651
5263 9537
3014 9663
5797 504
3963 6012
2304 2324
7122 2250
7816 6412
243 703
3574 8819
316 9786
3394 3461
8952 4114
9482 3800
8057 8503
4758 3626
2479 4598
4056 172
249 3476
3312 8512
1953 3482
9762 7814
5253 8503
6728 3839
9395 1177
3550 1520
4165 906
3709 1179
500 8851
5480 8945
6955 885
5973 9199
5588 1585
6661 4686
4520 1682
1997 5741
5571 3672
8160 9426
4841 2258
7124 521
7220 5011
8968 9023
6417 5199
2130 6768
7253 4895
3098 1858
8691 9647
1547 905
7718 3641
7439 8338
7587 2999
3645 1546
2284 8896
6233 307
719 6462
3772 2593
3081 7430
4757 2874
7233 9439
4838 51
7279 3991
5149 5559
6970 4765
5133 6041
4920 4987
228 3115
741 1008
7610 2963
7852 8171
6601 752
7132 6929
6637 8208
1595 8506
7455 8100
1178 419
6805 1718
7653 8279
6614 4434
6736 3957
2304 8827
1423 135
7299 2756
2642 8582
7038 1624
6416 9555
3729 3115
8284 3236
7090 3593
6252 9605
164 6944
5812 1405
7350 7496
5249 5606
8149 7476
7994 1174
3957 5651
3460 7017
4165 7411
939 8913
2168 402
5517 6601
8734 8408
1662 8852
6973 8668
1983 2131
6488 2964
9705 5086
1552 8117
449 6794
8816 5159
6154 7515
1621 1046
2802 5531
6375 280
910 6716
2540 6148
4884 7743
4224 8774
4203 3705
72 1451
5043 7466
2073 9174
4719 9469
782 465
7855 6743
7368 5608
464 3821
6076 4716
618 8315
7805 9239
2554 6241
5902 7109
779 5239
4241 6330
7249 3606
2860 3165
4946 2901
9377 3019
3718 2084
502 8403
4246 6060
2076 2946
9204 722
2096 466
1454 5727
8823 2518
8240 5448
1329 1535
4998 3292
6506 2682
5976 785
3235 9816
640 3714
9917 4350
3848 3538
1502 3987
5313 4903
1600 4471
6863 8157
6854 569
3531 4661
7345 3287
3194 2536
1284 2967
4399 3538
2257 4735
8838 5084
658 58
401 710
2850 7830
7412 6775
7401 1769
7051 3557
6302 1748
3290 4941
6465 4108
3099 4624
9394 2046
7498 8617
1359 5995
9031 2934
3227 1582
6526 783
682 5688
9101 8724
30 5169
4967 53
4033 697
4875 9766
2962 328
7212 9159
6040 9511
1741 7312
1930 8301
5137 5737
360 9042
2168 5086
1659 134
8042 4943
5964 5345
2896 2419
1340 5387
9219 9966
1987 6364
6390 4804
3294 8948
208 9399
2300 1158
9728 4047
8499 1824
1678 3950
6403 4101
3740 2109
3288 6966
403 2776
7047 2227
363 1419
1801 3371
6960 6821
7691 9101
3250 6297
2275 8918
7596 1385
9203 288
1311 6185
3181 9402
9207 876
148 8076
8432 7114
7527 4893
9847 55
298 3108
6525 7953
507 9183
1486 8288
3205 8215
2812 6660
8095 36
7798 7827
6456 5386
5689 7842
9901 5588
8793 2153
3837 4373
3056 1507
122 6205
2320 3799
7118 3089
9109 897
5541 1480
8955 426
3857 4368
4037 2204
7351 4318
8222 3082
4680 7642
3494 6336
7552 5181
5235 2748
8508 5759
1688 8780
3287 9042
7399 1653
5936 9962
9151 8049
5824 8929
2349 7074
6781 5839
8539 1184
2429 7142
4006 4746
8559 8780
2013 2282
200 2698
1115 6678
7539 4223
3196 9834
516 1231
4698 960
3639 1864
3960 3038
6176 5375
2009 4387
6062 6790
6266 5424
7182 5660
7968 5004
4896 1655
9542 8880
1992 3518
8971 2345
4887 3447
9762 9620
3029 7667
2575 6734
4031 4261
7230 2020
2411 8731
6554 6912
2176 7204
6073 6893
2968 6442
4603 8267
9699 1352
8458 7134
9242 7046
3121 871
6192 5249
7703 7612
2847 6703
3172 8175
6098 2891
3059 7142
41 3834
5194 7111
8102 4283
7848 7794
3254 3008
8720 5852
6878 9665
2559 7876
5438 9292
9052 8185
941 2107
5202 821
9873 4095
680 8231
3993 7186
7271 1670
3854 5801
7720 5099
3886 6127
8966 6966
5799 8431
8732 3043
5913 6223
7503 4385
6753 1795
637 2421
9201 4070
6360 4177
6609 9821
3400 6644
9242 2404
277 1795
5613 1011
1492 1126
473 1409
704 312
3497 3776
9500 1386
1088 8391
1632 2847
3934 3709
4766 3388
6718 5230
8631 9380
8667 3018
3339 6240
1291 1735
8420 2851
9448 8073
5891 5557
7380 160
7235 7709
8388 38
1413 6804
501 1210
3100 9265
9010 707
5163 7374
5131 3215
5020 2553
6803 9092
4221 8969
7631 3972
269 6397
4696 2374
3241 252
2128 9815
3792 6746
7868 6361
8480 7999
7541 5544
4710 4496
8490 7913
3897 6410
2932 6277
3249 2014
3804 2566
5833 6055
9617 4795
4777 1195
6316 8438
6070 4334
1821 2237
9203 8527
5865 3060
6161 2831
8930 5158
776 8981
9014 8144
2971 5885
7615 7675
9251 5109
9432 5595
8931 1859
7152 1499
3572 8689
9445 7446
7506 5149
6944 9274
2865 1064
4395 2961
3807 11
2445 2701
2029 1023
1873 5435
4118 6719
4999 1456
2102 8901
426 4594
8511 8913
8817 1802
6359 6754
3911 2665
7456 2029
9905 6131
6163 5304
9649 4691
692 2763
2394 4138
1848 2382
2131 2706
3041 7824
5704 447
4978 3220
4625 483
7717 4705
7984 1483
8270 3834
1019 5665
6920 7104
4712 101
2820 9907
7098 5211
6195 3003
4255 5921
8421 3548
8018 2483
10 2149
2001 9798
6368 3769
2066 7275
8211 6045
759 4391
612 6588
4095 4921
2220 6483
1778 3888
2868 5318
9452 9115
467 4574
7628 1923
6875 5094
7833 1053
4160 7287
7560 8377
9091 1508
4482 2971
4496 1884
2730 4434
6681 3674
9957 4265
1562 9340
1224 4595
9409 9989
192 6671
2916 7611
6169 4974
3714 5873
7682 6998
8614 1320
6559 7601
6043 9578
742 4721
6556 6695
1016 705
2308 8230
7907 646
9667 5274
2020 2196
1275 7357
6231 4698
8929 6716
4146 4866
5032 2750
4326 155
769 2324
2895 6470
5508 8505
3398 7096
4502 7986
9960 1346
4298 9823
1808 959
6468 3965
4624 9236
1122 5098
3119 6369
4532 121
2579 9983
3772 8580
8116 3054
9955 2851
6938 1909
4915 1619
7207 3457
5806 6136
6176 1971
2730 9843
4354 2370
5369 7517
4917 3555
7298 3949
6188 6120
8263 3944
1048 7217
9927 3399
6754 291
2189 6678
5950 6059
1757 2398
4950 1833
6140 9453
2079 5859
4167 1150
5263 1923
1553 9918
8840 3120
7070 8249
7243 1703
5867 8758
8181 6348
5659 4018
5578 4201
4702 5394
8698 3246
9289 4748
3592 9934
1004 2743
8597 8518
5974 8788
6618 4715
939 3802
9077 4886
3952 4177
6820 3330
3065 4435
8635 5466
6953 8591
4194 3956
1465 44
7639 8713
5113 1662
9981 2439
4695 7774
6343 5023
7114 3042
7314 2379
8764 3396
4302 5287
5144 3446
3996 657
4947 9125
2527 1604
7382 7
6760 4287
7187 2258
4254 767
7175 5296
1888 21
9022 3477
6387 8034
9611 7836
1762 825
2527 9539
4569 9956
9793 3348
7811 4284
2836 709
3567 6984
5708 2726
6382 5351
1832 4978
7428 5127
2072 7575
4806 3638
8617 9524
8921 8758
264 8954
313 5317
5024 1313
7991 5475
603 1978
8766 2012
6406 7496
3156 1393
9956 1466
5649 4743
1477 1707
1827 8653
8673 685
3651 5548
9402 8375
2782 6778
3708 8189
8085 6432
6827 1102
3948 4884
7350 7718
2981 3633
7979 7106
3969 4511
9002 3262
3060 6885
6446 2289
214 154
3130 8501
2744 8343
1907 4339
3588 5215
7499 800
4411 2494
1594 8454
6699 3389
1358 3336
2864 1626
4745 2584
3691 3176
717 6072
7788 19
1013 4260
3983 6940
3131 1272
5787 7007
2547 5618
7654 2545
6217 7654
5086 9402
6131 2066
9309 4933
7643 9006
2874 9290
403 1488
6927 6468
1116 9578
5215 2982
5066 8340
1272 5074
3420 3537
8 3114
8904 3819
6899 5190
6987 6754
7565 7301
3899 8291
3577 9099
4595 5103
7315 9364
8559 1682
7094 9283
9475 7229
132 9724
5988 7635
4117 9550
5951 7435
6810 6779
2081 9922
1655 9788
7624 2300
3392 8475
3200 1475
7064 4933
8998 1131
1750 5340
8438 3135
1958 8881
9533 3347
8191 9516
6557 4713
1331 5403
9261 8709
6982 6124
1212 1102
3734 9328
8107 9495
7015 6820
2447 6891
124 7446
4415 3274
6347 5534
8636 6737
7304 5469
8616 6156
3179 2895
1243 8804
2718 5627
5722 457
1222 4847
8577 9708
6558 1831
8584 1125
8149 8523
4697 294
1041 982
6555 6752
9499 7374
7673 2534
1264 1739
4957 61
9033 9831
3803 1384
1045 5453
8591 4596
6509 9917
3407 1642
1132 1538
5031 270
9775 1303
9515 2761
1063 6980
2257 4969
1661 358
3283 9162
9302 3137
704 5331
1280 2754
6975 1863
2343 2001
5210 4976
5106 5881
3525 4629
3968 9355
5267 810
8822 9872
3057 2345
4986 6829
4808 2297
5769 1830
6158 279
7296 3201
1353 738
2748 3939
8544 9435
5289 7972
857 8309
7614 1795
1652 5834
3758 8200
4514 8102
1770 7115
7104 8575
7780 9938
6235 3928
9477 2008
487 4062
8631 2262
5186 3835
3506 5219
9149 7220
9860 5969
4549 2046
6710 3219
3989 1439
8572 3749
45 2645
7803 3155
5174 2169
8449 3275
1274 2218
533 9630
8312 4041
3129 7742
7809 7720
1564 6888
5642 3732
6306 9449
6987 9226
7341 1206
9725 784
2874 5526
4295 2475
6688 3725
864 9160
8744 6286
8006 4909
1751 9710
4730 549
6770 1341
7267 9699
5594 3918
2904 2866
750 2123
3002 2195
348 2657
7300 5332
8826 4925
8291 1836
112 1390
5878 4135
7944 6132
4716 5071
6714 9248
747 7394
4820 5903
1328 3470
9275 9291
1188 9923
6018 5277
70 3336
5117 4988
8880 5293
9423 5639
9498 8971
4437 8283
8901 3899
8661 4653
8759 3679
1116 8811
5031 2660
7818 6971
1850 8157
6381 2751
7011 3336
8029 166
4069 6526
4031 1393
9422 4940
6950 1789
4440 9936
71 1867
7656 5950
127 6747
8588 6279
7673 1958
7926 6269
1817 2870
6645 732
659 5884
3560 7830
926 6923
5717 2835
5437 4558
6422 2049
8721 6085
3065 8087
2794 3343
8569 271
9147 3850
6265 4296
389 9698
7831 2529
6287 5727
3376 191
8708 714
5676 117
6129 3554
1762 7548
6902 6785
3445 1045
4426 3524
2166 6964
3459 10
5131 4448
8718 1698
6515 283
6823 2440
5139 2933
4121 7793
7142 732
795 4868
2743 6928
6590 1027
8977 157
256 5552
9697 8123
142 1194
2581 6090
3858 3199
8218 5916
8911 9965
9204 7512
1510 1208
3678 7453
3113 4941
7523 8414
8910 750
6568 3279
5765 8784
7408 3608
6883 8446
3336 1287
9639 9496
5367 1696
4684 7332
5199 6562
8173 9717
8795 9047
4570 3408
1477 1662
7812 7681
3415 6022
1196 1562
9447 1884
6123 8793
953 4779
4266 5957
6269 8602
4620 1495
709 2365
4921 6281
835 2808
5547 3795
6378 1058
475 5161
811 373
1529 5938
1908 8521
4932 351
5956 5386
8199 9586
1705 9795
1321 4440
2863 6540
7485 1146
4955 1636
6298 8171
9040 3099
102 8333
4653 8376
2514 6273
4512 7389
9460 4490
6990 3501
5706 465
1533 7221
483 4616
3391 4357
7466 748
3120 7308
8934 3608
4912 5562
8517 8254
6166 2651
4462 5119
619 4578
1838 9977
7130 7345
3854 3244
9074 7984
6679 7618
2579 7482
7540 314
5371 2728
3871 9993
9810 674
6565 3556
6602 3604
7649 3610
7844 9122
2126 4277
5495 3612
4351 4797
9652 7958
5702 9785
2963 7950
6968 9394
7664 3317
543 819
814 3918
4907 7452
7447 9189
8794 595
5705 7243
9692 5850
2986 336
8631 678
7369 1985
3864 9644
8052 7018
8516 4633
9408 3168
3195 5932
3623 4190
7641 2652
2216 121
5318 7449
3277 6237
5772 3375
1290 7879
7604 6782
5892 7749
3611 4900
2470 6282
8565 1117
8183 8146
2836 5
7811 3133
9529 4630
3596 7041
3264 7462
5262 6712
7862 2561
1928 4583
9618 3512
3195 6668
608 2690
6855 8686
6841 4143
8496 3897
820 5649
3257 2579
5087 5152
8603 7627
1112 6480
9106 6991
3955 8736
7477 5067
5343 9955
6012 1986
63 959
5652 5619
3366 5254
3101 1338
4607 523
516 3738
1019 8840
5539 6735
2248 5760
1936 1465
6710 9146
7063 7323
9527 814
9500 47
4510 7126
1881 5577
2596 2524
7435 6098
1292 3949
1148 1117
2423 9305
688 7930
5024 3055
9211 8823
737 7521
8984 3506
8054 7248
3608 1009
2844 9728
8510 3231
2192 8245
2309 1517
2412 3225
2354 2758
6226 7867
8235 7874
2571 7299
3925 63
4131 7241
9043 6125
3885 2140
512 3097
6525 8823
1517 303
5555 3471
3917 9161
5266 3372
4045 9142
732 2081
9580 9834
4214 5927
215 1982
6901 2875
7985 227
2101 6925
458 7524
3173 8769
1704 5367
8017 475
6310 6502
1 2933
9386 2968
1430 1183
6266 6449
8042 2134
5556 7394
9293 9311
6454 8280
8704 8049
4605 7780
735 315
4243 1155
6776 3768
2190 8151
2694 1476
1629 4608
1295 3304
2579 9221
4272 8837
7872 4539
9727 8139
2900 7795
4628 1902
3498 5443
7726 9014
2507 2694
1884 6368
1731 4943
1042 9338
279 7395
938 3452
9749 1407
3097 2286
9667 3781
2377 4984
1517 4043
2120 4811
114 9933
2393 9174
6356 8016
906 2179
3346 2489
7576 2687
4876 8873
1034 6735
1197 7526
5146 4268
1279 85
7081 6216
8100 4980
5441 5945
3157 8777
4939 1056
3947 1284
7964 6081
3994 7771
3671 7604
538 5179
9501 1229
6154 8698
9716 9664
7569 1931
1908 9677
266 6095
7601 5036
3202 1384
4414 8667
7304 7929
5018 1815
907 8066
4693 5354
9606 8889
9797 3895
7766 269
4235 7717
333 9635
7574 6673
4557 2399
3859 419
1457 6937
5707 826
999 1856
5815 7911
6614 6244
7061 7404
2995 297
7828 6647
5224 7052
5379 8228
7112 2196
7605 5485
5856 8319
6974 3223
3360 6964
1772 4935
6275 5990
1543 9091
365 901
7684 4083
7116 5731
2959 4554
8064 8887
3173 5707
3717 2542
1796 8928
7452 8451
2117 7682
6447 8507
271 8789
8431 5231
4190 1555
9156 1223
772 5246
4636 2799
7545 1159
1719 3629
8126 8802
8640 3790
1492 331
3639 1091
9997 2156
8428 199
797 5285
9695 7621
9750 1614
9610 8503
5087 6072
987 2646
2801 5868
8451 9483
9965 8486
8866 5884
3290 5627
2798 6377
5521 6022
6695 6438
6567 1989
9217 1267
8228 4076
762 3785
6085 9197
1552 6039
3916 2358
7078 2361
5060 461
1150 2285
3735 3905
6488 8687
2435 1915
2561 8017
4677 6414
5729 8606
6519 2023
1233 5786
6604 9870
2140 7703
1438 3672
8222 2099
7907 538
8748 2149
2887 5031
3011 663
2755 5098
3133 5910
9014 744
157 4587
3348 9266
2915 2418
2259 5838
6160 4463
8712 499
5151 8794
787 4528
5660 1803
7259 9969
5709 91
7752 776
1463 6708
8048 515
9920 3752
5233 6964
7448 9847
3059 7797
8838 8414
1950 2240
487 4774
9652 2024
9793 1153
5363 881
2657 2079
7115 6623
8509 4795
1173 1358
2320 8402
9538 5652
7229 5135
4476 5320
7638 3563
3857 2923
5000 8815
8500 2522
9426 9116
7501 5368
5258 4925
3465 2176
267 5645
2006 2639
1060 3554
3831 9824
4683 9799
270 4810
1910 2893
7042 6311
5268 1097
6761 8038
5754 2668
8384 1229
3780 2271
8589 4421
6985 8418
5581 2278
2857 7373
8297 7575
1819 3570
330 8905
1881 7035
7331 536
7546 3991
3724 984
4093 9149
9482 4495
3256 1245
5690 6937
6365 1690
7088 7896
3779 4996
8050 169
9371 1127
3982 1973
8190 8359
9977 9162
4576 9905
6741 7987
2069 5054
9678 1356
6826 8353
7153 954
6972 6760
2571 8415
310 557
5526 7896
7476 2181
9576 9276
7048 7504
2245 9735
8794 7424
4108 9891
6860 5133
5777 3643
3194 3200
986 9939
4683 5515
1944 6412
6579 6897
9521 2412
8701 6411
3021 3666
6143 2912
894 4751
3505 4739
3991 5275
4010 25
83 533
5912 8785
9440 3192
6759 3068
1994 8000
7545 3510
127 3375
2926 7470
1560 5897
5831 8962
4329 1495
369 4266
221 835
418 5242
9833 3691
5078 2261
6564 1590
2244 9109
8821 8087
8575 6047
6097 4577
1434 7842
557 8176
7525 588
7298 9099
4032 4993
4665 125
3402 383
7051 4021
4926 4343
9247 1132
8405 4793
2709 1800
1095 7469
6016 6955
9313 2712
6240 8145
5815 5205
9754 5192
6267 2191
86 4932
3987 560
5608 8929
1771 4254
6296 3372
9220 6341
4700 3664
8877 8457
2464 8204
4037 8594
7428 3643
6209 4217
7063 9196
4669 1683
7282 768
4272 2480
9534 7676
8175 9346
4945 8439
6000 7970
5464 5051
2158 6614
9505 8357
4930 7131
3410 7635
4425 3955
3256 2742
8923 4582
8779 1782
2863 7468
9270 9568
1553 7610
5830 6521
1904 1691
1264 6494
9317 4442
2829 8525
6291 3571
6690 8477
8608 1881
1581 2168
4 3994
501 5152
4810 5921
7806 636
9097 2578
984 6936
4842 2566
6850 8941
3468 9732
7765 6844
4007 1452
9881 4081
6802 9985
8433 6678
6293 5831
9337 3438
9129 658
394 4902
9435 9609
8082 8928
3421 5891
9067 1110
5979 5636
4164 5929
1008 6602
719 8170
7821 914
5271 5116
8380 806
280 7848
7201 9639
9168 3192
4858 3273
9120 6280
3385 25
8510 9575
8113 3430
4379 7903
5253 7424
671 2635
7759 6830
3018 3711
8050 5021
1241 3310
5227 3970
4394 2518
7198 7007
2827 2603
2949 2672
8603 9196
9236 1358
2387 4414
1660 3779
383 9154
9888 6850
9509 995
9905 3925
5509 2058
9593 3265
2773 590
1789 78
748 4312
5923 1472
9251 805
9296 3278
3040 8655
3284 3659
9145 2921
4132 2113
3528 9655
7333 5896
3721 4528
1860 3668
4541 450
1261 2872
8534 5554
9966 9792
4694 4940
4025 4038
4253 7007
1114 2776
3607 1526
6813 6073
491 7604
5489 4970
1134 4126
6852 9097
876 7707
1420 794
5209 1828
6016 832
8219 3937
9201 1195
9159 6755
2780 1560
1813 5383
5361 6261
2313 1035
3894 456
1986 2650
1440 9306
5649 7273
2262 4422
9436 4580
7771 2115
7344 5780
8389 5783
9466 6181
5815 405
3894 6055
8967 8269
4619 6113
7248 7239
587 7145
2773 7333
131 7021
866 4038
9086 8381
9205 1196
2103 6728
5257 3530
6449 1753
511 1880
2404 9394
3374 4098
7437 3329
8581 2226
7529 2011
7107 7806
9995 5437
5728 5642
2769 2038
5164 5577
2498 9457
5253 5991
6184 8193
5588 6507
5456 1827
2257 4412
1601 6817
890 6017
4724 7962
102 3753
5892 5707
5102 3288
1911 7785
2689 2360
3231 9430
8579 6578
8453 3643
2189 3841
7092 1382
8538 9953
4603 3335
6988 8598
5190 8253
5323 8762
2248 9192
8731 5178
4864 6155
9125 4391
5065 7951
1120 4539
710 7956
3147 2517
8193 865
7829 1104
6510 1846
2958 2761
2565 9378
4228 9715
805 9457
1670 5535
9260 4665
5966 6169
4080 3962
3541 7045
1563 1216
7301 5030
3093 2020
2866 2701
5975 1787
5592 1895
6263 2305
3310 5826
3104 2191
5128 7766
1004 6840
829 7381
7634 4473
7267 8361
7435 731
7703 1798
9821 4130
4032 6746
9861 940
4458 9275
4049 4116
239 7601
852 8784
5431 1525
2106 372
37 1247
4115 8570
2218 2791
3848 9093
7915 9221
5526 814
315 7074
3470 1757
1633 8544
1116 5241
9111 9952
3476 5297
428 6401
6321 9931
6706 931
3154 5427
1543 1047
8916 1938
1958 8006
1813 5113
7449 6464
823 6355
5156 6664
89 64
8982 8796
7272 4375
6757 3347
3494 5479
2449 7175
9051 5523
7430 9307
362 691
3264 2907
7179 719
71 1266
4037 8745
6428 4393
4680 2306
5621 1719
3410 3458
1339 4651
9088 4325
3800 4957
4943 2099
1558 996
7316 6560
142 9930
7613 7450
6405 9960
1354 7707
319 3396
8941 4570
8874 6506
7114 1913
6157 9708
6205 2054
7123 4395
3604 9185
6319 8629
7 2100
7737 6115
8070 9740
8310 982
5728 4268
1200 4064
103 3535
4899 864
9539 2026
4594 1381
2552 7089
8164 3381
914 247
5773 8863
4112 9227
9277 6800
1417 593
2954 6707
8451 4783
5646 3901
9753 4598
8908 7093
9580 1488
960 1867
2297 2332
4617 7253
6828 6595
3876 9641
9879 5299
7113 8457
2638 3351
394 8169
7724 317
5064 3287
5058 3652
9214 8534
249 6536
7588 7018
8363 9650
2105 2928
1514 7981
5682 2094
1013 2347
8674 3829
65 894
5697 5423
8431 459
5273 9315
7019 1605
3967 4461
7139 2136
2201 9012
4697 7888
7848 2819
6258 9854
8548 3328
7526 1686
7621 7186
8220 5592
2316 1475
9590 7159
262 516
9829 9006
7686 7382
3656 7751
1773 5136
6877 488
2451 8984
4761 7897
4690 5831
6369 3640
3968 5556
5246 6129
9509 1478
4055 4255
2421 9967
2545 3710
2664 1517
2888 2371
3572 6943
5387 5666
9838 7829
7992 5840
8954 8730
2672 2375
1344 412
2396 19
2928 479
5426 7273
2089 5627
7222 7489
1650 7792
6002 6862
4574 3127
3742 2381
2903 2517
8149 8238
5131 6965
1175 7524
8619 7776
8687 432
8947 640
8207 6224
2714 5283
1749 3245
1386 5930
5867 1479
5845 5513
911 4410
9608 9183
8061 3081
4549 3405
4162 2201
3518 1079
8263 3025
5926 4527
7812 4053
5231 7998
8957 1967
9941 9649
4072 6443
8850 3454
6312 5593
4797 8003
8505 4271
2827 6628
7784 5036
2883 2216
2742 2599
7346 2882
4943 7363
8843 5485
335 7994
7983 8501
5579 4109
3449 4844
1836 3566
3473 5709
8802 2498
419 1249
4815 6357
3044 8350
237 582
2411 2861
3842 562
2248 5598
4144 8694
604 3981
4683 6445
8186 5197
7887 7502
3768 4755
8995 8583
4113 7186
6185 9436
4002 8979
6862 3248
4556 8838
7512 5713
9425 5631
864 4609
7540 6224
9840 9118
8042 7547
8468 6563
6719 3034
9156 7639
5785 8651
8973 7643
9812 3985
7184 4140
5885 5840
369 6638
1145 9327
8390 6702
5548 7941
1749 4179
8615 5313
3454 4022
2703 7319
7234 6585
6135 385
4979 4040
2026 4952
4710 991
2436 3570
2994 4077
9234 9404
4320 4963
2026 4636
9439 5746
345 1454
7477 6019
6977 6023
3386 8463
3406 1504
9500 560
1709 3642
4876 2315
5018 3299
8644 5932
4426 1497
3102 2138
6746 3398
2500 9728
8899 3329
5487 7841
6993 1700
8551 1879
1039 5320
1752 1551
3041 7194
8531 8777
9952 4396
5531 4632
6819 3436
8478 9468
4644 8502
7315 1063
34 8077
9735 8369
1005 9867
136 7650
3797 5567
5192 7521
5678 2192
8914 7089
296 1312
3028 2097
5254 2313
8229 2673
1394 2633
6712 4112
8696 6758
6444 9846
9270 8574
8740 5671
1590 5768
6883 5183
7075 5594
1433 5747
6243 295
166 8070
3550 8842
9520 9193
8393 2964
5811 2463
9775 4383
3974 4003
4171 2510
6752 6160
3999 4549
1188 5972
1091 769
6344 5176
1591 1023
3491 9290
1342 5025
841 959
4758 4670
8192 3168
6651 7186
6630 6607
1650 5171
2078 3365
7053 1077
6356 8408
5645 5480
7491 6828
7480 9072
4329 3066
1391 1075
7200 9980
1136 5960
9647 2930
7247 6696
6882 2921
3831 1699
2850 7894
5253 9664
89 8932
3791 9937
4413 2887
3286 7984
6743 4966
3817 3780
4652 2891
4001 5748
3004 6195
361 1666
1922 8882
4639 9494
8424 7718
1424 727
1718 2976
5153 6418
5326 8524
4245 5233
3332 7464
3034 4961
7500 369
3596 9234
9617 1671
1276 1296
8727 5863
5866 7434
376 1976
4953 5042
5064 7732
8334 8004
9136 6198
4268 5982
8520 8808
949 2955
5974 3932
5846 21
6335 1779
4080 7733
6192 9267
7948 4957
7938 3178
4234 9698
4988 3430
6957 9814
5130 6131
356 1359
1591 6940
7215 8995
8886 8965
5792 5402
6311 4331
1683 5405
2727 2863
1514 7040
6043 280
7957 3090
4100 7890
2268 86
816 3906
1454 930
1172 4480
5533 8392
350 5495
8913 7741
2593 9614
8020 6012
5567 5097
6249 6104
9511 9326
6081 4895
3063 6504
7055 5028
2486 9460
5761 5846
8940 2209
1907 310
3972 5159
3944 8844
3686 3125
2006 7522
7392 3256
8715 8400
3737 3871
7753 9279
5279 3621
2909 1002
284 4404
2644 2494
4556 9311
1063 2208
9820 7539
6998 3263
1221 9677
3094 8770
2171 8853
3928 667
8975 1732
5099 3711
8909 9646
716 5461
4831 3852
4455 5235
6182 546
3759 5066
7868 3172
1312 3730
3528 7532
119 8868
6645 5880
5997 945
7637 8967
7053 6892
9818 8795
3263 9866
7278 631
5469 6114
2235 7794
6070 3202
9967 3687
943 9894
4731 2399
2650 6767
2755 3582
6334 3318
5148 2695
2300 7682
3151 2661
7477 8165
4242 7804
216 9247
6304 723
8949 1981
80 3516
4316 8463
1706 3966
9721 7293
1572 4707
7035 9481
7551 5359
4129 3895
9664 4285
3678 8571
8575 7611
6042 6121
7655 1787
4829 4713
9207 7299
2047 5858
7803 3519
6534 2878
4337 3529
8957 7853
7510 2395
8449 5569
923 9581
2303 3330
7572 7731
206 8811
1078 1477
6574 8374
9363 369
861 6771
1609 6877
1862 9539
5133 6442
8226 8882
1629 8063
1962 2710
2680 6955
7000 6332
6703 990
9347 614
5418 7898
7122 9008
5461 9625
6313 9745
5104 4623
3666 1018
3561 4782
10000 2146
3383 135
2782 6460
1076 7016
9281 4115
9581 608
9043 4618
1297 2380
7506 38
5495 3982
3530 1798
4786 8531
6248 1769
8506 945
8835 6087
5250 7337
9428 9226
8337 5697
1062 1447
4141 1727
1143 6032
7764 4022
8283 6898
5918 2461
6292 8675
909 1970
3491 8218
3056 657
2895 2558
3010 5908
7604 8676
7966 3931
7350 7137
3137 3601
5896 2644
7672 5592
9638 6682
4553 8228
9801 4154
4939 9970
2247 968
7329 4779
1746 3485
6993 2992
160 3556
5352 5054
6221 1908
8734 683
6742 4836
8054 9948
8324 8884
6594 1024
855 9036
1346 3495
7547 5102
5814 4743
4127 5371
321 1714
7986 8357
3214 9712
4111 4544
940 4256
8339 8235
9711 4158
5905 9774
6328 7087
2482 7256
5667 6765
2425 9131
8017 3186
60 5745
3882 9611
3372 7306
6472 2530
4431 9571
9290 3107
3530 1151
2927 964
1754 1648
2025 880
4156 4190
8956 892
183 2950
1857 550
7446 5196
6611 5609
7317 6694
6928 2974
2666 3691
5367 4877
2633 727
8211 2983
5578 10
3629 9327
2803 1962
2926 35
1739 4330
5278 3979
6176 6634
9648 8822
1448 9517
416 1753
8691 6120
929 5790
1094 3823
1235 9478
5506 827
9286 9957
8671 6080
8640 6691
3964 3770
6660 4026
9419 3287
4774 2799
3922 9762
9220 7779
4200 3969
989 4593
512 1879
4214 2571
3455 5368
9879 8232
1079 7952
1172 7381
7772 159
2643 3802
7229 2157
203 751
6680 1244
6172 2962
9093 5812
9755 5918
4979 2549
8900 915
1082 274
7527 4593
9457 2273
710 6398
1228 8140
5248 4297
2646 2929
8118 3791
4886 1874
5673 5501
8584 3551
8304 2565
4440 6802
9520 8476
4302 182
4477 4514
1119 2546
6465 783
9963 4057
5992 466
1156 6954
6204 284
4282 5116
9538 6152
1241 7586
759 8884
5398 3614
8768 7959
9370 2454
5245 6826
7727 4925
4887 7200
3709 2128
5264 4678
4582 1191
1948 1265
1325 6706
6630 9860
924 2141
8726 4680
4042 9015
4041 5039
9504 8971
1644 5630
2909 9371
5324 678
9163 8709
1975 7344
4824 9152
3875 6594
73 5682
1964 1956
481 5170
7876 4057
9129 5848
7790 9440
5339 8184
8399 507
3882 8320
5809 7382
763 5321
5354 5837
6243 908
6316 8769
2048 721
2734 242
1321 4979
6510 7159
4193 4725
6897 6023
8391 1215
6229 707
9877 6946
8537 7738
1744 7513
6983 7965
4523 5484
6688 8591
8939 2198
9670 7377
9933 2723
3600 5422
6031 9657
4210 8790
7416 4790
9040 2978
7937 9801
7958 6522
1944 9543
2921 9829
9076 9498
1846 591
8705 2400
6117 5423
5476 959
7278 71
2610 7772
8640 391
4779 5959
8748 3463
8013 209
7821 53
5493 4574
3326 3186
4278 9930
7402 9883
1996 5134
9020 3906
6800 4387
8059 7095
8915 7754
4828 6924
8098 5588
3616 9056
8510 2284
5329 3543
659 9360
5185 5260
8103 3149
4455 489
1473 3868
9742 5867
4229 2374
5717 5610
390 8595
1841 232
3401 9261
7532 911
938 7667
8083 2258
9454 5812
9359 2863
2794 1862
3850 5493
4472 1724
31 239
2508 6581
7573 3767
8347 5938
7050 9335
2413 5564
9409 8560
4675 9743
4098 6466
8440 3447
6945 4479
8780 3729
3822 2262
5768 1660
5254 9233
7347 2278
9967 5694
5295 4920
9653 6322
9360 8234
3387 5566
3222 3416
9623 3215
5111 5692
7633 8253
8193 1617
3856 2003
7168 9174
9574 5916
3058 8074
2733 7058
1678 1341
9167 516
9123 8995
6964 5736
3834 3420
7852 61
7793 8848
8602 4260
826 4758
7785 9953
5580 8735
1054 9517
6458 4146
7612 8594
2522 7430
5896 3174
4185 2249
242 2974
9762 9055
5567 2011
183 9034
8401 1052
717 5081
5828 8617
8837 6572
723 9035
6146 7716
9489 8562
7471 7433
8446 8943
940 6110
6795 7522
554 260
4008 4077
8145 6004
3058 5447
1102 865
2781 6351
2315 3513
5990 1017
4738 8584
5523 3966
7085 3540
2964 2037
8468 2242
653 6964
8584 5341
9841 52
4025 4412
573 7564
6897 2407
5027 6214
328 9665
6642 8420
9258 5887
453 204
1983 4625
6645 1307
4802 8504
4083 4035
3667 1689
9138 9924
1654 2662
4377 9340
4770 1685
516 8995
9224 3843
6875 5190
6779 3789
8069 109
3288 466
2175 8292
1925 1721
3189 5831
7297 438
3528 6353
1872 6196
8598 4841
6997 3462
697 5590
5068 5218
306 5323
743 4445
9434 725
9951 5039
7182 6171
4165 7346
8890 8787
6287 5654
5475 1868
7583 8383
9653 6520
2654 3224
132 1441
4224 528
9221 9922
6838 6895
6613 1831
1892 8463
1816 6955
5539 8214
1590 9052
114 6947
1903 6910
2871 6294
1080 8517
7649 2260
2428 923
6865 433
123 9390
5552 7691
4920 2851
5582 1017
9321 8309
3924 9689
2382 7059
1612 5763
9394 6574
567 4944
3528 8409
3522 5889
4447 4538
8873 7753
1621 108
3158 367
7432 4089
9260 9636
2454 8130
4234 3401
3459 1425
8771 4008
6764 6820
1855 3794
4028 7315
3890 1462
7857 1348
3443 9380
579 107
6129 2865
8242 7431
6739 6800
8121 6154
3981 5471
3907 4426
51 1339
1928 2173
494 404
2208 3830
3965 1637
8609 2076
4261 2558
4508 8243
5561 8595
9477 8361
9818 7892
5953 6267
4333 6884
8198 1805
442 2568
5646 9820
3265 6890
8006 9222
6003 5190
5156 6699
3675 364
3291 4945
7329 4213
8176 9371
2132 4711
2513 9707
8428 7994
6110 2485
4734 4155
165 7626
3788 5411
1840 4207
7721 141
4469 3410
2562 1152
5177 3485
8135 3100
1653 3488
1142 7793
7734 2626
9012 7993
5398 4301
1266 3885
7221 994
5830 574
7039 4199
8964 3490
4130 6732
4710 9194
5593 3934
626 5474
6222 2528
139 1291
8883 2458
6714 2524
9616 9588
458 9061
3286 4451
6554 8192
3950 5881
6932 7313
4637 7714
2335 3534
6255 1642
2837 2
8421 9835
8370 7968
1969 1455
8098 36
2292 1063
9599 9755
8228 2213
6250 5978
6001 1511
2107 9978
5443 1600
1151 9703
6412 4539
1302 2991
1769 6855
52 6647
8722 4834
3399 2492
1118 5345
9185 7184
597 2998
374 378
5840 243
2161 7932
6046 8687
8266 569
3106 3424
51 6724
3987 1901
9406 1363
527 1619
2172 5323
8401 5671
769 7245
6671 6798
2546 9746
5839 4753
2762 9982
8358 7983
137 649
576 8545
3664 7274
7180 8868
8643 5667
84 9859
1848 3384
5072 6594
3581 8926
1060 4981
3132 2418
1187 8775
2126 964
1923 518
2601 870
5639 8954
3733 2181
2217 2431
3532 6323
9835 8122
9427 7229
2197 9992
5079 7273
3060 9309
390 8423
6224 7264
9438 7796
1391 4765
4689 7184
9373 3794
7280 1558
9128 1029
2339 4706
4465 6989
7439 6109
7765 1255
5116 3937
9986 7125
1458 8177
4638 5581
7676 6456
3288 4071
6645 6418
7475 5278
441 5252
2035 2955
7013 5737
4427 1647
598 6244
8241 1465
4942 1240
9433 9862
784 8288
9540 8666
8364 1062
5163 6320
7722 8180
9685 4615
1962 9195
1052 4330
4331 7807
5979 5458
8624 5404
1278 9678
2616 5332
9818 2402
8526 4837
317 85
2298 6517
6357 2351
618 2826
7909 9949
2302 7500
8756 8595
2710 4088
4023 2047
1578 3190
1778 4924
5849 6251
3634 2365
5199 9130
4053 9489
4960 2139
5867 6453
6043 3509
1771 920
7090 9396
7425 8281
1350 8129
4341 2074
5398 1077
1243 7121
7830 1326
5154 8647
7389 9588
7592 9982
798 3013
5600 1587
8225 69
7052 244
5158 4155
6190 4692
4347 6218
5522 8467
2324 1236
6237 1048
1642 2374
1817 794
6330 9139
8201 8276
8627 4273
9743 2010
5788 7750
4162 2137
3707 2733
8637 8596
143 660
8777 5836
1104 4883
1647 7822
2604 9151
7537 3099
1195 8622
4968 4740
7704 3253
1195 8669
9877 8579
7647 3675
7485 3759
5256 3353
3781 417
450 8221
3065 6353
9624 8515
3325 6287
4552 5716
700 8677
9956 5434
6170 1869
6706 5321
8233 8016
585 4263
9047 7013
9688 1644
6307 705
6922 2351
5661 2092
7454 4520
9273 9613
9907 3841
8365 1464
3405 4830
4906 9173
7667 7819
3017 580
2908 1549
8467 2947
6151 5700
9007 2400
3698 6118
5191 3915
6613 2545
1323 7479
5014 5995
5760 4847
3719 8620
7244 6179
6905 721
8161 8732
1581 7642
657 3935
3266 8215
8262 4040
6157 45
7687 1046
5655 1492
7452 5068
3214 8150
5232 7532
9043 8985
7014 8066
615 8543
9011 2820
2483 9665
6616 2270
2237 6319
463 8080
3710 7317
3809 6067
424 3020
8802 6201
5395 6060
5741 2876
1804 2605
1647 3339
2324 4332
6348 5134
8212 3206
5371 2808
7167 3425
6274 8740
5501 6321
159 4982
7172 5418
9255 659
4130 6712
4287 5471
6443 4199
6996 4858
8705 230
958 4549
4860 4937
8094 1947
4272 114
4515 6225
9384 2534
2730 9898
4909 3704
766 1207
8373 8474
1214 8618
9693 9750
5318 5186
2454 5887
3450 6145
5191 6
9299 4702
8660 6146
47 5866
1769 1353
5254 757
1830 2933
7311 8613
1693 7004
9783 8469
7405 482
7095 771
2850 7368
5927 5995
1957 4527
2180 9064
4885 1567
1521 5690
232 7110
7414 2596
4484 9893
171 700
4007 7067
9596 1563
9188 2091
6036 9655
4151 8242
7161 5728
2747 9258
5413 2688
441 35
5264 1701
3668 3423
5670 9334
8867 6575
6358 523
1626 1797
1298 1765
863 4470
4104 9262
9383 425
2654 9950
8462 377
2452 8783
6014 6
3708 9550
9877 6868
3024 6116
4020 4297
3879 5636
5604 2612
9107 4671
3051 6469
7493 6344
439 4871
2084 7348
5498 7039
5961 5994
1629 1873
5424 8174
2685 1378
9017 43
9415 8509
9375 893
7264 5880
7346 8812
2634 2967
6070 7768
5007 2377
6098 8653
1866 4513
294 3183
1874 7306
1935 6176
2749 307
8450 4495
4965 6484
1332 2400
1409 7853
5983 8601
5548 6735
2515 2317
6764 451
9139 5639
3166 529
3046 8979
2375 9180
9980 8795
8717 9987
8234 8624
5212 2061
2298 6631
4095 9167
501 8388
1023 4898
3603 9104
2801 3625
1369 2166
5121 3844
1079 6219
76 4169
2417 1543
9533 3139
6771 6640
6297 5334
1917 360
7652 933
9458 1940
4384 8197
6921 2341
8084 28
639 25
223 5818
9261 4829
2198 309
9916 9766
3433 8349
4384 7259
9620 9585
3235 9807
8354 6242
7293 6358
3546 4761
3041 6842
9348 6129
3906 4157
93 4517
5217 57
6804 3138
1751 6210
2180 3519
4646 9179
6806 8062
159 9022
1878 8513
1324 4309
4112 4
9465 1463
8171 7833
2752 9285
6112 8274
3163 3907
2585 7523
9281 489
7314 1710
2077 9936
1269 6861
2396 5668
6354 2163
6365 7001
6769 6109
5846 196
9522 5529
4 5960
1269 6116
7006 3919
7565 829
370 5958
4678 5811
3466 8259
1155 2040
7175 1078
4063 1377
3369 2002
6172 1495
2207 8840
2348 2618
8247 2793
5802 8554
3427 2175
8055 342
7703 2281
5321 4763
1880 9225
8127 5046
5460 7572
2153 4551
3662 5355
1632 997
2094 1564
2583 5934
6193 9555
9802 9046
6680 3277
4362 5690
3109 3381
1535 4760
5090 7646
6533 8234
9930 2875
9681 9400
9317 1610
7595 3324
4332 5245
9061 6187
2051 3266
1958 3680
3853 7230
5416 214
1803 5342
3441 5053
3096 9201
7657 5594
7742 5829
6297 7018
289 5178
7461 6087
6882 6926
1969 3054
7955 913
2788 2660
7154 4079
3798 4295
5655 7389
3624 1101
4596 5554
5995 7398
3049 5776
9333 2580
1911 3123
3987 6773
2234 5645
6563 6203
2655 4934
3949 885
8698 6180
2968 4777
9483 8667
9778 5858
2221 9142
4070 5937
9292 5469
3327 7569
680 4921
1193 8149
8865 1188
9539 2755
8073 7951
4182 5678
4403 2204
2115 1575
4217 3008
3218 8394
3545 8878
4538 6853
4792 1855
487 6133
994 381
2796 6380
2861 2385
1165 1557
1184 7098
5334 9630
845 5070
7400 4776
9743 3839
4765 8883
4877 3184
6136 1529
4704 1475
6334 7979
9450 4213
5640 6109
8251 1872
8568 2339
2822 5200
6156 2276
162 7651
9707 6100
6786 111
7169 8450
1323 8780
5616 2125
4133 4198
8355 7247
2077 3742
8863 2321
1113 1418
1819 2321
9616 3729
2926 9673
5576 1691
2925 7604
2816 1366
7008 1042
8407 3957
5014 311
7569 2915
6830 409
8442 614
9659 6889
6029 3822
9788 4127
7959 1010
5410 6918
7909 3340
6937 6101
5448 1538
5613 5997
5915 583
552 9673
6133 3596
2433 9903
3952 3978
5122 1423
4133 4758
7063 5676
477 520
9885 7815
7849 4701
4760 8989
7477 614
956 6314
7302 9955
6246 1599
1780 2953
2557 8778
6151 7040
2337 803
9458 1093
8736 7849
5951 4801
8017 4481
4571 8154
9425 6346
3690 8468
2268 3468
8457 873
8721 9881
9837 1387
4762 4701
2417 3150
2735 4164
8871 7220
4186 90
6773 4455
3168 4734
3788 2756
5607 367
8298 1414
6665 464
4894 6820
2318 5808
6647 6676
9260 4770
6336 4935
5603 1349
4590 9037
4767 2340
1316 2970
7084 3926
304 7449
2257 7601
8831 9319
4024 8433
3323 9201
4604 8507
291 7012
7955 8346
7262 5519
9520 1769
209 6850
9903 728
4630 7969
7814 8500
1530 9868
5455 8503
4467 4878
4812 7501
5864 2006
6885 8079
523 8887
179 4033
854 5290
8635 5074
3768 5904
2651 5104
2629 8381
7739 1246
3849 3725
3607 9764
5799 3746
7091 30
869 5520
5434 9457
1906 2410
8460 3337
7163 4468
9408 8284
410 3251
657 7557
7688 3854
8074 5251
9586 1455
9671 3391
5851 6021
3756 2905
4792 9652
1270 425
7537 1309
640 8759
5919 6225
6848 2421
3781 5352
2214 5627
8571 6403
8790 2210
2533 691
8239 9081
4311 8739
3945 3321
358 5636
7596 1690
9648 6371
2498 6632
2192 5390
7909 9960
6358 8087
7907 2969
5624 3790
9702 5149
5152 8878
699 2114
1658 7431
1514 4157
8939 9334
9531 2595
9930 2911
3623 7622
4541 6449
2982 819
2201 9532
7705 3001
9939 3901
3030 5918
239 4642
4887 1758
3785 4723
5702 223
4120 4691
127 6251
5843 7196
3119 2645
9128 3731
3013 125
5443 37
1486 1719
8610 9260
9343 2364
9556 4989
8482 3538
3617 8560
7685 6235
1110 8173
9930 7531
7743 3710
9829 5452
9408 8449
717 5170
6939 5161
7578 479
9213 5157
3160 8970
1860 8443
8621 6786
1562 1995
5283 9281
3748 2631
8128 4792
8920 6872
1760 9868
6731 6089
7038 1174
714 4850
9842 6829
4378 6748
5022 9213
5647 8430
7520 1580
7185 9981
8135 9057
4777 2401
9511 6638
1133 4574
1999 5487
3515 7554
2430 1874
8370 4323
4001 1274
7766 8696
3985 2468
369 4809
8417 3827
986 2474
1815 3639
604 1428
5078 1608
2464 1559
8921 6541
7029 2274
1372 872
7725 146
2351 5392
7407 2464
9417 26
5015 3977
4463 3995
598 6483
1178 9244
7875 1431
2798 5545
5111 351
190 1641
832 3986
3011 6778
5702 6610
6180 441
3686 6363
6441 9327
3892 4751
8863 2989
149 4693
1497 3488
6215 7240
6879 2002
2005 3767
2539 9408
2805 642
8137 7695
1056 8707
5870 6358
774 5874
5553 8434
1860 7329
4949 58
9178 8894
1668 3821
4661 3020
5246 2987
3919 1835
2319 3042
1230 4624
5122 8972
10000 6604
3623 949
7692 7547
752 1476
6592 7010
8613 4337
1947 1798
6516 2366
6119 6237
7908 9766
7450 5898
8992 2076
9790 613
7463 6575
5120 5092
256 7868
4908 9886
5959 8899
3097 1958
6571 6752
4455 7103
7390 3542
9359 4064
7258 1277
4049 8253
8616 628
8539 6070
5055 1079
1051 6166
7379 855
1735 1231
3453 4999
5361 1233
1649 9694
7601 6253
8918 7649
132 5266
2095 1041
636 1665
3597 2282
8714 3916
8219 3192
6365 7192
2757 6278
6143 4305
1657 6579
2575 7044
9791 5278
8783 4655
8028 494
2903 4647
1011 344
7841 5236
3243 2911
988 9162
9500 8785
4136 3756
9747 6926
1819 5245
1570 5028
6028 1438
5833 1160
1109 5844
1459 6388
8970 8969
6351 2275
4359 2573
1827 7555
6995 6990
4566 2099
639 2940
1246 2615
3000 4638
4214 6458
7016 661
8835 763
4197 9116
8508 2036
848 100
9923 8062
7330 1727
3549 9130
2408 779
6708 7690
2884 3006
4251 7672
780 7065
1720 2485
4765 338
2541 8610
7516 7791
1833 3377
3277 5371
6592 6325
8780 4375
2064 3648
4093 4703
5599 6212
2399 3770
5628 7304
5342 9947
1023 7138
1912 8754
4586 8610
1626 5988
2676 910
4732 8023
9385 4003
6192 2059
7751 9638
3109 8369
7239 9721
7912 9647
3942 7927
3450 7780
48 6915
6886 2064
5777 5948
9303 4305
963 4998
1377 4977
230 7445
4159 2423
91 9999
1136 7330
1752 5401
4559 1761
5100 484
5677 3016
403 128
9393 1609
8934 5339
8076 6053
6018 8476
7477 2615
5830 9691
6991 2884
9353 928
7254 9247
8452 1829
969 2682
2651 8710
8280 4422
1619 8571
9874 4062
4800 2949
2421 2749
4478 8802
3612 7892
2505 3074
1964 4659
4784 3488
737 6875
3702 2046
4167 568
2541 392
4357 1974
2084 6314
3287 89
8572 8290
6224 3904
3267 4169
5962 3726
3200 7472
3980 3524
6211 4342
8026 1282
4492 1426
6289 548
900 1846
3156 5354
741 5174
9152 2645
6286 8961
5797 2157
7434 2827
5338 1150
8922 2777
7915 5566
9544 8329
618 41
5842 7115
8253 7411
6520 6389
8210 7954
5839 8514
1150 6050
9212 584
4753 1077
5288 1760
4586 9019
9985 1980
7453 4614
6772 4555
7794 690
2767 5506
5518 4486
3034 5096
8527 9661
3935 3295
1265 1875
1776 4699
4211 1446
3097 1342
9425 5543
817 745
5328 5088
2346 856
291 6594
5687 7303
3462 7264
5855 3
7629 7176
8604 5684
1180 5653
2048 2775
6770 8078
1740 7291
6379 4978
10 1034
1384 3831
5113 3902
9933 8046
6058 1002
5367 6701
9658 6997
5034 4000
5539 5598
5820 2724
6770 4942
6857 515
6757 9461
3840 2227
5089 3953
9492 7212
695 5601
7273 2936
9461 983
114 6621
1566 5632
2422 947
4381 1183
130 8896
8436 5459
3401 8641
9652 6760
9741 6498
4423 1047
7403 4416
7099 6217
1208 1926
2597 1528
3776 438
62 7797
9927 8757
3251 8219
7670 8197
3882 8941
7230 4884
2452 3339
6821 9069
723 786
649 5859
1882 2077
493 5371
1225 1145
5256 8006
4079 4253
1054 5528
2502 6191
1232 2948
3403 90
9376 4195
1724 7551
380 5446
5111 3814
7440 136
9558 614
4779 6960
7525 9480
994 2875
4868 6543
5089 3785
2043 9491
2577 7224
9829 4681
3875 3497
3084 5886
3490 9813
2893 7608
6756 6479
2030 8646
2064 8966
9016 2041
3326 6510
6887 8929
3799 6896
796 5662
1431 1656
3354 4726
5073 7897
5366 1919
5124 7191
6928 623
163 7613
8230 9427
4471 8154
2316 9192
3938 932
5136 8627
858 4876
2377 4318
222 6518
3090 3483
4291 8906
8652 6835
4875 8437
31 9050
6813 5367
9583 8415
6952 1718
2648 9967
8892 9487
1430 7557
4822 1246
7987 1754
7859 3767
5844 7942
3703 9182
6252 1663
4299 523
8651 9418
9391 3256
1059 9442
6320 7852
9689 2032
1058 5194
2825 2711
6742 7264
8679 149
2694 561
2488 125
3613 9692
9688 8215
789 7141
8069 1121
3973 9433
3364 5474
3505 5251
2439 6418
7109 6018
9222 9878
4083 2835
7667 8030
1979 7797
6821 1436
6273 7019
4760 1566
4941 9676
7049 6309
8137 5883
5735 6893
6932 7954
6265 9030
3589 900
4981 9536
520 323
248 3675
9464 7717
9286 6646
2628 4532
2533 1951
4937 1548
2000 2600
2961 5498
2651 5147
8159 344
515 2398
6389 7513
5520 6113
6348 2747
2913 6963
6609 3187
6933 9173
41 5196
1772 7674
9071 3841
3219 8920
7434 8002
5088 6539
8217 3829
1041 2594
3293 2240
8653 5708
5739 4625
4869 9150
5006 8306
7279 7269
4599 7430
9741 2700
9303 1373
5940 2596
8269 3092
8042 1414
9439 8950
6791 5570
652 3979
5154 8355
1896 4632
1622 5463
8470 1273
6801 6756
3877 161
736 8145
3124 7888
7109 8523
9667 9260
2841 2021
4054 3466
1681 7951
6032 5602
258 6445
7381 1723
2623 3688
7543 5166
3877 923
3542 5029
295 5389
9949 2520
1537 6296
6264 1626
8558 26
2682 6385
6584 505
4251 2036
9474 8258
963 3514
5607 1924
6985 5371
3143 3012
