placement model: 1slider
width: 10
height: 10
number of points: 1000
1537 4229
7806 2519
5347 5634
5292 6159
6319 7728
9600 6781
6709 7436
2076 1054
4118 5197
3673 48
6748 2824
6072 1117
2152 9452
7262 3995
5617 2567
8296 7191
5931 6474
7324 8652
6525 3774
6982 6743
9750 8405
263 1398
9222 5454
1390 4533
59 879
6373 5486
6144 7726
6239 7911
1664 3857
9841 2538
9428 8752
8498 1310
1131 2519
346 6459
5173 1567
9603 2538
3216 4003
8552 8648
3658 1046
4035 7771
3495 5949
6179 3992
4857 7092
3427 92
9962 1934
4259 3618
5088 6929
3060 1168
413 2926
3909 5720
9983 1683
2015 1850
4433 7230
3381 8432
6450 5404
7025 1381
9816 205
2082 7423
667 1253
9740 4738
5257 9380
2288 5460
5645 2775
8554 7405
5462 9428
8221 9870
6368 3682
3695 1902
6306 8331
5273 9131
4006 1414
7295 2943
3957 5506
159 6797
8540 4128
6434 2968
7228 4330
9817 2020
8479 9964
1376 8384
7473 2761
7260 5416
3399 3290
5149 5008
4930 1399
6322 6102
6657 8981
7001 4731
5653 5294
4276 6281
2024 6937
1733 7439
4035 2830
7821 2560
271 926
2537 5623
5690 5162
967 9021
9718 3493
9963 2604
8872 6535
2302 3275
7611 983
4820 1864
1359 7084
9940 1271
2673 574
129 5403
4303 7129
4947 9689
9984 8761
5922 1471
4182 5446
2314 6733
4108 8295
4275 2264
4291 6987
9949 5565
4405 2780
9863 1010
3294 1846
9727 2932
8035 4432
9011 1375
8493 7464
5829 3324
8553 6699
1338 8702
8388 3791
9906 9010
8189 311
5387 7098
9884 4663
4073 2689
8683 2744
4340 5079
6764 2841
9489 8364
9723 8155
9061 6895
4241 7241
8587 7258
9067 5133
8071 6773
4311 6507
5780 7782
1283 1081
2539 7698
5686 3164
1545 2977
6938 5762
9204 3847
6955 9995
1438 1393
7056 383
4256 450
2172 3660
5782 7015
7818 7638
9761 7790
6967 3985
6601 8905
8189 4455
6977 3155
4674 1297
3216 5570
6737 860
7998 1117
1129 524
4913 995
9771 7663
6720 7796
9800 8175
2450 490
8854 1916
388 789
2504 5200
4242 382
4474 8573
5213 8687
2431 7257
9525 1451
2624 4612
2267 7244
8730 7037
5288 1618
9572 5643
2321 3413
1202 7615
3830 7191
8331 4956
5909 9936
5094 3571
8392 2665
8749 7625
379 3321
8474 8674
6562 5400
1063 7614
1718 4854
8183 4553
1251 2428
3119 1132
5824 8590
826 1592
5180 7916
2977 8324
3777 8607
3397 6763
9283 4126
9707 674
4521 6675
4685 560
3481 6805
527 8912
3629 3433
6332 1768
6044 7596
5781 5678
1276 8123
49 4359
8278 1848
3509 964
2885 8076
801 8942
6891 9065
5600 3823
2975 5234
6015 9896
3783 35
4220 611
505 9117
4867 24
4778 5383
9976 3977
2621 5319
7631 3839
6462 1485
6791 4188
6846 8775
7241 5094
9144 9363
7989 3887
5563 3407
9447 2235
549 3490
2569 2049
1382 2157
3983 4832
7885 6678
8691 1402
9765 5106
3320 143
6199 2388
435 4288
5672 4607
9377 8080
6794 1656
4171 907
9849 933
1418 864
9290 899
7510 2440
8339 786
4371 5319
2344 1254
1046 6462
8932 7016
8695 3357
8074 6544
7690 1657
240 4030
1234 7589
4532 7693
8104 582
8709 4729
9385 5686
4973 8750
1315 4226
3774 4231
4826 571
3658 9117
4559 9703
6756 667
2810 8956
7671 1125
717 661
8525 7328
4719 3454
5079 5201
6965 1394
2262 3031
7840 5580
5235 9597
9831 2405
4612 8397
6088 4969
9068 1840
4078 9093
9594 5603
6333 7567
2788 703
7920 1422
7123 2927
446 4092
355 174
491 2141
817 4317
1938 102
9109 2688
4049 7894
2190 9604
6728 7526
7152 1293
800 6634
7735 4603
9772 3027
6740 8447
273 9658
8924 5714
3399 2692
6506 8170
4857 5282
5235 2981
8131 2867
8204 897
3008 1139
7597 839
816 2875
8436 833
7239 731
7854 7107
43 6443
7998 9330
7145 1838
9081 7188
9754 3679
6739 1931
9424 9531
6332 4644
3537 1943
2834 8884
6087 5180
2282 8155
7944 4044
431 187
9296 8615
2864 9935
9687 4593
9527 14
958 2469
5286 3566
6015 6461
4024 8289
3710 3244
5203 1660
2548 5934
7820 2722
5669 8123
1098 7465
6688 8852
5166 5011
2678 8132
3557 6796
5459 1963
8182 5930
3659 3198
4960 4996
7428 8834
112 1638
8076 9679
5983 2364
6266 4505
404 1761
7214 3124
1618 9258
1222 9079
9146 7658
4800 1592
8643 8839
7243 9509
9672 2495
5626 4549
6269 1330
6538 9930
2191 9120
1404 7854
9635 5689
1873 7530
5297 3475
4640 7246
6106 6051
6794 5635
3699 8155
7249 2953
8134 1064
859 6057
865 6289
5910 5855
9012 7768
9951 8779
1869 4645
588 7361
8912 2531
3883 4064
2907 5591
2430 6878
3854 5990
2213 642
3862 3483
2812 1006
9822 4259
894 806
8975 4126
3166 1288
1285 2308
5694 6809
71 2068
4694 6153
3183 1121
3819 6138
6720 5971
9731 3707
885 404
4819 6198
2206 9194
6869 7985
5983 7975
7170 8665
493 5368
8444 7147
1382 3973
3237 3822
1560 7535
6549 6528
6096 9152
7096 1806
9983 6681
6838 4089
9770 7662
3644 3830
2231 6462
4142 7232
5447 1554
2304 843
3332 4970
8635 3342
4607 7676
9548 8165
9065 9881
5562 4468
557 4386
5789 4262
6762 5455
5527 6409
7601 5106
1799 9236
5170 7289
3613 136
4098 8006
583 8253
3633 8527
1381 7701
783 1442
3844 1579
7566 2722
4864 8799
3545 8386
7898 4077
9359 5695
7074 5750
5011 1652
3049 1153
5060 8491
5567 4268
3443 2716
742 3935
1649 5193
7209 1049
4075 6759
7117 2773
1871 4846
1848 2171
3863 8417
9335 2541
4185 8546
4271 5435
4752 507
8175 5200
2159 762
7281 8523
4941 4980
3971 1460
6713 3280
6799 488
4028 4460
6862 1014
9883 8337
5409 9830
1683 8889
7460 7748
5066 2011
8027 337
1687 1634
1548 4818
3610 9705
489 2674
6175 4472
1089 8796
3723 6086
822 6272
6858 8132
5379 9257
4894 7746
8766 7273
6309 5583
4367 2687
7299 2916
5720 1900
281 4524
9286 9614
3397 8792
7712 3901
7318 9400
2951 3892
2549 6057
1276 9514
7283 26
1233 9382
2498 9228
7181 6994
2104 7325
9374 2612
1269 628
8285 1296
3752 1211
6565 3861
6048 9201
7241 5618
82 4058
9778 5974
2069 3456
1481 6611
930 3245
3705 2846
6691 8800
623 3871
3562 1682
5104 5055
28 7152
7753 3692
8110 7054
9024 6879
4422 9572
3544 7328
4078 9886
2584 8580
3611 6891
1733 7687
8386 9289
8590 8183
7959 9405
5838 1767
5130 4988
843 1447
5942 5577
2007 1969
2107 3984
848 6062
5349 389
8121 4485
3816 832
4034 9214
296 4650
3270 1929
4046 6505
6420 5731
5679 1436
2554 2529
5689 7976
5101 2699
7528 8478
7279 2341
739 9602
7190 8038
5258 8258
6490 7895
1288 7249
1452 6416
6918 7724
5112 7844
2320 6626
5696 6838
7936 7890
3955 7713
675 6164
2308 3624
1977 9046
1480 4235
3306 758
1415 897
169 4351
4539 6856
5404 1261
2780 8478
8330 5361
1229 7886
7993 9847
3930 6811
7115 9108
8740 8546
2444 7710
6727 882
1734 4669
7558 802
9060 315
8425 2579
5305 8195
2085 7169
1697 7179
3119 9941
3655 4643
1467 5010
2791 8315
4092 3363
315 7887
8158 9617
7157 4175
1967 1879
4530 5305
4232 6814
6599 3871
2979 774
6795 5889
604 1419
7981 6311
7194 5674
7444 3447
1681 8549
6895 6912
3236 5016
5995 4452
5142 9218
3538 8150
8560 3411
9514 7477
5588 569
2471 903
2245 6740
8853 6566
7458 9574
5535 2579
7427 7421
6018 7125
7990 4184
8381 3108
2394 9340
2114 1904
8670 9472
4680 6682
4971 8795
1732 1252
6525 5895
6888 7692
8980 4758
7585 2199
1464 4257
3587 1786
34 4381
1856 5525
6078 9856
9568 949
5614 4477
2206 3813
9646 8979
37 7514
6640 8015
6846 5327
6469 6065
5002 9413
7249 6216
2657 8567
6674 1222
6136 4900
7184 5628
4882 9840
6658 3476
9507 3983
9572 2895
5326 8648
4851 7859
1762 7689
1317 9611
5756 1499
8125 159
480 8938
1335 9784
9367 7048
9877 4942
3053 6635
7272 8663
8820 3149
3597 6526
5867 815
4165 6351
7734 5224
2473 5294
6713 1678
2412 566
2981 8473
6122 6194
4418 849
1193 3088
5308 5492
8705 9490
2975 8134
9341 304
1550 4779
9744 868
8805 9183
1088 1444
7314 5006
3952 673
7755 8611
9349 2686
6792 9332
2647 1491
5661 3976
6417 1722
2278 6328
3261 4501
3532 1340
2806 7094
9144 4393
2581 3042
456 3389
2597 737
2182 2470
9692 8138
8995 1690
807 2796
7752 6281
1270 8156
257 7960
694 1821
3140 8142
5821 5427
5334 620
2041 4608
6615 3921
2168 4560
8723 6744
8953 1346
3665 2365
9924 100
4984 3310
2044 6243
4901 1206
98 7965
6229 4013
1500 9833
8345 6548
1870 5515
7088 7134
9512 9525
6575 188
4001 7662
1145 8002
8381 7201
6966 203
8795 106
3995 218
9757 2559
6790 8202
4575 143
642 405
2641 1131
2524 5786
4449 9561
67 6291
8801 4188
5713 8986
8620 1841
3963 6670
3473 9712
7278 1399
104 4086
7783 1958
9188 5690
1852 6076
5055 7625
8860 7121
9145 8817
8490 7726
9221 2711
8777 4351
6944 6791
5074 289
5584 1817
5842 9097
8109 8136
664 6858
6893 7298
1598 9612
9796 7146
7579 7286
3452 9325
4728 5749
9024 1743
7809 8572
7690 1070
8003 1279
1673 397
375 4176
292 623
292 5899
9243 8079
1589 4316
6398 2887
2901 4927
7537 7304
4718 8093
2177 788
6361 7680
9678 7750
3912 8070
5711 7030
7489 8328
6812 7270
9289 580
1503 7084
5831 3393
704 2565
911 9832
5741 5114
7589 3195
7753 4515
8213 6841
3009 5327
3895 282
3269 8351
471 2192
5558 8481
2760 7171
3317 5902
3551 2616
6452 5092
1646 2080
9283 9704
2528 2554
3122 5788
1522 1918
5313 5990
9212 7878
8021 9478
7638 3130
5254 1534
9353 3689
3787 6992
3343 1277
9695 958
8896 1001
1083 1525
8527 6866
7897 6899
4573 5200
2714 1395
4271 7722
926 8201
2509 5423
4185 3158
112 3089
4990 8401
5164 1171
289 3421
7011 437
4178 2259
6076 3818
1541 7451
5888 4727
1168 8481
2079 2445
7693 5632
7653 341
4878 2901
678 7245
2559 9664
1836 407
1808 4774
8864 2870
879 5859
5878 2447
9461 9774
8874 5247
5741 1869
5527 3131
5997 9760
7063 248
6212 9232
6724 7656
6040 3932
6716 9451
4995 5969
9073 6953
134 5095
3100 8678
7369 1583
9095 938
8750 1090
839 623
6733 8246
5516 1620
5793 8216
4965 1153
6269 8796
4039 2447
3877 535
9076 9194
222 2969
1004 8460
7246 3688
9201 1871
3661 8511
6037 2081
7487 2227
3971 845
266 8333
915 8144
8782 3153
1643 1825
925 9480
6982 4610
2763 4939
6283 104
264 7815
3355 9825
5429 3236
8028 9759
8152 8632
3364 9479
5133 7224
3171 2690
10 2313
1734 1859
8485 2715
8207 5640
7028 2840
7583 9829
2018 8688
6283 2749
4088 5157
9272 6864
7781 5061
4139 2616
9984 2416
553 6371
17 4566
1493 6413
5355 8801
5542 9953
6555 8323
1335 3865
5227 1519
442 3122
5312 134
2541 1944
6607 2318
8592 5105
5237 1763
7211 6218
1612 8466
5164 6879
6440 5456
4181 8377
2505 8684
1236 2875
365 292
7532 6777
3383 4547
3759 6832
2740 4050
1414 5502
8142 2617
1342 6820
746 3648
5001 6095
9544 8413
9493 18
84 1258
8126 3686
1722 766
8711 6421
6616 3169
7800 2983
6302 2096
939 5843
635 9290
857 7518
7157 9039
4430 5777
