placement model: 1slider
width: 10
height: 10
number of points: 500
1959 7017
2159 2269
8404 1378
9614 7967
2840 2423
2877 5456
6968 6257
6940 3682
9935 8276
7405 8934
1456 5489
7879 6109
9256 7285
4520 280
8067 6342
8140 4244
6408 589
4437 2158
399 9731
3194 2042
8858 9490
9453 9274
632 9460
9681 8367
6350 5066
695 7424
5565 7673
866 3021
3600 6084
2888 9363
5206 5495
7511 7392
5893 3059
96 4808
6438 349
6044 3209
5834 5131
8366 549
1999 8118
6673 1476
6128 6680
5056 3740
7915 5681
6912 5544
9903 1316
3976 232
4457 6864
2693 4420
5289 8008
4306 5491
6067 9148
6529 9427
5584 6692
2515 3083
508 5504
7735 5276
928 5712
2592 8016
3406 1868
1733 1639
7876 2218
4627 9827
8520 6858
3615 7957
4649 204
77 2348
3043 1120
2023 8806
5106 2469
450 8294
6878 7234
4118 3904
796 4500
8434 1459
2554 224
3918 4296
7555 3976
2480 921
6614 7380
4246 8623
2923 4750
316 2417
3086 743
4060 5775
8211 6533
2635 5717
2951 3909
2444 6319
4942 4792
2970 4045
6341 865
8451 166
251 5303
9785 9193
290 5827
9578 4895
6571 4205
1609 6066
9759 6237
5066 1200
7219 1160
622 5995
9939 1252
1167 7969
1229 1619
8728 5360
7750 8245
395 9587
8174 7454
7202 8714
8799 189
8219 6131
5267 418
3201 3124
2345 5300
1025 8884
8311 2958
1067 5590
8996 7532
7861 9567
624 7642
5600 5983
5429 2516
8839 1236
4678 368
6138 9521
3603 3992
4566 9091
9910 4206
7747 3453
3389 2044
8161 2715
4013 6191
3055 530
71 6696
196 5106
5284 2903
3453 4428
6098 4497
1706 3504
3863 3229
2711 2216
5887 3849
3157 7404
9773 1324
4327 1611
6046 6629
7186 5959
6253 9856
5920 165
8781 8351
1349 7329
6165 7644
4041 5989
3005 9778
4980 5178
4041 859
3979 6169
1034 7430
8449 4976
8264 3064
7198 3388
4376 3672
9101 6361
2618 9232
562 729
251 834
4688 640
8548 1446
2226 2689
8804 7855
8803 8768
3032 1469
2325 9954
7743 3923
7961 3197
8054 5995
233 2099
1197 9927
7086 4235
6120 8288
6418 1370
2338 5777
836 6844
1153 6135
7672 4121
9569 5086
3427 5974
4464 686
7613 2130
8462 3064
6095 467
580 5502
6253 5183
7769 1659
8609 8750
8736 5764
3175 4977
7263 292
281 9596
3146 8809
9732 7496
8783 6664
6443 8915
9561 4573
2029 2107
8413 4812
6185 322
5128 9067
4677 4976
1418 8028
399 6179
3290 423
1622 6308
8963 4714
2592 4291
1643 5697
6440 4846
186 6146
7091 7825
4665 1248
600 8768
6196 5499
3968 8481
7223 4923
2988 4016
3333 8968
5600 8337
2884 9705
9990 8883
7920 9783
2516 2837
8822 8983
3104 8380
6217 4314
995 6460
4401 8190
3419 8396
3669 9469
9721 6899
7864 8682
8609 4185
2139 1045
4215 2978
4510 1457
6050 3756
6873 1722
6029 7907
7020 5837
7620 6504
7589 8484
9394 9661
9411 2365
5059 6345
7884 9009
1655 7186
911 2856
9073 2582
2760 9417
450 4556
3122 2741
1975 2474
1897 7861
8732 8777
6837 7901
1915 9252
7711 2368
8983 2019
637 3859
3254 3697
6666 5752
3378 7777
9753 2612
7218 2083
4856 4873
1461 8623
4610 4479
9369 3693
7044 8210
707 7118
2100 9312
3612 6449
6963 9237
8447 2300
2451 1187
9266 851
2605 7131
919 6883
2196 2187
5073 6357
9760 9021
8101 8612
2152 714
9191 7889
565 9382
193 1589
6779 5443
2237 11
67 3424
2123 7720
6946 2291
7390 5237
3941 8266
2312 5435
8259 7225
190 9301
2551 1472
2536 70
1419 965
7002 2289
3508 5498
9352 3167
4969 1311
7777 3256
1867 8963
1730 6269
4295 1253
9561 489
7869 8170
9430 5479
27 3460
2799 6430
6937 247
1567 5117
4783 7409
6939 2640
7048 8225
1978 8926
3871 7559
4896 7268
3961 368
9448 3183
2865 1401
9615 4605
1230 58
9238 7537
2802 3471
9879 2743
9752 2790
5563 7167
7942 6657
9622 9728
9996 1711
508 1921
6287 6161
7879 9614
9896 3419
2280 8194
2886 7067
7165 3879
6245 9165
334 9580
5831 2652
8949 3501
2116 9639
121 9348
5483 9887
6077 8718
5571 8826
1799 74
781 534
2811 9027
795 3476
5286 8088
9972 2206
5992 4026
9763 6916
6790 3233
4418 8258
4500 8938
8358 9665
6892 5479
8648 9776
8662 1530
2082 6944
2677 2382
1634 6170
2156 4466
5434 9274
1474 7694
2305 5394
8076 3676
1360 4265
6847 709
6760 7802
2289 4240
7238 5511
6418 1038
1267 2651
4415 3105
7436 588
7936 8208
1344 8299
1417 6809
3361 7879
8419 8105
8805 4674
1076 1044
7265 3901
6678 3625
3409 2462
4382 9527
3600 3233
619 7435
3586 1571
8241 1439
1714 4815
4412 7098
7983 9885
9688 2998
2100 3220
6872 8030
2610 4014
2673 5491
3926 93
8397 5758
5454 4401
6531 4001
6726 3419
4736 9949
2240 4661
7567 8052
4402 2911
9909 8457
8097 6640
8227 3675
213 2155
615 1453
813 6492
6826 6586
2914 1072
4783 5093
8859 5627
5756 7831
1681 3747
318 3342
8073 3813
3935 6670
6989 5221
5321 9863
3901 4165
5282 7962
5151 7132
7497 8910
1841 7412
8223 1160
1536 2567
9786 8062
4793 4740
2508 3599
7784 6997
2584 3362
5088 2101
2604 1914
2687 1563
615 1230
4200 2678
2614 2068
3150 3447
9624 2591
9096 3838
7015 3942
586 4065
347 7752
7884 1437
4271 9590
2321 933
3566 4089
3603 2219
4279 8105
6616 1629
8850 927
2177 3343
5990 1414
320 6576
2279 4635
1438 190
1639 8039
5190 818
80 7513
6011 4657
6157 3435
3379 762
650 788
890 6014
1415 1885
387 1739
7055 1352
7869 6957
5057 8945
6342 3784
6319 4282
7502 4536
1289 3635
9126 4719
7283 5962
7929 4431
7566 4819
9969 2304
8503 3989
