placement model: 1slider
width: 10
height: 10
number of points: 4000
1739 4893
8569 1567
5556 5806
2964 4288
1293 825
4901 3020
220 9430
5152 6361
1102 3526
1895 573
8378 1008
7952 5677
8563 5308
7391 9257
3691 3316
7449 3827
9799 4825
792 1351
4769 2738
9942 7585
2068 8749
4845 8285
9009 6257
7109 9776
3538 7407
7391 256
2542 992
3765 4317
8266 5945
1236 9222
5468 2051
1371 3343
5304 6660
4839 6319
7268 1658
1582 7257
6513 4908
116 898
3636 6834
6307 6250
136 8829
5535 9193
1911 8923
8017 9470
5984 2559
4009 3667
7456 3302
9615 8200
914 457
6372 3883
9191 8761
6059 8022
1155 676
8848 8859
8932 1446
400 6767
1745 2212
2333 1857
9211 6470
1676 3757
2549 1991
9854 5736
4224 2873
7193 598
5867 5962
4075 2903
1638 6093
4943 1145
1059 9535
2596 7829
3287 7394
3107 4176
9230 5523
7668 8798
8493 788
3624 9178
7947 5740
8299 5189
4789 8104
9046 811
3762 2565
1552 2191
2686 181
2962 4371
1051 407
836 2114
9138 7772
2995 8596
7248 7000
6634 7046
7778 2444
975 9499
2261 1320
6546 2170
3728 5004
3817 3545
9208 3478
5000 32
560 2499
5137 594
3206 3576
6732 1349
3023 5461
5955 2870
3097 2090
8767 9150
4214 3219
417 3745
1849 9786
2485 1537
2205 5295
5481 5073
3419 5673
2736 7494
6223 5572
7231 1839
5239 9865
4972 8878
4239 670
6086 7274
575 9602
6590 9452
7545 7451
4233 4772
9737 8841
9057 9458
9620 6622
3648 4882
4448 8314
1673 8123
2147 6059
2157 3791
8365 3983
5273 6670
1960 3872
7130 7143
4843 2594
3760 6045
0 898
834 9528
1804 1581
3394 6519
9710 2026
2197 3129
5591 1011
6209 7533
1655 1602
3121 13
5564 7872
4805 2439
6697 6489
9713 2100
6665 1694
7324 9041
8160 1960
5969 5285
2189 1987
7869 254
8793 7589
7454 6947
9762 6234
9457 6481
536 633
3952 5219
7433 484
9691 1911
6328 9805
2574 6183
8911 901
8393 6211
5952 8150
1002 1055
5424 8909
164 8343
6363 1574
7580 8586
5772 7109
1364 5498
8623 4047
8082 1719
9205 6482
220 5109
4580 6070
5112 2483
2135 5184
4944 9401
4513 1136
1055 5655
3778 8363
3767 6485
1291 9973
6841 6346
135 773
6762 8552
6862 9142
4778 6999
7124 6500
6023 9557
6494 6644
5128 9468
7390 4153
3684 7990
9656 9160
9721 4482
5481 4092
4745 2044
7943 508
1126 8598
416 6653
4861 3174
7382 8066
6742 5883
4685 9489
8444 8290
8872 488
7992 5265
6273 6991
7979 6131
8310 1136
444 3912
5624 184
3295 6686
8135 4515
1453 4970
4210 6299
5915 5754
2035 2045
8877 4882
7764 3891
2517 4131
2974 9905
8174 2952
7210 7376
84 6700
4806 6995
6846 2759
390 1486
7810 2985
4169 7254
8752 6137
7139 6028
6962 7308
8357 1252
6814 7933
1786 3446
8119 4243
3962 2109
1142 3686
4678 7665
4517 8212
8909 1385
920 67
4949 9542
8853 9240
3733 9266
6166 7995
2233 4441
3152 1698
4747 6154
763 7673
8107 393
5101 8550
3325 3528
1928 38
2580 2111
6734 9940
8196 7721
3804 1775
1877 2563
5991 9293
4383 7835
5707 3375
6768 8598
365 4692
6911 4947
8476 1851
5070 8253
2007 4190
6086 6421
1140 1830
5981 8037
9574 7283
9258 9591
2660 5083
5810 1593
3905 3810
1526 8498
950 4769
4774 6641
753 4597
9314 6054
9649 9698
9175 3148
8038 4738
1958 6276
7317 7074
6479 3436
8845 3819
1804 1752
5102 7183
9802 2525
9943 5087
6077 9949
6089 5961
7181 8397
8516 4223
3928 3864
8146 3458
7964 5311
8369 6118
4379 9590
819 6403
2070 3277
2537 8052
2464 2787
7362 6989
9576 6673
3399 6135
7186 9918
5122 6581
1034 6284
7663 2804
3084 2264
3796 2365
8471 6929
7636 813
9505 8390
7665 3664
2722 2178
7457 2818
5856 2017
5107 3014
967 4469
3699 962
1521 9941
4810 5735
4257 2878
3765 9956
678 2412
7965 3315
3825 205
8187 6104
1356 3476
2903 2025
5445 1399
8751 8863
5347 3963
587 4381
6284 2034
5989 8987
2133 6981
2007 7151
8974 7133
9161 4854
4078 4934
2378 8156
9228 4758
8365 3149
515 5651
6480 3931
4137 9258
4853 1606
269 6109
6258 6998
5575 5226
8090 5108
7438 9697
140 2277
2802 8097
1290 2189
5077 794
1791 4991
9257 7252
6938 6077
6999 5280
5023 6191
5275 956
444 8406
2303 5397
4256 2981
8784 2960
6796 5081
340 9038
4633 3759
9850 9334
3002 4248
8391 6349
9775 9003
9262 907
7630 2997
8310 624
1489 4581
4467 2933
6939 4824
2314 3633
689 1888
5474 27
5923 5637
1822 535
5149 5855
7983 158
722 2920
200 6094
7041 5545
5225 5380
5711 1035
6020 233
6309 6101
3761 4468
5484 1012
8306 7614
6380 9311
1670 4016
5344 3750
3373 1401
7161 2356
9492 2517
3637 6738
4108 4321
2439 3274
3897 907
7584 8449
340 767
2875 8028
3694 4742
1484 3206
955 3207
9324 3577
5329 6676
9062 2507
4666 180
4457 9106
892 4703
3894 6861
2010 717
6839 1808
1547 2820
8367 8775
7913 3357
2042 6571
4507 1545
8323 6428
6947 1566
6431 9261
5966 6187
2825 7411
1745 2839
4742 6487
8359 9430
3927 2675
6050 7194
8099 9670
4752 7334
3343 1382
1477 696
7336 3065
6809 8891
6332 3291
4219 795
4043 1477
8083 5465
3102 2870
2293 414
972 7189
6201 2852
7564 2447
4906 7806
1469 9621
6676 6059
8571 2378
9966 1303
114 8715
4196 4228
7507 5505
2409 3485
9250 3650
3117 65
1816 8778
1487 283
7449 8096
9855 3267
3883 7994
5296 1305
1131 7499
9073 4449
5980 8936
4798 861
6323 3123
1843 7578
3719 6940
9660 6772
4636 7197
6140 3847
2772 3293
9171 114
7851 290
8157 2460
1044 5040
7625 7360
6812 9588
4267 1855
2690 8355
3384 1562
3869 2361
7892 8512
2505 7499
7647 3306
4880 5590
4795 4849
9375 7324
6338 9936
8814 9060
3186 4228
8127 1323
5409 8077
8221 8203
9710 9349
8761 5670
9280 7493
5752 4018
5564 4330
900 2441
606 4377
7026 4610
3936 6406
3293 7393
3868 1197
4309 1940
1482 2706
9515 947
9757 122
533 1638
9882 8849
3004 7818
7452 4632
5511 247
6394 2460
5703 3404
2755 2102
8251 3842
8828 6806
8374 4049
7592 7441
2422 8060
7537 1091
2754 7456
4934 8351
657 4970
1472 4302
4990 8406
6888 6818
3466 4928
3566 8535
381 5920
5231 2501
5227 3020
8548 1699
1200 3560
2666 6054
6909 2610
1137 1468
1818 8289
5724 5418
6941 5045
6443 3569
349 3658
8152 9136
7796 8373
7645 7483
4799 8634
9598 2301
8619 4290
6373 5703
9877 7451
3910 2082
2248 7805
8676 8129
8986 2074
1759 7338
3632 7076
9713 7564
8472 5364
7770 5370
6335 2668
74 4576
6640 2333
979 6031
5602 2006
6739 9240
2597 4931
8685 296
7627 8101
7553 8371
4506 3653
4737 7649
7900 1211
8015 9746
6449 6118
3284 6778
4744 8260
1834 9859
4866 4659
1864 9820
2240 3307
9478 9682
6886 8790
2267 5056
2243 4601
1629 169
4118 3569
309 2570
3258 6267
2683 4692
4015 8880
2796 4691
1484 4004
9792 3254
701 3029
5329 2881
6259 1843
1837 1347
4866 9302
1096 7780
8588 120
822 3306
9043 5993
7885 669
9195 1950
1501 9170
2824 5828
7381 8727
1830 8384
5067 1700
3952 4051
6271 4139
2537 9794
2596 443
9009 7202
9012 1238
5213 2934
7959 3710
1644 6137
5360 3434
2390 3975
7077 3578
5440 6561
8485 25
3286 919
1437 9228
2537 7779
1589 7335
1774 9224
6028 288
998 944
5887 9747
7840 6429
7402 8779
9840 3816
4517 4664
4825 4641
1169 4087
3653 1691
6487 8182
1837 6719
5490 8477
8512 9483
9131 8560
1556 2598
7689 1268
5754 6518
7417 344
3179 9709
375 5783
8682 5006
2825 9704
1593 9544
4955 9336
4895 6584
2288 2456
8947 6069
2904 6003
7314 517
7525 6485
1212 510
5833 774
4342 6245
643 7789
4297 8774
1835 8947
6236 2400
4912 494
3205 4186
6146 7688
5597 3268
1849 733
2559 7800
1236 5860
4 9143
7317 2858
7427 2183
4610 4930
5159 1492
8771 1007
9851 3448
973 6294
646 7472
9384 8596
3874 6654
4587 2648
1359 4225
8233 1509
5300 7531
4938 9563
6263 4558
7698 6616
8068 2033
2933 4134
8569 3432
725 3832
3124 3638
5431 3019
7048 7627
9977 8344
6993 5660
8760 9771
3112 4761
452 3787
3582 3120
8073 740
5281 8290
2421 2825
4780 7950
2464 227
9700 2944
5528 7329
8243 3172
3211 7171
1074 4548
8960 2486
9020 6529
77 8998
4850 6175
5725 2298
6183 8460
6429 1000
9726 9573
3684 93
1862 5261
7637 7575
989 5034
7070 4699
4816 7257
4879 1745
4045 9904
5679 1760
4054 2046
9540 6233
153 9746
2389 6563
5219 8301
2755 4189
3752 1589
2483 1068
3709 5522
4457 7588
4181 5637
247 8550
1998 1262
9659 1020
8233 4648
8876 3188
6485 3957
1225 5328
1582 6903
5212 9930
2121 3201
8716 3497
6375 9483
321 1276
703 2517
113 7688
6437 8972
559 1768
940 6438
6846 4709
3274 2612
6871 796
6583 1292
7481 4792
8422 8923
2092 2860
8687 473
3348 1700
3919 2729
8515 6179
3717 3692
5557 4656
1718 2624
7864 1311
5969 8713
6012 3755
1160 3624
1905 143
4210 7098
82 3408
6704 5018
7615 4256
4626 6615
2926 225
3443 8467
2286 2280
687 8142
1257 1095
4110 3495
7348 1516
9774 1194
1583 5130
153 3122
3739 4384
5211 6331
1774 668
4716 3554
9628 8703
1880 3742
9358 829
8332 5717
8846 4027
475 1825
2831 7665
4549 8892
9590 5526
2600 2321
5113 9205
2629 5540
6432 6159
5428 6220
214 3215
9781 2123
3700 438
7651 8078
3552 8172
9577 2804
8804 151
4396 3080
563 502
6051 4882
1483 9690
5830 4778
4872 1020
4347 5829
6053 6322
257 1253
9047 9274
4004 6418
8155 3632
4028 4233
4718 5150
3696 9089
6928 6244
7807 7943
5301 6671
1646 9384
452 7964
5516 2763
2069 3045
2604 6333
288 5859
3457 2074
4621 9185
5346 189
1112 3056
8476 7303
4150 6092
6243 9749
8409 6363
549 5323
1252 6304
6751 5572
5003 1840
1713 3622
8458 3819
2060 734
1875 9770
3996 4632
9932 823
1292 9656
3562 7034
1078 161
7079 3309
2572 3712
2536 5123
4309 6463
7788 4345
5177 3470
2537 523
914 9908
9074 6257
8393 3881
1560 4161
9037 549
1686 9773
3780 2435
3969 7457
856 4642
3543 1255
2910 2504
2537 702
3466 2694
242 3644
8680 2931
6681 1367
7157 273
9928 8474
4464 2204
3243 5197
1262 3326
1345 1753
729 6179
4420 1315
5802 9519
9792 5358
2509 3113
8675 6324
2998 4100
7713 457
6613 9524
7648 528
1582 2509
4539 2967
3451 5504
4376 8308
1197 6330
3312 8687
6807 8373
5103 2713
7569 4668
731 7773
7906 2388
5996 4986
4028 498
31 4912
5772 4546
744 3638
4752 6068
1773 1383
98 985
1678 2683
6991 8374
1662 2645
1476 8837
6820 8412
9283 4980
3829 8534
5201 6070
7752 5014
9004 6381
7441 3875
6086 3081
924 5933
5279 4128
1188 2292
1190 1632
4187 5497
8727 8476
236 5846
8578 1130
6718 2233
2157 9195
733 7126
4938 8332
3842 4619
9987 4450
637 8610
8024 4406
6084 9852
7999 8023
5321 1005
8196 8862
3306 2601
5352 6986
468 7773
4338 9767
5410 7564
6659 3729
8806 4002
8305 7961
8199 3582
1819 1063
993 2110
4455 5842
2949 5312
7251 5702
7957 8056
8008 5576
3822 8563
482 9306
5835 6159
5127 5489
773 9964
9547 6433
7596 1372
3538 3814
465 8460
5267 5084
8220 4798
3216 1390
987 9324
781 8953
6556 8869
1440 8107
7824 9554
4151 9815
4415 1864
4312 6364
8304 4052
1945 1304
6266 6315
843 5173
1087 616
1082 1658
3712 8024
1465 9051
5171 1928
7042 4528
3095 6536
927 6950
3043 9077
4436 8016
4049 765
3777 2446
6044 6548
7997 6521
5274 8607
5070 4732
7514 3488
5713 3040
5912 3665
966 7227
672 1649
2623 5047
9988 7152
6835 4509
3174 7234
3010 8049
7283 6296
2952 6683
2308 2285
3739 1499
9442 2769
5441 1333
5191 4814
4153 6351
665 6950
874 9885
9972 6361
8183 9205
6407 5002
5538 7383
3285 842
565 5628
4390 7185
7822 2616
6432 8365
7052 482
6387 937
8815 796
9776 4091
2404 2760
5831 8182
5592 9870
5664 2163
9229 7434
326 5325
7260 5331
949 3044
7530 1143
7580 1055
8262 4504
8881 8393
6141 5263
575 8829
7745 7194
3532 611
2933 5664
1466 5491
5658 6156
9231 2832
8003 5134
2839 4087
8077 1757
3158 4273
6115 2020
7661 8
8700 3646
9624 7063
3022 5409
6514 5389
6469 7791
8570 3875
6639 4134
3116 7673
8531 4772
811 1519
5467 2200
1340 3633
7708 8963
9413 5929
7025 322
983 4415
2438 5488
8311 2759
6351 7941
2179 5059
2063 1951
2395 2382
6713 8915
8621 3186
9381 7973
13 9879
3154 9887
775 1449
8776 9508
9093 2416
5780 3205
5172 313
7573 9325
2913 524
2259 1862
1989 155
1986 744
9119 2661
9932 2361
5200 3279
702 7855
9167 8591
9447 9090
5932 3967
8886 614
7669 6080
4486 8606
1992 6448
8231 9396
2130 4560
7185 3478
702 1873
5915 7912
6888 9350
7709 1787
4592 4684
3564 1351
6538 3136
4428 3454
1902 3154
9337 5155
6331 1914
2531 4297
4869 6385
8072 8144
8720 9558
8577 3805
2866 9187
9551 5296
5748 7840
676 8628
449 5949
7337 2606
9514 8526
6056 6087
1303 7207
1862 2568
2609 9680
2234 8681
1280 8693
4272 4242
7869 9038
6211 2419
366 1885
5002 264
9534 6567
6361 8252
1173 2846
5835 244
6373 6498
3584 7841
2579 4793
8688 4591
5127 7775
1744 6127
6448 4491
3725 5281
4235 2259
6629 2372
4949 657
277 8467
206 1543
7813 7553
5293 9604
7262 1664
9399 1831
4339 6155
4276 6778
2318 8663
5511 5973
5188 4728
8711 2435
6066 650
2612 4187
116 2463
1454 3927
5020 2434
2000 7779
7957 4520
303 732
7445 3218
79 9914
9476 3129
5196 8931
8847 3218
8729 1542
6592 612
1554 7051
7497 4431
7711 8828
5880 71
6008 2280
778 535
2293 6380
1115 2103
149 844
5884 4312
2353 1594
7263 6199
3057 2556
3285 9193
5234 9760
6773 3419
8101 3119
4444 7832
2915 3495
685 5491
7896 8556
1612 6581
7528 721
2304 2983
2856 9545
3209 6733
4153 5510
9935 2756
8252 4237
8238 9961
5551 1596
7545 2911
4746 230
5736 6897
3487 8521
235 2875
9772 234
1842 9392
9297 5583
8610 4479
9325 4359
7374 6036
7340 604
4172 4953
9172 5440
5396 7273
5245 6258
3301 8730
3789 5346
6633 3039
4423 6007
7832 654
9260 4096
9998 73
2132 5000
8090 5718
1966 2440
9327 5513
4710 6983
756 4147
7752 5909
2923 2997
2222 3429
4434 4798
2653 3612
9479 795
8765 5292
745 9336
7997 1200
9787 3275
42 7641
2957 3598
8062 1796
2497 9418
7841 7431
5531 3677
1407 5518
9905 803
8539 8949
6998 9565
4293 1853
7614 3722
9516 6974
7572 629
818 9091
3081 6306
1701 3408
179 3541
1926 6647
8954 9351
3200 3425
4020 4133
4900 695
5706 8089
1505 9577
8717 7535
3853 4290
4259 5787
1784 7598
6645 18
3636 7331
140 2395
4336 6503
8965 6753
1390 777
5388 5956
2438 2282
31 3846
1401 9836
9014 5997
7423 2239
6212 4645
8381 4526
3786 6966
1298 5394
3163 4755
7744 1867
5229 4234
2635 2360
166 5662
5750 5510
9773 4592
4339 7690
3343 8188
1350 9875
4008 3081
5628 4830
8893 5525
2175 571
8352 3050
9831 2587
6278 5191
465 7770
7834 840
275 2033
2331 6099
3232 9166
5824 8575
4002 8429
7448 3296
5157 8140
3949 2852
7501 4672
6531 6267
6090 1760
866 3842
1896 9206
6978 3451
9541 8702
6359 2661
179 8091
6205 9715
2410 9695
8507 4901
4600 5240
7752 513
6878 3881
1660 2595
3408 8609
1640 6362
6256 1067
9393 2663
1686 3299
3494 5554
3581 1029
7064 511
5445 822
4932 6669
6889 5244
6165 9418
8796 8135
3888 4632
6071 6560
7800 2213
2244 389
9314 8661
1919 5933
4762 9866
1249 7019
5209 2312
7280 204
1982 6793
9075 3887
2942 6770
1130 7566
414 1543
1491 2937
4966 2211
5467 4043
8410 7347
4673 9647
7589 5880
8200 5442
666 1768
3973 5462
2498 4354
6067 3635
1894 1332
2784 2569
7870 67
6815 482
1124 8839
1633 103
3472 7595
1266 3888
2509 2194
4661 6440
7121 4307
3321 1840
7193 1317
9366 4229
8116 7345
2751 1305
6379 7681
3514 7020
4613 3360
2599 7318
8276 9652
6217 9694
6844 1089
1063 1872
4721 1442
306 7792
304 4052
664 7969
3989 7029
4543 7589
1916 4204
6355 7079
6524 966
5137 4008
8110 9376
6607 1689
4916 9457
8491 4949
5089 872
5452 7941
2520 976
2989 1659
340 3010
8 2594
1468 5454
1358 2020
9415 5568
8319 5747
6729 5281
362 5230
3472 3591
2427 3877
4107 3203
5925 987
2189 3923
3918 192
3166 8835
669 7966
2653 787
3328 498
515 6218
2359 7771
5654 1120
7076 5640
5942 9982
1625 2974
2529 8721
7064 3418
852 2456
1659 3597
7112 6578
7496 6266
8662 3730
8737 51
1828 8642
3167 847
5967 7239
7918 542
9961 5839
5046 3202
2456 5056
2634 966
1460 2331
6269 1556
3763 2946
8106 9376
4273 9550
5293 9416
8763 2848
9833 9264
1838 4471
6685 1416
8501 7781
7257 5931
5374 2182
9728 7444
5951 2683
1681 8436
8990 9933
9953 1675
8144 8000
2697 7555
847 6205
8411 9796
3698 6428
1614 490
2751 4447
6006 6117
1345 52
8358 1956
1837 1742
1795 7761
6200 7829
4057 7523
7852 4971
4357 7031
1611 8642
5258 8380
1190 8036
1726 555
7223 2607
2966 8069
4114 1340
1349 1862
8557 8371
4791 9970
924 2317
4650 9766
4940 7301
1320 9350
4321 1213
7566 4445
4593 8912
1831 5624
5837 6250
1504 6076
2794 1004
880 6175
1043 2287
2095 7646
5526 458
7025 9529
2537 482
8750 9591
5715 6749
4162 9481
4791 5369
2540 846
7726 6241
4829 638
622 7940
883 6977
6251 2570
495 9751
4867 6321
8189 8947
1511 2620
7018 93
3790 3016
8248 7114
2797 8610
9724 4190
8362 9582
1655 8558
5145 1525
5849 459
4141 5646
324 2585
6035 3436
3242 8567
6407 8372
8758 5891
7349 6118
4437 3815
9942 7089
2104 6660
8080 3538
5022 3702
3656 3041
3382 872
9855 7652
9219 96
9440 6313
6525 3444
8948 1109
6686 8071
8323 785
1779 5518
4657 2976
3574 6812
4363 9679
5089 8812
1241 8724
225 4705
2661 2818
8595 7958
717 2780
9149 4720
5084 7110
6459 7861
6589 6282
7516 9859
6068 4210
3364 5184
6107 7039
4537 8038
2283 8925
9617 6297
6469 5853
2919 1112
9278 1405
5795 1315
6770 3514
5288 6091
3776 2449
9697 9190
9459 8433
4029 1600
2283 3157
8642 2141
6815 4968
9060 9736
5380 2882
7901 2286
6521 3494
6597 3733
9155 9492
1494 1115
3562 985
6018 4099
3497 6078
8476 1512
1548 3357
6125 4147
7244 2026
8069 9060
7295 3713
6073 1918
885 478
4070 4529
376 8656
2902 918
3688 2070
6167 1685
9468 8273
8510 7524
2814 9568
410 3510
4583 1600
5903 5226
4478 615
3036 2738
7555 9446
1136 8365
94 5646
4918 4847
9207 7577
9901 3966
1731 9926
9236 9163
9027 1563
9610 3002
7606 8876
8307 2784
8158 686
9961 8349
7176 5903
7988 3388
369 2331
3561 9719
7627 9196
682 1754
8778 17
9547 2661
7862 4030
5397 1503
1177 9746
3401 2741
4955 5518
6417 4969
2448 4315
4458 9845
2037 9250
8999 7835
8041 5941
8681 2763
6901 4870
2294 95
7547 3606
1900 9179
4964 2532
4106 7128
9847 6073
9422 6881
96 6907
3516 8565
2387 5840
3731 9682
434 3384
4506 3377
4246 1050
9663 701
3980 8256
9397 4723
4143 6613
7436 3289
3746 2970
8501 5568
3077 1171
6360 5304
168 7190
1707 5505
2942 3831
8966 9654
4043 3977
2586 1738
7897 1607
4586 539
5289 5285
8114 5703
2884 8685
5628 3927
8478 5386
3814 9977
9760 8041
6390 2786
5699 5514
4669 2147
6964 2135
3314 7970
4840 9630
5727 5912
3979 7659
9914 9042
5909 2433
3839 5484
5523 9710
4624 1438
9130 1400
7911 1372
6690 7438
7092 8063
4599 2890
1795 5952
3670 8742
9376 994
4509 5549
3162 6973
3142 1054
400 5080
6253 4118
7100 4933
5336 2273
8622 7616
5134 248
3214 5650
5080 8531
573 1203
3406 4848
1575 9268
4550 1623
7742 4907
9022 6113
4420 8201
4130 9812
2621 6913
2488 1252
1660 7685
9044 134
5572 8351
9181 8976
5296 8767
3949 3009
6924 1287
9393 9274
7706 9410
1314 7210
688 7375
9627 1731
6502 5159
1123 3524
2337 44
7574 4886
4204 6823
4882 5026
2433 1709
2319 8723
404 517
4082 2139
4557 7179
9317 6645
1710 2097
2318 1469
2173 9442
4047 807
4340 8837
2395 7617
8954 8047
5021 240
5495 7640
5104 1785
2237 2050
717 8020
8738 6129
456 754
9583 5423
3139 3368
8341 2556
6017 788
5381 6763
4327 8065
7794 8295
8580 8755
2841 8059
3521 3534
9918 8305
7850 1257
4357 317
3480 9863
7081 5309
6591 7619
1624 778
1791 7135
5805 3379
4247 9176
3278 8170
6790 2558
3636 2931
9796 5436
1949 4786
6777 3575
8290 788
9442 2983
1294 134
6100 4857
8378 1740
7418 8268
4677 637
7920 3088
1028 5041
2797 7213
9168 560
884 5768
362 3506
3289 9079
1403 8317
8819 4704
4556 2697
8438 3492
2837 6377
6726 3033
1234 3366
6957 9472
1326 895
8522 2252
6787 9489
361 2218
6617 6914
4348 7086
5657 7856
8426 4427
8844 8436
4202 133
9827 7977
6722 551
9836 2865
2544 7036
2767 252
2721 2087
9894 4749
3440 7459
6364 6516
2258 5077
4344 3576
3973 1333
4992 2777
4354 6072
6421 1434
9448 9921
3899 3094
1048 905
2298 686
6649 4760
5246 6963
8141 6314
9599 7508
5413 3452
8136 8338
5373 968
6663 9097
3171 6269
1648 1131
4688 6670
1118 2605
4700 7250
8623 5347
3924 5963
638 2491
8570 7510
7293 5254
1901 6238
7622 4980
4446 4501
5871 785
3140 8379
3338 3809
844 8545
414 3342
8957 6882
7558 9387
4606 8581
9957 2378
1413 8549
305 1607
9111 2572
1300 729
7949 6174
5727 5746
963 5139
8005 1043
5897 3774
2393 2560
1408 6177
6890 5081
8069 1057
1440 6962
3036 5189
8814 4225
2936 7469
228 2993
9667 9178
2330 4917
5249 8027
1087 5724
3213 9398
3066 743
8431 8845
8681 1493
4411 7851
1169 1777
7148 252
1812 7286
870 374
3230 5972
4890 5542
5165 9964
6320 4941
8918 3588
1202 7319
3184 2945
8616 5638
6149 7819
4188 4803
8486 854
6098 3663
9552 1495
4354 7096
9739 2203
1807 3351
5271 8725
1583 3720
317 5041
1107 3291
1417 4810
5157 9296
9245 7360
7957 9956
8945 2585
3243 3096
5366 5219
1134 2225
8337 2229
8872 5295
5724 964
1226 6893
6330 2002
5245 7210
7066 4531
8650 293
1522 8349
7542 2209
2019 6294
6250 1385
3838 7432
6147 1641
8109 6721
6688 4682
4548 9568
5569 8847
7238 8382
6864 5344
8419 9004
8315 2732
1685 6839
7562 1394
2884 2457
6915 4726
505 2068
6374 7637
6115 3622
49 8759
2600 3645
714 3507
3503 631
2373 2235
2042 5490
6543 7024
5584 8194
480 374
3910 6205
5576 2524
1187 4710
8778 6878
5995 7558
4915 3166
3755 1113
4602 2402
5959 8414
1799 873
1427 6034
1018 7775
7599 4854
6476 2413
43 6488
676 4865
3876 1650
5375 8548
7463 8074
8145 2318
3089 8254
4359 8052
1480 7338
6053 2495
7138 4190
4663 6733
4373 4714
758 8766
6226 9143
6026 5746
4690 2823
7569 5018
7167 7076
9026 8606
5520 8418
5385 2186
1909 8426
2400 1542
1560 3931
5726 7633
7322 6659
5071 5677
2213 7463
4400 6949
7122 551
4774 2929
4166 9987
9376 9195
3083 6219
2030 6542
5236 8314
3024 4156
217 3202
2977 5269
3048 2380
9597 7013
9315 6030
7155 4219
819 9980
6132 3071
4622 1399
1106 351
7962 351
7521 1453
3081 9182
3630 2995
5620 14
9679 4130
6745 3215
683 3775
5625 3498
2435 1955
3458 5989
6588 4378
5208 1398
424 5683
6514 8827
8089 6671
4263 5037
8264 7805
1808 3237
11 9232
6114 9003
5015 4462
3342 9560
3812 5082
8593 74
3816 8976
8509 485
764 5891
4918 7774
3565 2128
445 2512
6300 7442
1336 2746
6225 4774
2201 4275
3946 4632
8003 4167
4146 1673
5454 9422
2553 7173
4589 9813
717 6651
9097 4027
2440 9315
7663 3173
946 17
3768 6513
8252 5200
4334 167
3460 3497
737 4792
1883 1734
4883 1655
4188 5035
8218 5976
3026 9057
6160 2677
939 521
5154 345
1849 1460
8478 4224
7554 8859
9734 5438
8869 4010
1015 2089
1607 2020
8088 7730
3122 2529
1776 4190
3125 5570
7860 1803
1666 1434
8892 1142
1381 3516
5974 8004
1094 1380
2147 819
2931 6200
4802 4871
1341 6633
4195 1836
5642 8661
7013 7157
3461 6148
7855 1800
4514 6308
2336 1657
4207 8518
9511 239
3953 8469
759 4515
1947 1740
4787 7918
327 2306
3565 9452
7481 9899
3051 9340
2611 3862
3706 1946
5540 8090
2483 6448
4536 3948
6905 9638
6337 3414
2119 334
8962 2971
9874 6908
6267 5520
7556 1903
9531 44
9035 7983
8903 5332
6146 7920
8361 7445
8933 6679
9724 8910
1968 3727
430 4294
5597 2158
8479 5444
5917 8976
9481 4956
9304 2791
891 9955
1879 1666
4362 4670
1669 8120
2256 3349
891 7413
8870 2968
7661 3879
5472 3434
6983 693
2438 9813
9223 9218
9841 4844
5369 9928
1204 2224
9038 8062
6341 7485
6105 8983
3173 3962
6343 2193
4301 303
6245 36
2484 9651
6196 1375
3878 6758
7383 6710
4077 5339
9986 6479
54 2384
3988 3353
2985 5045
9023 2856
2208 526
8207 594
2826 6480
9150 8110
5144 109
6727 3411
5432 4605
8662 9793
6766 2338
4791 3356
9625 7511
7799 2501
58 323
8681 2710
7188 7117
4150 3927
3489 7118
6146 4376
2172 7877
971 2999
2833 7276
2663 9090
8579 5034
1627 4277
4272 323
165 9561
4092 3948
1434 6554
7916 7019
5095 4333
4087 399
7301 9597
2133 5509
3791 5432
7978 7105
4297 1386
5047 4607
2683 1745
6372 2819
1155 6640
8970 3534
1629 4013
366 6111
6636 2415
6991 1583
6752 951
9677 9435
3867 5268
8601 8355
2187 9715
3172 9351
7947 6075
939 8480
7149 4161
7645 9947
6630 8597
7927 1949
621 199
9022 9389
8681 6583
8798 4983
867 6830
9656 4047
2735 527
544 5853
2141 8876
5558 4434
5367 2012
5147 6353
6486 7258
6554 5003
546 5194
8414 4483
3474 8091
4922 3952
7773 562
2622 1180
5743 3394
4896 6923
357 6456
8032 8290
4838 5585
838 746
3691 8264
759 2564
8432 1905
7666 9192
8656 8811
7068 8250
5774 8607
1475 212
9464 9191
658 9644
5556 6733
9218 6542
1925 6612
2358 9549
5425 1608
3639 7546
1183 6743
549 735
9897 3016
8252 2105
28 359
9969 2010
6484 5535
9957 550
8498 2373
7129 3129
625 354
9145 2188
1378 3291
7026 2748
8782 349
2645 1420
9519 6494
7640 7271
9197 6574
1407 2209
780 3628
5471 6584
8388 1338
5988 5483
6006 6787
6008 5460
4898 6613
706 253
5396 7637
9903 9797
680 4517
4192 8162
1447 1075
9882 5131
8647 9325
6311 2615
8215 6609
3531 5263
8668 1742
5942 974
260 5203
4798 4328
32 3553
6885 2408
7904 6691
4887 637
1774 9405
7406 8348
3233 3914
1426 1759
264 5392
2331 9249
4639 3367
1738 542
6822 7383
5741 3108
3921 8208
2755 8060
9075 3295
5188 9472
4048 8349
8464 9407
3053 487
4289 4081
6708 3177
9010 3802
3941 1606
9680 4547
2051 1145
3736 1817
1452 4484
2159 5028
4967 4755
5515 8457
8505 2902
8488 5613
9255 6286
5054 6740
1562 3834
4902 1917
1168 7503
9639 812
5514 4511
1708 7045
240 5069
2469 8571
2136 4220
7569 6669
9726 5349
1591 4102
7592 3335
4907 6201
4078 2752
4866 8545
189 5960
9901 2579
7845 3101
4716 982
7214 1556
9517 6016
9083 9695
87 5549
7374 6114
4262 5222
400 5609
6542 2078
4347 3963
5049 7161
7411 3390
5198 3632
9438 5475
9759 9589
9145 8285
7163 9825
2588 2427
6156 7213
9995 6481
1113 2223
6465 7728
445 404
9603 7152
4795 3239
3657 9324
6249 1864
8516 3767
6561 9788
2740 3018
4754 1102
4835 8338
1265 4302
3770 3247
5309 3490
6656 3002
7384 6130
6010 7360
5620 9159
5901 1713
5781 8524
6278 4536
3525 7882
1249 5206
9358 4500
2267 6789
2751 5481
2877 9137
8737 8542
8326 3150
4328 8246
4314 6490
9009 9725
7313 9752
5208 9955
4172 5644
3287 1985
2991 3212
3773 8831
3967 7722
9223 5817
7856 3339
9980 6400
3744 5117
260 1055
905 4787
5394 7495
3952 5378
5229 2360
5645 8256
9669 6684
6930 5684
1142 5320
8702 5270
1567 2130
9330 648
8040 397
5374 7194
4100 5779
6646 2436
3613 371
1686 4858
1404 2586
7556 1920
3619 2292
3773 6808
3969 8935
5610 3363
5218 7629
9305 3522
1622 7902
1126 3411
7602 4300
7572 3655
8475 4398
3739 2643
3328 8501
9896 6748
3986 1054
8716 7157
4245 9227
2964 9084
9975 9423
2615 7817
1053 9805
5434 6153
6596 5401
3685 7380
2484 2159
5090 1602
1636 7964
5563 6158
7220 9202
9091 8692
9932 8592
6972 7384
9753 8965
3858 5697
7567 7824
1561 4383
4615 9881
688 4005
8473 5940
7325 9270
5892 6505
1453 4604
9116 846
9534 5012
2846 2435
3088 3068
7587 185
584 6511
2823 568
4548 5000
1506 450
2621 3241
5458 305
5411 4061
3440 2934
3743 6493
6605 6341
4169 105
200 2988
4685 1082
5121 1960
6917 7771
3026 8607
2576 921
5302 915
6104 7244
1896 3215
464 4861
8006 4695
1038 4127
7198 9367
1139 270
5520 5622
2715 5574
6184 9348
6166 7829
9574 7039
6170 5741
339 1323
5278 1890
761 2490
1583 3022
6731 1407
4650 9040
51 7856
5065 3460
487 752
8990 5153
4272 522
4686 3996
7213 2431
8482 9430
6489 160
1142 5517
3447 3338
9686 9582
6242 9370
8173 1588
5893 4733
155 1707
8014 3515
80 7785
7974 3381
2834 5825
1835 8005
139 8046
5524 3764
7610 9476
9107 6341
93 2904
4088 6842
68 887
3962 6810
9689 7985
5101 8826
5343 6583
8019 9233
6080 6634
4690 3347
2732 8079
5316 2856
606 1443
8154 3165
2294 3639
6944 8838
2857 1561
8351 3159
7455 817
6837 6397
4879 5475
6399 7561
6564 9355
1350 7969
5548 7542
6117 759
3763 1940
1248 1449
590 9703
684 6150
5889 6603
887 2347
24 391
9830 4280
131 9648
2516 8071
9531 6540
6742 3359
7206 7634
1646 7309
8482 6155
7515 9570
1236 2907
6988 5231
4799 7504
3874 1241
9779 8753
4741 3167
5717 15
2408 2255
9754 3946
4851 5698
1755 5529
1811 1341
7633 4782
5554 3816
8247 3688
5987 7898
6181 8901
3247 3766
5066 8908
1337 6565
9895 6957
1566 5900
2259 6619
6812 4068
3871 7948
1040 6631
9642 8810
2578 9491
9770 742
5818 4672
3230 6871
3032 3
6281 872
6528 4006
932 8952
4747 9266
1054 4587
5893 6399
7463 4696
8866 658
5550 7362
9157 33
4447 3610
1061 3216
261 730
9769 5925
6728 5466
7104 847
2237 531
3070 4056
4888 528
1530 8286
5666 4255
5346 7430
4478 5111
2023 6070
9053 9512
372 3688
5749 1830
813 8167
428 6165
1160 994
1782 5271
4034 8621
801 9617
6054 4673
3046 7897
6261 1582
2163 3510
3430 1839
6756 731
4332 85
1517 392
4350 2740
1984 7937
7686 4514
2923 6900
4979 1614
520 1057
4731 9751
4810 6645
908 9946
8711 381
3635 1546
6383 5731
9603 4481
1961 2288
3925 7549
4680 1225
6170 3438
9169 6768
7740 7802
7638 999
3754 7447
6066 2299
9723 2804
1279 7634
2957 732
341 3434
5476 2912
2339 7579
3380 8367
1600 9207
4061 4668
9492 8997
7842 9578
9355 4170
1287 6256
7475 5436
8284 5030
962 3352
5947 4482
5164 1381
8288 6549
7186 5323
4668 2737
6294 9608
2580 941
3929 2858
2619 9572
2860 5017
8440 5009
5896 9869
8674 266
4519 6227
1789 1413
6826 78
5883 2627
4921 8433
8558 2389
3077 6243
7062 3087
3717 2816
1980 2735
6743 8540
9171 8294
2067 9110
910 6263
4233 8562
9688 2762
3878 497
7527 5540
1416 3037
3598 5970
2779 3485
6140 5027
6517 1230
5206 9751
1867 1150
625 4389
6475 142
2291 9001
1290 1570
398 4985
8769 455
9721 4951
397 9751
7954 1732
2192 4490
8808 8383
245 302
8409 424
8093 1863
29 2569
2460 3860
7980 1711
8879 992
1908 3733
4988 9963
4539 1302
2224 9944
7472 5317
4902 8146
3196 8779
1886 7728
3249 1390
5701 8655
2601 6631
9456 2575
2512 3685
3424 6413
7310 177
3061 3992
5895 7208
7879 6941
4024 6660
6955 1471
2114 8250
881 9962
8501 579
1542 8619
2598 142
8646 2340
8252 9768
8467 2184
1619 4537
7490 8836
9202 5192
7855 5223
6452 2435
8252 3788
6917 2404
430 6133
3350 4384
8568 9395
2098 8942
3863 4440
1615 7119
3107 2177
5104 6096
5779 8557
9172 85
5355 5172
2948 8564
4368 6516
650 5678
9252 1238
1551 5278
6619 6401
2964 7833
1260 1319
3344 7973
6700 7924
8039 1815
8316 5874
5862 7587
2753 6508
1579 9163
3419 5969
7522 9596
3957 6580
3753 6180
4730 9827
1099 8848
5588 1485
7203 8335
9485 3386
8023 8965
6308 2401
6997 7829
3140 1135
272 8141
8495 1911
8448 1062
2144 231
4926 1963
7110 888
6626 1689
3629 4406
7005 2026
2366 7648
5692 562
1798 4363
6071 2888
1251 4161
5030 935
9567 32
9559 3188
9322 2343
423 8170
6649 2311
394 9635
4956 6538
5426 5708
6349 6253
3766 2725
6432 3255
2817 5896
4836 2012
7237 9322
1 2086
2157 5154
5907 7555
3086 1010
8640 1238
3451 4639
3746 1553
4800 6624
1352 8061
6262 158
8058 5477
5494 782
910 5837
4530 2602
4412 238
7514 5128
2236 1153
3959 5780
2548 5900
4628 3066
1000 4623
368 6786
9161 8666
1528 6350
3039 6323
6237 6790
1960 6252
228 5327
4184 4636
7303 9562
5599 5433
2573 280
1668 3416
5398 4868
6498 7704
6376 9681
2752 6824
1552 5332
1997 4820
5437 2585
7490 926
5110 5170
6017 8902
2547 7562
4038 8315
406 6887
8474 6769
8063 2135
8923 7998
4914 5255
3809 7672
150 7447
9951 1283
4385 764
6170 9605
1088 6176
2967 5676
8172 8627
246 8205
810 6425
5669 587
197 5515
3281 3031
3890 8607
5288 9004
8903 8828
5308 9902
8401 4884
8891 8551
2833 8690
6262 6923
9406 8313
7177 4283
9618 1223
5896 4175
6071 186
3714 7174
6334 5718
2843 5487
8295 4649
5625 5979
9174 9376
3156 3605
1909 3030
5462 2862
2967 7617
9479 5797
4973 8463
6988 4835
8631 1479
1892 5017
2410 8847
5826 2324
8843 3164
6382 7544
3081 724
4892 8311
5901 2674
54 4060
1288 3809
276 9427
4665 9220
3204 2537
207 9330
5345 952
2728 619
9571 3812
9810 3357
6291 5238
2151 3249
3454 8671
3773 9084
5624 811
7432 9055
8611 4441
3592 4492
5399 4904
7315 2455
9374 4803
1468 7598
2053 1656
464 9802
9092 7839
9572 3354
5053 9709
7865 9630
3540 2286
8612 7931
2803 7415
492 819
3166 8724
913 6989
8357 5110
2082 8279
5764 4126
3621 3476
4285 5031
6909 9286
9050 7072
7376 685
3398 3319
6014 205
6815 6526
3522 7385
1281 8041
2284 3635
9849 7698
6212 7258
8583 8105
8089 8578
9992 2766
5686 307
3820 6607
6823 5603
9466 4446
3444 2789
9063 747
3363 7909
9689 9567
4290 3475
9657 2777
3146 349
1864 9937
5081 2120
3112 8416
3811 6848
600 3093
9198 4162
6449 1135
9254 9846
1591 8147
8145 8827
197 344
1705 2330
5679 3490
9366 961
2550 5998
995 182
640 8608
3413 8426
7468 6880
5696 5246
5523 8037
5015 7408
2102 845
980 2429
374 3066
6058 2564
5308 8654
7985 6066
8682 5469
5192 4223
8121 2549
6014 9374
2694 5497
8091 1861
1939 5137
1917 1866
4428 2419
4174 5800
3422 6692
6671 835
7073 1934
3241 7430
7900 5586
6912 2364
1353 5595
3080 1537
3353 5770
4522 106
176 588
4847 3490
6654 9022
9454 6679
2291 8190
4022 5790
6867 3524
3410 4054
5231 5375
7571 4199
7871 7362
5608 6421
5431 678
7429 2720
1178 4623
4788 9216
6507 803
6172 9031
6549 390
9161 4950
5104 1773
5259 2548
2440 9461
8865 1410
1098 2717
9838 6507
6588 844
232 3932
4960 2697
3434 5677
3468 7078
8210 9459
1531 4782
4229 1536
3276 2480
9220 4661
5350 5129
3138 821
7132 7390
9594 212
4957 4993
2644 8915
5322 1263
5860 3998
173 4561
2587 5570
7201 3578
1694 6421
5657 8905
1869 1338
8231 9068
3231 2146
9341 4203
3809 6126
4396 272
892 3807
1667 3798
6141 9002
8297 9070
5164 3485
3599 3015
8185 1579
9447 5201
9048 4913
560 1098
4008 9815
2829 4251
7549 2355
5778 5046
9686 1508
8003 5461
9772 1108
380 9767
2807 5675
7563 159
9644 9980
3633 3156
4613 9493
9208 2120
9568 5357
9491 2011
6535 6938
9382 3771
9493 9191
9759 1744
653 228
2519 6965
5594 7480
9332 1279
746 9960
4183 3908
735 1202
183 2893
6132 5662
9997 7344
653 3397
1436 3686
5017 1504
3319 6341
7892 2061
3134 9653
8442 2365
5475 3474
3704 5246
2072 125
7047 7104
9060 6487
2975 9412
8104 5320
6057 8749
506 3866
167 5087
639 3430
4115 4704
1108 3070
786 6674
2146 1722
5759 6707
36 3319
223 7980
4436 3289
553 4244
4251 5463
2609 5812
8364 5986
9862 4715
4895 4867
2657 4461
6514 3870
5985 3413
7657 4660
863 1538
9228 3849
949 3092
604 6747
6189 7190
2545 5378
6155 3225
5576 5313
8850 4908
7969 8744
3500 6918
5343 1474
5641 4224
5263 8672
385 7060
6742 1463
7297 9266
7281 5847
5863 594
7386 1404
6451 4324
3544 9338
2702 7550
534 8993
1323 2387
8404 3745
930 4029
2351 5129
549 8420
3448 6793
9686 6118
765 6845
2503 8975
4515 1416
6013 4076
8827 5754
7804 8825
9099 4530
4903 4746
9136 2812
6470 795
5694 9091
6753 2626
6785 8953
1899 2699
4458 250
7311 355
9984 3704
6216 6826
8851 4710
8254 5368
6246 4080
9643 8636
7759 596
8987 5561
2658 8658
2698 7579
8407 4165
727 6835
9366 996
9228 4991
5320 8459
8823 2660
2613 2452
7153 6854
8901 1548
229 7329
767 5565
776 9667
3073 1738
4444 84
1974 5477
8752 2405
3953 6764
3874 5269
2585 260
7727 8836
563 7649
4892 7367
8016 9998
2499 9159
6744 8352
404 1974
5351 9770
7375 9713
876 5797
7970 5989
9842 5920
1382 4817
9332 6197
2214 7311
8522 9145
6023 4424
7022 2347
9511 9681
22 7977
1686 8336
9764 705
2684 6858
3178 9733
8178 1194
1451 1980
2560 5597
8862 4010
3627 6215
8784 491
4126 5646
559 679
3826 9563
610 4060
8114 3872
3688 2911
7626 2468
8327 7653
3310 3465
3722 927
7218 712
1218 8182
2876 5203
4420 8512
1407 4447
6025 176
2192 3815
1370 9970
9776 5608
1364 6066
1580 6041
8281 8676
3026 134
9733 5591
8769 9809
524 2034
7377 7528
8032 2207
4197 6775
8177 1281
8784 6428
3121 3721
7171 7466
9458 8758
9862 9051
2203 8541
6782 9359
757 8199
6029 9604
9675 1518
549 8230
6567 1635
9089 9595
9467 6697
4310 5624
7727 1871
9691 6719
2016 1060
7689 3482
9840 1543
8171 5035
9385 5713
2973 9867
976 4702
3744 2618
1954 4726
4862 9894
4407 8814
8825 3956
3541 9173
3083 5682
5468 7278
566 8790
4664 6502
6327 4078
4530 4247
5814 1996
3505 2489
9739 9465
6139 8290
1136 7256
6172 9358
4550 1068
3068 1018
7783 321
3232 9668
1833 6946
6134 2643
9628 4462
8282 3700
6240 9837
2064 6789
3863 5838
7608 7947
2078 5249
949 3339
1428 9530
8971 1958
850 8278
4509 7437
8922 4875
617 8902
2004 623
1290 2310
4299 8734
1180 2520
5912 3941
8729 5528
7362 9681
5306 5849
1285 5448
1357 7592
6971 1876
69 487
3651 8037
8174 8585
4144 6340
5290 497
1436 6269
8644 1015
3931 4964
5717 7242
5416 3802
8407 7368
5609 7790
6377 6396
3452 4449
2620 9818
4331 9937
6235 9106
6886 4040
930 1289
338 3179
998 3645
3834 6488
5738 9867
9736 5610
2517 6981
9914 6481
7921 4913
4913 1029
4452 1099
4001 8181
6297 3031
9348 194
8445 8058
2466 8449
2181 6067
1195 2974
8535 3195
707 7766
4994 8004
6295 9922
9474 9234
17 2175
9616 803
9598 8011
492 6741
609 9566
2476 4511
8010 9181
9471 5847
8517 265
1971 619
2213 4072
6792 4019
8384 5328
4189 8599
4407 4787
1369 6228
8787 1373
8105 4340
6894 2763
8161 5803
1920 1100
4971 2083
7190 6960
7389 3458
216 3530
6568 6879
3751 1235
3546 3994
3354 5141
5839 5329
2519 9066
808 5409
6225 6241
1065 5291
1140 2839
1457 9258
7911 4504
2509 4409
2985 2852
3289 560
1194 8138
2352 2370
1200 6220
2265 3871
9592 638
5167 3973
6088 151
1183 843
8612 4695
5706 9741
7764 2110
9804 9116
8786 9986
6247 7940
5605 9402
2971 6551
2930 5102
6200 2826
5852 1471
7305 4633
8074 646
7628 7366
7472 9817
7375 2823
6401 9430
2713 2089
7701 3263
5675 3889
9549 7574
5565 3902
1447 4955
1678 6698
4357 7859
2075 4870
2270 4615
568 9719
8193 5019
5109 8326
1610 6322
1677 7807
5884 623
9425 8129
6760 3650
1819 6133
6960 8343
8010 6803
2061 8068
407 1721
364 577
7719 2867
9457 1881
4493 463
2938 6522
1059 2628
2370 9999
2369 2261
703 440
236 3835
2760 1375
5452 3508
7649 5119
5550 2151
4259 3299
684 3165
2420 1139
4927 8525
2022 9413
4952 7872
7805 9733
3911 5009
2551 8323
2581 1012
9346 6668
573 1053
3663 3389
2499 7077
7951 9880
7238 7882
6942 2135
7428 2010
7131 7218
2208 9057
7432 5032
5055 2961
6925 6714
8975 9345
2336 2240
163 9751
4716 9227
9740 727
7277 1339
9504 8530
8846 2847
5670 7600
6457 9335
6564 7963
1193 6621
896 9335
8033 6217
953 806
2014 4019
2475 4156
7278 9189
7426 4559
2703 6476
842 4187
5050 1787
1566 7103
7451 5999
7418 2496
4227 962
9819 7504
3071 6635
7078 9144
1544 6147
2613 1060
9365 6091
790 421
5492 1061
9896 4262
7448 8715
9306 5859
3125 7600
6444 8460
7097 3290
9010 4675
6498 3797
1810 3599
7080 5069
7857 183
9471 7943
1117 6833
2884 4998
1199 7296
5170 4621
2431 7512
1479 1374
1172 7275
3341 6816
7417 4156
8191 5841
8740 1133
978 5171
4829 4244
3267 8606
5504 1755
426 1392
9014 3798
1027 6425
657 2307
6522 5026
122 3674
1499 8944
5765 8772
974 3370
8274 7296
7473 30
3756 8923
2967 5516
7079 5248
3973 3293
7431 488
9047 6531
928 3738
6373 4702
7031 615
3157 7267
8978 7942
5155 3628
2523 1906
8751 9757
166 3016
7410 1331
6227 7047
9732 1106
5537 1412
8997 8165
3711 539
3310 1454
514 3141
2636 7434
5047 9087
410 2044
87 9461
5232 8081
7396 8749
6258 4241
8078 5193
3884 3793
6374 9165
3703 8372
5144 6135
7460 4403
6756 881
4813 9541
9977 8560
3402 4285
2274 1986
3620 3403
5483 6811
6097 3946
7969 5774
9226 1918
8288 2417
5799 5332
2555 8541
9588 1375
7134 5181
8790 4686
1255 1442
1354 6676
1249 2598
7654 8368
8901 6277
8244 5251
7577 8385
3882 9309
6348 8436
753 7434
2803 9728
6922 7481
4541 2763
3019 9922
2400 9906
982 4796
4690 9603
4498 6427
1078 9448
6794 3218
7175 9732
6095 9308
2666 149
883 9562
5934 3327
6605 6637
7569 6945
7429 9863
9268 3965
6287 5969
2540 9009
9700 4789
5390 2994
8976 7055
2952 7390
5883 7637
7321 9307
6461 2539
6110 8796
3478 3338
4733 1632
8370 2718
261 9100
4631 1390
120 1000
6540 1352
569 6681
5088 2595
7045 6219
1084 4228
1788 9977
4615 678
2857 5155
632 1033
7465 7133
4296 6948
7357 2156
60 8067
4707 3847
3633 8610
1178 6776
9782 2570
2586 9177
8574 4789
7594 7866
4701 2746
4712 5090
169 6155
218 6261
1124 5301
6018 7129
1228 8490
1059 1665
8358 3331
4322 9878
8851 3181
1114 4484
4529 1014
975 9396
3701 9943
9534 746
4538 4541
4840 9378
7940 8604
9291 2236
6794 1134
9881 201
9502 4592
7696 6184
4150 6785
374 3100
2800 117
2493 6454
2281 4528
2381 4851
1420 1489
4547 6544
4011 5404
3706 5197
2245 8994
3434 6758
9281 5171
2112 7947
2797 4005
7902 7688
476 4053
6958 388
7196 5780
3657 8058
7993 2905
3885 4733
5661 636
4792 6123
7364 2137
8705 823
7299 6334
4963 2805
9214 2707
7381 9629
703 5017
2767 6764
509 1618
830 9465
8687 3433
1578 4841
9295 2752
2274 215
5598 4078
8245 3621
9423 8845
4760 2865
9007 5627
4176 9480
3529 4815
4080 4023
4002 6902
6475 2739
5071 4285
262 4523
5043 1644
9975 7096
7324 9744
2074 8603
2072 9811
4600 1479
830 2867
6509 3175
5620 9372
6490 261
653 6628
208 744
7488 9204
2002 3618
8611 9353
8577 284
1764 1574
6248 7031
2183 221
1021 1816
3667 9935
945 5936
9530 6254
4168 5336
7708 3658
5938 3660
5855 9166
1124 8794
4533 4536
2382 3397
8842 7511
8538 7317
8142 758
4715 4786
2479 5988
1159 6777
8666 7349
4434 8342
226 6054
5238 3954
789 994
8629 1645
1777 8761
7560 1999
609 5294
3017 194
5781 9656
1553 7541
3886 1717
7627 8491
456 8856
2670 1960
3378 9963
7397 1758
4678 9960
55 7860
7553 2281
4780 1060
8070 4794
9646 5233
6152 77
3825 4792
7678 8807
7930 5693
2623 181
3607 5478
188 9319
6185 6992
6761 3635
8811 9752
555 8316
7068 420
383 6397
6934 2952
7563 8383
6104 5541
909 9656
