placement model: 1slider
width: 10
height: 10
number of points: 5000
5805 3050
683 2155
4366 9546
1960 2035
4826 7541
4119 9714
3055 2032
2655 7251
8583 1462
1948 1724
1281 7649
7445 6392
4736 1662
2008 4492
1075 6071
5556 8234
4398 8312
2812 125
7620 2870
6042 5238
4110 1802
3468 2167
8315 2729
6077 732
7655 1551
6666 5698
8581 7078
7709 396
5931 281
2005 9896
4983 3693
1254 325
7493 9113
4942 218
644 5707
3769 9203
8024 9649
451 2786
2587 3928
5468 7087
1477 4410
5936 5211
6561 2969
6961 5755
3035 683
2768 2693
4554 1398
2835 2112
2515 5955
9302 1983
4778 3103
1610 880
351 6991
6334 1131
3227 9094
5304 2599
4395 6864
1608 5302
6130 2634
5119 4150
2401 8294
3965 7068
8739 2105
8737 6483
6348 2779
1848 6740
6066 7352
7016 7193
3798 4567
1699 6577
1373 5059
3842 1469
1427 418
6938 2733
7279 5327
513 6569
8412 6407
3264 712
2885 9425
4880 8509
3014 6514
9797 808
2517 7092
6639 8921
4814 1054
8930 5514
3296 8230
1378 2563
6361 7658
1516 3203
31 2659
8262 1989
3447 5995
8288 5531
3202 5737
5338 1714
8200 6447
2194 276
9667 2534
7694 9950
5435 4065
85 1861
3365 9431
1316 5709
9721 3392
4635 9253
2568 3341
9314 7642
7639 4752
5545 5477
1001 4727
3470 4363
8162 6276
166 5124
6070 9241
2820 7118
6465 8395
1007 8904
2942 6531
2949 7458
9703 4010
5430 5052
8649 7536
2098 2274
4230 4967
696 1032
4314 6278
5385 1035
7127 83
8409 3206
4654 2292
6893 5499
986 158
3486 1743
2816 5190
9378 9824
2068 2196
1259 4149
1669 4123
4463 4669
555 7382
7447 9463
6074 4104
9872 5658
2757 1923
233 9127
9645 8120
6148 6306
644 2765
3442 1548
1970 982
5969 7614
4373 5619
8486 3659
4734 6722
3790 3859
5728 2558
7641 3874
2884 6557
8952 3147
4030 1093
4253 9271
447 8619
3306 8187
2295 5119
3765 8437
4979 3993
6389 5611
8794 2965
8744 9273
7388 3044
8829 2696
4806 1869
8927 3992
286 4217
4971 6022
3477 4156
1136 7747
5274 2796
3459 790
5496 7484
5588 1751
7274 751
1191 6986
3585 3202
1477 9270
4245 484
5329 7583
8124 839
2418 8666
8201 6458
5140 7421
3028 8664
9740 4833
3765 4465
3399 6647
9284 8940
1076 9479
7718 6104
2718 2834
1752 1954
2350 5797
3974 4269
5207 595
4531 915
5144 133
1392 2031
7769 8895
6847 7383
4423 648
6430 6464
2921 5628
7999 840
8417 6081
8295 3965
3829 9162
3966 4869
1966 3337
8132 7443
6375 9870
6096 7018
569 9694
8595 6144
9629 6683
4388 6082
1591 7654
8752 3419
6461 9085
2994 2088
249 7501
873 5623
2786 4487
5928 5614
2578 4886
2015 8369
8322 8492
2660 4746
7228 6757
3559 2392
4242 2442
5962 9546
5085 5791
8643 1265
7949 5610
2369 7321
5283 7675
8254 4714
3090 2403
6848 7299
3793 7781
2591 1056
47 2508
1046 6494
8609 6777
4242 5992
5738 9859
5224 9203
6884 8831
6938 8809
8528 5005
9652 5815
8712 9150
8746 5729
9670 9
6517 306
8091 4753
6186 6720
2347 4583
8224 8841
5194 988
6627 1594
1983 5401
5377 9411
4185 1411
1698 8418
6698 9161
4913 7627
9150 7725
832 3609
5432 2763
9395 4583
603 6016
658 894
2394 2486
7994 3692
669 1294
8864 4426
7748 2532
426 7412
1286 5753
7809 1719
4313 4317
4606 3778
2684 5894
4008 7268
9459 212
386 9369
6292 8441
1907 7508
4653 2355
1113 7399
6617 234
3 9558
5650 6214
7461 2919
4803 5642
3991 8003
973 8907
6829 1091
1849 5971
2371 5878
5347 1118
1486 5728
2733 8170
4503 7283
8470 2376
4221 9736
7156 8244
4411 3536
8544 994
3318 9356
2831 605
552 954
6139 1696
3264 5591
9658 760
2772 1691
2051 1535
9188 2553
8402 3578
2031 9554
1175 5673
4418 8374
5939 3707
0 1199
2343 8363
1489 8304
8012 1261
894 3677
7811 5038
5479 9016
9960 9536
6203 2799
6684 9977
166 4786
6155 2077
5945 9676
8667 1855
9414 819
4078 1044
5340 8989
3226 9654
6224 6885
5695 416
2332 2058
2662 2175
1780 1178
1249 4014
151 749
6619 1431
9160 4570
8305 1715
311 2112
9997 2509
8768 5582
5204 7310
2508 4284
9576 5999
2086 5198
1039 8664
9914 7800
3013 3595
3071 9869
2181 6644
4858 4270
85 6779
5872 5221
1606 2483
806 6709
9254 6563
5506 5594
1706 9396
9920 5829
2727 9328
6429 6205
9338 8239
3859 7447
5486 1984
9748 4045
4121 5940
6571 7184
7712 1681
3002 5315
3086 7286
4210 2169
8945 8992
4868 7984
6472 2869
1394 9209
119 7032
428 8983
1841 5280
318 1057
4896 7399
6949 9177
7323 8391
6505 6678
3195 6909
2701 1256
8685 9382
5772 4620
4768 4546
2082 7676
428 2877
4796 245
6544 3237
8898 5295
8759 3113
3040 1809
5033 7319
8 8618
2489 7911
5244 1152
2270 5186
7409 9537
784 866
4598 8223
9248 670
7558 4467
1408 5190
6319 6975
7611 912
6529 8557
4758 1789
7737 6728
5972 9350
3658 5892
1739 7323
2659 9622
8795 301
4652 2046
7404 7877
5420 4091
2383 2393
6357 358
8218 5593
4938 4167
8573 792
8123 5069
9454 3927
9204 8559
4012 6986
8018 3187
766 9444
8375 8974
7430 5382
7408 2658
8726 2914
6037 7574
4695 7006
8967 2368
5838 502
5928 4282
5366 5375
1339 2085
7996 5998
7676 3508
5908 6280
1946 6785
386 1056
5582 834
9299 5624
2186 5981
2501 5008
391 7438
1503 308
4714 3735
2167 6465
2619 5858
8555 6038
5418 8260
9821 3351
5538 464
6465 3384
1404 139
1034 5287
510 1724
110 999
1671 9294
7928 682
5945 2412
5751 3396
2763 2821
1017 5783
3738 7344
1966 8897
2060 1367
4551 9123
8257 7814
9875 4960
2963 6791
4945 503
7680 1964
7490 7965
8844 3339
8551 9458
3256 9810
5168 8261
8568 4136
8955 3993
5364 569
1902 9487
8678 2318
5985 1851
587 7655
5659 5644
2768 2399
8410 5135
2762 9720
2653 4478
1047 5741
996 3206
3752 8862
102 4170
2700 6490
3670 2392
1299 4834
7044 8079
5848 519
8412 8473
9649 1451
9955 7662
4629 9219
5428 239
8171 9277
3316 3039
6444 7445
240 1587
6178 3869
7457 3155
3269 5310
3772 1188
8782 8403
6615 4826
9739 8367
6532 8354
3419 1210
7949 1545
3699 6596
957 8034
1097 268
4575 4807
8962 8205
7298 5965
1729 9849
3041 1959
558 5194
7335 277
2882 4770
7879 7673
8034 2433
1297 300
1626 7973
876 8493
9522 5274
56 8640
3080 5986
7545 8528
3960 9028
956 3058
6399 5992
995 1062
4304 2221
8098 5358
8930 7755
96 2226
2076 8903
3389 6823
4756 6331
2754 7570
6553 8860
9270 5372
2480 6094
3664 925
8228 5128
4582 5335
1578 6913
7482 5649
1307 9755
653 4038
5472 806
5300 9211
1994 1745
5595 6546
6439 1728
5016 8342
399 8857
4586 5383
7428 3631
4031 7679
8423 3548
7066 6701
2564 8288
4734 8169
54 5961
9953 4704
5876 3966
8116 9470
9303 6028
2630 5457
6755 1451
4814 5881
3579 9914
8847 2895
9793 9352
2983 4170
9541 1773
6480 1957
4118 928
2465 152
4972 3758
5654 7826
8767 4986
2173 7337
4202 8143
9811 7254
483 8659
7033 5122
8967 8155
415 8901
5619 7708
1296 3297
407 5909
3359 7463
7023 8111
7469 1999
7865 8177
5549 8228
8241 5623
7624 5700
5508 7537
4584 6538
45 8268
8562 6031
8855 7480
9983 2598
6724 5539
7573 9844
6293 8658
6346 8660
1033 6025
3786 737
453 2000
1907 7730
4556 2408
4107 8787
4279 8233
6505 3841
6805 6836
6439 2011
4616 973
768 1088
6372 9700
429 9095
3941 655
3481 2189
7769 1009
952 5766
2675 1331
4834 9241
6816 5729
6190 1884
2369 6555
7253 3894
9912 6287
3202 2189
3393 6374
5848 5403
7713 4840
9985 1136
3454 8062
4088 7710
9179 3586
3195 7665
3601 5296
2273 9467
8533 5335
4254 4074
261 9201
4165 3030
7827 3633
3340 4851
8509 4685
4174 2456
9737 8472
4378 3412
5099 152
3888 4671
8127 6380
9267 1030
9022 4172
1043 6160
334 494
5308 4600
4010 2979
9542 7712
9061 9395
6223 96
2973 1473
9066 5386
4429 2882
3155 2049
7916 8689
6343 9448
5234 7944
2779 5546
524 4474
7389 8991
5862 3265
2146 3914
655 4906
9187 4765
6394 3012
6997 4387
5893 1798
3383 2414
636 7680
4719 5598
6022 8026
8975 2024
3062 7919
5127 5111
2378 9012
5974 8903
2795 4057
9176 1435
9369 250
4641 7473
5671 2447
3296 9224
476 9209
6043 9541
2430 2425
4599 2559
678 8440
2389 1358
2363 231
9827 9303
9609 4697
6514 8337
4904 7926
1535 382
345 907
3290 7965
4602 6887
1891 9986
3943 8348
3560 7480
4101 2364
1754 437
8431 2799
9263 2687
6176 8976
9863 1605
1056 5331
3652 1592
7844 7204
8455 8066
7038 2288
8753 4069
1995 4972
7687 2333
1466 3336
5816 5562
8611 57
5962 186
6846 5917
8647 9869
649 2612
6516 4692
9366 3539
6398 5838
7157 4278
3433 5769
9299 6109
3309 5726
1143 8684
8413 9795
4131 8949
3586 8594
1057 7880
3070 1837
3906 7531
3455 6614
5807 3026
5188 176
9020 1875
8038 2070
966 6785
4816 1761
2618 1628
2219 6333
7965 9595
8037 6463
9038 8094
7501 3648
5511 4003
5214 4965
2471 6986
1594 6686
3908 2715
3939 9349
3145 5160
3309 7660
467 2707
8499 7313
1719 2744
7465 7805
6174 9017
4556 1749
3546 5719
6955 7608
1301 4670
1725 7744
9047 3649
2928 7325
4748 2974
8016 4924
1261 9548
8240 5620
1350 1928
5012 1625
3684 9491
9783 6801
1295 1186
3057 85
6336 8131
2525 3390
4656 3293
1953 4814
3533 3608
4120 1746
3249 4016
4727 13
2284 9656
474 2310
9313 8477
5125 8700
6778 5177
5918 3337
8688 6273
7471 2015
8137 7980
7628 2331
6441 5280
5754 8681
1163 9349
1868 4943
479 3132
1523 8086
3311 8531
7325 7964
1627 8034
2763 5339
1578 8425
4416 4509
1838 1863
88 2709
3303 937
4993 6948
8653 3936
2167 6419
741 8560
9230 4263
3098 9523
9877 7179
5111 6485
9718 8512
676 7115
2523 4919
9028 4417
6117 7317
1924 5978
9641 6584
7380 3842
2955 7462
9433 1652
7950 7718
3661 8052
5322 6798
4603 3581
6002 2679
2509 8020
8050 8025
2351 7305
2177 4667
1419 6016
38 132
6598 734
4476 137
8909 5720
3439 9472
8175 4161
1860 5358
1124 7040
1964 4780
9217 2385
3906 7299
2061 381
2723 26
3029 3586
5734 7408
4876 2853
3865 4643
3921 4931
6570 125
8143 9789
5844 910
6177 4952
6167 8835
1948 2187
884 7602
1645 3657
800 338
8338 5184
6107 8111
6842 2583
4316 6004
4922 4096
1303 4547
3545 2621
7084 4791
5337 5621
3091 2542
8411 6026
7868 5921
2139 9112
6104 4029
634 2099
3486 5564
9447 8244
760 591
6293 3901
5336 3948
5957 6612
7466 8101
7471 127
9158 9787
1421 6983
9404 9611
1471 9957
5409 882
7722 1253
6487 4184
574 7993
2452 8547
3097 219
3264 2972
9454 9865
2714 5111
8937 8268
9776 1871
8845 4142
2064 6342
5204 5552
5461 2287
8215 6512
417 964
7013 2271
2005 9411
123 2541
1795 7338
4923 3449
2976 4485
3878 4398
3213 6910
4392 2780
820 4118
5372 7401
1174 8474
7612 7991
1330 8368
7546 4033
3680 7331
2421 8392
5751 8810
822 7843
6905 878
456 1038
7022 8558
1906 4644
4788 2513
1443 3629
3693 79
9365 7461
3631 9277
1439 1818
6903 3912
9531 7423
4070 396
2847 2744
4236 2532
5206 8493
9405 8041
2673 2294
9171 5255
6852 4062
6894 4874
1175 7564
6523 1016
7130 3646
5991 4405
1290 4342
1444 6959
5739 7467
9379 776
4118 5582
703 9365
9010 7982
5487 1543
6874 3462
2661 1687
1781 6923
830 7844
2643 6380
6268 1520
2258 9516
2887 1392
2015 1949
8789 3516
1456 3717
2670 7900
4258 3380
2217 8927
5933 837
7289 5634
6048 1029
2953 9237
8081 902
6121 5476
7641 6107
2452 7538
7738 5120
6901 1081
1830 1243
3662 9829
4700 8346
4230 35
3462 2416
1116 3683
9788 5146
9266 2348
4746 5356
4668 9419
9130 260
2309 7741
1873 19
1148 7078
1854 9419
4746 671
4889 858
1756 4484
4570 5409
3390 7875
4623 7380
3030 2363
5371 4060
3362 1130
6819 5647
4431 155
794 4824
2213 93
9772 9394
8851 5398
9167 2220
2997 8426
4501 6318
9016 6818
1324 8542
2046 2031
8209 8810
4804 6094
3274 1079
7645 7621
6608 4983
4917 8580
5964 8828
3079 8308
3331 8844
7912 5326
5534 4425
6009 1749
6145 4309
2163 2474
4775 258
9377 8228
5388 5036
9116 5610
7084 5662
3608 8001
5803 8015
7711 7641
8582 2638
1011 7240
6507 1117
6599 5746
9730 4895
7299 2177
7678 1118
4069 137
289 15
5744 4542
3015 4921
8989 6086
8623 3795
8380 3435
8780 7539
5823 5448
4974 376
3013 5310
963 8302
8015 6701
645 420
2743 3324
7477 2940
5548 1021
6541 6781
2435 4608
7315 4791
2566 9120
2908 3809
6310 1958
523 1787
592 3848
6047 8710
4775 1576
9554 4490
4436 869
9565 2045
6103 8201
8108 7468
9006 9154
9600 2188
5627 9999
8835 8250
6801 7937
1818 8512
5858 2998
637 2267
7247 9952
8 4492
8411 7981
8443 1059
5362 802
921 5685
7406 3967
2697 7130
6259 5171
144 8938
4489 4743
3254 4668
5643 5615
5775 4440
7241 8729
2200 841
7124 2720
6006 9071
7007 1117
3329 619
9069 217
9281 8692
898 2690
6341 9111
3136 5205
9779 9471
1717 2848
7947 7448
65 6686
6234 776
8879 7480
3751 4816
5829 8668
1095 3455
5547 7799
3193 8903
9939 598
4806 581
8377 4066
8805 8792
6573 3717
9939 395
9192 9408
4393 2888
1685 619
6949 4173
4499 1810
9061 1766
9961 935
5136 1515
3753 5844
2901 1452
2203 2668
3053 5899
6977 7803
1520 4781
1291 2677
9980 7361
8465 5777
2134 4493
5872 7904
2904 388
7919 11
1928 4141
8484 6620
9799 2739
3953 6395
9065 1270
7032 7623
6361 7532
2218 5871
9078 4500
9766 36
8866 3195
5394 8446
6859 8437
1822 1594
762 4798
8750 352
9185 3392
7698 8998
4768 2358
6313 4263
1493 1994
1225 32
1635 2263
45 8527
2354 6829
9695 1458
6474 6595
2203 7948
4169 3898
4014 8046
8774 51
314 8746
2847 8841
6123 773
7194 4642
4341 6792
1646 556
913 6050
4541 7696
4361 7994
1699 5511
4712 5997
454 4255
9259 3010
5452 2764
3408 6936
4068 6689
5272 67
3039 4738
1323 5442
3833 8092
5263 5389
7575 9531
2974 5393
5568 1634
1273 5967
2272 6848
5344 9924
9728 9949
4182 6066
305 3660
1233 470
3742 4476
5358 7532
9231 5143
3868 8722
8474 2456
2987 7379
7475 9866
9427 3770
5754 795
3515 2696
3949 2614
7413 7015
4453 2472
8541 2234
7791 772
4390 7499
3678 3859
8423 8600
8137 561
5975 1957
6389 2390
7267 4334
5779 6079
3068 8560
1914 7943
4458 717
9581 8146
3803 8163
1965 297
6351 7321
7736 1106
6063 7822
416 2736
8032 7156
1505 59
1241 1604
9783 3222
1129 3789
4359 7703
9132 3958
270 4688
9462 1053
2226 9688
4874 2315
4194 4705
5392 2852
2262 7432
4812 2222
4305 2306
1904 1793
3906 3813
6274 5071
7608 1474
6019 9279
2486 893
780 8740
8842 1208
9905 5901
6923 5066
9953 9061
3693 7970
700 4896
8262 7959
3615 2490
5914 4101
4308 3383
80 6727
9967 1830
1274 1409
6390 4681
8150 5643
2592 3969
1624 4755
2248 578
6935 72
9915 5107
403 674
2061 7705
1802 9866
7492 9416
6602 4725
2027 2352
3322 4727
554 6998
3578 5940
5038 2052
7432 5752
1889 492
5770 5700
9004 6613
9228 5115
2293 8480
7738 4433
2094 2425
2085 3361
6642 4501
6099 8606
8005 7888
5164 3146
3872 6673
7666 1334
30 7101
8298 7075
2744 9832
7158 9528
8470 4197
8493 4482
5209 3151
5010 4373
3371 9004
537 5720
1123 8718
7871 8774
8977 2432
8165 8700
9742 5515
4518 8140
1331 5660
3558 3718
1428 6600
8096 3302
8082 9164
3553 7582
6073 6064
114 3375
7246 9172
4913 6003
8894 8776
6944 7692
5024 564
7558 940
1621 5137
9713 4714
7641 2412
4021 3345
3002 1129
2705 3158
1783 3625
2437 6688
4343 4759
9923 723
2494 2365
4093 5469
7103 8856
5876 346
3948 3680
8292 6181
8398 505
1779 8848
2411 6938
3783 6462
7125 2911
2858 2727
8114 2543
8742 657
9762 8238
1345 5824
2565 3958
1285 6813
6073 8761
8613 1425
430 3685
7508 8752
7518 6427
3897 700
1032 8201
633 181
9271 3298
741 2468
3874 2704
6211 6943
9096 3283
3122 9303
2196 6578
5685 203
6084 1181
5714 8945
1228 6371
9105 7065
4788 7458
7618 7199
3508 3489
7680 5188
7249 9185
4831 6017
3356 1657
850 5792
1211 1197
1547 2557
7503 5380
8565 1810
6015 1395
5026 196
5379 3695
4980 3351
1484 3983
8359 5020
7620 4208
4368 8493
1663 5688
9119 9984
7095 71
2265 4792
4082 5250
1143 8948
2476 7347
1632 8231
3932 1054
958 2184
1252 4810
6659 9997
7418 2722
9569 2784
696 8734
4622 6258
4786 7653
2132 8313
9851 9587
8091 743
5150 3495
9446 257
4891 2803
9643 9300
7231 6106
5763 9
7322 1663
8967 2099
715 536
173 2836
5133 7959
9577 3099
3878 6814
2087 1794
1316 5374
881 9907
7002 1118
8566 8432
3799 3457
583 7528
578 1516
6376 3572
3437 215
1003 5639
6092 3394
7796 8259
7644 6799
3515 1100
5495 1691
5419 5445
8911 7800
8905 2449
7834 8380
605 5362
1213 1614
8976 4727
1674 4689
9471 3325
2883 4463
7297 1864
6083 88
3036 1051
2363 1852
2640 5676
196 6388
5827 8381
1919 7127
9194 6722
5268 4481
4006 8965
2604 7541
7659 1335
3807 3479
3694 9222
9453 6723
7975 9549
1768 5492
3786 3987
4578 4497
237 5595
9779 6485
7498 1095
4678 9468
7192 3777
5632 3721
9344 6478
2483 7874
2840 8664
665 2380
9639 909
1864 8473
1546 4475
7227 8043
7489 2858
8275 7975
5599 6626
2822 9305
5427 32
5454 1866
7641 4987
8364 4318
8497 115
788 4700
4564 8546
3650 2837
6508 1133
5758 1542
1784 5000
5206 9502
4786 1560
8539 6478
2919 6304
6664 8515
4048 4640
536 709
2500 4722
1235 5589
5432 6705
8621 2049
8165 4056
8933 9175
6659 3723
7423 6790
2216 2912
8250 6240
3327 7082
3464 8817
2309 6872
1506 3041
889 607
1220 3647
8250 5879
5875 8015
8264 5842
9147 6528
1186 2627
5901 2490
4844 3049
7054 8485
7384 5597
4503 7116
651 3993
1968 9821
3164 4879
7616 2702
9872 415
8037 1499
1265 2123
7533 355
1693 1740
9947 691
5404 5023
6581 3501
5699 395
9292 5761
5491 4024
5012 9263
3566 7857
8111 8684
5860 2975
7536 8267
6392 3335
1496 126
2396 2618
4272 1453
2953 1933
1702 6466
5506 4406
8920 4693
8636 7036
8020 2968
5358 5308
6653 4699
7350 5106
6719 1
7902 9102
4213 6377
8008 2530
5939 1560
7085 1509
8502 1740
363 9713
4423 6833
7331 2693
6164 2718
9714 9857
3192 2479
7354 448
3134 6698
8901 6955
3079 2257
545 2003
3151 2232
2750 886
9463 1279
5314 4159
3769 511
5391 2421
1434 303
7746 2090
2147 4124
6996 1516
9730 54
518 7628
896 3396
907 5995
7286 923
4333 7150
6360 6995
2937 784
1426 2957
854 4382
4597 6753
4851 4920
6518 4883
2941 4940
6874 9409
6144 9845
3269 7017
7422 9644
209 7942
7205 971
1729 1815
7319 4498
1619 1901
7552 4031
7748 8354
1788 6805
6325 8572
1722 2106
3060 9492
7521 5382
7293 757
8196 4713
5005 4737
3444 7457
2130 8710
6158 466
5399 2406
5219 7890
6997 7117
5491 9847
4793 440
2535 4209
6113 6086
5089 3441
5133 4752
206 6447
1427 5694
1390 4905
2062 4710
6248 7583
5172 5124
1919 9612
8840 3375
3774 1856
6401 2379
1879 5364
154 2010
4919 9340
1181 9803
2144 4347
5444 2232
1335 9330
3755 7035
4874 8938
5763 3010
3046 1310
3342 9359
5984 2482
4605 7146
1552 1096
452 4538
813 8836
402 9628
8604 5313
6200 8684
8291 2605
1172 9012
7018 9664
699 9253
2097 9880
7718 9136
3486 5058
9513 9382
5020 7976
2963 6176
4796 9642
2953 8920
8093 2195
3128 276
2836 3779
5190 1752
9086 593
5136 568
365 6096
3170 2221
2370 5312
3672 2947
6131 6349
1924 4610
6763 5096
3891 4388
2070 2776
8580 7107
2592 2218
6482 2015
8812 9090
2285 146
7429 627
5445 2983
3873 772
3032 5559
6803 4546
3956 6172
9262 375
4438 4048
140 8140
8470 1792
9239 9836
3744 2946
6335 4046
6471 2325
320 4573
7807 4377
9245 1384
7221 7911
7272 2783
2955 3020
8091 8170
2685 2741
9228 3240
7978 9117
5015 6680
258 3896
936 8765
2937 4629
5572 1983
6188 5763
5023 368
81 3495
9450 5603
3246 2025
4222 2138
5561 3810
5321 9849
2687 5153
8773 867
2308 4363
3491 4371
8165 1843
5313 9641
900 9791
1277 92
5416 6891
8112 4815
706 3684
7872 9567
9922 9008
5480 8778
7639 2692
1119 4293
6373 4620
8725 6718
8003 4307
8996 8309
8805 4130
6521 9161
8605 9116
2862 5053
7415 9853
7174 6858
477 1681
7769 8658
2893 4653
1694 401
2534 7896
396 8997
7939 4128
4056 2024
7165 3263
7212 8230
4028 2526
7537 8159
8705 2205
1222 2749
4233 9517
9082 3230
4648 1748
3409 8195
4714 5674
6314 442
236 1389
3671 8624
6797 7390
3300 5869
4035 2337
3246 8296
5104 9386
4159 7321
2449 7805
7192 58
9361 9685
1205 1562
1330 3071
3496 9300
5936 7112
491 3727
9919 5254
7694 8560
9479 8496
6618 5136
7121 3244
7178 8401
5872 7885
1966 6551
8162 6857
1178 5249
4554 2354
6750 3513
5831 3592
9350 7533
5171 2453
8450 4325
8074 3012
8433 5722
6592 6183
5257 3814
408 2406
7206 8578
4731 2214
3585 7021
2868 8088
9176 5683
2472 5900
9376 6515
634 8469
4271 9142
3106 973
3930 3006
7512 5225
6356 6963
7251 5562
5267 9172
7112 9695
1735 5031
4363 6243
7623 368
5960 8281
8839 3303
8820 6201
2066 2385
9135 9351
6440 1284
3934 12
5589 3544
8545 4653
8085 4705
8361 5512
2250 6410
6207 8842
2999 6585
6057 7105
3293 6779
968 2008
9688 164
5656 9224
7717 6610
2978 8101
7529 4880
9545 8271
6762 7304
1600 7429
9497 9806
34 4333
7464 5972
1245 6216
5301 2954
413 3064
3499 7477
8799 2427
4856 5037
3687 1665
9087 8174
3342 134
5308 3161
5133 9340
7787 7459
3017 9803
7225 6392
2802 3360
1786 1858
4955 746
8689 6538
1720 1067
6196 3161
7598 8167
5796 2078
1739 5319
8205 6649
3860 9741
3580 2131
6078 8577
9014 9397
7939 6932
8880 5959
3211 9304
507 169
8800 1649
4529 5098
5871 4322
4136 6057
1811 4337
3333 7947
4933 4805
3048 8299
4706 7781
885 6421
6596 8061
4586 7072
9568 4549
2743 4813
5093 5463
461 2167
9985 9407
6783 7395
5974 9650
6106 9130
1198 2898
174 9345
9669 4613
7631 5352
7809 1979
1315 2170
5204 983
2964 39
4302 7303
1654 2669
3767 6901
5112 7281
4968 1683
4585 9169
1338 9820
164 6685
3228 3750
3022 5582
2729 6616
3139 9325
4984 3185
661 9841
7855 6295
3 9968
912 8463
1725 5605
7993 828
1398 6180
8439 2894
7071 197
181 7205
9142 6802
848 3304
730 3586
7332 8679
829 4605
9558 2029
489 1584
7184 2629
3654 4774
403 1507
3726 1692
7294 6449
8336 7243
2506 7355
743 5165
7292 9845
3203 4208
2893 7479
9854 7168
5140 9769
7421 3733
4855 1422
1282 7611
3767 8081
3109 1081
9583 546
2152 7941
6578 2361
5024 4227
107 4018
4244 4961
5564 2329
1234 584
3806 3454
1962 6912
7254 6564
4287 4570
4583 2765
9863 2582
4667 5018
4783 6913
3227 3313
8895 352
534 6221
919 2088
3607 5664
3785 284
5083 1742
6533 1353
2747 4359
6230 9161
8759 8240
2711 7304
1275 229
4605 1706
3605 9049
5055 3857
7124 4947
9206 9038
8645 77
6491 7711
6018 6317
6498 8390
6843 469
6884 340
1640 1836
410 4976
2042 41
8937 9401
6545 3688
6807 6022
2661 7907
4184 6957
7850 8500
1425 1701
7321 3455
9600 6151
712 9825
338 8412
4954 4928
2615 5431
5489 6656
8918 9777
3450 8714
3353 1744
8786 1499
6692 651
4380 4976
1552 8043
9402 2582
7578 8063
4271 1610
1623 2820
8937 1182
6749 3534
5823 6092
6251 8664
3931 8592
760 2162
1231 3632
58 3218
8970 8746
479 8529
823 9372
7139 8133
1576 9036
4474 4814
9103 9387
2459 7570
5216 7840
5633 6214
7695 1110
6154 9714
677 3588
6926 9908
9937 7638
7528 8072
9959 3556
8410 2553
2989 9127
1022 1591
3875 2112
9862 3808
9529 1707
7891 6388
2137 4219
1574 4403
2444 8683
8997 8965
4825 1735
1426 3938
8952 2633
5208 1860
4384 9186
2510 3862
4650 9599
6678 7125
2930 3150
1577 2213
7793 1750
6733 6876
2575 7255
7967 6833
2413 5720
6431 1619
4308 6435
9680 6798
4594 8084
2941 1930
8608 4521
5770 869
4723 3337
304 8547
3515 4918
6619 7283
8217 1515
5239 2545
3256 8759
4791 1824
1071 4037
7342 5553
106 1703
9905 5820
1889 1483
7422 8050
2405 9307
5043 1678
5516 633
3867 5592
3170 6674
3208 9968
8341 3703
5449 8740
1467 3609
2812 1298
8901 9522
8278 3792
471 9894
2478 2778
5599 9442
6781 7900
7792 4959
5996 3076
828 6317
944 9797
5103 4998
7057 9234
7645 4318
5077 7721
2309 9475
5904 4615
6038 4357
1869 2787
35 5604
4808 133
9748 7668
3952 2392
2570 889
9094 8568
4339 8157
6402 8041
8760 3213
295 2844
4353 2719
8181 7735
9695 9952
2856 8881
8801 4023
2087 6629
3567 1790
369 5674
118 1061
9764 7682
4405 3387
794 2989
6728 9968
1457 364
9728 4065
2083 451
6709 5158
8205 1676
5416 1659
9221 1224
8443 373
7750 6620
7750 5069
2830 3466
6625 6329
6482 8115
2054 4034
9073 8026
5817 1292
9405 1431
678 8478
7331 912
6277 877
2156 2652
2978 3378
4143 9047
8971 8225
7260 5690
3521 4229
9312 5602
3801 5632
1206 5116
1058 6537
9795 6405
2044 6772
4260 5142
9059 8298
9356 1214
8817 9716
2920 8875
4663 5584
1389 5807
3681 2567
9508 2438
4372 1142
1467 1878
2975 5130
182 9897
5505 8640
7390 56
6606 5815
8934 5745
9694 724
3151 4750
2726 6616
4922 3913
1354 8559
6902 9680
4496 1421
4107 4132
7846 6155
964 2396
1022 135
394 4092
9289 698
3358 9219
2030 1240
2115 9940
4841 9577
3117 4965
8614 1995
8137 3419
9152 7100
9001 6640
4602 988
7112 4496
5891 4676
9600 8273
4040 5706
2083 2008
8193 9803
6547 4007
3510 6716
9863 3409
8098 3425
9555 8384
5356 7232
2350 7539
754 9217
1661 6150
4117 5428
9601 2699
2148 4245
4142 8420
1479 9798
5051 4403
1044 924
1784 7407
8893 5711
2055 9413
3048 7574
7137 7628
1320 3454
3637 6582
7691 6708
9206 5488
7898 3481
8617 6241
7614 9401
6268 204
4113 9024
1052 9906
6650 2213
4601 6075
423 6147
4759 1684
1823 7712
6781 2120
1693 1617
6216 8891
6928 7204
5962 2504
3302 2039
8583 2294
265 4477
2839 1016
7315 5698
5330 151
2484 9332
9297 9207
7524 2277
4277 3352
6252 2203
5498 8732
4573 2906
9711 3939
2922 862
115 1438
6713 9917
7489 123
7931 8331
6340 5327
9901 1444
2874 9965
3067 951
5544 2286
8959 4510
8199 3619
2846 6693
9649 1205
9339 1206
316 5471
6353 8793
3212 6913
1802 2538
117 9394
8634 6366
9413 5806
2865 2773
2426 6978
1322 8397
7129 8304
9140 5950
1650 4116
7674 3928
9416 3860
1240 1236
9093 77
8711 3136
6000 9622
2484 304
5458 6972
6639 9537
8636 5694
9984 4304
7675 1403
6542 359
9415 2845
1589 5514
6210 6587
5565 7711
4118 6080
890 3905
563 2518
9409 171
4138 8682
5182 1249
917 793
2327 8207
3409 9879
5783 3898
1381 7156
4232 7104
4591 1464
5106 8979
3416 9956
8988 8080
6030 4937
2691 7317
4445 6540
8350 2378
4770 5614
5859 9416
9168 7548
7491 1455
5194 6461
9452 4869
7698 9874
4401 1454
2548 7521
328 9695
6037 4831
6180 3843
5895 4276
5432 8235
8924 1198
233 9579
732 5461
5448 8755
6648 4697
2967 4422
1430 1069
7041 4798
963 9346
9420 7557
3084 900
1651 7257
5321 6992
975 9744
7444 3937
1928 9793
6157 6291
6018 8555
9487 5402
3967 1545
8189 5615
6679 5101
1627 4412
4594 4314
2509 8942
8460 352
720 379
3139 2454
3152 6478
4299 383
940 2904
2589 2290
3461 7588
4755 8458
2832 6323
6479 9583
3573 618
9117 4319
1374 9492
8463 3279
8083 6355
6897 2660
1269 6449
7896 7313
5557 3796
4404 8722
8581 3777
9758 6344
6664 9967
6451 3981
3491 1144
7857 3166
3424 671
8532 8751
3759 1111
142 3606
8220 1814
7375 398
6588 4261
1782 8542
8054 8735
3360 4809
9979 5773
6656 3969
8484 6177
545 2967
7761 8973
7959 5736
5417 8236
3632 7100
3331 1603
4837 6238
7334 1835
194 4489
9565 2112
1908 4548
5745 8074
5950 1807
5171 1378
9838 5716
2420 501
4038 5455
7737 8381
3268 234
5453 453
33 5559
6138 9263
3147 9675
5641 7874
9235 2016
9456 9564
8093 1212
6064 7112
1686 1692
4801 5229
4813 5051
4 4110
4787 3068
1256 1267
6616 7025
2431 7419
4595 180
6011 2784
2621 38
7039 4262
5788 6486
9704 8707
8555 1544
6861 3190
845 1244
2962 9518
8180 1524
5776 2556
9209 8574
1108 8525
720 1627
4935 4411
3883 7404
8114 4967
1666 584
5801 9064
3949 5845
6606 9923
2260 3275
4949 4224
7464 3435
2857 5606
4750 1594
7902 283
6157 8803
642 4984
3023 6004
760 8393
7975 2982
2732 4791
6844 7757
4467 5474
7761 5336
2043 9384
6913 9228
9493 9453
5980 1291
4998 589
1872 1781
9264 9445
3550 5093
3236 9430
1274 8892
3201 7981
4353 5621
4433 845
8600 4942
4189 5419
3945 4195
5857 5483
5235 847
2270 1642
3016 6467
7322 6598
4357 7898
9755 3464
3649 6658
1794 2179
9877 4118
3358 2566
8298 1457
445 7273
8930 7762
1084 2476
5477 241
5727 3634
4487 9427
965 2547
101 2937
7369 8068
193 9315
1221 3267
7015 3565
936 2488
2977 7195
554 5098
3121 8708
549 821
8418 8561
6122 352
1099 9351
2635 1259
1598 7555
8214 6909
3160 8039
2519 8194
3826 1002
1090 3168
224 2804
7432 562
2327 1286
2687 3636
3009 7101
1365 560
9114 5859
5797 2824
2084 6885
1036 5508
9253 9613
605 5277
7102 1234
4048 2627
3643 1081
1131 7829
8731 755
8825 512
7208 7330
7559 7957
8118 3792
2872 1841
5779 2041
8234 2254
3285 2843
5791 8912
8338 3675
7165 6309
3859 1720
2184 2567
9679 1474
522 5567
9260 3748
1934 7058
9837 5487
8523 4118
3544 9821
737 1737
674 8695
7692 2811
2343 3898
7798 8430
6874 4211
3222 5771
3294 1779
9519 2345
7734 5858
1633 4118
1299 6818
1828 7950
69 7972
2872 9292
5346 9861
9311 8756
5271 2142
763 907
5421 8107
3838 9573
5051 6338
6591 1589
8912 6684
4000 2415
2931 4612
8681 1099
4814 4479
9817 3686
6696 185
5454 3210
8225 8424
4586 2869
3126 7776
5619 2792
4558 8427
712 873
2465 7765
4042 748
9448 8854
8100 8004
8494 1626
4693 83
7526 2075
9802 2034
3661 3269
6859 3190
9513 5050
3121 6710
4757 5688
9560 4820
8649 1643
1878 4066
2901 7371
8574 4140
6586 846
7194 2864
3428 2547
3593 881
2423 5119
7718 8024
9432 7849
1326 6748
7021 7448
1550 4536
4508 9785
714 6530
361 5368
2165 9082
6735 3442
554 2277
2918 4904
6523 8470
3582 6362
3303 3321
9533 1139
7248 6739
6978 1198
545 2506
1772 341
6172 6714
1377 1321
8709 1697
9721 6359
2538 1288
4184 3792
7314 3658
6975 8785
1527 9894
6575 6534
820 6069
1180 3112
5301 5791
7339 7318
7600 1079
9787 143
1153 380
649 9246
6983 5604
2081 8208
7329 2015
1202 7210
2765 7562
6707 6136
3077 682
2062 631
3989 7686
4321 413
8857 8885
63 4178
9538 7628
1259 4852
6817 3356
637 6526
3963 4776
4352 6704
3267 9569
9116 6172
4948 1111
5679 9059
6100 6125
1169 1085
5504 1264
2585 5058
4687 9247
8674 3705
3018 4184
4323 1508
5508 721
5888 2606
73 612
7689 4782
4815 7995
3978 4284
6991 128
3751 7677
2371 4178
1457 9125
8640 6776
2790 2233
3071 5102
1852 6751
5004 8863
7205 9227
5638 6660
2779 5763
8463 5762
2610 6875
2780 5472
6847 9035
8026 5844
4298 596
6781 4789
3908 9285
8567 9566
9717 6673
3892 7316
2515 6777
3182 6349
869 1182
1748 9357
6113 9997
7599 9845
1365 6623
768 8525
2416 7291
5383 21
3426 8624
858 3672
3360 9167
5690 2085
2551 2133
6489 5478
9179 3042
2195 1639
1685 6348
9117 2481
193 4209
9251 3019
3079 9358
9855 6605
7447 4561
690 3296
4063 359
9059 4517
7635 2436
810 4139
1314 1626
2417 3697
8399 5732
325 6147
1706 7771
1712 9927
4297 6138
5465 2812
7117 1353
6306 7557
7562 8111
5331 8957
9844 3726
3371 191
2248 6278
5954 9689
8416 684
2122 8981
8999 2266
3352 2460
2193 1053
8017 3345
2141 8212
7670 9727
616 9199
6048 8100
9398 7159
7157 8126
6942 5595
9117 2477
8130 95
1769 727
2935 4481
1386 7108
6401 6617
2189 5646
4109 5990
8208 6959
3815 9131
1158 1262
5306 3102
4888 7370
1902 7117
4895 9228
6875 1172
5447 7377
8100 7574
242 596
1887 2733
6628 9714
8025 3785
4263 398
453 8398
1310 6434
6088 5917
72 4774
6887 1337
8730 5727
6980 5996
5508 7008
2117 3485
9875 6880
8272 3977
2425 8131
8560 7574
7714 1250
1949 5582
3942 9217
662 4049
1888 5565
2156 7370
6729 6821
1337 56
1597 4237
7697 2716
1244 8724
3783 4970
2140 7624
9605 2706
6474 4952
8645 5305
2940 4406
1631 1694
2864 4209
1458 1484
8602 6392
8819 1032
6177 9619
7562 707
8136 9726
9754 5982
233 9729
7921 488
7727 9965
3213 5328
7384 9987
8156 7532
27 9952
907 3278
8242 4323
520 5834
132 3720
5913 6726
4835 3055
6628 7941
7938 5098
9949 5963
9496 6665
7570 8802
6651 1467
5940 5092
2185 5152
2363 8137
5409 3043
4137 2949
374 5241
4151 8807
4233 1777
2251 3259
6789 851
4920 9575
8519 1253
8323 9901
4258 3832
2299 8410
4334 2000
8184 3703
5275 9413
9842 1838
6749 6045
5456 2468
5776 2832
1116 8460
9679 8014
3872 2742
3211 8341
1901 9003
7323 8698
5434 3374
6831 5446
9315 3302
3494 6027
6794 4412
5325 8102
4701 5369
504 7462
6291 9746
7861 6230
6722 6945
8939 8032
6058 376
1892 4566
9389 3554
7438 8469
3771 5232
9035 8742
6882 2799
7826 2270
8125 7650
6532 8848
5384 7330
9689 3635
8035 7553
3319 4754
8037 5733
6553 1294
631 7415
5237 8715
6231 1824
1650 9821
7530 9829
8740 9453
7582 148
3820 1776
1119 5872
4814 2068
249 1207
3211 3441
9006 2684
3481 9679
9628 8411
5359 9927
8879 520
9187 4160
6547 3742
7372 1296
9924 8583
9820 9873
1431 2765
9953 6867
2862 2205
771 7958
2872 4689
6002 1139
9485 867
8667 607
5882 1581
8666 4309
4110 274
4416 2884
3242 6249
8213 2753
8994 3330
3670 4966
2090 1836
8739 9708
1270 1930
6448 6911
1073 845
9577 6484
4549 7736
8270 9694
9958 8169
6692 6715
1032 4701
6727 9407
2455 5632
9868 7689
7963 228
1625 1148
7120 2239
4877 8102
671 965
9064 1239
7016 8596
8551 5359
5952 4034
7011 452
7984 4712
5579 1819
1322 7023
6500 4323
9040 2104
5996 8708
7933 8844
5266 1606
5661 8133
7100 9137
7709 5173
2398 5009
8521 9612
2699 2714
4813 4846
3719 872
9329 9937
9664 3667
6583 846
5608 1276
157 6609
6357 4145
5344 2451
3524 8323
1985 6026
2831 2059
2767 5062
9583 1026
7300 9195
8134 3662
2359 6637
5860 6931
1107 1777
9992 5360
9411 3548
237 5494
1993 946
5582 8449
9795 6783
8257 5226
33 6859
4921 8731
2979 1239
2661 6544
4812 4354
9405 595
3873 8767
633 1427
7931 7111
8736 7300
1184 3610
9137 8941
3995 5249
9201 9491
9187 428
6280 6774
2919 5083
7620 6204
1888 999
9713 5873
205 9586
7847 9175
4952 5574
6547 8162
7310 2382
115 215
4130 1540
6176 7243
8095 4959
2050 6652
8881 9478
6470 8259
3274 6991
8855 9510
4255 8175
1851 4561
2189 5324
6382 6448
1350 5403
3033 2885
5139 3901
9364 5433
3081 2125
2804 9268
4048 5482
2737 9810
9186 5655
7751 2769
6297 9598
7209 5878
473 6093
6974 8960
3881 2286
2479 6021
1751 1955
9449 1686
4767 2996
4457 7168
8088 5051
8411 6574
8882 9645
429 3156
8731 8750
3518 6005
3130 5632
3312 4524
1615 6591
6090 6668
2032 6559
2722 404
9593 1022
3199 2568
2957 7491
4507 5068
2215 4136
5994 2406
3992 9578
5365 4508
3241 4237
6595 9097
1238 3623
6571 2704
4016 9954
8513 4356
971 891
221 9057
8894 3155
3375 9273
4936 6603
2174 1235
216 5583
4907 8455
8155 754
3903 929
4533 6303
5440 3181
3450 1047
1125 5748
2356 6235
3410 7699
9901 8281
6424 2040
2946 7425
5810 9603
6778 260
7454 8329
5244 1365
7420 9286
2133 6754
5221 1327
1062 4997
7225 4410
4613 3410
652 3689
4758 7408
9881 3403
2785 3418
6536 1715
6166 1970
991 1386
8673 2042
8990 2332
4107 1710
3034 7308
9431 8789
4949 7532
4973 3763
6764 2998
8247 5980
1260 8186
1010 4567
6421 1743
6214 9411
782 2427
2915 5450
5714 8416
7944 8406
6182 4706
1434 811
2825 7625
7389 9450
838 9664
7853 7557
3918 1721
5190 5345
5167 823
5667 4259
8559 4063
736 8331
5898 6802
3945 1075
4603 405
3558 4761
773 9150
9970 4536
9348 8779
7154 8757
9815 3363
8718 2311
553 3105
5861 165
9742 5194
5272 257
276 7831
604 7471
9187 1613
2768 5530
5938 33
3393 9643
3177 4452
2467 8981
6420 3479
8564 8367
8638 8806
738 5826
6942 2171
5448 8287
5697 6907
1785 6481
7285 8206
2410 6407
276 5039
1063 1369
4007 2991
2098 650
3369 5798
3490 9477
4191 4374
364 5226
9125 5167
1804 243
3793 9643
1359 8790
5670 8912
196 2095
9491 5939
3068 3069
9301 9645
6601 2201
3600 3124
7917 9357
508 7993
8306 4277
8316 2760
6965 6673
358 7851
3670 9003
9063 6218
2555 6747
5312 2639
8503 4557
6165 377
9570 7879
8944 3112
9313 6259
6525 8788
7872 9503
4447 2098
1135 4315
9489 4937
534 2477
5378 1986
1655 4001
808 2351
4770 9100
2103 8233
6254 8641
4422 1211
7800 2422
114 2597
8689 2141
5938 565
1430 6468
6113 9320
2124 7109
280 3260
3022 6364
5172 7128
5471 2128
495 8254
5677 3961
7432 2218
834 6805
9000 5701
6829 3690
7906 1024
5932 3094
8212 4409
5573 9520
7165 7332
3405 5499
3907 4061
5528 563
9117 3771
1534 1776
1986 3703
1370 1377
938 4728
9298 100
1603 5229
3196 7247
487 2705
2540 8384
9203 9330
6431 1683
876 6723
6568 4094
1504 138
1283 6196
2955 9597
4734 3350
1398 6771
2491 4
4857 4799
9000 5862
596 4051
2276 410
1168 7507
9449 2523
2630 7531
9809 8397
505 3480
7617 2530
2177 7723
9807 5899
1095 7327
7941 9848
1905 8715
8619 5964
2195 4958
379 9782
4001 8093
1707 3333
6893 7059
4408 1849
296 4581
440 2658
5554 7002
594 8812
1243 9450
9253 5743
4106 2516
58 3922
5690 6379
2137 7147
6583 2056
4974 5754
166 1921
6804 9223
7953 8184
5912 7982
3732 735
2786 4737
4764 1988
2667 7982
7665 5155
90 4286
953 8776
8166 6289
9965 856
8623 4932
4084 5788
9149 7592
9374 1504
9196 6627
4014 2494
1542 2660
9749 2383
9325 9515
5088 5850
9203 5978
7399 7100
6091 2963
345 83
8319 178
7491 2641
8122 6240
7738 7291
9312 3628
96 5858
7722 5425
4716 713
4381 5502
6125 6421
9978 3099
3332 5680
9833 4284
8748 7680
1348 4060
218 9072
8732 3444
4273 5561
3397 6820
1782 1796
5085 3109
3909 560
9237 5218
6674 6108
3333 1601
9956 7616
9763 6469
5398 3824
2575 5523
2024 247
7946 6912
6960 2001
1678 1333
6778 4643
7526 7190
4634 9980
2274 1519
3717 727
5552 1818
3449 4393
8800 1223
5556 4190
9744 3094
1943 3708
3768 979
4869 1664
7882 2259
1690 1826
2376 89
3127 8894
7764 1181
6401 1219
735 4671
6734 1215
2594 8218
5510 1583
350 6447
7924 6199
9719 1731
5505 4728
47 9019
8239 7681
4998 1404
7806 397
5164 1137
9478 609
9691 1721
6246 3661
1409 8981
4671 5014
6395 9063
5985 8161
1036 443
8942 7486
5729 4737
5405 5526
8849 4410
4557 2157
3518 1989
1036 4079
3984 789
9024 6033
9235 8540
6809 2754
8586 5381
9429 2350
7205 5478
731 7608
9509 1431
2844 58
9961 41
9096 5405
5730 8892
9417 1105
4114 8956
6892 3890
6290 9103
7601 1115
9334 8352
4400 2846
4964 5255
2316 7869
5829 4797
3992 3447
1037 9554
1204 3825
3104 6642
5376 3493
4315 9888
1031 3592
8368 4498
6455 9024
9307 4109
127 7194
4225 5097
310 7227
236 984
6034 2282
754 9048
2326 4180
6697 3905
7005 938
5603 6613
8974 3823
1525 9748
372 2849
8259 6949
5443 8748
9420 8153
2738 7446
745 7409
1582 8223
9112 5554
6326 5760
6045 6408
7001 81
3161 7938
4432 830
2521 5824
6059 9729
704 7304
2663 7959
9431 211
5126 6649
4246 314
6847 7052
2861 7363
1491 9882
2476 49
2539 6110
3536 549
1163 8517
1049 8927
7532 6
7091 7893
990 2251
8439 677
2127 3985
919 8263
6444 9632
6167 9607
924 7270
5316 4782
3326 2792
3369 4497
8107 4967
3645 1463
4367 5895
1993 2787
2261 1769
4675 6034
4212 2349
3975 8859
6432 1485
6431 2373
3948 2888
5322 4647
2186 6297
8205 778
4313 3748
4666 5182
4176 5582
5880 1180
9276 7383
6259 76
4480 1352
5093 2706
1510 6164
9941 6376
7791 5418
5106 1321
1588 2420
8231 2982
0 8166
3488 5508
8088 9933
9911 2152
1756 2299
6788 3614
5640 903
5467 4189
8682 5238
269 5032
4016 5066
2666 6250
922 1635
397 3576
290 8915
2228 4526
1291 2894
2358 9774
9098 2017
1570 6560
4163 2202
9000 6423
1030 7104
7965 2568
6080 1006
152 8406
2210 5933
2933 9545
8461 4298
5281 7183
3521 9770
4557 8345
4825 3817
5062 5797
8239 8838
6020 2387
3062 9915
7021 1631
2519 5023
6849 9597
4051 5330
2283 9059
348 7608
9653 1255
1780 6124
5643 8560
8971 8350
250 1956
4437 8691
5861 8991
549 4349
8928 7513
8506 9421
1256 6601
3796 301
8808 6601
2627 9534
2518 7385
3494 1002
5021 7490
9039 9948
8318 9020
3597 5960
4357 9883
335 2874
7450 3802
7790 6763
8178 6990
2384 8446
8837 5081
4706 6876
9813 8033
8170 9129
890 9277
1150 5016
948 1229
564 1563
5994 476
9879 1244
4395 9865
6388 2663
445 2999
8593 5343
3704 3918
107 32
8689 1955
3999 3880
7340 3682
2369 6313
1325 722
6101 6695
7113 9316
3324 6529
738 6983
8746 3978
150 9352
5927 5127
8536 8662
4086 5769
7528 1670
7335 1093
3190 2212
1748 3354
3136 3589
8518 1038
941 7528
831 5880
9470 3704
6793 9317
5959 9245
8603 9097
155 8439
8695 4341
3808 8716
4730 4710
5754 3055
3866 182
8460 3614
9847 8052
8785 9584
4415 7281
5665 1343
9231 5410
6287 4403
1800 2389
6815 6477
5449 7728
4448 4043
2409 4297
5646 4751
7485 6424
6402 3465
5902 5255
1355 2800
2641 1829
9916 408
3841 8942
9495 5958
2744 161
5374 8578
8041 3294
6431 5909
897 8779
646 7183
4161 6010
9818 5861
1817 7927
772 6766
5181 5567
9719 8077
9275 8397
7967 9354
3428 1680
9383 8851
8 1761
2909 405
78 9330
2132 3931
4759 9148
5960 1343
9409 356
1604 6435
2876 2005
5000 2736
7049 2427
6235 2912
2666 6354
9117 6640
5213 607
6272 8787
7755 9925
1073 7846
1367 6931
522 5601
7788 6479
4482 2013
6713 8267
6124 6280
9786 8193
4448 3893
7147 4642
6435 8250
3434 9629
9873 6978
7182 2480
4103 582
2877 1522
9157 2973
5816 5650
6086 6343
7401 8955
7175 7589
1561 9469
2107 5087
6548 275
3112 5651
7989 7199
1150 3669
7299 2373
42 1014
1548 4245
2058 4471
8349 9734
5439 3669
1039 586
5091 3338
2107 1938
7378 4580
420 5814
8692 9108
7807 1197
2209 6519
7578 3252
6474 1509
9666 957
2946 5870
64 6957
5095 7227
4211 6327
5767 2107
1878 1256
5881 7295
8293 3459
4685 1950
7355 6724
4663 8779
7874 217
2080 9479
7220 2867
5642 9269
23 374
9640 5260
7731 1278
1675 5910
4818 9076
4021 4729
4803 9554
8273 9621
4292 876
1599 1619
1157 9651
1844 7669
4628 638
9066 5271
7427 3523
9797 2538
6137 6178
9978 4987
4376 3509
9931 9909
813 857
9107 10000
4563 7111
9153 2952
2875 6675
9617 6276
9115 5089
2077 7522
5563 117
2736 396
6728 7538
5499 4134
1518 9597
2214 5926
9818 6396
1658 2099
3548 4965
4953 5930
8567 9193
9693 3241
39 7809
4586 7847
5249 6843
5722 5007
6058 3749
2988 7082
6437 5561
4578 4396
8012 9753
9512 572
7131 3558
4604 4939
9879 5347
2782 5018
4900 504
6121 1137
2056 3951
8149 5993
1163 97
8257 831
6579 4636
1328 570
7894 5882
4562 2425
7699 9956
8129 1524
8146 3252
8516 1343
651 3340
1429 9424
1531 9932
2981 5732
7128 8819
3439 5713
4213 9154
7356 1724
7772 7236
67 9637
8484 5948
9456 5589
9645 88
1189 6158
6354 3795
465 3312
4906 1496
5891 4084
3832 2866
5672 6758
2268 5868
5609 2220
3759 9518
6103 2695
9943 3298
3416 2818
178 349
4878 8293
1369 1896
4741 5399
8480 7714
4562 8767
8192 4432
9252 4233
4098 575
42 3236
1184 583
4515 9875
9927 4099
4799 5078
9471 7003
5980 3643
4301 9612
7846 8466
9422 3998
3525 1356
6136 2922
7374 7761
6192 6029
3584 3895
915 3608
2182 6184
8743 2413
2537 3555
9075 1770
6665 5135
5360 3773
1559 1096
5575 5210
1585 295
8187 5638
9240 5169
7723 3815
5395 4360
8321 8972
2047 6555
7077 3687
7944 706
7382 6306
3237 597
5432 6862
6099 2797
6460 3433
7687 4378
9746 3973
5547 8549
3431 1445
9961 9822
1624 9741
4163 4411
9412 5157
9758 4674
7304 6907
685 7669
4135 3013
3910 8233
2113 4683
6363 1509
7679 1499
4890 8258
3378 2794
4850 2262
9501 6496
6783 80
3523 9125
546 776
7054 7779
7195 5639
4526 9220
4387 8380
6804 4469
3896 791
4911 3040
7852 6919
6498 1846
7913 1621
8921 9205
6228 3434
5473 6709
5517 1886
4073 2118
8016 2829
8100 9122
6336 212
429 2439
8729 3899
8934 6764
6363 327
7122 6476
635 1165
8541 1535
7789 3549
1687 6781
8189 4214
5594 9862
689 3132
3837 7015
2550 5949
691 5859
8189 2688
5543 3779
6006 5319
2220 1716
7652 3059
4380 3165
4209 6862
1881 1910
8336 9094
4845 6895
2984 7841
1179 7986
3950 5934
6471 4643
7965 9711
4774 1072
1469 4126
1366 4674
3497 1
4711 7206
2627 4885
3679 6354
4122 8559
8550 6573
4662 6461
9063 4453
5907 4474
7522 6267
6111 1230
2466 7629
8240 3173
3346 4098
6643 4927
1939 9776
135 146
5627 8989
5228 2552
2890 3623
5034 9209
1463 495
5581 2570
8790 8201
3484 331
3967 5478
4254 6712
2250 5926
6387 1872
8000 3593
135 4574
5600 414
3180 8712
5753 2168
8801 567
905 9485
3802 5529
1355 7969
9087 3789
2777 7668
6565 6006
8316 2378
8359 9217
1148 6362
8855 6109
8100 9942
3766 5121
6224 3565
8304 1870
5666 4865
9697 3434
2733 8499
9418 6469
2759 9174
858 2112
2991 7758
3236 3112
1967 1954
7077 550
780 7471
4576 9933
6952 9154
1716 7970
614 4927
4475 3918
7619 1328
9092 8861
9255 6303
6372 8551
3936 469
3568 2536
9163 9091
7054 211
8684 7763
935 3324
6133 5016
8449 7787
4809 5425
9401 453
7932 557
5707 3247
8026 5485
9234 1303
7301 2027
2915 4141
7699 9898
8614 6078
2394 8126
8861 9384
4040 5790
5826 7320
8865 2120
5755 9403
217 6356
428 6326
9600 5890
6398 8430
1395 6977
5272 8287
5289 151
8064 6246
6597 9915
9527 3921
5790 6715
8726 6812
3982 9941
1288 776
2550 1811
5234 4113
9467 7282
29 9618
3613 8838
1622 1742
4251 3180
1741 5787
9007 2709
37 1618
8965 9100
9173 1093
4035 9737
6189 5743
1011 9024
3847 5675
9841 9295
2432 6851
4644 2560
9034 3118
7768 9212
6553 4829
4536 309
9922 9439
8760 1072
3445 4296
1183 7672
8437 862
78 5822
9995 9541
854 5298
4105 9440
1905 3849
6309 750
1680 4698
7411 9448
4764 6263
9760 7751
6683 8481
671 845
6861 7411
5607 3549
3847 3502
6326 5403
4076 701
5554 5228
3677 9872
3570 1767
9741 116
2551 506
2740 1702
6735 6366
4268 8155
7077 4684
4140 7394
1768 1500
8647 5044
1749 5036
8979 9207
887 862
7321 944
3990 2208
3584 2387
868 1706
2931 9905
8463 4117
2934 2382
8164 7169
4885 6701
5320 9341
4144 3574
9387 2399
526 2316
2730 1546
8130 380
2490 7685
8550 8744
4244 1378
9034 11
3813 805
7672 7036
1465 9441
3097 9402
1167 920
6510 5521
2037 5928
7510 6476
7000 7557
7741 9998
2053 7620
5232 7055
2596 2513
6 6331
7099 3211
2158 3345
8011 5170
4445 8436
9636 5002
4815 490
9818 6202
227 4571
6126 1835
9449 5546
1648 4096
9288 7628
9098 1797
4903 2014
4060 7084
3484 9510
735 3923
4321 7928
6905 5362
7338 1479
1798 7433
8683 2382
2802 9233
6901 4275
618 935
7351 9279
9553 4169
9556 5207
7676 481
5004 6561
6777 5824
4167 6903
4883 7061
8799 9783
5307 177
8223 511
7855 3595
162 7644
8189 6593
2530 3043
1035 5312
7576 9196
1377 5350
849 8359
7108 5086
4253 2139
1482 5664
1395 8650
283 9362
1961 5582
6237 6446
8088 231
2358 8637
7147 8635
4814 9750
8739 1448
4605 2208
8916 6082
7013 7632
7457 6510
1032 8054
6843 6471
6849 2863
2991 5850
5186 9309
3949 7682
5712 8324
5922 3701
2499 226
1581 8803
2776 9895
768 8705
7219 4749
9224 4542
5244 9357
4208 6011
3676 5048
451 4778
2697 7963
339 7550
9356 3186
5420 4669
2725 3028
4283 5549
3506 9057
4754 104
4730 3939
256 3924
1332 6595
5744 5789
932 4013
5724 8881
558 8774
3191 4863
4414 9212
8398 6724
6123 3434
9542 2214
4080 9910
8847 1478
760 9241
7958 3877
1660 9537
9804 830
9184 2214
3716 3872
4652 8596
6353 7208
6569 5107
1999 886
1087 7381
9888 4517
1432 4492
9799 4831
8772 8600
117 1993
2723 5156
3477 7497
2225 8082
5619 9509
4399 506
405 9017
2156 3402
8827 4830
4633 4923
2212 3286
6793 4528
4306 194
1914 3401
2525 937
9474 2458
7478 9987
3884 220
6683 4260
4147 3500
9889 2101
2164 6948
7576 8987
8505 8998
2960 2701
8484 1044
6152 500
3518 8909
3627 4167
7275 6583
3697 9458
2933 6500
4669 8198
7659 6359
8269 2872
2638 494
1762 6348
9412 242
7643 564
3145 3985
2783 724
6011 9593
5584 409
1322 7798
4925 1428
1749 4086
6226 8980
2127 8894
5104 8693
527 3876
9811 6592
9084 4622
4394 1212
9694 8090
76 5791
812 8366
381 564
5272 9099
5560 1256
5219 19
1680 8718
7808 338
7197 8335
5332 170
3326 1534
4505 8573
3722 8659
8941 8914
5057 4142
4482 8782
5689 6793
4238 5246
9077 6918
3462 844
5618 5821
7441 8044
913 7865
2455 5024
2555 9841
283 6988
2473 4355
4737 2480
672 9719
2933 6926
811 8411
8731 4751
1770 3607
2673 1548
6556 597
9737 9128
6516 8609
4387 8363
4868 381
6155 4776
2869 2590
9696 3440
3965 4628
5487 1837
1911 2849
5789 7462
4051 3333
103 8731
9712 8922
6422 2902
3223 3438
5103 4216
2504 2327
4227 2124
1664 9596
2756 8496
8451 8381
1736 6083
1359 7920
237 7234
4801 4349
6408 2425
2496 2462
6567 5426
7896 5822
5013 147
5538 7384
2246 2659
2203 1262
3764 7299
448 7207
8391 4334
4284 1189
7912 1056
9975 895
6853 6858
3361 3600
2417 9030
4613 3103
8595 2990
1443 6010
2641 5128
2854 5329
5999 6330
7080 2243
1315 5199
3609 9862
8798 4460
5277 9199
6099 889
457 4105
5058 9561
2286 7321
7997 4532
5392 5998
7466 3602
5364 6749
193 61
1980 6140
5246 4866
8060 4734
838 972
1155 2746
9066 4177
1488 8173
5708 6025
7347 748
420 6627
516 1689
6469 8184
8817 7198
4194 5584
4418 93
3463 5962
7401 5826
4486 3208
7468 1162
7224 6767
9208 7424
6211 4377
9330 2213
3306 4160
1457 3141
670 1579
7511 563
5849 3591
1162 8328
6746 6128
9673 392
8892 7784
1537 1685
574 7138
6217 7060
4889 8631
8310 2719
2401 6893
1376 2384
3047 3825
4725 7962
7399 5208
5169 1184
8657 7746
7730 649
8739 9367
2569 5901
6024 1588
992 8606
928 4565
4943 5065
8848 9462
2389 9091
933 3205
3018 7795
5166 9757
5741 5348
517 6432
9745 7841
5900 684
2231 7655
1913 196
5889 1102
5323 4534
2041 7052
6072 8336
7613 6152
4437 5913
8109 118
3792 7972
909 2909
1009 2999
2439 3915
9358 8458
5870 3903
2527 1234
3745 6791
6519 3622
50 2252
8779 1773
4807 9338
3283 8535
5722 4685
6649 3385
8309 4301
1252 9822
4917 1448
5976 6934
8691 4542
2288 6792
9710 5249
7000 9307
6801 1765
379 3040
1335 4971
6059 382
5750 4868
8196 9861
6367 4118
4526 3469
2226 9565
4760 4199
5956 3145
2372 4299
6153 1426
650 8063
8295 3982
848 4682
3034 3866
1658 9177
4834 4262
3648 7893
6040 5314
9789 2602
1392 4953
4382 9098
3569 9091
8304 330
6624 2863
2049 1381
8562 2430
1379 4306
2313 4850
9126 200
2180 1368
2339 8518
3948 456
9757 2633
4422 1128
5228 4607
7129 4622
4117 4520
8699 1387
6150 8662
1293 8742
2044 5009
9966 7093
7121 6989
310 3947
5942 3593
3395 5734
4756 6675
969 6553
360 3939
110 3303
4310 2372
1420 4217
553 9630
7562 8617
1190 9438
1565 4012
9404 4079
4024 7046
8271 6223
8046 5006
7274 4141
493 1948
3248 7707
1033 5286
5788 4906
2660 3927
9956 9410
6102 8272
634 1591
7940 1635
6158 5350
6610 3960
1824 3610
4593 464
5745 2702
8974 9871
1157 2581
2625 1925
8040 9627
4680 6395
5388 4895
4242 1476
1815 152
7363 1339
920 7320
6566 1474
3188 9741
7473 6567
9075 8965
4615 4828
1199 4647
7413 8498
5589 4767
1922 2893
1002 7716
491 1774
8735 4051
178 6013
3351 5698
7357 6788
1294 737
9906 2878
1077 3689
7048 153
2113 2497
8647 5057
8544 2541
1583 5139
1911 6079
2251 1974
2332 7338
6116 5949
7508 6665
1520 1196
2883 7306
9207 3643
1140 250
5013 8759
8716 6068
9585 1585
5714 6706
763 9936
5573 6316
5597 520
7062 1651
4567 7395
5555 1858
8974 7542
4896 8107
9473 7961
9979 9990
570 9834
1384 3750
6410 7440
8851 5439
9975 5937
9294 8041
4806 6670
3699 8768
1782 2817
1581 2252
1950 4428
1820 2947
5750 5340
6166 6643
4469 1912
5886 8649
9648 4500
3929 4526
4014 2474
1550 9794
3601 9073
1406 7874
7966 7880
9943 1970
9984 3531
4314 2978
8347 5109
681 7476
2886 8236
5922 6909
64 9395
150 8997
527 913
2083 4379
1292 7604
560 2377
2149 6471
4492 4969
7555 9710
8562 352
785 4092
3112 8582
570 317
6972 6928
666 7660
1731 6053
8385 6008
113 5718
2288 4935
9768 859
7175 3937
56 731
8603 4310
8323 8900
9473 5731
5063 1001
6430 9160
6110 2441
466 2813
4467 2977
3704 6776
442 8506
8390 3903
6495 2637
1980 5530
2186 6737
6292 7324
7720 538
9098 1886
1461 8648
6523 196
5330 2692
875 9472
6620 9429
2111 2116
2635 2042
1052 6492
8356 5500
788 6494
6534 5060
9696 172
2625 2456
6215 1148
1393 9757
3720 8877
5944 1612
2323 8673
8512 6691
8396 5515
1935 1639
5324 6422
3765 9889
9168 9283
106 2694
7613 2321
3253 1366
1446 1142
494 6146
4889 9800
5393 4364
9598 3154
6646 5888
3489 5797
7761 7119
9690 9145
6160 9274
2057 4388
8655 9572
7931 9605
7987 6773
5675 9308
2464 2691
489 5218
9431 2325
6898 837
906 3085
9086 4819
3454 7343
2124 4992
5921 4828
2146 8949
9834 6644
5333 9755
7076 4764
7606 9195
9655 6871
91 2305
9170 5144
5852 9929
9133 8450
1522 6851
2454 1606
2314 4188
2758 3271
399 9007
6034 4723
4500 1254
2793 6829
3051 7126
1863 9712
2142 2122
3628 2108
9674 3148
2235 9752
6507 1588
7201 2227
6417 1122
5829 6123
5345 5762
9193 7447
9739 7210
647 2170
425 3682
5614 6047
3343 7906
2801 4125
1302 2489
7962 58
6186 9509
6659 5511
7861 3784
3633 5534
3575 3669
5848 2284
5362 7926
8807 3112
2121 282
5438 2328
3530 1889
9085 7419
9711 1629
1129 217
3577 3606
1985 5302
2555 8480
9999 4367
9966 8549
3905 6707
5955 4235
3135 5843
8024 1913
624 7845
3222 1463
2021 9478
7629 7897
4648 2563
3774 8998
3459 1017
8080 4892
8426 7559
