placement model: 1slider
width: 10
height: 10
number of points: 3000
8495 3822
9059 5118
3343 1105
6504 9403
6043 4797
5204 9196
4591 3541
4289 9979
4009 5784
772 7375
1980 1725
4383 8493
9798 2460
2518 8500
2364 7050
8930 8307
4693 4392
9491 5651
7741 1693
3768 2409
8854 7493
8908 753
5804 2438
4995 8742
2494 5269
1942 6615
354 2931
1074 8297
2686 7445
3643 5263
1927 8357
5565 3338
9911 6624
365 9125
7783 1773
9696 7740
4026 7833
9387 7737
8227 9652
5582 3187
3536 6691
9598 5259
7231 7669
9530 6143
4877 1117
1826 3928
9818 981
2201 3729
9279 1267
4650 2341
1781 5527
6300 4400
7283 2637
881 4625
1520 8432
7032 2630
4553 5835
9624 2663
5061 9808
2832 1462
8443 5027
763 3171
1958 7120
9152 6289
9488 1008
1801 3143
7971 7962
2070 7391
6566 9538
4466 4509
6169 5354
8067 7718
9359 903
6921 4978
3968 4766
2303 9940
7962 15
1391 9689
7138 5798
7945 842
9735 3770
7041 908
2095 1011
5875 3194
7628 664
315 107
8685 4540
1530 7468
9052 4670
4544 210
5390 6095
8158 7802
9674 9899
767 8241
9578 4837
1135 5646
2526 4588
1599 4837
1334 5142
5196 8125
6915 2287
3383 107
1961 3114
4355 3987
6504 7087
137 6648
1966 1553
624 6621
5913 9405
25 4221
2249 6581
1367 2690
9025 6439
9093 8575
7882 3577
823 1059
2044 2481
7976 7138
4590 7853
226 7305
3379 1604
4481 8044
4258 9473
3812 3948
7152 659
8157 3879
1641 283
5198 7524
937 8819
4113 1100
2452 1145
5150 7929
4588 8412
4360 2648
664 1282
2329 5788
4452 708
7461 2126
9939 6154
7774 5705
4135 1692
6057 2651
9486 891
3853 9945
9257 5099
7469 1730
2240 4379
6326 1206
2450 8257
7708 3505
2546 1753
8473 7286
8045 7398
7502 9383
3070 9305
8607 8786
8126 2213
4722 4849
5525 4185
7658 6214
7155 4987
199 2306
3992 2576
5515 9682
5949 4731
3477 9130
1974 321
1407 3058
8063 4065
7346 7967
3807 9539
1007 9401
975 3940
14 1919
4643 9386
8253 8027
5429 2282
2584 753
327 8501
3761 7937
2652 3198
675 9034
6911 664
9226 5551
5683 1436
1183 7355
6628 6813
4668 398
7114 5078
3417 4968
3911 7738
1564 4985
8344 7863
3683 47
3460 7158
8881 3635
1902 3043
2390 7625
9599 5396
2334 6314
4791 2081
5506 1938
3954 7208
8015 9027
7594 1425
8404 9985
8614 9449
6282 2963
7978 8979
523 8658
5444 3621
2502 9291
5616 5985
4427 7095
4900 5708
6495 6355
6411 2135
3149 3621
3861 9275
52 1997
7433 7596
2662 2828
7232 3396
1711 7131
2850 6457
8465 7370
5524 7993
7175 1459
4923 2804
8473 5446
4111 6851
8364 9834
9175 424
3512 4531
7504 5377
5474 3717
8222 5536
3833 9329
7010 7518
7224 1493
8529 4334
5456 3152
7368 8479
7010 8166
9755 2675
4022 4556
2218 5730
6483 996
7766 4825
536 2534
7360 663
4624 1701
9950 9122
8269 4684
2876 2856
3194 6155
7806 7119
2084 2720
2887 1875
8092 7928
6268 8155
8755 1496
2916 6212
230 5836
8123 2615
8789 692
3511 4337
6189 3182
935 9951
6475 5393
7068 9751
6606 2264
2181 685
7467 9145
6226 4392
4830 8852
5075 9388
9116 5658
794 6051
1635 5743
6565 4742
9861 3385
7741 2478
2721 3611
9361 3486
1982 2904
8970 4423
3559 361
2974 3462
135 7620
6333 6794
2942 8992
3757 3811
6485 5894
4098 5498
8172 9967
7591 6227
7384 4262
6188 4158
2806 448
4850 1566
2733 8367
298 3760
8928 6534
8057 1320
9170 8340
8974 6793
3393 2797
5083 4889
4639 2921
1755 2332
3918 8900
1723 2408
3358 1631
6930 6617
2847 8908
6180 7191
9990 8446
6342 7391
2199 6937
907 5979
3493 7401
1916 5826
7347 3291
8811 2932
4638 3627
6951 7710
4320 7886
9454 3009
8936 9390
3990 3626
6755 8500
668 1876
8311 6824
6524 1299
679 7609
795 5300
4731 8390
4515 4036
8863 9739
7325 4175
3789 5089
2486 5443
369 1094
6276 6065
2952 7873
69 506
9952 7391
7345 7231
3812 3556
3738 176
6991 9505
7072 1847
4213 858
146 1431
9026 4001
5570 9087
1335 1067
933 7152
5758 7571
104 8769
4597 4014
8801 9893
2615 5055
7470 2874
4510 8178
1397 2804
2667 2246
4415 2999
6049 4890
1106 301
7571 2404
5512 6277
4894 1058
8795 737
1228 2666
9205 6679
9093 7088
6805 2966
9512 5427
4013 3890
9869 7685
5439 5751
9652 3293
3639 234
4383 9582
1038 5906
9989 7395
976 6193
1153 8666
1263 4585
5854 4403
2913 6434
2306 5742
4506 4662
3552 8457
7347 4147
8284 7363
9805 2713
8432 3272
5721 4025
4098 470
936 1010
6502 1330
1071 7757
1570 2820
7966 1440
4174 1281
9272 8749
9132 3692
8768 9516
2674 4182
9858 731
4466 9951
6674 5483
8409 5806
35 6121
7696 3770
2909 5531
5962 3141
9625 631
3975 7049
528 5889
2682 5181
8893 2409
9794 4382
1715 7964
8787 688
9769 2387
9351 7812
5110 3009
2948 9236
6595 2156
906 8047
2523 3912
3909 3585
3506 5913
279 6278
6974 2816
6230 8388
6398 6982
99 5790
788 6936
7435 3685
563 607
2842 591
8049 6397
1105 968
6491 4795
527 901
8475 3901
1838 848
1614 3482
5279 4545
4910 4708
3249 7968
846 2499
2269 751
348 2776
1042 5150
7879 5559
5036 1850
933 3534
6611 3110
4936 8251
7473 9153
6248 7340
5087 6722
1518 6194
2999 7227
2576 8042
1438 3776
9989 1191
4310 4485
8355 3442
9870 1653
1359 5850
7249 9868
2717 7088
356 2042
5781 3160
1082 4772
7658 6161
3381 6882
7794 4323
6243 6030
1740 1711
3875 2031
7865 7087
696 7638
3976 3648
3611 6634
6150 3689
334 3694
3580 8454
5320 800
9894 3076
1350 1444
5401 1124
8483 7325
3460 4813
103 7049
748 2364
2804 4145
4091 1314
5414 8950
1649 6548
6611 6511
8789 2160
1918 5622
2924 6121
1539 495
4451 402
223 3970
1190 7318
3584 1644
8651 723
5710 4394
7987 2723
5576 9200
9997 82
7632 5565
3732 7893
712 3754
4962 173
6473 3194
2297 2084
5823 4368
5457 8649
3425 9555
8309 6192
376 2455
4175 1164
3688 5839
2303 9484
4272 4930
1176 8001
7687 6449
6558 2016
7856 9605
7352 331
8113 3290
9572 3769
5014 9794
9174 7031
5183 8820
5976 8032
1744 5170
3478 860
3349 1454
4723 2903
3409 8794
7189 4517
161 151
2896 6100
1664 8788
3441 3607
7837 2706
3536 3967
9719 10
3393 3175
1935 8776
9047 5823
9323 2427
4627 2346
9703 1051
529 6788
2133 4674
5673 3292
5889 4926
8553 8482
1448 2728
8919 16
8927 4736
2194 7889
932 7514
5645 7798
5339 7873
401 6626
1568 3968
370 2935
2157 8971
4648 726
9029 3245
1375 4114
6688 6501
4132 971
1113 585
7205 4482
338 6613
401 3525
7987 4715
5764 552
2482 1300
7041 9167
4461 7508
8598 9786
9968 3529
2206 2348
9566 2857
3787 4277
689 4726
8257 6045
9756 1410
6108 846
4523 8228
4264 5148
4635 5137
505 6082
6025 895
6591 1786
4607 5785
7581 1040
4920 1644
2847 2984
1938 7538
72 9936
4222 9031
683 3521
8170 385
3903 8739
8848 1804
1553 5514
9658 5845
3778 3898
3439 8579
9673 1133
3178 1080
8543 8757
4304 4218
1000 1540
5556 3227
6206 3901
6557 8085
5089 10
7751 7551
9950 6404
2219 131
4944 1982
7695 7748
4173 3643
6285 5711
4027 3176
7735 6977
2993 762
8836 1108
3892 9266
6825 5221
8803 8094
5283 864
8377 9848
3139 5777
9662 7205
4979 5651
7512 2541
1273 1376
4950 9126
6792 413
334 8011
4714 9999
3399 8522
7770 8534
845 4689
8759 929
3618 2614
4237 4652
9380 2077
2952 1581
8559 8007
9422 3423
5035 5132
6120 5592
5517 4051
7383 225
8164 9432
8686 2356
4357 5145
51 5866
8975 6733
7674 5963
7246 7591
8562 2864
6070 4235
9367 5676
2669 5574
5367 7974
6435 703
6117 3664
3100 2291
1703 6887
812 6946
9282 7866
7403 9520
5743 1800
1671 6076
1922 7345
8217 1654
3989 8770
1036 8703
3662 9995
1482 2017
8047 5432
2717 1080
6327 4148
5761 5072
8948 9897
8923 8231
3948 5605
6106 7081
3918 6930
7516 3782
4292 4455
935 5967
88 4954
7096 4615
9581 6545
1026 6670
371 3951
4083 4223
9742 8213
5270 4488
5048 8531
5655 6094
4578 9160
7357 4209
7020 6388
6539 363
6199 269
2622 8337
5416 5895
3432 7423
3727 2263
1638 6582
6614 8396
201 6030
7988 1163
4308 2118
5483 7884
8117 6396
6796 5180
4607 2207
1891 31
8678 5094
1477 15
8157 1463
6020 8905
3461 1463
7133 8416
3305 3845
8942 1424
7141 1782
6262 3308
2073 2748
3913 4837
7095 2420
8692 4456
9720 5837
667 2008
9393 6266
6529 7284
7136 4235
3776 1079
4241 668
5218 8175
6667 6353
9571 2315
51 9716
4000 7810
4802 8377
2664 8374
6319 9928
7327 7239
7778 3416
781 1606
824 626
9567 7266
971 4182
5362 4185
886 1780
2912 4692
2712 3948
6959 5377
6984 7191
1764 1979
7889 5397
3797 5536
5632 1961
6715 3664
3190 2747
7050 3413
5946 1225
7403 8285
2240 701
1347 8161
2750 2520
1395 1979
854 4674
8643 8122
4749 7412
946 9115
3637 7796
2263 2374
5320 9266
8245 3688
5881 4218
4014 8978
3112 7689
8668 1732
9637 4509
573 409
7293 1622
7893 4820
3420 5036
7482 3003
7722 7958
2753 5414
7991 5927
1852 5468
6951 899
4632 2124
689 2774
4814 3429
9597 1754
794 2173
2321 952
1230 5951
5383 2037
3692 5266
6885 330
7501 4108
5413 161
7159 6249
4796 2609
1507 2410
4018 5475
3144 1150
5634 5547
753 4837
2646 4215
8171 9858
3482 3511
5706 9760
3414 8393
1648 7766
7372 9978
4827 7548
9437 8514
7933 3107
3867 5829
810 1234
2933 1500
6733 7799
2620 2217
8956 2637
9601 1690
5799 4607
3678 1316
860 4305
4894 3077
4781 5843
7958 4959
143 7732
791 8131
3663 83
5866 3994
2207 8561
3107 7629
6104 3074
2300 9170
3893 3246
6644 3363
2286 9231
4792 2487
2813 9051
2051 3120
8657 459
7437 2759
8992 5921
7128 3726
6664 3052
3509 9561
1181 119
4385 3441
6203 2644
1199 2743
84 5176
2069 5098
3795 5007
2401 327
1430 8688
5563 6306
9496 6209
4664 3441
1648 5141
877 1889
7213 6341
9107 5795
1847 9685
426 7119
8160 1333
2768 7894
2483 8568
5137 8248
5980 7176
4850 6929
6523 2023
1649 9727
1124 3827
1275 7143
2166 6737
4635 30
2134 8135
9595 6682
299 4579
7771 8268
9095 2902
8060 6060
8162 7664
5115 2350
2061 6029
5472 8517
6365 6380
5316 5731
3047 837
2895 2786
2798 2707
2422 2331
2746 1790
4002 6810
8754 868
6514 9419
4408 7316
3446 8556
9972 2085
2508 2394
2037 8802
7776 4823
4567 6224
5871 8954
7098 4184
857 9255
8356 125
40 3796
2416 3346
4558 1751
4885 8708
2268 4668
4601 4321
675 8236
2785 8474
2750 1808
6143 3076
6280 3863
829 6869
6298 1476
4193 9105
6953 2598
2720 9354
7697 6210
1512 9005
6036 1915
8359 544
1636 189
5074 9138
6009 3641
9883 729
7909 4833
278 9302
8793 8597
1814 1370
1145 6315
1939 1158
8632 5668
4484 3644
7424 2033
7475 5527
2773 4593
4208 7839
1879 9391
1336 2043
2157 9165
4986 9968
8288 4357
4437 7386
2711 5043
9763 3939
1533 7338
9170 1812
5065 4333
2377 9930
8457 1237
9797 8708
7516 2635
3650 2814
6261 5891
9499 2551
3297 7093
374 464
1875 9780
3395 8632
1099 8095
2425 1642
5094 2961
2015 6883
1469 1048
2631 2098
2752 1735
6522 5821
8785 9362
7803 3680
8594 8140
6003 7640
483 1366
9386 3278
599 8368
1509 849
2162 9715
9955 3440
4142 3587
1165 2070
8067 8100
5283 4896
8339 1942
6728 8328
1314 2908
6272 4013
2944 9876
6133 9319
407 5472
7309 4000
4538 6049
8566 4366
8674 9222
2107 4017
524 1752
5862 9259
5304 3689
3211 784
8322 2238
468 3730
6093 5265
1172 6575
435 5738
4614 4127
6817 717
7381 7212
5343 336
7540 1735
7720 3474
1327 4761
5695 5625
8885 2042
788 3790
2961 8221
4113 7020
7807 7564
9524 7464
9027 7598
1513 4382
6542 9271
1893 5639
8875 2253
341 6612
6141 6645
7484 143
7828 9234
7033 9624
7080 6789
5681 1079
6421 6935
388 4869
8180 4350
2980 8932
806 7945
963 4414
957 5302
6160 4418
3507 8893
7204 7161
8301 9893
3716 1312
7573 3030
7515 1266
7022 3305
6002 8306
357 8863
8622 5968
4967 5024
1711 8560
4118 9169
4872 6132
5012 7954
6749 7197
3288 6974
8478 3027
6692 8694
2171 1653
533 5799
3158 506
1617 9085
3257 6022
4355 5121
7552 9087
4949 9451
4822 6813
5102 6984
1940 9606
9 6325
7570 5692
4257 8979
8970 9993
6167 7482
6522 4661
5231 6314
8292 9152
961 9058
2811 2046
4455 8999
4357 7433
2198 3583
1922 9458
1307 7111
1310 9055
7959 8584
4777 2322
9504 9754
3909 8727
1454 3786
5065 4852
9699 1382
2973 3945
8153 6369
2362 2114
5793 2578
8366 9685
5325 7496
9016 6911
489 5637
118 7367
6997 372
5947 4229
6297 1834
4825 5773
2246 2494
7106 532
5987 662
3752 7543
5580 5918
299 1884
7757 8954
7229 8171
2571 493
9519 1546
2422 9264
5879 7595
4779 2631
2257 3495
7168 9782
5724 9613
3293 9243
1844 4278
7760 9344
9394 5995
9336 2322
4823 3761
7853 7283
3065 6608
6803 127
9387 5254
1653 5325
4879 6322
9866 3415
8484 7238
8058 7253
9589 5111
1180 4001
7461 5657
8683 7202
2651 5177
3340 564
646 3246
5008 6474
508 9561
6299 2482
7676 8349
3021 8043
3810 9350
3978 3018
5973 4917
9941 7961
6060 6703
6980 305
4965 2601
2863 4203
3862 4934
7171 4734
1337 9000
6217 2963
8280 3127
124 9746
7679 3628
1565 2955
6875 7521
2217 9942
8998 5390
2328 4175
8832 634
1275 3808
750 2237
9279 481
7648 6708
9074 8949
930 2508
7067 6967
9794 1265
596 8462
181 3422
7944 4653
1431 6132
9888 2106
4808 3828
1440 4358
5313 5798
5734 8595
376 7596
8754 8072
5883 869
6961 1955
2279 763
9492 3732
2635 1956
8660 9622
7944 4680
1819 2986
4697 8421
442 7244
3260 6677
3276 649
1460 9601
8063 5331
3183 2438
2669 6661
6592 2184
2333 9870
9293 9715
753 8572
6789 4727
7058 5008
657 4649
8860 7997
9294 5085
9450 2497
8257 2847
1686 8560
7526 775
9294 3715
5030 822
951 7025
7895 480
3496 354
950 9622
2165 3862
816 1573
3211 1056
5150 9565
3701 6415
8101 5190
7228 5198
5211 2432
3375 3640
386 4978
8779 974
3787 7900
8087 3272
2205 9183
3964 1636
6651 4793
1543 7522
8352 1121
8187 4913
766 1822
903 4080
3228 8243
7213 1586
4848 6723
5748 8548
2313 7440
6074 4577
5790 5730
6056 7459
1967 7269
3533 5268
8652 3022
8724 7952
9388 7840
5877 8002
4572 2091
4740 3380
2792 6389
6309 4867
9461 3705
7732 8930
7361 6668
6080 2980
6750 6789
2200 1447
565 8623
8201 2671
6899 9329
2262 7763
8836 1878
8151 9681
5701 2842
9771 6196
2703 1498
8824 1029
2004 9060
9787 6217
6258 2384
9020 2162
7486 7714
59 6959
8257 7048
6879 7431
7414 1008
1184 6855
2764 6660
8811 2104
9899 2983
3886 664
8649 174
4772 9529
7918 4591
6291 4476
8153 6514
4611 8840
4367 236
2023 7406
2964 8617
3110 7545
5853 645
6004 3611
5099 3961
7828 6259
7098 4822
329 3214
8009 9319
9289 6384
1347 6349
1694 5136
4055 7791
9582 9435
1942 9548
8965 5027
3058 3269
5125 3353
1884 2844
9384 1724
6490 8424
1683 4463
2125 1087
9169 6481
704 4155
9518 7809
2765 5936
1662 1850
8944 7645
7054 1754
3753 6212
9598 7528
1717 3877
581 5426
5797 545
8384 1201
6102 8095
3031 3809
2940 9803
768 2121
7227 1839
2553 7483
331 4062
2860 4882
153 7956
5918 3119
161 1688
7543 5195
1948 582
3868 4458
3708 818
5317 8682
9668 2872
4171 3660
5978 6545
7635 8402
5942 4604
7595 1104
3455 685
480 4187
6072 1556
1098 383
8924 2939
2868 9291
8444 8427
1219 5343
6257 4454
6278 6378
6864 4495
7453 8536
5377 964
1568 9638
7104 4613
7427 319
7775 2585
507 6836
1768 2001
4421 3001
7709 8884
6927 1835
6205 458
8113 788
7560 626
3364 9593
4191 7199
8395 3441
3596 8024
9934 5305
368 1385
7710 7395
3401 2937
4193 1100
1227 999
2276 7187
2169 1650
4263 5649
9611 2470
416 1860
212 1023
6622 5100
6551 3305
8487 9310
5610 8074
8909 6442
8332 5699
7366 9240
2182 3577
7701 2816
6664 4605
904 9952
8719 642
2771 7283
3947 8997
7093 161
8947 1889
1647 7497
5511 3374
6811 199
5659 5500
4575 5416
9484 3433
6565 3112
3769 8587
9904 8811
5105 4335
1907 7124
4133 1632
4667 387
3449 6140
4992 2522
5971 1551
9325 9427
1463 2882
8055 2765
7495 4725
1851 6288
4426 1073
6043 1977
7595 3691
4208 9114
7412 3543
524 4261
5669 507
3433 6814
9844 3712
184 9066
1204 4838
4422 4730
5586 2240
2289 7453
3251 9336
9926 2802
3737 1295
3855 7184
1687 5875
1935 1466
2680 8724
9758 5064
7112 3857
9942 283
8048 3986
424 4215
1116 5653
8642 8492
4782 9388
7495 6168
3139 9059
8327 9033
7144 9767
7757 7578
8407 5829
4915 6908
1965 1830
7702 4107
6172 9926
9505 1541
9957 4043
3524 5741
6793 280
7515 160
6525 9499
6258 3636
5084 8987
2524 3856
2647 6020
877 8126
47 7372
7412 8336
8553 7289
4366 251
1609 6039
9415 6215
3344 6026
5636 3989
458 8813
4046 1576
7676 1962
7865 4600
8794 6023
2527 5056
6720 290
5701 6653
4706 5326
689 1399
9580 9516
7281 6658
5373 11
2175 1843
2658 3291
2649 9260
9571 6441
3471 4370
5584 9373
9897 2209
8651 8737
6031 6926
9880 4019
5745 5067
8499 2766
1912 5768
93 2850
8324 9483
9347 3815
8675 3467
9120 6659
6263 8745
2082 2092
7644 2134
3182 9751
361 7892
6364 8045
145 5975
9372 3199
8710 7455
2461 7991
5786 9366
5724 1886
2525 985
1211 6514
4809 2280
7476 65
2525 5162
8924 7028
1149 2921
1798 8545
6809 6998
3158 4498
9291 9450
5367 8174
8841 9890
8868 10000
7475 973
2491 7957
9261 8284
8459 8482
2104 4973
5104 6664
2957 9754
9280 8420
3452 5092
4 1189
8251 4860
8197 6866
131 7329
1406 5175
1322 7813
8397 1786
2644 7337
1282 8174
44 9895
4091 3649
9409 6965
1670 2478
8810 2434
6655 4927
9266 9764
6236 4347
6141 8942
2935 9727
2865 3585
375 3605
5343 6322
4426 310
4722 6750
4295 447
6708 2709
4723 5511
9689 9504
1377 9426
480 7620
1961 2827
3482 5041
3978 8989
9154 5699
2910 7820
386 5802
2449 5802
2340 7122
8691 4732
3389 7314
4740 9994
9912 1688
7993 5616
9963 3038
5509 2714
8734 34
361 7805
4689 8085
5060 5373
2083 8237
1835 9359
4083 7918
9444 8084
1171 2534
7419 6778
3770 2056
3534 7934
7225 3763
9782 667
6339 9697
1200 2935
4531 8452
8221 8195
5999 6589
6866 5432
7105 9629
9191 4298
5554 1747
3313 6789
6125 341
808 5953
9656 3250
2247 7042
7811 4896
8899 7695
9435 1188
3326 6622
8958 1818
5354 8
1374 7736
7927 1406
2444 7820
7675 9533
9445 9997
8699 2675
4131 7959
1810 3758
6215 5692
8110 9599
6256 7824
8717 8826
7430 2726
8285 884
415 4295
3506 6474
1535 1343
740 335
942 855
5984 3017
5324 8091
9205 7214
1375 3355
6378 2566
82 4734
4044 5092
9132 7574
9832 9828
2818 5085
4201 6376
8564 2191
5554 482
6585 6989
6213 1772
1915 3113
5070 2763
8230 1876
3026 3487
58 1408
1213 2832
5618 9180
4445 5113
8645 7470
8880 838
5152 5724
9249 9028
2562 2785
3411 8603
8090 6672
7176 8820
8100 6098
6999 5416
8032 421
7992 4285
2871 1861
5059 7727
1724 9827
2267 151
8222 3197
4272 346
2065 3354
9437 3384
3914 3210
5969 2657
5302 7787
2371 5465
150 8414
7264 3104
8148 3174
2641 7326
1526 4533
5473 3276
2296 9629
5226 1848
7774 6115
6251 1477
5060 1696
5166 4280
9635 4974
9593 5395
3971 8388
9977 940
2205 3715
3976 3405
3277 4240
7019 6916
7821 531
3982 4550
2232 3840
1465 7502
1966 5766
8965 7871
8597 556
8952 4597
2210 9936
7467 8972
6868 2837
2562 3294
3210 4599
7819 7430
3926 8487
2392 4173
2630 400
3842 1346
8847 4398
6595 6212
4327 6450
147 5014
2407 1073
161 2488
2790 5414
6207 1467
2703 810
7908 4233
4764 9568
5439 1635
9919 5410
8775 2394
2069 5217
6389 696
2429 7683
4454 328
2562 2894
660 2770
6472 3211
9844 5296
6452 7458
3110 9116
1540 5388
6957 9602
3349 9488
8513 6546
50 7480
5223 971
5195 6593
1479 7620
458 623
5011 203
9055 5601
2777 4001
9794 4449
5469 7228
9780 8782
2513 4145
6877 6427
1512 4229
9780 9253
8388 9388
4355 597
1803 1451
7190 3263
6406 3378
6515 2083
911 2926
2447 3892
2709 7201
9643 3307
2325 6160
6459 5697
1704 8401
4418 5921
8436 8380
5384 4570
8370 2490
1956 7670
7913 6729
8832 361
6798 7781
9164 2926
5573 1830
4048 5527
2908 8689
9354 5634
8703 802
7553 6456
9725 7058
9592 9546
233 4855
5842 7367
9637 5941
1538 3225
8652 105
1431 817
1058 3242
7373 4570
6421 8352
4901 7474
3768 2599
6062 5438
3913 8253
8750 4648
7393 6401
6361 7030
463 6024
4891 3313
5092 6061
8693 1699
4229 656
2368 52
7092 4672
9124 3802
4313 2400
1033 1342
819 1327
7818 5218
9196 5945
5232 4100
4076 7180
5166 65
60 813
7352 4877
5865 204
3411 5018
5520 4090
7819 7635
9669 4345
5494 2931
5656 9024
5233 9349
4300 8305
3450 2899
5306 6798
9262 7986
8912 5769
9983 3858
6799 2568
8942 8230
4539 3696
7373 6535
5030 5099
4600 1896
701 2280
155 2947
8082 309
9067 5254
5392 5720
8816 6271
1517 714
9262 3345
1940 4399
4209 7707
12 243
4810 1599
7591 6002
7998 6405
3797 8905
9979 964
3974 7583
3739 7476
3564 4224
6323 7980
3570 4945
1206 8539
8200 809
7701 5713
4404 3158
9424 8540
3458 6973
6914 8944
7381 7621
4899 2839
7466 8364
4221 1513
8753 8357
748 8145
9666 3892
7005 2507
1497 9222
3969 9517
4962 7309
8229 8482
6910 4510
9993 9688
1263 8287
471 8962
6400 4361
8830 1188
1749 3920
9935 4222
9431 3536
32 398
358 7458
4253 9451
1758 772
9962 7276
7740 8055
3400 2179
8689 973
740 3741
9748 6347
8112 9539
1106 3884
7423 4902
5341 2518
4244 3586
4809 3653
5146 5660
3367 3107
853 4738
7332 1379
8801 9411
6682 4623
1775 1549
7827 876
21 3319
5641 2225
4918 3766
9780 6750
5130 2735
7034 840
6473 6225
1406 6471
4239 9528
7241 5533
3112 9259
1669 2287
4770 1997
4882 2221
856 6495
8002 4467
3534 8099
3604 6948
4446 2621
3420 9051
5767 5925
8935 8198
5325 3660
9388 3018
9762 4281
1313 2046
3265 7044
6496 2413
9700 8898
2280 9677
1560 4688
687 9494
8092 4401
5651 9293
9629 8452
5684 8591
8745 8924
9530 44
927 3532
2608 2542
6449 9962
6334 896
1787 859
3239 4408
4232 4587
9140 2979
5624 5988
3905 5640
2059 8137
3202 3685
7559 5416
4349 3351
2160 5776
769 9222
3966 6847
1550 3158
7481 8367
273 5014
6980 3910
560 9610
8270 1167
6077 7754
111 3267
7278 4822
3584 9806
4002 9436
1400 3793
6657 4175
5151 2879
8470 4776
4498 7230
4565 4208
2104 5700
3309 7592
1691 4691
311 9185
9372 3396
6349 159
9541 5649
2716 830
9060 6215
1798 1141
7438 2411
3923 9219
2960 2289
9932 3593
7598 9151
50 2262
8316 3153
6172 9758
9130 6188
7616 718
4367 6611
9686 6830
7967 3910
8335 7821
7446 239
8202 1682
8791 6568
4373 3438
6229 7371
8774 1210
5593 3364
6616 7092
2006 8283
5349 5321
5809 2340
5551 2892
5505 2304
9838 5078
1635 8884
5059 6640
7778 6525
806 3598
3047 9323
8117 9608
8937 1355
5609 1090
3700 8986
6538 2220
4075 5786
6974 7159
4127 2817
2520 9006
1296 2451
9627 3993
9886 8815
4097 3001
5775 4136
8186 9021
6618 3361
7064 5396
6648 3650
8091 586
6848 5937
1913 4293
816 8513
6098 8645
7569 2557
6212 5971
86 8166
2068 6508
9308 5810
1566 1603
7148 2342
6166 7398
5270 5903
4992 8326
7647 4129
3589 3481
9820 8183
5512 6381
5008 5553
5115 3799
4862 9573
1307 206
392 7846
3262 1796
1067 5015
8742 7523
3859 7324
2640 2941
7762 9168
9986 5908
8613 7563
7020 4807
5797 4044
2645 7344
5001 1174
8035 4611
426 1138
9057 1967
6249 7427
1906 4468
7327 6383
8450 4042
5859 7529
5380 758
4911 762
4963 4795
2105 2844
950 3779
684 8303
9603 784
8480 6745
3094 7914
4912 3012
4003 7619
3107 2016
4777 5932
5993 9989
4423 2112
5496 9797
193 9445
5956 7903
6167 1735
6909 9681
645 2165
8774 8155
6994 7694
4520 9418
774 8153
5597 9573
4443 7310
6139 2819
771 8492
7436 221
7723 5287
9589 9782
1137 3772
3702 9128
8066 7759
7440 4517
4496 6375
7553 6747
530 1766
2235 1117
8890 2066
6182 1695
2403 5961
1211 4563
6912 8402
9308 1796
5167 6471
2421 4174
7320 7398
9343 3315
4448 2122
4826 3078
8807 554
6458 8384
6878 4905
8785 9346
4075 528
7609 6968
1898 3452
1940 1880
3144 5627
5960 39
2672 3508
3147 3765
8598 2625
9817 8450
7762 9539
4717 486
6392 2975
9621 3552
4805 9537
7944 7805
6096 9177
1393 9317
9888 8794
8923 5663
4273 7240
4317 9535
7676 5581
6204 3928
2801 8452
7935 9666
5993 8665
1394 6581
9668 4226
653 2948
6356 4254
1008 2522
7688 9028
5992 3997
2183 8336
6856 8889
3681 4460
3828 5344
7703 1020
3616 2219
9264 9285
3108 8509
1164 2504
4663 9961
4773 5846
34 1815
5232 3860
398 1789
8026 7196
4437 664
9097 8196
4003 5746
3678 804
4968 3591
7943 2975
5534 1021
8876 3608
4517 1374
2182 2360
6884 5177
7362 9494
1484 1534
6748 1042
212 1861
4580 862
8535 442
6168 442
8281 8275
6750 4770
262 3713
2895 6955
4537 26
2778 9589
6543 1914
3223 7816
4964 4244
3497 9188
4496 3360
15 2662
9389 872
3152 1309
4985 124
8803 9471
3144 1509
3678 2385
5859 4573
9526 6436
1083 7831
4768 9449
8636 7694
2105 8518
1566 8036
1505 1534
678 6422
3130 5027
6791 2257
9239 630
2767 3057
4772 7434
5674 8951
539 6884
2996 7751
8093 9226
8932 4430
9656 526
7950 6846
2038 7672
4301 5016
8789 1344
9427 3547
2781 3272
2526 5039
6655 440
8250 1658
7203 5668
2624 9498
4124 7934
3846 1343
5256 5810
2038 8836
1764 7260
9990 1682
5166 9711
5268 1523
8178 7164
9647 1409
525 1616
836 1800
1460 5271
606 8439
247 694
1642 6284
1355 2693
5017 713
7865 4893
3669 8156
2105 327
8230 8364
8899 5281
4201 5544
4978 7395
9154 1583
1981 8261
1824 6206
2590 1740
8857 6812
5511 5672
6175 9416
6749 5561
8940 3304
5787 2178
2563 9994
5721 7292
4074 9962
3695 2558
1581 4592
2685 1800
5300 7711
4703 8851
9044 8331
7077 6441
6810 9928
321 961
5443 3198
5522 1566
7577 8876
6533 1184
7563 6208
6483 9700
9043 2415
1306 8034
3098 4404
1649 4777
6553 2725
3848 7888
1779 7736
4415 885
9180 5487
7029 7921
6926 1317
8783 722
4564 1319
7517 9226
2328 5137
3654 2112
4060 9843
4179 5818
5196 6395
2042 2196
8879 7248
7676 9854
6652 4434
7875 5023
8993 5744
3593 5240
3077 81
1915 9895
8899 3197
9091 6169
573 4666
1360 8505
9220 1240
4345 1157
953 2148
933 5223
2176 2963
8086 6899
5472 711
6058 568
2367 8205
2192 2639
9093 3128
9578 4828
8685 4069
2303 9308
4859 9805
6190 5892
3669 5297
9007 3256
7312 9557
5728 357
2502 7428
28 8676
2120 8185
5883 5114
7760 3158
5840 8593
119 5223
8107 5024
8488 8500
3558 9442
9750 7389
8045 9876
9276 7916
8931 2731
9966 342
4473 7765
9466 2478
4904 5371
5379 8116
4484 9824
618 5449
9700 2728
4260 6008
7068 349
8016 7648
5317 3975
2987 3625
6979 4411
399 5377
8924 9839
17 2781
2312 6300
3393 9012
7365 3092
7322 8174
252 561
420 3999
6582 9558
3522 7579
8485 4063
9255 2480
318 4412
7989 9695
5175 25
7650 9589
3323 3984
9608 5912
830 1819
3490 7642
9639 5378
5024 7956
9486 7036
3962 6992
2430 5798
533 6288
764 5202
7579 861
7029 1736
9876 548
8362 4969
1336 9475
4265 4060
5704 9390
7608 1111
3852 4850
3218 7560
721 5768
3942 4337
8371 5813
3551 7072
8314 1015
8727 9115
8260 8395
2827 6358
979 1816
1445 1541
8910 1651
7681 8345
5363 9871
4957 4664
655 6473
5832 4796
9508 5401
5995 6245
1581 2283
896 7506
2819 1097
5955 5315
2342 9621
532 7756
7616 249
9123 4116
1926 246
8116 6040
5282 8150
9699 6143
9014 9545
8384 5538
538 4117
3469 3158
8455 4607
9578 2269
2532 8703
8373 4348
2171 38
1835 2026
7907 801
4149 2263
9811 9743
3666 8629
59 4870
7357 950
3891 7063
8733 5859
9899 3227
2350 6106
3510 9266
3536 1243
3622 8966
4831 1842
1456 4055
5274 4157
7683 4673
5487 3429
8824 30
2333 519
76 4392
9504 4561
1062 1083
6624 8681
3117 7699
4885 9243
7565 4067
7542 8241
3895 5695
4070 6451
8531 4788
284 1745
7954 308
3871 2927
1462 177
8133 494
6261 8792
5226 4848
6514 7586
4161 2285
8949 5735
4791 177
2429 8771
6568 976
1881 9863
670 9314
6777 1469
4532 6368
6459 4371
7698 9063
6293 4830
7046 5219
8653 85
900 2860
9962 8936
7205 3265
3938 3206
2578 9604
2439 2024
5553 8315
1256 1850
4844 5877
6208 1337
9424 6497
7587 8798
8609 8518
4944 2654
3414 6943
4751 4931
19 9912
1602 211
9218 2330
4004 7897
6035 7717
5432 3519
1034 5779
692 4568
4905 2530
8646 483
894 3080
2650 517
2414 4729
5565 4819
7931 9824
7583 8757
6090 3604
1631 8338
3207 6931
9676 4293
4111 8308
9405 7455
4281 7404
5789 3135
984 9375
4859 4517
1284 8460
5741 3015
219 1462
5315 4350
7305 8616
3965 6902
7431 3961
3323 477
2285 4102
3849 474
7956 85
7564 4542
6800 1543
2764 4399
1107 8759
30 9084
9763 3636
5267 828
4024 9442
2492 6865
2666 894
3619 2503
4819 4985
5255 7140
10000 3396
4174 8284
3812 8126
8188 9425
1868 4795
4983 9587
4209 9962
4326 6808
5305 5126
4043 2127
5437 6032
8369 6737
3289 9527
5233 3960
7196 2214
4020 4972
3158 3507
110 2583
298 9254
517 8703
1337 8316
1378 735
377 2655
155 3336
9416 6172
5103 4414
3566 6080
7817 2662
1863 1463
8268 2295
9818 8292
432 773
5327 7220
4034 8739
192 7162
3665 7756
2543 3214
7028 4824
290 1930
2193 6180
3966 3439
8839 5908
7442 9841
8074 265
8757 4429
7163 5200
9866 2657
8023 2101
8779 9186
5332 6540
7967 4139
7337 367
3152 5112
2733 2982
27 1650
8752 846
2884 4329
7118 3653
3304 2940
7031 3576
4101 6024
8563 556
7605 1115
6710 3572
316 5006
468 6207
3781 9709
3679 706
8832 1688
8107 784
170 1375
8081 1014
2460 9581
3715 4863
1496 2079
2816 8700
4595 1790
6801 5202
4585 4826
3651 9597
2141 4388
1241 4940
5472 9194
7756 6524
164 6898
552 3100
7722 9375
1107 4943
6682 7145
1609 636
5208 9712
8887 6591
6716 8091
6269 2298
7447 9207
6617 4132
2432 5771
3736 2181
9689 8206
8987 4413
9924 273
1306 7043
7507 1448
3679 8090
7378 7287
3992 5493
2901 290
9595 5404
9376 6209
6462 2332
8405 6762
6601 6448
8547 912
6425 8733
5218 8415
5815 1341
3813 2615
6885 7550
9327 6980
4096 5705
6064 1070
3671 8060
2939 4375
5892 6106
1361 9809
9503 7131
3205 617
3878 8889
7356 4582
8054 3428
2835 7048
4696 5149
3128 491
9619 7371
3795 7029
727 6087
14 4731
8647 9459
2689 8285
3028 4826
52 4390
2769 2127
4624 2344
8853 5132
7838 1176
7365 8053
3345 9977
4512 7470
6067 5451
5514 6395
5965 8342
8347 6335
7816 4879
948 3354
1308 3213
1605 2818
6496 4376
6371 865
4202 8280
9086 4998
675 2929
2154 7389
962 6585
7557 8326
293 728
4176 5631
4452 8998
7716 1010
2704 4339
6683 1602
1344 5611
6986 6732
3323 4997
9931 2508
6868 6102
188 8851
8206 2059
8152 3415
2089 8079
3003 6666
3116 1286
154 28
9428 6553
778 1995
6352 9691
1531 8444
1011 2054
7846 8504
8915 533
4170 8603
2596 6804
7273 204
7798 2748
5818 3187
713 450
9462 9512
196 2978
3506 1278
1886 3649
2453 9627
2818 4494
3262 7673
366 741
1297 5658
4613 980
5899 4374
4864 7825
870 8750
1307 1391
7230 4187
6656 1565
4347 6132
2715 9897
5543 3074
8103 5853
9813 893
4625 7123
1805 3747
1605 4692
9726 4293
5716 2069
4343 2653
3662 9627
734 508
5842 1797
3647 4274
5554 7116
7561 9131
8532 6707
7904 2809
1551 8550
4775 1062
359 3094
883 1080
2002 815
2870 7766
1698 2626
4219 1014
7706 7825
3838 7314
1011 4247
1167 6998
774 1219
1158 208
451 7577
896 7104
9784 9679
538 630
4470 4657
7761 9195
8019 6855
616 6790
1495 9529
8319 226
5963 9406
420 8400
3191 5952
9161 6223
7205 9994
5462 9372
3572 4187
81 5607
5242 3042
56 2810
3897 1159
7946 8337
3986 9131
4710 2553
5537 8670
5813 8086
246 3400
8819 9956
9979 5361
8260 7166
9976 8078
9205 8849
9112 1378
8725 7302
3571 882
8008 8436
2222 8459
6840 4197
8295 5688
3447 27
4263 1430
8978 4786
8197 8338
2375 6455
7218 33
8560 707
6499 8679
6202 8224
2011 8772
420 8249
3660 2453
38 5823
3983 4595
4546 6125
8055 2686
6081 5350
8951 1137
6554 2482
6113 5793
2058 7821
376 2036
1656 4047
7921 265
8323 1451
6224 4150
9748 4063
8487 7781
4211 1733
9469 3398
1872 1783
2344 6468
2860 498
8204 1924
9814 8884
6791 4398
8676 3062
7906 2629
4841 7663
7670 8850
2413 3423
6498 5146
9235 2932
7829 6921
9142 3291
7591 4971
5113 1039
8198 4426
4845 8446
4658 7473
2934 6426
6637 2434
9251 5435
5115 1822
2069 4255
9478 5642
4159 9273
