placement model: 1slider
width: 10
height: 10
number of points: 3000
3308 756
456 5537
1559 4624
9915 4611
1697 5968
972 2214
4660 6139
1528 8334
9668 7013
3989 3953
5052 8548
4560 6412
4411 3427
2033 2362
6907 4997
8435 8351
6566 2392
8996 7533
2230 268
9180 6967
1956 8151
9046 2351
903 6075
2572 3332
2053 4939
3105 1645
7411 8674
6500 9254
3218 6124
7095 437
9621 5870
6050 1339
6920 8160
3662 7195
2903 2426
5679 9813
4182 6229
3141 3481
457 8420
3505 4268
3291 8773
2173 25
8772 2497
447 7969
8538 9574
35 1232
6605 3203
118 3915
8512 7318
6622 1619
7307 6100
5561 5357
1849 9805
6297 3331
5462 5812
2821 2649
7711 4714
296 3119
2925 6562
6907 8409
5090 1526
4848 1273
584 5863
1814 6744
2234 771
1465 550
1644 2647
2950 396
6313 2778
5550 6500
9710 8851
3769 481
1812 5459
7138 4563
5570 9485
6154 4330
5944 5893
2504 2450
9724 7279
5557 8003
5025 6807
5913 6688
2891 9080
6409 7715
8034 9868
7173 4556
5663 4131
8962 565
5613 2219
868 7752
1989 4944
2353 1191
258 4812
7321 9160
7086 5779
8753 8196
3351 4189
3564 3224
903 9407
8778 9754
4710 1612
1648 7468
9086 6684
257 5411
9095 399
7679 1318
6184 3654
3218 7264
5111 300
7776 6676
8844 218
1423 3758
1254 9144
5233 6184
8517 8656
3455 4235
2670 1732
8623 4629
7425 8755
9489 7923
7519 7919
546 2785
6091 7108
5056 5081
60 264
4837 9728
4462 9107
7805 1459
9779 452
8776 9700
7534 746
8072 5468
5154 1217
137 8145
7118 5549
2836 3782
305 1503
3042 5689
3718 224
5672 3144
5116 1664
6677 9669
2879 8579
7981 3880
7306 1430
1918 9536
7320 3342
2080 4651
9519 1472
5519 517
1829 4696
7245 3825
8732 1570
3947 1861
6606 9727
7013 8239
6194 3359
6489 4554
8448 9822
636 1998
2103 1320
3721 9665
5843 2419
4681 8099
9157 9787
118 3452
3794 4046
1880 6659
7897 957
6644 5514
2366 1251
7075 7147
6131 2486
8965 3041
8882 6310
89 4464
7072 3782
305 7932
4407 4690
2663 3988
5684 3977
5930 1075
842 6162
5261 7783
4466 8069
2405 6115
1313 1579
9742 9259
5063 378
6135 4162
6741 1785
4521 7670
9057 116
3830 5503
1491 3125
164 8474
3340 7245
1609 4370
721 288
2686 4737
5569 593
4489 7322
6174 7416
5768 7595
895 7142
1761 5480
432 5316
2003 1454
1686 7947
3029 4283
625 8036
8789 1243
1241 3990
5965 1388
265 4026
3595 8815
7329 456
1968 5973
581 8470
2645 5506
2911 6546
9690 9929
2266 3877
5651 135
3840 634
8179 1484
5720 85
5264 5337
3475 6485
8250 9978
6485 8200
2515 7493
3630 7469
2780 7650
6484 4952
4105 1892
1267 3814
8250 598
7160 9516
8464 4532
1290 5032
128 5365
7106 3383
7173 9285
9390 7244
8513 356
3119 7394
6182 3574
7215 729
3712 6515
3291 6352
7455 310
2085 9600
3777 4713
6539 4901
6863 805
7133 3579
8095 806
7370 898
1540 7623
4953 4566
1365 4900
8475 8338
2765 5921
537 9539
4514 4706
5612 7926
6235 6351
8297 6354
4068 6641
5638 5309
186 5548
6040 3885
9437 5081
2827 6308
4560 310
6994 3086
6481 649
877 8698
2569 7534
9068 6955
3696 4045
4387 4374
9282 6578
3088 6690
8819 855
8967 686
8918 2357
7494 3776
6110 8154
9381 4993
6732 5368
4044 8830
915 9490
5609 676
7677 7712
9064 8836
47 4188
1600 4866
6011 8247
3072 6128
2024 3106
2253 9762
9740 2667
1196 4904
503 5792
831 6900
4763 2584
8252 7532
2598 650
558 3320
7023 5636
2063 8596
8272 4791
6442 6994
6943 3692
5322 7522
4930 601
5746 5144
5305 6088
8085 5330
3620 6598
8128 9812
6516 9160
3193 8486
5018 3267
6093 9262
5605 6994
8349 7080
6493 249
1987 8330
8940 3175
2515 3856
4517 1025
5293 42
1046 1153
7908 3566
8174 8271
6779 1689
8834 5105
2482 6321
2229 9723
5175 9772
7275 4016
5247 376
8564 2475
4738 9281
1018 7329
4675 8994
7128 9386
5871 9484
5917 8117
6680 6641
4384 5354
3994 6283
3347 2243
2671 7620
4110 2346
7664 8484
6520 8911
5320 8093
1255 4695
4382 4779
7086 1631
7617 3315
9436 371
8556 7848
3370 9010
2968 3064
4127 313
8941 6864
4931 5839
8194 3924
8555 3824
1955 1653
3909 8900
4383 8365
435 8447
4837 6799
8120 6381
1055 8064
8225 8152
8667 6194
473 3104
9844 6484
1590 5826
8375 1388
9716 6891
7576 9852
8832 6372
3313 6891
4659 5118
2032 8241
5396 4703
996 8276
9399 3688
4027 5776
5076 2150
8627 9926
2380 1406
6139 7551
1616 5490
1444 9983
6548 3477
2671 7105
7463 6351
2662 1290
9535 1510
6108 9124
2320 2372
5591 628
1172 5716
2661 9797
2257 919
4193 8402
8619 1197
6539 5138
7299 8657
9198 9067
586 1847
928 6728
6819 2140
294 92
3876 8974
2280 4625
3741 3408
640 9178
9414 4851
4916 4836
9323 8026
1400 1580
8368 9160
7580 4336
1648 1000
4294 6466
6736 9776
3569 7076
6305 1750
3493 2632
4919 9681
7851 6877
3240 6945
9793 9347
5540 1611
5312 7449
1777 3610
6544 5969
4303 2126
3977 7188
4942 6100
9104 4596
4876 7194
9859 869
3102 5826
5772 4945
5704 4844
8460 4555
8001 6114
2852 2760
3668 4349
6984 7385
390 7363
945 9795
1408 9356
534 3529
6967 7022
2209 3883
7081 41
2623 1914
7695 9424
2853 5303
4898 6363
270 5319
897 9577
9082 3971
4847 7327
7552 4897
3314 648
5328 6863
7065 638
2819 6048
4083 7423
3496 1385
2944 1303
3898 5856
8996 3917
9218 9901
1950 4372
5797 87
1514 1042
7542 8277
8852 1809
5869 1406
7388 1929
7055 8262
1556 2481
636 6544
438 1155
5875 9538
589 525
7679 3668
1329 2640
4624 1943
4417 8845
6599 156
681 596
8195 4002
9854 2403
2483 5337
3981 1587
8942 8421
57 2437
9773 6300
8962 9324
4421 3371
1996 6811
4841 148
3762 1120
6430 1255
5053 9635
6712 703
3830 1435
4085 1011
603 9022
1140 9246
6277 4702
1835 9760
2375 3732
2092 821
2326 7941
3902 6552
8133 6046
351 2486
991 1376
515 7581
6273 4813
2206 3362
3792 3872
4404 1553
4493 3959
723 9649
2093 612
9863 9796
4504 9250
7387 5310
7042 26
8892 3340
9284 5648
9607 3562
1372 3050
4286 4496
2008 8786
6159 4939
3861 6335
7860 9391
1041 6937
3723 8745
7408 8248
9761 746
8262 3382
7703 8331
5535 1261
1903 2828
2 7433
7704 5754
2193 9843
8550 5117
8470 6624
4506 6202
8602 898
6409 8942
5694 8144
1352 7610
3373 426
6978 9306
3713 7584
6263 4567
7580 5230
8512 5438
2015 2117
5353 8578
8277 1384
2450 3211
5204 3696
309 8915
1305 6625
7987 8245
6603 3393
5668 4829
4420 2295
8524 9117
4610 1428
8181 1508
5136 9815
8805 3646
2954 4697
4208 6073
7001 3506
7503 1634
1494 5929
2591 6911
6185 2137
8170 1944
8124 6768
2978 3385
5741 4841
3341 5470
5049 514
9468 7285
5787 6351
1334 8187
1828 7150
7973 864
3835 4686
6609 1376
3282 2753
5945 6258
4258 959
8091 4777
7703 3743
8508 8501
6377 7727
985 1930
4601 1896
1234 7944
9996 398
2500 2430
3661 5366
3953 2954
8099 6321
8156 3074
1276 2965
6789 3882
9978 3769
168 3669
8187 6261
9746 727
6432 8490
4564 4702
7203 8477
4708 6745
8094 1916
8884 8222
6239 2890
9168 8566
8707 4767
8614 7266
6733 5150
1108 9738
6475 4038
1984 2845
1036 2017
9710 3746
4854 6783
350 4362
57 5326
4197 9017
6754 3531
9333 1139
4464 3383
3845 6052
3917 7440
4016 9548
3262 6289
1279 5373
5550 229
5658 4960
2599 9254
9999 2810
666 5532
8704 8863
4519 1399
2848 6902
6488 5838
130 6213
379 478
4138 8886
7729 9211
5267 7095
4583 9406
9077 2538
5400 8306
9288 915
6578 7299
8206 7471
545 7347
8403 5198
7641 807
2085 3220
5800 5643
4185 3242
249 9860
418 1308
358 4055
1695 4235
5580 8460
9795 6305
2061 5489
9611 5951
8376 7616
8845 8458
1535 2756
2258 1771
2139 8917
3317 3589
2408 6565
8811 5631
2945 5600
8676 7934
499 9903
1196 4883
1550 9411
5452 8329
2044 104
3675 9106
7578 1336
4335 7692
8581 4924
21 4716
9786 8002
5952 5544
6268 1706
4713 970
4576 8161
6491 5487
4600 8570
555 7399
4037 313
509 9336
375 5343
7628 1512
2783 1735
7746 9390
7503 55
167 9122
7245 3189
8807 6691
4289 46
5314 3626
9648 2843
5528 8188
6337 6396
7836 544
1347 2413
3446 9943
6005 2240
8291 770
6975 5779
1190 9640
7725 90
3131 336
2965 8672
3036 9829
5753 7277
6495 9290
3196 3577
4322 1490
592 5257
7801 762
5054 1809
7513 1563
91 7239
7532 3287
2392 6107
4798 5159
6924 6747
3596 9542
3127 8279
3036 1819
5334 8318
8428 8932
8173 1568
6716 3417
4929 5704
8362 3639
2567 100
1069 3565
5775 6554
9842 2258
8977 3861
2049 9256
1356 1985
5154 968
7738 3895
5295 1025
2054 7806
666 7538
2113 7142
3322 1653
2157 4402
4162 2177
4925 3927
5700 4748
8474 1659
4542 4219
1783 2277
3322 1954
5519 8692
7416 1547
8683 1662
9473 2673
7603 3798
6786 5235
5966 8522
8301 5972
3908 608
9560 8362
8433 1496
104 2553
8484 2860
8323 1268
7309 3050
1189 8715
2056 5497
9139 9576
1688 4608
3357 8080
9580 5064
8617 6511
4227 4231
6413 7231
5650 9347
9416 9954
8068 9650
2400 1634
491 6042
6533 3405
5780 2850
7986 2076
5154 602
6459 9225
5511 3631
9765 2045
2046 8323
7675 4491
3901 9661
9431 2517
7951 5109
1792 6756
4913 3907
2534 3891
6338 3966
9260 7944
3001 9128
1980 2996
8009 341
2666 6071
6212 1898
5061 5813
7768 5525
3916 424
5891 7125
85 598
4351 1397
6277 9729
913 7862
8685 3462
1380 4019
2038 1325
8590 1384
1831 3576
4734 7602
5988 5080
2048 2749
8506 7162
9419 619
6954 9332
7104 5893
8570 2754
63 818
5761 6525
6758 9440
8039 3982
5644 2589
3456 243
386 7556
6982 7049
869 1866
1860 5947
2762 2589
8245 751
6155 465
4046 3759
5259 7415
5720 6193
177 6338
6127 7895
2597 5393
8825 6186
1828 4835
4169 776
6971 316
7189 8952
8069 4392
511 7801
5962 1961
7272 807
9737 6226
5998 3110
2264 9893
4876 2605
7214 8197
9826 802
272 9793
6307 5233
9241 8369
3964 4688
3823 6206
8209 7997
2889 5406
7844 1289
2052 7749
7364 9272
264 279
8768 9099
256 2796
9248 2392
8860 4111
9579 5902
7076 832
4588 3619
1261 3589
2002 6499
2690 1359
692 4411
8562 6920
7185 8162
3178 8965
2279 2554
6781 8560
8466 6702
5323 875
2738 2056
7937 9710
4621 4753
3 6452
1091 7899
7166 867
8947 6425
3573 8437
3733 8947
4195 2875
2597 2984
4881 574
3873 6601
1605 7520
7436 9045
1802 6017
7503 1837
2380 807
2025 2108
5414 3642
3610 7551
6283 8974
9426 152
3000 1169
2953 4306
4873 9801
3553 7627
8569 4082
1439 805
8615 7792
1992 5780
932 5372
1557 5503
5993 7546
2715 259
2710 9181
9641 6297
4227 5287
7567 5755
2058 7280
6108 2489
5130 5039
2571 9222
5646 2885
2902 5153
8896 6370
9063 7138
4977 9070
5211 7957
9564 4849
5633 1529
915 8038
5628 3815
3219 7291
1229 3603
2148 5881
4131 6349
7462 4712
6060 2972
781 2033
1411 5172
38 6476
6077 5521
3980 5364
3842 688
4977 2466
879 4437
2622 5357
6544 339
8012 5849
53 8663
4210 9394
2229 1911
2648 5487
6675 7499
1529 5399
9074 7899
1697 8789
8781 9752
5231 9091
6121 3303
3176 4049
5308 4532
8852 6215
2871 7945
1302 1411
7370 1045
625 4149
8254 2607
4338 2271
2560 3287
874 2134
9345 4302
502 2802
6732 7258
9643 4796
3002 9884
5374 1348
5079 2331
1679 6281
9873 8637
6947 7579
3941 6140
684 5493
2028 3620
7327 7660
4140 8087
4971 1298
6191 1206
4301 2442
1748 5393
4106 5971
5886 9019
6699 3308
8336 1588
2833 3420
6638 7983
9083 7584
916 446
6070 7688
325 7738
9637 4629
7002 4772
8147 63
1239 9286
3001 5530
657 829
6916 4443
2250 9928
9377 8434
5179 186
5257 4966
1962 5505
4327 2509
9892 9844
1310 4726
9467 2513
6669 8072
9208 3703
7073 6039
3435 3430
5216 8786
8469 5563
352 2140
9222 1354
3955 3453
314 6073
9653 8820
778 5993
1251 7815
6370 7519
9965 1446
1779 8545
7714 4902
7049 2888
2705 8720
8513 4514
2739 4077
4208 4826
646 4747
9533 2771
5141 9761
587 1814
5048 2652
1293 6837
4042 7669
538 2954
2739 8736
133 3086
5621 5750
8970 855
3037 897
8878 6149
6639 9222
6116 8500
6938 8409
9630 6039
2104 8026
3915 2175
8105 5173
3197 2280
9917 138
1470 4379
3451 7390
1515 3869
8226 6799
7086 3976
2521 9134
6061 3289
3384 1848
5800 5591
9266 468
4925 8981
9289 5395
6169 4056
7129 4442
9659 46
1625 1746
5514 904
1183 64
6769 4789
551 2862
5716 2224
1694 9681
7156 96
7862 6418
2940 6876
2594 5559
421 710
6418 7185
4397 7667
3354 3747
1090 871
5817 3073
4089 4080
4195 6763
8387 4015
3145 8874
5272 306
6435 9467
1015 2267
2667 90
7501 9889
850 2963
6278 7897
1810 3195
1498 93
8798 8735
2267 5771
1461 3091
4764 2567
7968 2353
2007 95
4444 6629
6558 180
2464 6998
264 2913
1467 7894
6472 53
9607 6502
6317 5426
9704 9562
8119 8827
4669 7422
5829 6913
1526 6677
4755 3547
8820 3833
1592 4004
7916 5394
780 6639
8966 9006
3340 8218
8302 4571
466 7223
3944 7117
8354 9784
9792 2450
3431 2120
7032 9090
7807 3354
226 4825
3056 6232
947 7093
3279 3057
5553 8410
3425 4557
95 9867
733 8628
1436 669
7324 2491
3804 9347
429 3895
6403 52
4060 5940
5666 9900
946 3736
6258 6812
5272 4643
1147 3325
3230 7693
6727 4878
9103 5903
7633 9398
1431 7580
6365 5923
1188 9821
6079 4379
6215 7966
8619 3484
4335 9059
2587 2102
5713 9019
4929 4361
3885 565
3390 3571
3163 9308
6613 5997
3067 3794
3647 8129
2637 2023
6892 2197
243 1982
1755 6458
467 4197
9526 7033
3907 8380
8869 9583
8581 6489
583 1617
3555 3231
1842 9357
779 7495
727 5216
1706 3393
4894 1878
2878 1179
3626 7684
970 6669
387 6873
7527 1837
3971 8257
8660 902
7536 1183
6885 3921
6044 6300
6423 3966
5739 899
8516 4069
5349 2314
9140 2372
9305 1448
8286 1171
638 2176
9837 1552
8307 8763
5409 4671
6913 1821
4879 8592
1040 9530
2410 9004
3438 1322
3554 7746
7722 6864
9256 4846
9030 9145
2602 3075
6864 9852
5420 7319
9724 6213
3677 8597
785 9659
1244 5145
324 923
3202 8537
7711 2503
3867 3029
7503 7194
8530 5750
7005 1424
3667 7846
2259 4531
7393 3863
1613 8354
7568 3872
3990 292
7505 3867
270 4980
6840 2868
3727 289
128 8539
6030 9288
1767 7830
1061 1497
3631 2614
209 3894
5402 7602
1060 3779
2186 9902
9784 1360
814 6775
8845 4067
1873 6641
2222 8827
6571 6955
2423 5468
8158 6129
106 8836
3594 8467
9774 9319
2049 5068
1436 6198
3722 395
5129 8042
5033 8419
913 3978
8884 8755
8903 4163
8598 5474
5838 2654
3316 9112
2968 6844
7600 3828
4303 9715
1342 801
1193 9827
9458 3924
5527 8793
2519 360
4867 2262
1795 2677
2365 4373
3561 5077
5561 1247
3456 5649
4714 8973
738 549
9323 6207
8055 6071
6363 9032
6501 271
3394 3203
5188 4409
7249 6014
8524 8208
5689 6771
6110 1257
4571 3136
3208 8378
6087 8857
6163 1469
5571 2394
7068 8071
5290 9462
6292 6396
5818 5019
5484 3064
3545 5608
7178 7921
6630 1910
8940 7256
5046 4243
8594 5264
6499 7014
747 9346
8977 453
790 9568
6333 859
8841 2115
9105 2692
9592 7899
5587 1974
927 8507
8621 4365
1647 6326
2310 7861
5943 7703
6218 1027
2958 6998
9520 3178
5638 5333
3969 4118
5351 4299
7375 532
4620 9671
756 7202
3086 4371
4818 9144
691 1615
2029 6346
3082 7578
3872 1330
4373 3913
4854 1956
3875 1132
8156 7919
4034 2402
4037 7735
9016 5412
8521 5848
7454 1428
7888 4030
4493 4287
6114 7011
4759 4130
5745 9192
5288 1273
4158 2253
8091 8358
1273 610
54 6216
6612 2776
807 8164
4953 9334
5865 525
2665 2965
7726 8915
9798 4921
9261 4915
6768 9861
6581 6321
4416 4213
6223 4501
1260 6045
8795 440
6275 9658
5800 4320
4481 9690
484 5592
9864 2904
4327 9977
8283 8794
872 4094
8573 2728
1217 9558
3171 9117
5159 6577
3936 37
3203 5585
2439 1394
2043 6089
6692 7132
8150 2834
2511 8488
5717 8594
91 5700
4357 8952
71 4491
3484 2076
7239 3501
1137 6082
4924 226
2291 1330
5747 8914
5219 7295
8825 7493
4354 8859
9663 6780
4526 5128
8554 508
4709 855
2725 7767
4286 8180
2420 3898
4056 5960
8377 5549
1808 572
7128 6599
9001 4805
8276 136
5417 7142
6097 6113
5873 3692
9658 7570
6350 5331
1294 3844
7082 2484
4615 5564
795 1312
9450 4618
2532 2633
9523 1632
1276 8629
7734 986
2698 13
8846 4077
4725 8233
1367 7194
9816 4616
8237 7139
4282 9910
6384 47
5594 2429
8420 6513
1421 3396
71 9468
1029 627
5969 3097
4535 6509
3985 6921
6830 5634
5198 1307
8541 3254
9207 7687
5399 7775
7674 1055
5025 806
7273 8014
8641 5408
7445 460
5000 7488
2655 977
2642 3488
3941 2101
603 2033
3180 6560
9902 5422
3923 5075
4464 9437
2559 3783
754 8142
6407 5984
6820 7902
5551 7978
4354 3751
899 693
6849 1812
9852 4370
6269 2980
1030 1456
1830 2761
8022 7481
988 9201
7518 9710
1329 7751
1260 2666
3086 9695
9863 4696
6903 2117
8617 8550
3044 2205
5989 7850
9585 777
8363 880
5893 285
4516 527
4492 1929
1925 1557
6766 6074
9341 2045
3180 752
8926 4099
3437 6365
2179 2778
4892 405
3319 4788
4214 6886
5929 9422
8559 5266
7556 7811
7089 5923
1380 7315
9175 657
4232 4862
2659 1586
6230 1397
3915 3067
4772 2997
3605 5772
5224 8972
9290 6018
8535 6055
6885 6581
9955 2603
475 1200
5788 2895
9707 3690
2889 5148
1393 6065
3521 1809
4340 717
3697 5155
3776 502
3342 5797
3207 4687
3046 1067
3637 4762
9084 160
8187 8883
5787 9974
1897 9643
1400 9459
1646 9229
4218 9716
4926 4323
5848 4423
6075 865
7728 2978
8486 8962
9693 7154
4636 8228
8385 702
5039 6585
5475 4924
6598 5312
2301 7965
6675 4474
2028 2316
500 4140
5770 1375
4875 5875
6558 1810
9815 6324
2854 4343
9490 5449
6004 7336
8315 3266
4609 4008
1689 1000
2392 9302
6853 3502
9496 9744
1933 3674
7567 7811
8720 5114
9959 9978
4210 6204
7520 7838
6329 6520
9284 782
3937 7040
4469 9148
3542 8653
2458 2188
3663 7704
5877 5685
4413 4834
8865 8185
2854 197
1761 5121
8276 5071
9459 5790
7006 7549
8570 8179
8235 1419
3648 3577
7606 3785
8155 8319
2235 8343
5592 1746
4627 286
8511 2302
6923 3381
1579 8482
3056 4500
4914 9571
682 8791
3853 4632
1139 6890
6566 4423
9774 4482
5709 7676
9571 4223
4718 6439
7432 1414
4332 4363
2601 4852
66 9660
8038 5779
2904 5018
1182 7432
8214 9579
504 5487
4626 2040
3467 687
2869 1876
6401 4551
3773 6184
7493 4854
9651 4766
505 6576
1195 283
1552 4728
8792 6142
8067 8315
28 3096
2236 4793
8898 953
6918 7816
4960 7156
3101 8877
6668 643
3770 3084
7619 3833
3145 785
6240 4816
8978 9243
1630 5630
3626 2471
9333 516
3844 6119
4288 7440
6643 3450
2746 2851
1425 8954
5197 7553
1985 231
5929 4142
8862 5061
9453 4297
4064 6262
38 4669
4366 7439
5855 3236
1994 5407
712 7327
600 7838
4051 1541
1947 2855
3619 3597
2832 3868
7074 5414
9183 5518
9874 3654
235 334
1499 6933
6344 1982
7551 7148
7632 2115
2563 289
1 7955
422 1235
8225 2646
7048 5667
2683 4712
8747 8241
6153 930
4224 3181
9025 3762
2315 1460
2754 7270
9619 1692
9757 5855
1912 5616
7562 1403
1407 1272
9418 3747
297 6752
3823 1662
5106 7921
9453 8284
4112 6882
8498 8989
5656 2652
3083 3232
4807 8587
3120 5553
1613 7563
6376 7310
2150 6336
841 6865
9347 6573
4514 2929
9641 3179
254 9282
6216 995
4874 7220
3055 5731
9754 8370
6239 9624
6839 5901
1802 1150
5457 7545
9645 8476
4693 3291
6901 7760
7783 6822
4076 1434
9895 6548
6377 6643
8887 3195
8388 105
1819 6060
5839 7593
5114 703
202 9071
5113 2990
6119 4840
7741 3169
608 7673
4511 2893
5673 4233
8361 3713
9132 925
756 1048
1879 8401
7419 4027
7588 1334
5381 2170
1117 9279
6253 3343
7940 8434
5327 7574
5666 4163
3484 6887
5044 8713
6666 9172
7428 7367
8997 4150
9539 3868
2334 4995
7702 7862
5782 8019
3446 2724
4601 6375
5712 9665
6518 4739
1460 7616
1652 785
9435 4687
8911 5252
7884 2357
4452 6068
642 4390
2705 7203
4929 7094
5882 5738
4465 4883
9783 5834
4782 1871
692 4119
4616 1006
6878 3399
9358 9034
298 8580
9249 2213
6798 9409
1801 6303
4773 5267
2061 9651
1373 7532
983 8369
4464 9599
7071 3630
2397 4065
4369 8099
1757 3335
116 3236
20 8327
6830 1475
263 6527
8122 3393
3297 7561
2339 4078
5238 4343
6546 1678
8155 495
1879 85
3444 1226
4740 1589
7900 5519
1599 5500
6102 1563
4413 5207
214 5676
1915 2699
4283 4858
5765 472
6245 6922
7207 1520
299 9646
3353 1307
5546 7892
5911 6371
375 8943
5084 4183
6899 6751
7045 7203
8676 5797
800 3978
762 9763
7271 2053
3863 5030
8730 7612
7472 6901
8882 1539
8850 535
5408 3260
2377 3983
7971 1907
870 4225
7544 1944
4637 9834
9135 8486
1324 907
7972 6285
8343 5461
6576 4262
5461 505
4617 9154
8477 3094
6222 247
593 8590
333 9342
9391 1808
3380 6476
5425 618
1279 3762
2522 4548
7054 7849
2945 348
178 7713
5845 3177
8992 1146
5757 7865
7596 4200
2215 8829
2029 2985
4239 3350
3689 8415
1252 3771
9324 5445
5377 583
434 1910
6948 4122
8100 6459
2749 3565
6551 1762
7013 3394
4085 5134
1239 4180
8425 517
5287 362
1262 5630
4507 2565
1377 1458
8335 3589
5126 6725
6889 4421
901 8024
1352 7949
9242 7589
9805 9809
5148 1281
3203 2766
8660 3931
8167 4185
5343 8863
9026 2483
9764 4701
3863 2213
3348 424
0 498
9444 743
7115 1667
8555 8397
1767 907
3332 2601
7566 5290
5032 6456
420 787
249 3764
3081 7729
9074 4297
3813 2224
1456 2040
6585 8164
553 3643
4867 2987
810 4654
5108 1786
1825 2016
159 4625
4259 5089
6892 9779
5891 4406
2866 8613
1 2843
5647 1499
8373 2745
153 8844
1159 703
2349 73
623 9205
9080 5558
6974 4318
9338 3200
715 2048
6159 4830
96 3429
2314 4993
6036 8919
4782 886
466 4179
2423 3425
9286 8476
8708 1527
5541 1383
3397 4585
2109 6698
2082 1929
3113 8209
3567 3901
8867 2263
1479 9012
3337 470
5394 5337
8733 5406
9168 421
2160 1318
4799 5569
2934 5526
660 2545
5378 4352
775 9265
4305 3659
6601 944
2266 792
5962 1254
6070 336
2336 230
6451 5395
705 6521
2355 3117
1486 6224
919 9892
9113 1950
506 5898
1488 4685
7672 7020
7456 6212
8093 6398
9053 370
7678 7257
3422 1904
7414 700
8216 7275
3480 3704
7100 1217
2467 2576
9176 7215
1349 3710
4248 1046
2619 4399
2347 6863
5023 2633
8819 1209
1272 4957
7492 5740
1426 4493
6167 1543
3096 7264
6573 8536
3108 4165
8137 258
675 8607
8603 3629
9558 9420
6963 996
2860 3970
1817 3366
7371 6503
8298 7719
2727 6123
9848 3860
830 200
3048 3488
6351 7919
5445 1405
2736 322
2518 8625
6075 2126
2717 3921
9700 230
2815 2813
1684 7145
7706 9903
9965 419
1815 1593
4716 2539
3757 513
4234 7524
3784 667
2334 4983
9392 2783
5552 688
6096 8371
7856 5394
4739 977
3239 1085
3791 6986
3178 7640
8602 500
3140 2638
827 2382
6087 4694
2801 287
9745 8255
1088 3823
3373 7102
1115 5474
6468 2083
6638 1724
9283 5390
1855 9855
6500 2680
1405 8585
9830 5905
8725 9079
5182 2930
7900 7282
5398 3339
6038 2579
6302 5995
6080 9527
9600 2295
6767 5006
2341 5382
5083 3056
3214 3374
223 2963
7335 7491
8522 1021
4164 1616
3394 671
9350 7925
1418 5830
6266 9617
8838 5355
923 9366
4063 8937
7349 4682
3255 2157
9702 4105
3544 4808
3291 7687
5274 5574
931 8041
4276 3943
7587 5689
3308 7696
8566 5972
1814 5071
9547 9566
1365 746
3585 1653
4104 2979
2494 6195
8930 8601
2393 2699
8135 7403
2330 4771
2262 1838
4114 3262
3154 3333
1006 5415
8280 1450
6964 2153
6089 6732
3593 3554
8400 1066
3357 3192
2502 1595
2647 1507
9737 7454
2955 7705
3606 4863
7926 9234
1373 6494
5238 7678
4289 6019
705 7269
9562 4932
1385 7582
8433 9668
3323 3932
3479 448
510 3074
7140 4871
7046 4247
3856 6446
2005 2328
3615 1037
1054 5654
6579 8917
4367 4002
3741 7077
571 8154
7810 4231
3239 7540
5211 4264
2636 4952
2421 7608
4551 1463
5858 1255
9263 5579
3283 4808
9361 4447
5441 6638
4235 5455
5869 1653
2295 2713
1907 1094
3173 7430
6406 2291
286 7549
9527 2859
8256 1376
2507 5505
1486 1828
67 4373
4999 9858
1023 9225
9457 914
1909 9666
7414 4900
8373 3477
7140 2292
7826 7530
3468 3066
9757 242
9401 6857
4399 1191
4979 8239
6878 1772
5869 7077
9363 9954
1600 7065
6873 8398
128 1111
3352 2807
100 5626
6352 6166
5478 9831
7157 4224
1022 2529
1499 8153
4066 5861
5597 5918
2912 6731
42 9724
2314 3867
9184 3905
3686 442
7512 8022
7633 4335
6671 6932
375 2096
6624 348
2982 5765
5905 219
6666 1653
6000 3519
3023 8447
4040 9546
1843 2086
9597 1047
2433 4371
5841 5877
3217 6618
1102 3238
733 689
3639 6137
8371 7453
9967 330
4210 1053
5042 3159
1803 8182
6968 4209
1563 5793
3317 4237
9743 5503
1774 2859
9969 4693
5570 5519
7768 3841
4484 7633
2206 3209
1285 9091
4719 7482
4704 9523
7722 6962
7108 6665
7521 8123
5316 9721
3620 6807
5203 2979
7999 4576
6926 5728
9436 9105
4178 5545
7281 3476
1583 7466
6538 7222
6959 7351
417 6512
7428 6925
7225 6281
1508 3138
4582 1443
6838 3197
9763 2277
7863 8224
6813 7172
6037 5862
974 1212
6874 4291
5961 1726
6747 6088
8532 6619
2915 657
2357 9714
4854 7581
9083 4030
2433 3410
5558 938
5458 4790
6179 7332
9983 5344
5832 4984
9738 4752
9046 1757
8355 39
8131 5638
1173 7633
6342 2236
3110 5947
9639 942
1155 9620
5278 5946
6397 5644
9616 7192
9181 5325
7351 6082
2645 2772
4717 2982
6174 5256
1028 7891
3139 2225
2580 2387
2257 8121
3174 4001
3437 6495
7499 4933
9645 8224
363 9099
1267 3734
5571 172
6432 3859
5396 9905
5005 9871
1512 8296
4709 3906
7464 2662
2562 1241
9669 4082
922 7099
4040 3746
3855 9748
4806 3818
5867 7188
1227 4185
7558 9251
9997 1960
5346 3433
1797 7102
6744 7901
3965 7451
1792 3053
3722 1540
3330 5058
4023 888
3261 8836
2559 5005
4525 6746
4061 5658
7686 7456
7303 7284
1503 7469
7465 3209
264 8766
9805 7843
506 5739
2017 6339
9568 9810
2825 3919
4710 2737
7728 5911
1679 5657
6168 2459
7610 8161
9565 5242
7609 5611
2353 2104
8006 5855
7091 9510
9998 4187
2723 2840
6727 4952
8239 7716
2854 119
4204 8099
8609 7857
6952 6775
3998 1465
2269 366
9306 7223
8742 7436
6839 8999
6918 1931
3358 1248
2429 9334
2019 6276
1870 9510
9287 813
5313 7822
7858 91
8532 5615
8768 3591
5963 5354
1884 3391
662 8343
705 44
7917 9020
4063 4352
1527 7785
4754 1797
2076 4298
2073 297
8597 3285
6993 5141
6913 5
1602 4464
217 4861
3647 292
5662 711
2774 4469
7600 9762
8944 5077
8785 3839
6715 3897
1606 9829
1390 1529
1122 7216
3594 5552
6822 3797
3313 2808
3844 2234
8341 2690
712 7317
2035 6771
6878 2775
4189 752
753 8906
5627 3376
3598 8751
6910 333
527 7360
847 4551
9743 8024
5432 128
5006 9840
136 7052
4468 8373
5817 7247
9668 3462
5580 9445
26 4197
1335 2660
220 3649
3586 5189
7937 7483
4697 5247
1266 9043
9237 9497
7216 9514
6075 4730
26 9187
7208 7038
247 2534
5420 5237
2193 7277
2902 7524
4780 8623
5962 9356
6008 6873
2790 7181
8133 5757
324 1143
7208 4844
1754 2363
8476 6309
4416 5310
2406 3875
1658 5371
270 398
3298 5401
8562 449
6030 1779
7824 6984
125 2959
9650 3468
9149 6070
2801 9703
5022 6537
1782 4940
6579 3341
6191 1240
1343 2195
8612 2156
7659 491
4237 9221
7221 9358
8959 4728
5203 8288
8989 4301
4688 93
8387 7034
8915 6908
6172 4950
4792 4971
7175 284
3038 5675
9968 8119
9493 5650
4388 893
3616 4011
4821 7187
5872 2709
2164 6529
2162 3793
7197 6440
4598 2411
2767 2674
1637 1984
8049 3932
9165 1719
737 2088
4025 7050
8866 4108
3615 8372
4095 8814
4501 4798
257 3841
5482 8454
289 6052
2420 9334
9262 1763
5999 6900
7856 5381
190 7365
4334 9815
2035 391
4036 2463
4001 8821
3180 8518
4581 8167
4779 6987
4035 526
5700 5982
6047 7473
239 6117
4819 5401
6646 2206
195 6545
9986 4954
5834 7923
9947 4323
16 4659
1626 7071
3399 4959
8875 333
4818 3543
3296 913
6415 5698
9877 445
6889 8417
9241 1357
8911 4343
9215 3509
140 1147
858 2068
350 364
1568 8596
6804 1108
4215 3729
9823 1701
2735 9314
7849 9134
7784 5401
7232 2735
3499 7523
6610 7174
1104 2741
3509 2366
1257 6216
7648 7606
495 3105
5220 4872
6892 7583
2673 6000
6782 2785
2189 4292
219 1227
2409 5476
1452 7738
7715 5616
4356 2700
3044 4283
5352 6909
5513 8615
7069 5642
5155 7936
9763 9776
7865 601
8854 3885
8071 4661
3886 5256
5533 4497
4339 9661
4525 1922
9778 3452
3804 9340
4139 6420
3455 3610
8925 4983
9225 356
4177 9850
6421 3727
8075 434
9467 4553
556 5453
8321 3499
3983 8265
490 7728
8242 7114
945 4705
6169 525
3551 9050
9045 3816
6249 8991
5342 259
1684 8270
3213 4517
6549 3101
3996 1563
5965 7571
3199 60
6322 4765
2531 2412
798 455
2972 7835
7132 6612
8640 9782
5314 2844
8495 7702
4523 9022
632 7553
4614 6138
6567 5462
2311 7220
3101 7110
7976 2865
412 4121
4416 3217
6632 9888
6768 7669
4173 3833
5576 3079
510 2187
2064 9762
5702 7479
445 5408
8994 2880
9446 4626
6986 1376
6721 5970
9579 5876
1722 7712
613 8792
7340 4259
6551 3583
656 7804
2531 4070
7719 113
6822 6034
2118 9982
1290 1159
6912 1981
3543 3313
8612 7512
5952 7044
339 320
3090 561
386 18
710 3516
3208 3999
7598 2061
5908 6101
7865 8325
2001 6994
2801 2265
9251 3599
8472 5056
8577 910
5105 2768
3738 2594
5046 300
3925 1382
365 3003
9989 6278
7694 9452
6856 8737
371 1030
8629 4825
7015 9282
774 5172
7019 4059
9242 347
11 1548
6754 457
7894 5907
4667 1774
8010 4625
4543 3659
8125 5394
5986 1006
4863 3336
8745 3917
8359 615
4676 7781
1551 4393
7285 4779
3389 4578
7138 1369
3845 4566
5633 5382
5962 9612
1710 5651
982 2306
631 768
9563 8510
4346 8637
2608 7456
6746 7638
4423 5730
9063 2322
3626 5755
7145 8916
4441 3377
7813 3873
2111 4317
7890 3487
5276 1613
2199 5417
9784 6576
2422 818
6313 4406
3979 8865
4283 924
5461 1472
5094 2442
231 1586
2677 7970
952 6046
9621 5082
1443 8139
9710 3524
4022 7164
7756 7582
2976 4718
6638 5864
7032 679
4336 1495
3751 4376
6722 6117
1919 3161
2670 8619
8265 8392
4894 8691
1390 4718
5834 6438
3122 7869
4316 5707
957 9411
7833 6098
8255 1483
1820 5044
8594 235
572 8358
9 2855
7815 5090
7791 413
6869 9634
3025 3512
1308 4693
8368 4048
4677 1679
6214 1402
4738 4360
2415 8305
7107 5219
1092 9109
4373 9143
8680 8567
5323 4835
5732 6589
7130 4952
2154 5375
3039 7940
4499 5708
5425 6968
5154 160
8091 7380
4241 1531
744 4320
636 3655
3228 5555
4144 8331
9547 2997
6166 2267
3840 8268
3756 3753
2345 896
8913 1944
8381 7293
7989 1312
5542 789
6837 7331
7401 7053
6617 4100
1715 997
9889 607
7794 6934
1476 5674
2793 854
362 5149
7087 4140
9114 7439
8685 5704
7487 2698
8539 1780
5823 6233
7600 7970
1476 9283
1989 4592
7158 7571
6978 4458
7163 282
6255 4056
1116 1849
935 5582
3007 1657
2791 4063
1959 8651
2148 3985
6648 4590
8417 5350
4629 1035
42 3261
8135 6935
9743 4805
3884 3207
557 4411
3920 716
2333 4365
6673 2565
2632 7688
456 9565
7262 9391
9162 9418
931 4236
1642 1423
5546 6014
7432 6152
2054 1561
6473 1969
1796 2685
1742 9423
7293 2614
7157 6174
58 7337
6001 1490
5393 1742
8975 993
3242 3075
1235 83
6324 3612
4671 2896
4299 9474
7611 7610
4731 8802
5623 1911
388 5560
5773 1906
9002 2334
435 2035
2649 692
840 5057
3036 8555
9280 838
3511 8917
9201 9896
3813 6040
4146 786
6052 6363
903 2242
4183 4105
3445 3719
5271 2931
9279 294
272 1815
4953 9753
1803 4196
4878 1903
390 8884
362 7158
7465 274
782 4600
3706 964
178 2677
6614 9180
5585 9287
2482 2194
745 4701
39 1043
7032 7991
9831 2353
1182 5459
3325 2945
9084 8284
8502 1368
1935 6621
4753 9586
7092 6312
1575 8811
8719 1939
8505 6536
7862 3792
2985 6047
4031 71
2413 2582
1583 1302
6108 5055
7838 4544
236 1783
9995 2412
7652 4961
8098 2504
8702 6497
9649 4664
5274 9814
2881 8734
9121 8207
871 2228
1745 8957
6221 739
3138 7253
856 580
3410 3129
2350 7092
2601 4363
8064 9077
3674 3198
5281 8939
8338 9916
8480 5816
6169 4771
6129 6847
8256 4468
8461 5684
4057 3316
3063 657
3498 3339
2346 9533
8808 9879
5099 5539
5984 7044
7580 3058
7810 7728
1070 2474
7677 8921
5326 3284
9040 4688
2343 1789
9397 2803
2247 8507
7082 6086
