placement model: 1slider
width: 10
height: 10
number of points: 10000
9987 999
5767 6007
2381 5163
6006 5020
6034 8897
348 6260
5064 8272
3557 4608
329 5632
1326 7719
8516 6205
8881 4719
7587 8643
5584 466
3042 8074
3862 4149
4049 6841
8293 7329
6857 4587
9214 2969
1456 2854
7693 9534
8429 257
5608 6527
6398 9959
2714 9869
3891 9901
8026 5154
9059 294
8735 1602
5354 6256
5016 6384
2782 7882
1455 4998
5189 463
7755 3777
8431 8122
2979 3566
3438 5858
8130 8918
5677 3037
2354 7533
9372 7810
2305 8718
4791 489
2643 6007
7505 206
6256 7410
9364 893
769 60
5235 8192
7218 8939
8045 7086
3854 4457
9684 3067
4169 3807
2213 7593
315 455
7721 5125
5649 848
5832 633
6419 8608
6814 9518
9349 9818
5516 3575
1371 4215
9120 8970
6643 9984
5591 1161
6718 8028
7276 6316
5759 8209
6600 3688
4919 3775
6491 5159
5113 4850
93 9883
3470 9798
8500 7397
2864 3893
8651 2245
3930 4068
5175 6288
6963 6085
4487 7044
1702 4306
668 3202
5441 3371
5436 3863
6105 6007
3974 4035
6950 8147
5056 284
1602 6725
7014 4834
1480 3753
7308 3822
6068 8312
6362 2552
4602 6203
5983 7460
2183 3513
7139 3920
8964 5575
9098 215
4608 8836
9823 268
2166 4408
8099 5408
2625 6634
3767 1054
6492 3687
2654 5477
8631 9439
3456 8343
1352 9584
6406 6368
4762 2271
367 4135
9606 3601
6215 1499
7660 1647
832 3752
6584 6963
6748 9884
7003 6865
1723 105
1885 1603
995 816
5512 9466
4861 3609
698 8748
6831 4776
380 1375
4519 6195
7573 1162
1843 6712
4317 868
3172 4257
1973 6670
7386 2918
1644 6914
3010 3881
1522 5075
3108 7904
6036 5498
1388 5933
3550 3546
9722 9736
6008 1261
2823 8306
5128 2707
660 5796
5408 1445
330 7358
9268 1681
5343 7303
2647 8279
8988 6033
5501 4119
9444 2989
2811 8921
2403 8352
5746 6889
3031 2084
5804 5184
1133 2117
8396 3866
4790 3416
4980 7067
8086 3921
1005 7096
5871 9429
86 1176
5447 4479
5185 8209
3548 914
9644 5427
2690 737
2941 9031
3929 8452
1358 2617
139 8062
2241 4915
661 373
9831 1956
2675 7163
4705 6277
3231 5378
9855 9863
9851 2980
5638 9177
3550 1082
3564 9778
6311 7151
9293 1582
8626 2135
5101 7241
6688 6906
126 8913
787 3865
696 9350
5147 6661
3898 6405
8795 6658
6280 2258
2335 9941
2947 6229
3492 3376
5042 4616
4346 4168
8875 2861
1051 4595
3217 3741
3024 2842
303 3534
3498 427
873 6622
8604 4902
4293 5057
4967 3251
4589 1993
1492 5395
1402 4306
5109 2558
504 4252
6384 2779
2966 1399
3914 9984
712 8250
8855 8646
8409 3894
6567 7303
3605 1635
237 3468
7744 3137
7887 6834
6567 594
9793 4075
7753 1531
8503 5864
1586 1539
3281 114
9539 3354
3849 3067
9521 4152
6055 5921
2107 8261
4456 5336
5668 2248
7702 8234
2521 3545
5354 1474
5239 3751
3002 6879
9781 130
9193 4639
2329 1438
9782 6851
5174 4010
4681 1391
2990 1383
4568 5122
2203 872
9157 6664
4662 8729
3797 8073
6491 7036
2263 9767
1602 8147
8759 9831
3735 7342
5564 1771
9221 98
6027 1135
9933 4473
8155 2415
6641 2185
8698 1957
1275 3077
3816 3674
3331 3076
5258 5924
699 4595
4843 3785
4091 9741
9219 5522
9215 7464
9690 1780
1789 7434
8731 2570
401 6551
335 6373
2234 1830
7529 4121
3721 5163
9692 3288
9561 3111
4805 7207
532 4887
3611 3824
8568 7499
3164 3419
1084 5192
9277 8653
3863 5449
9077 3393
9496 3574
8584 5416
4188 6168
1508 4018
7174 1346
1658 4004
6198 625
3236 1084
1100 4378
6529 5612
2529 3856
2017 8619
1569 1926
3060 8656
188 3816
159 7715
5560 6316
5153 1752
4722 6966
3433 7649
1873 4622
5324 9125
5392 641
3704 5846
2326 1764
1521 7732
6993 1562
8381 2263
3986 6699
4306 442
5007 4549
6507 352
2718 8636
5596 1230
6792 3894
3243 4973
3402 7609
9626 5061
6574 6144
7173 4682
2920 8356
3851 404
8935 2966
8889 4509
4784 4235
4118 1895
8132 6533
8261 3633
2961 4415
9550 6723
7127 3086
2126 4193
6947 8937
7482 6939
5798 19
8826 5927
129 2527
6207 5854
4053 8100
1516 9422
8330 5571
4227 1684
7223 3849
2898 7537
7272 1057
6757 8455
1373 6386
4097 8647
8276 7131
8602 1510
5706 5424
1203 5247
4243 6539
6376 165
7170 2278
9393 3001
203 6445
465 8285
4946 3200
8712 4061
2988 5633
4030 8362
4187 8641
7541 5025
3828 1094
791 5
2736 4266
9531 4409
6617 8446
6750 5159
2797 642
325 6399
8524 1223
9925 8506
8094 6366
840 9876
5455 2021
6212 1192
8677 3102
2973 9452
3421 5384
3468 2641
3814 5168
593 9275
4515 3686
6901 3533
7116 9508
7940 4889
7409 4437
6689 8093
7511 1080
4144 3194
5467 3320
7336 1681
3965 7040
5633 7649
6192 7014
887 1580
4188 5091
9029 5688
1335 3438
3539 1674
3978 2749
8839 7512
1185 1824
5523 4185
5644 7056
4328 6712
4794 2569
7005 122
5872 5379
5265 1878
8222 8912
3748 5822
273 9513
3489 9201
1432 2545
5933 8047
6893 3546
2216 7112
942 9693
2473 2938
7158 1928
9088 353
6511 9553
6545 7222
3980 4063
9608 5373
7998 347
6014 8030
2640 9926
4809 9486
8022 7372
5774 7636
449 4251
3060 891
2061 25
6714 6387
5162 2456
8358 7205
8913 5975
8439 4863
9092 8755
1390 6553
9155 2252
4227 825
5397 4754
7324 7990
5463 4706
8447 3237
5120 7318
1899 9341
4025 6615
3064 3260
5163 9261
8139 8650
3915 1796
498 3883
8937 3037
2285 7770
8597 2446
8303 6176
154 5857
309 7275
696 9795
9494 35
764 9190
407 9913
2153 545
7522 822
1881 5396
6658 1953
1928 6718
9800 9568
8580 517
2607 3931
4597 7489
9716 4953
9156 6279
2323 6215
237 7498
6522 199
3640 6367
3138 844
1827 3908
3139 6868
2458 1957
6574 1882
2972 6715
9845 5111
1223 5616
875 5320
6031 5382
3801 9502
1739 1027
4154 9852
1135 2196
2096 2743
9030 3206
298 1195
7489 8041
5508 8478
5068 2054
5388 9444
4587 831
4233 1416
4565 8561
5733 6505
3323 1627
2500 182
8937 1533
2371 5917
7338 9940
9966 815
3015 4796
2462 3804
4226 7172
110 4048
1665 3275
5427 1769
7660 4060
4580 722
9615 9243
433 2581
9206 8780
9948 566
8671 4753
2959 1302
3781 5456
7469 5398
6777 6332
8233 3574
6928 5032
8422 6501
3166 4703
8745 800
3788 3071
9975 6914
77 3408
7715 4077
6699 3720
235 2890
7199 4536
3517 1464
5277 4380
203 2450
6973 7859
2780 5988
4727 6980
9293 6081
63 7074
6321 4429
6378 2314
1791 7153
6011 8902
1224 5038
5026 1633
3697 1744
3889 5451
5849 8348
1707 3673
4041 490
9465 6111
8790 7150
7993 4954
5839 7271
7582 6250
3187 1080
320 2997
9810 447
9654 446
4384 2447
5240 3206
7577 5794
333 5370
5943 1036
9943 9037
6553 4213
95 2559
7469 8831
9296 616
4588 3238
8338 1229
368 9700
7476 5498
8372 4550
2497 428
5137 8207
8824 5905
435 2874
6078 3130
9548 9304
9216 4273
7524 1249
871 5575
751 1642
6688 1023
4148 6613
9008 7858
7688 3105
7561 5753
914 5401
5958 7005
7999 9723
2618 3805
6743 7956
1913 4668
8788 2451
8870 2828
211 3521
1059 4266
5823 2799
6880 2189
1970 8244
4968 1843
8252 30
7090 2773
9689 2033
385 1143
4908 8132
2488 1515
4608 758
8264 91
5886 9693
4700 4735
5719 1226
3457 8804
243 3823
3013 2997
9768 7467
2148 2927
9626 3216
5544 5008
7838 6203
6676 3307
7756 3030
6493 3259
8887 9953
3809 9213
7405 3437
5058 2490
9996 9809
1270 331
952 2145
8423 7523
9446 5
6053 72
6246 709
9339 6183
2244 6678
746 7322
230 829
7443 8568
9736 9023
2809 1380
716 1145
7623 8103
7009 7206
4926 3474
9498 1265
2908 1665
3919 4305
6280 3585
3896 4131
2344 2150
228 7159
1841 6988
9827 1935
7930 5193
7221 6532
7018 2039
1422 2618
4159 7583
3111 764
5176 2847
5750 5742
4804 3930
9421 3400
8342 1038
2951 9665
5404 1515
359 7320
6903 2068
5405 2677
5335 128
8378 8127
2464 6799
2270 5950
5095 4772
6224 9497
8760 2166
3303 4821
4398 7280
2804 9543
7203 1986
92 5303
8301 6076
2302 8508
8177 4224
4562 8545
9385 4134
4174 9604
7322 2824
4429 7436
1125 3329
7074 378
882 5878
7178 3031
1345 8778
7770 8748
7247 3097
4067 5644
9252 1888
1967 4633
9296 8526
2535 1675
4539 7015
2443 2843
7099 1514
1497 974
7809 631
2323 584
6721 6740
4106 2734
1251 8216
7831 235
3346 6747
8097 1203
5048 2802
6172 740
8609 5813
4700 1287
9598 712
1500 1708
7016 432
4129 9835
1970 309
1507 2601
815 5815
5052 1147
3606 1887
7037 1701
5217 1309
2164 2634
6723 9605
3468 2603
1220 1803
2000 6756
7444 7488
1396 5144
8596 8907
946 7404
1516 4141
7644 1623
5484 39
3555 3952
131 1519
8283 5707
2481 8696
35 4389
7216 2834
5801 1907
3017 3114
4132 5627
194 4222
8699 2901
4010 3486
2863 9444
6169 1251
5591 4062
5851 7803
9071 3409
7478 3297
203 8231
604 6178
1434 7138
5364 9395
9888 4151
9046 4398
151 522
8532 7091
3258 2920
835 4107
8075 472
9991 5156
6677 7876
5698 3314
375 9366
2867 7965
2017 9988
6757 2282
9581 777
8567 4662
9833 4488
1705 6992
2705 1317
6734 780
3808 3161
4413 1725
9003 8553
2798 2547
8669 3151
5554 3427
8081 9980
6226 5361
2148 3260
4344 4072
7185 729
2627 2978
7705 4011
2978 9751
6393 5435
1276 4714
12 2315
6683 5164
9249 2647
7329 7217
4511 2464
2890 5342
2524 9949
7180 9684
438 1554
6076 5751
8267 2997
9529 823
2916 9564
9107 6915
5787 6687
7592 7987
6336 1245
1847 2766
3955 3289
6767 7210
8111 1646
5357 143
1482 8748
2825 2611
858 1987
3837 4505
2043 183
5152 418
1454 2809
9956 3052
4450 4220
899 1575
5100 8678
7883 8038
2713 4012
2439 5097
3891 1358
70 7246
9094 9649
8125 39
4359 9662
2971 7247
2785 1387
2538 6980
9103 1338
3192 4183
5590 5412
8066 6514
3068 8233
3944 2790
4799 4258
1099 2653
2018 905
3945 1356
1664 1500
5892 3712
103 6157
4625 9440
1183 2803
2801 5660
3107 3122
8547 986
3880 2252
4147 475
1472 8883
3841 3016
9734 4933
328 7334
2993 402
2408 8957
8229 7857
268 9611
405 7546
6304 576
6518 3758
2006 156
2524 8974
6757 6485
9567 3211
1028 5648
9 2973
7322 6376
2485 8905
8444 9007
4688 2037
2974 5803
8368 1878
8670 8657
7761 4257
778 5603
8232 2713
4896 5223
6041 3067
5406 4615
912 2895
7998 6943
785 8138
164 3174
977 4146
4283 9186
2996 5204
3597 4473
6895 1384
6858 8637
6816 4384
8434 437
4004 27
3646 7610
232 7940
506 9595
8264 6665
7874 1004
2419 7077
2382 6507
4277 619
6772 7646
2349 7909
8646 3142
6259 4132
79 4819
6499 2299
1328 8171
1113 2292
9523 1548
5079 2579
1074 7353
7553 1140
5228 4606
4948 148
3463 2433
3768 4490
208 3522
10000 6377
795 7845
2289 8451
9839 3045
5705 6719
1473 6282
7252 2154
1824 8833
8490 7164
6242 6966
4825 645
2762 59
5986 2609
134 776
6706 9262
6863 5572
4292 9008
8943 1550
8351 5297
2720 2670
4187 19
2524 7191
4845 9511
9890 2407
4758 7055
7998 694
3166 3072
8216 2286
7819 4025
8550 5642
855 709
2994 7153
975 2262
237 2935
6001 9145
8704 2299
4859 3658
7997 1966
1164 1243
159 3262
786 6160
7894 9699
5179 3840
8165 9251
2363 2848
4493 6143
6458 7708
1975 78
8095 152
6638 542
6880 5505
4939 1966
3742 6996
7974 4243
571 9475
7924 7573
4561 3278
258 9638
8745 7399
1381 7754
1808 1196
3880 7032
1191 1707
6518 6437
9767 6065
7909 7769
584 8632
7576 3717
474 271
6002 1449
7423 2593
2252 6379
6095 1707
6899 9144
9750 7738
4036 780
5466 3930
847 4735
7514 5202
9909 502
4389 1324
9931 1129
1849 5480
7510 4088
2742 4577
4530 8316
7076 8637
5906 8583
8966 6669
3415 4870
3208 3045
5794 1545
5745 1173
6522 587
6930 9196
553 3621
4738 6304
5523 9627
3952 7850
4927 5791
7818 6172
4731 9936
4075 1416
2046 6654
7469 6358
5046 4854
1883 2331
8525 3527
7915 1221
9938 5338
232 3928
1805 4053
1124 7263
2593 5346
8217 4197
2181 2329
3504 1244
2054 2542
3930 3423
6944 7925
6697 2334
6748 9391
8574 8497
6405 5818
5806 4949
8784 283
4700 6595
3313 6615
6025 2110
5114 9338
2063 1612
9115 8609
5865 8278
5953 8790
7984 7336
6604 5353
561 9038
2846 1463
3543 2884
4171 9207
8485 4411
376 1124
2352 9560
9107 5979
9088 3782
4781 7486
306 8811
9077 1254
5633 811
5974 1976
5083 3836
1879 5113
2957 3100
615 6878
7151 9855
2330 6676
7889 5867
3174 6922
6579 7609
8730 4677
5361 5849
3922 4641
9502 406
3715 8313
5733 7401
1712 6789
5411 4420
1168 4649
2603 170
4331 3140
2373 3697
8042 2249
3146 5231
6996 8842
2207 2185
40 4922
1840 9857
8287 1818
3511 384
8793 7725
1471 7030
7658 9143
2513 2961
1898 479
2137 8903
37 6380
6691 7992
4314 4955
1751 4442
190 2267
5320 6257
8625 2702
6088 9088
1882 4024
5958 8070
1704 9
1184 4676
2583 5282
7445 2925
249 6363
5289 4427
4092 3763
2850 6450
9263 1778
6525 3496
6149 6440
2783 1854
963 340
917 4653
6895 5037
2566 4434
3539 7289
371 2533
7652 5270
7021 3727
426 1250
5013 7037
6752 4440
5144 2236
5582 6438
4035 7332
1560 716
5873 6104
1436 338
1804 6536
3501 1225
3554 3544
9799 7559
9959 2511
2469 4645
7992 173
3897 2136
2079 4631
8319 3136
533 9420
1844 4919
6625 4243
6119 141
5846 4921
6489 4754
5981 8650
2040 3936
9911 6858
3649 8805
2297 6113
2707 3302
4851 9764
1237 7095
85 3707
8059 5213
1159 1694
5183 9584
3988 7757
5415 6566
2172 5322
6269 4751
468 4793
7158 4963
6367 7431
8942 7267
2217 5783
2114 4031
6308 8003
7089 1831
1030 7523
5630 5717
6185 6636
7130 4254
1337 595
744 7192
5177 4728
6478 6353
2667 4777
1886 2036
8409 6592
2680 5727
4586 633
1855 9121
4888 8165
7361 2213
3405 5668
6664 8045
6550 9818
9904 4468
710 3386
2948 8986
9145 9892
9163 8555
8938 2909
5797 8177
7803 5437
7664 939
2380 1283
5038 5673
2934 4882
4853 96
3232 90
4882 364
4881 122
6436 2696
4690 3937
6249 7131
3372 2808
9008 315
9423 5313
4584 3395
5656 6567
1728 6538
2719 8749
4520 3184
215 3842
3356 71
3887 836
5119 8159
9884 4871
6092 9305
2181 6342
1286 3889
2688 235
5497 1750
4566 783
4642 1499
3077 516
5299 2158
8118 2983
23 421
4932 3073
6907 597
7164 7529
4147 5296
3475 4772
7036 6355
3091 6542
3853 9849
9332 6641
4078 228
362 9269
4583 5913
1233 4089
7186 9494
4514 9042
1394 1769
589 8967
2988 9219
1903 6668
9481 4954
2675 3404
2510 7008
6449 435
8768 5854
8389 350
3851 3512
2573 1185
952 3340
5719 7149
3216 1358
1277 3456
4949 3810
5635 2435
2736 3457
9804 758
8738 6694
1900 7182
3970 6530
492 2635
9425 7479
7632 1056
59 7459
3644 4989
8972 4364
5164 3658
1578 838
579 1366
8553 2329
3572 7174
4037 9169
8452 9102
1788 5390
375 3767
2043 5137
1559 8023
1900 127
8913 4127
6051 1394
33 7907
9636 740
249 2027
3872 9985
1039 8254
1314 8895
3427 6052
9649 6071
8961 8972
1339 8946
5727 3698
2579 3835
9298 1549
513 4785
4784 2338
5228 6717
1125 2823
5047 3378
774 3
5602 2225
8210 4346
6301 4204
4923 9187
3353 7432
5865 7464
7798 5883
4365 8882
1432 417
1671 3440
459 4368
3640 5903
4727 7574
5252 8629
8236 5223
9379 9668
4246 4932
4564 3358
6575 3847
1028 8552
7889 1881
5964 2998
6098 9695
945 786
2767 3438
3551 5856
6527 2430
7345 7805
9828 9273
7802 5780
6802 6070
8119 4318
82 7019
8096 4571
8590 4406
6010 6446
5896 2693
6052 3391
7284 1146
1510 1660
9349 9872
3545 6614
3851 4129
8240 155
9979 8804
3617 7791
3947 6822
1895 9037
3421 2727
7091 1331
2165 3394
5640 2270
8504 2153
8741 5496
8352 6917
8083 2137
4110 6818
9438 9680
3913 5755
9773 2937
3384 805
197 8388
762 1896
7363 796
9440 5385
1374 6081
4211 2063
359 4687
7102 1544
6095 9905
9440 5719
2782 7304
18 278
8659 8748
7455 9087
434 256
1493 9638
2211 892
5477 7579
4195 7156
4241 2832
4381 9335
9303 2404
2122 259
428 9835
77 6154
4724 2024
392 5325
9247 9180
2848 403
8789 9276
726 6806
6796 8105
4385 3830
2924 5967
4664 909
1871 4717
4399 4712
7185 8924
7072 8480
9708 7561
1896 1757
9166 7000
2594 4575
184 9821
993 5753
9121 2077
9576 7728
3104 4619
7350 4389
5641 379
2203 4920
9040 5912
5777 9759
7159 1926
9096 9144
4645 6879
2368 789
746 898
536 746
8493 1690
1052 5338
1599 9622
6198 7461
6772 5484
8549 4618
957 7848
8435 4659
8107 6720
4089 9109
7310 2395
7740 6881
7244 2326
191 5780
8836 8824
3462 4403
2286 5478
2629 5592
6157 6749
8217 9784
7494 7068
6910 9258
7738 8405
1679 6768
8182 1911
4055 4367
3806 8294
125 2888
377 9598
3605 9373
5401 8713
3769 9433
9596 7776
6755 7680
8233 9055
2098 3658
6570 9256
4388 4380
7909 5372
6847 6981
9536 7214
9398 871
1613 4139
2546 2183
164 2429
7446 4180
4707 3849
3784 650
196 1948
8907 1290
9548 4914
1666 4347
1127 9172
7556 1727
9249 2784
3788 4661
6011 1545
8307 1693
6060 3059
7971 7406
8433 3294
4709 2301
7158 1285
6540 6358
9640 3339
4912 1487
9182 581
1133 9749
3119 7766
3098 6978
8012 6304
9080 7848
9154 5702
23 9232
409 9332
7320 5031
6193 2190
2013 4811
6095 8812
8396 8982
9829 9485
6620 9158
4297 809
9609 8945
9451 4780
7983 9953
4369 9345
716 2042
3505 9148
22 4070
2324 9883
4612 3631
7222 4736
1004 2061
5685 2911
7500 8122
9370 7802
4264 7580
7341 1218
1247 9299
6305 8131
9548 5335
8170 1188
1898 84
8545 9753
1318 2495
3204 4643
2338 3604
9722 2057
7406 2419
7406 3726
4549 5455
6453 267
979 9983
2643 8983
4856 6892
7626 4448
6241 7554
8420 7742
567 8210
5245 159
4417 606
9123 7876
9116 6097
3620 1206
4846 6825
2845 8178
5605 3880
6648 6202
723 6954
1269 743
7437 326
8336 4628
2681 6002
8417 2421
392 3320
6712 6987
8786 9624
1645 6283
7044 3584
3994 3912
7109 2526
3763 7533
7170 3260
6413 2088
967 2629
6189 568
4034 2274
1652 3389
106 6570
4913 9895
6149 5101
3075 8896
5873 3364
646 1569
3171 5030
8726 9991
9230 497
8847 9055
9811 9175
8464 7756
7414 504
4989 2593
5093 7556
9922 8579
3152 2849
5554 9621
9445 7994
59 7557
9318 4180
886 1590
408 9411
1632 3935
7068 976
456 1587
1334 5668
2597 481
4391 1119
7191 3705
8919 8023
1357 4469
767 1829
5618 6548
544 9612
434 5156
8151 880
4812 6734
1733 6030
5153 1155
4492 6579
6165 4994
1270 3537
5463 9497
5445 2037
9848 3104
3907 8922
6122 453
2244 6697
5129 137
2517 5466
8709 1325
1253 7865
3654 9375
2669 7567
1359 7645
7946 4864
6873 7662
1115 9601
3716 6560
18 1995
9249 9846
4 4587
6883 8711
7319 666
342 7689
1670 4823
1977 3670
7516 6404
4605 7956
980 5303
8982 5966
2360 164
2744 8001
4547 4117
678 8600
2458 7700
9438 9455
2358 8559
5996 555
7922 429
5099 9104
4324 6124
8904 2832
8834 2667
8164 8741
7402 6102
2240 8870
6478 6100
6068 245
5365 9408
8228 957
741 893
9737 7052
3295 6753
7058 1270
4768 1674
9820 359
4693 402
236 2020
3479 9492
1095 7351
7989 6224
2248 5222
4346 2152
8568 4587
7364 6686
6030 5685
9846 3512
8596 441
961 2004
143 1992
7008 7482
3188 2478
3710 6003
614 3721
7270 5182
7544 7673
5658 3122
1147 442
8651 2434
8885 3135
5724 8039
5196 972
4050 7537
3051 2340
9714 6177
8455 3724
2666 2003
7961 8365
5822 2402
7011 3486
9032 8591
9742 8212
278 3345
6042 2926
9565 3636
8667 1823
3772 488
7317 5599
535 7148
1149 7812
4644 318
5185 7261
9274 7368
1988 833
6972 7271
7251 777
6220 9381
7924 8316
3468 8905
101 3521
1405 7888
5397 216
881 7477
3061 7681
3304 6187
2616 9382
9389 5922
9826 7583
9508 6960
9006 9370
4263 9119
1957 1290
103 8861
1511 3737
7493 4654
3102 3088
2954 3060
2336 8741
5448 9462
7976 449
7664 6739
6163 3484
4725 6288
584 4495
2755 6269
3761 9092
4877 8760
3170 4495
2432 6765
7329 5416
8306 9017
4380 7722
6887 2718
3157 3462
4310 2665
5559 4726
8186 294
7985 8100
9104 9502
9242 8769
9534 3240
5149 8950
6317 8181
1782 5967
6039 2326
5365 1927
3957 9308
6183 2070
3741 3182
6035 9672
5163 7623
3214 4456
7395 269
9427 7512
6740 1659
2375 4724
5829 8244
1077 9133
930 1547
8851 82
6278 1935
8652 5277
1127 3236
239 4901
9071 2629
6112 6461
4023 1949
5154 6265
4635 3593
2587 4683
8440 3270
5320 8161
6373 1203
8861 2680
8157 6756
2860 5942
7967 6997
9930 8157
125 1195
7823 442
6157 4342
5246 4827
5506 7193
2555 4158
7576 2252
5580 6209
6785 3623
1019 2636
7415 1538
1950 5414
4591 3058
8739 7072
7993 4058
2794 4644
6955 751
532 992
4484 1161
3748 1393
2610 6142
4523 5547
7437 4407
664 6183
6801 162
8289 1768
8356 1440
8824 3298
6805 674
9845 5885
2480 3997
652 1667
7474 3601
6856 8462
9037 7987
907 2639
8227 1708
960 8980
2524 8774
2512 9412
3428 4061
3863 167
4957 1786
9679 8582
4605 2980
4378 2362
1832 8315
3888 8409
5617 106
4174 9549
4781 9359
9429 691
9455 7699
6111 4813
8837 6299
5232 351
8515 1815
5441 2507
2934 319
5999 5059
7965 1271
2500 2698
1377 8976
7648 2392
9853 1658
6119 1667
7545 3814
7833 1929
7727 5766
1804 6757
4101 908
3163 4917
3416 8494
266 7788
829 1266
5379 5594
6204 9529
9380 8576
952 212
3801 7130
359 4990
7932 3851
4508 2987
855 7896
4620 2162
7396 419
1269 9105
6266 6528
5396 7938
8290 2636
2501 4455
2353 3343
5825 9220
6654 1509
9052 1057
5937 2543
8529 5432
2236 8869
2410 7345
8171 5526
1491 4452
1806 7066
9436 7743
446 3163
5874 9600
5264 9967
175 8107
854 3545
1969 775
4762 5840
925 2663
6527 9307
5536 6042
6998 3148
33 8068
5962 2303
2692 6818
5063 3567
2742 1615
6914 430
3342 6413
6935 328
871 79
4445 1211
5423 7025
7938 4720
9429 9392
6416 5747
4112 2809
1017 4181
9811 1214
9741 6984
5685 7642
723 9112
4394 9506
736 7377
5345 9446
4572 8910
1350 1372
2120 885
7814 8668
118 9893
6680 9356
6850 9008
1381 5873
6170 5313
7230 7056
9495 4356
5854 2420
452 1271
2383 4926
4634 1614
3124 1165
9619 3231
9880 9260
7603 732
6627 8786
2567 7742
5200 1431
3213 5172
1153 8434
9159 7239
8801 1725
5490 1270
5528 1640
4434 6392
9520 138
8843 799
5632 8956
3315 7269
9031 3218
8202 1063
3933 8397
6124 7704
7454 436
4296 4816
840 8400
500 6466
1689 2596
3268 8052
7547 7904
8674 3966
4379 5821
2652 8947
1409 9738
1780 3841
8252 5136
2750 1833
5101 78
8047 6756
7036 4745
8308 7438
7324 6394
7249 4202
3733 1233
7463 4086
2109 4582
948 5652
6739 9054
3754 6123
1965 2034
7024 1798
8414 2461
2369 5486
5659 7173
4305 2058
796 2926
4666 3973
9621 9803
6977 6288
766 4011
6358 8530
6921 9033
2530 6408
8517 5433
4397 2752
2570 8773
1147 7463
9899 4393
292 5531
5748 3867
8102 5776
5730 8148
7133 2603
9584 6317
2504 8342
9453 2054
2825 2200
9648 1154
7220 7680
5870 4850
8768 9643
9073 9049
6513 2765
6517 6678
3595 1505
3853 8629
1969 768
2467 6186
2276 9212
8303 1120
457 6022
2655 7248
8501 3269
2400 373
309 7766
8468 724
8105 5118
2076 3536
2456 5119
5016 4979
2428 3866
5588 9293
5305 7815
8401 6523
2015 7508
7516 6677
6969 2163
3541 6146
5680 9854
7254 6551
4224 1655
9177 454
1781 4622
4039 1642
3764 7544
2535 6617
3293 483
7508 5600
7674 5096
3477 7644
1439 4669
2306 9706
8524 2667
4804 3651
2720 7667
7792 8163
139 6406
3797 8435
7404 4658
5686 6831
683 5931
3340 2055
9981 7912
550 4587
4463 8789
1493 1827
2609 5798
3265 9900
430 7581
2735 6157
8347 3376
9413 4803
1978 6573
9989 8358
4454 1305
5054 7174
9924 3573
9780 6769
7631 5838
2584 4573
3990 946
6642 3066
320 3329
8927 5830
8196 4706
5182 457
638 9149
8993 8302
6124 3264
2240 895
9340 8099
8111 3189
5748 9677
8105 737
2219 8762
2708 4628
5062 9915
7546 2576
1780 3085
2548 3553
6550 6723
536 9395
7681 4897
7865 6666
3401 4672
8630 8527
6797 5459
5108 6511
9054 3175
8360 5675
857 7204
8047 525
1878 291
9172 1914
2907 7009
2134 5690
9388 9667
8539 1149
8556 6896
2202 7399
329 1368
9273 6330
6649 7322
397 7012
4242 2778
2855 8925
4930 6852
2842 9971
5599 4095
1594 5656
2116 8761
8630 8226
265 741
1004 692
7423 8020
1579 5796
8735 2213
3621 2861
2817 7091
5991 8243
1546 9114
1227 7783
3989 4660
1212 8850
9659 9514
224 6507
3944 4512
7685 6591
9001 2114
6129 1890
3694 6632
8959 9900
3685 577
250 7243
3070 1021
3701 1793
6743 7631
2266 8829
6840 6344
2951 5098
165 331
8397 6805
3892 7772
2506 8068
7461 6733
3736 2122
6897 5134
4223 3188
7138 9355
2285 2758
3418 232
9016 2355
156 9284
6674 9722
4560 529
1951 1747
8343 852
8613 8872
5480 6475
9401 2336
4706 7081
7955 4476
112 3104
5456 4060
6685 6110
466 8732
3633 119
4170 7965
5617 4811
9983 2825
651 2609
7099 5753
1133 941
616 6843
9047 8653
28 3873
9296 8048
6837 5863
8645 1995
2099 6659
8871 9266
4667 3656
8474 9633
2419 4137
5770 3370
1456 5434
3459 4562
3396 8293
1473 4807
840 8763
7855 6935
4804 9074
1589 7206
7120 8620
2844 3227
509 598
2693 3461
9646 2042
3510 9348
2613 4225
5197 6913
9374 688
1733 2080
3303 7040
9104 3603
6493 6413
1803 8868
202 4179
8655 9317
2263 5351
5817 9762
9326 7279
9692 1111
250 147
1760 9930
2271 8731
4515 5179
2082 5548
8217 1242
2831 4305
7382 4506
2325 2061
4011 827
1590 1901
4492 117
2964 8622
5304 280
9214 8059
9983 9493
9889 5776
5547 4906
8438 2196
6751 5281
5977 793
1322 1694
1970 3159
1922 3377
7343 229
4406 4090
5406 4798
8802 9362
5911 6820
7859 4552
7969 6814
9232 6395
6462 9438
371 9367
3977 9946
4525 1662
2837 5926
4533 8802
6413 7196
8141 5051
6514 1837
1012 219
7900 4963
7708 2011
6384 220
2251 1778
9583 3824
5408 1786
4932 6765
433 2243
3603 8786
6311 1137
162 1674
9822 8693
6654 6587
9459 4123
4851 1589
3647 8258
9388 3060
1650 4893
6563 101
869 2394
2201 8987
1204 73
8733 2580
1480 2668
8249 6664
5256 2151
1689 7927
9744 7964
1426 8839
5722 2969
9684 7295
4789 1232
6668 7827
3529 9866
5032 5613
7825 5342
8654 6125
5283 9873
9796 9463
4817 778
6818 3545
343 7625
8355 8950
2623 4462
7965 8248
2541 9382
4755 3544
7281 1010
9148 960
7377 2344
5789 3940
2251 9526
164 6325
9549 3343
7524 4161
7858 6166
567 6281
215 8193
2244 9869
1582 3150
3011 2995
1774 8749
1526 7863
1671 7375
1437 4145
3291 5775
7210 6908
6418 5419
5698 7044
6804 3844
6559 9867
9743 9702
6786 4025
5753 7688
9965 4434
9443 9173
4535 6134
2711 6787
6453 9114
2983 1437
5190 6496
5946 462
6362 8033
5898 5786
361 1565
4119 4439
1118 1708
2736 1704
674 2212
2557 1003
6983 4231
5665 5167
5909 6709
5007 9109
9077 6291
5369 953
8675 7335
8549 8831
5285 4913
9797 2548
6601 3219
692 1082
797 5816
6485 672
7507 8400
9511 50
2095 5042
6023 5123
6968 6376
508 5974
3535 4339
8411 704
5795 7911
1114 9291
6086 4662
5523 5594
4551 9244
9532 6397
1641 1180
8784 7979
1013 6982
5946 8399
8810 6301
8014 7852
2140 8818
1227 1946
2206 8078
2116 2726
2010 5815
9026 5982
4875 7370
9835 1364
8147 8850
4984 7775
9575 8190
1019 4516
1580 7686
3985 3625
2411 5519
5206 9416
1108 3018
4682 1272
4328 4073
448 775
6858 1904
6513 8625
5522 8995
7934 5393
4330 237
3147 4000
9132 3835
9098 5393
6159 9966
2551 8550
9834 2352
3007 4179
8849 6366
636 6808
9481 1321
9759 2249
212 1053
4841 4945
1011 3531
7669 1368
4033 4879
3070 5423
4825 3088
9557 2605
3954 4933
6568 7427
6477 6580
7496 2740
7038 4256
9704 1729
6344 3561
863 9607
9983 7776
1163 7240
6444 7434
554 5025
956 3090
2333 8136
5674 2915
882 2737
6693 5740
2245 5613
8200 2608
4697 9899
5503 4715
4665 4595
23 3132
8038 7590
9407 9174
2022 7488
7917 6454
3708 5047
9768 5792
9908 2320
2359 9895
4144 9392
8545 3056
5556 9969
3887 4997
3372 8312
9522 6975
5260 7435
8870 5693
8178 4774
2742 4398
3202 7447
5258 5171
3157 2743
6676 5890
7683 6908
5856 2552
4087 1184
7679 2618
8755 4182
8475 3138
3269 9386
8336 4328
3388 6225
5470 3044
7363 5088
1804 3996
4581 81
8244 855
289 178
1115 219
6039 1699
1990 4782
1767 225
4979 8201
5966 5714
4077 3556
408 7490
8444 2730
4492 2194
9374 6229
8197 9451
7024 5844
573 8748
9512 5986
810 3078
5576 5313
2795 118
6197 2266
3879 8345
3233 2546
2457 2423
7003 6798
7011 9044
3374 40
4723 4269
3327 3204
5224 3478
4566 4925
3880 5614
2062 6419
4138 353
367 4577
7579 7441
9048 1122
69 6300
7640 1930
7636 8239
6045 8218
56 7583
4394 6030
4876 7582
5426 929
8059 915
3466 5596
5895 9535
9561 8912
2308 7056
1303 9059
1327 9266
3956 3489
2647 2487
428 4416
6321 259
8723 584
5445 3872
5578 8785
8739 8250
9362 4051
8396 8269
7530 694
1837 122
3364 2955
5331 3823
2235 6330
3299 6937
2158 2848
1957 8445
8696 8362
5122 5198
3976 3176
9962 4846
6075 9211
2546 6720
3221 3662
6136 6766
7406 2918
3458 4939
3171 9954
4237 2751
4431 2130
7917 9802
1930 8155
4406 9011
3995 2303
2233 3475
4733 9750
5037 8160
304 8481
9518 8386
2832 6254
9504 2372
5115 7285
7738 7011
6129 890
2237 8519
7446 1328
4221 6949
7024 6028
8286 5908
2625 5136
1965 827
6117 9633
3672 9764
42 9553
3992 570
1333 8763
6637 5638
7985 1464
986 9186
5697 9130
5998 8398
8278 6171
6432 941
8173 7234
1049 4205
8015 5326
3200 5385
9570 452
7501 8976
3910 9181
2961 5099
7497 502
2039 5708
893 7628
4905 2302
949 7311
7865 9892
9906 813
8851 9703
4891 4769
3137 8386
9248 7289
1564 8207
603 146
1041 6168
2201 8661
3933 2937
4462 863
7125 6872
969 8948
8182 6438
1608 4900
5143 9704
8738 817
2298 776
6104 4969
8500 6639
235 1659
8560 9502
4613 7593
122 2066
749 2865
1475 5650
740 3665
2578 6343
807 3205
7951 6935
6691 4657
530 1450
6260 1530
705 2958
9609 2159
7403 3354
4587 8439
3837 1623
7185 8335
1326 7518
4026 5787
4124 561
1777 290
698 4557
1481 6120
8971 9322
8644 6352
805 2563
5362 7136
4882 8625
5202 8050
9160 4292
3068 5955
5466 9589
1787 62
4399 817
1189 7510
7893 8572
2586 6347
4583 1337
9010 4302
85 8079
6266 4954
9406 8188
4136 5365
6542 6331
4564 8444
4176 9149
7901 2028
1535 1644
9801 1165
453 6939
2624 122
4461 3198
2415 8289
7730 2012
2497 165
5833 6459
859 3946
3945 7539
7076 2896
166 9734
667 8239
1743 9151
6951 2595
3039 9641
4939 313
609 979
376 8824
449 4801
709 9848
5195 660
6916 6155
1109 4746
2401 6360
1746 605
7054 1560
846 4005
7863 8452
2239 1845
6755 2812
8813 201
8289 1938
6865 4295
1416 5523
881 5750
8983 763
7943 552
899 2786
8761 6406
1433 6719
4832 4662
1701 1943
6127 8402
7106 5009
9557 2896
5880 9211
3428 6655
9660 2056
3276 7141
4468 9110
6768 5969
4162 4567
1090 3228
8884 2675
1369 1712
6380 2628
7389 6595
5933 6704
9322 9810
5970 2439
600 2424
2297 850
9547 4038
7528 2567
5770 7472
3959 4064
4313 8317
1893 4495
1589 710
6901 7009
7201 1662
3188 1660
6495 6180
434 9269
2609 8370
9094 7311
9241 3365
103 830
9904 6882
9049 8940
4308 4220
302 6119
3095 9541
2785 4314
9238 2513
3083 2474
7202 7291
532 8394
6132 3440
8230 5136
209 7983
4981 2699
3032 8435
2693 221
124 8405
4117 5597
9040 3831
4828 249
3009 4881
7683 8395
9990 2785
2113 9118
8790 4241
3831 380
8535 9232
6688 8143
9270 4973
4087 1096
9580 6493
2031 2482
7967 9366
3204 3747
5160 8545
298 752
2399 2293
3795 2841
8199 5378
4189 8557
8611 7855
7403 3218
5827 2672
6711 71
5565 4436
697 7219
577 8967
1789 5362
9307 8368
6782 1487
5725 1896
8600 5591
6201 3633
4722 8421
7428 8335
9642 9291
4652 1063
5685 9664
1490 9024
9329 4624
3493 5017
5863 4423
7319 9474
8721 3277
9011 7886
2424 2807
7397 3383
4947 8826
9673 9000
3450 8047
8363 2250
714 1503
5580 9054
6505 6792
6951 9346
5863 6272
2944 4340
6631 8909
7148 9243
5141 7731
1155 7025
3807 4831
6906 8459
2084 5633
1470 644
6937 8993
741 350
5301 4049
9952 560
9141 5160
2432 6550
9222 1306
8113 9016
7137 1245
2425 5651
4610 7875
6444 4762
1438 4469
7246 9473
3912 697
9860 7045
2932 3693
5737 8510
3833 3335
6931 4694
1531 531
7262 9046
7096 287
644 7041
2893 2499
6645 4586
5601 3582
5154 530
8298 9581
9569 9276
2188 8456
8626 5403
3000 1256
9046 4577
3274 3470
8987 5267
3852 5634
4649 7296
3336 1146
5836 6376
3897 7571
588 2598
1907 3801
8047 5649
5276 8847
8205 5252
9988 2424
1189 5113
3348 9848
4998 2291
8894 6055
5232 1602
9166 7269
4034 2024
2998 1854
8520 951
3112 4643
8593 2786
1240 4232
7803 6084
3499 7655
6042 140
5153 4173
648 4543
3315 3750
6819 1157
2351 3711
5692 5036
9229 1938
9925 5877
4967 8254
2392 4261
2414 1257
6847 1554
8232 8719
6416 507
6029 4616
1137 1260
4363 2554
7731 1585
4661 574
3676 7493
6053 8097
3585 2450
375 4575
962 1213
3598 3835
8817 7358
7516 829
4320 6486
8165 6005
4373 6975
9807 4629
8136 5757
8053 8494
6443 2921
5249 3570
2513 6044
3890 4387
1843 1076
5841 965
5421 2268
3869 3155
2623 7006
5081 947
7821 4637
2861 9780
8034 8667
2387 6009
5693 3063
4716 8866
8885 2908
9945 5800
4532 7427
5450 2056
6247 7903
7818 9605
8104 329
2718 9295
8599 5872
8243 7438
5696 6256
256 9930
474 6619
1751 8157
5364 4241
6379 1710
3501 637
6831 8650
4401 9712
7263 3856
1647 3691
8804 6578
1872 8165
1337 2923
8512 9247
9760 6261
396 2299
181 1198
4994 1148
150 454
1410 3602
1600 8879
8286 8592
5752 2606
1747 5667
9341 5539
2577 1924
1973 7370
1125 2269
4891 356
7622 7513
7009 5791
8943 2486
6603 1648
128 7430
7993 3946
8748 7488
1352 8006
7774 5464
9189 4868
5151 6247
3713 8260
2598 529
2643 5842
8533 2688
4447 5229
164 8086
6487 5242
9437 6679
7856 7036
5502 2477
1451 1441
5777 6121
424 8803
6886 3381
9945 2405
4480 1618
3022 9399
314 998
9060 8504
8216 916
3815 1603
3545 8485
8229 1717
9953 7654
7788 2200
1277 6455
6214 9209
9398 9212
4501 965
2107 2306
2999 4827
997 3116
9271 9181
1160 8194
8817 7527
9751 3153
2831 4374
7333 9887
9161 2553
9521 2195
6835 4627
7167 727
6884 3379
3236 9497
3473 401
8619 3359
8883 6103
4873 3241
3740 4558
113 6561
1942 2959
9458 8982
9332 8332
4730 7419
3510 6985
6362 4647
648 9507
1926 3990
36 7465
7030 5506
6181 4618
6251 4162
8412 4810
5423 8347
6585 3165
4958 7567
3805 3892
3116 6305
3010 4316
1467 7835
8481 8917
2074 248
388 9447
1080 2259
5997 4337
3388 1615
306 2589
2361 6957
4938 8251
1335 6736
7282 4071
1065 875
1708 4661
5180 4320
1257 8329
6166 4217
8241 8241
2186 9891
9623 1605
2652 1280
6531 6753
1827 7745
345 1957
4573 4202
6795 2790
9552 9729
5522 362
621 6316
678 6991
50 5647
5408 8319
2707 8868
508 5228
2535 3349
308 37
4660 4116
7200 1170
3381 2572
5215 6016
1571 7979
6291 2643
981 7414
8825 6494
2881 300
3249 5620
983 696
9881 1796
2319 6428
3402 3689
5558 4274
7321 1981
9631 1747
5459 4299
1666 8097
715 8237
7585 4984
8332 28
7213 1878
6062 6437
4965 3107
6537 4267
5034 1973
4020 5080
9126 2397
4980 2309
8062 7723
466 8779
1958 7468
6918 1950
1445 5577
2409 7793
1286 1069
5880 5497
5478 1046
8045 1632
4107 391
2337 4021
1504 6244
6258 6747
7502 3037
6179 8850
2721 5107
8727 3060
1766 6661
1140 939
5257 7749
2677 9328
3708 4285
3722 5187
40 3095
5514 4488
720 164
3246 2370
6063 2415
5280 8051
1373 7308
6906 4990
6898 192
9356 309
8865 4859
7208 3452
8220 3381
1180 533
7442 5164
5865 1853
6781 3603
5868 6842
9115 4638
3643 7785
7799 3704
8335 6176
4926 4694
3255 3397
6583 9476
9696 3262
3720 8717
6038 7072
4155 6984
8021 9517
4506 7712
315 6281
1571 2694
3190 3400
5388 1969
6501 5338
7614 469
1524 94
396 2587
3922 4996
7105 417
46 3871
7598 4046
9622 8412
815 5304
3652 7372
9396 5938
2903 6103
5439 1330
3291 2849
1797 5670
6640 4359
1941 1624
5989 8873
7029 5696
1538 8237
4199 5877
9363 6960
3975 3179
3597 6328
6894 6642
3150 9335
2183 5230
4471 1626
5600 9465
306 6564
6451 2014
8680 7997
8738 6205
516 527
2449 7081
1169 6307
6054 1339
7481 7803
2824 4510
1050 2650
5304 7181
9290 8919
4290 1583
3605 1914
8562 9679
5167 8
5283 890
5580 8632
2545 3176
3573 7223
4092 8587
6516 8835
3864 7502
2386 2597
93 6592
8993 8944
8838 5796
7888 7504
4103 8533
5157 3214
8633 8696
3633 120
16 91
6225 7482
1729 9187
1801 5755
766 4623
9784 9145
4683 3550
7911 1946
3970 6074
3937 9503
9212 7068
3375 9184
3554 2830
3358 769
5589 4240
1911 6850
10000 3828
8148 7925
5646 6975
1873 235
240 8251
4378 5955
5607 6876
1640 5690
5660 9434
8216 9438
8472 518
6064 6864
8274 3823
3831 2647
3494 4567
6557 5726
2617 3320
5861 8969
7081 7438
9023 8700
6262 6794
4776 1930
3063 3442
7426 508
4911 4830
6943 1751
1114 6370
5849 613
8965 5232
8407 9570
6195 9919
3870 8642
6570 7702
3372 5376
8000 9705
6288 3783
8248 2002
1755 6962
1309 8356
3428 3341
9982 3644
5281 532
4635 4261
5615 7696
7940 3477
1712 5817
2386 5703
1122 4819
9638 582
3173 617
8838 6560
8803 1902
9011 2508
5283 348
5903 7623
2587 6867
3563 7104
2751 550
1012 3231
2028 6513
1991 637
7318 5465
900 5851
7990 3418
5914 6099
2347 4514
1565 2160
9644 7230
6979 8662
7207 1551
1735 8135
8794 4943
8612 4915
3396 5985
3085 9635
54 3947
4376 1364
5096 9427
3090 7145
2774 6183
4602 8435
9622 4456
4122 743
2579 4970
9344 757
3698 6386
1139 9969
1895 5876
4548 5615
3034 8417
1387 5638
6228 4754
1745 8769
3959 2645
5270 900
1104 4054
4816 1773
4543 9550
7155 3422
6328 5509
434 8151
74 7789
4587 4318
4200 5759
5237 5294
9905 3747
9673 4322
3488 6036
3623 3744
5874 8761
5006 548
2096 7999
9742 3221
9528 5641
6680 5177
546 6787
8004 3357
7612 6418
4665 6391
938 3805
674 9550
2110 8914
2520 6245
2066 9252
2182 198
387 3937
6569 1040
7002 5637
5102 5489
2438 8130
2402 6856
4028 9962
3459 3563
7711 9939
2090 2888
8890 1037
1165 4192
2660 1643
2176 450
2461 9471
9754 3423
8988 2074
4630 6756
2439 2618
6522 8524
3892 7817
8428 6727
3541 9828
7794 6888
5616 2405
9680 4319
5369 2227
9045 5846
5987 1035
3713 8530
8686 6749
5250 5597
9888 4340
5454 5585
167 354
8959 1021
1105 1173
1149 2517
8759 2908
4773 4054
209 9308
4047 1517
3150 1474
824 6109
7967 2853
6780 8593
1477 6722
246 1457
4977 9196
9506 1997
2717 2240
1676 6905
2917 1178
2338 7575
3398 7436
7862 3449
4611 6073
2208 7189
6692 998
4694 1328
1476 5241
785 8892
6212 625
7112 5979
536 2186
5205 1978
6987 7249
5826 7660
1611 7971
9585 1161
233 8489
5052 1858
49 3550
4407 9714
6892 215
3925 5458
1321 7055
3021 8621
7498 3402
5862 6297
4202 935
896 148
2525 9365
9946 5803
2483 7904
4804 5299
882 6558
7131 6340
4790 3054
4691 3592
7435 9291
1159 1690
8315 6184
9915 7107
4270 1462
2550 9913
6268 6625
4469 3076
7649 5636
5722 4641
1980 2079
5933 1005
1207 6514
7392 2718
1000 9191
7019 1888
2489 6704
4308 1406
3472 5033
6307 6828
783 1694
9820 954
4978 8791
1719 7746
6984 5450
9213 453
3775 457
1245 6118
1686 7084
2697 1766
8763 3505
562 4349
8786 2279
8557 6559
5223 1722
3339 1343
2454 4318
6633 1554
6550 9068
5330 3296
4432 7525
6761 5664
7522 2086
2659 237
2842 6645
9597 2139
2289 6209
3684 1020
3828 2443
5255 8274
8435 897
4880 3581
1498 3898
3431 5503
8888 1911
2295 3473
9760 168
9481 9067
307 8211
2912 8405
2689 8420
6946 1815
7209 3517
4216 9284
8386 3571
6239 3108
4907 1220
1140 1044
3542 7154
1850 8600
8628 5582
8900 1921
500 5109
3065 5747
3362 7194
4523 8423
4497 3377
8654 9504
5708 7909
3276 7722
7154 6512
202 6343
9948 6772
4569 9452
7629 3587
5574 1253
708 4085
9762 7759
1456 2506
3606 8424
7009 8290
7251 7330
2810 6293
1796 8106
7404 3441
1126 6736
7263 9896
3822 9195
1587 158
1640 2155
4466 2774
5346 4915
9357 7977
6884 6048
4024 769
9625 5743
5875 3219
6730 9071
3058 6811
2434 5230
451 1190
4103 1626
2291 4886
6054 1882
5948 1586
3220 4034
5296 1621
3846 4585
2446 4922
1745 6783
1181 7259
6424 2219
7040 8976
7516 8482
644 9521
8512 7345
6543 5732
2605 5547
6877 3482
8783 6788
8674 4690
1161 34
3135 4285
5694 8209
9620 6891
8352 3640
7844 4862
49 4410
3481 6881
2095 2824
4828 75
4049 9260
7652 7571
8890 5641
1644 1930
5818 907
160 5143
6659 8142
8646 6392
6723 12
8230 548
1494 8233
8266 9341
1258 1364
6201 4354
917 944
6330 1856
8807 8901
4882 1964
3971 7762
242 8028
7907 5979
1806 3823
1793 5036
6406 4218
9497 9553
4781 1697
2468 2096
3059 5795
7883 3913
1117 2833
9272 5251
7521 7330
8928 7905
2424 3051
9999 2129
8708 2539
3690 3894
6740 3958
5956 3867
5567 7369
593 4650
3486 2249
3063 2354
9247 1833
3808 6849
9081 8726
1193 4659
3370 2609
8714 2128
765 9639
1681 4468
5123 300
6747 2091
5170 2229
1300 1427
4953 5699
7968 6101
9387 8097
8689 3734
5361 7053
9008 5082
4875 2368
6613 5632
3600 4621
7081 9492
9194 7069
2308 6251
7173 6108
5185 7112
7428 5613
9123 3036
9420 3916
8021 7852
7790 3593
4874 2477
2784 9962
9896 3587
3532 9786
6707 3870
5150 8251
3524 5755
2850 7525
2633 3105
2469 6958
3753 4228
3061 1357
253 9465
9480 6706
7308 5107
9540 5511
1082 8750
9696 3415
6772 557
507 4561
3723 8468
4608 4611
4988 2651
9314 3532
7857 9094
1780 1759
3774 9731
9105 1576
4726 8890
6158 4476
7883 2743
6693 5827
8817 1559
1351 7200
5858 627
8906 2109
912 8518
4571 5501
4190 4644
7415 8425
7767 8714
1035 9401
9698 3419
7264 3634
5252 4350
2471 9404
5193 845
1728 4960
6496 7446
7835 503
5235 6899
2986 6800
6053 7337
8045 5928
3202 5924
1250 1550
9099 8221
6734 8241
8241 1813
3053 4042
8221 9972
7360 2109
7924 8269
1994 7234
9340 9954
8491 3864
5299 9123
8256 6232
5511 5820
7047 7459
14 6934
3989 2004
6860 2471
1734 2690
611 8178
8026 6763
4484 8671
7345 243
6993 8708
3527 4803
885 1883
5575 4775
2107 1092
4274 1837
8214 1445
127 1983
7294 6751
1172 7452
9956 3796
4600 6456
7741 8548
727 3399
5635 1757
77 114
9414 8236
7102 2286
1442 7944
9567 2005
9982 7452
9539 1578
6519 7673
221 5008
9398 9859
76 8108
1546 7756
5764 5290
4279 9294
3798 9560
422 4413
7303 4669
6169 3675
2196 8623
2939 7088
9441 1671
5018 3945
8342 9083
5538 944
4343 1518
7809 1775
6710 384
4841 9995
7490 6618
4802 1169
9780 4100
688 2885
6218 4482
2451 3948
5013 2601
5821 8456
5710 244
7189 4246
809 4022
7746 7534
1646 9079
216 2155
5840 7691
1288 6778
4405 8020
4491 4519
9940 6126
6932 2419
5385 834
1690 3734
1722 3892
6815 3661
6097 1780
6848 5306
1485 4617
9432 4743
6027 4110
4067 359
4530 3624
4985 6890
3464 4102
6321 6256
6354 6067
4973 4195
6890 9727
5267 7879
9264 5472
6904 741
8108 1143
1821 2636
1682 7758
5178 8670
4255 9308
2077 2424
2929 1292
9282 2115
8713 5406
8170 7031
569 7626
1516 6211
5743 8454
2762 8168
992 5769
2888 7029
3713 8905
8027 8260
7996 8376
6107 2790
8630 35
5838 228
4028 3057
1555 9752
3269 2687
5678 7848
5933 8181
2577 1615
9699 4952
6007 1170
1603 5165
129 7787
3333 7288
8866 5705
7089 4994
1851 6255
1024 1117
1157 2543
7463 5646
3098 4151
4957 3404
4878 8948
5794 3621
7068 968
6196 3926
6588 4383
3713 4391
269 4249
7716 5082
2185 182
8901 1701
6067 4111
4131 1244
797 4798
879 8423
4245 9943
7945 6362
3903 6333
3556 6293
3901 629
8828 3018
6191 8487
6235 9455
3850 4944
6432 3821
5315 2210
2568 4467
4990 3100
8349 320
9043 9561
4112 2238
3929 6460
620 5804
9264 6484
5587 6480
5120 142
6376 7739
5 3350
974 3124
6711 4725
9802 301
4675 6482
6987 4080
4508 519
9470 253
4678 5935
9353 4197
4605 76
8009 1854
9364 90
8149 7415
1402 9928
6343 1845
5202 6528
9378 3225
7998 2431
2403 4955
6135 9899
5494 7723
6211 7322
36 6825
4757 194
9097 924
1282 126
5311 3015
7412 1342
5258 9270
8284 5893
9253 1944
9101 3723
5665 1366
8069 8587
1144 5783
7395 4036
6599 3428
2793 4862
2011 3816
2832 3768
3219 5212
8268 5609
2633 6607
3109 9954
8535 93
5669 7609
9609 343
3274 6002
7557 8674
9069 1952
6474 6366
3786 7716
5443 4952
1490 1419
7260 1428
2265 5046
4002 9175
4894 2381
997 9279
5862 5642
3013 733
5406 1030
2651 6632
5834 403
6365 4711
1193 8289
3182 8061
1144 882
9295 1075
1426 3900
6554 1028
2367 2806
4642 3326
7932 2521
2620 955
5782 398
4742 6073
57 4342
8789 3308
9283 4134
4355 9723
9273 4652
8635 8692
6351 4122
4193 7669
4232 2322
5260 767
492 7580
9299 7043
112 1196
592 6745
5616 1079
626 2474
2552 6395
8764 2289
4584 9800
3906 3714
9204 7569
8117 1684
101 924
7670 8115
177 6228
740 6152
3946 3050
8331 8711
1333 3865
3257 686
1226 7262
4187 4062
4328 2278
2057 7893
3149 972
6836 7766
6252 9491
6909 1328
971 3980
5134 7153
4714 6777
2409 4390
3113 7805
1123 9210
1862 3641
8060 116
3768 5093
6267 396
775 4103
9969 8380
7309 4067
1993 3442
3718 1251
3688 8791
4452 7677
3409 4181
5848 5301
1618 2571
797 2254
687 3918
8814 5622
9464 7657
2642 2935
3109 6814
9340 7892
3509 5449
8299 7984
6367 1965
9132 2439
9959 715
14 8566
4174 4009
859 9103
3789 1245
3922 3896
5944 308
6258 8466
2457 3565
9170 2398
6012 1173
1982 865
9575 739
6423 631
1319 91
2121 3699
7078 6467
8490 807
4156 7541
9927 6839
1658 3611
4683 3001
1065 8914
5195 4557
4549 8174
2410 5218
1193 4582
4749 910
3051 5227
2930 3091
5432 5772
5378 5285
2158 2076
1008 5149
4121 1072
8345 1626
6334 3587
1351 8770
2654 3146
1006 2446
4085 3042
169 4633
9786 5377
2523 3818
3136 4885
6889 2054
7613 4185
835 1766
265 7354
2182 3530
9490 2056
5258 4303
7859 5781
9565 8021
584 9199
6117 9310
2232 115
1375 6173
4058 2309
2796 8850
6010 3749
8220 4841
8857 3551
8218 7770
4502 1073
8967 4366
3320 5563
9596 4172
2551 8778
122 2602
1434 446
2342 2316
6666 3896
402 7226
486 1408
9501 5767
8345 8269
9702 9598
6531 9273
7388 8949
5240 7720
1602 802
5797 7081
7125 4527
557 191
5022 8361
5652 7391
9186 8086
7785 9949
3556 8829
4471 2134
1471 3401
8876 2360
1483 6458
1648 9354
3131 1123
2461 6347
9609 3175
4513 7097
2891 409
5441 2551
216 6511
5293 627
1573 3690
1310 3595
5044 4725
3191 8369
8461 7628
2849 9372
4953 4210
8900 7329
3765 4191
9734 4806
6 1602
7200 1252
3338 6156
4833 8129
7817 715
1802 1023
5953 650
4095 3913
9843 9492
4648 8632
6789 1911
9876 1568
8537 4942
6051 2175
4104 5791
3788 5912
7378 712
8599 8858
252 8145
6163 7518
5313 8893
6613 2097
8634 7641
3040 423
7417 5615
2304 3289
4873 1378
8673 9711
4675 6214
1552 3979
7973 9427
7577 7880
6887 9069
8907 8005
5482 8144
5753 2545
6020 2704
7151 5150
240 9367
2745 841
386 2982
4503 6376
5487 4840
1853 8489
4235 3527
7901 3355
110 9736
3561 3787
2974 4585
7501 4031
6338 1513
693 8737
1616 1335
1890 543
4747 2046
5206 8261
8112 6971
5297 2043
4386 1202
9064 1472
1138 5872
4877 5241
8516 1741
9473 8752
5890 876
4079 9844
2942 5067
2918 5158
7530 104
3799 3437
7882 9095
6336 3427
739 6421
5778 4177
511 5028
5543 110
1630 3592
4182 1930
9814 575
1291 811
5256 5416
4019 2919
7496 7124
4110 1050
180 8505
5197 3956
9516 6870
5398 5773
1572 9269
139 2189
2455 3215
154 7029
746 8042
8239 2284
3620 5994
5711 3027
3401 5635
6707 1599
2971 6422
2931 8041
5073 8844
4711 6418
3353 4289
8146 7324
1806 2969
9942 6808
9034 2398
9051 9393
6474 3867
2271 4238
3681 9094
9176 7363
1251 7097
6173 1334
9097 9527
6945 8210
4589 5134
3950 1027
2196 2811
6350 7010
79 2661
1456 5837
6682 718
2702 7025
7600 8912
2587 6149
8252 6918
3995 1522
9086 8807
232 1115
925 7153
5721 9355
4710 4698
7434 5300
2993 2552
7977 2888
5629 7389
7748 4495
684 9563
6141 7481
1688 252
1347 243
6413 9502
1310 4445
584 4756
4091 1865
1252 6700
4920 3903
6219 9545
7003 9846
7925 6127
691 5324
4125 7172
6013 7119
2910 9197
8430 9930
2565 7351
1411 1785
2025 5541
881 8844
1513 7482
8126 8054
7505 8886
4681 663
6547 143
7628 3924
9744 9291
2037 1018
1566 9972
6906 4201
9841 8411
5739 4031
4670 1951
5771 7128
4073 7256
2771 5022
177 4649
7323 9079
5823 6427
2691 4961
921 254
1101 9000
4819 3032
7821 2935
1673 7112
6051 7398
5535 649
7357 4000
1115 9232
6782 388
5860 8148
5673 6996
9134 5313
5070 1654
4104 5536
6287 9556
5211 433
6530 8663
2658 3053
1445 3345
4505 3089
4509 9749
1573 9279
8121 7540
5724 9929
6251 2737
483 7090
853 674
5341 8266
7421 9778
1501 7436
3369 6391
334 7028
5758 7208
4231 3456
6451 1664
3370 496
3296 6528
5883 9597
9093 4358
1748 3157
7932 3304
1292 4489
978 3232
9626 4660
5606 7545
4357 3935
6122 9467
8188 8946
1414 3362
9139 4357
4979 4046
1791 7162
811 1982
1760 711
658 1101
346 6164
5205 5271
6293 3484
4237 288
7373 4979
5743 271
1613 3834
2218 6782
9356 6203
2247 8858
622 4374
422 1058
5741 1577
6752 2303
3152 7436
7748 1351
9938 1623
6133 9135
1466 6652
1017 5258
4164 5476
829 4743
1224 623
9210 2140
8010 3825
6702 9266
9594 5894
9139 6228
8040 6959
9951 7614
4658 2856
626 8118
4518 1242
1925 8755
395 7540
5404 8081
5292 6874
4319 9607
2615 9228
1425 5326
4243 961
8080 3983
3660 1869
3565 7897
3597 4071
8316 6198
9575 3723
3958 8768
2873 8628
376 6285
8174 6710
3805 3340
4453 3314
9745 722
4012 2762
8098 2396
1191 5672
6413 4574
692 8268
3017 2472
8037 6484
3206 2060
4603 1117
5918 7790
8583 3826
6185 6417
8335 6780
636 5383
7317 5366
6060 709
9620 8226
9105 1766
7020 4652
5427 3584
9607 5254
7400 4428
6419 7814
8056 7591
4565 9463
5464 5995
5746 8699
3215 7676
6974 2480
9009 5681
1386 3963
2658 3970
2703 1862
5487 5762
4283 9978
2304 9423
9753 8637
1511 9226
6282 4423
3415 8107
5299 4972
965 7794
504 9904
233 6105
2240 8190
1567 1534
8568 5470
3607 936
3926 7839
8174 1535
3344 3409
6798 6909
8750 7366
8991 5079
8514 6479
4278 3655
3215 9640
8590 8503
1572 4129
5814 714
3764 6860
3896 9731
5373 3190
8245 3210
1616 1916
759 1273
6394 8395
1315 6664
487 4183
4297 7591
9103 4648
8462 7199
9090 3085
9612 5841
6499 67
9730 5816
9657 9450
2662 5441
8440 4304
5003 6442
7814 5094
7488 3906
4054 857
6101 1874
3475 5733
5755 6958
6485 206
8898 2476
2167 2300
6607 4021
345 9746
7838 6414
6263 4509
722 1353
1099 6316
6923 9268
2936 5025
2002 4141
6596 6603
9043 5257
9602 5144
4174 6789
3742 8925
4630 544
1984 7124
105 8647
5214 2424
1530 5640
3177 4021
4859 1617
8153 989
6004 4197
5066 6923
4203 6724
6041 7308
7664 4874
6088 9311
2235 2059
549 5609
2116 371
4898 6354
7755 4314
2286 2003
5432 13
1298 4285
7974 9299
7007 4609
7951 3743
4509 7371
3942 1891
4869 9528
7764 314
3579 6006
3397 9531
6685 4021
849 3310
7710 1198
1000 6423
4070 9081
1150 8016
2904 6999
7207 9041
7737 6828
1847 6019
2417 7735
7699 8581
4358 1092
9042 6017
199 6230
5168 2054
757 4554
4869 611
5848 5407
5702 3972
5499 5034
7704 1553
5183 6751
8191 5854
9088 9522
3505 5751
6351 2092
6672 3291
6532 5637
1300 9492
2360 1507
8046 9740
3951 6603
1759 1846
9751 8459
2101 568
2882 9231
5579 834
4381 2603
1500 954
5141 2948
8274 2243
7947 1440
2569 7221
8143 9834
2033 1299
6516 8979
8784 8009
6552 9689
3098 2037
9419 1293
6617 196
6438 1445
6043 6660
7119 5192
2383 942
8182 549
8421 6759
6821 4006
2736 4563
349 1124
3485 2319
2423 6915
5581 9137
7621 148
9109 125
251 5544
4690 7956
3391 8144
2479 6136
3670 5397
7160 7848
425 2077
5365 5743
2604 4317
4 916
4217 6142
4620 5499
3955 3804
329 8425
2898 931
1189 6541
7666 1628
1673 5333
7444 7968
6670 8299
3374 6722
8116 2496
7855 495
1302 5731
7680 4277
2302 8747
5186 8922
3236 472
574 8803
719 3637
6381 9832
1072 661
3651 4157
2486 8637
8442 8709
9393 5925
1026 8949
3262 1626
9068 2177
7350 1606
474 9552
5566 9692
1666 6196
4612 4123
5247 5497
9208 1830
2095 2678
409 6486
1050 8508
6912 1647
4410 9563
274 3540
5282 8691
3905 818
7861 704
9697 6432
6970 169
501 4727
7267 4360
5194 4549
4424 8885
2374 8434
2761 8364
9593 7915
4085 6982
325 8402
3644 1729
14 3187
4876 4145
135 3485
2653 6141
2769 1873
1089 4954
8608 1409
923 6049
3707 6655
867 8626
5346 1599
5150 9945
8796 6700
6328 3064
7306 862
3469 8998
5478 850
191 6596
5635 8729
6746 300
654 40
1779 595
6803 9117
1900 2604
9522 4957
407 3751
7615 1977
9130 3372
677 8135
1413 9927
8288 8236
9347 7500
2399 5222
163 4722
5509 4630
4860 2600
4396 7520
4896 6781
2424 5095
947 4284
6673 9622
4154 294
9994 9389
7335 758
2216 8616
9129 7996
2515 6541
8632 5187
6053 9561
540 7863
8747 436
8054 4443
5745 405
4697 8161
9436 9913
5586 73
9836 770
2237 3150
7717 2257
968 6760
1063 4786
2842 7299
8431 8500
381 1150
866 739
2378 624
270 7649
7050 9942
5511 364
9726 6595
1862 7332
6702 4019
1740 368
1823 6945
1843 2787
1668 7421
2501 7694
1281 6989
6035 2920
947 954
4106 5896
9659 5519
5071 2002
3131 5939
8072 5448
3315 9992
3863 1950
7824 8757
7321 3134
4231 6101
2387 8522
4478 5151
434 8518
9883 2816
1349 5046
3593 272
2435 9496
5425 9630
7160 3485
9927 8937
7408 8509
8268 1000
8622 8808
954 4117
4942 2971
7995 7806
9671 3064
7913 5010
9280 7201
8282 628
4221 1324
3894 5327
5902 9708
5804 4027
7675 7456
8338 1596
8378 4839
4897 6790
1853 5523
9831 169
1979 5590
8340 6349
9227 5656
4017 7898
2765 4709
1475 5432
1405 2170
1945 7111
6639 724
3626 9403
8842 7386
7480 1334
6370 2009
8248 1928
5393 8830
4707 2892
986 8298
2798 2079
4915 9050
4231 8765
6925 9177
9727 3747
1015 3890
2961 8076
8547 6629
3221 5723
7642 8678
8872 2298
4719 460
9403 7503
898 8598
7244 3585
1815 9754
655 5436
9346 4502
8250 3437
5177 9495
5148 8553
2884 613
7006 8500
7731 1242
523 6151
7877 4488
6176 7714
9861 8080
1240 5380
3979 6404
6532 7991
9321 8498
3459 9465
3144 6951
7787 28
6106 1757
7533 7732
6115 6782
7981 9778
1000 1692
5990 5372
4164 7862
8387 9154
9677 1098
7873 1558
5935 8458
2907 2176
8279 8560
6304 7350
3729 2159
1229 5711
1196 5160
696 9916
9045 6041
3797 4930
9205 7289
7531 5101
3780 7187
5684 5104
3005 4763
3448 5270
769 7133
9520 8374
7241 1776
280 395
3118 9397
7549 3431
1360 5865
6063 7562
3608 3789
4611 1664
173 3523
5406 3836
5742 487
5528 2599
8757 531
3968 6502
604 1899
1634 6503
9925 311
7820 8637
4512 5472
149 5179
7283 5765
7238 2992
5407 1401
7791 3998
4305 7543
9737 7860
6590 5309
4493 3185
1165 2798
4121 3432
911 6514
2677 1822
9265 7911
7750 9121
3238 5044
5035 7441
6365 550
3982 2572
5419 926
8407 8196
5173 4571
2250 8861
824 5700
8034 6516
3565 2723
1092 7176
3649 5592
4667 4056
5692 6199
9034 4145
6097 6327
686 4073
2482 7874
4767 1353
7813 1439
3656 9766
58 3813
1164 8426
6558 620
9456 3682
824 3101
6060 3340
8968 431
7647 3600
7843 4992
2506 272
8659 702
312 9123
5855 1483
8283 4990
5159 3666
12 8047
6914 7748
9059 4165
1980 9685
8589 2524
6842 5421
7439 7112
9708 5986
1782 2946
7772 5042
9324 8350
9411 5941
4334 5112
6952 2999
3804 4530
880 1168
6403 6013
9007 6354
6522 6418
6786 8773
9011 6129
5509 8306
5042 316
4155 7179
7603 3658
4198 2647
8265 3867
4050 872
1991 839
5025 1588
6655 7863
2391 4507
4614 7821
5157 67
287 5433
5588 8389
5552 4657
9447 5122
2500 8053
7033 3905
2077 434
7322 2019
5621 6309
6835 598
7878 4890
687 7454
856 9630
1563 1953
2720 6934
9034 8244
3734 5457
851 7611
8291 2099
6146 4709
3166 8736
7189 4902
4326 1400
1327 6281
5607 7860
9092 1229
6746 7951
3224 7596
8045 3684
4161 8761
1131 4634
8338 6821
4310 5977
7041 3533
1673 8335
3266 2245
483 2875
7069 744
3067 4760
3684 3677
1140 2021
5162 9760
5067 3309
1290 9083
3263 4488
2189 9052
3871 189
2187 949
9289 8750
1375 5692
3851 7992
7690 8256
7004 7092
5377 5045
7722 471
9783 3578
4775 9555
880 6242
7004 4760
9980 9515
4049 6504
8966 4283
7861 7809
1522 3926
8336 1777
5947 582
3411 5420
3856 4540
1497 5243
5659 1802
7839 2664
1102 1802
8025 9469
5793 7530
5419 7864
7703 6799
9835 9130
5481 794
5874 5271
6695 586
3037 3010
8395 2867
2634 2416
3734 719
3257 8302
2770 2727
7684 2738
9397 7531
4880 1404
8366 4129
8464 5573
1219 5489
5209 6385
6898 2181
8795 3071
21 9819
2003 2388
2706 6286
7687 1767
4513 5934
9475 7384
63 9416
8417 7944
8332 2664
6320 9288
1948 6845
3824 3188
4517 1851
8276 1968
6102 3836
5928 6544
2908 9819
8375 8873
5805 5864
8071 5629
7077 5233
2434 1341
5254 487
8389 1382
3021 4395
9088 3520
2647 5368
1728 5568
676 5998
2600 6065
1211 5704
6894 7515
2826 1487
6863 814
2761 8018
5122 2137
5725 9234
5313 3998
4700 2238
6702 180
5236 17
1088 5251
2697 5451
4641 294
7576 712
8456 4221
5860 7569
7550 1836
5740 4810
4027 1192
725 2529
8301 2575
4692 4417
2538 2686
8036 7096
9083 9583
6725 8598
1802 1104
4179 2271
6410 3023
8589 6848
9319 4268
8602 5580
8168 4141
3313 1109
871 794
1713 3345
9440 9567
4676 5114
7231 4313
4894 1040
4311 8597
2927 4969
8099 3795
305 8204
7501 5087
9083 2574
3199 1380
5680 2017
2572 8478
5659 5794
8489 4430
763 9916
6848 9437
842 1081
7932 8400
5911 5928
8765 221
4669 5864
1422 5065
1554 7995
4200 9254
3376 5091
8660 2665
3180 5598
915 6859
8002 303
4566 5062
7080 7071
2989 8043
6008 4795
3006 4042
9067 7782
9087 4152
3692 1449
5130 9087
3991 7115
8476 7799
5921 5941
384 77
6915 2858
4113 5033
6032 9875
476 7613
7824 2655
8499 1340
7543 547
2828 9342
4028 7446
9117 4146
8574 266
5700 8502
7325 4173
9106 9168
2573 269
120 2975
1105 4491
2437 1870
3325 7486
1235 3407
7931 4845
9977 7316
8631 1224
7790 2264
1898 6599
6532 1912
8359 9830
44 7834
9777 3715
8202 2144
5726 1165
6024 8497
7255 343
9127 3104
7900 6710
4499 3758
5092 3935
6075 508
709 2438
3247 2425
1188 2997
2441 8309
5333 2393
4760 8004
9368 6952
922 4793
2749 1572
8179 1004
8164 3669
4599 5850
5090 4243
1288 4452
2627 1135
509 8883
5313 61
5774 124
7161 1437
1760 7876
1768 6619
8238 9971
4659 342
1698 8234
4308 4212
4507 8638
7261 7288
101 8301
7492 5947
3548 9283
8298 3209
8743 943
4485 7210
59 5485
1685 7359
9312 8133
7649 5407
4532 4049
6175 5739
7057 8161
4784 4283
8375 5283
7129 7590
2077 7390
5155 7208
5151 9097
5685 2980
2543 2742
2121 1386
3749 734
8563 5954
3447 1726
4261 6397
4896 6506
5826 9779
4385 95
8593 4918
164 1753
1625 4410
6514 1516
5592 4526
6391 9474
8048 811
2191 3556
1069 6837
3274 4852
4286 7521
9886 7679
7915 9691
998 1495
830 2995
4416 7552
8593 2757
6191 9201
136 8689
8825 663
1472 698
1597 2846
9409 7862
7889 1016
5541 3967
9244 9694
3359 7035
8657 5700
6120 7401
6861 1246
4167 408
358 8852
2906 6207
2183 9579
2845 7299
2315 3008
3608 6595
3947 7521
5939 9017
4916 3456
418 7418
713 3810
9616 4039
9507 3077
4171 4367
8678 55
548 2579
3416 3452
8284 6887
9338 4240
7841 1691
5968 6543
40 1610
6499 2274
8244 2530
5481 4746
8584 4208
9717 2224
4134 2308
4233 5245
7735 9812
1116 1972
2103 9947
6554 1481
8705 9050
4325 5368
6631 6099
3840 900
7856 979
1908 2775
4175 7468
3836 8103
5156 7516
7233 4499
8712 5072
1837 5645
5584 7311
1421 4849
2714 6857
931 7207
4554 2355
979 6189
1256 321
834 1949
2283 6576
6843 3917
590 3748
4433 9659
6052 6519
9257 6869
885 9445
1639 8457
3156 9142
9911 6750
2005 2787
1748 1995
2271 6122
6788 5800
5465 6787
8857 3608
7857 292
9220 9954
2957 4311
4581 1354
9426 3085
694 9476
2971 8010
1342 1623
2741 3986
6320 2183
2374 1168
6943 9543
2466 4215
575 9167
2582 9206
5103 6825
4 6349
1554 3151
7750 5490
2864 6709
8493 3359
4967 3628
7204 7023
6296 1272
9238 1170
4315 9078
1825 4459
388 3629
5099 5380
3395 8306
1767 6430
5220 8283
2322 212
7372 3077
1736 5302
7844 3213
2789 2094
4028 4051
3492 7324
2685 1984
6553 3376
2640 5106
9555 2378
7530 1206
139 759
4409 3280
2920 7633
2330 6201
7704 1853
2871 7651
1433 2770
7958 7950
6978 6373
1385 3876
1018 7042
5753 537
1384 115
4061 1108
5212 1149
1956 7915
9529 2983
6166 78
6552 4463
7641 8494
4742 6759
2833 1999
5692 8258
531 8480
8957 6204
4618 7565
5210 367
4825 8983
4709 6999
4788 7674
3162 1524
8604 3718
8552 7514
4631 3641
7469 5596
3453 532
2917 849
7384 8013
7240 7
2191 8252
8704 2064
6656 968
2271 5778
3281 7474
5935 4681
3436 8581
8651 8139
2864 9170
181 3876
6796 5995
7190 169
7599 6185
2758 7725
7299 1865
9420 1545
1643 2597
1572 7257
5231 9135
6501 3452
370 9759
1976 4086
2943 518
3242 5551
8455 9151
8555 3572
6308 8117
1751 7598
8328 3372
8815 6881
6910 6746
7445 4472
3276 791
4499 8359
5140 3439
6088 4049
3888 1166
2661 3675
1197 3264
383 7686
7426 6471
9942 44
1115 2116
50 541
8279 5293
5715 4141
6966 5261
7148 3305
1376 8162
9742 959
6353 2206
1084 1847
9198 2222
1420 3831
3932 3503
2938 4950
7401 5733
8285 2605
8204 7454
2542 8054
5449 8458
8860 4141
7165 4406
1412 869
9061 2366
5863 6427
3527 1575
2454 5187
4412 2136
1982 65
5630 4464
8813 6225
2645 843
1893 2584
4513 3189
3514 8196
7061 2365
4941 9839
9473 9350
2098 9202
390 5627
9138 9541
8956 1583
7891 3282
4768 6269
8515 7671
9285 9147
9012 1677
6278 572
9432 7271
7993 1046
6428 3095
3183 9616
5279 4727
8432 5830
9398 5760
2757 1699
1583 7779
2927 7939
6422 1536
6775 5638
3541 3678
2527 8951
3488 9
5045 3576
172 5713
7840 1828
3184 8399
3875 2745
5418 2847
7515 5368
803 2157
3079 6630
1792 9430
263 2807
804 8013
8153 5346
8296 6018
3369 4132
8843 9049
6784 4465
4888 1783
6247 9757
8431 1649
5085 3876
302 5357
8598 1092
9486 5098
4129 6759
9784 1502
3418 5251
5809 3011
7900 6655
2622 7409
119 7233
1110 4297
5868 2887
1841 6468
8838 6736
4326 8929
4114 8295
1321 2180
5517 3369
7600 9410
1135 1782
2870 9725
3613 6057
3435 1413
1754 8741
1165 3963
6789 1879
2504 1766
8492 5197
4747 1905
2680 99
5345 6506
5972 9066
144 6882
4935 2591
47 3483
7971 4643
2020 8899
4126 2374
4437 2544
6035 7330
1530 693
9775 4285
8042 1709
9740 5695
8470 1796
4296 3018
2757 5584
8037 806
6787 9710
9663 8484
9404 7459
707 5234
6711 6981
5237 7992
1676 8771
5666 9004
6177 8953
4003 9741
9193 1614
9575 7728
2726 3027
9770 7976
4307 8590
3034 7953
3067 896
7298 1835
2600 4616
9044 161
3411 8443
8175 8856
8683 4227
9971 1733
7067 8728
3191 2263
5675 3758
884 8320
4393 2874
1763 6590
9395 6018
9497 3885
7348 3547
9413 5968
4221 8463
7405 9265
2133 7799
5036 393
7496 7749
7442 4873
1401 6357
1102 2201
134 5866
5 457
7355 9327
5085 517
3234 5061
2855 4642
1543 6172
4872 8782
5716 4669
4090 4524
5352 2747
9438 7787
877 9619
3628 1028
7877 8733
8046 3010
8415 4117
8388 5701
8734 2112
2743 9446
6532 6440
5432 9708
3024 4147
1356 2793
7601 6378
1892 6003
8598 9585
9827 4717
3558 4394
7625 6495
6811 8
2214 3550
5586 2548
4220 6776
7657 189
239 5913
7766 9713
2258 491
3569 6025
745 2716
9128 1408
5840 7927
3335 1644
5369 5066
8764 4658
2648 9409
9615 8943
9207 12
6751 9557
1094 6244
1423 4161
7286 2972
1644 1139
8225 5922
4482 3384
3604 1218
3316 6319
8973 8042
5346 9293
13 3738
2398 3131
3888 5886
1821 8663
8559 8583
1355 4107
2650 2982
2273 5521
3163 8286
8591 9885
3554 181
8271 4444
5767 7395
9176 2243
1847 638
6016 2063
7372 3273
1826 7933
8511 9914
9013 5104
7970 1716
240 1595
7650 9403
8856 2718
521 4107
973 1445
7786 1800
9689 6770
7458 3932
4469 7725
6981 5263
1724 6142
2292 4017
8227 9899
4263 4759
5210 3989
6776 2000
9513 3009
6046 7333
4031 4755
7610 2743
4010 1473
9287 1840
7075 4160
1277 505
8459 7294
3510 7024
200 2342
3814 5512
1135 2907
5198 2641
8149 9220
8891 6527
6119 8783
336 4598
1369 5567
2901 803
8619 3001
2253 8783
341 3221
2947 231
9152 398
8245 1569
466 2443
7410 8931
6257 2307
3059 5556
5663 4513
5866 9844
2575 5151
4103 1232
4102 4637
6497 3754
4815 880
2402 2710
1183 368
9180 4868
5838 8887
2966 8528
3008 2300
2991 3193
443 6753
3882 20
234 2771
9625 6110
3820 705
2980 7374
6264 6607
7982 1693
9865 535
7995 2710
7390 1599
5431 7572
5930 6782
8619 2249
2231 5753
9975 2166
58 7818
6113 6231
5491 1121
7448 341
4444 4241
2501 2124
915 9166
7708 4059
1390 825
269 8989
1538 9879
4089 8497
6701 9451
9133 1526
1543 9408
9333 2156
9075 150
2699 7712
5945 2465
4296 5833
2183 8182
718 7739
901 7767
7370 8600
3660 4722
2701 1727
5745 9437
5906 7021
8747 8783
9045 9128
7320 7221
5726 3789
9764 5282
6728 3801
294 3281
4827 1212
3745 2276
5137 7662
3636 3431
2541 553
5598 2663
1374 5850
8680 4679
9197 6036
4385 1344
5629 3028
6192 6951
2107 6977
3978 8102
5061 1954
7916 1672
8467 3484
3034 2769
7432 2139
1170 9501
3205 5100
3604 7117
8116 7286
5915 9472
2119 6871
9201 5250
8889 7734
1863 1667
214 4354
2223 6620
9611 7365
1436 1105
2666 4956
21 9214
3722 9815
1904 6340
1694 4695
677 8539
2482 5350
9508 5920
8015 7172
5150 3795
3292 1254
7703 8714
891 4041
8751 2646
344 962
7590 6673
3691 5627
6288 2637
8277 5105
8473 2280
5494 1135
3660 4816
2208 9267
6620 841
185 6084
7363 4347
7599 4692
7791 7282
9793 7323
119 9880
2596 7110
5432 4560
9126 5904
6139 6573
9461 4191
7910 3806
7651 868
6169 1545
754 9028
5071 8942
7728 4432
6325 2651
5583 4127
1488 922
6675 4664
6191 5324
7623 2208
5314 4650
7752 30
8494 5926
5783 6499
9526 9831
3865 8515
2495 4401
2895 3818
9321 1802
7600 5440
7682 2108
2130 8174
4395 9227
7453 1439
8389 9497
6790 9959
7869 3412
4392 1342
1855 5869
2338 7545
7967 8807
7624 2678
3544 9518
9416 3945
9495 2153
6460 6321
5520 2396
4801 9321
3505 7669
1335 6985
7542 2625
1804 376
4288 8613
928 1124
7601 5535
2200 5628
3995 958
27 4584
508 8668
6203 8411
6550 916
3858 5683
5022 2603
4467 7661
817 4517
1885 9642
9169 9527
6691 8361
2149 8515
8613 7758
8536 151
5074 8195
3407 4111
6275 8120
2249 5417
1421 5708
7586 3419
6675 9753
6492 9936
83 8733
7152 4853
9615 6696
4917 6672
6182 6384
997 3022
5834 6677
7294 8689
5734 4471
1905 7895
2193 6735
4151 653
7208 2993
1586 2407
1012 6233
9296 5792
2298 8716
498 6187
3625 3833
974 7995
1415 4789
2125 1987
6490 9810
4660 1224
983 3148
1263 6306
6472 1126
8243 7571
2366 4439
6446 1496
8353 2884
6272 2939
2430 6347
8933 5685
6186 1412
66 6842
2547 2961
5825 8157
1264 2042
5211 3021
918 4453
1464 7742
2977 8467
1751 7121
7936 7299
4531 8107
9803 6109
2826 9975
152 4990
3489 8019
4539 7999
5441 8341
3279 6930
8938 4589
745 1734
6580 7256
5406 9605
8874 6150
1670 1552
2048 6251
7396 1108
6193 9188
7219 4561
7289 646
5254 484
1352 9936
2241 9623
4560 4910
5382 1108
547 8556
4349 4725
8939 6133
7982 6910
9648 9492
5801 530
8423 2133
6653 9812
8728 8854
1217 2094
8192 6054
4799 5672
5088 7770
874 1143
2367 8782
4181 3462
9136 9869
3628 56
1165 233
4561 8492
8908 8736
5302 9640
7340 2583
1417 4364
1075 4116
1844 3931
6788 7531
3831 1895
1869 9413
2116 6366
3498 6020
4821 2344
2943 6676
28 71
7397 9749
8395 2568
3661 3937
8790 4759
4598 7849
5065 6819
1098 59
1096 5810
4428 9351
838 7742
551 9710
2765 8747
6449 4543
7801 477
3678 8531
4825 5075
7161 1815
1389 9853
9387 4304
9060 3533
9404 540
5087 8949
4036 4369
5241 4055
2204 8488
1504 8966
7242 3155
4082 1892
9486 8159
8996 2499
6928 2638
6564 9081
7773 2241
6360 2171
3438 4207
3758 2184
2992 8738
5296 5146
4292 1937
6623 844
6762 9299
8670 9787
9087 6769
2253 1735
4249 2065
7229 7564
426 6467
6710 381
4513 8441
5728 8157
150 615
8253 4162
6034 6525
8713 1953
6730 1430
3757 7718
2559 4090
6965 7204
8605 7880
3663 8968
8755 9407
1430 600
1200 5343
426 4810
9887 2866
344 8239
1183 9770
6338 3488
1206 2229
903 4330
8803 426
3977 7746
2855 7224
1241 1770
9699 957
5053 261
1899 2130
637 8739
5164 9491
4251 633
5725 3964
3919 6699
9083 590
1495 9783
4753 6865
7306 9443
8149 5977
1029 9209
7736 8222
9583 2440
9926 7362
752 2052
5910 6526
4448 8155
1838 684
8638 9229
4015 8628
6202 9212
3064 2451
9439 7016
2243 3859
665 3135
4376 9046
9197 6550
4410 1898
1968 5119
7724 5600
6259 3515
915 1265
6233 8099
4059 5107
7543 3182
2653 2064
8959 1920
4224 6372
7980 6175
373 3271
9332 3266
8710 2529
8948 5509
3771 1343
7885 9584
1544 4881
542 2661
4699 9836
9703 7258
8017 8406
1647 9708
7798 9250
8515 7373
5903 6029
5977 3475
5260 1432
9060 6887
6886 8221
747 9702
8913 1883
479 1104
7493 2516
8631 4162
2467 5425
2657 5624
2687 4867
7428 9358
6701 4299
4533 8406
5649 6077
1009 3571
8364 5368
2840 4506
7767 3353
8325 8078
600 9521
9401 347
9056 7603
7959 4593
4883 4924
3855 3144
4760 6891
1388 1325
9303 6183
5897 3977
9311 6205
9193 5358
1736 2259
6829 722
422 4066
9888 8652
6411 1020
173 3224
8899 596
3781 1695
4110 5189
3970 7131
4730 5475
8399 830
7281 5459
8177 6539
756 4372
8368 302
2555 2379
3766 6816
4655 9479
8875 9364
809 1781
9317 5509
5158 6988
517 4365
9971 8098
5588 5909
1825 3845
5411 387
6886 232
3408 1840
8038 962
2849 5563
4237 9308
7703 6806
2700 9806
3966 7190
4484 8287
5555 8800
9719 3073
2412 1379
6777 4030
9047 3898
8279 9853
5405 9012
9207 5622
31 3402
256 5457
1050 8258
3967 8956
8336 2684
8623 6953
7652 2896
4033 1374
529 6851
2949 8548
8274 3627
7626 3469
7408 1113
3540 753
2530 8519
7006 8138
763 9865
9440 6447
370 802
9890 5723
3027 83
3976 9559
3196 9288
1771 915
1419 7024
2936 6859
9756 1968
7890 4712
9460 5124
6920 668
9184 9509
1441 3304
2091 2975
6441 3624
6130 3872
2372 5428
7764 6669
915 7306
4189 2302
1151 4134
3295 1534
7097 3404
2367 9302
2261 4253
3016 9076
2644 1672
9586 2748
1580 1824
7799 4488
9709 4759
5450 2566
9244 2358
3006 104
7982 5234
8540 1002
7719 7762
1638 631
1897 5427
450 5700
2476 2317
4058 6274
8788 4443
8703 5890
1466 6996
5032 1194
4264 3168
1800 9748
6360 4523
1234 9871
3569 4048
4817 2814
1184 9629
3123 98
6915 543
9688 6385
2615 3155
5233 6907
1661 4479
6591 504
9279 180
2910 111
638 6574
2759 3630
57 9255
1992 5381
8964 6734
1205 1969
4533 7772
3364 5031
7291 7186
7501 5236
5765 4278
9138 9702
6711 3072
3132 1529
703 5318
7289 3992
2444 6438
6007 9897
3826 38
2741 2455
9513 9608
8310 9440
1347 1743
470 1686
9271 5885
7679 2082
9604 1857
2955 1645
7343 2347
4002 2114
3573 348
7145 6936
636 1696
5149 9195
9974 8014
608 4039
7882 7225
8455 9570
3280 5020
5430 6728
1798 6036
3271 9381
3863 6950
4708 6856
6349 5509
1220 3412
2892 4671
2273 5912
9047 8314
9691 6901
2291 9976
160 3220
3115 2993
6911 4740
5299 5391
7382 7039
4893 4041
9020 7229
7640 5908
155 1403
3518 952
1754 3916
4312 3433
680 3797
1344 1014
8542 7581
9125 6686
6340 1404
8018 3644
5262 3873
5015 5891
5302 1801
5443 1235
6507 5811
8704 445
1218 9110
4292 8610
430 4539
3301 8321
3012 7540
7423 2995
2673 8059
8591 4902
6631 2958
2603 510
8105 751
4439 8681
1104 942
7398 5029
6149 2252
9248 6588
4810 2284
2627 2790
5250 6742
1732 4072
4310 2695
7632 466
3076 5059
8454 7806
2147 2990
832 8293
9334 3817
635 963
3251 4299
4325 8713
8171 6018
7052 725
1291 6797
5341 8436
98 6125
7492 9294
3578 5649
3662 8982
8940 3474
9789 8324
5225 1476
7818 3980
6573 963
9938 1409
2753 8501
4726 6144
2282 6908
1418 2134
3228 5447
9241 154
403 8301
2474 7328
1070 8037
8306 6135
3258 6839
4416 1802
6758 6747
8138 5301
2058 9409
8507 257
2499 8103
9149 5646
1463 3935
6995 9231
2976 6172
4267 5010
3527 9728
8856 4713
3838 8517
7257 3102
4577 3545
4292 547
1445 674
3785 8858
1343 605
296 8955
3758 7683
5380 1524
4221 5962
163 1180
2042 9548
112 2817
8039 5585
843 7114
5939 3793
6562 3003
4699 3386
8739 3546
2034 9120
3153 196
652 4060
1002 3079
5917 2614
4911 4777
3157 4064
7353 2858
1898 3982
2752 4531
522 1366
1959 7412
794 1059
6280 5498
5272 9858
7903 6054
7044 2116
911 2209
1128 659
831 8539
5409 3995
7077 4644
2663 3831
4138 6534
8994 6413
1924 7989
6649 9359
8520 8167
6188 4408
5501 7124
8634 2596
6848 6206
9917 903
1912 2179
6257 6812
359 914
3657 6126
4139 6804
3067 4714
5875 9014
1627 2825
5593 6265
2780 9231
7396 7233
4832 2015
8897 5953
6911 2321
3526 9443
5496 7044
3415 8038
6828 391
1424 7840
4445 2304
4147 6229
575 7503
8458 9298
6033 5846
2358 1659
8737 8851
7778 5313
4523 138
5028 4463
459 7837
1491 8901
5437 7850
376 4399
1581 4699
712 8561
8882 5515
1635 3342
7643 5859
3621 5204
7218 2591
6784 2956
7274 7357
1989 6484
3124 4658
5242 3229
7060 9976
5396 2203
8214 5937
2917 7804
9680 5257
2645 1898
8113 3186
8153 5718
3950 8319
1583 2121
3169 6669
697 7838
7438 8220
7214 1286
8327 98
3387 1681
7322 6394
1746 4514
5980 1776
4926 6563
7943 1383
6384 9280
6023 2800
8212 1974
8447 2321
8209 3309
7337 1956
8343 8498
3479 5329
4820 6776
6559 8261
8324 7804
8 8283
5317 7648
8917 2162
2447 3111
3496 5202
6337 8123
195 4004
5315 9980
7964 5053
1430 8267
6839 7135
2439 381
9258 8713
8414 8268
918 5967
1844 7258
4164 9951
706 2251
8105 1123
5623 1912
3969 3729
5308 8633
1881 8975
3251 2364
2634 8046
3313 9384
1452 1820
4350 3860
2204 9999
6812 4716
3016 2238
3050 7106
8435 90
7444 5044
7760 5443
970 1077
7921 6096
6784 6616
2423 6203
2847 9518
9023 7645
969 8088
491 1846
3089 3796
7448 4119
6750 5747
3891 5546
2423 7150
4623 6511
8539 8549
6009 3032
5078 4173
321 9595
9216 5019
429 4649
4154 9040
4827 9030
7135 8393
6212 1026
243 904
4512 4087
3295 9491
5194 4020
4438 314
9016 1174
3136 1956
5808 7530
9981 8118
8719 6001
3448 4358
6352 2058
9219 3589
318 6188
5520 9400
2027 7491
7117 8303
2352 1751
6254 3759
9595 9987
3772 308
426 9959
4143 3079
4154 8405
8970 359
3159 8700
5592 1705
665 1103
2292 4212
2910 4382
216 3938
5196 7223
9561 4968
9048 7779
15 4776
8023 9139
3403 1187
4550 729
8950 8325
7786 7461
794 819
9697 1893
9035 8395
8904 4799
9573 9583
8500 1448
8887 4473
1140 9131
9716 7064
6927 6999
1310 6292
3814 7470
3677 7250
8916 5966
4773 6767
3323 7837
4907 7831
5097 77
9345 730
1973 9952
9389 286
8864 3518
1150 9691
5079 4533
8833 5904
7299 7622
3664 4581
676 7873
3192 7473
5331 2810
7106 1735
32 9713
9989 1658
4579 9997
4241 1083
4780 9405
1808 848
387 6388
4940 3837
5813 2934
588 3508
1203 4488
7600 6673
1144 1758
7093 1406
8946 7569
7546 8638
528 8967
1521 3502
9379 924
2118 3920
3999 6194
6440 5896
7838 6996
2338 3417
8819 3004
3444 3975
803 3708
3612 4962
1556 7201
7985 4303
6229 8406
766 298
9514 5903
318 5558
8030 2145
2556 1392
2499 8866
1214 4872
1401 8157
9989 7119
9759 8092
5259 9244
2953 3139
5781 5532
3928 950
4485 1345
7356 6109
7698 7599
499 5514
1757 5588
1805 583
8815 5417
3311 4822
9460 219
6924 38
8282 2236
4501 1667
1278 1750
568 8021
7779 7604
3898 6926
2965 1021
5103 5542
6629 3559
648 5644
8168 1529
1988 9377
6520 4058
3648 5481
4265 9579
7294 3942
6471 4966
1181 8493
791 9745
458 658
2976 6151
6348 6840
7959 1697
6778 7721
9768 6299
1812 2936
2190 8961
8982 7398
1760 4485
8401 1618
9190 5728
7063 5596
4760 9358
7033 7750
6180 6202
1304 8642
4065 885
7481 775
117 9566
9031 7368
1081 2921
6544 3589
5038 4608
8598 2565
8586 4349
2593 4711
6354 9540
8023 6616
4407 2048
4599 1868
2865 1638
2155 5944
1860 1826
8640 8208
1283 4723
7223 7378
10000 9535
9243 1516
8015 3118
3927 7569
9395 3745
2427 5323
4146 4603
7718 7021
111 1213
7249 4133
8050 4536
2271 4683
5364 6060
9929 8622
9801 3326
2351 8678
1247 7904
7341 8426
9516 1548
1642 3188
9679 6049
3427 3120
9769 9409
4545 3226
8494 3466
4155 1936
4779 3281
8670 3824
4220 804
4068 2752
7476 4077
4016 6779
6117 5007
5115 1758
8353 751
311 7987
6440 6586
8632 3417
1449 5208
8704 4874
7173 8356
2153 8341
2 4530
8278 1806
7548 9017
5966 845
5408 4536
1764 4716
3276 5574
8477 2427
5721 2739
4670 9516
837 2535
6651 456
7099 6593
6451 5094
7117 8220
9672 9798
106 625
8419 3985
260 4037
6629 4570
9069 177
8878 3266
7258 3264
9413 4667
6307 6142
2509 3720
374 8117
6587 3645
4489 7786
4083 2281
7823 5067
6403 3265
9009 7634
3266 2624
6403 1248
5251 4311
1983 9426
7130 8173
9148 5620
582 2730
8144 7456
6897 7621
1493 3675
2050 9954
7308 7981
8257 8095
3324 2753
5800 9844
6307 6037
3610 7095
4686 1713
9613 5692
2127 9899
987 4901
371 8853
2249 516
717 231
9588 6043
5719 3398
7043 4101
5322 4436
9069 3501
8262 9853
7194 8500
2658 4631
4858 6497
2291 6846
6197 5666
7721 4509
5699 449
2778 7623
5252 8774
1433 4653
5413 6261
8299 3857
7665 9293
8928 6398
5580 8911
6160 4198
1960 9761
7795 3705
4513 1339
8377 3495
8760 6977
547 4289
8955 8424
1947 1752
7367 2731
240 3655
6200 7684
7014 5192
857 2770
7052 8806
9615 4236
507 5427
1886 1379
132 9155
5398 8303
8490 4649
2859 8864
625 799
4808 1623
3518 3731
6650 8465
498 2197
9521 5755
4710 5869
7832 5909
6332 7440
7199 8391
3120 9637
8061 5894
316 5087
643 9382
6232 241
4917 1589
8765 288
241 7634
6354 4175
8352 1932
1511 7149
8482 603
8390 2678
7727 5078
5251 2686
3524 5017
6576 7363
6871 4977
9193 2828
3419 6233
4320 3085
1964 6032
6482 5858
8076 9995
1648 1187
732 2120
3334 6138
8009 8576
8238 4938
3956 1331
6305 4002
5319 7145
3259 4309
1180 4318
9482 7091
5297 8767
7683 1957
3211 3448
322 7514
6584 7550
2472 1804
9893 4983
9224 7614
5193 4856
635 1821
1744 8175
961 3984
1040 8094
2013 9671
6895 3206
1500 5260
2178 4639
6812 3017
3219 2069
7945 6865
9686 3675
3253 6966
1143 8000
6556 179
8968 6904
7582 5954
8732 8031
2464 8628
6523 6412
4616 3013
5257 368
3568 4191
3093 1316
5180 9735
1698 8024
7027 717
6092 477
5764 970
3786 1840
8223 6629
1155 5706
231 6481
8787 9498
2659 358
1742 4350
2399 4450
7228 2354
6192 9818
4539 8595
5564 2853
4410 198
1457 4879
9769 1366
8291 3640
8539 1730
5232 2601
8399 3132
643 6920
4842 9956
1066 9190
6855 1334
3621 5642
4464 6894
4305 7604
1561 1677
4456 1353
4431 9085
2682 2763
8599 4474
1931 7468
8575 6150
1506 2666
5282 9901
9547 3049
3378 682
3537 4859
1406 5782
7266 1772
3783 196
6913 7603
2574 5783
6382 3660
9531 9030
6688 4544
2960 7862
864 9617
4374 6631
1172 8080
9425 1198
3862 1124
900 2386
8035 7612
7425 7173
499 6045
2626 2348
9536 3828
4532 422
5093 2698
8378 6698
1317 164
337 2200
4456 7021
5818 2328
8673 3927
3869 9715
5127 3648
2490 3712
329 6811
6714 1502
4617 5976
985 3883
6267 2671
4301 2253
4804 2614
7210 4338
1308 9575
650 6735
3235 6095
3550 1857
5184 8448
2700 9856
7609 7377
3830 339
6615 8325
4857 2233
6847 7824
1603 5582
552 3711
1415 2181
3847 5043
5886 8996
3868 9994
2675 2315
614 42
3122 4769
2752 9872
6116 3531
1743 5116
400 8911
1085 3619
5345 6278
7972 3273
4501 479
3738 2751
3305 4964
8170 7143
6530 7624
9612 7723
8372 198
3347 2184
4145 5898
1738 2287
388 2421
9513 5508
2679 3859
1465 579
3359 4640
4973 1648
9202 2111
8146 8667
9435 7592
3605 9249
1291 3602
764 2718
7126 325
6868 3123
8843 2138
9649 9429
7920 1851
3753 8817
6055 2619
974 4359
87 8614
7069 9742
7543 9590
6597 2126
6367 7556
9651 7593
3610 7329
4147 2190
1088 4181
7515 7687
2266 9697
8536 9659
6759 2649
5585 2800
1014 7930
7071 1823
2134 9070
1189 787
9666 1959
6017 9535
1211 4
8869 5207
3623 3690
825 902
7360 4571
9386 9695
9786 6401
7465 4952
1953 5050
417 5550
1783 8935
1474 6210
5785 3868
8026 9431
2185 5155
1206 123
1806 7925
5843 6968
690 5113
4845 6799
1817 6877
3156 4385
5958 8233
4820 1519
6292 3923
2436 2964
51 4028
8896 8288
5780 1469
3375 4382
9942 6539
3226 1084
6546 3630
9418 1155
9995 8572
8179 8185
626 3066
3534 725
4207 9130
9273 1687
2360 9114
9167 8739
407 5574
9459 4269
3105 4056
3969 1605
8024 4327
8279 4716
698 9947
4491 2096
7846 364
3014 8789
8709 5701
7675 9693
3508 3869
108 4478
3760 5556
1175 45
7029 7779
3452 3595
1873 5773
3140 2237
5110 1688
9993 2698
1153 1567
5513 1869
3769 8168
7005 4417
3485 1873
3628 8173
2028 1949
2454 5762
4281 2050
9691 9824
9850 1004
3722 8492
1328 8647
6775 3640
7912 5390
4834 2104
7082 5745
5274 2780
6078 8193
9411 3035
6283 1772
5678 754
4384 9410
2840 7659
518 7113
4038 7724
2633 33
2926 8396
4140 374
2690 3134
6867 241
3195 2039
7971 6166
1550 9526
1808 9797
9862 196
1499 3729
7262 6808
2817 7295
4188 3161
9765 3090
7303 8703
789 7103
8736 3845
5284 1878
7658 4145
3497 1920
2181 5816
4604 5960
4492 4
7663 4789
5664 9328
890 9195
3132 6441
4536 4459
3608 9272
9881 4756
9172 9492
5862 4467
9144 9193
3626 2340
5878 8191
9236 7916
2863 7037
5109 2379
389 1281
8667 9735
683 6869
8179 7250
9064 1555
4483 6574
1223 7993
2618 7656
761 817
2583 180
2468 3597
3894 2564
166 4589
4348 6451
9506 6657
3652 293
9375 7429
3226 1726
6374 7558
7247 6948
9669 9628
2606 1039
804 8140
2564 3700
2392 2493
9016 5335
733 3136
3255 1396
7977 9333
5710 2929
3593 8077
3847 4534
7457 8519
6683 231
5840 8718
5993 4451
881 8578
4590 5724
3653 2378
8508 7764
4115 2614
5424 786
3303 1753
8782 8854
6901 8319
6593 9842
8793 7581
7790 8445
4291 4832
850 5661
4095 4579
1812 4590
8016 6234
6809 8502
1505 1133
5050 5038
7416 444
6551 5980
7758 7238
5268 3305
5306 1525
4376 6523
4748 2099
8828 3591
4614 566
3953 2263
8519 2742
88 4538
9702 4206
1240 2313
1211 5937
9863 362
3028 6700
3963 3864
3628 5555
2101 9875
1357 7651
3737 4990
2137 7235
9282 1151
1901 3098
385 1905
2715 7347
9282 500
5565 6055
7621 2408
6698 4829
6289 9757
9539 3963
8865 198
6875 7000
6681 4577
8655 3124
3643 7730
1080 1270
9141 7886
1652 4743
5707 1024
2518 942
4613 9640
8290 5179
7371 5443
4655 9738
3623 7078
2871 673
9286 4916
9634 7818
8130 7875
3235 4496
1536 2586
3745 3392
4291 442
399 9810
4021 695
3212 6385
1932 8455
4982 1985
961 3217
2865 9533
9938 9539
7622 1287
8760 2818
8007 1835
8143 9214
8585 8026
9972 1169
6287 7957
7236 4257
565 1106
6560 1549
4635 9207
6613 9885
4427 4571
5813 9480
6257 2127
3189 7614
971 8379
1037 6460
7410 7605
8127 6413
3904 7995
414 4695
9592 569
3785 6494
9885 1199
588 1515
5621 8817
851 4666
1786 9141
8725 1966
5965 1607
3611 6024
1643 361
2241 6674
766 8724
2890 5029
2752 3406
8785 2894
803 1116
8296 1590
9497 6592
5853 4341
572 4449
4478 3212
7451 6097
3126 2493
3237 5916
9882 2188
5406 3738
2677 3143
8898 6996
1624 7024
7426 1876
252 2467
1852 7837
3121 8022
9287 1201
3491 3131
6991 8674
954 817
1939 8421
7721 218
9247 6546
8740 1881
544 8594
1524 9126
4380 388
528 3892
3906 7690
9447 9378
3855 9099
7249 2155
601 2735
7273 5294
5190 2699
3624 2879
5418 1281
6986 2898
3893 144
3497 5428
8552 5004
4230 1748
3023 1259
8103 9586
3992 3819
5207 9138
4958 9419
1715 1450
7756 978
1902 3978
3923 3345
2147 1157
8102 568
5384 5207
1077 8937
6100 5456
1021 6845
3099 4551
6001 7794
9488 6335
3907 2953
4965 6975
6425 6503
6421 3803
1266 2765
3148 3355
1449 6658
1040 5661
9192 2769
66 5907
3124 1086
37 6380
8917 1497
1564 8181
8615 7944
3709 3619
2306 1171
5220 2949
8719 3226
5057 8082
8377 8505
8441 535
7393 1413
8150 7421
9624 9529
9689 9121
4433 2016
5162 1187
9265 6065
8987 2974
7594 156
5639 2716
9949 7628
1662 7585
7239 7526
8557 3642
8256 2493
7570 6758
2419 7665
3031 525
6700 1470
4742 2888
4715 1761
4233 3367
7439 5770
5221 3403
2624 7282
4832 2323
6488 6019
9931 8272
2247 2014
7728 7249
1373 686
9456 7286
5248 1375
3738 5363
9117 6998
9934 4782
396 5716
5232 453
8953 610
6354 4912
5962 6116
2217 9523
2560 3123
9275 2840
1950 606
1853 3464
6256 9974
6274 2816
1377 2954
627 8934
7102 5037
6363 7015
1847 4748
8067 6973
8434 7808
6749 288
4923 5610
6349 4759
2779 4186
5855 1974
2673 5720
4357 1631
966 3577
9698 295
3231 1889
9484 8200
641 2409
6986 6251
9306 2751
8881 7145
2483 9865
2045 5685
3142 5038
135 7074
7650 1314
8087 5669
5908 6811
9617 125
8923 5720
4373 4227
98 8729
444 8642
3282 3624
2074 7532
8085 6273
5400 6559
4527 9784
5085 8428
2401 2620
3761 9419
247 8806
490 3207
8642 8540
9613 4029
7610 9568
697 8064
2056 9455
3776 2617
3660 4819
2857 617
7627 2597
1045 6514
5005 1900
7723 1343
1198 8302
8571 3182
3088 2797
3073 9929
2834 7069
9665 610
6224 129
6306 5396
4311 1707
6389 5166
6317 4726
329 3419
4258 736
9317 4430
8509 8881
7723 7687
1365 1196
2902 4031
4667 608
5787 9455
6120 3976
3853 6434
1140 5079
9230 7859
5729 308
2910 9421
6386 7006
5962 7229
9685 4009
6048 6342
1605 1302
4290 5096
2027 3478
6717 4619
4543 8315
9481 4867
9817 4302
1626 3566
3801 7465
6097 1833
2002 5805
6337 576
6977 5157
6225 6522
375 7862
2134 9386
9151 8910
9116 4830
6307 3220
8244 2112
5232 9807
5860 8786
1935 2915
8260 4425
6496 5287
8128 750
7976 1541
6465 6241
9174 5383
4719 1118
620 3013
5089 7744
7047 2075
3214 7818
7823 3832
8847 4278
6767 1696
3178 5245
15 1788
92 9763
8263 4315
4912 7471
85 1888
1295 3629
1926 9137
8663 2500
9428 4137
4780 465
7159 5936
5136 4401
9316 6222
2589 7166
2203 1843
4175 308
7638 6825
5357 6412
7277 8387
759 2806
713 2314
679 4560
1439 9511
2907 3349
8007 8607
6139 7249
9796 451
521 1250
1498 6652
5348 4981
5305 458
764 9665
5501 8347
4103 309
2774 8468
4043 6572
2101 7453
6865 5996
9705 4637
8864 2824
7400 8438
3098 2279
273 3384
3001 9405
8702 7207
4305 3697
5571 1181
2934 149
7523 8395
824 3344
8947 9529
1658 6475
5729 7918
9176 8980
737 8983
6456 460
5233 9925
3681 956
3728 1692
3568 9364
35 6611
671 4950
69 6422
5109 6025
9772 5136
3353 9585
222 8933
2790 8720
2148 6004
2474 2455
3174 9894
8596 4028
1751 735
5145 8385
8002 7585
2862 1971
5239 5186
7362 5926
5120 9077
1345 2343
2012 2870
9372 74
3370 791
6555 2716
4084 6512
1489 8281
4532 699
0 5639
4222 1452
2683 9244
5794 2287
3951 3859
44 7080
2671 2597
1614 7329
9276 4365
6352 3177
7599 4711
1733 8246
6524 8667
4372 6458
2234 2804
3456 5177
9659 414
3262 8335
8229 160
5816 882
1602 6276
9867 844
6432 126
4579 2768
3121 538
4743 7946
2668 4514
4435 149
4140 65
3624 7933
4087 2885
9930 2931
5895 7759
6086 1731
6327 5310
4814 4537
4800 9295
4459 8009
2519 3474
5428 4127
1267 2556
1277 6634
7541 6424
8067 3437
2852 871
9998 8587
3802 722
4082 632
1755 8388
5703 6934
8436 5704
3796 2326
5863 8640
9801 3592
6590 4158
329 2430
2842 3989
7932 2750
7455 4203
6648 4724
5724 614
1200 2122
9256 853
6548 1544
8283 9352
4661 779
2147 4266
7533 4262
7177 20
8039 8272
5587 2712
6758 9864
3698 252
4204 9274
4200 8035
6797 9890
7935 8760
1207 4014
9686 7553
3 9
9995 7576
9876 3480
8348 2740
4232 479
7588 8803
7065 3439
195 2095
3311 2652
2632 3826
9366 9702
230 9345
4973 8153
3145 8937
8997 4835
2800 5283
3736 3639
3569 6286
4245 5936
8839 3551
2375 3642
4719 6132
4208 6036
1109 8475
8655 6607
6999 3552
5213 9129
7445 340
7769 3921
3630 663
5097 9742
3422 8107
2109 4919
8243 1131
6733 3234
5617 5961
2605 1614
6874 7857
7266 7709
9389 8889
3777 3990
8918 1434
7869 854
2162 7140
8747 2900
88 6592
9412 7541
9551 2507
3725 2715
7125 3319
1046 1054
5240 1372
6188 4829
3160 5348
8560 8228
5890 6395
3721 5960
4914 7145
8332 8488
8389 6806
311 7150
5652 5944
4426 5879
8868 8218
705 5359
8822 411
9086 1295
6526 2272
5580 758
8483 3203
3599 4529
6657 7001
1824 4454
8378 9002
2451 5529
4984 2758
5595 5138
4386 8655
3342 3667
3937 9335
3730 9499
1050 8213
3217 306
6718 7180
6043 3069
7344 8299
884 4079
6909 8041
6541 9343
256 1874
8090 8614
854 5433
7421 1641
7671 1596
7653 2482
5243 7487
7092 1279
9494 9819
1570 9297
5592 4981
2250 2398
53 8069
736 8103
6832 4365
6108 4070
7589 6407
8996 5803
3091 7759
5744 1522
8456 6928
6835 7926
5127 4796
7020 3727
4423 6986
7321 577
291 6567
3573 8237
1426 6198
9150 5321
850 9154
4327 4916
3652 3487
549 784
8702 813
3688 6148
8267 489
7711 900
4969 644
3359 6825
5689 4122
3825 2639
6349 395
1507 3296
8992 9431
3130 275
3764 3588
1507 4663
2938 6170
244 3016
8366 53
3714 6337
5541 4904
9997 1873
9378 9775
7030 1589
6725 2172
8249 1127
2200 6206
8187 6675
131 9985
4952 6208
9289 1515
1654 5138
4605 8258
1646 9417
102 6284
5305 9610
4592 3006
6070 2653
7203 9224
3258 5284
2502 950
5580 9716
6812 1352
5733 3710
858 8704
6851 3086
361 6767
3883 6077
4135 7885
5906 6285
9312 198
2661 4272
2458 8609
4710 2431
4810 3738
4080 9801
4790 5086
7124 8268
7703 1532
4602 3243
5566 6652
6003 5285
3980 8473
9425 6013
8249 5939
6151 3711
333 2443
7353 712
5725 9600
8225 5467
4836 7958
759 6678
4211 3126
9118 6480
5998 1900
9539 3948
2764 6914
6686 1676
7737 504
1377 4348
7915 5555
407 6037
82 30
7972 8610
9652 3167
310 7786
2966 5316
9647 1566
982 1835
9027 6129
4996 5494
6628 6705
1787 5151
9648 8973
9627 1494
5439 824
7331 2185
5793 4108
3932 4866
6707 4774
7695 661
9409 3809
2056 8088
4206 2082
1283 5632
4636 653
9583 2635
2368 2832
8883 894
8640 8878
1606 8323
9917 7920
1685 3012
2677 23
1669 1706
7533 1851
2751 9489
2860 4900
3651 1907
215 3322
2891 3538
841 8390
4797 5368
4677 4829
1669 748
69 3273
4480 2879
5587 6934
7594 4738
7386 5192
2469 4417
1778 6529
7316 7834
9549 1341
3663 726
775 331
5561 3098
2284 6281
3110 4929
7533 4455
5132 8817
8119 1184
8407 593
6843 5390
6679 3560
8402 9630
4309 1054
259 9169
6655 8246
8024 80
1758 9152
4040 3165
3406 8902
2624 3488
5632 3161
8956 1714
4311 9529
9299 128
3093 6605
1338 7876
7541 7196
4290 7656
2883 5706
2320 6195
1717 8206
9785 4269
1531 2659
7372 5350
7483 2491
7340 588
9135 9925
1241 9432
1666 8790
4149 3677
2749 8368
3825 2769
6457 9104
1345 1781
3699 9456
7277 593
2537 4753
4896 4527
6636 8763
4112 1528
7691 7102
6128 7404
9416 2328
341 3524
308 4616
1371 8366
2214 8226
7604 6744
7681 9623
4010 5085
5406 768
837 802
2917 7219
1442 5934
1908 2331
6794 3745
5913 7857
8582 8944
3351 1326
2881 2838
6835 984
8533 1894
2937 1548
1536 244
7386 5892
8633 6951
4455 4498
4727 6014
8125 8346
387 7688
5397 5447
9121 3439
8702 5962
2253 1862
5165 5892
5350 1272
5335 5689
7965 3532
3759 7950
7520 9304
5874 6213
3292 8024
2336 7171
3528 8651
6183 7393
7183 2601
3030 8853
1303 6412
6083 3545
7976 7739
4864 7610
3960 6427
1884 1475
9344 2875
7804 3937
6744 55
9266 3928
5081 3613
19 265
647 1346
2399 9443
490 6816
9095 9046
7436 2270
9264 4233
7707 2129
3868 6397
5041 5825
5052 4980
2133 2818
6111 997
5306 6382
341 3862
1072 1659
4148 1016
1128 5623
9340 4693
7441 8762
7848 8098
2187 5463
5303 7716
1731 9112
5859 4891
8086 8625
6025 561
2323 31
5890 7398
1462 244
6581 9162
6378 8843
9451 3139
2042 2217
4404 2762
9535 4833
5168 5401
191 9747
4639 1248
6602 820
8218 2459
9413 1467
8328 504
6324 8522
768 7850
5139 2975
4554 1043
6954 5696
8905 5456
4432 6301
6443 7732
2643 2080
4327 7430
5080 1821
9208 3953
765 5603
8034 5939
390 7375
1412 2225
5257 2347
4919 1129
9000 7385
1134 2540
9299 3023
3871 2801
4706 4413
8575 9574
5119 3766
6129 4022
5167 9555
8724 1099
4256 3581
4407 1406
8342 7515
5670 783
8029 7516
187 9468
1137 2930
9681 138
4373 9510
3253 8886
1766 1484
8986 4149
7340 503
4858 4862
8065 3132
4488 5707
2813 4473
8297 8899
1985 99
5367 7120
5609 2321
6814 6882
2173 283
4746 1059
5193 7488
7875 6111
9089 518
7079 4719
2266 4151
9431 8320
5223 2532
260 8565
9568 8949
4801 1912
5067 2639
1222 5092
2148 2693
8290 3001
6189 3139
9263 4861
3215 6380
2060 9559
9462 9181
6974 6605
6165 5529
4522 9094
43 7333
8942 2822
7153 6066
5432 2029
1174 6574
8375 6561
5334 1012
8908 3796
4398 1938
8012 5465
8990 9884
9357 9075
685 6013
7733 5565
7411 5337
8727 1903
3531 5182
2233 8846
4573 5252
5022 2814
530 4361
3541 7048
2156 6689
8308 3454
3806 5287
3520 5949
7058 7756
5065 265
2526 8888
4918 7669
6174 7730
3571 3098
5793 2984
7121 5840
6448 3024
8415 4437
9007 9430
2123 3535
5652 2199
1484 8327
3316 3231
2528 5251
2841 1035
9488 628
4795 2675
9948 2749
4156 3268
1949 54
7721 9007
5715 911
2412 3352
5152 5984
4344 5687
648 9521
2200 932
3777 3452
8713 8248
7225 6491
8133 3035
7284 5280
4749 5883
666 3329
797 3064
5282 8414
1540 1476
8015 3208
1824 3841
7921 3693
1826 7259
5185 39
1276 2270
1646 4781
7154 5940
237 8251
5452 2477
7951 9190
6506 3031
5201 9761
5523 2696
5879 520
7686 345
4198 9504
3216 8821
9360 913
142 6275
9696 1177
8574 7736
4500 5166
5917 8691
9213 7995
2282 98
8195 8508
9423 8771
4330 2860
987 9556
500 3807
7962 1311
6404 3849
2360 861
1553 6837
4953 8034
3068 2063
1032 5163
2804 4440
3881 4736
5118 7232
5427 4906
7444 8824
2186 9898
8849 9200
2209 6220
9902 916
2792 1254
7414 8463
9229 1209
3220 9604
354 9817
1564 875
265 5820
6866 6833
8896 7015
5080 1642
439 1425
3000 9786
6632 5506
2820 6378
5967 3277
461 3227
148 4195
6658 5509
452 7703
2518 6614
4301 5414
9729 4633
9476 4630
2366 1060
7612 9663
8539 9099
8081 5313
8368 924
1924 853
6275 1559
2276 363
6874 6678
4808 2578
2701 1442
895 2940
2707 2107
6132 9331
625 5866
5755 2754
3684 1325
9041 3277
1919 1683
3341 9284
2997 3872
391 7266
8605 3122
4262 750
2750 9325
3541 7796
8543 1282
422 9655
6294 8067
2908 2896
8610 4763
5819 6477
4900 291
8701 9996
5221 9320
8613 3129
6400 4967
9437 9218
8965 7252
657 4686
4934 6353
4573 3056
9051 2368
4380 6401
1650 8167
2411 8803
3054 391
8581 4421
8522 903
3790 1676
935 1849
642 9274
9721 1530
1713 655
2937 1577
2323 3297
8040 8782
1120 5227
8590 9064
4595 4071
4682 5169
338 6567
4645 5163
8280 5509
1885 5452
5413 546
7055 4408
1024 5411
4393 7269
1875 6554
9922 2031
1831 2755
7245 5859
8190 1501
1031 2275
5487 6204
4477 9833
2044 2065
1543 6377
7797 2706
98 9521
9923 8897
9358 8317
7238 1878
3400 3748
3940 1545
8880 4970
2979 8050
7559 5564
3293 1180
3069 7775
9396 4035
5436 7069
4126 5436
6919 8202
8520 368
4391 2174
7119 3440
8626 3455
6168 7234
7219 2666
3497 6208
5279 4760
8459 2095
3950 1347
1485 1572
4720 8361
3360 4367
7293 4221
9487 5017
1751 1796
4384 9635
7824 4847
9753 6534
9918 7133
6659 799
6389 664
7828 9515
7093 5615
9440 4300
5270 9515
682 6811
9064 4766
4215 7930
8534 7409
2000 5721
1834 5865
441 8223
5912 6196
8706 7446
5699 1612
580 2933
8123 1364
4768 2022
7796 6586
528 2802
4994 8004
8168 2756
7066 381
6164 4109
1000 63
5186 1909
1537 5918
8368 8443
4862 4388
6829 2830
1361 6781
1336 8060
1443 5048
1455 7940
3289 639
5084 7267
2329 5725
6346 4933
9462 8297
2800 1083
6829 2474
4489 1242
9450 841
1009 2130
1049 2038
5742 1261
4537 7745
6234 9968
4043 6339
5642 4055
7610 1568
6199 7933
5515 1978
3026 61
6005 2085
5484 7762
2656 4850
6418 5895
9541 1188
1572 1940
919 1488
9051 3359
3719 4627
8953 7600
2449 2556
9904 1472
2506 9844
457 8951
6672 5939
3156 8338
3845 1778
5942 2637
3833 3187
624 4008
7191 6701
252 2687
1196 628
414 4444
7000 2811
2162 4377
2494 4514
5986 5369
4288 625
5017 6594
9573 1888
3515 1322
6154 648
9581 8133
542 208
163 9929
6401 4629
6028 687
6475 1718
4459 6849
2224 9503
5006 6073
2428 5486
5588 725
2276 9112
6235 3915
5845 4065
2049 1549
1526 6392
4334 4613
5563 9233
5017 8981
9679 9866
2696 3769
9939 8875
6587 8212
1419 8288
9399 8380
7869 9362
7713 2449
8123 2045
5532 6214
6729 1100
9147 9484
7368 4541
6429 5161
7443 7481
6430 9006
2024 5349
1561 263
1059 8756
4718 1471
7976 5410
7745 9201
9277 1119
8314 8429
3611 8907
691 9353
3555 6253
9981 8088
8661 3598
3202 6367
16 1765
3127 9616
3714 4319
1583 4457
6274 6411
4713 3462
636 1741
8951 3433
9394 7639
5468 6720
953 6944
571 2587
9902 3801
5955 6352
8035 8439
8450 2636
3880 5274
224 9745
5084 2778
3636 8500
2494 5428
4131 2322
7396 3642
2111 9673
4276 572
8785 8810
5652 6034
6570 3559
1536 2774
7205 4630
5067 4279
9298 7662
3664 6023
4740 8426
1419 3797
8644 853
4030 2567
1235 161
3539 436
9300 6777
3777 9876
9183 9382
3493 1929
2160 5747
8365 4748
8807 4160
9224 5210
2574 3706
927 6549
5735 6875
6478 8929
7405 617
1017 5682
7078 208
5418 2650
6092 7431
6181 6290
4105 7837
832 7518
700 1552
8735 920
2749 4877
6688 2331
863 3842
7204 2295
51 2777
1539 9454
6718 636
7030 9256
7276 7252
6944 1246
5808 3150
5619 5385
1455 1478
7965 7331
1883 6010
139 4544
8449 3027
3069 4433
3754 6810
5891 4159
9163 9315
864 7553
5644 3324
8084 9905
9653 5504
4790 8560
8080 3300
9700 767
5318 5234
7564 7219
9092 1052
6001 1403
7091 4355
7160 4494
4200 7323
8298 8870
856 5841
5977 7847
4845 2881
9750 9665
1067 6560
8166 9734
4494 4206
2586 1426
8206 7955
8337 1026
5494 3320
7551 3684
5274 7716
26 7046
8740 4543
3835 8130
649 9982
4522 8784
691 5368
8570 9972
5757 4931
5395 7937
9331 9040
223 3296
7181 1780
5749 5591
8279 2644
1339 4784
5470 6018
3616 8340
8204 7401
8533 1343
8171 3906
943 9721
958 2630
7880 5057
9453 4662
4338 1813
7538 2315
9533 7054
1831 7580
3029 4540
1715 929
5612 7204
4271 6675
9965 4183
677 122
3283 927
3855 7115
3588 3633
8310 6725
7923 9417
8382 7054
9020 2149
2486 5567
4278 8570
4094 6854
9584 3448
7107 8067
8146 5271
1996 5652
5518 6986
4535 9758
7368 9424
3018 1618
6137 3336
5593 2592
9037 8949
3163 9392
4413 626
7738 1339
4151 1240
6371 380
1118 9021
8268 3113
7572 9351
841 5538
7528 8625
9201 7284
1928 4367
7427 3832
3512 453
7502 184
8754 3948
4356 5464
9792 5373
748 5314
1000 9607
9115 3438
1968 4380
6119 4486
3829 882
2752 1520
7412 3512
1105 7114
9273 5583
5000 2565
1128 5344
8833 9151
1143 165
5210 529
6248 4660
2735 42
9111 5831
1319 2148
1586 5390
3698 4152
4058 3616
3341 6023
2887 1620
6708 7256
7304 2093
6363 6931
936 3653
8629 4168
6324 9517
442 1919
6892 8168
6411 6339
8838 7334
6329 8925
5334 5298
2075 5615
1834 750
7323 112
9088 9700
6805 2606
753 9765
5432 238
205 5215
3834 9468
5492 336
9375 5336
9322 1348
8350 6869
2354 2121
527 1325
9872 2685
9727 9045
1567 4694
732 5304
4603 2179
1615 3286
2344 3787
7411 5810
132 6647
2608 7658
3163 2474
3946 2518
6304 5812
8698 1047
776 8452
873 2469
8940 8110
9962 9820
1233 3201
3392 9305
8427 2019
681 2076
3786 5059
7982 4055
6411 8898
8400 539
9630 5552
177 6618
5882 6097
2012 2636
2674 8873
2977 6574
3723 4560
7491 8969
831 2175
8227 9994
9745 2504
1053 7414
7423 9537
145 9437
9618 1102
7095 5954
8145 6602
3495 3655
7845 2128
6247 7542
1300 3782
8711 2299
4298 798
2752 4312
1381 1017
188 153
7515 7836
2023 5782
4369 1369
4341 5335
9689 4978
3649 942
8416 2036
9752 7626
3702 7568
4349 5647
157 8333
658 10
8339 547
9796 5735
4209 2603
2449 7284
4190 3414
3990 532
2043 7873
4118 2828
5786 5101
9901 4554
6943 6746
5856 4467
6254 4817
9499 2678
2269 6459
1903 631
8163 781
6979 2482
1386 9753
3095 6353
6274 5160
9703 3770
6055 8887
2170 5943
1659 3116
3635 9129
2947 7474
4719 1076
6247 7760
1602 9154
846 6296
2262 3710
33 5587
9122 4265
4369 2837
6520 690
2737 6387
6015 6594
2938 764
4724 3447
4822 2067
5999 3449
878 3311
2971 2587
561 2861
2813 2330
7148 3394
7441 2127
1234 2322
725 9407
4332 2716
8093 5745
9919 6832
4527 5818
366 5248
6427 3746
5642 4920
3602 8719
3024 2733
1945 4120
9116 4891
8640 7646
6340 9358
6708 5521
9090 136
3660 3221
7647 6796
5723 4877
3661 4947
6125 4427
6457 8793
2651 8402
7209 947
9118 7705
3488 355
5647 6140
9212 3564
9033 8046
5588 636
2620 428
2064 4555
7129 6449
6698 543
5732 8616
7787 3865
3313 1312
4282 4382
808 8843
8391 3910
4373 5224
6261 6270
3219 5927
2683 4729
5980 8946
3430 9254
9340 4936
6083 8669
7631 4467
4658 2067
6831 8486
7641 3374
1822 9035
6835 7702
9639 7534
3522 9484
542 2293
8702 3859
6750 6441
3460 7716
5413 3443
151 3571
7160 3009
3214 8621
5137 6391
7379 9043
4771 2470
687 951
952 9540
5240 9437
7650 6737
3426 1112
6323 3098
114 5671
4609 1775
9547 1182
1251 4696
1118 6996
1511 2632
8189 8895
7202 6290
8119 7154
8489 4959
1252 2683
8907 5618
3910 1271
4181 9176
794 2543
1672 7017
2003 912
4709 6757
9504 6286
3109 4976
6935 8293
7942 4283
3162 4539
2113 3288
4962 630
8710 6509
4988 6719
2639 9433
8859 8124
8828 2543
4434 5248
7481 242
3989 6572
3164 5565
4933 7535
7266 711
6193 9467
972 5857
3626 7639
9996 6884
768 6857
274 2928
6317 5951
5226 2307
3165 4448
5866 7263
7397 7701
1805 9944
8309 5501
6185 171
4114 6548
5139 4521
4061 3751
8734 5736
7006 5643
1857 6365
9016 2742
6105 2640
7753 1401
2250 5074
7179 5887
603 8593
1281 3900
7714 8916
9802 827
5019 963
1255 8613
9902 3901
1096 6093
2619 2683
4082 8513
2251 1218
6267 7299
754 3718
3261 7101
3727 8706
8799 5951
520 3266
7416 8241
4528 5226
6021 1397
282 3718
841 4854
9006 4587
8973 8190
8695 4348
3049 9221
6820 8364
102 6805
7237 5719
6035 1198
537 4229
7393 7159
20 3058
4762 4520
8283 5261
4534 8148
2150 8246
9770 7273
4033 476
3925 9234
5984 9669
6962 9708
8383 4421
5061 2075
2160 114
4652 39
3669 8398
2934 9445
3776 6164
2530 7993
1238 3019
4485 9190
8815 1337
3269 6988
5686 5960
1361 5091
4341 9760
3456 7307
6886 4821
3159 5579
6783 978
5619 1365
70 2584
309 9098
3749 1759
5201 8686
280 848
5476 5104
8661 4849
3856 684
5569 2281
5724 7443
9914 2691
7383 6389
9988 2641
9378 5651
1682 9676
1156 2319
4056 4863
8602 6107
42 8664
6095 7951
6610 4318
8163 1952
1111 5008
4046 2384
8572 7708
1965 7616
4207 8518
2806 5317
154 1532
83 8390
3023 1482
8267 2476
6262 8263
4150 9088
8684 5736
4971 200
1804 8258
5492 7012
8895 1276
9100 8692
9428 6688
3824 6966
5055 3563
296 2886
5453 272
4640 1236
2945 9628
7269 3837
6215 5401
4266 7673
4340 988
7448 7190
9023 6233
3262 1336
4740 7791
5956 2547
7438 2715
7195 7956
6739 8275
8570 9674
5094 1926
2045 1097
1250 4012
8725 134
6231 6497
4292 1824
6209 2081
196 1666
7116 1155
2558 8318
2056 2293
412 2571
6418 3556
8485 2234
2388 699
2325 6844
5070 9593
1027 1579
9638 1617
5998 7427
9582 3633
4343 2292
5255 5324
2091 472
8837 4725
810 4705
992 7384
9592 4760
199 3861
2224 3539
1350 2116
1313 5887
9075 2330
2960 7183
9383 8787
4630 1937
4161 6263
9782 7903
8068 4518
2769 5471
1236 1248
6546 7706
5179 7638
4729 6876
9696 8639
57 9150
9945 5630
9949 3719
1982 2947
7833 4798
2072 9876
7280 9292
5976 2806
6905 9754
5555 9831
1548 4156
9834 5134
4675 6338
466 4158
7547 6845
3718 680
9215 5785
8885 3205
746 9381
6550 5020
436 6218
3383 9875
6745 992
8320 5362
6810 4159
7314 8165
2554 439
8731 2533
2481 747
4991 9930
7886 4598
3241 1662
839 6758
5118 3370
4606 478
5988 3724
5447 1587
5375 8223
6038 1445
8717 3330
7585 9943
9544 1801
1770 8874
9177 9842
9555 122
1162 5257
1203 7675
3684 9242
144 4319
9880 228
6846 1226
3577 232
8155 9657
8365 2387
1770 7171
4528 8059
1343 9529
8024 5930
1097 3446
1728 5696
6283 2159
1437 5120
668 1280
6494 9220
5688 1764
5144 9539
3270 5322
6938 9377
2236 2742
304 7591
9978 3130
6891 801
7464 1655
4259 952
5887 4178
8054 1268
3184 5894
6489 7178
3369 9750
404 1019
4390 8939
9352 6891
2145 5695
6254 2357
4983 6572
2031 581
5088 3245
8762 7762
5853 9865
3180 9533
3989 5355
3634 9449
5615 9478
326 2018
1372 535
1445 1332
59 9776
8452 2667
8930 791
6840 4076
2225 8336
8480 1125
9920 270
9511 6127
4074 657
5949 859
3153 6270
1958 1204
4186 2094
7442 6702
8963 4561
2917 9381
1684 1992
3477 7519
20 6283
8804 1141
4159 7981
9036 1799
7442 9872
6092 9194
8330 7059
6224 8492
6735 9886
8739 527
9546 9223
4834 2548
8620 6242
5757 9979
3423 4513
5618 326
5281 5667
7183 4152
9659 8976
224 6834
1307 6785
4221 7696
349 8026
1509 7288
4398 5365
9123 6684
4526 8659
9787 1614
287 5918
5605 2963
8277 8079
5216 4217
2597 7909
4606 5525
8047 3465
2823 9290
9910 9826
1727 2032
9035 2914
7142 8671
8802 8681
6829 4682
8082 8616
1720 2382
8006 5313
2240 8369
8319 7248
7695 2336
6846 9301
7076 1235
6041 6336
6954 6851
5046 9158
437 8197
3141 9764
828 2485
2857 4599
3846 8184
5177 1026
963 7465
1436 5127
9756 2328
1479 5425
7938 1290
4501 2117
3163 1480
1452 9052
4704 2314
3180 7983
4700 9628
6217 8363
2590 5124
6084 4137
4955 4911
7081 5014
2208 3538
9197 3984
6708 7508
195 6382
8478 9801
656 5581
1324 1562
9244 2023
4983 6814
9371 4910
7233 7462
9635 5509
7640 430
8773 9909
4710 6698
2137 1241
4158 2259
4735 1911
5244 4881
8470 1866
4808 751
8502 1244
7338 5444
7727 8929
2206 3605
6672 795
1181 5890
6730 1847
6383 4709
4146 6750
2985 6269
8548 1956
1961 6733
5321 3826
5465 9592
3450 904
4344 9677
630 3591
4714 644
4824 1094
4347 2749
2692 4317
985 745
7776 4165
9867 7776
1785 1412
4515 5068
3278 9034
6851 5876
322 6602
7490 3038
7546 1708
7496 8219
8873 892
563 7859
7365 5060
8728 8236
7926 8003
8857 4571
7051 5538
7333 8326
7688 812
3601 5
7540 3691
7896 9754
6227 8137
1260 6258
6556 9653
5654 9499
6059 517
5881 3223
4231 7293
7094 1559
654 144
9151 6886
6424 1651
4457 4580
222 1062
8327 3914
9857 2733
7107 7439
5145 6141
5250 1029
3104 647
1351 2854
6491 2017
6632 9352
1499 7828
5127 1567
185 8989
