placement model: 1slider
width: 10
height: 10
number of points: 3000
9419 3212
2455 367
4840 5786
7915 1424
6816 6522
524 2370
1197 8906
4374 247
4344 9844
2899 2924
5384 1824
9532 6922
2679 6284
2130 796
4141 4572
7828 5211
1379 4975
8615 1109
6447 6879
1343 5576
8172 5055
3000 3320
2382 6906
6264 7916
8399 5058
8265 9699
6709 4182
3102 7662
1465 6707
521 2699
6606 4851
5488 807
5946 7330
2091 7100
9525 6089
169 8460
8892 8683
7185 4987
2078 1793
9494 5690
1480 5654
6741 935
960 9673
8007 3441
9007 4068
5567 6348
5843 9143
1834 1266
4463 478
4180 4995
4003 1278
5699 8627
88 4776
7842 7952
7157 2032
2564 2522
8397 4863
6404 3537
9255 3753
9957 921
7582 1075
2326 9922
4434 5374
3249 641
7795 9934
5919 8041
822 5445
374 1811
100 1006
1948 5829
7271 9713
8513 59
5736 4574
6916 4289
3517 1927
7676 1745
8127 6140
9107 6000
7067 9085
2494 3385
6365 9620
3320 23
7862 26
979 9429
1648 3852
4257 7005
3100 5309
7766 5603
3119 7323
8634 7213
547 8374
1683 627
5317 5640
9004 5497
6906 3494
3816 3706
208 7836
6115 3534
4289 802
9124 1262
2825 2295
136 2912
3665 4805
2027 5858
1643 4170
1036 2254
998 5454
9258 6778
87 8672
4826 5347
5449 9746
9534 5782
919 19
1039 634
5175 6165
3381 2793
9690 6733
1255 4065
1877 9443
1492 3683
5020 1693
911 3996
7565 4216
7052 3418
2131 3915
8048 4452
7586 9032
7413 4511
4301 1067
1060 2362
3442 3392
2430 9676
7857 2114
2771 2172
8792 7806
527 371
978 8692
3270 2145
1972 1600
7863 7499
2302 2015
185 2189
2397 1622
6316 2435
5057 1249
6465 3989
3115 1794
1952 3007
202 1834
4937 9645
469 6851
8590 6370
9475 9601
4352 7912
7613 7559
3440 4349
7888 277
2434 5861
4060 5235
8985 9587
9783 7007
3881 7595
7999 4536
2186 4831
4816 8134
4815 4093
4183 8969
9246 1844
7603 9153
5546 5721
2694 5555
5332 3367
1923 8934
9143 1081
932 9058
5347 7841
9915 6199
5285 3055
2556 6811
6199 5527
2842 2723
941 3154
6561 8567
9233 3787
8007 1000
9072 4241
6651 9843
2594 4805
8775 20
9830 448
6908 4446
2517 1523
9788 1261
9212 2166
1721 7135
4814 5576
7344 1761
8113 6705
9301 8004
7607 6940
4011 9928
3670 4297
2537 8925
9443 4385
1878 4980
1937 617
7061 1241
1139 9929
8720 7333
8690 3923
1213 2942
3995 3891
1341 1834
724 6232
9119 3809
2437 7517
1895 2487
1716 7409
3732 6256
2110 1186
7298 7642
6397 6651
7364 7483
4573 8874
6501 5578
1474 9636
2758 9396
6004 5211
4792 3295
4613 3072
4753 4005
4884 5172
9241 9894
3110 5704
8919 9399
7026 1499
2087 4174
5891 1383
9697 4940
2110 4970
6467 7911
1727 9187
3132 9768
1060 4864
2529 1120
4866 439
9347 7191
5252 1296
3808 6559
1746 6449
8312 1080
3312 9336
5231 6713
696 4297
8371 2109
3861 484
3884 3221
289 6915
3909 5727
3309 3677
5761 5134
46 4270
4480 7420
6373 2204
1122 6596
7581 852
8149 2168
8831 5780
6643 2165
9456 5156
9939 1866
9078 7569
154 7595
7865 2292
4710 4444
8740 7025
1641 5830
6268 3884
629 3691
9822 8377
9827 7266
3356 2579
7055 9973
7351 5625
1449 357
6385 1038
241 1576
1084 7623
1609 1808
4973 1252
1220 8318
7588 7527
8799 4887
445 5147
8592 1547
3293 267
2593 1791
1838 312
2394 7058
4511 5071
5981 6829
6849 3757
2754 5583
1082 5451
6135 2157
8160 2052
1400 953
1380 4595
7736 5217
670 9643
4212 8399
994 9417
966 4107
1377 8271
4623 8830
9829 3423
209 3573
1069 3581
4603 2540
5976 9979
2861 8246
6596 2754
1962 2915
378 9821
9833 5922
2878 3522
5134 4576
8650 7960
8163 1043
6987 1464
6214 5111
9563 8807
3555 5992
4945 9817
4920 6396
479 2015
1601 5356
8798 2803
7247 3005
7608 5483
6802 7629
4302 8072
6047 4661
7437 9841
1847 2846
2823 8164
9182 6893
0 2291
9477 5760
1027 5135
6249 2043
6688 8790
1230 5319
9966 3126
7737 1854
7728 1098
1894 4325
3708 3077
2524 6168
317 8278
6770 913
9222 991
6453 8443
948 3886
2205 45
2913 1148
622 8234
5009 6862
6144 2314
1731 1071
261 3900
1833 5841
5019 6769
1095 3966
1750 5084
9933 4308
9371 3385
4011 1629
4827 1338
1400 923
8119 9757
7555 1845
5297 6360
3369 5962
7366 5218
6169 5813
5715 6438
7595 6066
7793 8518
281 4317
2440 5598
6065 8403
9731 4928
4948 3825
9140 9411
971 9613
9841 3302
5786 6612
6529 4505
8652 2219
7089 2313
1395 3337
9750 9334
2237 5017
2620 4638
2078 749
8738 2951
9993 2035
2170 4068
716 7072
6895 8018
8895 7524
9448 5391
6398 7813
4043 293
1178 9323
9027 567
1029 6000
4117 2558
8659 331
2408 155
2128 9705
3304 6011
3493 3973
5959 2283
761 1533
5904 2779
650 2317
2457 7140
6805 1346
369 2895
3356 6193
807 6623
1713 3566
6039 2572
1510 3065
8787 6959
6012 5679
4993 6639
7252 960
4023 487
9100 3601
1988 7068
1968 1537
8914 4642
68 8847
2406 2518
2155 8065
2839 1887
1006 4932
5186 4226
5898 9607
9877 5245
3773 1107
5059 6980
825 6570
5308 948
4421 1942
7680 4082
6312 9592
7903 4557
2803 2273
9864 2186
619 1196
9748 523
49 747
9237 4046
6493 8194
9947 3326
7372 4317
8870 7619
7055 2559
3159 1391
9961 5636
9242 156
4640 7984
8822 8451
3327 4689
1052 6772
5239 6356
705 88
8484 8118
3282 7184
8021 4590
3070 6109
3072 4929
881 8341
2053 7213
9167 8565
4690 9722
901 5471
383 8363
4655 2721
5806 6991
1150 3416
3271 7143
234 8454
1488 1628
9226 4832
763 634
1171 4031
6641 545
2524 2807
9204 3015
410 5520
8419 4463
4072 8054
4240 2251
8245 8726
2518 2344
1008 7114
6855 56
9956 9700
6118 9088
2985 3853
9491 7331
6206 9464
119 3720
6071 5593
8993 8599
78 8375
8266 5681
3112 2490
2556 7771
6083 5159
3699 9065
7237 7900
8119 3433
5618 423
7286 9998
2933 7479
7936 5717
3348 5144
4733 5660
2044 2380
2994 3761
6072 3168
4896 281
1655 8682
3447 9086
8884 47
5514 6846
3779 132
4955 2033
9696 3846
8426 1713
3139 4504
215 3399
778 9996
9213 7491
6304 788
1285 4958
5036 8897
8696 7363
9753 8098
9179 9825
5056 3467
8975 802
2620 5131
4304 2550
7801 1466
3593 8687
486 1947
381 6809
8562 4276
519 2867
213 365
7264 5103
7093 1689
7366 1712
3806 9652
930 2264
7101 2441
2344 1825
1456 2215
8876 2189
8271 7275
3653 3838
2167 472
7616 4227
288 6265
2732 3869
2196 5386
2121 6141
2761 2740
650 4407
7791 2543
3138 1300
3896 4090
9667 6495
4922 3522
3950 6078
1048 4063
3803 5559
2898 2664
5021 8298
9249 8446
476 8866
8848 7576
1027 4462
7978 7841
9250 7456
5071 6409
7347 8027
3164 3034
3697 6014
3449 6603
7155 9352
1979 9517
4456 706
3303 9499
860 4065
2879 9965
3350 9620
2893 8356
1376 7602
1854 1531
8093 5694
2448 7185
1020 2322
2536 7873
418 1015
6366 3207
8818 3752
3677 8931
411 8863
8026 9206
3905 8175
552 1433
8337 342
7087 933
7257 7550
6048 2460
1912 2829
5138 1438
2010 7125
1951 6044
1515 1101
1513 5352
8153 9112
7589 4904
5935 7332
4898 5201
1596 5012
6067 1487
838 3885
8255 5003
3233 6582
8206 3041
6598 2387
4976 1849
4857 8710
8703 2069
3837 8746
3488 6651
2761 4174
5234 9598
7535 7350
2510 6167
1261 7668
5038 8854
9603 3344
399 5577
6208 8878
3234 2324
7174 4371
7868 9899
3486 1168
5994 5564
5819 9471
5379 3865
7325 503
3794 2645
927 7661
2069 1279
8820 1257
747 5616
6285 2365
794 5361
4695 1900
9147 9411
6246 5066
7931 2497
1147 1457
6328 8583
79 8684
1391 6712
8865 2893
3237 692
5551 458
5111 2258
4888 3986
7750 9888
341 3611
4772 2834
8883 6226
5692 4626
1969 893
1437 6742
7000 657
9634 2778
5730 2818
7708 475
727 6263
361 7493
9899 9622
1048 8421
7128 9734
4048 6815
3457 9336
3809 3593
6972 824
6438 5119
7062 2518
7498 879
4781 6903
2958 9516
2077 9569
2976 5775
2983 3098
3799 7752
2355 6616
3492 6118
231 9765
9500 3918
7051 9679
1619 3407
2220 8424
9248 5805
3050 2307
4375 5725
3771 5737
5872 7757
1853 8812
4722 5654
3122 8779
5447 297
99 3557
3447 9146
6466 9851
9196 8258
4578 3521
2545 3045
1747 9994
8418 653
8703 8148
6700 7984
9342 7749
3726 8241
5905 5465
7999 6049
6948 4172
3952 4072
1810 38
6919 8223
6665 9955
2780 8302
9617 6687
1411 9905
8414 9296
3139 8404
2639 6256
2378 1939
9082 2701
3702 1396
4495 9999
4458 9017
4236 9569
2815 3982
6671 2702
1688 1176
6425 2914
3901 6315
5383 8987
1819 7076
5159 5059
4637 724
3874 199
1964 383
4436 9063
4313 2483
8026 3921
539 384
295 7101
3634 4910
767 8165
8192 5226
3552 2937
602 8865
9908 1674
5022 699
5863 7008
5686 2342
3566 7086
8952 4053
5099 4261
7355 634
1999 5753
512 5010
9941 3418
1699 8708
74 2422
4072 5549
2305 4309
3582 298
9344 4654
8449 7309
2485 1051
2156 2580
9745 6712
3364 1565
8451 9358
1754 7679
7613 3532
5057 1635
4654 4749
7430 6734
9049 9798
220 6905
1213 1910
7161 4929
7902 2735
1946 3154
2340 7929
7992 9676
2379 6065
4784 4052
4850 4073
2198 7826
5548 7107
8658 1051
8982 8808
2843 6442
8181 4167
7304 685
3101 3945
5594 1584
5895 4902
7580 370
849 778
398 6386
9841 673
8519 9728
1050 6689
4956 2234
5268 1648
1757 4876
4222 2051
9482 5678
4633 2808
5821 3307
3753 914
9995 1948
945 1599
9820 1163
2497 4969
9779 9207
9564 7241
9219 4243
302 4453
3889 4120
7395 3235
4346 1715
5577 406
7094 3274
8768 2329
2695 9932
2764 1276
4197 5142
1121 1506
5199 6669
818 4683
6861 2100
5520 7318
3252 7975
973 7704
3550 7918
2805 7482
7158 342
9321 6324
9690 5642
5058 7431
5668 3100
8723 3750
3954 8974
6604 8267
7194 8136
5633 5194
3667 3152
7040 2701
5884 9173
1473 6174
4260 2743
2407 2551
7774 5793
9262 2702
842 3395
2013 2256
4730 367
3305 3164
6907 2828
2314 7376
1753 2732
417 8715
1547 3780
4040 705
3509 3158
4210 5887
9889 8864
1486 1689
7076 384
6384 8506
6390 7965
821 6091
6710 9760
8653 8801
9863 499
5406 9848
4244 13
9121 4934
2716 4102
5705 2311
8912 2612
5241 4243
7863 6323
5619 3290
7223 3791
2727 1095
5924 2406
8671 9981
7993 9136
2279 2902
4950 1263
2303 6176
1599 6535
6660 1120
9989 8833
5434 3983
6346 9681
2530 4333
399 6333
1705 1057
4088 5686
478 4771
9175 5492
6403 8590
7006 6293
1771 562
3441 7113
6814 1700
3827 6086
2316 7079
991 451
8675 3695
2612 1068
2315 6049
3698 3033
5448 5642
3845 9557
3696 1770
7169 7900
3417 7453
4339 3778
5510 9127
5116 1572
1430 7325
3850 198
6019 2501
6555 5940
5607 8311
3559 6372
3155 2645
3347 1524
2336 2766
6281 7904
277 2936
2566 5333
278 6454
6545 1342
7461 8712
9703 2783
6827 9379
66 5644
8519 9497
9311 8160
3238 6214
3972 7020
4725 6777
7289 5732
4646 9935
6991 8777
2505 6505
7904 5167
5091 9669
9229 1713
3413 6395
3967 8003
3511 156
433 5053
4238 5887
8458 3334
2243 4517
489 1913
2446 9363
7163 9557
5361 563
1870 6017
4296 2853
7360 5984
2212 5325
3842 6681
2492 2716
4198 5988
734 1305
7964 9638
163 4681
7547 8717
9252 646
5381 7843
2211 4570
235 1726
960 1397
6345 8958
6311 5655
4635 1205
3285 3074
6912 8211
8246 6723
7935 7280
6721 5681
8275 1992
5348 7800
5613 1469
6792 2716
9157 2583
4632 1715
5929 3261
9178 7437
2514 245
3173 6612
2689 8105
9676 7039
7763 5493
770 7536
4982 6562
7590 7638
6682 5854
7401 5530
1489 6181
7617 7166
4397 2977
8044 7571
8545 8668
9746 7466
561 9593
3784 5008
8574 1085
3870 9570
3196 5853
289 7575
538 9919
8536 411
9844 4991
6810 8286
8293 2961
597 9159
3429 189
4411 1743
2397 6639
1508 6341
6986 5299
6089 2119
4327 5583
1559 4565
2768 2458
2995 6919
5909 9595
2221 3067
3362 4130
256 5734
7128 6571
5342 1591
7393 2359
1552 3342
490 3074
7041 8687
8018 3656
3601 6888
3829 1933
8677 2146
3252 2485
3805 4679
9750 1991
2949 3419
1818 3798
2185 7824
990 2456
9248 6840
8430 4572
2994 3716
3734 6826
1384 9706
1054 1709
8563 78
2089 2593
5037 8083
5087 129
2018 2163
8050 9262
8654 303
146 7369
5332 1208
3046 6415
4021 3774
6491 7691
5859 4225
6759 4049
7219 9456
2401 3971
8467 4120
7962 3067
548 6163
1220 4255
142 2335
1111 5900
570 491
7161 6378
5522 3717
1343 149
2598 4326
8734 5041
7416 6546
147 3484
2162 2872
6090 4864
323 8903
8383 4839
1420 2969
8373 7749
9403 2883
159 6170
482 8978
6117 4240
5894 9204
7848 9981
1462 5027
6976 5473
636 9315
5074 5785
3841 1133
551 3506
8567 8798
7417 6675
8157 5589
8817 9126
8995 7158
51 1207
9764 2944
8252 6743
486 8686
4053 8937
1505 6242
4285 8145
4780 736
3238 1154
3516 992
6774 3354
714 3939
3775 6795
3209 7303
4199 864
5694 506
5874 1050
7675 1820
3257 9578
9866 4740
5156 4251
7003 1260
8320 5332
972 6766
8898 8639
7809 649
8167 355
9271 6360
3593 8567
6 1786
4834 2544
3713 3189
2161 9396
2208 9116
5774 1422
6549 9731
9646 7813
8067 4499
5097 2073
4642 1507
3434 4248
5253 2593
7077 5719
260 5661
9682 9356
8739 5211
889 4669
5572 9394
2448 2541
8714 9353
8270 8351
3395 747
8193 1380
7077 3844
1420 6826
4707 8301
9622 6223
845 4223
795 2243
7011 5718
8093 4725
2304 8159
1990 9658
4400 9344
2354 2791
2247 3529
8687 1858
1326 9240
343 4163
1882 9022
4431 1870
4477 9501
3006 2458
8488 5880
5328 5696
1743 5511
2505 76
5015 9015
6022 7157
7589 2740
2746 5275
6259 9729
3728 8378
930 8743
6775 8118
8393 6637
3069 8191
9315 271
1041 906
4965 7579
6079 7497
4106 9051
7030 548
9192 1647
9309 6419
2576 264
5195 3737
2414 32
5541 9989
5778 4436
8526 5224
3086 8712
8315 2743
8235 1283
709 8338
533 5806
3788 3633
9328 7175
7377 5344
2554 4502
4052 7438
881 4396
1490 7419
750 2845
5027 5633
6510 7753
5199 7029
9614 2872
5103 198
9858 4378
969 6836
1199 308
3118 703
3201 9202
1250 5670
9404 5252
404 783
3335 444
2906 5890
6184 5568
7450 6931
1248 825
4965 6631
9619 2644
7133 557
4561 1325
4279 4626
5698 3672
7228 6896
1012 5856
9469 692
8180 8282
9588 9130
2261 3371
6886 321
4134 3111
4815 134
8705 6444
2968 664
8637 4501
9873 8658
1629 69
2330 557
5937 206
215 6266
4225 2947
5928 1255
9840 5434
7587 9008
724 2696
5410 7989
5123 4911
2671 783
3259 4633
6372 8968
6527 8671
2083 6674
9842 6135
8641 5079
5999 3733
5345 8989
1943 2891
4493 6144
7227 3993
4783 8561
4935 2840
4269 9741
4158 7052
3909 9427
4210 6856
982 4235
771 474
2490 2094
8934 4552
1976 2289
2419 5532
6317 9442
3019 1369
4005 7019
5941 4986
5128 2212
5804 1966
4489 1623
2007 2130
4554 228
6714 8924
1832 2104
3100 3500
9728 8458
6122 4812
8732 3988
2745 8068
3132 7572
719 5939
2951 8422
6926 9245
1709 1741
8575 3972
8576 3655
6524 3662
290 857
6977 9186
3368 7290
6067 3846
2171 6581
1350 3597
2492 5351
3231 1417
1704 6589
1950 4444
4985 5515
5399 7227
7590 4424
283 353
5556 1611
3710 1803
7271 263
5316 9837
1413 951
4832 9164
9984 86
1351 2977
3566 324
9540 2911
5472 4066
226 6312
8554 7390
3511 3018
8520 3115
7832 6614
6351 8728
3761 4596
9039 3794
12 8074
6537 84
9489 4660
7223 3296
5573 1284
8961 7208
5691 7280
2024 8037
2984 9474
685 3754
9786 7719
4325 7146
9875 2851
5266 5892
7209 2783
60 6106
5214 1456
991 9457
2643 5869
962 1446
1950 1976
5585 7832
4923 4901
2511 7305
115 772
9269 8689
3852 1578
1864 1547
3960 4917
1383 3239
6498 8597
5110 5051
1919 7707
237 1575
8529 6580
3658 9212
5626 2043
6844 7124
1867 9167
7244 5503
5089 6618
4511 6914
8593 792
6822 8722
8433 1313
3911 3435
3224 6063
572 4504
2617 6682
9281 9651
367 2668
4941 9196
4468 8638
9271 2736
4198 1171
4631 9425
6780 4730
5987 1275
2968 7136
6442 7984
2676 1765
3871 573
1245 1292
2768 1269
6076 9444
9725 46
2709 9927
6695 5898
7986 4979
9664 3719
6212 9881
5527 4498
3054 35
2129 9888
9179 4363
7546 7709
5299 173
4360 8327
3635 3000
4528 3997
4174 6933
7557 3790
9985 5075
712 2013
9949 2962
2080 7501
1897 6383
5391 5909
3310 6653
8533 4696
9662 6750
5579 7659
4861 882
3935 5379
8129 4140
2265 2334
1674 3718
7260 2082
3067 7372
3650 5230
4946 307
7408 1848
7586 4525
6782 7403
8722 5767
2096 579
567 8145
4841 4824
9844 7338
8532 5777
9773 8803
9180 6784
7972 2641
7410 6484
2037 6918
9171 5931
4804 6799
4204 69
4151 7966
2384 1779
9377 4767
6868 4959
4443 2320
7295 6958
7614 8597
4457 6920
4554 9081
465 3735
7120 9168
233 2251
6315 5442
6461 405
9607 3100
9286 5662
1881 9327
8009 576
6921 3331
2836 64
3844 1392
979 2745
2906 2942
6641 1741
1328 8971
8613 3873
1689 2294
3665 3977
8047 9844
1194 1094
125 3282
8991 3773
5851 3599
7047 3188
3831 5295
2791 9245
4702 2744
5930 2153
2488 1233
4468 444
4890 9491
9298 308
2593 2575
2578 257
4318 3382
6728 6855
7480 9076
2642 17
7992 5452
4680 3921
2838 9072
446 5496
3822 4736
7870 5449
6028 131
2503 3150
8333 6684
3517 5166
3283 226
9473 367
7427 2802
4106 2018
4310 1246
7190 9643
6895 2312
8701 2032
6140 3146
6899 8835
8857 6716
30 159
7568 168
5433 766
5024 7191
6598 6539
9737 6830
5391 5515
65 7004
8533 3789
4434 6972
1456 975
5260 7169
9871 6658
7256 7721
6364 5627
9909 6249
7133 8569
1604 5698
1701 5899
2908 2011
1466 1993
9940 6218
8382 7722
2544 647
6764 6486
7257 3834
3039 8352
8349 7563
225 6960
6833 1097
6006 8976
304 9637
6460 8276
8737 3255
2636 9396
3690 9159
781 1234
725 7995
2988 436
26 1138
633 496
5548 7080
4715 2517
6558 9039
5778 4744
5168 9976
2273 1388
9709 6036
4948 9748
1073 163
7463 8082
129 2483
1184 8024
8722 7314
5259 7738
2599 3490
1186 352
2838 5727
5644 7704
1123 7589
529 711
2720 612
2000 6062
6441 2149
3444 4420
6931 5825
8788 9545
3920 9192
8279 6029
8993 9600
1654 2722
2633 1215
868 422
8996 7986
8861 5324
1571 3083
1218 7451
6878 6002
1470 3039
2208 5166
1803 7389
9397 5419
8373 3449
9331 4025
4142 9541
7012 4863
263 8412
1444 8973
5315 9487
152 5983
1212 6902
7609 942
8839 5010
6379 5250
9049 827
6828 8493
5795 2610
1423 2977
1800 9229
118 4008
8164 5409
9237 1769
1870 1674
1183 9176
8730 8922
6330 339
2663 4955
6701 9928
7325 5830
1723 3645
5096 5405
1797 4159
173 1851
3710 1655
1356 9391
9622 2655
3295 1410
1939 460
440 9774
2084 4360
1036 2542
2420 4322
5471 9144
2971 2491
6763 4588
6591 8184
3578 9222
9013 3073
3135 8122
727 3152
745 4138
104 5760
1490 316
4160 5534
2033 8982
9405 1430
3974 4401
1080 135
4774 8075
4441 9178
3060 7560
1730 7043
7485 348
1449 4850
8430 4703
7872 7531
6349 2032
7076 3304
5479 5162
9433 6506
5614 5464
4755 4817
9537 356
5144 905
3683 57
7073 9796
2659 8829
495 6976
5664 2776
4605 8285
1175 465
6701 42
645 648
95 9229
2980 9850
7793 764
2617 6171
9103 5970
8045 9064
1144 1117
4779 2101
7882 2645
6467 7945
7223 2986
788 7601
7291 3781
5633 8156
5885 9175
2792 2176
8456 2871
6064 9897
2362 938
7599 9282
7506 106
9593 1034
5699 9391
6721 7071
5952 1104
9656 6041
6136 7179
7517 4110
2920 7224
2654 8779
9315 2107
1565 4425
4920 3465
6019 7531
6472 1276
2724 4079
6291 9884
8942 691
360 4083
6761 8418
481 6845
4603 8812
6867 5057
1997 7316
4658 3224
6925 2894
8949 4689
279 1271
5670 9148
8055 5803
8810 236
5105 6966
3739 8805
6410 6466
3764 2936
8462 2024
5093 6416
4387 6080
9782 5868
6053 8053
7991 8878
211 2139
4437 2804
1188 6545
5813 512
8642 5900
8130 8729
4612 2007
5392 2425
3917 3124
1164 5837
3681 2804
4031 4184
661 597
2845 7821
888 5161
9673 9489
6566 2246
7056 4704
1816 4564
4277 407
1859 8154
3182 7071
313 1384
3230 8269
4607 1656
5988 1852
4283 41
7309 3609
7798 3700
4300 7924
3638 7495
9182 9046
6548 2535
8127 4860
2712 7599
7998 8658
7875 5348
4432 5252
397 3558
5721 2517
480 8041
6703 8343
4829 7354
3315 7477
17 4103
299 7544
9080 9611
9340 7683
4382 4626
8084 4246
9930 2590
2943 1885
3015 2981
2101 7621
9808 7510
5716 7428
2336 4058
5563 5606
6312 5867
7494 8143
3505 6554
2350 1264
2633 1112
5343 4749
1359 2122
492 6911
5096 9849
7034 9054
154 5589
7882 159
4307 4122
3554 9039
8801 859
2774 8089
2662 8863
3861 2390
6516 3999
9640 4073
1727 2416
9218 8739
150 3823
7714 7309
8104 1284
36 3708
3919 9779
2053 3845
5681 8639
8260 8869
3665 7910
6245 3132
1165 4187
4091 5480
216 5448
7172 939
4767 8059
923 3122
2043 6531
3509 698
3245 1396
1003 3123
7959 6080
7632 9448
5210 8842
864 414
4532 2586
7595 852
4364 1212
167 8983
5454 4998
2555 6851
2934 2629
7319 4980
8415 7015
346 5028
559 5173
6702 5914
8130 9946
760 8053
6169 6371
2978 8383
7361 318
3606 2847
8554 5264
2735 2895
104 5484
2864 6567
4729 9131
6906 9776
4736 438
9377 521
4173 4174
5289 3691
1830 2867
9211 4538
2801 4923
4523 8385
23 411
5152 7122
8817 5726
5524 6012
7410 10000
6369 1551
5194 732
7948 4585
7535 5440
8836 780
8338 6699
727 7012
4005 1958
2967 4526
4398 5262
5734 5478
381 7158
5600 9743
8987 7043
7782 2477
5972 5851
7082 5365
8936 7537
2631 1824
3965 184
4325 9900
4732 8633
6777 6595
940 6584
530 3614
8301 2815
1053 8688
3714 1404
3198 8100
7803 7878
706 2797
5147 328
2716 3286
2539 5575
5204 8603
3583 3159
4111 7687
9310 9051
5716 1741
5567 3101
5208 9010
1080 9324
6010 1150
449 586
5573 4765
5671 7505
2850 2694
4943 3614
9443 7705
6127 3054
42 6352
2978 7873
7454 3689
6196 9640
2765 3412
5159 567
460 672
3038 3073
9214 1367
3992 2347
8469 8587
1801 8201
733 4505
5761 2411
8742 1470
6811 9733
4969 5411
1826 935
2910 3291
389 720
9649 8586
7770 3085
919 4264
8541 2407
8319 4298
8811 9243
320 3089
6479 4845
1932 1149
713 1762
2164 894
6934 8119
175 6755
1102 1503
1095 1448
9115 8366
4554 9505
6073 3447
2164 4205
4751 6912
1102 6003
4434 5454
9124 3039
2777 6506
5170 6332
4211 4360
5508 8620
7627 1935
4216 8222
6288 516
1011 2368
9173 9741
9593 8615
3432 8094
8014 6415
4673 2071
7284 3481
7588 6241
2832 3819
478 9013
3722 6347
1632 4886
8873 2930
7436 4914
33 1949
1115 3392
2308 7929
6270 5871
6097 1139
2833 1862
3694 2788
9935 4917
5551 6024
6073 7542
4033 1846
4064 5510
5191 9330
3988 6153
727 7379
5322 3922
6075 2905
7042 9424
3056 3185
1388 8928
6896 4805
103 3135
2210 8922
2350 7807
688 2648
1253 1308
4250 595
7287 6398
9908 4661
773 1891
6471 3508
9139 1925
2712 3601
2764 9844
647 9692
9177 7312
8413 7002
6172 3457
1447 3995
3925 2215
7857 1597
8002 3112
5232 2772
4570 6301
8316 5250
7429 9339
3830 619
8869 7677
270 3963
9728 4562
8868 8159
9456 3282
2749 3175
4325 484
6334 5190
1184 8285
9305 2954
1700 3147
1111 338
9711 9364
2183 9588
8576 4538
3638 7449
1542 3
5896 4230
6293 1145
7539 8526
3117 7930
2259 2568
3513 8413
5160 2450
989 4988
9885 5754
896 5010
6508 8050
6962 2121
2539 7100
7752 5142
1673 5438
8327 3415
9538 576
8705 553
2903 6283
6277 541
7850 4062
7955 2388
1941 2533
9463 4705
7265 4337
2295 1392
4605 2070
1110 7934
7056 49
5705 8376
1375 8730
7353 5172
8596 8377
225 1071
8129 7948
5604 840
7465 7400
7445 3007
9216 3721
4378 6599
448 3428
1128 8147
597 8390
2852 3174
9505 8339
8356 7418
4062 8926
211 7662
8930 4145
2097 3510
2000 8982
7121 2637
7381 1570
9286 2111
6858 3806
3330 1653
1757 281
8826 1707
670 2155
4181 1684
6171 3704
336 2291
2235 912
6842 1129
9843 6312
147 1902
1092 9652
8820 6043
2450 7920
6796 5566
4106 1166
5920 3906
7514 6021
9999 7664
4241 7672
3487 1528
5037 5540
5778 5640
6225 8892
7427 4391
2909 1158
3062 6215
3359 8503
50 3619
3828 1903
7858 9267
5648 4448
4308 4679
5513 5266
8633 4564
6335 7641
9791 8235
2934 5225
9075 8495
9737 8225
9616 3256
2285 871
3397 3338
8202 477
6748 1745
851 1146
3904 9361
7085 1668
1123 5245
1564 9260
4101 2928
2499 9399
8128 1110
5753 7449
1308 9249
3419 228
7404 7377
4328 9082
4308 6004
5947 3762
5494 4631
9215 6813
8756 8863
432 9244
6037 5304
1648 4817
51 9279
9643 6825
2730 9260
9883 3749
1925 4461
535 7441
6922 4301
8056 3646
3191 1161
9530 3720
2176 1623
5594 6469
8672 8991
393 6674
3017 3065
9568 5585
2737 1676
8999 3297
5477 4692
1844 2301
652 3396
9693 86
669 15
3508 9001
1074 5743
1307 4787
5134 5808
3760 4942
5415 8468
5096 4241
1218 842
9562 7200
3172 6060
8333 3357
8295 3257
479 8771
7440 4161
9721 7884
5198 1516
2683 7383
3269 5501
9243 2267
3855 6832
5479 4203
6086 1731
6622 1182
7045 1677
3833 9515
93 7411
5612 8041
800 1846
4974 7980
2316 787
8514 932
734 3625
8870 688
4883 9553
7921 4155
3894 7599
8893 5931
7401 6613
7094 1974
2917 2365
7327 9602
5630 3951
8244 9250
7362 4526
8260 7860
777 1538
5650 4867
3106 4076
2062 6517
3463 7412
4029 8699
8525 1521
989 9799
8303 231
8852 3531
8520 4733
984 218
1648 851
2466 3576
2234 303
647 2164
4299 3288
8989 9456
4534 7046
3123 9148
7721 7257
237 7493
179 6938
821 9659
3323 2721
1140 254
8465 3483
8346 901
2277 9148
4461 3571
5552 9539
65 2341
5876 1003
2160 2220
3792 4526
315 9310
8187 6436
7105 7743
9267 7508
8980 3702
7214 2724
5129 2710
1949 9735
6627 8917
2861 7929
3184 3677
5917 1815
603 1484
628 9725
7167 6538
8192 8532
4784 9382
3008 8502
7288 743
540 7606
6794 5245
4947 1141
1346 6739
7589 1039
1695 1650
4797 2302
3448 6297
4664 6914
4602 7562
3574 1020
3793 3562
4019 7982
1022 7863
8857 6398
6126 4205
4796 9478
8884 5777
5196 2005
893 6098
4061 8532
5528 4585
8032 8095
2783 6062
8208 4834
6142 261
6802 9351
2883 2139
4389 8653
6497 6121
5137 2122
6841 584
9769 775
1724 3843
6876 4957
4558 8380
6522 4658
1131 2438
4239 8082
4917 7539
1667 4224
5225 5649
5505 816
3853 9830
7915 8256
2789 6900
3539 3292
5720 7474
19 7819
1156 4271
3181 4139
4755 1097
7195 7266
6621 7400
2475 2820
9159 9551
5511 7964
4684 372
8480 824
8250 3942
2305 3716
6926 743
4638 622
4477 3307
2404 1479
4368 3040
9836 7106
301 6975
7688 8707
7858 4873
5058 8212
1834 722
785 5385
4425 2219
5828 3050
6349 8619
845 1314
7636 6973
508 1627
6303 4238
1453 2233
325 5912
1676 701
5077 7174
3422 959
262 6798
9996 2458
6117 9535
435 6901
4605 3211
5614 5549
8859 5321
5509 565
3883 7260
8370 1717
2743 3405
8253 8951
2900 9072
4734 1662
9764 3060
9736 184
7943 9385
6158 4924
2895 2102
4815 2539
3625 7934
7111 3361
8872 9061
2790 4003
9087 167
4237 1990
3151 9542
9006 8203
8639 8794
6455 8536
7514 9919
4553 7816
6299 9877
3051 7001
4436 3600
7882 3024
556 9601
3775 6685
5408 1368
6848 6210
1237 2275
1472 172
7132 983
7044 3154
3723 3518
9910 4772
3953 9177
9269 3433
2316 3790
1899 3658
5302 7305
7343 8749
9462 5524
6997 2832
1549 8544
2986 3254
4667 5479
970 7139
4813 9787
8874 7613
9830 1068
9526 6340
8651 3876
4338 2631
5598 1811
3540 4693
6955 4155
8751 5716
6977 1953
780 2295
9617 6079
1624 2406
7533 5320
1287 4539
382 7885
6232 2537
6138 4549
9306 8232
9919 7048
265 6874
4890 8733
3955 5740
2948 7152
3780 1717
8411 5873
933 4740
2064 9181
3400 6685
9924 1004
6739 8799
7323 6125
2041 7941
3306 3221
5956 7556
9773 7549
6924 8064
8007 4886
3395 9102
7730 6199
9197 6447
3807 4955
7626 6609
4467 6270
574 78
8795 8281
1444 3895
3962 7033
9692 1794
6724 8643
305 853
4063 2077
2794 6875
3971 6994
1641 5760
502 3466
9450 8158
3649 719
5419 6450
4535 5707
996 5370
6148 9329
1949 7724
7484 6311
2174 2429
4597 2677
9696 8937
1368 3857
6120 5622
2839 6743
2603 23
5367 8940
6397 8275
7535 2919
6003 8302
264 1761
2314 3270
6092 4695
8665 5375
153 6338
3934 708
103 9420
6567 2881
2165 612
7060 344
7611 5131
8290 9571
1643 6164
3886 700
9539 2360
6723 6653
5361 4617
5123 7087
7920 2942
7704 7122
6764 5259
4567 9616
4036 3570
4074 9081
7318 3784
7507 1247
6695 3266
3670 7150
6823 5084
4022 1940
3187 2589
9675 8071
5332 2507
4792 1869
8641 9096
3764 9916
4997 3724
3471 3471
142 9999
4004 1391
3752 8159
3203 4117
5177 318
9090 63
8675 8900
553 819
4385 2197
3173 7080
101 1255
2928 9457
2556 575
121 6853
9165 927
5415 6381
1134 4754
943 9079
9294 2820
7130 4875
6088 6299
5207 327
8374 6028
4057 9560
5136 2944
6949 2620
7623 7254
6516 40
7947 1150
2515 2499
4468 4970
1512 6463
3254 5220
4825 5468
1433 7191
1328 6864
3673 2565
6859 9658
6510 3253
150 1622
3901 8588
9896 4148
8257 1316
321 5675
7275 6131
210 6692
662 8955
3357 8312
3236 3296
6973 9187
8919 286
7306 2889
5131 8163
3265 718
8264 9239
6152 7606
8129 2263
1951 1315
878 9544
1249 1016
5866 3444
5916 60
3910 4699
425 9098
9277 459
2481 7644
3212 1959
4641 30
7205 8525
7779 9407
9535 9964
1753 1414
894 8597
1644 9654
8664 3980
3932 4369
9577 1287
8530 8538
5593 7619
3439 8642
5547 5168
4155 2425
736 4603
8023 3646
9451 2010
4849 4902
4190 7957
8815 6629
6679 7731
4360 2473
4069 3729
951 4388
3229 4271
968 4589
4818 1763
741 3501
1556 3929
2778 2112
7015 6149
4618 7353
6689 5670
724 4348
9322 6945
382 2514
2914 4268
6755 7881
8777 367
7446 8606
6887 7043
9048 7672
190 7206
3754 9457
5008 1933
5052 7168
5746 1168
193 4085
3471 5832
2133 5670
5245 9382
681 2249
3982 6841
8773 4916
1851 7711
6047 2556
5575 3461
5150 682
3716 9348
1069 7578
7312 822
9048 6251
3161 295
6187 7419
6688 2789
5069 5629
6360 9283
8710 4775
9551 9002
8094 1455
692 674
5110 6601
348 550
7899 5519
984 6534
8530 1805
4781 9354
6537 1157
4151 683
3514 1987
2320 4389
9578 9092
162 7178
264 7218
4603 6056
5623 4382
645 811
663 2030
5669 8357
9168 3416
7585 7021
4643 8901
767 7061
1815 4175
1845 9519
4563 3334
4594 3703
9862 3430
3301 6873
4484 3545
2844 3515
9964 8485
2975 4759
5196 8789
214 5042
1911 4763
9865 1025
624 2015
4181 5388
5742 9318
5509 4815
7841 7896
8768 905
627 7123
4173 4805
2460 3041
297 5861
607 148
5022 1656
5659 5091
3967 6081
8773 8911
1926 4692
4271 5467
559 6064
1518 1309
1281 4348
2650 741
7136 8782
9267 8822
3187 3490
3791 5236
8461 5266
8922 5731
1811 1494
2060 3293
2543 5310
9197 434
7732 348
4884 2526
6260 4540
1105 3956
1707 5205
5983 2823
6764 2428
7691 2022
8859 7861
5563 4044
2823 3943
6962 5494
5928 731
140 9188
9025 987
7522 704
5579 7029
3966 1563
3115 8851
3678 2443
8850 2356
8911 1537
205 7109
5191 226
1338 677
3137 2194
8816 8661
9935 1840
3805 1500
1642 9505
9425 2407
2946 2821
3157 5560
5917 2289
869 8359
4271 8982
2197 9574
2092 6542
5782 2130
9559 9159
1839 4730
6776 9803
7669 955
7418 987
8392 366
4871 7816
1726 4461
7914 3105
8334 9460
6800 1151
5229 8450
6055 3048
2516 9728
1818 4022
9658 3982
3325 5588
8606 9767
8058 9203
3489 5627
1116 246
795 7047
1639 5198
8315 941
5225 1061
7720 6328
9298 1430
5830 2263
4509 6912
9983 7623
5784 8954
2643 4524
3545 5665
5370 2294
1413 8095
1662 4511
2043 2740
6950 3895
9283 3162
2428 9902
8441 4438
9909 1083
1606 9016
9051 4602
5131 2934
3602 518
3228 9847
6305 3169
5736 5574
333 5151
7193 1846
9509 6365
9317 7204
4044 2868
1635 2843
5337 6117
9988 1003
2077 5883
5111 7160
2847 7345
2630 3240
6958 8428
7560 3862
9633 8822
4724 2535
4873 4805
1505 21
2416 8089
7522 7753
3831 178
3796 7378
1675 9933
9373 8589
5740 8057
7866 3074
4066 7334
5548 8231
6772 2105
4609 8235
9396 5100
7641 9687
7562 9882
8936 9903
8870 665
3656 8232
818 3272
9313 9214
8841 3248
1803 1159
4749 4949
342 3117
2138 4440
5741 2077
4440 7423
6177 9639
3905 6390
2707 7700
5743 4293
4177 384
5904 6592
3992 6015
3727 4267
6554 2109
1205 2862
851 4397
2190 5467
653 8013
7022 5008
7622 1953
4048 3625
3860 5141
7665 4301
133 6090
3538 3558
6382 5140
5366 3872
6745 9048
8030 1995
8205 8867
9048 2812
8011 4911
3009 1756
7265 3410
5879 3026
3347 2775
3312 607
