placement model: 1slider
width: 10
height: 10
number of points: 500
6485 8480
6195 683
4268 5802
6989 4828
4905 7276
1888 8549
46 5933
8410 6579
3168 8566
2220 713
3345 4996
7336 9707
2381 4228
3597 9544
8059 3344
5268 5959
2165 3044
705 5956
5911 4443
1627 4455
5198 2981
3243 6071
283 5601
2652 6164
3809 6578
1703 1679
1822 9901
1499 8403
9912 6759
5858 9633
6647 9972
3338 5083
1802 9137
3571 2736
4101 2958
7180 4562
2700 9574
9889 142
7010 3785
4990 2988
4586 4506
9994 3623
7456 9518
5044 2595
4096 3380
8626 9408
5336 4828
5641 6076
9100 9589
6406 7
8352 3105
9208 216
1454 1860
8458 2898
8089 793
5200 8185
7397 689
4315 9025
1666 437
1362 4944
6502 1532
192 9685
8335 8653
6275 2688
5484 9286
8891 8274
2933 3163
3791 2088
6663 2938
1736 6155
3737 3410
2029 2759
4101 5593
981 9729
7401 6159
1297 1820
1848 7384
6891 4269
2215 9154
8202 4804
7588 754
1213 8781
6812 4726
5052 6879
2351 743
5573 7592
6397 8347
7008 626
1855 7216
8990 6768
9028 3370
8495 5657
788 8262
3417 9916
7078 1412
6245 5301
3518 3265
4794 3235
249 7463
3885 7570
5561 575
8288 8750
4684 485
1881 8197
141 1661
1824 2620
5623 1282
8797 8907
3194 8401
2854 156
9277 6504
9299 8600
1466 1924
6556 9776
9122 5930
4031 5553
7412 3836
1748 2257
8085 1868
2743 5742
1857 8302
1635 6295
13 2316
2687 3233
5711 4903
6946 3677
6112 6502
8939 920
7181 9775
2111 3245
4841 4328
5598 8053
4490 8922
396 2007
4904 1568
9429 279
7759 8303
7550 5782
6379 6967
9289 7373
1693 5489
6578 8666
6990 305
6700 2917
2020 8794
6634 7476
813 6384
972 803
7133 1000
1252 4040
303 5755
7052 2961
4388 1725
372 2054
3144 7814
351 2312
7976 5329
6997 4389
8589 1060
9637 3270
1693 2006
7025 8151
8940 4305
3019 1434
9906 7551
6472 6512
3087 3641
8874 5228
959 3683
8889 7971
991 6322
1606 7246
9470 1357
1793 5333
2185 7286
8858 7820
3658 1035
9484 5899
4069 2492
5130 778
8660 6825
3593 1061
5737 3590
6285 6760
2114 1042
4302 3091
9369 2387
5293 837
364 7373
3842 5089
7583 1937
8002 9349
3978 1664
5768 849
5263 5090
4748 1235
7917 1663
2756 6859
9518 8304
8938 7849
6068 4818
9264 7019
3130 6089
3759 1816
6644 8997
9571 3374
4273 850
580 2352
782 4690
5510 2764
446 9273
8188 7078
58 7013
5433 9127
7758 172
2252 2038
5049 5295
8175 1732
5023 3681
6032 8194
1906 3951
2242 4180
633 1922
607 4653
1882 9458
1382 2798
4629 4467
2300 3384
5697 356
9492 1698
3089 6184
7471 1543
5420 3867
4508 8319
25 3027
1399 5400
7429 9446
9700 3547
5867 1836
5755 5778
6039 4280
9649 8193
4211 4309
1676 5846
9232 995
4900 854
117 2502
1080 7980
3316 774
6648 3840
9028 4107
2885 7637
1617 2175
3851 9263
2090 6375
598 3172
5009 9237
887 3396
4780 794
8516 7960
1276 836
3289 6864
9215 725
4157 1949
8366 6086
7162 7297
1687 8127
230 428
9359 3228
4936 9642
3605 450
2596 9916
2697 5335
7672 6519
3921 134
9536 6219
6459 8570
2512 1531
2699 3535
3097 6021
7340 1352
9176 1090
5709 6768
3620 5449
5453 8981
8480 4924
8126 6774
7197 2451
3939 5394
580 8442
13 4609
7377 4855
7767 9479
701 6173
7477 6476
6955 2415
5956 5192
7142 7813
9057 7765
6028 95
917 6450
7491 1094
305 4523
7962 8438
3493 6296
9922 8564
3861 9489
6900 3314
7654 6076
9590 9051
5865 8627
4885 6837
1218 7133
8726 6246
508 9860
2588 1009
7485 6823
6753 1483
113 7023
6246 8096
3141 3072
3672 6625
2198 8290
4120 1870
9461 2877
3325 6435
2848 5591
6246 6715
8813 6491
4128 4963
9125 7093
4151 9189
8546 4349
2533 2717
9713 1870
4905 1780
9857 7207
7138 3283
6096 9251
2337 7687
6528 4479
6854 1752
5148 6360
1900 7791
7646 3741
5350 8609
6217 5582
7450 167
900 6833
2917 3530
367 905
7658 1760
4045 8543
5164 2143
1849 3979
3171 6439
3317 7891
9910 2392
7497 5812
3218 6503
6840 5028
3990 8088
7683 8412
7467 8845
9313 2059
3197 6124
6093 3254
5618 5721
4805 5968
8945 1573
6420 5977
7343 1134
6134 9713
3133 7837
7800 931
6210 7162
70 1291
590 3050
6211 9989
5950 5202
7195 8822
2435 8685
1438 179
741 6138
919 3695
7008 5778
3482 3369
5631 4950
233 7553
6591 1325
4093 3643
649 1633
3723 8419
519 9890
2354 8010
6827 2489
9186 3766
8155 3463
7000 3956
6846 6118
6255 6760
7270 39
7875 828
813 5200
3256 5511
305 2641
7359 7792
4839 3672
3402 7205
9712 5787
4896 2750
1943 7025
958 2817
6794 6665
3907 5979
9471 5398
8034 3123
4109 5022
1079 9247
5002 2626
2283 1317
6491 5642
9224 6829
369 2613
5815 1463
1431 2537
6179 6699
2144 5510
4027 9802
8043 4569
8667 9119
4600 179
3162 8378
224 1785
5982 7292
6578 3351
4428 6121
6769 2155
5329 2264
6289 7227
3454 5990
286 5468
1319 8703
4243 4157
6431 6819
3421 4688
4028 3328
5573 5751
8613 9319
9231 1119
532 3152
4587 2930
910 3598
6044 4111
813 7852
7645 9743
7237 3009
4130 3853
2468 2442
8044 3010
8467 2262
2439 9644
8578 7737
6402 9746
8583 1173
7555 3022
4153 7199
4143 5971
2526 9814
7676 8136
1823 1280
339 1929
6259 5712
1540 9336
284 9590
5369 6414
6244 8311
6844 6603
3335 19
5639 7774
3535 3539
3055 1634
8969 2802
9868 5554
3191 3762
2642 9344
7320 5169
2074 9234
5688 8503
2105 4978
7242 6655
689 6381
7918 8183
8717 1935
9376 785
3903 7501
6373 3305
1243 9696
1964 8645
971 4864
