placement model: 1slider
width: 10
height: 10
number of points: 100
4319 7538
7909 866
9245 147
8550 5407
2960 2803
7073 3340
3727 1144
2141 3712
1937 6871
4521 2627
9281 5330
317 3395
6819 9838
5432 6700
6957 1382
9633 9507
2446 6770
1044 2577
8706 2599
3707 4694
4603 3269
2507 8066
7184 866
1995 2960
4165 9715
8244 9034
3793 3991
3368 9208
7773 3650
2105 3422
3023 8413
3170 5195
6549 292
6214 7649
9079 2560
6592 7862
5103 6533
5930 280
8354 2444
1169 7546
2083 5142
5228 1053
2197 7737
2283 6559
7309 4852
2782 9046
1383 2954
6108 4940
7837 3975
8144 9869
4888 6681
5160 4098
5490 448
4738 340
2959 7971
4492 2416
8550 5653
8638 1826
8324 684
8249 8428
2259 3521
1736 6139
4065 7465
7097 90
4628 5721
9962 8625
402 9692
1318 3929
6679 8724
6604 7916
6600 4331
9292 528
5407 5208
1041 7882
1174 4501
2043 3638
3464 9989
7542 7460
8552 6873
2 3112
4596 2285
8283 2912
9677 4073
8734 2103
9000 9841
6035 5121
6429 4325
6165 3582
6677 7924
4261 1651
9760 9915
6346 5093
4913 6141
9188 3320
9039 925
3890 5912
9680 4906
7487 8100
3720 8706
4121 6680
