placement model: 1slider
width: 10
height: 10
number of points: 100
312 4466
4449 3060
8641 2300
1906 7920
5773 1755
4634 9195
5430 5687
2332 3120
4026 1990
283 4809
4893 9774
3820 8610
6131 3553
2488 8025
505 794
9844 3391
4913 7905
8492 4712
4277 4717
3893 8029
1270 8613
8454 7619
3458 5304
9295 7567
2132 7199
519 9467
8508 2923
6922 9585
7633 8359
2940 4360
2121 5443
9934 4829
2040 7029
8976 9480
383 1388
8633 3499
8841 676
1354 6395
6698 2044
9010 9562
1587 7330
2657 1930
1081 4584
5485 1087
9799 5925
8329 9674
2388 9832
8947 203
9937 9171
310 3988
1766 1616
6975 5010
6837 622
917 112
1726 9071
8557 8559
9957 8116
5091 2434
6109 8237
4465 8899
270 799
4289 7836
3217 6377
7251 9010
8729 5216
9720 1167
8746 5311
524 1298
6362 9955
9287 8628
3595 2985
2200 5635
1534 3104
984 2965
2267 4511
8909 7592
188 305
3450 6524
2889 7166
3391 1491
483 2567
6426 6826
4205 1204
5004 1624
7694 6618
9821 1865
6155 4436
9607 1710
4046 8265
50 6538
7422 210
7012 7114
8159 3526
5707 4929
3052 1489
9853 4119
1647 8084
4596 4323
8729 4559
3272 7719
