placement model: 1slider
width: 10
height: 10
number of points: 1000
8871 2436
2405 6816
5548 156
637 2940
6315 2001
3233 5253
5789 7923
2438 3902
5977 4252
5637 8546
7507 4706
8372 3326
4470 846
113 2313
9965 1275
1649 6391
4527 5819
6076 2611
3275 8427
8908 4949
2146 252
5820 1385
9716 8735
1762 7471
913 9268
7646 3548
1689 9554
2055 3980
7777 5247
5199 7270
3162 2004
6636 690
2718 8308
8008 5582
7228 5470
9086 9424
5176 9227
8942 1489
3616 4359
7723 2593
8586 2973
154 4970
7636 8572
1373 3295
3647 2206
4742 2650
9735 2742
4371 2396
7561 2973
9357 5029
8452 739
3743 76
6205 3681
789 7249
770 2248
8809 7595
7508 7611
3003 4559
8795 8637
6505 6970
4731 5528
8950 4384
5230 8186
2651 4907
948 6780
4243 2637
3148 8751
2939 4653
8753 8036
1883 6376
9519 2088
224 1919
1325 4936
6656 9547
5666 1548
3238 2458
5288 4368
7162 5442
7129 825
9446 2307
5202 4859
1835 5271
1674 3249
4575 8474
1350 6800
8828 3605
3200 8102
7096 8919
5016 3706
4305 6733
3940 9157
2845 8981
1518 5982
9755 9928
2205 7092
7461 1369
8195 1054
9778 5490
8960 8593
7437 711
9121 6265
7787 3978
1655 200
6986 7339
5456 1312
8518 1513
3799 3857
7949 8915
9280 9019
5193 6959
7916 6251
9783 5721
9258 7271
6271 4011
3295 3708
5444 4677
40 1640
6639 7362
8882 2924
1953 3466
7198 8560
2445 1564
5087 74
5283 204
8451 1228
3569 3087
7862 7187
65 6740
2720 5195
6292 8948
2766 9043
4190 1315
124 6866
9184 7260
5146 9731
3451 9854
8661 2308
2462 5362
5389 2017
7497 967
8204 3438
9219 8407
5508 4051
6239 6989
1001 7307
1476 5766
8518 9148
7437 6334
4326 3115
9724 4497
5493 1846
7272 6868
1124 792
4137 7477
1617 6570
6023 8774
6431 8932
7365 3891
135 7186
3019 7441
8959 8579
8317 515
1398 255
766 4975
6656 1901
3357 3443
3156 4753
4802 1975
1375 58
2073 1725
1675 5229
5939 992
5172 8807
9406 6035
5703 1052
4809 9609
3717 4790
6419 1685
9682 2619
6146 2626
1289 8420
5229 7498
9530 8654
3592 8013
7113 3689
5383 5863
5709 5069
3689 119
5338 5874
8301 3281
6226 5576
3125 5043
6076 1463
6342 7997
5611 7654
3403 5528
3250 4617
3601 7301
6019 4892
9885 319
5780 7070
6565 6440
9406 4901
668 5543
4585 3932
2406 2906
5069 9484
7067 3619
5453 6445
3460 678
3112 3316
2823 5729
2576 1607
3369 363
1102 1401
6609 4904
5071 9192
8644 1264
1964 390
8833 2801
829 3462
1773 2466
6107 6373
3885 2454
3207 8648
5900 3551
4824 4971
1171 3791
6546 7274
5969 17
6749 8748
9111 5102
8752 5648
127 5249
3126 7502
5314 6843
6988 2131
5023 2375
8113 5852
6366 1839
1709 7844
5841 2302
2502 957
2762 719
9221 457
6052 1864
4366 5026
8592 7452
9876 9098
4587 9695
451 7503
5458 3338
4610 8089
6196 8752
6102 722
3787 7813
3569 2132
5520 7073
2253 1224
7681 402
4029 8600
2835 5755
3399 1392
528 9621
5314 7777
9307 3621
6230 753
2159 6270
451 5449
5755 3071
7673 8063
8400 295
8621 8523
3271 7821
8945 1599
5751 3934
2055 2573
4294 2727
1730 9695
9970 559
3386 5549
6743 7265
737 6805
5404 763
2546 198
812 5811
4713 2677
8583 181
2063 8645
1732 2530
4417 8101
8734 3817
9318 1404
7357 1817
265 7040
5521 1742
8308 8810
4785 8714
9190 5167
4002 6142
2850 7306
3250 6661
2458 5575
9363 8958
2924 3828
9873 4991
6680 1220
6055 3598
3561 1125
6941 6439
4026 7432
1855 592
6158 401
4192 7801
9949 1404
2746 6881
4924 1662
5786 8477
9478 1506
1336 5321
4388 6811
3451 579
5316 5164
9201 7479
5072 1938
4393 6358
4943 3607
2042 3478
9139 8750
8611 5121
5668 9144
1413 4836
3061 2715
6724 7792
3908 5413
5304 7618
5471 4644
175 4462
1394 3145
3487 2753
7897 9905
5632 5770
1132 1591
2893 1656
8171 3474
3666 6082
1124 1204
6435 3922
1127 7735
7465 4579
8758 9026
5553 443
2358 7382
3516 4767
670 9657
8250 2757
2018 2529
8801 8801
9787 9769
8249 3121
1718 6999
3417 7503
9400 2697
6672 4481
4783 8603
9286 1840
3687 2537
4816 311
3660 5391
6827 756
9762 5854
1132 1213
999 8703
7824 8953
8681 811
4033 9148
8590 1341
3485 504
9700 4874
4079 5352
2475 4607
7468 1348
4905 2463
4912 3130
9139 9499
69 5502
3675 277
2888 3769
6764 7513
4107 4337
5198 7925
8600 6158
4780 302
2501 3172
9554 8563
4146 2912
1155 9933
2723 1022
8424 6071
7742 254
6849 6338
4240 9072
5132 2113
5605 4104
2160 668
7517 4677
6668 3405
6862 5054
50 9896
5661 8507
5181 2290
7062 2664
8398 7739
5013 87
9398 99
483 295
8223 2686
6420 5619
8210 9503
5700 1155
7737 3693
8794 7898
9398 5258
1317 6252
6995 1808
2538 3678
4847 2611
6183 3433
9196 2013
4931 7320
9560 383
7134 3809
6291 9685
9943 7248
4023 4799
8988 3388
5802 8782
4338 1444
7397 5693
2657 5100
5178 4277
7655 1062
4175 8068
1347 558
9401 9219
1813 6594
3455 9928
2410 2632
5938 5343
8919 8784
137 6351
8891 426
1740 3271
2032 3857
1335 2000
3672 6901
8852 935
9749 9231
1810 3325
3146 8897
2783 2839
5552 7138
8620 8879
2759 3549
4488 385
414 5176
278 5415
7587 1976
4790 4363
5144 1267
6006 749
6449 3718
8849 8777
1360 8052
3916 4179
4086 1118
6908 4697
695 9663
6735 6867
2146 2939
5807 2338
234 870
6984 6741
5577 5169
8488 913
3353 5013
9090 7988
9317 8475
3384 637
3209 5217
4477 3825
5089 5868
8421 7780
3019 2850
3784 9765
8812 646
9857 6646
8808 188
4888 3023
4040 4407
4580 1810
7716 5683
6477 7092
4615 7471
603 5779
344 6101
4555 9580
6925 3182
4010 741
1651 6422
6119 6824
3565 4346
3236 4912
7800 3498
5810 2712
7059 3534
9844 545
7435 6614
2727 8988
8858 1867
190 7067
210 891
3869 7996
1049 1396
7415 9272
9437 1611
8841 6320
1761 5068
1722 617
3507 6148
7921 9161
2339 6906
9121 665
2911 3908
479 6497
4913 6840
9540 7906
3759 6383
4767 4749
1420 5411
8811 5183
1708 9914
77 7341
161 8774
9484 4217
7853 7932
2913 6214
4896 7207
3233 2457
3386 7593
5161 5808
169 4067
7269 2532
4654 1028
8874 113
3780 1881
4045 6848
6107 2226
2989 8990
7021 587
2901 1476
7714 7226
2007 2582
9428 2173
4145 1795
9528 4974
9132 2137
3795 2549
7636 8250
3532 3950
1316 4852
2528 4560
3187 3978
6063 2969
2647 9700
1642 2758
5259 1887
311 8378
696 1767
2401 2001
2590 77
3340 1147
7209 3625
4819 6085
2472 4039
8334 773
186 9955
3672 2237
4894 8187
8717 3109
6059 5054
2416 3910
6664 4604
1780 8236
5579 8667
7431 1070
451 6825
7475 353
7695 7565
9373 3892
8634 4809
4574 5324
6209 8317
6806 1257
7512 3572
3473 1248
9354 2302
4834 7440
7851 9374
304 5050
253 5222
7599 9631
9840 8470
5569 6164
3234 4763
6403 2303
4302 7440
2239 897
3218 7525
3550 7371
1503 9001
5132 2626
4552 6841
512 6279
5268 3447
5906 8038
5532 5969
9010 9170
505 1084
6619 6550
9251 1071
2954 8822
812 4402
7399 8119
7167 6966
8369 6903
5715 2221
8453 6872
6360 9584
1757 9310
9527 8814
3491 7471
2259 1067
4570 956
4413 443
6058 907
5749 8375
529 123
9630 4847
3598 3360
6094 9270
7680 6679
585 3745
8660 5433
5500 6220
1957 7288
3251 296
7835 8456
5198 2900
1628 3078
9319 963
5315 3219
4205 7919
9194 4696
9791 8892
5135 2544
4896 7385
6945 3101
7789 979
6652 1919
9145 492
5294 710
5203 1177
6333 4450
1440 1770
6639 4176
8930 5936
2981 4363
2866 3020
5991 5008
8080 2837
9071 8242
7151 1752
6235 2701
7058 2634
2514 6610
92 7535
4162 4976
5248 5423
104 8599
5329 3015
7149 4134
5885 8042
9427 3241
7851 1280
7582 3052
526 1229
882 5526
9022 6428
6640 2301
7253 3917
5777 186
1575 6929
5291 6637
3557 8104
8365 8887
1663 3259
4023 951
6017 8689
1150 609
518 3951
5545 3162
1667 4760
7733 2719
4307 1814
3679 9729
3412 7000
2166 3257
2098 7736
7588 8875
2243 6903
8535 1974
640 8489
3415 6847
9602 5598
5743 2563
5334 2695
4286 3788
4288 3483
6912 2443
8892 100
3737 4527
8699 3229
9000 8371
9178 3677
5962 858
4999 5132
9364 2113
2675 2901
6454 8906
7719 7149
2466 813
8017 9321
4961 9725
5713 7744
7428 652
9079 2199
1393 8664
6685 2880
5294 3293
5106 3588
9586 5833
6307 998
7946 9089
7808 2930
2081 7674
7610 2963
7926 996
6177 831
1933 3698
1626 8580
4769 8290
7728 9350
4774 8218
2407 7408
7974 9828
4794 4493
7850 6641
2487 8840
7035 345
7476 3971
5164 6668
4376 7617
322 3606
800 7269
7562 8699
1866 9286
6161 269
6676 125
8464 7204
2405 9957
7792 8817
5910 8104
2180 6999
526 9017
2913 9626
8109 3388
4386 6550
6075 8914
8391 6154
5351 2425
3726 9279
1100 166
3002 3865
3433 6416
205 3036
4387 8454
6281 8760
6534 1911
8585 8991
1820 6695
5030 9010
5943 3492
9310 617
4603 5257
8612 6534
7937 8421
2024 9806
9740 2405
8176 8799
7041 3595
8981 9638
3845 2310
1069 8363
4098 5141
7848 2252
7272 7376
9915 1283
1324 8663
9083 2638
5111 6751
9990 315
7042 6606
4589 6100
8403 4864
2872 2659
2104 2465
480 5665
7292 5094
1445 9923
1378 5275
9612 7576
6651 9200
9782 8934
4914 244
5177 4059
4589 3971
108 9459
5885 6070
5032 3191
3219 3288
9631 8408
7888 2641
5241 1848
3995 1157
1794 3
4340 1103
1386 1437
7699 5994
3726 8537
6355 7079
3433 6315
5290 2465
2226 8582
5725 5704
4298 3266
231 1415
7202 4873
5201 7980
4910 1243
1614 4976
1457 6204
8524 8612
9649 6016
5168 7313
5110 824
8183 1835
4506 992
4860 3587
4636 283
3183 2177
7650 4538
7758 914
6286 1122
9472 1775
7726 8686
8198 1736
981 7185
3026 5048
6175 1499
9703 4834
2020 9106
4495 2730
452 8446
4177 5805
9831 8961
8512 9208
2712 9080
4398 3290
3180 4279
3002 7362
3219 4394
8374 6564
3347 5138
5548 587
9664 2995
8789 7758
4002 9196
1527 8435
8509 3184
782 9807
5340 7715
874 2557
7263 4806
6423 6638
3044 2664
4627 3465
344 5964
2351 7836
2590 9763
2128 7741
7271 7788
9895 7072
8708 3937
1535 7209
5309 4306
8236 743
5417 6132
4846 724
9475 2797
8330 6958
7441 177
8499 9787
5491 4891
7592 4622
4102 2095
6230 9751
8984 6984
4170 8922
280 2130
3084 317
677 2520
9196 4542
3426 3737
650 6386
7998 9673
7263 3408
5312 4969
750 8184
4661 1815
5914 5388
5475 4897
2107 7647
6005 3899
7333 8020
3170 7542
801 3761
5673 2071
4426 1136
1289 7069
5789 8487
4482 8533
9047 8750
8043 6875
2216 8232
2155 5137
8811 5555
9463 5308
9566 4177
1314 6432
9970 1750
1381 6699
5558 4438
146 6925
6924 1864
6968 1634
9412 9793
7025 833
4250 9169
1811 6758
8772 947
2209 2055
5044 9713
2897 2238
5213 1101
2475 6118
8147 6526
9164 4811
4068 5549
8530 1032
1456 6168
9390 5305
4075 8863
4527 9830
7733 9892
5737 3094
2591 6868
507 6993
6341 4619
2531 1981
3059 311
9475 3283
9233 8113
8074 4414
5945 7756
7404 9396
32 3782
3530 4499
9926 6650
9629 3829
