placement model: 1slider
width: 10
height: 10
number of points: 10000
1237 287
9955 8254
9939 3367
3279 945
488 4735
8588 7208
3771 3944
5702 173
2838 4005
6791 9600
6157 7150
7291 1431
8522 93
4051 9552
8741 2242
4181 6747
13 3845
7923 4352
1961 6084
6108 5549
917 143
4500 518
469 5284
627 6250
4731 186
7277 1357
2147 5742
538 9862
6348 2161
6124 3850
2214 6646
72 4190
2257 3755
9047 4886
4555 842
4185 5928
3998 9424
103 890
7799 8165
3396 5818
7988 4322
7658 4556
9536 2388
4557 6877
2281 5460
1878 5143
7705 5931
7546 6168
5221 1218
597 9877
4005 9021
8414 6153
3317 4999
8359 5489
1331 5990
7659 477
8149 4875
3637 24
4231 1346
6572 856
742 3987
7771 5466
844 1716
1258 4178
1505 4021
7804 2105
4355 3054
976 1641
4639 9618
7772 1795
605 107
7317 2181
1424 295
147 8468
1333 3935
3258 7870
7558 8816
3755 7993
1331 2857
1282 643
809 8601
9402 1989
824 1954
9934 2166
844 8898
7871 4824
4585 8194
1634 2515
6472 1932
6424 7829
7326 2754
7716 4131
5085 5253
677 9400
2963 5827
2770 9060
7018 6331
6388 1076
930 9540
1223 2178
1327 6823
9873 9067
12 9178
687 1467
1414 6424
8165 6508
2824 2837
1863 9041
6356 4623
46 1481
7663 1192
6213 6518
3044 6701
245 1364
4754 6614
8605 7543
2262 9102
6220 2472
5391 5709
5213 3864
2823 6902
2678 7283
291 2855
1555 600
8177 7159
4987 2806
3751 7206
3257 5043
1657 2141
2317 4885
6270 279
7722 3324
6947 9607
3763 4555
4732 5336
1202 6879
2756 6084
428 3159
8601 7597
3081 7111
5148 3184
7492 9356
8551 7536
7919 9530
3780 6634
4780 8074
4809 8884
5628 5736
756 215
3760 6333
8759 149
809 2872
3653 6560
1435 1968
9991 7268
4367 6083
9509 5277
9928 767
723 5045
369 9864
1356 8379
1699 968
7439 6899
9716 7562
2963 4769
7914 2490
8227 9373
8260 9150
1172 5465
1188 3784
4159 2004
4482 4004
4625 6667
6678 9204
9896 8947
5847 3412
1838 3511
815 8766
5654 3627
5479 4789
7784 4481
6226 4485
9506 6704
8352 4755
4476 7348
3221 4628
4048 1647
2776 1785
8568 6012
4998 2387
3765 4804
5975 8875
8120 1755
3463 2463
6281 7167
8204 1885
4726 1106
6030 6143
2887 9304
6329 5288
6230 3556
3917 2958
6040 4799
7089 559
5453 5568
2622 3836
4595 1189
618 9932
3681 7998
209 4929
3172 8951
7594 4331
3570 3194
4520 5388
2035 1176
7546 1241
6229 6873
3682 7460
9084 3869
5211 9283
8397 8011
947 285
1447 4174
4815 5328
6795 7548
7709 4341
6571 552
7754 8074
4075 4926
3307 8063
5181 9361
3632 2035
7258 6117
3535 57
8455 7388
4113 8355
7957 888
1456 7044
4523 1695
3628 8575
7564 6840
1378 7586
5255 6365
7626 178
1093 8524
2532 1934
5235 6041
8999 1855
7363 1281
1289 2858
6027 3001
4463 4846
9925 9277
6518 7121
8916 57
623 3425
1974 3208
8924 5632
5621 3462
1660 9435
9236 267
3117 5772
6119 617
1320 3319
6178 8398
779 1817
8241 3247
5946 8614
203 3639
1990 3940
7040 9255
6558 7671
2850 235
9258 175
7954 6072
7621 8662
7070 4123
4903 2128
4901 2701
2927 6391
9290 1898
6989 4369
6030 651
5308 4930
6740 7039
2585 7649
6878 333
7862 7183
3668 2978
2698 9595
9287 3080
7480 3202
1719 5595
1742 7472
8789 8267
2367 3744
5930 4488
3894 6285
1609 8680
772 3778
8248 6070
3344 2265
9420 2900
1836 1469
7088 9380
6943 8572
1423 1683
5054 4514
8612 1028
8376 8388
4654 6401
4897 9729
5864 3437
9937 6334
4816 4922
8416 7073
7373 137
4481 4874
2234 2498
4183 1442
8122 7195
1273 714
4709 3589
6985 9417
1386 4274
8496 6791
5952 8591
7510 343
9555 2593
3484 6513
3612 2548
8159 1436
8066 6439
7049 3959
5853 6263
6164 6704
8188 6391
347 6374
5321 2574
5418 8347
3271 216
5441 3859
7779 4411
4688 1632
4847 6958
8956 9729
8193 2372
3100 5479
6780 8014
2127 5395
983 4123
9087 6166
6632 7963
7876 2459
7582 8601
7360 2023
915 198
7949 561
7714 6200
6921 8139
6327 3135
7622 8691
8675 7400
1798 9624
9118 1980
8832 7745
3982 9919
6209 1344
359 9631
2002 8601
8323 9298
9043 8057
8884 5005
1119 8949
2088 8849
4293 469
4689 5701
9566 442
8150 7661
1902 6741
5795 3099
6847 904
7721 7354
3530 4716
4900 507
3238 9950
2943 2540
7207 8471
229 6197
3103 8679
4715 8427
1543 2819
9292 2429
8891 8102
8108 3014
5378 3662
9022 4491
5611 302
1518 2858
3374 7763
816 9556
6754 4639
2221 4299
2680 4889
2013 6268
3634 7473
1685 449
5572 3455
8816 4071
9169 5076
7369 1053
4633 4454
9727 8648
1518 7848
3960 7629
4440 4028
2903 7816
8122 983
954 7273
7308 5057
6738 2646
25 2988
5013 331
6312 6562
7800 2869
5359 6384
6470 3485
2984 671
4634 1958
8361 2141
8711 1990
8817 7142
980 3473
5584 6946
9065 1272
4141 6228
3758 7153
1949 1192
1960 8400
1020 3300
1615 6892
7292 3796
4389 1518
226 5996
7956 2257
3202 980
2722 834
1664 6298
2960 9005
3827 5170
1664 4981
6230 6037
8341 1005
3657 2091
8288 7907
3558 6584
3726 5726
3707 998
1957 9943
9607 1168
3230 2365
6297 6552
3644 3229
3520 2562
1076 2523
8122 8450
9034 8944
2540 9769
2578 3698
4127 6000
5459 1066
546 9602
7882 9734
3782 768
3444 9684
790 9774
1997 6675
2400 9529
5151 9957
2086 147
4485 8604
9879 1925
6313 911
5767 7163
890 2875
8363 1268
763 9264
6545 1322
4635 6827
4279 2253
9437 1178
9780 4298
8913 4680
617 6706
1942 5312
478 5446
5208 8022
9407 9308
5545 8512
7662 6882
5568 6979
3166 6691
284 6303
1090 1732
6759 5484
2832 5300
8814 6456
4096 8632
6698 5947
3754 775
5797 6699
1447 1252
9158 731
6009 9945
8591 9261
8793 9151
3583 4496
3126 1707
3621 2961
5699 5636
6940 2578
9546 2138
6070 9763
1731 4722
1014 1503
8112 3288
374 7613
5119 8598
399 4827
9594 4676
1765 3707
6193 8279
8355 9734
7652 1028
545 8744
4028 832
6535 958
6466 7675
7190 7206
749 8729
7255 6187
1751 4787
1954 2535
1428 8960
5636 2986
3147 5038
7199 5151
7884 1826
3040 9155
7327 1533
9177 5015
6459 8207
3706 4845
7257 2811
3312 5730
7784 6934
1872 7379
821 3611
9838 312
8758 242
2832 6565
1223 4701
5859 8387
7830 9114
7592 6697
6422 212
9313 8392
3477 1520
6099 9221
4176 8626
899 7207
3498 1060
12 4522
8573 8929
5884 7477
6429 8496
431 2613
2820 6863
7191 7118
7536 5422
2582 5246
5466 7384
7330 7573
8994 7203
7619 7551
8648 5440
7901 5371
491 6660
155 4990
3746 4950
2855 8750
1289 2263
5306 6841
1336 6441
8288 3062
2959 2471
4929 457
7524 2926
7928 3082
3207 3620
5415 6348
4093 9327
6584 2382
3973 5850
8530 2094
7132 9306
8198 3429
9598 8255
139 7208
4929 1387
6694 5020
1542 1520
954 3114
9526 807
1584 2665
2458 7155
9523 1053
5692 3325
4544 1450
4711 5069
4723 6156
2866 1502
2945 7557
4071 375
107 9533
5331 9222
5018 2706
5022 9913
4704 3263
255 9831
6644 3268
5799 8406
8309 1808
1961 4626
1963 9789
9514 9930
2547 8413
8996 7932
7264 4895
6011 1288
152 5270
1851 9120
5953 5179
9975 8267
9608 6404
2328 2970
7854 7352
2355 1227
5710 226
4468 724
5836 1491
6893 7353
4828 4094
2321 4067
3569 9746
1057 8028
9763 4705
6687 9389
3228 1135
4465 5178
8508 4059
3307 1495
9350 5231
680 322
386 8953
4052 4218
809 7229
1244 6615
9965 2516
9945 2509
7469 5468
1373 1151
9641 2073
8113 8467
5130 5192
5291 2832
5043 1133
9258 9757
9179 2346
4844 4087
5496 9456
5882 6755
2943 7865
1638 5402
341 3333
7041 9328
4920 2079
3110 8684
6007 2074
6457 5395
3110 3863
2997 8175
3750 4074
2005 6798
7065 3242
4959 2178
3161 1058
3048 8842
8603 4688
4625 6508
8353 9409
4131 8128
6117 46
2703 5773
4971 4650
2113 8454
4232 7976
2058 1295
5444 3639
7766 4
7251 1903
1472 7585
4214 6495
6978 3612
7234 1938
7859 971
9070 8941
5913 4981
6738 5517
368 864
22 9009
4929 921
1964 2134
6365 9903
8038 1545
9879 2804
9626 7552
4327 5578
2052 7157
2897 2637
8069 5552
6184 2413
2000 2227
272 641
1733 6248
9134 5653
3351 3412
9453 839
4251 4764
392 3029
5176 8694
2328 3985
7553 7659
9426 3506
9047 8247
5223 257
1134 599
5668 6665
6608 7326
3692 3796
5103 9433
7537 8842
1333 1620
5199 3361
3325 2775
6795 6698
3120 8413
1079 5547
9901 3943
6436 4883
1992 6624
6542 5903
8450 2249
8646 4349
2250 8163
6842 4985
7251 9405
4398 4116
2118 5988
4373 6644
4777 7577
6338 2058
3748 9055
8193 9841
8384 9304
1173 5667
3709 2259
2785 8093
6883 8218
9964 7677
2391 3750
4820 5716
1735 1524
8190 8899
8434 7885
2216 2001
7687 3846
1780 702
4141 5476
7310 6289
699 1624
992 1119
4684 4756
8940 6388
7498 134
6339 376
8647 3602
4646 4432
5552 679
441 9166
4059 6125
2323 9248
1786 827
2419 1671
1212 2629
4518 8979
6719 1463
8881 700
5187 9415
430 3286
2854 4103
5605 3320
9085 1658
108 4917
6678 6935
7649 7513
4408 8660
2852 2469
3273 578
1077 6298
5323 1644
1332 3684
7337 3573
9234 6041
276 1314
2214 3411
9915 4709
1158 5289
5902 9857
6195 4146
9917 1180
4898 1072
9524 1153
8329 5911
6784 3426
9880 8301
9183 7235
670 1578
3475 1414
5805 8011
4280 9962
4530 1752
6270 4975
1584 3831
8314 8197
8892 1463
1427 8590
871 3062
8658 6062
6158 6923
2189 257
9325 6670
7762 848
6204 5745
4732 9871
3657 3523
8800 849
182 7635
6670 7020
6447 3822
32 3059
5992 8169
3316 2992
4075 5868
2181 8918
8795 9901
8633 7975
6566 6184
737 2054
6262 878
2285 7912
4221 621
2099 5605
3938 616
2998 5651
4611 2929
7173 8087
8280 3030
4764 5868
1113 3690
1856 8847
3402 5883
7576 9113
9724 7611
6862 1556
1397 384
1549 2980
6832 8314
746 1297
7668 4802
303 2531
175 2913
3805 5648
7126 707
7470 9038
8268 2498
3684 3231
4736 6574
4068 9651
6292 5924
8206 3592
1702 165
4201 6994
3831 7735
6839 8892
3277 6370
7305 5869
8557 2745
6671 9068
8569 9190
2001 2064
4467 8219
1627 4406
5423 164
9234 9703
9859 8467
1596 4592
5560 7811
6740 9673
1809 5539
3694 6308
9695 1829
7336 5730
4019 2915
1401 9044
2932 4958
1712 2515
1748 1678
331 5119
3718 58
3036 8920
8590 5255
8168 118
4002 8972
4443 9456
8456 1201
3363 533
4560 1818
1163 8260
4161 243
237 4798
2394 9319
802 4293
1048 5038
3437 3780
4508 471
6277 5051
8649 9414
7718 2501
329 4950
9577 6511
3666 6690
7954 6577
7795 9243
2479 3369
5500 1117
5611 8912
7253 8922
181 7912
7516 1460
4690 9276
4021 6584
6683 9689
7373 7445
4812 8053
7621 8051
1856 3678
9253 5768
3767 6052
8173 7717
8414 7583
2435 4255
5933 1569
6511 8933
9272 9837
9757 683
6042 2781
1009 4825
9178 7019
482 6182
9540 1657
906 9879
9639 4935
8148 8741
9236 4853
7880 8830
7159 4310
6541 7479
9809 5252
1630 7256
8613 3340
7592 5197
5189 2420
4903 6801
146 9184
7285 1373
3131 4603
3242 6781
3963 5525
5557 3944
8868 4264
8457 7818
1869 7615
6205 4762
6343 7506
9680 9004
7387 6104
8726 184
2068 3658
5731 1460
80 2120
7027 8707
1628 8752
45 2462
3824 7280
7210 4061
4648 9127
2500 2847
9055 1275
5511 7529
6557 7286
9804 7621
6017 3325
7485 9730
7922 1460
9774 7381
1390 4660
5793 4216
4470 8978
602 3995
6485 4924
6037 4376
5425 3014
9362 6966
2352 214
4359 1403
4388 9983
4224 7497
3698 2472
6306 9420
7265 4704
5738 9702
8541 4585
8667 7895
6518 2974
4559 9539
1351 9283
7465 320
1432 3272
7591 7848
5126 7884
5766 4018
926 5092
6363 5255
3059 4816
2641 4785
9828 9939
7961 4125
4746 8606
9554 258
6564 7630
2188 2890
5017 7550
653 5948
6839 9806
6994 4084
491 645
8856 3763
9944 8823
139 303
8517 8833
16 9512
7393 4800
2756 3601
2520 4219
7802 1107
5727 717
5080 7812
5741 9859
5858 6724
5234 7170
1260 631
610 1731
8991 6924
9009 2827
5312 165
1739 6601
1755 779
4564 417
5894 9925
7426 6106
6048 575
9355 4890
1736 5434
7058 4362
1039 1076
3197 493
8123 7083
2172 8297
4626 8450
5873 19
4404 1298
7392 9537
4167 8952
9828 4859
5345 8825
5989 3163
4129 1557
8412 7097
979 723
511 4983
1830 5239
6902 3142
1160 4862
7150 494
8322 5939
9930 4733
1376 7560
6119 1102
3613 1440
6948 1266
8727 7834
335 2271
9042 1489
2849 7988
3090 8443
6159 562
7693 9829
495 9652
2413 8452
2832 1568
155 2356
3812 982
3051 2596
7970 2602
5096 8863
6796 827
5776 1796
6226 6370
1637 3932
6619 2233
543 9162
1634 609
8508 2503
3114 5848
1209 1211
8796 4154
9881 4426
7814 1714
2257 8737
9036 5782
4282 9897
3122 4538
5626 878
7200 1238
9747 7961
3630 9641
105 6265
1982 4866
3616 5480
9324 3163
4671 5815
8742 2715
1478 7021
2735 9129
2212 4543
6259 8333
9038 8002
7546 6668
410 1574
1079 1212
4199 7842
8245 5114
5105 625
2408 2423
1636 6399
2025 4007
1991 7053
7528 5257
398 9415
9301 4176
1188 1435
8201 7948
9677 5861
9586 3361
3665 8437
2472 7977
6148 8855
6006 8536
6241 1190
127 3687
8906 7827
5506 3487
709 2957
8236 1199
5353 7091
3386 362
4298 8882
9257 2291
3111 9271
471 5935
6318 1531
3913 7822
4787 2203
709 6167
2202 7893
3536 7048
8819 4336
9199 3727
6647 2871
4088 4084
6599 7139
293 2386
7755 3483
561 2664
9430 9384
4653 5121
2367 6008
6817 331
5063 5488
529 8954
1709 522
8166 8498
7416 4833
3441 3511
8528 6095
4386 9629
5442 1433
2016 9904
1141 1105
1088 3876
2630 8762
3822 2661
905 8099
7410 5341
961 2785
7186 9174
3915 5789
1978 9938
373 1507
3109 3821
9270 3066
3691 3009
5154 4048
2317 8059
9541 2519
5811 9757
333 2259
2849 4902
3694 8633
3906 1939
8173 7411
3668 6771
5142 6630
1052 4316
2622 8384
4335 8537
5688 3044
6603 4357
2129 9556
3856 4479
6779 8335
7330 8361
9288 798
4065 680
6165 3414
6710 9827
826 4115
9174 8803
4310 4235
673 6994
1539 3733
2361 5295
3169 6825
6445 1694
5159 7543
2903 7796
1100 3991
3487 7185
9462 8207
2006 5982
8055 7307
2751 4403
2806 206
5559 6201
4945 2824
5998 1586
3870 9243
1628 8585
3784 3011
1434 9333
4596 7442
2099 5919
7537 2140
6823 2303
3870 3273
7569 610
737 4294
7828 5419
5765 4829
109 461
1227 2901
8855 5259
8429 3588
3269 6541
5016 1679
8489 4676
3711 5856
7099 9708
8750 6381
8176 8224
5210 3955
4403 5378
365 2284
2437 932
5605 1864
5117 9815
3081 5597
9517 52
697 411
8582 1874
9595 8956
2168 9302
7309 1618
2846 2888
9628 9808
7858 8643
1927 4960
9445 651
9909 1449
9763 421
7110 4615
8155 3702
9558 3774
8361 5061
4039 4852
4235 9803
7998 8122
1470 6351
7818 1721
90 4610
9621 5239
8989 3743
1911 4189
7081 28
5593 8459
1908 9837
4702 4923
1945 5267
9012 5211
7488 8147
9969 9081
3259 4936
5876 3442
9084 7035
4278 9387
5812 8782
412 3946
8591 427
8943 9438
1140 2706
9123 3404
8845 1649
5498 5379
1931 1892
1294 8620
9514 6681
1907 2408
4842 6381
7137 4746
259 9065
6212 4157
8821 6937
2361 5398
7605 9300
2341 8387
960 2655
8802 7967
6471 867
3181 4882
4976 9144
5785 3364
3255 154
5847 2678
9610 9068
5875 6212
4814 9717
1345 2230
3398 3106
9431 6707
951 5705
6848 7706
8535 5920
4616 8474
18 6126
7631 7490
9681 4412
6074 8039
2103 9574
4392 1707
6889 3452
7146 2748
8004 1356
1707 4266
3960 6199
6119 5699
3517 8227
1261 1726
7847 5134
1488 2556
8695 6504
3332 7897
7664 1540
4820 2820
2530 1612
7699 8234
5903 2145
3982 8051
3540 1990
3324 9928
930 8483
2701 5287
2288 9661
1468 4946
1367 5411
4189 7411
5804 9932
5694 9889
1310 7886
7097 8264
8648 212
6545 1657
5808 4202
9391 974
5516 3583
4274 2902
4822 7072
5695 7961
3929 5218
2935 3904
9830 7263
7924 5070
9032 362
7334 6643
4219 6209
4926 6320
787 5052
4222 4268
2583 8887
6171 5865
481 2828
2247 1987
226 4335
7358 3057
5332 4817
6145 7572
6872 5913
7875 9611
4199 5769
5061 3059
3034 1637
5500 472
6363 1810
8532 304
4234 8557
8618 5284
3252 1634
1605 9299
3539 2501
8060 1850
6149 8212
671 737
634 3649
9930 4112
186 9458
5158 3016
6473 8997
1925 3152
7401 2869
4762 2907
6890 9355
4802 4426
3235 4443
1003 2051
7471 4179
634 4712
3411 7710
1143 113
7500 5304
5552 4207
3458 7908
1110 7898
3699 7617
2825 3168
5900 7741
9081 3965
2297 422
3420 8518
8036 4725
9011 1403
1985 7471
1946 1611
4860 627
1475 3278
1804 3446
7689 2487
8732 2435
8416 361
7837 7445
7904 6098
8971 1478
2824 6386
2633 7936
911 4103
7084 9496
9228 7986
8302 1745
2531 3232
4671 6148
3116 8899
1890 1617
7930 9218
2222 9952
5838 788
5597 9090
5205 9882
1768 1259
5190 191
2742 212
6486 8411
9918 1738
9082 26
8480 4088
3898 6557
1560 750
4424 124
6719 7968
3819 6642
3476 6462
5846 8383
919 7289
5537 146
4245 2273
9599 564
7722 5121
8915 3045
9931 161
9326 8146
9747 7010
675 1226
4289 944
8560 8550
1700 1328
3953 2730
1485 2739
4700 9515
4088 4356
9348 843
1331 7908
9951 2195
2008 5822
5529 5431
6838 2888
6126 1915
1917 9028
9304 591
7719 1860
4186 8000
1046 6505
3191 2453
1355 6426
4936 1287
9270 6798
5618 7655
8641 2955
5372 3036
3300 8727
1409 4759
8407 4597
4688 3106
4152 9224
1557 6552
7582 9251
8652 6066
2731 5898
4457 1381
8714 296
8475 72
1344 7787
7036 6936
7785 1541
824 1391
9130 8553
9532 9300
4926 325
4637 4904
292 8764
1786 7910
4447 3101
4761 166
9718 1607
3472 2052
2224 1267
3603 5233
4527 1958
6419 5057
5365 123
9667 5390
281 1594
7441 5171
5731 1761
8200 8681
7364 1135
3446 2393
8971 1597
3373 6994
8898 6037
15 7185
157 2631
517 3942
5350 9551
5626 9772
6804 8784
6214 5959
9398 8418
8856 6515
2412 9288
5378 4733
4533 1708
6606 7713
5860 1053
7229 6373
6550 9538
3361 8292
837 7103
2639 1718
1753 2244
1967 3753
7345 6429
5394 5680
610 3434
4689 8673
7502 845
4820 2751
8260 311
6545 3739
7232 2889
3654 2835
4383 3214
4407 9673
9471 7249
4863 698
9801 9968
314 8749
8256 2165
4069 296
9907 5720
6116 237
2821 2065
1188 144
3006 674
1436 2810
3995 9205
9155 8814
6427 1909
887 9509
8359 6613
9016 285
3618 4140
9757 2500
3816 8152
1413 621
5506 391
9036 4960
9926 7931
8494 6889
8962 6850
5506 6708
7327 2574
7084 7549
1505 5205
3493 3211
2679 5218
8714 6224
3010 8638
3454 4448
4989 3637
9447 2976
8304 9066
8905 371
3161 2150
2480 1659
7188 630
4061 1302
9469 9651
3191 344
5184 202
3418 5238
471 4410
7375 891
1121 166
6102 7137
8725 566
979 6102
3764 9517
5747 5656
9610 3090
15 1364
5960 9904
498 1681
263 6895
4418 7616
8037 4575
1989 9471
4584 5143
7894 6009
8526 3790
6738 3796
6357 9592
1959 142
6762 6209
782 8943
6963 8039
6478 5788
9887 3477
1792 9738
4707 1505
2957 9810
861 1022
6492 1750
9195 2771
3859 5209
8495 3154
2037 4523
9638 5132
7382 648
9162 3827
4029 8647
3485 8048
4227 4187
9099 5691
4484 1505
1120 873
8232 5052
9416 2300
6274 5697
5844 8988
6210 2568
6229 384
5328 7332
3314 1378
9149 9663
1873 3834
102 9306
2591 4311
560 4735
2778 9756
3049 183
169 4928
424 7069
4063 3035
7147 2283
6611 9918
7494 3490
3748 2179
1937 666
6936 2308
5290 4348
8071 3113
6892 2371
6178 4871
6023 9375
9497 1816
172 3721
9755 6984
772 2921
8298 6362
3780 1661
5076 5760
371 8801
4462 8429
2961 7938
4296 9605
5754 8843
5147 4377
6304 5325
583 8516
6304 3630
2553 3029
8724 9873
2163 6858
8640 9756
4426 3113
9666 953
3641 4636
2503 2439
2128 131
3753 9717
1451 9706
4145 8759
5516 5733
6445 633
8438 4261
6904 8861
6993 9547
6226 4795
1859 3302
6758 7338
4987 2290
9058 6240
5157 6807
6778 2188
7114 423
1283 9614
826 7785
9088 5542
5293 5941
7510 448
9913 5377
7021 213
4423 6380
8818 4437
1379 1147
7232 1130
5267 8382
3692 3989
4474 7842
3216 7998
9486 9421
3968 8738
8443 9394
2575 763
10000 4469
6064 4706
5117 4113
8475 2558
5046 9283
8402 38
3459 8559
9050 8463
320 2013
5771 9338
5770 2855
3359 177
5318 8426
9547 9590
2844 2120
6008 2469
3452 8861
3085 9387
25 1093
9931 5843
1580 2707
5437 7154
8311 5592
8294 416
5039 8135
4216 7039
7888 9119
8428 7945
2432 9120
145 6356
9060 3573
6709 7750
6535 5075
4120 9434
1704 3818
9546 7764
7830 4942
2651 6775
727 5922
6936 4115
1567 1260
2535 8365
143 3669
993 8098
729 1489
1551 3575
8485 2862
3448 225
8202 6112
7912 3131
6139 6916
4369 2152
1109 7842
942 4636
942 9005
852 8100
7008 1352
6495 393
240 680
3113 5869
1100 3321
2598 9917
9098 7380
7180 5962
881 407
4810 9101
8578 5005
8121 8579
9004 2052
3242 614
7522 2046
9141 3314
8130 7284
9445 8758
8376 7832
3360 1966
6018 3144
4708 2683
9979 3852
7785 3085
886 8627
6614 7149
7531 3476
9365 6547
7176 7614
3000 3001
5892 4498
2867 9862
922 1174
1995 4326
2364 7387
6229 3231
9764 9122
5039 503
9588 3885
9516 5901
7279 3201
7547 2320
2396 5825
250 4229
8784 2581
8138 3755
3817 5951
5512 7349
6575 4177
9537 4043
1388 1583
4550 7916
8496 2216
2091 1915
4795 4586
5449 7850
5675 9223
7134 2374
5886 9366
893 5734
8662 4138
6594 2188
5351 9598
5916 6615
7155 574
2940 3720
3025 8560
9009 5611
5647 9361
3132 9072
7302 6348
8811 728
6080 7597
472 2318
3654 9606
148 8359
1547 5270
3079 7170
2477 8145
5570 3293
76 9647
901 1781
8151 2022
1706 5237
9706 6244
9286 7014
3831 9523
221 9534
9197 5457
6659 5271
1880 8825
574 2927
6990 9482
5718 4293
6586 6733
2487 9509
1281 2685
8604 4981
6915 1603
7527 916
9376 8571
3651 3154
2081 2990
7900 9884
2880 8212
8638 7027
9652 2364
4057 8480
4508 2224
2054 585
4675 9719
5544 4065
9095 9757
4043 5003
1485 5234
7998 3945
6724 8691
4260 9415
460 3548
9791 5695
2661 9044
6752 9155
3686 4449
2442 8914
4168 8027
9031 4739
538 4905
9030 9286
3985 6331
3540 120
5635 6859
5580 904
652 4870
8749 394
956 3647
2066 8135
5334 2869
1577 4780
7476 3875
8478 5451
4539 3342
5439 9433
8958 2001
7435 5183
5889 9153
653 4407
7148 5339
5616 4897
3167 1746
309 1797
9672 4411
4932 6518
9619 6191
1235 1600
7081 441
4536 4734
6302 6923
7342 5361
1559 5651
2159 9707
8257 9879
3493 4638
8685 4406
8216 6003
2631 4436
2163 4639
7954 1038
973 3180
3904 6539
8971 6356
2310 7013
1919 7685
2915 2835
185 8549
3774 7777
9398 7017
5098 5296
9926 9478
8932 1362
2089 5381
5575 9180
7420 6695
7432 7003
8555 9178
7550 8359
4606 8489
4000 2621
4558 1372
3042 3634
520 922
1504 9786
7054 4632
5268 4626
4149 2431
4192 7691
8247 8950
4312 1740
599 3750
370 4402
4106 6533
9891 1417
1451 8602
9782 4911
6019 4545
6483 7894
1477 4099
8162 6772
5522 769
5314 7763
4087 2788
7780 6876
3740 5441
3166 4314
3675 5954
5571 6981
1395 8997
5803 5098
2582 4181
7337 3613
8152 9332
2227 8503
2500 5579
9840 1552
7937 7892
330 4928
3421 5474
1058 7204
3990 3623
7636 6373
9514 5127
2852 5144
4572 235
6639 3985
8322 5701
6703 9042
7223 3893
1248 8996
3371 8429
2971 6101
893 5359
2852 2183
4597 2927
9086 8537
4640 2227
2967 4434
6181 2963
1605 5750
8354 3900
4066 3208
5595 5301
1380 5034
7674 2760
251 5360
5905 2276
2649 8586
120 6789
6987 1269
4279 6461
9929 3418
5901 9395
8167 2636
4163 6071
9580 1210
2150 4878
1358 1257
5039 4342
1155 6271
2926 4768
1271 5711
3637 3134
3800 8271
9411 3136
8661 3118
327 8972
7520 224
5330 6849
1251 4085
7996 4379
739 8058
129 6671
6849 9705
7455 8444
1129 439
6790 9041
8844 5501
9261 7974
8854 9099
2380 9508
2945 9898
5501 2042
6362 1749
9788 8427
5800 2094
2757 6250
8866 9170
618 4774
3109 8124
6534 6736
8173 7592
8850 6333
1861 3316
3094 4444
2840 7844
4214 893
6751 8779
7783 557
4064 1436
4501 5615
7959 1785
9188 5583
7241 1429
6864 1319
901 1336
965 3147
2614 3948
14 7603
7376 9071
3637 2670
7921 4511
533 5664
5178 7971
7499 6206
6171 1891
575 2604
7632 8209
7469 7433
937 6601
2161 2107
5124 3049
6315 4663
8519 1998
9 4662
9883 2601
8802 977
7117 3686
6297 5310
3140 9450
3647 6552
3883 5928
113 8698
5506 1756
5805 8930
264 7145
6178 2330
7944 7146
495 7032
6023 1815
3998 3624
3809 4712
7548 2841
8146 2061
7095 1446
4763 3251
4794 9139
14 9835
4178 692
3149 3121
7424 4
8343 6959
3007 3187
1895 310
5351 5587
3673 2593
274 2584
5417 5508
3241 6387
9560 4518
3266 8889
3571 2657
8807 9527
9332 5652
828 1627
9810 3598
3300 6167
1730 8009
1884 2424
7855 8200
3300 9795
9781 1912
4492 6051
9411 4330
3435 3154
3822 6048
5520 7108
9854 9037
5171 2241
5545 8542
1545 5128
7621 9300
5438 4911
4318 2365
3332 3275
79 7325
6473 3287
3598 8057
296 8140
2005 8415
455 5459
7907 103
6584 5669
1494 1686
3177 7515
447 9655
2795 4215
5538 9332
757 6492
2768 355
9214 9171
1693 2392
794 1988
1656 2789
5637 2267
8999 4765
696 9636
663 5821
3704 7966
2225 2646
987 6345
5382 1817
1474 5111
3173 1624
1037 9414
1345 4448
4646 8200
2917 2963
8238 41
7705 3303
8078 9992
5877 5514
415 5024
3343 5687
2698 6572
5960 3369
4760 554
3167 8616
9884 1345
8292 3908
3365 4794
1785 2060
1372 5754
4742 1101
8308 9198
670 5396
6381 7999
6101 9659
9708 6909
5231 691
6555 4485
110 7747
8897 1506
2250 3918
9869 9044
7115 280
1265 7720
4495 8074
7608 4563
8277 5266
1757 2050
1324 7344
7507 2073
6492 6210
8640 4397
2797 7278
1852 9263
6306 8788
6939 2814
3350 6853
6106 9700
2168 1617
8739 8086
196 9392
3180 4971
7089 1882
4817 294
285 8929
7618 891
9867 2004
9289 6320
8756 9046
9879 5598
5 1402
9479 8735
5246 2638
2887 6977
5668 7356
7462 6462
2028 1825
1199 1524
804 6195
172 9821
530 1796
963 5678
5948 6377
5287 9147
61 6041
8241 1165
2663 3009
7251 4171
9327 6119
9375 1890
3050 8117
3119 4713
5649 2591
5281 5402
183 4206
4755 7293
530 1908
1530 1696
6921 8248
510 2579
8044 4652
5589 6917
9713 3219
1295 6595
7776 4768
9718 2073
7484 6184
3148 6798
7136 5801
41 9300
3356 7318
3254 8367
5597 4587
3674 8938
4431 6912
2802 6338
2646 1759
8785 14
833 8616
7217 9317
2771 3571
2205 3934
6297 6534
9587 8374
7202 7788
1182 5158
6685 5323
3844 3856
1725 1658
7673 6365
6144 9707
2972 2300
3664 3795
4570 6840
2012 6459
3592 558
9571 3309
201 953
7416 2704
8507 9485
4081 159
3720 3274
7033 3310
3389 4249
7186 7309
224 5001
5734 1107
3360 7662
4503 911
9429 551
7135 7921
5709 9427
9378 5337
1835 8067
8298 9624
7620 9420
9634 7629
8198 8821
6046 4608
531 2958
4748 203
2694 8033
3196 2570
6673 9888
7545 1903
123 2525
7152 8041
4807 5697
6327 8778
640 6306
9084 8114
1626 7490
7818 1796
2061 2721
2792 9258
8411 7170
6541 5095
737 9682
8728 7151
6720 6478
2189 1379
5225 6726
8915 1533
6568 4979
9801 7672
7956 625
5786 9075
2981 7026
6642 1481
4015 354
1109 8366
2385 7645
1631 7860
6504 6318
7434 6954
1754 3189
7688 5000
7446 6502
7711 8227
9684 2684
1864 883
6659 4153
5593 2967
8003 339
8684 8713
4646 7479
7491 5819
945 4778
795 2253
9109 720
1327 587
9032 1206
2991 2238
9212 5854
7005 8947
564 7801
7622 4907
710 1188
6622 7257
5609 4693
6472 8621
5712 8426
5918 1867
3275 3252
8520 2644
5626 6612
5978 5090
5466 742
7907 1930
4922 8945
2094 2805
8090 310
2943 6679
2429 5868
823 7417
9706 5711
7351 4885
798 370
2086 5898
9640 5605
1722 744
1386 5588
1523 3192
7805 2328
4408 9522
2459 6886
6657 7980
7959 5996
1508 5876
3235 2333
6909 3981
6365 4069
5806 7326
6314 3950
1749 6364
2610 2666
493 547
4577 5609
9014 3400
9888 2179
3367 2275
492 8272
377 7888
9123 6480
1503 3050
1239 6037
5535 8075
2249 9534
9249 8642
6786 9388
3195 2138
9027 1914
2949 9536
5511 7934
2025 4694
9253 2545
8982 1333
9716 1993
249 7187
9077 9373
1347 692
5601 9880
2254 536
3923 8000
2302 7294
539 7483
2418 4260
3758 6192
399 8275
8713 8481
5887 6974
2362 7259
3055 15
3188 908
1105 6513
6263 8180
4715 7490
7165 4146
1802 8151
6470 4907
2766 2742
3510 1586
2380 1080
5308 680
9977 1902
1970 3988
6874 3381
5326 829
4610 3587
6612 5867
767 1217
7499 3895
8483 6109
6693 5626
2113 3496
1394 5650
780 4235
2469 8042
7335 7850
8593 916
2560 5764
3046 9876
5070 7022
6027 7809
6467 4078
2092 2264
9673 8259
9757 6725
257 6022
9419 936
2099 3473
7297 5151
8529 9779
9722 6266
501 4913
5704 6550
3191 8189
6013 8619
580 4658
163 1288
3670 3150
3135 1077
5441 7452
1483 5592
8422 2361
2189 1913
3663 9095
931 1271
9901 5020
6672 1069
1054 7957
7076 4898
4999 7537
8778 8852
1251 7031
1747 6667
4860 3016
9634 4054
3497 2567
6729 1008
1834 9755
8055 3493
2308 1601
5801 1621
8288 9057
3208 8650
6814 2958
6381 9632
6051 2381
4264 5178
7957 3731
7135 3343
9878 654
5500 1458
6274 9522
6194 5616
3666 3376
3603 6120
5421 9795
6024 3662
4512 6100
4557 7027
3970 2396
9570 1943
7680 121
6183 2160
3410 8830
4051 1149
199 9853
6338 8559
4830 1862
7123 8016
5938 211
2004 1397
1285 1259
8984 364
3846 9618
1395 6814
2296 9011
8048 4234
4054 3605
7361 6406
9572 1925
7203 7885
9991 4601
1028 9847
7393 4256
6746 7420
3023 9002
6382 3579
2181 8557
7850 2162
4127 760
8649 5527
7194 6708
6933 6652
1808 7912
7077 7167
7579 800
7688 4519
793 729
6845 1901
6049 137
5644 497
3762 2531
6859 1891
8237 323
2742 7975
2141 6357
3801 7674
7965 5544
1883 1247
2712 731
9527 5060
2904 2957
6387 6740
7194 9998
9495 7423
9237 8079
7673 3876
1043 489
810 3894
3101 7011
2343 7078
3495 9886
1128 7139
5093 8223
5915 1915
5705 434
127 4842
1578 3049
7109 7344
8124 5501
2915 5518
5672 4271
6340 6672
799 9336
7818 1099
5524 8661
9507 8966
7276 7807
3247 1932
5679 1131
9356 5100
4730 4620
2498 7871
4247 8551
1002 9188
9624 6168
6532 1671
3395 116
206 6296
3128 6956
750 5695
3520 7325
2175 5385
287 8545
6501 2791
2522 5115
9436 7294
4900 3449
6370 6520
5724 8673
1965 6905
4012 7182
8281 4769
3520 3278
4348 2630
6833 7268
228 4979
989 5456
307 4711
1970 2681
996 928
4801 4970
918 9062
7482 6379
2481 9500
8895 5996
1603 5161
1531 5550
4476 2068
6140 9679
1073 1015
8955 9278
8505 8891
9499 448
6095 5351
8336 7375
9377 4157
7520 9996
6456 9890
3366 3352
7142 6517
2401 2848
1321 1072
976 3097
175 7532
3800 151
9072 5998
9287 5852
6420 2468
3309 5108
1927 6100
8499 3715
5648 2995
6730 392
7408 9690
461 1709
7776 1740
1357 4549
6877 1077
411 8759
457 7500
3956 6370
7887 1688
6083 2205
1684 3466
2058 6227
7473 7287
1035 8880
7957 6621
5559 2890
7315 5125
7333 6822
1683 762
5149 3394
7294 8624
761 208
8395 4249
8761 5374
6068 8733
5879 9184
9139 7020
695 5275
3276 308
7247 5121
3674 2361
2798 8286
6305 7530
8921 7055
1542 5742
7818 408
8646 8943
2152 9297
4803 4746
9314 8025
797 9059
8884 3988
374 3717
8940 8254
4194 948
2480 5015
3094 1609
1913 8144
8093 3841
4804 8263
1296 9279
5168 2136
6287 5343
2347 2367
5514 2303
8889 4291
2477 1136
3684 8176
2359 5173
7995 9086
8403 7752
12 6369
8145 4426
3045 3480
563 7329
9254 8522
6607 1538
9794 7626
2575 1680
4132 3874
8598 4127
1525 6347
7335 618
6830 8497
9185 1987
1266 4669
7450 5776
748 9123
9912 1436
825 1565
8326 3147
8766 5468
644 6547
5365 1659
6325 1669
3034 1264
9195 9527
8540 8866
3090 9876
2232 634
5556 6660
4678 5226
6533 8229
3973 6683
3564 7416
7416 5072
5464 2265
5282 4347
2754 9235
8751 3845
1185 7166
9967 2393
8389 6244
8634 153
5206 8267
5211 590
5747 5989
7779 8020
3450 8226
3693 8531
2521 422
749 63
6118 5976
5616 3945
1483 5773
6824 2939
2815 271
9428 9841
672 8545
293 9175
4442 236
7624 6963
220 1199
2138 4621
7425 5364
713 87
4610 2454
969 7888
917 6588
6391 4753
2536 7106
37 7574
3870 7095
5724 8802
7437 3570
5346 6498
2233 2212
7536 370
4685 6726
686 3206
4149 9304
5409 5469
7097 3603
1766 2195
9683 2559
8621 9947
6251 798
1714 9831
6271 1606
9291 3323
8800 9326
3719 4494
4111 9644
6153 4047
6132 562
1138 2172
6212 2120
4192 5784
1922 5601
8441 967
1928 5863
7649 6772
8889 8782
7272 2754
2113 1415
2575 601
3823 7352
4159 8312
1819 9281
2519 9688
4922 4909
2564 4794
7090 2531
8586 9075
352 3671
1253 1913
8665 5348
6736 2970
9142 1130
6883 5968
1772 5550
694 1542
3027 1860
3738 5079
1168 191
1652 1389
7820 693
8251 4282
4764 9698
9637 2945
389 2895
4043 9139
6647 691
5524 7588
9554 3097
1749 1032
1259 6126
5097 9125
9204 6411
9643 6798
1321 4937
2204 8244
485 895
7143 5823
485 6736
4585 9644
4061 622
3341 9691
4057 3908
1963 7225
2322 7799
5964 5519
6086 6379
2192 4044
1693 4982
731 229
5179 7627
5317 2463
6975 2216
6155 539
151 7171
5843 6395
7560 4808
3518 2311
1423 5624
39 6895
9413 7873
6030 6825
3396 3916
5805 4570
1484 5436
5499 5405
6913 1093
9989 4820
5459 4941
8180 1617
8123 7010
4417 9562
6864 1029
5280 836
4026 8207
4732 55
9690 8229
8668 3555
1759 2634
6450 1232
3082 3260
7437 8117
4703 7738
9356 953
7716 4008
2410 2786
881 5598
8189 8454
3326 7273
3300 3685
3693 966
6517 5334
8818 659
1749 7372
720 4307
7389 1906
3374 7361
4237 1059
5719 2018
2331 6960
2043 5783
6231 2971
6914 4449
1015 64
8523 6462
7210 7251
295 1739
2166 4762
7568 9328
4083 8996
5852 4126
343 3950
9685 5027
125 1113
6686 8037
3578 5426
2085 987
7860 7774
4949 3896
7521 4267
5847 8030
3102 1066
7674 9386
781 5745
259 9439
5738 1254
1078 191
8449 9518
2701 3151
6398 1114
7073 2103
6292 5408
5474 3302
1016 7084
6386 1118
6665 9839
4464 6071
9213 9752
5824 4069
7925 2615
2196 912
7545 1029
8438 8714
4324 1316
6479 4107
3317 9395
7021 3564
5217 9389
2568 4356
3122 508
3470 9307
1276 970
2457 9146
8952 950
2022 2367
2751 7736
7398 5787
725 987
2020 2335
5863 6081
4302 8322
3509 2625
1710 5798
2546 7859
3041 6077
5686 2228
5437 4673
2089 9133
4421 1636
2115 3014
5277 5970
1329 5296
1534 8977
7085 3909
3774 5722
5350 1431
7844 3696
4886 8556
8293 9874
892 1050
2135 9786
4724 2446
3217 5883
8758 8684
7457 7488
9330 8926
4392 4015
1636 7512
2424 6835
2432 8345
1019 9495
8366 1500
4220 3305
2445 882
9446 634
9975 8141
271 8809
6416 8452
626 5324
1187 368
6538 7870
3740 9894
7543 3415
3653 1027
3169 7197
2522 186
1973 2533
8421 5395
8440 9589
6737 5119
8572 8595
8140 9602
2083 4550
9037 8579
9742 9146
323 4749
7427 4784
6050 772
1288 4168
6609 7092
3122 8754
6675 845
25 6787
9721 6905
461 5082
3960 8350
3948 739
2108 9676
4288 7138
1147 1668
5307 9663
2565 3879
1239 8954
3638 8725
872 7710
959 7582
2349 8754
9221 892
4110 3173
6610 4003
4374 6615
5389 2018
333 6061
2217 2155
9483 8118
1158 6598
9319 2386
3312 3669
4192 6658
2141 7937
7795 6481
8576 1997
8866 9246
3334 8326
1531 3900
4528 4496
6959 4815
1981 9203
246 110
4119 5584
8945 7791
2122 4548
2992 2594
4770 1555
9291 4346
7077 3940
9231 1017
3333 1799
3090 8330
7164 4124
377 5924
3534 9285
316 9730
4806 2813
2265 1519
7895 909
1711 7744
8210 9947
1336 9704
6022 579
3881 1567
7729 6024
2245 3327
6191 2891
8591 2139
96 1411
7095 2886
3325 2818
619 5018
6275 3254
7157 7061
5559 1681
4031 4627
3536 783
7199 9087
7693 5832
8457 5086
494 981
5439 629
4271 941
4081 451
2411 9007
3101 6456
8681 6483
3853 1518
5827 8136
6006 7542
6280 2155
1707 1823
7410 2674
7055 7566
9269 7165
2412 8870
6658 7972
5674 8665
4273 5221
5252 6171
9975 4376
2058 2613
8141 2996
5405 6864
3071 5876
6950 8846
8307 5646
9167 3363
9955 2262
8377 8496
3944 4106
1933 7774
9686 5801
662 9317
721 654
7757 2708
1055 6396
6029 9140
3396 9057
188 2253
9400 9534
8822 6273
9187 1810
6652 5094
1766 6631
2405 8393
7917 6670
1715 1021
999 4761
5762 3494
137 4471
7720 6542
3311 3118
7730 3824
7782 4927
5131 1040
2394 9486
1896 9766
4478 8147
5922 598
4998 3590
1198 330
9319 9145
2785 4070
5141 6131
3862 389
6269 2427
8092 5285
4009 8690
9961 6072
1801 3347
6916 1776
958 5208
4335 3774
4815 6423
4932 6131
1940 437
3686 3742
8184 7358
7430 1299
1732 677
4150 9634
1251 6072
1727 8206
5345 5905
907 3054
10 2841
7134 599
5101 8971
7523 7229
1178 8758
1536 6177
5549 2473
4106 5711
2325 4813
275 6817
5310 2362
1331 456
8188 7836
3381 7328
4364 9726
400 6551
2899 7343
6185 8990
6677 4815
1707 5540
9798 4418
1585 654
1937 3519
9347 3342
4234 2741
2563 7248
6312 902
7879 7145
945 9049
7067 3249
9584 1496
2176 6289
2508 5735
8083 4910
1304 3156
6913 8328
7441 8183
1662 5623
7880 9534
506 3536
5161 9597
2646 3372
9653 8866
350 3248
5224 5809
6005 2058
2752 8685
8838 2574
901 2392
829 9973
9308 7187
3020 22
3550 2649
6646 5183
8845 2822
4984 7403
3078 1949
480 8190
6034 1628
1478 3530
318 7391
9351 7243
1546 3849
3865 4264
1317 7977
5872 5334
6881 9920
6955 4420
9218 6628
2489 9389
7447 6143
3021 8639
1198 6635
949 1492
8883 5201
6051 5374
6415 9826
2100 4625
7650 2901
316 5532
753 9917
7229 6630
5736 2133
7370 8175
8831 8214
4979 3628
9386 8206
7000 1097
552 5094
2752 321
6660 2035
3147 795
94 7937
5513 6721
5921 5069
9435 729
9643 4071
3988 4015
2766 635
9815 6279
2046 2947
7195 155
1518 5775
6503 5757
2103 6367
8857 7625
7952 6468
2987 6741
9726 3410
1893 9710
6882 5677
1401 9423
2548 9570
6546 7546
3581 3407
9698 6043
2655 50
9645 2651
3550 7989
984 9207
7006 6882
8833 4045
1791 439
4274 8014
5538 754
3196 405
7838 1191
3349 6128
2071 5797
8843 4999
1638 4006
212 6931
7533 9483
571 5144
3783 2410
4196 3030
3258 7136
7709 2852
5517 471
2018 7783
993 6512
4319 1640
6091 9358
485 3334
5697 4742
4569 519
9711 8841
2455 4559
5399 1227
1350 8767
7367 1589
5742 228
2314 877
5073 992
2634 8701
3329 7476
5896 4101
3605 1123
3177 2226
8048 1966
9286 6614
399 7081
5373 2557
6736 6766
3433 1029
4111 723
7438 7374
3763 1604
8252 5353
5421 1583
3148 6874
8418 1656
8182 4936
7532 873
985 5674
8312 6719
3322 3905
9647 3316
6501 8854
4252 297
502 5087
4352 4142
8097 865
362 1227
5093 1310
1506 9581
8589 2764
6109 5032
2609 4385
2425 3447
6923 73
1771 9303
1850 5345
3037 2308
2389 9526
7222 2935
7553 2403
690 1881
5158 8243
848 3758
7241 4660
217 2743
3182 1310
8073 9546
4241 4837
1296 5003
8912 6402
3380 425
4702 5857
1076 1557
8155 1750
9281 3991
1483 1921
6898 3688
6971 4174
2360 6223
6784 8501
6934 3856
8720 7048
9361 5435
3179 5761
6059 3388
949 3409
5913 4488
101 8779
4264 9664
9661 5165
5242 6944
1392 9733
6513 3828
8487 619
481 6207
6503 5962
2154 3134
9361 7800
3014 7802
9281 3036
15 9132
4375 6858
8291 9866
4669 8633
5069 1513
2281 1199
965 679
6662 4502
8520 2489
1911 6754
2548 9249
1669 2900
2394 2939
5985 2513
7824 3724
4717 876
1766 9074
9483 2817
36 8335
8394 8155
6511 8310
3748 7366
5264 4351
330 8352
4662 3220
1151 9101
5231 5583
7922 7528
4727 1981
4216 9755
5870 8662
4074 7216
1708 4037
3685 2316
3078 3681
7055 4757
9977 4995
3508 3776
8009 7365
6877 1860
7081 359
7587 76
4811 55
4435 4059
4753 5263
7366 8370
7186 2580
3208 32
9114 7623
4949 4925
2621 1690
7185 6523
9042 8629
5440 132
6396 3439
6152 5688
941 4502
2549 2959
3154 7521
2337 3353
8568 8880
5879 3184
6998 7121
2474 3945
617 5976
2523 8403
3850 5806
4208 2145
5050 4039
9389 4894
5638 1550
4939 2876
7518 1450
1324 7968
4513 9319
6248 3018
8206 3887
4516 5981
1057 3343
2549 4894
8024 9102
4854 5744
7713 3039
380 7257
5123 7426
9948 2598
3683 3626
3679 3512
1067 7462
6149 6815
1413 2699
6456 2485
3985 9887
8950 5975
5601 6393
3838 8770
4755 3150
2506 3358
1113 2748
5223 8192
6456 6841
8588 4396
3282 1630
9076 584
7616 8825
873 7797
4522 5657
2086 5176
4615 9419
2184 7231
3799 9699
2721 6398
6992 7473
736 1898
5064 9611
55 5102
3450 5694
7663 4316
3366 6844
9983 8587
7448 9639
9795 1664
6230 8241
1754 3530
3240 5309
4962 270
2563 9222
4506 9933
3778 9047
6277 1539
3007 4366
4083 4480
1204 9394
6473 9773
8976 433
3339 4747
2135 2369
7783 4555
4970 3470
1546 1443
8750 3477
2192 7983
2478 959
6963 5530
6304 5705
9121 7677
9277 1164
9896 3501
2705 2559
1905 2631
3885 487
4426 749
3807 9349
7821 9335
390 4853
201 434
5107 4199
5603 5203
9220 9547
5693 3498
5639 9440
7260 2426
2880 3150
2148 4333
7488 6279
4619 8362
2909 6063
7180 396
2343 6546
2785 4981
6490 9326
7082 8484
2991 8749
9944 3459
2794 3993
3380 5307
6480 5108
5067 4392
8346 6633
6074 2443
5788 9145
9312 2365
6292 3279
9058 7038
8701 6393
5974 4107
1083 1831
28 1572
8744 2811
8942 4318
6207 4416
6374 8085
569 8911
3246 7081
3107 3766
8445 3455
5996 2870
2751 2343
7459 9394
2547 8948
5907 8530
8857 734
8942 8441
250 9614
3990 6711
3610 1428
609 5567
1405 5479
7453 638
5036 5667
9351 1256
3957 7009
5732 7315
7545 7541
6939 6382
5889 995
7404 9591
4886 318
2153 4317
8375 2819
424 3608
276 7599
4192 4949
9282 7608
8107 2079
5741 4898
9142 1609
7955 198
1792 9409
5758 6979
7768 2865
1754 1114
381 4523
6552 1424
1587 4270
2730 5685
4828 3975
1516 2
9591 9486
479 2826
8626 6878
7933 7703
2250 2375
3720 3876
7260 9857
2500 5731
7726 27
3621 6960
7455 7360
7681 5974
1597 131
5071 1509
9755 4633
6208 8416
5444 5422
844 4225
1174 7853
3808 4076
369 2764
6172 8572
9367 4579
967 478
6667 3986
6928 7028
2895 3200
3770 1940
6359 1320
6855 1758
7065 667
8882 1206
6235 2043
6426 5416
555 5811
6940 9936
7161 7210
9693 9851
3985 9105
9849 1500
6541 1425
5937 4896
2272 9713
2457 4877
390 6878
1379 7929
4556 6598
27 4600
9451 4486
444 7972
2330 7239
8237 2494
6955 1593
8673 7690
5091 7525
8586 6080
5674 3743
2030 6804
3367 2848
1372 2149
1302 1258
4569 5447
5572 8363
2375 5236
4504 373
3785 7109
1272 5138
9598 2284
971 1885
8167 3957
3474 5942
9415 6507
2660 1844
9226 9153
3073 149
1419 7509
6267 6614
5874 234
8831 7870
474 221
9653 1512
2087 6367
9114 5256
1436 3465
8213 4428
9067 145
4088 8319
9789 5069
4725 4903
2834 8935
6521 793
7294 2578
1030 8750
6979 8821
5747 417
1726 580
1514 4101
1688 3265
3587 3266
5780 2107
9520 4762
6671 8411
1812 3399
670 6548
5536 2830
8675 4322
9721 6488
6460 7639
9565 5367
8421 9804
260 4058
8394 6700
1622 9769
6948 9463
7602 2016
3913 6198
44 8104
6385 9989
7696 201
3210 5964
4302 2576
8467 3734
1006 5204
6066 9168
1207 1461
781 4068
3650 5326
4042 6853
4732 4601
8520 2866
2078 2271
4834 3906
2155 221
132 2675
5275 1005
8075 8585
953 371
1675 5222
42 4326
3259 4249
4360 5892
8989 6073
9172 7358
4339 3563
1772 9388
1605 986
3249 8380
6694 315
3859 3989
6049 7328
9897 3970
9457 7711
7203 1458
5670 1864
5644 9392
644 4537
9785 3752
4499 6081
2297 7355
9610 380
9397 2471
3486 1986
6216 4783
2346 5933
1064 7910
898 2995
4531 5348
709 1081
7647 7246
5822 7113
4735 4666
2088 1941
2841 1446
4495 6707
3289 7499
2022 844
7754 3917
8013 2288
3029 6175
1788 6914
3580 9623
2262 3616
6595 7501
8822 1664
7225 1374
1573 9084
5097 9627
5494 4335
3179 1640
7628 761
9199 8492
6301 42
5829 6805
4776 715
6283 5754
6348 4315
9906 8338
2250 283
1091 1176
1025 5850
4671 3843
9498 2454
1091 4647
8756 3328
993 1438
4959 4105
3590 6720
9789 1808
2059 1743
1615 1727
2274 9086
4054 859
6415 5211
7039 4513
5925 3455
8873 9004
8203 5591
9163 6190
9541 9718
7220 7054
5061 3366
1754 9728
1885 2268
2459 3057
1342 7193
2957 7863
9296 6311
8724 2036
8165 7805
2945 4642
181 233
5235 6907
6952 221
1617 4814
9703 2781
2975 4963
11 3236
1167 8096
3433 1896
4014 1748
7465 571
3117 9304
734 7030
3329 9884
9075 1361
3377 6580
1788 6534
2614 4743
7130 5503
5011 6939
1709 3099
3805 9134
6455 7868
1000 1956
7683 5255
3844 8351
6531 1838
8420 7543
1649 9045
1612 8628
6360 1408
2198 706
5359 7960
8224 5242
3487 9114
4336 1028
9950 5684
2022 4065
7341 7315
7006 3276
9386 8540
2926 7991
3070 8243
4077 250
8388 4731
1714 5452
3879 9651
853 5757
699 6082
3130 1909
3989 2145
2793 2899
245 8926
389 3605
2175 7113
1543 9629
9796 3641
6806 1283
3772 8583
3693 423
2712 5910
4393 6854
9730 4307
5305 4932
730 2405
6922 1602
8420 8593
6293 2424
7408 4531
1796 5337
4295 1921
7927 2505
7515 6770
2718 196
4800 583
2500 5781
9702 4186
882 5953
6044 5826
546 7433
12 2712
5310 778
5338 3584
9935 9626
6737 576
3711 9988
1754 9767
1499 9159
6479 6581
6702 5053
2603 3028
6973 2070
9457 7293
2561 5120
9378 826
3221 3310
2557 831
3408 318
5690 9110
8443 6045
5428 7461
5813 6370
6587 1403
1090 5594
4433 1225
8451 9709
9774 4107
6346 861
3267 9005
5686 5316
8951 2988
1844 9467
4809 5792
4960 7217
2014 7212
4628 8523
7478 9872
5846 8623
449 4375
5528 87
6465 5679
4575 8346
89 8365
7096 8162
2283 2969
2476 6687
134 5306
6803 4356
9836 6107
3010 8999
5196 7513
1644 5793
6408 5721
8837 7111
2451 346
8515 8219
5082 1780
5325 1371
5891 6248
516 7832
5660 6901
8197 6954
9242 28
2923 3277
5973 1554
1522 1928
7384 6827
8666 1012
8816 7309
1378 3965
9244 2771
9641 3670
4582 6687
9864 3479
5916 8417
9290 3841
3935 2503
5266 2942
7460 1003
4959 6390
4455 7117
4097 2984
5868 9799
1609 2795
8720 1858
6383 7140
5126 7112
4070 6686
2406 5940
6482 5413
2582 8563
101 6525
5270 8097
7309 7368
7150 9569
2316 5976
184 413
947 2367
3468 2412
4453 9832
4704 5612
6885 3069
7672 994
223 4342
4851 9809
8613 287
2064 9460
3465 9162
6388 7051
518 1510
3073 6962
8476 8295
72 440
9443 6580
8633 6272
7464 4328
9387 2867
5587 5287
4044 7400
4296 4779
20 4972
2829 9277
5976 8962
2153 6872
7747 4195
8369 1428
3071 3093
7958 5508
3134 9732
8861 7457
3792 2470
5516 1704
5788 4647
5240 3016
4094 4334
6803 7004
9801 8367
2590 6492
9195 4119
3605 6864
1733 2060
5488 9850
1441 368
6104 8135
3949 5667
8603 5777
997 7888
9854 7513
9964 1583
3204 5306
9558 9067
7644 4044
821 5922
1253 9035
6078 8954
7006 256
7422 8128
6970 1888
1966 6290
4603 4935
94 8430
15 4322
9636 8915
9913 424
4204 5443
8175 9086
5262 347
6327 5897
393 1902
7597 665
3405 3059
8798 382
2866 4166
4690 4096
299 2206
151 8221
7504 2199
6380 6562
657 5500
831 2027
7327 5563
258 5345
7885 6659
4864 4662
6513 311
289 5195
225 4106
9242 1468
5765 5066
6108 7174
7090 8502
7224 9409
2418 940
2568 3755
1861 9323
2581 6523
7575 3
4838 9138
6633 6276
9687 462
300 7398
5047 8247
3386 7415
7296 1236
9082 5473
216 680
3165 4154
6698 8726
1963 9386
9518 3030
939 4162
6057 9713
6099 9480
843 7396
6389 1519
5988 1552
3489 5899
1316 8877
8505 9579
2571 6015
2868 2213
7750 8498
5163 6799
6381 7929
7848 6717
4742 3069
4242 2154
1476 9668
8068 2034
6224 726
7887 2364
6413 6243
1633 1933
162 4678
1395 6363
6607 9632
9662 3404
6923 1482
2361 2606
3577 612
7670 2603
2478 7010
3919 2688
500 9294
842 6820
4440 4088
1315 6224
5827 9862
1299 744
7445 4912
9195 3127
487 7276
9717 9772
9844 7511
7762 6041
9827 2070
9036 1852
6464 9859
8390 196
3669 7777
794 8328
8268 6160
2096 936
3212 6658
5774 8140
360 3799
9380 7789
4076 9367
1444 8031
2585 5931
9514 6247
3736 2009
824 7528
4514 219
1136 5373
7259 7609
2280 1587
8574 7485
8200 6005
3502 9019
8386 1780
61 5619
10000 4922
580 2837
3472 238
1238 5482
3722 6142
8525 8712
7896 3824
4711 3674
1040 2478
4633 2157
2641 5147
2112 2852
669 9274
1524 255
2598 4739
8823 9657
8977 5495
8970 9449
960 9129
8757 6288
60 4051
251 512
8577 9613
6672 6177
3209 7493
8703 8221
2115 6319
7996 5890
4782 3971
1275 8197
5635 4381
4112 8639
9142 9816
9496 9040
6442 6304
7891 8213
8244 4720
6768 6401
1015 1462
742 6825
4631 2452
2310 759
3992 1776
6654 2070
271 6066
5756 9306
484 5388
9869 9648
7465 7080
6551 3817
7737 8698
2866 1971
7920 2406
8343 8293
2900 4259
1965 2493
6914 2215
6946 9975
3802 8564
5442 3687
1065 2040
1566 8243
8554 6758
1946 5256
1134 7578
3515 9259
4439 4944
9976 5287
9004 9974
560 4183
1077 7420
1460 8320
3990 9521
4653 4422
2095 1366
4207 4801
5854 8935
8023 8171
1625 9865
6643 8144
8491 1795
149 581
7568 8300
4267 6445
2275 4899
2065 3040
7358 7330
3335 5149
9300 9242
5033 214
228 8314
710 707
1205 4514
4871 6918
3004 9856
6668 2448
7159 7919
5361 4413
4021 994
9922 7883
4246 4126
2950 2967
6135 991
7952 7015
4088 140
386 5260
8638 8141
5821 1742
3200 1295
5095 3353
6649 6796
5402 8352
3689 3298
9314 1468
7499 9119
6713 5866
2198 2716
9969 1088
9365 3112
7006 4574
4512 5982
9195 7972
3591 9287
9694 4421
7551 5578
4596 5573
8002 3994
2894 6067
160 2945
5445 6150
8526 7293
6320 6624
9395 7673
7632 1087
4209 8547
5995 824
3943 3997
2603 1382
1310 734
2559 3091
8747 1999
6494 4208
5863 6
2901 8434
2640 6569
36 3926
2449 6280
6837 3800
6937 6910
8437 7172
9051 6644
1001 8510
600 3492
6483 7902
8798 7338
1797 3888
2365 3473
9730 4983
8621 4403
4785 3387
383 7930
4195 4951
7617 409
6807 4942
5567 4277
9948 3889
6755 2370
1087 1175
2595 5002
6437 6834
9425 6037
2301 3246
2709 744
6719 6632
1232 8375
2402 1794
2492 4078
6966 8773
923 9778
2979 9242
7565 9559
7487 2421
9380 8580
5860 6806
6823 6688
6892 9416
7354 11
5300 5296
3833 5239
5337 3590
7234 1847
1725 7183
5553 2422
9271 1673
2085 1441
4253 5974
1510 4632
3567 3112
3589 4086
9627 9727
1725 6864
3986 7247
5936 1165
9832 7869
100 199
1448 561
891 2588
1729 4019
7601 9564
493 9062
3871 4340
1893 8304
4464 6414
3100 7969
6440 6531
2940 7252
8347 9624
8871 3280
1636 3887
1411 8632
8393 6845
6853 7016
9240 3349
6723 7806
8529 3066
8465 947
2498 5140
1327 3968
6624 7782
57 2455
3928 441
7370 3269
9437 2999
9507 2748
2634 6093
1133 3355
9326 9513
1098 7106
7062 6745
5968 9115
4179 5311
4508 4753
2815 7858
940 9627
9315 2095
5303 2286
7726 529
3457 1921
868 8716
2476 1633
4230 3494
9089 2115
8178 5402
9753 8621
2463 3732
9550 4925
6549 1201
3433 1895
5452 8213
9715 5817
9722 8376
366 51
9588 3905
5142 677
822 1592
6873 2518
8445 1647
6270 6945
1490 2881
8952 5061
4429 785
8936 6247
9808 1278
9120 1713
5326 9602
2349 1819
1650 1180
288 5614
6874 791
9812 1412
8329 8742
9488 9599
4420 6007
1443 1056
4373 7436
4310 6271
1388 7210
1639 7084
4182 6477
8375 9417
5990 3925
5181 1338
4616 5356
387 9454
7344 8359
5614 3011
6351 1304
4979 8101
9540 1667
7327 7167
4437 7397
2607 4386
2829 8016
2854 6174
8713 9956
5472 1682
4603 2980
1601 5513
4243 2977
8222 7805
166 4909
7737 2081
9688 6315
1302 2263
4729 7956
5721 4758
4179 688
7845 1116
8553 8199
7648 3098
7820 8181
4012 494
4537 5910
8083 3977
698 9618
6271 861
2116 6059
2325 3509
5905 5093
5600 4381
3932 3476
4261 7322
2545 881
3070 6849
3818 6661
6928 2114
3206 7806
543 4096
4061 868
3115 5304
7250 643
1580 4877
3039 2248
2473 7654
7234 6951
956 7251
1112 1216
4222 1771
5333 1346
1261 4712
1574 325
3874 3229
4574 5227
1649 7288
240 6526
693 7893
5767 7619
7173 8092
6458 9262
1906 1311
6278 1632
9924 3645
8650 2144
1573 8454
4588 2113
1817 5961
4819 2457
6978 6617
4142 6386
1512 5102
2179 6744
7815 7265
3476 3303
6084 9112
5304 4159
5806 794
4713 570
3684 765
476 2709
8397 9808
704 1094
3641 1501
1783 4689
2202 8479
224 6270
3357 5363
9731 5548
8658 5268
5464 7725
2316 2719
3965 3290
9101 3861
4200 2744
1414 8739
2749 9575
3691 2716
4466 7784
3963 4573
3684 3001
8518 8779
3745 2414
9196 572
7910 112
3389 7691
8101 4450
9664 9478
3988 1828
268 5725
6121 6193
9384 5369
1759 3729
1014 7485
9853 2754
906 2234
2205 3084
981 510
3250 6799
4485 9974
3333 1334
2572 8895
6798 871
1394 1579
2220 6500
7647 8944
9995 2469
9941 521
8894 9686
3645 295
5278 6061
8575 5315
1675 5339
9285 1297
7448 3318
7123 9504
7964 8065
3173 557
8987 1089
5188 2656
7703 8969
8203 3556
2415 6962
5998 7014
7059 9897
7402 2001
9415 6581
7131 9581
5827 2052
6768 8567
7557 2557
184 4477
5215 6379
8125 3948
3446 2584
7560 7901
6590 8978
6278 4510
7309 9830
7291 510
3032 3009
7575 1590
5590 1203
4805 9048
7026 921
5140 5818
8566 3305
9034 1842
2241 8860
8092 7139
2670 5114
6539 5844
4119 6661
1005 4554
7367 9149
1192 823
5469 4794
4364 3390
990 2464
4363 6738
7129 320
7305 4841
8198 5912
3082 9989
6190 8961
7106 3354
8845 5494
1568 4339
5698 6012
6328 5165
1294 5328
1919 9148
663 3778
6221 7673
5327 7070
4505 7433
1774 8667
7736 2883
4428 7467
1930 6754
9909 2108
8561 1082
681 1796
8215 1242
9107 9197
7339 7316
694 4831
5328 1690
8054 8259
4373 5991
6904 7814
4510 7819
1587 4376
7836 1383
9000 7362
8395 5118
9831 4245
8389 9257
4937 4350
5462 8414
814 8679
9143 6458
5971 9233
8776 6308
5559 3237
5437 5194
4359 1119
5000 1871
9668 3716
6022 2415
1401 7553
7417 5262
3447 945
7984 9903
2058 7390
4730 8469
4081 4267
8993 4025
6899 731
5221 3750
4775 3530
750 9103
7803 7387
4656 6523
242 6622
9754 830
1633 8758
5298 9551
36 5057
518 529
9227 6007
5989 769
8183 7313
4027 5750
1884 4832
1885 7883
8682 9667
2113 2259
2913 3836
174 929
2141 1813
973 8020
3959 7469
1418 888
3765 1566
4590 8735
7203 3188
4156 9134
7843 6705
961 6977
1599 6666
2548 2061
4958 4873
8153 2803
2381 9200
2116 6379
735 8054
6461 139
6651 1340
7559 2679
6707 6170
1236 2910
4855 5096
4337 8324
2026 6108
2505 3403
8017 8647
6206 3354
2062 7054
5511 685
5376 139
9765 8924
9159 1780
5870 9308
5994 3745
1618 5253
8427 6163
3444 3915
4145 7802
7644 7021
6352 3799
9648 8656
4393 4584
3513 4379
9697 9852
7107 228
8319 4911
3695 505
7100 4204
4386 5327
2990 4734
3736 4849
5161 9692
7163 7440
9658 7898
6221 3403
9656 2138
2157 1220
9463 6120
2139 2406
962 405
2278 8068
2118 8444
8463 410
2832 6074
4205 2615
7686 5279
5317 3475
9360 564
9960 6616
6731 8747
8145 1147
7625 4304
9997 6424
4418 3775
3426 9613
2191 8300
1490 1680
7001 2588
7954 2050
3074 6020
3937 3003
6522 1934
549 3113
1158 3890
7416 7724
1210 3254
8034 8229
6574 6399
7404 8196
6206 6545
453 2457
5397 639
9360 6037
3192 8945
8665 6975
4924 909
9372 8982
4207 6188
3853 6717
6505 2030
1788 6067
9780 7845
5471 5706
911 7794
9818 3041
7037 9186
3452 1621
4943 139
9624 1315
5523 3455
7638 9738
3383 5179
2737 4795
9275 2091
7066 287
6533 9903
8687 1815
1677 6485
593 2600
5787 4861
3791 1140
9182 8576
2308 5099
1622 1587
2742 8097
9989 1823
811 279
9875 5616
6226 4322
2254 4124
9052 3362
7338 8995
5830 3543
6635 6114
8715 121
5134 9116
9440 1422
3736 9238
7744 9926
715 7454
4565 1825
6812 3632
769 911
5085 6655
47 1622
9211 5237
4775 5169
2989 8333
8081 2334
5602 8625
8598 7083
2924 9383
6674 6281
8502 5750
9557 8331
5923 6901
8725 756
9083 3082
8837 9224
5176 5217
4750 5504
7999 3148
7758 6901
8653 3404
598 487
9775 1057
3416 527
9267 3147
367 8856
2008 2747
3570 7518
5076 2064
6132 4050
7916 857
5872 7799
5865 6459
5067 2131
8036 8024
4779 5829
1436 7961
8960 7074
2677 3399
9430 139
3683 7089
8723 280
4728 6058
9089 3197
4105 7061
7447 7916
467 5786
1462 3920
7939 3586
1037 6340
4854 8379
4514 6224
8224 296
6192 3218
7394 8966
5055 1106
8056 7273
5084 7792
1258 5631
5508 1321
7140 4874
9258 3100
7810 622
360 6678
1642 4818
483 5157
284 786
4694 6225
975 9188
255 1847
7905 1975
5968 7392
5575 8728
7016 4548
8433 9911
707 5111
4141 5970
664 5388
9997 6354
9126 7362
5949 4030
2519 301
5908 4792
808 2382
9787 9889
8165 2454
9215 6816
7676 7125
1564 2649
4859 6661
7153 8034
329 3950
4201 7498
9012 3367
3403 8572
919 5522
6296 8007
6735 4516
9827 9475
3251 8983
2136 9870
5326 230
6591 4277
1386 6298
8129 7398
6373 8988
3180 3075
6505 1210
3450 6914
2265 7435
5992 32
1993 5285
4168 446
2143 8579
3887 7246
5300 5640
4452 7016
2447 3314
6331 7795
6396 9847
3092 9943
6592 9345
9727 8430
5603 6388
1150 8497
5688 7091
8827 1529
7865 7210
9212 7847
4267 2199
8015 6199
452 4902
7714 1421
8046 3535
1455 3291
2684 6980
6760 4937
8809 7452
5454 8741
1318 5457
8744 6701
3381 5229
2166 5203
2797 9749
3535 9246
4326 3432
904 4767
8626 6616
616 4099
6124 5365
819 5347
8653 7931
4252 2678
4463 990
5970 8957
3555 1596
1060 4889
9563 8701
8467 7292
3836 1797
3400 1689
1725 6491
8236 9871
7564 4454
9509 1191
8119 3713
4005 3083
6243 8745
5044 7097
2934 6524
7243 8149
6156 3269
87 2705
2925 9403
3487 5899
8168 4959
8041 4057
866 9899
4093 8532
2500 3413
8057 508
2899 1844
3057 5426
9036 7638
1841 6451
7156 6559
4300 3731
758 6081
1501 8035
3987 3194
5103 6579
5144 251
8993 672
1533 1699
7657 5273
9744 2008
2766 8550
7344 1700
9509 9871
4211 3225
8676 8762
9870 9093
5095 7372
9879 7028
4924 7326
4975 8570
9267 8740
5353 8066
278 8454
7198 9664
5971 344
2942 4703
9069 5084
7503 5275
489 7612
5848 8301
2454 8270
2807 9543
1108 3377
1840 5558
3954 171
523 7314
287 3769
3970 9734
7076 810
8728 4032
9642 4881
2878 2052
2585 5455
5369 4155
5050 930
9258 898
9682 7644
5329 3326
9593 4089
9149 8526
2576 1589
8371 3105
1654 1804
602 4076
6337 4192
4093 1459
4276 400
8664 8939
7706 2245
7348 7515
1581 2737
1420 9306
8071 769
2047 8996
4072 5295
9706 1533
4652 8271
5881 8307
7039 1201
1997 6883
7533 5644
928 9754
6495 6533
737 2841
1894 4959
6235 2750
6846 6427
4501 5864
869 4745
5832 7621
5128 4477
1216 1969
6415 7843
4618 3484
6054 3557
7411 9863
725 1027
8179 7781
4189 1895
2838 9674
8289 5687
4241 9415
3211 8954
3283 3820
784 7649
2819 3183
3219 3878
1921 6892
1881 4215
6759 7647
3344 7665
7267 6629
7976 7210
5790 7662
8964 6411
8109 1947
7104 535
3046 6547
1432 1198
7062 2199
7665 5590
5107 6313
5066 5891
66 2690
7344 6373
445 5101
5714 3355
9559 1611
2073 6984
4253 7465
2586 5010
2237 5040
8782 6606
3948 220
5601 980
5589 1996
9125 9633
7349 6093
7098 6716
2507 7515
6326 1190
492 6186
9360 8911
7877 793
2279 2532
2069 6675
4126 2368
9137 4692
7390 4467
901 3414
2152 1335
2282 3022
6409 1239
5256 1029
903 2118
9867 5306
9723 164
8433 2744
6842 6908
1645 1235
4396 6850
4594 4210
5833 8936
350 6616
3229 7662
218 6530
2974 8500
4598 7313
9441 135
4872 6885
2433 9317
3931 186
545 8012
9951 2121
6788 2663
7500 8026
3729 6658
4807 9661
2394 3247
8565 3593
3849 5299
76 5222
2073 1319
8162 8651
571 5523
6652 1101
4703 5500
9519 7664
3399 8006
9782 125
5517 6777
2522 4961
341 4585
2641 8665
5067 8203
3989 4631
6028 9056
8005 4067
875 7020
5875 2478
463 7129
6001 6894
494 129
6697 6751
5427 2457
3642 8188
9225 6923
1457 7954
1092 2639
8894 4023
2705 4549
325 6358
9525 4786
703 8828
559 6225
7778 3997
3221 2213
96 3895
610 2693
4561 9600
2292 9800
3030 4599
8668 3829
1871 9847
4073 7792
9418 2819
801 9310
4574 4429
854 5638
9481 5854
1671 3828
8910 6740
3602 3848
4100 8099
1099 7437
2836 6336
4693 6648
1975 4814
1795 5972
4497 894
1247 151
6164 7105
887 8554
7288 4291
6051 8684
5102 349
2690 6445
1484 5566
1878 9295
5897 2230
1884 5198
7200 4951
6679 7519
6576 6000
2855 7112
2834 2206
3278 9470
8516 4741
7679 9495
2425 9874
9323 2836
2849 8924
1178 4324
8332 7695
483 2568
5856 1103
5272 4511
6604 7532
71 9734
1819 5456
5789 9093
4913 8399
449 3865
5941 8773
2100 7183
1905 5437
8491 6068
5315 6356
1041 3071
9250 3782
3742 9178
7488 6369
1039 9213
1846 310
2624 8098
7639 9846
4840 262
4365 518
8514 6438
96 5419
4814 3700
5620 8970
2222 1670
4156 7215
1499 7216
458 3596
5898 1207
9001 3587
50 4602
294 6252
2272 2057
9015 5671
6115 5427
1314 7550
6622 8195
5402 7447
1424 5843
7341 1854
8883 2834
6806 4624
2351 2555
6824 5300
2565 2479
7097 3947
5173 3490
9808 7736
4585 6022
2200 3691
4785 1835
9197 5992
5955 4245
4474 1004
3566 8311
7762 5522
9729 5878
7863 1309
1348 5767
8201 8082
4495 5841
5135 6487
5639 2577
8342 1491
7068 1239
7455 9241
1967 3829
4909 9239
9860 9661
2825 2418
1349 1194
8194 8659
9168 5441
2167 6494
6970 7497
5526 3400
6342 5281
6205 8504
4783 4245
7574 2095
8204 8658
457 8366
9809 4077
6748 2113
1087 1824
2178 8577
6254 1400
6844 5451
5732 3976
3669 9379
1739 9143
3832 7626
8545 92
986 3791
2265 8717
5054 7060
9891 8645
9063 7928
8857 4953
7716 7686
3002 7909
8659 1105
650 5359
2560 3790
6443 8633
2424 5102
4295 3344
37 7729
4044 6874
2771 8465
239 5206
8243 549
7925 998
6703 2030
5117 6075
9925 2598
6718 7125
5246 8975
8669 2969
2531 1216
1616 3440
3966 2090
6420 8348
5416 4424
2381 6958
6973 8130
9425 9937
8869 5475
7376 3060
4069 3167
3303 551
1509 7959
727 4340
1193 3001
6514 7176
48 6379
6675 6754
415 5403
5118 4119
2165 4032
9376 4556
8826 7692
1909 7523
6241 3014
4840 8038
7055 927
2465 9902
1406 8862
9492 9028
8461 3443
4200 2502
8720 4648
3589 7906
2661 6745
8284 297
1924 9582
9417 9440
7032 4128
1480 7212
904 2129
6976 8087
4621 9906
4414 3465
6416 336
3459 3073
5420 1605
2162 1104
9484 1418
5956 7635
8842 7191
4475 4496
3700 3412
1738 5186
9061 9936
940 1491
3495 8283
9618 1510
7897 6587
3729 5966
6965 5914
7078 5874
2449 9973
6735 9040
375 9010
1080 2450
3085 2146
1481 836
920 1138
6866 7559
6136 7006
3056 9193
5047 8274
7031 2938
529 7092
4798 7278
1542 1520
6871 1524
360 9726
8737 9383
9286 4884
6039 9129
3773 6401
5179 3213
733 8302
525 9249
3382 9551
1242 6768
8156 6630
2053 8843
8558 607
2396 3918
7958 1304
504 445
1914 528
9342 9302
6575 9046
9963 1644
7751 7437
6292 3234
2887 7452
9246 7073
207 1012
1085 1024
5772 9856
7802 3181
799 1052
4815 9530
3773 7744
9295 9190
1612 843
5162 7206
4575 8745
5047 8254
8879 4244
6851 6221
5280 8538
3499 3467
8828 2057
7685 6165
4644 5556
7025 5190
2852 5859
1767 767
6224 3431
2860 2179
6744 4977
2135 3749
6033 6135
2106 274
762 9817
1335 4642
4100 9998
3372 2405
4035 9704
9851 2249
4189 9112
6104 6148
2294 6591
4725 1132
927 4207
6567 2304
2541 6249
5229 8430
8076 8362
6190 7833
2718 3559
2992 6097
2357 420
7498 2592
2584 5930
6155 106
5051 5933
7739 293
7211 7025
1701 760
3788 3436
2089 804
3309 1269
5657 2720
1033 2485
6130 1081
7369 5001
5604 6182
398 5800
9033 9847
852 1195
7277 3131
1845 1925
6924 9740
7701 3384
2240 1875
2362 8930
2359 586
157 5135
464 517
8576 4515
3365 2342
7766 4786
1618 9981
9031 3697
12 7185
3261 9096
75 9581
8238 2734
5321 7786
9501 8464
7588 8493
7306 2559
4949 9145
2351 1397
2214 6131
9541 3102
5377 9911
1078 8995
9381 9726
4809 227
381 7494
8548 3465
7902 1786
2376 3666
5200 1679
1494 5170
9607 8945
3405 9744
3883 218
2005 889
977 1597
7535 9338
7482 1541
1424 6057
1790 406
2882 8358
8498 2351
4078 9755
4241 2812
2645 4510
3796 4517
2931 7485
5030 2260
5920 7285
2059 6456
5171 2442
9207 6287
9133 7186
7486 4037
8508 953
4109 8525
5953 8955
6578 1646
8318 4579
8568 5446
4907 8506
3980 5251
5907 1928
6299 5033
9181 2670
6428 487
3452 4507
6884 6578
5289 3240
4980 2295
1863 9267
7432 40
3875 7929
7514 4644
9799 7331
4390 6068
7268 4213
9514 8740
3157 4781
7851 7654
6734 4488
1268 2388
5746 228
917 8890
4789 1733
427 1574
1911 3560
6759 9455
2907 3905
3185 6437
553 303
7230 3794
9821 8072
6163 652
9910 9271
6204 6992
7643 6031
4377 5104
3199 2082
1204 6337
1800 9803
4609 2334
7840 2716
4631 1437
1581 1105
2344 2903
363 1579
2933 2240
2361 8322
8156 8056
3674 9680
4657 8318
3504 6689
9334 6988
2867 9334
261 9226
4620 5438
8337 1411
4602 6601
2772 1531
612 6139
3435 6321
1302 7630
3083 8272
4224 4194
2755 4547
1316 6867
1720 3852
9415 6162
884 5018
7361 2585
7586 2828
5306 6653
155 7893
4460 8979
6881 9584
4474 2805
2015 2976
3234 7697
770 9114
8227 4158
3782 8067
9404 6127
7806 3422
4764 6497
5378 1719
9675 4772
2663 4720
3185 8121
2110 5433
2705 7907
2641 2158
6845 5933
1937 3710
9274 2165
267 7800
9270 3342
6957 6159
7374 4185
1374 3147
9888 5202
646 9895
2061 3380
23 8486
3478 8904
6245 8718
3882 5002
7890 5418
9952 9576
7596 2750
2164 3997
3536 816
8736 3391
7600 2696
8797 4373
9780 1968
550 3210
3359 180
6424 2147
398 1528
2910 2851
3261 9965
6040 283
6749 3758
483 241
443 1351
8106 3267
2898 1089
2 7836
1992 3698
5011 8365
9969 8495
1387 4505
3634 2412
7485 2415
6790 4568
324 4032
5302 6863
4276 2915
7558 3967
9757 3185
7672 6811
2590 6107
5104 7194
6882 1661
2391 6753
440 2848
62 9981
1741 9024
673 5401
718 6058
8313 7849
5862 4558
465 562
6250 4659
7926 5966
8943 9102
8729 8087
2284 2937
3805 980
5007 905
3047 6838
1713 1152
569 9089
9002 426
2703 986
8654 3440
6368 2791
7264 8575
7155 4649
3545 4746
573 2522
4273 8910
7283 2577
5772 8047
4191 9440
130 3856
6382 5329
2918 3452
8998 7164
6153 1556
6171 4934
2817 7537
905 5047
1612 6361
6894 6420
8436 6869
5869 9811
8389 693
576 3489
2088 2849
2855 4971
6635 7501
9017 7529
9563 5944
1526 2365
9829 6117
3432 9228
7980 4987
2360 8856
1347 6321
1350 4692
8140 8441
2402 197
1495 9158
2792 6436
4240 2385
5825 6442
5448 1478
6432 2129
693 5570
2373 5675
4679 7697
2784 8438
4643 6789
2767 4098
4361 7952
379 7109
2587 5594
8994 6654
4703 9188
4069 4492
4345 6206
509 7875
9668 184
674 3699
1800 7174
2912 2116
7579 3811
5891 1602
7381 1311
4283 6058
3138 2768
2228 9968
3273 9853
5681 7669
4755 7734
9286 7374
1288 2850
8326 4157
1171 8114
2004 9558
2024 3198
8172 222
8677 1623
62 7014
5057 3584
5435 1596
2771 2202
9287 283
3135 4853
6282 4057
1044 7197
6976 6070
9892 9152
3064 4564
5483 6975
2530 5728
9797 6375
8802 6380
586 3465
2846 6873
9434 1509
2962 6027
635 7249
8169 8350
5552 6410
4850 8478
6833 3930
8667 7373
7941 3321
3502 4284
6650 9435
366 2411
7972 8177
1119 2888
8947 5197
3860 3252
8201 9233
4260 8963
4131 7119
7778 8119
5199 6635
8230 6560
3735 6714
5770 7666
1083 5939
2092 8477
7609 2630
5856 8862
7910 9633
7416 6448
8521 2787
8897 1165
1038 421
5437 8995
4651 6353
3435 2765
9576 3689
7668 7143
6438 3402
5782 8827
3 3095
6919 310
5275 3005
5986 1191
4440 7132
6582 5323
8415 7899
6724 2711
322 9701
4642 6075
2258 9651
539 1185
2728 7219
1573 5807
6745 6795
189 7742
2265 6489
38 2318
7741 5491
4124 5761
6694 2167
7200 2364
4893 1653
445 2994
2220 8202
1937 812
750 7742
154 2825
4697 2660
2342 3507
439 5934
2801 2923
5794 6161
4382 4786
4956 9370
6149 8225
579 6511
702 3355
2310 8130
6796 9040
3702 4383
5166 2124
190 9421
7014 461
2132 9735
5942 9139
6172 7375
6352 3475
1846 6047
8952 9145
4182 9112
6403 5956
7177 301
8906 1518
197 1376
3924 3991
9518 6197
8421 6427
5043 2684
2216 2502
7136 4702
4517 5613
354 9150
1467 3002
7577 6253
3237 1877
5186 9264
5845 7606
4261 391
2819 877
2722 9705
4586 6443
3462 2852
6586 70
7824 5826
8940 9219
3870 5290
6332 2555
7472 6891
9289 5125
4109 7026
370 502
8535 6397
761 801
277 4637
6508 8984
9242 5252
3914 5858
2041 9363
3392 7521
4828 2143
3529 4614
8306 1355
6565 7302
523 2049
3058 4585
8111 2210
2221 9155
3227 6041
7923 8835
1388 3314
3903 3385
5072 7041
9968 7012
3478 1562
3531 5359
9534 6138
7626 6122
8757 5412
8608 2137
161 2022
7997 6527
3769 3532
9116 4541
9179 5019
2512 1003
781 6809
8068 7292
4630 429
3471 5095
2076 6490
5323 2889
380 5349
8759 9953
300 474
1983 6116
204 1141
6869 7538
7146 4645
3555 6695
8162 5219
7986 3664
9378 7641
1871 6910
8251 2765
3024 2571
2355 5979
5781 4885
167 8699
9062 805
6609 1532
7193 1227
2784 6537
1857 5747
3299 8876
924 9901
4750 8144
9293 325
5089 9695
590 4046
9409 2294
3124 733
927 3951
6672 6760
246 1909
8576 2359
2199 2599
106 8432
7022 9434
9702 5439
4576 263
9731 2830
5011 3503
2583 2532
1601 9132
8597 8954
4371 9740
6466 3477
9132 1131
6686 9553
7245 3543
3246 2907
9407 1271
46 7353
8140 3044
3256 5186
6769 74
2758 9958
8057 9473
2815 9868
2396 5690
7750 3363
622 1371
2053 8237
1236 9516
7910 9609
1088 3462
4371 4071
7674 4977
630 855
7688 4233
6897 3910
4087 1364
1147 6246
16 2871
938 2748
6412 2506
5807 7324
4179 975
4304 8565
8589 707
4789 7439
5467 5325
503 2095
6447 4252
6306 7548
2026 2064
9706 4984
5654 8416
9769 276
4930 743
5030 801
5272 1737
4284 3751
8051 9150
4693 1657
5292 9091
6212 3661
5214 9217
3492 9643
6162 3433
5538 2254
9414 5600
5853 2807
3765 1178
2748 2585
4294 3498
7185 5388
5764 5170
9048 7515
8811 330
8195 1395
1892 3425
5507 5197
4708 2242
4284 6319
4888 8699
1756 739
6157 9207
1496 4769
3000 7860
5117 824
7463 6034
4248 7588
7656 8708
4986 2907
1841 307
57 8173
5819 9502
7450 4162
7524 3121
7116 9187
1947 9952
8044 7346
4333 2876
4885 1638
1568 479
9139 9308
4479 4421
8021 2818
2867 3329
5759 4143
3291 575
175 7189
5068 3830
54 3930
3943 5288
7649 9279
1711 1917
694 8557
4090 3646
7223 4560
7079 6581
7954 4462
2860 1798
9631 7756
8256 2682
5053 1210
423 5331
3433 5651
4866 7202
603 3800
5349 5136
3051 9446
3819 1244
8208 3345
4025 3942
1276 6653
4936 6751
3317 8169
6665 4249
1414 4330
3732 5818
8833 3463
4992 2246
5161 4304
4989 2658
3620 9003
1641 791
9064 4773
239 8985
117 1969
8446 4339
6075 5905
1311 424
3470 8833
3655 116
5651 7792
7109 6994
9421 4923
3847 785
8450 1289
7288 5480
7893 3433
6699 6208
9072 1301
3604 5389
7394 6207
9923 3999
103 5281
7909 345
8017 2445
3980 4192
6806 3628
5117 8131
6026 3589
1263 3106
2814 744
9996 600
5001 8095
9879 3427
9435 1778
3317 111
7532 5723
4786 1390
7911 435
7999 2656
3224 4384
6490 3771
7436 8027
4740 7508
3088 5913
3476 1624
6212 3491
2563 1543
5273 1522
3769 5922
3164 6809
4506 6737
4569 9972
961 9633
8841 1176
1847 1566
8036 660
9106 4678
3323 8976
7189 4187
4195 8750
1964 1165
689 1413
6551 3368
3040 5373
1217 9307
8676 9779
9853 648
1248 8572
814 5378
9760 1672
233 7538
6833 7717
9459 6449
803 3022
4383 973
6017 9825
9278 5036
1712 1544
9598 5555
7760 823
5149 4858
3387 6199
2161 9280
8684 9574
1128 1409
1744 708
827 6502
6573 9487
2270 3700
6221 5057
3251 6356
2187 9022
8382 9791
5705 1450
9296 3946
9490 2067
493 698
3555 7542
4239 7254
4448 1205
7431 6319
1943 1241
7867 5599
2706 7452
8918 9952
8310 4151
9311 4068
8481 543
5137 3256
8599 3863
2281 8398
7752 4449
8784 4307
333 7942
63 6765
684 8822
4976 8826
4076 2562
2707 7575
3099 4234
8973 4550
524 1714
7507 9687
6136 6985
7376 5795
3502 7302
2609 1513
7455 7424
1738 7742
2821 5649
8347 3960
1580 553
2151 7824
407 1831
2004 7234
7055 1925
8608 9428
9181 2996
4777 951
4243 4043
4161 1530
3367 6666
6650 5775
969 9412
1819 6944
314 8312
6110 5760
9671 2339
5536 2466
2549 269
9249 5787
5084 9266
4679 7135
8370 3272
9069 2022
4868 6996
7262 1798
2910 3282
488 3697
9790 1891
7811 8342
5131 5332
4646 1540
863 6806
1635 2630
7128 127
1381 2957
1748 972
4302 2864
8359 4269
3405 5740
9033 4692
2889 6940
2394 8940
5219 1608
2593 4563
3653 226
5013 402
1487 6563
2970 3047
8009 2926
2606 6848
6141 9911
433 8532
7162 6879
8908 8121
3923 9958
9568 8421
3073 7748
5884 7183
6546 3625
3595 8875
8408 564
3876 9794
5560 5308
4050 2209
8512 6239
3505 1820
4008 4354
6657 1117
8462 1483
8004 1287
8485 7657
6862 4827
7166 4956
8893 6889
8216 8646
3290 3562
1600 4210
1221 6202
3611 386
3504 7328
7183 9065
3095 9481
8485 8936
1913 838
4106 7578
7821 7736
6396 404
62 3225
9742 8891
920 3152
4945 877
8857 5987
6531 2051
2625 256
840 5587
8181 4726
5723 1393
8461 4834
7284 3154
898 8111
3684 610
1203 7708
619 2909
2418 9377
1347 8454
1283 7113
7032 8844
8461 1750
6446 2896
7937 6905
2193 1677
7115 9980
2984 4710
155 9676
2855 7380
3658 3372
1573 8584
7281 4996
2723 413
3072 2795
776 376
5261 7093
2784 4882
1096 5370
1666 598
2083 2728
6204 6586
9492 7662
2852 2148
187 6752
964 7715
8433 7702
947 9315
6384 3328
4548 7354
1134 8125
1334 6157
7341 9124
2352 7585
6835 6726
9129 6205
2694 1667
6981 1502
2125 6038
919 5952
3185 9972
769 4
4594 2603
7579 6196
5398 3242
6171 8968
8702 3157
5361 4755
2805 3272
7841 1382
8020 1382
2813 2358
3016 9364
5123 7289
6507 4319
6973 4349
10 5418
9654 6113
8942 1845
9021 8516
6880 9394
4170 7883
737 5564
9962 5026
2795 2820
5840 2192
117 6930
3318 9773
7863 6302
8456 4835
5748 3177
6414 2519
8009 4781
252 7078
301 7226
8953 9007
2971 4390
7202 8490
8831 6737
5768 573
8743 5530
9191 7040
6675 7851
7313 955
2185 5544
5214 8183
1185 70
5827 7878
9922 3590
2471 1684
1667 9724
6142 2635
3583 911
664 6730
4312 9749
7850 9471
2233 5113
7627 657
5913 9952
3639 1518
9260 5155
316 7785
8251 4937
7280 2697
8269 1940
8442 5026
6626 3115
9051 4518
8927 5867
1668 1524
5847 246
6069 9667
4017 8188
8370 9721
3287 3482
7888 978
2572 6999
2758 1210
6210 2387
2977 2060
2854 2198
2752 7427
1396 1676
7481 296
3878 2751
733 5238
1031 9364
5977 6901
8721 386
6575 5801
2870 9200
5046 8790
2855 1877
5167 5052
6471 7215
806 2905
7608 6483
2820 8042
5913 2667
4471 5227
7787 4078
245 9115
6375 8161
9821 2497
7787 5350
1780 514
1621 2138
1870 1382
7737 4289
811 1661
7241 2762
7115 9750
1915 1942
2154 3901
6244 4815
9608 8929
6919 4030
9810 7635
4515 6083
492 5921
3251 8915
5900 5142
5108 6971
9629 4303
6513 356
7864 2754
930 6165
9042 9493
7000 594
1152 7724
7837 5785
542 2626
3333 5221
9977 5252
9504 4958
8947 8007
9114 3113
5829 4105
7152 8598
4710 9133
1501 665
6634 6337
3698 6403
1466 8853
8690 826
7808 1116
1616 219
2523 1095
5732 556
9378 2655
4703 3812
8899 5358
4688 1061
2810 7803
4549 4326
8499 114
6571 4986
7605 3109
5796 8431
914 6219
4907 6205
7618 906
4384 5320
6989 1574
6308 1467
9711 7207
6772 2057
3351 2425
2741 8244
8514 970
528 3417
7304 422
7263 227
4993 8528
5231 2943
6653 9832
1875 432
2294 7548
8295 24
4021 336
5900 7207
5128 3218
9944 786
5704 8628
6915 1308
5492 1945
8370 8511
7087 6497
2989 9567
9014 2434
8608 5110
2235 3742
596 9662
5095 110
9160 3693
6128 9145
9945 5312
3962 3115
1902 3596
4771 2961
5017 7128
5244 3738
1330 4402
2009 3329
6383 2738
3435 1342
9980 2759
7494 9313
2065 4415
5266 6509
6732 8970
9839 2459
4708 9184
1290 7900
3060 6135
2573 9983
2686 7103
402 7392
9365 1722
981 5721
4959 11
471 2564
2432 4173
1044 4739
3241 7321
5871 2875
3331 8455
2840 2130
1623 829
34 5505
6515 9372
4334 6412
5569 4650
8823 2184
7142 6085
2483 656
9083 5884
8463 3888
3871 3463
635 983
1188 5387
2032 314
3234 2734
5819 6927
7613 5400
9148 2693
1326 3694
1931 3814
2223 1191
6941 7982
2327 6792
9768 9838
7458 6893
7697 8258
7137 418
9354 8344
2126 6151
2762 1828
701 5003
6909 2616
2644 6268
3087 2384
3692 348
5411 6763
8656 5853
826 5542
3337 397
5010 6239
4985 1147
7636 675
5106 9387
8224 1387
1002 1501
9763 4109
3259 5532
6093 8126
2666 8699
3346 4316
9305 8074
3445 1933
3734 5771
6862 8455
8048 6222
7609 9392
3490 5884
7483 8532
2635 6958
5133 3019
9911 7706
9868 977
9958 788
5804 6224
3722 6098
3547 1890
3056 6247
9929 6746
2134 2107
3058 7395
6234 7706
4740 5015
8718 4854
8419 7070
1943 6103
1811 5684
5584 7109
6121 6670
5410 2578
7464 5597
2744 1316
4650 4052
3243 7368
5984 3310
4306 6402
6111 8596
9663 4208
4751 8050
3089 7085
4738 1840
918 9444
4136 2809
9100 3058
276 1108
5484 184
6227 4836
8866 5588
2423 7735
9990 5006
2473 7342
8652 7905
4502 989
8781 5116
9000 9241
7436 9082
5988 6291
6864 4882
9819 1868
4149 8102
9820 4038
1067 7098
5416 1114
7266 6345
1005 7208
2566 4812
6292 1073
7572 2726
9081 962
7416 2633
728 464
167 8663
9065 9994
9652 2794
4198 5480
9942 9769
4573 3301
1849 7395
4390 6637
436 6632
7155 8857
7613 5147
9395 3287
9397 5070
5828 5463
3852 4446
7669 1191
5131 8847
3401 7192
7694 7219
6713 8371
6703 3709
8124 580
5210 9511
3508 3887
913 7748
6717 5445
2026 2832
6629 5594
7258 3173
2386 5264
7662 5254
8091 4546
128 7466
9170 5921
4773 6341
7420 4846
7717 8637
7143 1977
7028 8710
3332 4368
1202 1597
1090 665
2033 5738
68 4491
9716 7214
4710 1786
4408 5368
7869 5740
6801 4496
1602 8707
8562 5615
9139 8109
8141 1548
1838 561
587 6670
7392 4407
7333 2241
6467 9741
3685 3714
1150 8852
5248 5425
9246 5568
9970 3611
7420 9534
1288 5224
2686 4864
4804 2287
3018 8957
7573 7921
8648 8284
7168 265
40 8918
3198 9365
2835 517
1682 3554
3906 4167
3812 3523
9043 7263
1167 368
7301 2079
8998 1481
9985 6301
373 9285
7647 853
4399 7960
7120 1473
953 5232
9147 7396
2945 7837
7811 9213
2640 5248
5623 4578
4441 8962
9644 3724
8449 3588
2536 8066
606 8437
8396 2308
6193 8619
5234 1353
8508 6821
7543 9087
817 5082
8317 8146
1229 203
8933 6573
7313 9577
8464 4121
4835 2709
8982 8822
5148 4624
8798 7280
1448 4439
2087 1591
7036 1613
8650 174
431 2340
3341 2176
2397 7936
265 445
5876 8230
887 1106
3630 588
9836 503
8599 3771
6590 8755
618 1908
5743 6577
1778 8051
410 7769
3131 2944
7382 9779
5783 9446
2363 5160
5743 2159
546 4105
9214 199
7378 6964
9391 5682
6670 4167
7411 603
8682 2128
2604 1616
2701 2439
2034 5703
1848 9256
3783 7572
7908 1624
4207 1180
8093 3932
7641 1120
3545 3745
6740 8149
6534 4508
2314 8301
66 8700
9649 3525
9517 3390
9946 9741
5469 4393
6051 370
1586 2980
3475 7413
2499 386
4487 5682
5151 1116
7822 6453
3938 3112
1757 6145
7198 7638
6526 9013
157 4432
1549 2440
7701 6152
8674 4572
1600 7961
9137 2246
3321 2307
2645 8815
434 5236
9452 7223
9491 5642
7766 6395
5131 3322
8852 1494
4029 4172
5918 8845
1591 2007
6218 4160
6812 4070
9717 3608
2563 2332
3919 4687
6527 6738
8048 5592
8675 2915
1049 7573
9039 1743
4005 4061
3097 9523
7937 6116
5496 9378
2834 1007
3742 4283
7043 5848
7990 7627
2581 1861
2208 3481
8907 9747
2588 3758
9054 2367
1978 4344
1485 5629
2782 3481
4131 6190
5044 2439
9856 6915
5188 56
5686 973
7618 6311
6401 1226
243 7352
6019 1224
7554 3042
50 4623
6616 4812
427 7139
7057 7764
1109 2558
1279 3001
747 6360
7721 7263
9913 6353
6470 2116
4501 5345
5046 3465
2588 1214
6810 870
7285 9276
2361 7567
3188 1397
6156 6405
4932 4388
8637 8620
1406 8694
4826 3699
2108 8962
9466 6996
6561 1906
2741 9886
7691 5020
593 918
3286 1085
956 5175
7838 8831
6206 9235
8566 9896
8499 5914
4865 6703
3462 5198
8110 7547
6136 7239
3702 9294
4059 2160
4620 8482
1005 2521
9733 8908
8284 5994
3609 2930
8678 3744
5988 239
9948 5199
2823 7145
2087 6100
4455 2117
924 6500
4070 165
1673 8249
3917 120
9116 2380
1947 1942
616 8859
3291 5089
6499 9805
5357 3974
3245 3932
1882 8181
7045 708
4611 6117
2189 7095
2591 3361
3002 702
3107 6330
3129 9660
3941 7329
3685 65
7983 6974
834 1949
1766 1290
9337 2680
6014 5637
9559 1957
1575 4505
6249 1798
1856 5453
8356 740
3435 1025
7411 2497
6958 3169
3481 702
9132 5357
9726 4661
4356 7992
4270 3000
8147 3163
7177 3651
8576 8394
4142 2386
5848 1333
5030 606
1953 5345
5520 5563
9569 8592
1582 1050
1973 7347
5898 9916
1120 3646
9283 8753
4221 4250
8265 8240
666 2139
1896 312
2655 2864
8165 8422
8409 7229
2753 2076
3454 8638
6240 8330
9282 2843
7284 6375
4680 5183
1816 4192
4162 4385
1526 8187
8014 7375
9668 2097
7185 2946
8290 5739
7015 5245
4015 5588
9504 4224
4677 4840
4505 256
9963 3744
5993 318
6822 4787
8659 4244
4074 5571
9513 3022
2669 3732
6567 4643
6313 9738
9024 9277
5996 2345
366 6839
9194 3322
725 8531
8384 7614
3852 2197
884 2561
6205 8243
1930 2668
5862 8629
6246 4967
5681 3782
7 7094
6676 6711
4283 5749
7962 7506
270 1173
6350 285
6871 9672
3657 2216
9855 2961
8061 2067
3533 4893
8661 8629
1818 6249
150 886
9127 3723
87 2992
8554 4307
9348 2928
5942 2787
4734 970
4894 2170
5645 2538
1465 8285
4387 5591
7651 916
8761 4242
7073 450
2881 9271
468 7813
3817 9375
4796 9138
6450 2245
7446 7599
7956 9384
1134 8299
1202 3633
1668 5936
4440 2250
591 3628
3682 2581
1571 1995
996 16
9316 339
3683 8663
3128 6839
3051 3627
8017 167
253 8613
1941 4934
7035 594
19 3557
4764 5085
1707 6641
741 5025
4001 6566
7514 9171
1432 484
8487 909
7153 7384
8581 3266
8378 2044
8099 4249
6971 8458
1897 3197
5033 7261
6410 3039
2220 3016
256 9891
3511 9544
8509 8516
9627 4591
8709 2305
430 5547
662 6249
4268 8148
373 6947
3626 2392
142 4132
4659 9658
5582 7640
6216 3978
4655 6906
3083 1644
4226 7528
6142 1435
609 9537
7824 6898
3749 915
4526 9698
2956 6271
9761 5743
605 9273
2733 1819
8080 6969
6698 5251
2686 6062
56 5236
5469 6380
9388 9570
996 7742
5540 7921
4798 202
6684 2808
6713 3982
685 1341
2739 2854
5797 759
713 6338
4850 1149
9618 1623
6563 6923
3193 8510
7637 7711
6227 1524
868 5622
4270 7897
5434 482
1 8187
6207 328
4149 1402
6185 6181
531 7622
8126 8167
1916 7454
5305 7223
4663 1290
3640 346
9018 798
9989 4325
9776 2231
3670 165
974 6209
4061 4017
5425 3924
8274 7964
3296 508
7631 3875
16 5279
1148 6000
4715 6029
3566 3166
3890 8448
9726 5561
539 3528
453 8164
4402 3171
4208 9744
4774 7030
435 2438
1536 721
6023 2985
5559 4285
5753 7379
1167 789
7843 2871
1052 2252
8111 5347
1927 8536
2639 9266
7598 5329
1227 5269
7505 1819
1007 524
5921 7286
1338 9472
2481 902
5070 4135
5781 667
4808 7213
3253 8293
6035 5902
9637 1642
4181 7121
6266 3731
7967 1283
5828 3265
1606 2278
8426 8246
9861 8697
1244 8269
6924 4307
1770 5226
5894 7213
7726 8666
7875 9145
5403 9942
3032 9469
9349 7748
9089 9780
4891 3198
414 3280
5276 8954
2423 7826
6805 7993
9391 5652
5754 8351
2740 1646
6040 8820
7207 61
4323 9309
3575 5846
4214 9746
5561 1963
1501 9347
8761 8274
5148 6512
2909 7899
5035 333
1171 2551
21 6927
1418 7439
1963 295
7269 983
9941 4299
3429 1965
7751 7893
3896 2005
5145 4067
7710 6880
5128 3431
8251 9585
8364 2735
955 1192
2642 3844
114 5155
632 8692
2536 9777
1344 5928
1343 6113
5570 4326
1327 536
8328 3970
4674 5876
4913 6933
4516 7846
1948 895
4275 8589
1944 6657
267 8687
876 7726
5923 1567
379 7640
5943 8428
3022 3259
5539 7394
5325 6374
6683 535
2213 8718
9895 778
691 7198
9625 3266
554 4725
1427 9669
1629 4463
5045 9549
3397 3155
7201 9972
7296 252
1679 610
5023 7585
4138 536
5068 7337
3685 7020
1853 2276
2620 3786
9117 7619
2757 3475
5453 8799
6154 9834
5270 8706
4177 4529
6977 3419
3962 1591
7490 9858
7544 4435
2863 6916
8171 7665
4539 9956
1177 2634
2622 326
1219 1235
4429 4069
1890 1770
2968 1686
7450 7235
5275 7545
4089 9241
2196 1100
6898 7404
3792 7321
3536 6476
7958 4369
6493 191
3537 4634
6281 6976
9609 2689
273 7240
4942 5948
4970 9462
2451 9115
1115 6785
5929 4260
1134 8066
6744 2471
4752 7194
4219 479
4874 8935
3640 7292
3096 5843
5632 3411
2797 9749
9107 4029
3742 8786
1977 2532
2216 7884
7091 8668
1047 6376
6918 1759
9674 5453
8309 5176
9102 1155
3118 9935
5726 4024
9272 196
293 1540
3731 1266
7145 6092
1295 6068
684 782
3387 5930
322 8020
3841 878
3684 7976
1738 3738
4766 9253
1639 9664
3954 5329
6166 1031
826 6990
7506 4340
9820 2811
5345 8616
8972 2000
2077 9216
7402 9775
9072 2092
9904 1798
3957 960
9270 6843
2629 5823
2578 521
132 8534
2010 7765
6965 4115
4666 4200
383 3446
4277 8825
324 5700
8005 797
5499 2846
1074 2002
713 5949
6095 3180
5160 345
850 8293
1467 1146
430 6109
4146 6170
3041 1057
4978 5832
6699 3352
7524 9095
2082 3405
1242 8314
9254 711
3319 2272
5824 6788
7647 6838
6876 6099
7971 3317
8270 7488
3736 3419
3529 2080
2883 7476
5777 6961
2203 9855
5568 8401
198 3723
7973 824
8750 5217
6728 5139
9485 4506
7264 2428
9630 807
6104 4355
1123 984
3862 2709
954 9863
1447 2761
1617 8514
6845 922
2379 3699
7708 7921
1398 4739
7781 7757
2692 5851
3207 8926
2524 5099
5637 8541
6302 7338
2229 4713
3286 2100
5620 2646
9789 792
8811 8360
8869 6297
3939 1922
6256 2933
4106 9561
3140 2723
2392 7537
793 1501
7085 1673
6235 9637
660 7125
9776 8370
361 8943
5599 16
9190 6263
4553 6643
8410 4392
2435 7839
8347 8222
5186 691
6508 4350
5798 8728
7957 9613
794 5410
1548 2975
8281 9905
3675 3922
1044 942
4038 9024
6724 6806
3218 6681
8803 863
4801 3276
3788 4499
124 6676
3976 421
6010 3840
9923 2263
6763 5563
371 3864
2568 1953
966 163
6934 3412
7394 4580
4008 2659
3830 4664
9025 9029
9872 6307
8270 282
7798 2032
4112 7970
2969 6432
6771 6062
6490 9264
7361 1870
1562 5037
6617 3181
6807 8110
270 7163
6530 4155
8100 4596
4437 9345
1457 8942
4969 2437
2184 9213
5444 905
2434 3852
5284 6397
1780 4579
5312 3698
3420 3755
5182 3596
6976 4067
9759 6977
7345 9712
6133 3054
6713 1074
9354 5432
6464 9905
1479 8275
755 9001
2979 8038
999 3680
3870 3193
2679 5727
835 2328
6936 2847
3472 3209
576 8837
1133 9697
9341 6127
2023 1425
5724 2300
5811 6968
2981 1161
3506 5307
7963 6271
1959 5373
7812 2155
8072 2222
8144 9463
1958 9094
8406 8874
3602 6181
8577 4492
7734 4624
2891 7633
155 7492
4687 6597
5510 6250
1720 2111
9023 5258
3574 6884
369 923
6287 8496
7855 1198
4435 3876
1186 8389
4661 3624
4465 7488
6804 1331
589 312
1563 2037
130 1859
9671 3025
908 4918
3263 4091
9360 4448
2207 2877
8368 198
7003 6795
2042 9415
718 847
2522 4450
4991 2705
3333 2342
2821 182
9968 8464
9254 8820
4316 9280
7013 9036
4346 3186
6695 194
1637 4714
6631 5424
1665 3919
2352 2847
1532 2914
7042 2095
5806 513
4719 9128
6136 2904
5824 7297
8836 7974
9444 7998
8301 3404
5102 7026
2969 7289
605 7322
3493 4819
1106 5591
7519 6424
2854 4838
8752 1859
7762 1353
4954 5445
5848 297
4087 7741
6187 7432
2004 7777
8603 8814
3428 5575
2047 5750
1271 7864
6321 7593
6497 6448
8532 1998
5907 134
5759 745
1637 3986
9163 4107
884 7188
9666 6238
3401 4492
7556 8801
1056 4401
2442 1147
7114 5231
2935 8078
5454 6172
1025 5285
9676 3606
9563 8570
5858 1212
1109 8456
9181 6794
6856 8647
696 8809
1151 4421
2261 9925
8813 3318
3984 3640
2174 9728
5256 1545
7385 9445
6987 8285
8489 7101
5167 3002
2402 6899
6775 5359
5699 8340
9127 9674
3017 6772
6728 3559
3883 2866
5600 4109
6257 4309
7589 2687
225 2041
1771 2439
1575 1688
1095 6061
1000 4545
9820 7863
3279 5150
2677 9288
5885 6671
5349 7996
472 9772
8122 3649
7371 1765
4361 405
1198 6993
910 4112
3548 9106
1869 8648
8185 789
1860 2929
3005 1415
2991 2296
6831 8474
9178 2885
1721 9545
4000 1223
4455 7768
2567 9697
547 239
8877 2272
8983 4864
5801 9438
9607 3929
4920 5894
9158 838
1919 5339
8293 811
2286 7934
1914 1818
174 2354
5221 1474
416 8407
6145 1459
2294 6883
4110 2252
7915 1410
2648 3127
2531 2691
2323 8102
5671 739
5391 7311
5574 1396
6301 9986
846 6798
5675 7630
5262 6792
7493 1954
8099 6167
7059 8437
4053 4713
2989 2559
2042 5696
5604 7224
620 8985
3623 7063
602 822
9553 9745
8888 6681
7691 5830
5148 1972
1854 9233
7773 4708
4264 3587
8112 597
8564 7155
1921 5861
6381 1577
1510 2855
3943 3324
8867 5216
9417 24
4934 3535
8652 2817
6887 8413
3337 7781
2163 1965
6925 3994
4384 6163
3366 3623
3392 3928
4463 3810
3750 9255
8906 7905
6333 639
5441 4304
4090 6497
7546 6726
6909 9581
6737 3734
788 125
2014 6430
1675 7771
6328 4440
9962 9711
3085 694
7488 2697
6523 437
2669 2952
5175 4984
7979 8475
3020 8087
2100 6118
1049 8683
5432 4523
5580 6247
3782 4868
2355 6459
1100 2915
4084 2789
9396 26
3050 6611
991 3590
6416 549
5787 5024
5604 6157
1172 4059
4818 947
3835 5311
1648 6490
2146 2518
2230 5701
6548 2131
9848 2628
2098 6047
5193 6484
6805 9329
9281 9499
8210 1646
698 7946
3973 8044
5398 8326
613 9551
5906 2316
6121 141
8520 1238
9322 3986
9640 4182
2374 3414
2465 7592
5310 7446
7128 5220
7845 6238
6397 1798
5838 8315
4115 5637
4619 5856
8285 9405
2442 3849
2680 8321
3315 8316
7061 3200
5204 7726
3049 6718
2729 1828
1189 4830
5069 7193
6651 821
3445 8368
8192 5736
5034 4544
9565 6078
8354 1946
6101 6274
3838 4523
6885 1509
2867 954
7584 8774
6773 3250
9081 1624
8346 1286
7715 1702
1471 8829
3186 265
8626 324
4256 6237
9331 8990
7742 4495
7813 1238
9678 9259
9649 1883
4516 3663
9308 5768
4692 3446
7801 2837
9339 1293
4639 6188
6026 7173
5647 9119
6625 499
9249 2544
9217 6219
760 2742
9208 2584
5263 9314
1933 2052
4987 117
9115 7986
9164 7693
9578 2747
402 5992
8339 4744
6950 7250
1361 4988
4841 7006
6743 9265
1859 8798
424 1091
8293 8727
2874 2097
3121 9846
8431 3570
1423 2811
4439 8599
436 7327
3274 7022
8284 9849
7270 6231
711 3035
3126 4043
9152 3344
5702 8327
1042 786
1533 4754
3005 5022
6819 1715
5831 2714
5966 6841
7632 6619
9200 4328
1569 6011
5509 9327
1766 9117
6204 7335
3965 5787
3592 3050
1784 1287
5778 3561
1558 9827
1075 3786
6917 7997
3907 1366
9675 1853
9869 5067
4462 916
5465 9699
6580 4016
3538 6607
3997 3196
5779 1970
2751 9646
750 8628
2910 9960
7924 9593
7492 5310
4144 744
515 8381
9504 5353
4621 2086
4310 9048
5364 2610
5146 8189
7202 9105
4208 4025
4531 3830
7723 922
1329 4312
10000 6122
8495 2091
3615 1489
1682 7151
9185 3444
3758 5860
5131 2569
116 5206
7464 556
9906 6819
4530 5536
3413 8571
7898 1211
2988 8251
5262 6258
5864 6082
5822 7917
8843 4330
6970 7234
3892 3188
4706 5457
626 8346
8818 3330
8522 3102
5371 8404
336 1712
1250 4792
9782 5539
7785 1868
8348 7599
4560 491
1057 2737
2344 6673
5307 1962
9881 7511
2031 8872
277 1448
936 1562
6683 5977
8379 6636
5409 3007
5898 8794
1169 932
3137 6039
4481 9733
3149 3241
714 9193
5454 3517
1628 5312
2862 230
2540 8924
3138 1402
360 3503
673 1657
7779 4522
8486 7136
4140 6802
5801 5473
6191 4432
974 4529
747 5802
5693 4459
360 4156
350 4465
6692 957
5012 1678
8435 7139
1385 5850
2003 1073
2890 327
9685 3162
452 991
127 9499
7587 9183
9049 9309
8997 9257
6490 3353
7361 1456
259 6317
7918 1569
6782 9761
9648 4196
1080 9119
1224 4764
6779 4341
4361 8561
3414 5769
3451 6029
6934 8395
4309 1673
3332 2444
5941 7975
7 9582
9681 1133
518 9755
1089 3201
3806 6255
4032 3326
4130 6504
775 7838
2345 7440
8735 5420
2024 6233
7409 8593
2065 9810
3823 1544
5835 1773
4301 5217
3427 7401
1432 2859
8148 8587
2607 5668
6402 8624
8921 5669
4627 8139
6651 8646
2267 3937
7916 5728
5439 5874
5098 2426
3533 3153
6125 7603
9531 1901
7305 1239
4037 6620
9060 1821
8749 5006
3840 2631
9998 3960
4925 5185
6550 6250
9575 8192
3924 3658
9061 9637
3769 266
6972 4374
8730 9436
5434 5716
391 1683
2607 2516
6757 4908
2493 385
1568 7217
6482 6144
5012 6615
7979 6927
4699 7003
9756 5348
9322 7138
1732 8334
25 3888
5782 1741
2365 8214
3936 7163
9308 1911
8019 6355
8322 3814
3344 3203
6030 5000
2497 9800
436 797
8523 9344
8634 2552
7534 5740
6711 4013
4164 7623
7071 1581
773 9668
5084 6135
416 323
2011 6448
5549 4342
887 1421
83 8529
6884 1792
4797 1509
352 2777
2598 1257
1036 8817
5293 4669
7042 1020
4075 3336
2503 2137
8818 4791
7923 3730
7770 2875
4726 185
9528 2481
7009 1176
7485 9481
47 8691
2427 2070
4525 2885
4730 7623
8682 6285
3414 5395
5867 5030
9963 1376
1870 2998
6177 5958
1269 6097
3280 768
3408 4580
8715 4868
8921 9434
4305 6047
1483 3983
6817 9464
3395 9971
8413 4495
524 241
6413 2790
2188 6191
455 4634
7608 1522
2592 5003
8176 1936
4117 8819
7295 249
2961 1730
6857 1065
2565 804
1671 8415
3952 3917
1588 6367
7675 1536
7237 7508
6610 6223
8247 9215
670 7635
6758 3402
5398 9376
562 2502
8846 6732
6384 1682
2195 3326
4495 4205
2203 429
3421 4867
9446 7169
1613 3238
5201 745
918 7867
5474 5313
6204 7933
7406 1642
4180 4427
7623 5724
4990 3339
1623 2675
4344 1356
4008 6316
1518 9446
232 6801
2979 1482
1368 8523
3844 3732
3355 5083
8111 4487
3903 8500
179 2233
5200 8385
883 1532
4768 634
6055 1497
4164 4861
8348 3142
6738 886
7562 3079
1997 7623
6553 4811
6776 9660
261 613
7463 9547
8713 6109
6573 4127
1874 8259
900 4957
3249 2488
1583 6845
4212 4682
5233 5947
8153 951
48 3052
1331 5720
2604 3449
412 3500
1644 9869
7770 9093
6396 36
654 5971
7393 1372
7607 4115
364 3634
8034 6221
4639 5933
5475 6197
1432 2568
8645 8956
8838 4022
1210 8047
9585 5102
6060 6248
8855 4956
4656 9901
5728 4634
314 2150
5155 2745
629 3903
9624 3522
7961 2361
3898 2545
4274 7116
1222 3268
9394 1493
1196 6312
2481 6679
751 9244
8836 3129
6871 8622
4818 2455
4971 7490
6320 6140
7351 7176
6057 4017
2542 1928
7902 3532
786 3486
2429 1126
5834 8416
9162 2013
1200 8061
7248 4861
6569 7159
8367 7986
6490 5361
2303 4678
1026 6517
2280 1680
8679 5523
7107 4043
3262 3971
5066 5896
5144 4175
9261 66
7287 2458
471 4071
9836 8553
7666 656
2575 2322
7767 516
57 8201
6128 8859
3018 7457
2824 3016
3390 3181
394 5457
4260 4829
7684 2984
5079 7826
1099 7026
1914 111
772 454
6902 6436
3743 5651
2919 4520
9710 264
4187 3972
9312 1871
9389 6908
1895 8568
5969 3894
8632 6769
5097 3762
8130 3882
349 5750
6761 325
262 9760
8913 167
8471 5084
4921 408
6372 4999
4607 420
3284 6160
5844 6169
6535 4855
9196 8044
5299 345
8516 9754
4420 3373
1456 6095
8816 3260
1640 2722
834 3833
3352 3311
5711 4060
5526 3788
4837 2810
6973 8545
6831 6766
9827 7082
9791 724
1272 1117
296 3945
39 3572
6105 9633
7338 9526
1529 8255
4388 8531
7752 8542
9273 2665
8515 9164
7037 727
9559 5772
4114 2333
5750 2639
1538 581
4592 8556
4718 304
6036 9935
4045 7822
6228 3886
8775 3904
8227 3504
886 8696
9032 4148
3822 8750
1448 5067
2246 2726
2464 3871
3253 283
3950 8224
4284 5401
7736 2441
1825 9658
7058 4539
6388 8479
8740 2479
9046 4992
9974 4221
6014 4903
2964 5384
9747 5946
6041 2185
825 116
8904 9549
4337 5382
759 1565
5637 4704
3414 3045
4546 1494
1907 5487
5754 6251
1672 4344
1221 8933
6558 9203
5023 411
4437 6438
5109 5417
3492 4418
1948 7695
9673 4790
9067 5690
7679 4032
5237 4680
1960 8440
8643 8792
1530 1022
2662 7298
4321 214
6230 5098
6151 2691
3061 46
4080 1561
5748 350
9961 6360
5081 1628
4675 1215
8446 8644
6133 3172
1110 5846
5163 6810
4675 78
1097 6610
6148 9883
7990 7127
7836 1013
8342 4384
2804 7378
4241 5556
3825 2717
920 2648
737 8613
6189 7788
4103 2706
758 5198
6098 2166
2776 9505
1294 7813
4148 311
6843 6057
6922 8820
5320 7026
2338 7984
7271 7236
3920 4962
1682 7086
355 412
1107 8783
3033 3022
4409 8102
1080 7176
1167 2129
8895 2460
109 8095
1912 9681
3924 2823
7476 9183
8592 4421
9191 6122
5399 1870
4163 5281
3870 6529
5646 3701
4822 9493
973 5178
8397 5324
4109 188
1631 8033
181 259
9908 863
7192 3909
5964 4031
9338 854
7805 6921
2979 8538
4572 2487
1596 7180
4932 8233
316 4537
9004 1830
6228 4241
7483 989
7002 6577
6353 5021
8151 6820
8357 4169
281 4436
9399 624
1634 1945
1721 3113
9570 5512
3742 8488
3076 5552
880 1854
3359 5909
5833 6167
6321 881
1041 7039
6057 4939
9580 2315
9555 7763
5726 9725
2679 3152
675 2602
7447 502
2329 9219
7599 1168
9183 6045
7111 6208
3449 1943
598 2307
9569 5602
5645 9037
4421 5779
2036 5065
9444 3405
3409 6881
4150 7030
1425 2494
5729 479
3266 1076
4815 8266
7190 2231
2880 8887
8674 3735
7374 1819
6713 4735
6316 458
8160 9755
575 9307
2906 1423
4506 8606
819 3841
4661 7139
2812 5473
9960 5224
4636 9482
9606 1778
681 6035
8051 2813
7760 472
9760 5962
8067 7830
3656 9565
5549 3668
5935 7396
2845 1384
8261 7607
1103 7283
4447 6407
1329 5586
1806 9495
2374 6070
7890 7907
729 882
6948 9296
2202 2626
4104 735
9646 7171
7153 3737
568 5273
2292 962
8227 6897
345 8495
424 9374
6632 7333
7912 9980
9447 8218
3907 7397
2249 484
9671 5345
5307 6271
6880 4228
7313 8429
3981 4372
4267 2506
5838 2728
6460 6788
7150 6431
8371 5660
5227 3724
4359 9043
5285 7681
4804 8412
7907 7002
2497 6827
3916 2919
2993 5294
6481 2748
1071 8050
3146 9877
1213 7708
279 4765
5119 2858
1707 5522
2703 5962
4608 585
8069 4084
7033 8491
6492 9752
4829 2633
3902 4576
4237 7694
8990 6816
1515 6454
5546 8712
3359 3002
2905 149
3139 1386
4723 4180
4563 8161
4536 5036
2130 3234
6358 1574
718 5308
2105 8321
2119 2530
465 9405
9042 7324
3994 4586
7020 4185
3551 6411
1161 5965
1367 7458
3939 7123
2414 6705
2003 6769
8725 2823
708 6317
7407 6068
453 6212
86 8854
9941 6401
7213 7684
7345 2576
1668 1304
8365 7479
394 3717
1676 3758
4316 3693
7094 3613
6248 6699
7835 9628
1952 115
9280 6092
9204 9953
260 5719
1718 5691
8086 7588
1908 3952
2676 5708
6384 4702
7200 7424
298 2143
922 4506
3464 9072
3018 7363
9937 7186
2244 523
3154 5440
4445 896
4686 1336
6201 7510
4655 1771
7271 9521
5260 1607
2698 2534
9513 1777
2147 7738
4222 1854
1060 5969
1238 6253
674 1898
8200 1146
5652 282
3624 2995
6248 7405
6575 5226
9939 6057
2458 1191
7134 9857
3785 5845
9934 2979
5755 8188
8910 1512
3520 1585
7675 7695
9596 9731
9481 4983
1057 637
9234 9202
5073 1389
265 7728
2463 286
1092 2910
5909 3101
6296 9267
3149 870
9945 9698
7507 1281
8036 5091
3903 223
697 5340
7745 5213
9811 3441
413 2372
7307 7466
8427 3624
2620 9463
5854 8057
6000 2093
138 2499
5561 3615
3069 3714
1602 6350
4055 8198
5271 8919
6339 8109
2519 3075
1064 1689
4713 4047
1564 8725
4437 6681
4329 9425
6579 9002
1745 6452
6609 5156
258 7352
1780 9696
1957 4938
7847 702
100 9952
5791 6291
3640 197
6657 1500
1218 6580
5489 8998
9872 1412
6077 9380
7570 766
8664 9783
9545 3971
180 7976
2415 5792
7753 3784
6582 2648
7128 3617
239 3002
6780 8568
4421 1353
1460 6695
410 3107
5493 9664
6502 3998
7120 1497
6744 8825
1078 8896
3310 9748
1240 3066
3492 2649
2108 4404
6651 3731
2438 5869
4487 5695
6698 7605
7797 2043
3857 867
8314 5800
3618 4655
6564 9663
4633 1049
5791 4781
4314 8275
1378 421
2067 3503
2624 5639
2539 4919
2459 8520
5466 8793
7281 7415
3468 53
9642 1687
3370 9542
6425 1863
7967 7158
4567 6425
6715 8319
3543 5944
7218 5911
7789 7795
7640 8209
8011 2780
6944 6132
3506 9484
8401 4909
1289 8363
8172 7222
9327 6607
1748 4571
2760 5806
6121 4660
9670 8042
8234 1947
5371 4641
194 1358
5471 4360
5543 7385
259 6855
4330 9620
789 800
9325 9853
502 2621
4558 8986
1357 4565
8192 575
5565 3153
1402 8970
830 2078
9614 6079
9094 6556
6508 3338
9350 6493
3325 9559
7746 3597
5249 8394
5665 4910
4501 7174
7817 1535
238 4220
8748 6831
7243 8221
7798 246
2759 2261
987 303
7388 3640
6074 8489
9776 7035
3373 6209
1439 9320
4686 9179
6855 4583
2901 9829
6117 8325
4294 2625
9844 8099
6885 8578
4846 1224
8652 2908
1605 5150
8094 7249
8734 150
1368 6163
666 7546
6142 221
7263 2743
2020 1313
5107 3885
6072 3665
9240 809
9655 9353
7508 7766
7816 9145
6395 9015
3501 8703
729 3550
2326 1690
3648 8200
8224 6695
3660 552
2359 3901
784 9416
3309 6268
3363 7965
6698 4022
312 3719
2364 1179
4633 3279
4231 7961
6475 8704
431 3000
9481 5966
6233 3152
7558 8001
4042 5044
1655 7205
7552 7950
3999 5027
1225 5675
3402 602
6991 807
1399 1121
1396 9971
4932 9116
5264 5339
9800 7115
8041 6742
7838 533
6806 8455
7444 5517
4551 4858
4474 7318
6283 7570
8723 6065
6570 9515
19 1150
4284 2495
6421 7683
2693 3815
8229 9824
962 7786
2226 4143
6687 5345
8450 3524
8328 9062
7745 2290
1553 1277
5701 6835
7203 323
2395 2628
1146 4319
6349 7538
2943 8363
2939 197
674 9229
5486 9975
4959 2054
4149 177
1569 9393
5422 767
6562 5569
53 2889
9458 304
6701 7246
2436 9582
1366 3233
7660 1006
8938 2774
2169 5948
6887 5554
5522 7917
2804 4713
3713 939
8765 4139
1057 9934
130 4491
3942 8582
3832 9597
2173 8836
6518 176
2952 823
5140 6344
1860 6248
473 4220
721 583
6710 6446
2932 9448
5615 1653
779 5337
7441 643
5407 374
1334 4294
1366 1764
4030 2453
1253 3186
8325 2302
9 5546
503 1747
6089 1857
394 3624
7657 1453
4317 3048
203 9435
246 5241
4910 3876
8615 606
9969 8972
1298 2454
8270 1411
7958 384
9060 3135
6788 1698
722 1855
9348 302
8288 2694
562 8604
5414 8174
4419 8837
6988 9023
4304 3269
2954 5844
7064 367
4631 2095
2533 7239
757 1848
7654 2194
5711 1525
7784 244
8914 2267
5664 8177
6811 4205
7048 8230
4565 4465
4269 8366
9404 6829
6557 1038
6814 2522
8059 940
718 4623
8086 6046
3495 4523
1943 6622
628 7410
7583 6740
9019 3611
2295 1574
6554 2103
990 764
2644 3704
7566 2424
8747 491
2598 5060
6083 9936
3594 9279
8276 9899
8147 2057
2322 3269
701 2054
4855 8245
9475 6003
9927 9847
8194 5070
9325 998
1319 7792
557 4190
7999 5219
3879 1079
4157 9049
1726 1964
383 9673
16 4519
7883 9552
408 7826
6205 2635
463 4575
5493 629
1819 436
9169 6781
4110 3786
4460 2877
508 9036
6087 1442
2586 1129
3049 7695
6429 3164
1547 8175
2547 7673
9323 5938
4282 5973
8367 4998
9146 1367
6787 5268
5534 1738
7416 7916
660 7072
1860 8445
844 2202
1551 536
9343 6403
1791 4744
2406 4256
1983 2123
7445 9853
7153 2773
8911 2961
3094 4866
6387 3756
4011 6811
6782 8623
1573 7906
2873 7069
3211 1324
7389 9273
5817 9463
5426 6723
3522 8110
4903 9294
5955 9483
9255 6682
8652 4789
3197 6523
3486 5335
57 2065
1677 8399
3850 4264
1215 7947
5834 1180
8266 7070
8669 1700
7574 7282
3699 1776
7991 8063
7502 234
8533 9662
8083 4988
6229 8983
125 9929
8680 8576
1833 7937
4459 9354
4984 4554
603 5802
893 1064
8008 4409
7901 4337
8187 6429
505 7886
7424 7613
5145 8236
2916 8058
4603 7888
6674 674
9004 8217
2297 7551
3440 7231
8740 4577
7278 967
8765 3100
6828 5886
1009 3995
7847 5853
5633 691
4888 3098
4393 6092
4790 1626
6234 2774
1249 1829
5490 9876
3820 7974
511 7256
3953 974
9092 2570
9926 215
1724 4288
4238 713
388 1314
2700 9339
3942 4572
2600 7756
3899 4882
7181 2105
2027 8954
3640 6045
9664 7965
895 2852
2138 8735
218 6077
5281 5441
1496 6977
5392 5277
4136 4133
7919 4589
1895 846
1167 703
8508 5597
8533 738
1506 3772
142 5916
9763 4648
8420 4998
2217 7844
3781 7064
3580 7175
5954 2158
6740 9195
9101 842
2044 5626
6158 5822
7069 9246
1430 1607
7470 4553
928 8651
7421 4932
6929 1504
8246 1485
7948 8686
9284 3292
7590 2153
8334 6250
9567 9018
8017 4433
4693 3279
6746 2056
3898 9065
7901 2203
8777 2164
333 3069
1258 5769
774 1442
1234 4685
4966 8832
9156 4881
782 1100
3196 8661
6065 4984
472 7241
1093 4964
860 9264
2393 4390
1144 1419
8450 3002
7656 9877
578 8263
1794 1432
2780 530
2898 1560
1978 4432
5208 1228
4863 7648
199 2678
4732 2942
6300 4696
7814 5225
3809 1287
8312 5758
8830 4121
6736 858
6977 2935
2626 9375
121 2882
2904 3698
9105 7066
6133 5794
2971 7365
498 3225
8068 7734
7782 2577
6071 165
710 4601
1578 7772
2448 6400
4105 2282
4782 8553
2969 1864
4533 78
348 5050
5974 6772
5928 39
9728 4358
919 7301
8027 5914
6075 32
8961 7375
4803 989
1427 7867
160 6990
8828 6510
5353 8635
8773 3903
7199 751
3208 4358
6921 2166
588 7802
4973 5072
5287 4464
8606 99
121 2394
4081 5667
1673 1680
4090 2217
9500 4265
5426 8242
7135 9920
4999 2509
2795 4550
3806 4148
9141 1360
5496 2808
5772 1708
6292 546
5162 8598
9592 2704
3209 3751
8861 6795
8004 263
9749 1876
3474 9594
9661 1802
2135 2816
4195 4397
2133 7965
7559 5178
9630 5895
173 4094
1816 684
7143 9551
752 4814
7034 8434
8946 7947
3869 470
6106 2829
8937 8184
6320 2830
7976 8064
9718 4935
3455 1226
8433 7131
3847 30
5551 7680
3497 6557
8646 4713
2846 981
4404 3648
7897 8317
5065 1387
7586 6674
4016 7281
1205 2151
728 3057
7846 8147
6883 5591
4713 4304
6992 5258
6297 652
6241 7375
3755 4169
841 9039
2343 6034
7991 1371
9903 805
1291 4511
7541 3152
2059 7292
1414 1168
1319 2272
7923 7834
189 6491
8861 5291
6635 3974
3361 5205
3595 3294
5256 7806
2367 5768
5862 5454
1501 6513
4579 1922
2340 1805
8764 4185
1748 8070
5427 3124
6513 8200
1926 775
9909 3585
4975 2346
4382 8973
4846 1508
9339 1058
3217 9987
25 1466
9561 7095
5231 8639
7152 4032
7069 3641
4521 2993
6393 2563
6222 7769
5541 7864
3118 593
1442 1624
2166 5501
1907 7892
6248 2155
2070 5657
3359 8938
6701 5853
3608 2533
3130 9932
5468 189
273 8268
4477 2923
1326 8086
2051 4936
7034 9159
4203 4628
8325 9221
90 1753
2170 3735
3072 1767
271 7
709 4891
650 6528
4344 4783
9836 8466
6063 8732
9295 4989
555 2069
1266 1713
4273 3489
6465 618
2479 4688
8221 7289
7064 7641
4755 5870
7252 1656
6125 3174
7945 3230
7446 1732
7701 8186
9990 7655
9148 6333
3472 2021
9368 4176
2692 858
7937 4336
9246 528
9721 1580
1280 809
3091 3713
3507 2565
856 2670
4029 5498
7320 1037
6116 8431
652 8179
7647 9597
9556 8259
8426 2392
4457 3202
1262 1910
1911 1797
6962 1134
6917 3379
7777 496
5582 3142
810 7279
6575 4501
7972 8245
2998 677
4998 5568
1088 4793
8988 6709
502 5941
8101 4036
3890 2379
9744 3014
8273 1495
4197 2159
6562 2763
8595 2610
3915 6698
156 8621
3590 3936
4117 6732
2211 5959
6180 3569
9832 8172
3513 190
109 818
3118 624
8288 5128
2616 7374
9075 1981
6248 571
7651 8041
5456 579
6208 8378
5217 3016
9540 482
7326 8324
4215 3892
5162 4619
3449 455
4895 2173
6718 4067
8341 5453
6282 9000
348 4991
7006 7121
1072 236
1995 4890
7065 9775
9584 965
8018 6187
7220 6878
62 183
9415 9211
1749 8481
4064 7223
1040 6595
9516 6647
8316 9565
2719 9568
4573 1633
9920 6179
