placement model: 1slider
width: 10
height: 10
number of points: 100
6521 9978
9020 4487
4567 950
9822 7877
7039 9360
2033 2392
3449 5433
8638 6516
8047 7641
9831 2718
223 5948
1045 5756
9962 7370
1675 8354
7874 1936
5020 4188
2688 4251
9907 3084
2040 1230
1433 6739
2404 8223
4447 4613
5012 5475
836 5535
8532 4857
3606 4862
2013 1000
2844 7986
3914 511
4621 6286
1706 2919
4748 9904
92 8337
6296 6418
4740 7826
8553 3714
8769 5364
3448 9136
7725 9889
2824 5590
5580 1347
7744 4995
6156 2178
501 4455
1912 1650
5466 5177
8056 8281
7327 8088
6263 4264
7588 3909
5779 7977
5155 4614
4613 2710
3472 3907
7266 7034
4802 3156
2006 3594
1693 6106
3338 2507
3257 3787
3488 1335
8327 4535
9201 1092
5803 5926
2963 6846
9359 6671
8786 5811
2494 1123
9811 2358
5003 2779
1831 4815
7784 3162
8683 3910
9030 7536
3131 4505
9606 1014
6126 4363
6362 9409
3835 2671
5933 5110
7562 9380
19 7788
623 6267
9240 1648
2613 918
1626 6918
4057 2722
8923 370
5154 9791
4941 5414
1646 1604
5156 9359
2645 9804
7239 2443
4496 5296
6486 676
5902 9351
6590 6451
7298 4532
5743 371
