placement model: 1slider
width: 10
height: 10
number of points: 2000
2982 467
2669 5052
8415 4648
4554 1498
2590 3799
7439 4264
5598 4964
9496 5469
9281 3966
1756 1231
5397 8516
7544 8633
5300 446
9965 4356
4291 8403
4994 3377
2871 1176
7577 4250
3565 7249
3532 773
6985 3620
7718 1327
5460 1925
5087 5228
7637 3811
3228 4845
2375 8353
1737 3866
5972 3158
5350 1263
7803 3540
8914 9809
4030 6903
5754 6186
4890 3162
5511 7769
3445 8844
9298 2625
5931 40
7403 9474
3209 7298
5019 2362
7893 3616
4283 8729
3233 139
4252 3876
3091 3666
1786 9624
8254 7092
5933 748
7130 9863
5780 6644
7076 7175
4666 4541
7085 3345
4423 9014
2331 9938
7467 6428
5543 9738
9523 1152
3006 9187
5731 7538
8336 1336
4631 2018
579 4031
7929 7953
988 470
7458 8580
2539 3598
5439 6260
8154 8019
1553 5073
7717 2743
6147 447
5057 5807
8223 9651
6016 7134
1993 6359
1366 4180
4365 1096
9001 5406
2154 7980
7877 7767
7310 9594
7770 2907
9938 6368
726 1935
9034 6419
1081 3974
3572 9382
9708 311
8122 5018
3684 1997
7063 3074
4408 2584
5318 1945
7223 405
9034 6941
8578 567
9319 8856
204 1330
9183 4703
4025 2854
237 194
6682 4782
3036 1449
2708 4970
4031 4832
2448 8531
9067 7278
9360 1968
2824 346
601 6436
2699 9348
9438 3141
2493 1959
94 8211
7776 9873
3338 1176
61 955
8606 6431
8260 340
4313 602
6363 1177
9293 3886
5212 1364
3883 2114
1460 9927
8615 3317
2074 8771
6105 3250
5608 964
576 762
5775 5583
106 1679
9675 889
3216 9839
5904 841
6848 7112
5486 1371
7813 9057
349 7865
9676 6219
3350 5624
8579 3278
8510 4581
3105 6702
5764 9938
4127 7059
482 6345
7983 7027
1854 8058
8599 2889
1521 4949
3744 5905
3702 4273
487 5646
2674 4825
7469 7834
8177 1617
4055 1113
8266 2925
6513 8537
2018 2625
5710 4546
691 6110
5519 948
9091 5601
2120 4177
8378 5247
9611 3378
3235 9505
899 5609
4748 2
4747 9695
2445 4116
6264 1913
6543 919
2063 1424
8025 2737
7110 6553
8940 5677
8384 5331
2144 693
210 6296
508 1332
9167 3831
2836 7627
3079 8058
2712 3604
6310 3440
524 8607
141 4739
5105 7448
7967 933
4456 7820
6660 7453
8347 3961
7909 2844
4556 6168
5929 5783
7348 3956
7840 1061
9357 3146
4438 2142
7190 858
6774 595
7094 8244
3160 1935
7201 6692
6119 4595
44 5230
5264 6789
3708 7778
6799 6692
9176 9737
533 3383
6431 8730
8441 2571
9608 4712
6747 2903
8362 7241
6360 4441
8900 6647
8686 3376
8325 5640
1962 459
1540 9872
6023 5016
6754 3183
8709 5523
648 8056
6255 4400
1879 1587
812 1256
3509 5804
3250 1164
8906 2961
9114 3175
5697 172
8322 9937
7524 1626
3 546
7 6401
8642 8189
8023 9520
806 9455
2657 6176
2946 8733
2746 9866
8868 5850
2229 3044
455 2347
7322 3602
9630 7944
2286 2470
1623 3771
8143 8026
7434 9198
9608 9459
3269 8639
6738 4042
7298 779
4220 8624
3693 13
8095 6644
6327 8196
5281 8275
7877 9026
4010 2033
3829 4301
3557 3795
6759 3495
683 8673
9866 6851
5888 9873
6709 3621
1578 2344
3151 8355
2251 1332
3300 3139
4099 6759
3057 3880
6275 2475
6104 5259
5567 1366
4273 8617
5095 8239
8480 9396
6909 8008
2076 8896
9575 2972
7288 4131
2364 2516
9168 8473
740 4550
1126 4177
3829 8245
2899 9133
1386 8431
6943 6438
7146 2666
1169 6917
93 6394
2055 5503
2039 3121
4921 251
56 4420
5737 9712
6826 3633
6137 3662
3303 723
8393 7277
8767 2928
3062 6203
1135 203
99 9930
8998 6635
2477 1628
9014 4318
1987 2560
3455 9379
3113 5187
6186 3702
6488 7714
2068 9754
6986 7062
6570 5659
3014 6509
5131 9825
5460 9146
4017 384
2024 2055
7612 3728
1850 859
5514 6719
1110 5390
9593 6385
1106 6393
4356 366
8329 4665
6547 69
8284 5407
5044 79
1019 135
4378 1296
4732 1661
2573 8869
1877 9236
8674 7330
2293 2609
8432 6937
1767 3981
1652 6725
648 2747
5532 6831
3218 9539
2336 6444
8844 1220
7167 4572
9003 2881
3460 2851
8416 5344
2575 6579
1907 5248
8230 3963
3113 4125
9343 8996
2014 9777
3823 4459
3719 219
2090 5172
7082 4816
5682 1313
7126 4020
7039 9801
4941 9374
5294 5663
4076 9048
2467 6423
4283 2419
9208 8493
3737 8054
6714 681
9547 1265
6668 936
6656 2757
2759 8477
2662 892
7872 1684
9550 8956
8372 2757
3611 1544
7302 6624
6798 6982
2148 7466
5194 8869
7079 2635
7430 7274
6942 7513
3332 2617
4048 7520
7300 3294
8584 1771
9045 6994
3470 194
1204 3529
458 350
9422 3822
15 3848
7788 6623
9544 2712
5930 9972
6163 8777
1371 4125
5814 3326
9010 43
7227 8350
8699 5513
159 939
9757 9648
2383 2259
5013 4445
747 9881
1827 8264
6080 3481
9202 9233
7744 8909
1852 9829
3883 4406
7551 3586
1953 8750
1051 4823
2347 2143
2691 8648
5753 2091
7949 5086
8521 1846
4846 856
3102 3223
1827 2544
6449 9386
3718 1045
8313 9028
4514 6240
6003 6556
610 2149
3719 4437
9147 1563
175 6333
2875 4237
691 3274
2004 3234
2266 6602
4769 29
4893 753
3645 5091
5567 4380
5755 5295
9097 8132
6511 2008
7829 9232
4755 6458
3180 7720
4158 8616
6299 9428
6122 7553
2057 1217
314 3371
5288 8765
1486 5468
3817 878
5668 6428
7505 2489
6492 1942
6476 5125
4790 1008
4458 5726
928 9430
9529 3562
6351 9240
7508 7169
5086 5677
5151 8182
4860 4031
5492 3710
5471 79
9206 6698
6493 4238
2185 9301
748 1258
4199 5177
9632 706
3536 925
5226 2304
3028 3832
8987 8587
632 6929
937 44
6404 4587
1902 3407
445 2266
7412 6512
8556 2059
6888 2406
6232 1691
2856 620
1359 6012
7702 5817
7737 7949
2461 8045
2312 4533
7462 4979
9330 8738
6106 5274
3280 1924
8584 269
7961 5378
7127 2270
6819 2604
5532 615
8523 9993
6251 7228
9106 1733
4878 6025
8880 5250
3412 9446
7450 7404
1364 7838
6075 1737
4161 3665
7814 4923
6774 3264
6198 4187
2867 7633
970 3508
6115 3299
2706 3039
4031 9354
5130 5540
3513 1520
9061 5385
9874 697
4976 6184
1641 4150
8500 3862
3271 5750
5547 2173
459 5694
5257 1257
8649 6545
1478 2980
5210 8571
590 6474
2825 1236
7769 4146
8852 4444
4460 277
651 6266
2549 9644
5797 9900
1830 4428
6810 3328
4273 4811
6966 4640
8539 3669
3569 142
6890 3950
2391 4579
4613 2830
1047 3559
8806 3168
1415 3405
3839 2997
4673 4744
3017 1686
429 2929
6079 6352
9054 1837
942 1579
1957 9164
7050 2303
2837 1949
8134 7276
6234 9464
4466 3115
415 3559
9672 111
343 476
2649 2286
9437 394
1508 1872
5615 1810
4179 6063
8725 7058
5912 691
8221 5289
5525 3668
469 1204
914 5178
3925 1056
7612 5532
6002 1097
4814 4747
4140 1949
2559 9933
6884 8392
7606 5517
1115 8545
9901 3955
9476 540
9371 5070
1374 8466
1215 8991
201 816
8333 2564
4146 6929
9472 4414
7856 7162
5957 8736
2636 4097
2498 1383
9667 2146
9756 8764
3405 8651
3800 2411
8921 7049
6843 6267
7085 8835
3285 7490
145 1358
2153 5523
9237 1976
8937 9876
8330 3425
6373 9844
8531 1797
2511 7055
2286 3931
2824 9789
777 4693
3108 8773
365 6000
3985 9516
3017 3993
7245 2554
7702 2033
8124 8025
1157 2335
8416 3979
7260 3919
2946 2333
2779 5018
3738 4328
9868 5867
3908 6276
8383 3497
7680 9177
7824 3912
1493 6157
1409 5003
2758 8149
5710 3607
566 7720
1608 9299
2300 8300
4979 7080
8714 1472
8401 6975
4080 4100
7616 3897
587 8689
3139 9594
49 3267
4098 4585
4551 5342
21 1561
76 9179
2620 6586
8355 4502
9680 8885
3713 7249
5500 8528
9231 8588
7429 4017
5622 9894
2502 2217
8682 2283
1060 1524
2122 2886
4149 3972
2905 2300
7317 6629
5637 4908
1914 455
3309 5342
8158 4484
8740 5274
3983 7046
9225 8468
6257 7460
7731 6738
2874 8434
3950 3242
2241 4334
9507 1426
2021 4919
4090 9979
6292 4657
4428 6370
3307 5622
9298 2079
9688 7181
1764 8774
8168 8183
3790 3305
6369 6136
339 3674
1559 2016
4650 3525
9068 6611
9932 2127
8465 1295
6034 344
7378 3466
1771 8788
2388 4084
9412 340
5434 9548
6870 1895
6517 2872
6692 2970
829 1865
3330 3719
8132 8330
9962 5431
6079 7221
9971 6330
6971 3318
8102 7810
3379 9756
3710 9720
9004 3028
4642 6139
7282 375
6202 1840
7123 3714
2545 5164
7392 5780
4609 8444
6331 2114
6729 194
5126 8062
511 6817
9898 5192
9710 1616
8525 16
5193 4256
2026 5603
8406 7831
8965 3948
5099 1065
1638 8433
6244 6722
7138 7797
682 6590
1438 7521
3563 3768
264 3178
5957 886
7758 1648
7697 3250
4378 630
9117 5845
1265 1151
3303 1885
1866 6040
6529 6632
257 8808
4839 5085
6781 9178
6350 7817
5801 1935
5588 6591
7096 1831
1142 7500
7000 1138
9428 4288
6376 6472
4958 9967
8537 4244
2231 1377
3287 1492
5077 3365
8672 6320
9949 5928
1569 8716
6340 1847
4803 7034
1392 3906
8599 444
2184 6060
3718 1001
5883 6989
8155 4377
1837 7575
2031 4890
5456 827
516 20
704 8815
8231 4252
597 926
4122 6500
1362 6822
9097 1824
7241 1905
5638 1345
5131 7793
2424 5847
8444 5189
506 1486
6751 2797
3898 2250
4104 5613
6874 1547
6617 8970
3115 484
7540 2576
7698 6323
9659 8521
3458 9701
44 7344
5005 1680
4337 2422
2433 2000
3913 7332
1024 3571
8204 2708
6505 2432
645 7700
2178 1600
4374 1563
6972 6091
8343 2396
5287 6148
7060 2970
3415 101
2412 5708
1976 7660
973 6268
4083 5338
8427 3488
1740 571
6572 8438
5038 4721
648 4526
1718 9107
2597 2936
597 9628
1243 1105
35 7195
1227 7835
1220 374
5440 5795
2710 4715
8683 1760
2538 6371
1468 1863
9208 4843
3105 6044
1290 2070
3372 8983
1449 3165
2535 6202
4209 2368
4568 491
1919 7730
4914 8187
6298 8500
3500 2626
5207 9298
2769 7127
9199 9988
2016 1970
9737 3409
4673 6571
4422 9072
6150 5301
7071 9217
6856 8781
4481 9948
1081 573
7375 3740
305 3717
751 7192
4353 1732
1308 2358
1572 793
7840 3072
8270 8953
1281 3340
1637 8046
5514 7917
8472 3344
6309 3499
4364 1111
3995 7819
8263 9855
8527 7866
5395 2952
6052 3521
5706 1471
8711 4980
1948 8671
2478 4638
5861 4284
3612 6989
7963 5095
2124 4926
5908 6173
7766 6840
8272 70
1720 1581
1418 6794
1945 4927
9414 7651
7302 9725
6701 1600
9041 5636
1842 5568
6392 8906
6789 1989
8951 3090
5275 7125
959 5894
7894 1006
1400 9707
7537 7825
8985 8105
3704 1007
5980 8313
1261 9302
799 3215
7611 5543
4678 9858
2077 3607
6161 5349
277 5447
4992 6511
8702 2481
9829 6651
9566 4340
4721 3788
3321 8708
9503 6245
8199 4014
6581 3846
70 6556
5866 6324
8166 1352
8643 9690
8001 9931
1990 8567
8372 5926
5278 3087
1639 1241
6507 2456
5187 1951
4899 5134
4026 9886
2770 1668
8229 7094
2310 6829
6201 4560
5648 133
6718 9788
76 7719
7577 7016
4465 3244
1605 1698
9614 3786
2744 1547
1144 5651
6158 4384
5850 3978
6170 754
6646 7540
1440 8425
4300 4964
854 6108
6248 5504
9888 4624
2738 6601
9090 6121
1200 6412
5556 2503
5342 6512
7799 6677
1810 3440
4002 257
5116 5000
6869 3334
3506 4999
1198 2375
3390 7199
9381 3274
1120 5104
6421 5478
8442 8743
9801 5540
6838 7213
9769 6816
1210 7752
6695 9939
5396 3938
4205 7751
1037 8122
1289 8278
3791 2810
4668 8903
2989 6287
8023 1601
1136 4579
7228 3343
4641 7067
8942 1139
4710 770
6906 8964
8727 361
1368 7648
5615 223
9141 2999
282 4073
920 5223
994 521
1699 5822
9282 5807
359 8146
1334 311
2408 3954
9224 5365
4455 2314
9554 7530
5509 5214
9793 8732
6126 2105
8876 1859
6696 6583
1687 9061
2393 5346
7983 9947
9758 613
7100 3592
5005 71
7712 9232
1379 6539
7779 319
3651 1979
2778 3815
2398 4340
7225 7398
2608 1384
2941 1271
9044 3964
460 8349
9939 9409
1839 5701
5749 4804
5495 6134
5133 9486
8164 5184
3198 6625
3249 6537
9772 3493
7722 5207
1098 5345
1487 451
6960 3140
4713 5130
434 2984
6483 8596
4777 4478
2981 5958
3609 2217
1217 6919
5139 6122
3518 6300
1176 4306
2967 843
6971 9089
8130 3012
5240 8603
4516 1539
9250 3736
2877 5455
2937 9086
5289 4024
4275 4301
9858 3776
4273 5058
3132 356
1770 3673
5160 499
9570 9869
5676 9794
9230 3405
9894 6902
7620 1521
7799 9703
3521 493
346 7770
6643 3778
1592 4231
4026 9245
4782 828
974 7032
5850 5775
9662 7516
628 7051
4820 1342
7852 4394
1333 5474
1489 4420
8430 7459
6437 9777
5150 5769
2806 4627
2779 5189
504 9889
721 9620
4822 775
8148 6056
9069 3266
8731 9618
8430 5562
9779 3103
8884 3555
860 4624
8223 433
5233 9742
5257 170
3206 6861
7242 8190
7608 8096
7262 2901
6357 6319
2517 2347
6688 3744
9058 8590
2760 2744
2224 4909
6996 4786
2746 633
240 7333
2443 1898
3119 8509
6553 3223
7958 1020
5135 8180
1621 2367
4350 3741
4812 7737
7380 3928
3051 5546
7548 1869
5331 4357
7135 7975
3321 8233
145 650
1989 3337
4773 1620
6123 3984
4935 2603
5456 5697
5361 4062
8415 3163
9508 6479
4588 7974
305 6506
4780 3044
1787 1506
5056 430
4052 372
1471 5211
9070 6483
3699 9738
5424 6904
8649 5573
3800 7673
4363 3555
8269 969
423 9633
5781 9657
8401 2525
4875 8955
8052 6556
3481 4054
9475 1399
397 9653
4192 2535
7331 9513
3485 6730
1420 3724
4516 2386
4818 7503
7964 9535
8337 9470
3486 5838
6451 1640
5403 9565
7418 5146
1883 401
3777 1071
9976 7759
1525 5779
679 8145
2749 6254
9820 679
3461 8298
6087 1156
4214 1776
7958 2365
924 4246
164 552
9534 1655
9110 9740
2691 2735
5864 31
338 9152
5676 107
4657 3024
7514 9930
4608 1923
3306 6607
8471 8711
5552 2479
699 6558
6654 8218
9354 3081
3271 8371
9828 2379
6713 3197
1492 5464
3936 8104
1781 5177
9394 6646
7305 5323
4378 7170
7609 6617
6850 3946
6090 945
9193 1650
6535 5036
146 2396
5861 2764
5160 4688
954 1667
8339 7593
4922 3832
5394 5238
2950 5355
5727 9710
820 5700
2810 4080
7420 1145
1836 7312
9132 7129
2624 2042
2222 4492
4278 9426
7489 1912
6631 8590
63 3071
2162 4663
275 4074
2024 9074
5581 456
5145 6271
1411 9018
3893 2724
1084 4011
8390 4546
2700 5289
8654 7800
8262 6715
6019 2213
7634 3798
2650 6148
6044 6296
8090 5530
3625 7870
9960 9618
1477 7590
9356 5292
7325 3931
6981 4867
7455 8906
2484 5788
8456 4393
6765 5134
7959 5841
6444 4506
6041 7020
2415 1443
4080 6665
1869 9930
5202 3565
8762 7522
7085 8840
9389 1832
1123 8187
5433 4458
227 2037
6749 4514
953 1604
3598 2896
5970 6632
2517 5439
8428 2979
5273 6438
3988 1479
8206 3389
3904 3099
2261 1615
6221 5945
8679 4735
9568 2267
4923 4166
4422 1442
9048 1256
7381 5185
7153 6203
3753 3954
4039 3979
8379 1769
8113 5837
1515 7275
9587 6778
2821 2995
2901 7265
7095 4090
9341 7746
3386 9526
6677 6047
9276 9341
185 4426
1306 7802
137 183
8373 2966
4699 8789
1995 9558
602 9035
9035 7355
183 5775
173 7940
6122 9983
9343 6295
9285 8551
8894 9099
6513 2504
367 8538
6147 8327
9370 8314
1673 3672
5184 6672
2121 4853
260 9369
6934 4164
6639 7843
2589 6322
3905 5756
5163 3558
1089 3655
9818 8780
1355 7057
8976 5173
5277 5862
8440 5687
6056 9753
6830 5544
5171 6470
3223 9848
355 4750
5462 8553
7754 9954
5505 8270
4530 9906
6467 8144
7137 5235
7226 5625
9785 5724
6966 7906
2585 3956
9222 432
6857 2288
918 2101
1709 739
5292 639
3406 7025
7001 3887
5754 6557
2480 5244
4309 155
7468 2990
8021 8641
662 7461
6768 9167
1247 3680
5720 681
7973 296
7491 8661
5909 1459
3845 835
2621 1878
9679 8320
4110 6463
9083 2559
5125 8810
1106 4253
9603 7530
2326 8081
6244 7197
6177 3400
180 2745
7272 5586
2862 6175
503 3020
6530 1718
7594 8706
4942 8330
8468 3605
5011 4730
2115 9127
399 6585
9457 1078
6391 9774
773 7341
1085 563
1577 5757
6747 5198
4729 8165
4250 4903
3598 7731
4751 4959
7698 6460
4885 6202
6415 9000
6420 400
239 424
6034 1520
513 2644
9002 1840
133 2057
4805 2444
1297 9127
3313 4193
6520 6246
4398 6666
5261 5458
2352 7749
5545 7455
2106 5824
2794 6248
5509 2774
7055 5411
4832 1808
8311 100
6355 3324
8014 2863
1476 799
733 7515
4760 2492
7585 9933
7860 3079
4511 9574
1979 1836
193 7045
2344 7061
5706 6469
5659 2527
605 9972
305 5732
217 5484
1973 24
507 9019
8821 459
5717 8168
7713 5478
476 5436
8217 6288
9031 8795
9905 7412
5814 7788
5518 4373
6741 2489
8988 9885
6451 7159
9935 3385
9169 9916
8429 9718
7064 4676
6051 3501
8487 491
6114 1247
991 2112
9251 6632
507 5029
1628 9876
8118 139
2365 6143
3167 5880
5391 869
1874 1319
782 1523
6662 1809
570 190
9907 7978
1070 3153
9228 4093
7879 8911
1412 7540
6163 8297
3408 7496
4568 4961
4427 342
4855 4855
4581 1902
8955 5347
9660 4263
9658 4422
6760 5629
5607 5261
2948 3376
1987 7526
2330 2741
1360 1525
7746 9087
9134 1150
3128 2749
7804 424
2359 7314
160 1703
4514 1091
4707 5246
9246 6253
8518 7682
630 5229
421 1145
9233 181
3283 2313
1793 2298
9240 476
3840 5520
8836 9073
8350 8019
5729 7584
8220 8487
9905 3039
2843 6906
3247 4222
2466 3430
3472 7004
312 724
9085 88
9313 984
9265 9462
954 3542
5859 9947
6410 6683
2177 2216
4022 1486
1458 9589
4008 8
7234 4964
2302 9051
5264 7753
6239 1580
4335 1754
936 7681
6485 1557
5664 2340
2736 648
7297 4660
4060 4750
868 1872
6880 8732
3108 4798
7148 9478
2825 6263
4401 5629
3968 7515
1697 6407
5692 1942
10000 5270
5871 6146
4095 4274
4217 2409
1744 3676
9895 9388
7355 8626
2361 9391
3089 6977
2222 1387
8364 7357
2422 313
8753 899
7641 9282
5784 1858
9368 5023
3130 900
3467 5980
4502 1977
9776 6440
2598 1809
6277 7080
7444 54
6157 8985
9649 9714
4069 337
7357 2649
6153 934
1228 4594
1504 5509
4695 7494
698 6763
4632 6117
2505 9062
5840 587
8111 8088
8027 8791
8897 8915
9706 9891
3875 5189
7444 4291
3224 8013
1294 7077
7785 3878
1803 9119
4674 142
5459 7691
1085 6376
5705 1610
3079 6221
7730 8018
2134 1597
692 2364
510 7879
9365 3048
9659 2888
3657 9468
3880 5746
2839 4374
989 8475
983 163
3586 8686
8853 3187
5931 807
3193 6403
8017 1920
4045 194
8656 6292
4792 5006
1872 3567
4483 7500
4721 7412
8117 4362
1468 7174
5016 4022
8004 4320
6102 8720
3044 544
9805 70
7100 4674
3124 9623
2880 1812
3428 9789
5834 6248
9059 3392
2612 1441
5691 1616
3430 588
6825 574
7796 9435
8216 2153
4025 9918
195 5558
8491 8938
5855 7624
9470 7823
8696 3144
3454 3540
2019 6709
5780 2048
5774 5550
9464 9224
5698 5159
3793 5213
5376 450
3776 8904
3987 9929
8194 2414
274 3516
6690 1197
7963 5559
6809 8655
6457 5700
8063 800
904 4309
8129 5461
9652 11
8557 2903
9861 8908
8061 2459
5955 8702
5376 3980
5389 7176
2997 6898
2440 4939
2790 8629
9417 8682
9934 3602
7271 4
155 5315
8756 4548
2325 7638
8732 2808
2828 3669
4853 6691
9173 2693
8406 4932
2666 250
8466 1133
854 1959
9877 4314
2634 7685
6014 2341
1207 2523
7508 9111
497 2292
1035 9504
9509 3525
7049 9819
475 3054
4410 8043
2497 3680
7372 3858
1281 471
9927 2414
5844 8886
5742 6415
2407 788
5572 1037
4295 9898
4146 1749
7871 4752
9965 9819
4570 4680
106 8069
4355 7201
9633 7144
7205 7170
6370 5883
5368 9129
4407 2133
4762 83
4366 1604
1385 7045
8002 1678
9384 6500
3834 3194
7559 9389
2337 4349
6486 1564
917 2654
1172 6070
27 5447
6328 4254
1435 9181
5420 5233
392 8695
3933 1373
4077 360
7960 6350
9610 8214
4439 1177
1842 3616
7901 3514
5217 1095
4484 828
7234 8793
4330 2554
8242 7134
9553 6864
7452 5731
1433 2382
802 6652
4569 184
351 4041
6493 5123
2946 5752
7879 1977
8091 1004
2695 8758
8784 4211
8063 2812
5679 4641
5400 7701
4100 3000
3310 6052
6998 9162
4375 7339
7273 4384
1012 9864
2538 8252
2731 2939
4620 2612
482 6917
96 9896
7239 2278
651 8119
2475 9490
6047 9881
3630 1846
2942 3565
3802 380
2147 264
593 2138
6462 9285
5649 6471
5109 2225
9957 8315
7638 6421
3045 5672
2411 3297
9206 5775
6763 3017
2688 2405
5087 2800
2283 201
8387 4300
7330 6465
8835 3283
9457 5464
2861 6812
1283 5011
7510 8667
8293 2004
1660 5647
6328 1824
975 3848
2830 1532
7303 3635
6850 7061
9442 4557
602 2988
5660 8780
1213 1029
1554 2847
8528 3339
5534 2793
7598 506
3539 7424
4378 1673
6114 3784
8122 1755
9411 3515
6750 999
3168 1617
5715 1932
4539 260
7007 408
1461 1357
9628 2808
527 9813
8588 8380
1728 5567
8585 6102
7215 4337
5064 5570
389 5070
6270 2232
5572 7047
495 6106
8701 3660
7541 692
9663 5277
1080 1988
7588 9195
5237 9109
9643 988
3954 9701
6225 254
7518 8443
8719 787
7284 823
4125 4320
8706 600
8143 1003
9632 3071
2036 4906
9250 7020
2119 2270
1007 6094
6247 7419
5980 8026
3158 5376
7457 9095
2032 2881
6043 1152
4676 3114
9183 2754
1567 2482
7527 7751
1855 2153
7200 955
5824 4900
8511 7196
9962 4677
2186 130
3166 3343
8302 7379
5007 6120
461 3311
9484 3637
1142 3158
4269 3902
6810 1675
6971 2649
1238 6049
7139 3973
9714 6017
6674 5960
682 9883
5034 3272
1853 8380
7603 2032
6004 3718
6561 6896
2543 9237
8308 1549
3909 5986
5159 5189
4608 5194
6064 22
968 6969
1665 3266
7107 5126
3042 5713
9852 8641
1690 943
9561 2752
8193 939
6746 4359
4610 6058
8678 3454
9779 6244
4714 9557
3601 7970
5407 2767
9474 8116
4891 8672
1534 3936
1280 7349
5232 8468
8596 8313
4935 5259
2346 734
1912 8033
1495 4979
8982 7640
282 7470
8973 4645
8643 2797
751 5783
1521 2857
6066 161
7183 4636
9349 8074
5346 5427
7137 4783
8706 343
6007 1258
5043 3778
4462 9539
8341 8022
9247 8447
3278 9031
1837 2324
8993 3792
153 1560
4979 2648
1936 7386
2569 3786
6082 8838
8097 5915
5032 1112
9427 4184
3872 36
9265 8753
6306 1255
