placement model: 1slider
width: 10
height: 10
number of points: 10000
4304 4055
9912 3549
267 4293
5297 5904
601 6551
5491 5339
27 8991
1712 5961
4993 9638
5402 4372
9661 2992
8937 9105
1143 4504
3819 437
6665 10
3920 7886
6614 1740
4716 97
2804 6231
1188 3858
4866 3828
5035 9191
201 4748
1952 1452
130 777
9458 3781
7818 2383
7822 2004
8869 6056
4171 9050
7196 4200
3504 9171
5740 4883
1242 1084
3976 8408
478 23
3092 642
4159 466
4135 3768
6099 1813
2381 6638
3119 5892
4137 2944
167 4076
4265 4118
3344 8158
9817 722
9027 8924
6189 9737
5912 294
6893 1777
9286 93
8068 2611
6820 4583
1813 4304
7794 830
6361 8588
8194 6568
8310 747
2697 368
7155 7722
516 2362
8124 7767
8191 1379
6035 8568
4126 8885
958 5289
8932 918
8429 9083
3198 3252
8971 800
2010 7980
4059 505
2534 2227
1255 5008
2718 6111
4362 8256
703 1638
8838 5990
911 1238
8068 1680
353 5115
1434 8347
7464 722
4201 320
2545 3519
3547 1886
9417 7691
4763 2184
303 7534
1257 4274
9316 2214
1556 8741
5755 3433
4397 8436
4419 1393
1853 6993
6333 1685
6022 6858
7014 4045
6902 3966
1028 832
4242 9162
7963 9378
4798 4876
1213 629
1180 773
7346 6443
7344 5516
5631 7056
9791 7561
1756 7368
2813 4675
9462 1225
5561 2397
6617 6356
925 3393
531 6585
8148 4098
6025 745
4893 7608
6054 9756
7932 5185
1193 7926
8839 1608
95 85
2781 3861
622 6462
7339 4392
6813 2309
4333 6407
6768 2003
9272 3266
3022 6023
9550 9178
1635 3482
2121 6683
6740 3836
6300 542
8246 4038
7574 2430
1455 8404
1481 6858
5208 9878
2462 1213
3923 8452
3325 6923
9130 1198
6358 7231
4799 7929
6935 2696
7878 7678
568 8480
60 5033
9880 535
1318 1415
7464 4893
5531 3141
4064 8332
246 3501
3513 2274
1122 4555
5670 5727
9072 4949
475 9534
563 2373
631 3559
7818 8420
793 7998
4005 2859
3048 6265
2936 4532
3439 6058
8846 7424
4828 8692
5876 4171
5979 6596
3313 9278
1773 3061
6492 9077
466 8366
9864 5129
2426 1397
1468 6133
9393 9653
9751 1517
3327 4618
92 7500
5281 1741
5238 5999
3707 3159
9833 7169
6112 172
8266 5426
9369 6156
3651 3731
4452 5417
1769 9446
5941 2487
8518 6988
8606 2278
6094 9752
3913 756
2447 958
5614 4436
1339 5165
5842 7939
8545 1536
4406 8540
9749 5958
5149 1891
6889 3434
6140 8966
1096 1640
432 8925
9104 4076
7601 4191
6294 1074
3696 4160
8689 9623
1937 5035
2655 6006
1572 355
5151 9775
1667 7630
3897 7306
162 9401
7692 8635
2554 6026
1615 2146
9420 5749
9999 3780
7667 8913
2531 7345
7342 7960
5429 3316
1493 6994
9526 7101
6151 7725
807 7848
5997 6934
9509 8683
8307 2022
7950 2862
852 4264
7260 4478
6074 4881
9466 5063
4788 8515
7723 2122
8750 9785
7508 4366
4314 4525
4041 3399
5377 8037
7363 7713
3573 4983
4130 6539
3498 4854
5145 1727
533 3665
9183 990
770 7800
9219 3890
2423 4237
6223 4951
8941 3666
5108 1985
7073 421
86 4221
4234 4990
3887 3487
4692 2331
3167 3525
6196 8485
8018 9530
4882 6573
7806 9444
1805 6853
3726 3958
7361 6261
4791 3427
5177 3339
2089 1610
7209 6437
4530 269
571 6736
978 9908
4390 400
6036 5215
9968 7014
1041 837
3691 8481
5707 6921
7246 8011
7188 2584
9670 3916
3264 7995
7513 709
1061 101
4114 587
1343 4358
7307 5325
9179 3374
6541 8430
2761 409
5015 6178
1397 9763
7322 8505
3620 811
6080 97
9392 7265
4124 143
5611 3293
2168 6401
4010 965
7095 1016
8444 5619
5594 1632
1949 6851
7398 2046
9414 6745
405 3312
8065 1913
5211 4672
4686 1781
2592 1624
3762 1351
8182 6268
2683 7354
9052 7004
4451 2873
6073 1746
4601 1724
956 9357
795 613
3302 9123
5877 4058
8671 6273
3080 6489
8510 361
2919 7694
1581 2832
2975 4878
6460 7144
9685 1955
5301 5472
6709 9195
1579 3288
1232 1205
5358 1513
473 4939
1735 6958
1223 7488
4607 7178
2850 6084
7613 3206
5535 2263
1202 1810
8828 5239
4756 3986
4521 1489
7580 6290
7562 4978
6453 4582
3306 1200
7931 8885
6420 8266
4960 6683
9880 7398
7012 1834
5557 7762
1079 3143
3987 6507
7610 1907
8151 1488
2848 7641
1288 415
2946 484
2741 8350
2018 1057
3878 335
9919 6607
2217 5034
4433 737
622 6598
6083 7778
755 19
7464 5965
5097 3790
1887 2184
9646 6564
3524 607
3500 2464
5445 3954
2547 1504
3060 4783
3779 7129
4617 7658
7054 2148
961 802
5287 238
4663 2776
5408 5013
9139 9959
8094 185
5448 3221
3918 3445
1394 996
1293 4104
4620 3122
3707 6226
4645 8008
6100 6844
8324 6924
716 167
3701 6391
398 2324
4973 6250
8870 8687
9545 9640
7688 5078
4745 660
2949 7280
8357 4453
3466 8094
1972 501
2111 4612
2931 6596
6530 2466
9372 8744
314 329
6137 7019
5056 1570
7303 5324
7593 8535
7635 7182
5327 4541
1250 7183
5871 913
2527 560
8943 7962
6938 9416
1436 2444
6211 2544
6277 9433
2191 5195
5302 9119
4485 9106
9458 7137
5571 5616
4506 8358
1810 363
3768 6602
5891 6643
8552 2481
125 8265
2389 5216
2126 6006
4289 8040
4892 9821
5619 6031
1589 5487
3438 7820
9575 8281
8670 8116
4561 8327
1496 2989
3630 6622
5127 4593
9718 4379
9976 9649
8063 7184
215 7105
7990 6024
4036 5132
6511 2560
6544 5396
928 2561
800 229
3153 7226
6572 1214
5531 8417
9643 6816
2536 2280
6655 8991
6938 2065
4351 7069
8566 3088
9136 1408
6682 1574
3859 9850
1882 489
1139 688
6372 4376
7824 6565
25 3626
7176 4548
4114 875
3279 1108
6183 3708
1282 2725
819 1365
4538 6782
4668 7906
195 3279
5611 495
6777 8196
787 4528
4129 1684
6513 8347
8885 2398
8160 8330
5217 1780
1948 1928
5217 9268
8453 7842
6781 6681
3511 8978
9906 7382
6334 6500
8081 7446
6597 3246
9667 5721
6708 3278
6072 1182
8388 1381
3913 6904
8687 4750
6308 7879
4986 5924
2772 6109
718 3976
2306 4497
4111 5264
7471 3883
3869 7715
5769 7469
1556 7830
7943 5980
7389 5434
2176 8111
625 3673
3800 8985
9858 1401
3545 2242
1058 6199
834 4616
4711 3449
7008 64
411 227
2199 1284
8332 10000
6328 3012
6438 5934
4569 7687
9362 6156
3237 8116
8145 9583
1067 617
7891 5431
5549 3353
7532 5800
5490 1344
7440 7827
2878 1896
3348 2039
7544 7960
9871 6066
8919 8479
3348 5297
6796 1613
2965 3053
6439 1684
3238 5982
5680 8133
3886 9837
9622 7535
2019 1132
7814 1827
7589 9946
7503 4754
7145 5059
4402 6371
6492 3294
1727 7086
1989 7456
4241 7841
5649 9855
1337 8618
444 78
7033 9495
4305 2532
9993 7149
5010 7887
2833 5872
8528 2478
2642 2938
6871 2137
6950 8831
1100 5622
4738 1813
4144 638
4539 7195
9733 2306
8360 1361
1628 4641
9100 7444
9715 3892
708 7280
4393 1553
6659 5070
9013 9514
9516 8610
2691 6728
4826 8851
9410 7277
4113 2307
6783 4127
3284 5928
2154 2027
1687 3550
3500 5261
5474 2498
973 620
8675 6146
986 2243
5072 1801
472 6206
6685 6432
8892 1343
8495 2517
1100 2811
2079 4912
8225 9560
3834 4759
1288 2574
1480 7186
4228 4497
4228 4201
9843 2464
826 8875
8477 3534
9993 3679
9586 8125
6065 9274
1234 1881
3815 9203
9568 4173
718 6268
7906 1916
6430 1581
8425 2955
6141 7366
3723 181
1928 8530
1383 4089
7936 6063
5648 6844
9402 7661
2406 4877
6855 5460
7848 1963
6984 4647
8313 9844
4794 3525
2995 1594
6192 1531
4558 4470
6838 8849
5745 586
6769 4512
9893 9974
2914 786
7324 8336
2828 4530
3775 276
6216 4404
6393 1206
8347 6125
4747 2561
9867 462
5249 5267
6068 3588
5081 229
4830 5550
6293 147
8700 1392
5545 9985
3503 7893
2723 5594
1586 7387
6959 7369
2312 9021
8763 7503
7529 8639
573 9664
5459 5724
2870 2842
2615 6045
5054 726
524 1338
2740 9109
3377 3318
3041 2914
2530 8383
984 9469
2035 1049
1535 6109
3247 1914
1132 8481
8301 8807
1834 3861
3810 2476
9061 8522
3384 1631
2769 2692
1480 7668
8028 8730
6781 5046
5142 7016
7780 5927
7122 7729
9580 3917
5988 8921
6216 3339
1 3888
5830 2426
7534 9681
7952 3574
3341 9726
4961 4530
6099 3500
9522 6293
8286 1982
8664 1289
9258 3701
9680 2455
2082 4448
4979 784
1041 1
781 9881
7980 3771
5782 9206
880 9491
476 1187
7858 2778
42 3249
569 8959
8306 2457
39 2788
4111 5076
9608 7032
4100 8417
477 861
5028 6934
6041 5462
9943 1040
5076 8115
8478 4987
5986 1673
9726 2162
3140 4634
2917 3728
593 6786
9261 9578
6689 981
9495 5998
7615 6753
4633 6703
8718 2325
9256 6501
2403 49
9542 4111
9779 4082
3257 4556
2985 9479
1810 6984
5306 5982
4531 4387
254 825
582 4358
430 8756
3426 1661
7115 2062
2659 6030
1942 7802
9224 3287
8195 238
9249 3615
7591 6398
6712 6405
4622 9103
2952 6875
6837 3129
5905 7816
8733 289
4347 3250
9078 1246
4428 868
9855 9609
6424 133
1778 9118
8090 4026
4822 5160
9172 867
9172 9382
9137 7777
9499 7313
8004 3958
5794 2370
5498 9493
2578 456
8832 2925
4475 3875
9193 1619
2654 5154
8890 1553
5552 2884
7556 1806
8869 3973
6101 4549
2279 2666
4043 9180
3630 5662
2768 1531
8329 7712
9067 5202
2236 1530
2183 498
5688 2155
540 1247
6731 8058
911 46
3334 4262
5926 8406
9398 3443
6414 8181
1356 8641
212 561
3893 3699
1948 8692
8335 7704
7227 7470
43 6696
9598 5673
5099 7703
7592 3728
7288 8977
8490 7890
5000 1287
1417 443
2254 8450
9101 6374
1156 5107
8038 4815
9679 8900
6611 4319
7142 5432
7940 8843
5981 292
6884 2032
3166 929
8017 8826
1849 7138
7607 8339
9466 1858
1092 5552
402 3592
5811 5333
4605 677
157 3153
8292 2534
9206 7423
4443 8638
2895 413
3540 9917
6473 5523
6274 4387
6278 2197
6879 7785
4877 7394
7581 4934
3226 2463
9499 6704
5303 8452
4247 8129
5567 8106
3653 8337
3827 3578
6195 3981
3830 214
2616 1340
9622 4857
4128 4123
7636 771
6802 2375
2103 9667
7584 2304
9746 6125
19 3061
1033 798
5533 2676
2638 6888
2390 4885
7932 2842
5896 4048
6388 4992
5807 9285
9381 8450
2290 2085
1267 8867
298 7921
6952 7419
6209 7211
375 3610
2994 3604
3889 3118
8043 8960
657 1120
30 7389
2416 7562
7955 4569
1152 9148
1369 5433
2807 4553
308 1541
9794 3956
5684 4040
1890 7646
2079 6117
9407 9782
2983 7883
8350 9703
4462 2056
4318 4279
8049 2117
5567 2948
6130 2250
9928 5816
9612 2419
5194 8798
9860 1845
4601 6264
7414 149
4156 8842
6539 1430
3729 4505
1668 9215
9914 4587
9030 5105
2707 7216
8495 6674
5350 730
9713 2281
6068 8586
3006 1716
9436 1999
6984 7087
8771 9640
1517 6019
372 8924
8900 6663
2755 1961
9952 9414
4154 923
8890 435
112 3811
7151 1785
27 6827
1129 7652
1270 3043
9477 3210
3864 4122
4619 9553
1961 9053
6257 1956
6042 7976
7086 8503
8136 2660
3396 7135
2172 1786
6755 4264
8060 7398
587 8241
4206 1177
7677 7159
666 4494
6277 324
1052 6775
2851 2642
3688 4408
6235 8852
4181 2368
6705 3377
5398 2658
4784 6044
6738 5927
9379 9332
754 9510
2194 4781
9085 3062
3251 2134
9753 1159
5806 1003
4007 3828
2162 3359
1309 3748
4887 3208
6236 2338
5319 87
249 9724
5179 6900
8265 861
7291 5092
3466 4367
1805 5825
1552 6072
2689 7740
8986 357
2215 8731
5974 2835
8278 4106
4304 5672
26 4388
6441 8592
7786 6130
4384 7276
2874 209
8708 5860
8474 9840
1538 2952
9946 3980
4970 1940
6705 7234
8845 2173
5084 4316
9380 7550
2572 1687
9377 2376
6600 2575
4981 2920
440 4882
6569 944
9073 2714
1537 4648
6683 6026
8673 2652
6542 724
4071 4524
1109 9090
2257 1030
8936 4015
6373 9453
409 1088
4671 64
6421 3681
4905 2793
1959 8176
9406 7930
1567 9523
907 8760
892 6691
972 7898
3289 4174
2321 5819
481 8566
6241 7865
5282 4879
3162 4201
5784 9691
469 8749
8415 6801
9230 4856
2922 5830
490 5505
2378 47
3696 5433
242 6681
6726 6464
6052 6822
2957 4785
5651 8127
3510 9417
3066 3506
2608 7153
4072 2536
5525 9860
1569 3148
9721 8578
1693 1404
8546 2956
8201 7409
9183 3759
9406 8812
152 6790
5349 1249
5138 3509
2301 7863
109 7029
6051 4075
3030 6991
2230 8071
3361 58
5117 2881
5598 4608
7039 4610
7889 9727
667 1364
4571 164
7842 4593
9226 4824
4755 6761
652 5786
2642 4309
3635 3061
6716 3243
5092 3796
746 8802
6554 6344
6475 1736
920 6835
7613 1342
2468 4562
3070 3093
4992 7540
2591 1408
7491 8775
8965 7003
3775 2900
351 5699
9404 3598
7181 7139
4740 7498
2103 7856
7983 2545
1681 1670
4243 3035
3359 7441
479 4046
5014 7929
2332 7592
1115 1614
1104 5356
603 2339
8587 2121
9819 8957
4860 2288
3528 5880
1504 6770
449 4159
5147 9426
2688 9804
5014 6315
1450 7252
5852 9265
6229 3615
4932 5931
3790 6957
1072 7496
3111 3084
2287 3847
9954 9311
7521 2599
6413 3314
3407 2517
2000 5126
8219 4747
9015 6548
4003 7082
2889 2940
3410 5712
144 1651
33 1030
8255 4734
5774 2316
5478 1195
7036 7133
483 1669
2180 2910
1619 1449
1814 6014
9897 7270
4675 3623
507 1367
3366 8753
1344 1319
6766 3230
2907 7474
9542 3668
6682 5458
8400 694
7107 2715
8956 1111
2584 2344
8277 9351
4536 3224
6272 3105
4534 8337
2317 1211
6853 1385
2575 8384
8205 4841
1613 7921
7994 5695
1981 4072
9769 9696
565 3507
7542 6820
1875 4793
4365 6049
1911 5369
6154 8574
2795 3763
3440 9746
967 3244
146 6481
8072 5688
5121 2916
3773 8890
3661 8531
8259 1883
6131 3108
6562 292
4347 1786
8883 4594
8418 2844
5889 730
5682 2579
7303 3722
4486 7667
2859 4914
9675 368
3072 6437
7766 7429
2153 1612
9230 9831
9973 7681
5468 1767
6495 1930
2067 2928
9724 6885
9130 3212
2738 4763
6105 7398
3445 8941
3543 2928
7431 3850
8861 415
7462 6868
5304 3296
3636 1133
3019 5836
1350 7137
1967 2735
5359 3520
3496 8723
2736 5927
9918 294
6557 5305
593 6517
4358 7793
595 802
9660 1550
10 3975
4866 2635
1138 8849
5053 3053
2050 1400
967 9390
7015 7043
5073 5663
4717 6885
9629 8239
5469 9801
3938 4495
9134 1030
8500 9920
5035 1231
5992 99
92 3018
2270 6035
5224 5666
8524 9776
8453 3566
407 17
9020 6492
925 853
6505 561
4149 8074
2693 906
1352 2327
6722 8613
9760 8789
6306 7793
4137 5065
9841 5135
6609 8996
4955 8543
4721 2347
6441 4726
3076 1495
649 7402
2543 8822
7898 8290
2126 4465
7512 259
3459 8876
1006 1908
6391 323
6397 688
738 4597
4 5427
5531 4644
7245 6199
6396 3854
798 3973
6270 4377
3356 1346
8459 7891
461 9786
3536 5482
1639 9276
2940 6217
7177 3477
455 2067
3374 8205
9689 6234
6696 6841
3867 9370
3575 351
8381 2664
7955 4873
9713 2816
9961 1595
4515 6866
4577 6935
7976 5323
1147 9439
6622 5796
7143 1637
1903 8815
672 3023
2567 8265
8889 2088
8301 3894
1383 2168
340 1402
8414 7528
5270 324
3238 9005
6654 430
5063 6756
2285 5044
1791 6181
2708 8466
7227 844
5842 586
7304 8389
990 1029
8059 3434
3806 8407
9707 9226
8756 1286
6761 5551
9989 657
8079 5425
2185 9040
36 8744
3686 6165
2079 8820
4836 4067
8733 751
4183 4219
3522 3183
5560 6565
3404 275
5076 6166
7433 534
8555 5331
8470 1334
6443 227
3026 1348
1885 3413
9001 2610
6187 9644
1342 8166
7333 1864
3541 9192
63 3213
9390 3269
5357 9407
6687 3852
1604 3627
448 930
634 8171
1863 6665
8249 4935
8847 995
4383 95
7778 1142
4669 339
132 8697
4438 8698
5252 9938
5920 2399
3439 345
2713 7569
4465 5099
6542 5118
6558 1850
358 9520
5453 2535
1219 4784
5462 1144
8419 8254
5835 5738
1391 3836
8186 2221
3408 6317
4945 8555
7441 7673
427 5127
1134 3364
9239 4194
5182 640
9854 3398
5557 3684
4779 2089
4485 2779
6753 1926
9125 832
9665 2340
9513 5170
1141 6240
6364 6845
2880 790
153 8544
1754 9174
7303 5462
2042 121
2185 9714
1853 8131
5481 5474
2658 2977
8317 3911
5824 5643
2114 3361
3341 1867
3750 6616
2227 8136
8949 2099
2115 4647
8892 4646
9626 7330
7407 586
175 4991
2367 740
9447 5247
3965 3830
6157 7559
888 3395
5650 2663
2246 9985
5173 2131
3996 5479
1723 294
1826 7122
4268 9246
2126 2324
8941 8665
3973 7284
3939 5595
3328 6965
7362 702
9248 9148
7959 3278
7358 7216
7279 3908
9322 7213
4918 2596
7492 521
7689 2597
8902 668
3793 5653
2286 7773
1186 8174
831 1323
948 4984
8536 3980
1574 15
7483 9661
6096 3034
1005 6523
9143 1326
4331 5287
7909 5135
5663 2958
8713 5475
9056 3962
4576 201
5666 2108
8175 1084
2097 8568
6235 7181
4104 6481
9351 7250
7747 5960
9809 3545
3918 1799
3293 7569
1608 6611
8103 9025
9969 2028
9781 7812
1919 7877
941 9553
6944 8964
6728 6720
5973 9186
9603 6276
1571 7981
845 9178
7736 4373
7755 2114
4162 2441
6615 4236
848 9366
9374 3426
9917 7567
3073 1688
8877 6752
6550 4535
4494 8547
8605 9759
161 5278
6430 8603
2607 7719
5886 5889
4690 6126
5474 5349
5768 81
3000 9738
9337 7876
8366 7427
5031 731
447 9074
1967 492
2791 453
645 899
2038 8731
2826 1744
29 5825
6725 2050
3126 9316
9050 5049
2499 5892
234 5675
6335 2363
702 5556
7500 739
2812 9270
8035 2613
1628 8384
2026 7277
1564 5420
4103 5570
7112 1774
4030 7039
366 8791
2010 3383
7813 1975
2417 1008
9335 390
3296 8965
9295 2432
9085 5738
1558 1439
6661 9320
3550 2291
3915 7452
3980 7394
7282 6789
7350 5905
816 1279
7877 701
1706 807
4706 2466
2999 6096
9431 2514
1172 688
4697 106
9649 3354
6498 3695
2969 5703
4327 9012
3350 7805
1423 5878
5366 6565
7783 4554
8135 4353
2763 7212
4614 4187
5636 2830
8148 8298
5776 3566
5200 7993
4978 8842
6986 4260
1019 4204
1583 822
881 9280
470 8201
6644 3782
1449 6199
3604 4173
9491 2776
4236 3261
8926 7066
5532 9513
9037 6298
4473 2348
8772 1787
6662 1847
1314 799
9509 8892
1915 9245
4819 351
3492 462
8963 1586
6016 2421
1700 7164
3278 3596
7194 8200
312 7591
5310 1712
7426 949
6986 616
1132 2009
4309 9345
7345 8663
2908 6415
1220 7811
8641 6882
998 1113
922 1898
8422 5031
5886 7597
9200 7421
6396 1449
2968 2525
1900 9601
9043 6687
4364 6519
3717 1960
6401 5748
4996 6035
4803 699
625 1483
2708 187
9535 8246
7461 5746
1551 7078
797 5917
9591 233
8677 269
5850 8110
6205 5546
7246 2801
4552 4789
6772 3904
2012 1720
6343 735
4137 5464
600 4592
6585 4491
9364 4731
3909 8862
9135 7585
5617 6564
9261 4612
6579 6897
5384 951
6271 9758
8867 2822
6360 9652
5026 402
6768 4628
5300 6387
9673 5424
8588 7659
8279 8255
2133 5738
5156 5109
5719 820
2783 7012
1617 3081
1846 7416
5077 5032
2443 9907
5360 8864
1012 2208
7275 6586
7778 5713
4116 281
2884 2787
2821 9489
3633 1082
179 16
6885 3279
9257 517
5466 4384
6486 1418
3663 3861
6759 1982
9203 745
3362 9498
9024 4697
5464 5457
1760 5422
8485 6444
535 4220
3972 7130
117 5427
4143 3933
498 1429
7195 4791
1128 9526
412 1985
940 7515
9551 8164
1714 6733
3319 9068
3718 7256
6638 7517
1604 8266
6751 8664
7693 3676
9655 7421
5309 9130
9328 2042
1931 2329
3755 2313
7426 6234
6300 4752
6016 593
1613 1048
9090 102
2114 245
9694 9532
3897 7215
8432 6156
2411 5899
6956 8290
3433 2257
2765 1416
1963 488
7996 7397
1068 1471
6172 9651
7538 9298
641 6536
3182 289
7864 9976
6837 5389
8493 3471
2767 3565
3266 4552
4147 1840
2604 9851
6541 3190
1439 284
3080 928
6081 9371
1200 845
3874 1771
6403 1204
5780 8878
76 5519
1862 6602
5229 3463
8301 4499
6986 8713
5065 8772
555 2344
2763 2045
3216 5209
7106 8963
9202 3517
8588 4670
3946 8988
599 8253
4462 6999
3728 8691
8149 3430
7904 4873
4593 4728
423 7730
2355 4042
7559 5032
7833 2683
153 6410
6402 751
9926 3164
5199 1518
3743 8506
2190 767
2015 4740
8338 4463
458 2914
1163 6746
9511 1040
6861 9765
55 9977
9983 7394
5522 2155
9692 1018
3793 8605
2952 170
5560 448
3951 9726
9527 9166
8966 4230
7457 6107
497 2449
2031 150
7958 3063
4027 8918
7222 2127
7361 2863
1963 8121
948 1898
1574 347
4966 6410
2331 6454
527 125
8186 580
8206 6471
183 6310
494 9554
7181 8717
6480 6576
7997 8794
2697 3015
1360 9200
828 7717
6654 5075
5497 9585
4350 8360
8782 1359
8989 1242
2211 4254
8619 491
1522 66
2319 2067
6869 1846
6386 6451
8368 2250
9828 2120
6699 9435
182 2329
1526 7947
5653 7288
6427 3066
5192 1848
2160 7733
543 991
5587 3038
7230 9974
4887 1899
6761 9659
597 8730
3339 1477
7685 8606
3567 6742
3395 8863
4388 4912
217 4515
5598 5760
2389 1888
8594 3490
7775 4312
7653 816
4585 1946
2966 2793
9717 4752
6727 9530
456 4283
1479 1094
5010 245
5805 2367
7491 4548
6632 3583
9984 3905
814 1936
1286 733
5784 7955
6643 1367
243 8646
559 8081
4335 6092
7186 3682
8964 9349
2740 5509
7902 3171
5710 3730
8516 7234
7387 1913
8093 9756
5402 1828
7585 2749
170 7145
7307 1050
6859 890
3745 6263
1108 4641
482 9913
594 2928
1083 2761
2202 5903
6 4052
3578 5960
5433 3503
7179 2277
9597 4550
8273 1444
9301 9706
2899 3748
4748 597
4204 7847
1533 7531
7513 207
868 5699
6114 8018
298 4690
4152 7295
7245 1364
5801 430
4314 7802
7311 5558
5572 4645
4306 2208
4818 2730
7212 2233
9376 1758
4859 1030
4377 8524
6287 2081
7094 4166
4577 9201
194 2070
3565 4035
4918 8934
5171 63
3194 9096
6575 728
3549 7274
2320 9348
9130 8735
6463 173
864 2593
8509 2575
9483 5158
5129 2190
4547 6044
6650 8542
7885 9239
5842 8701
2665 9178
943 3443
3435 5585
3450 7870
6539 8585
9012 7791
9083 644
1321 8041
5656 1953
8808 9754
9414 9204
4634 8455
5983 2864
3587 9746
1505 7180
5848 7444
4997 5587
5694 8224
8625 6748
7105 9311
3834 9658
4004 7800
2705 7054
2740 1838
100 329
1696 1479
5338 8518
8521 6918
6919 4577
7116 2255
1144 5022
7750 9666
4258 8939
5317 6660
7821 3086
1457 1914
5945 4247
9389 1035
7506 2054
2821 1911
4687 6507
5698 1055
6720 1106
9304 3322
3244 9459
2396 308
719 2448
6238 8661
8855 8891
5197 6210
2865 5793
2602 9827
9210 279
6011 9496
9241 1823
9299 65
8411 2451
8024 2700
9310 3992
6047 9162
8262 3383
3697 3907
7893 1948
1691 9420
5792 5296
8923 4503
2404 9292
1614 4341
7180 806
6097 9732
4281 4072
1061 3861
3451 190
4692 2614
5761 8477
3109 1781
8746 2638
3367 8876
7548 7686
5168 1113
7774 2838
4967 1166
1013 2033
5567 4924
9396 327
1478 3400
691 6634
914 6095
7729 8404
2149 1222
2808 6416
4890 9848
1476 2397
6702 8847
9744 4310
7783 8572
3802 3921
4353 1323
9205 6561
2613 7255
9693 8447
5670 3803
2888 2042
8541 5795
861 7347
6757 2580
4075 8081
7162 8495
7462 1527
702 8748
4774 9237
2126 6213
8666 7348
5553 5636
6516 7614
5600 6893
5905 1090
5762 4259
5088 9602
6405 7569
9875 2482
143 9305
1858 830
6881 4778
3109 1874
1353 2336
6099 7780
3557 857
4250 6608
4450 7592
4449 2940
4517 8106
3431 1274
9163 8402
159 3099
9291 2465
10 2419
440 5527
6232 707
7591 8173
221 389
768 9715
7629 865
960 758
1384 1055
3382 6502
9162 6058
3815 7610
264 2047
627 1431
8982 7125
8693 6402
9577 8905
5545 5358
1141 758
2020 2313
1434 5564
9586 501
8167 1644
8595 1422
8348 1189
1875 1523
7980 848
3745 5439
7647 8375
1652 136
1232 9503
6133 4407
3818 704
122 6210
8867 7960
7044 4286
8644 1173
6399 5682
172 7016
2573 2911
6863 1953
5482 1663
9749 1791
1745 6952
6054 9297
4937 4575
9359 3504
2646 9994
467 422
9131 7820
9016 9304
4478 7170
7740 6046
5552 4848
8150 3951
9597 4842
328 4613
1957 1705
5907 1345
2107 1741
5808 2592
2612 9887
187 3530
1906 1222
8071 6206
7839 2220
6686 4843
9110 8103
7901 5308
3953 4739
6871 5360
2539 7807
705 3117
6834 9168
5342 6308
8268 5566
347 2658
978 255
1477 3771
1907 9424
7961 6829
4721 1581
8869 7225
4922 8864
423 3309
4442 276
5059 8167
7709 3603
9032 7804
4698 1894
2807 4136
849 2513
3546 1839
3829 6085
3642 9430
2322 3896
3047 5768
672 8667
922 129
7164 2660
6165 2854
8151 5361
1969 456
677 2233
1883 4629
2707 3727
9363 3762
6606 6243
4371 4646
9782 9468
202 5410
2096 8057
5321 8565
180 2846
3125 7571
9449 5964
2923 5642
8556 9907
9980 5264
9886 180
1155 3009
516 8353
9713 9686
5797 5395
9063 6106
5140 8822
2492 9684
4411 4565
5015 5653
3149 9525
9348 8843
4115 2402
2873 77
3579 2569
4207 7865
26 6184
6417 1586
2437 6658
1373 6811
6684 7655
9918 4066
223 602
1160 3473
6360 6474
8999 2066
9869 6203
509 6042
4527 5027
8931 1987
2955 4479
1652 4320
8288 487
5315 1449
6023 9204
8387 7720
3757 1850
2639 4270
40 1115
2238 1796
9480 1347
3572 9288
2403 5455
6381 6332
6321 761
8233 1505
5973 2618
3203 4177
5651 285
9230 1029
6676 3582
3951 5370
3784 7969
4452 1077
4336 8252
7930 312
3543 7904
9051 5645
1379 9107
2107 9808
1583 7397
274 6999
6686 539
8546 6900
4343 3630
9334 8385
1131 9812
2903 5938
6636 8695
5594 7937
6632 5418
4496 8781
4928 8278
1118 896
7828 9759
1614 8178
7037 3730
357 9976
2805 2199
2091 8396
4832 835
2033 6613
1188 4343
9554 2946
7347 3869
8736 9472
9191 5751
3365 6944
5055 6773
2040 1463
7770 8658
8884 3916
7941 1269
6977 3963
1002 3751
2414 1563
5849 3683
7249 9302
5292 3755
914 261
1766 8532
9875 9515
7582 5278
3704 585
1308 5955
4773 1178
9979 9181
1770 9770
1381 4885
5693 2733
6475 3652
7397 9130
6339 135
2057 4905
7777 1094
8507 2075
428 7120
9065 386
2287 5733
703 265
5694 5455
8103 8370
5522 25
5064 2959
7533 1183
4601 2832
1652 3227
6728 9488
1599 348
2470 2788
8082 6705
5654 626
7405 1557
7760 9262
1854 8422
1043 6595
9904 6491
6449 8019
7616 9013
6172 3406
1084 454
8643 2646
3027 8265
7343 3693
2726 8378
9934 7802
5214 1282
2231 7668
8475 5869
9056 3097
4390 4064
4084 940
6570 622
9273 2614
6719 6714
2158 247
7278 2597
3356 2838
5622 9101
9453 3930
1757 7417
4905 4033
6461 2326
8310 1961
9941 1708
9834 5625
9279 3378
9679 2164
5333 9116
8532 4444
6820 50
5617 9216
8799 9277
4390 1336
8250 362
8441 9421
8629 7454
6898 3680
3399 5457
6800 137
8870 4830
4380 3309
7659 3804
1133 7505
6980 3939
393 2980
8664 6004
8531 1432
9925 8236
136 1320
1368 3870
5004 1422
5626 7878
1482 4690
5873 6884
9506 1958
307 3072
3592 4168
7011 1130
5976 6282
1658 2691
866 4033
9339 9899
9552 6329
1570 1566
1441 8000
9345 9220
4855 6249
1486 2039
9970 8542
6847 8500
8146 8823
9316 6693
7484 6197
5247 295
4191 2160
8510 5540
1108 9316
5632 8054
6768 5254
2447 4227
6577 8221
5759 8963
3043 3584
9462 21
2869 7990
4664 607
6168 8522
6378 8842
6874 2196
383 3697
7021 6834
737 7618
8339 9513
7554 6843
6292 115
8623 4753
9345 7808
7962 3708
9328 8312
412 6918
7255 7685
7459 4238
1997 9766
5906 5730
771 8932
9891 2200
4782 8904
2908 8281
4676 8527
8200 1952
3834 8119
4022 8168
7766 5895
6346 1193
7924 7641
6452 6565
4061 4241
2405 7139
3113 5081
5425 934
5016 3736
90 1183
807 2963
3473 9584
124 6437
1162 3337
5743 9015
5258 4890
108 7263
5498 4937
7561 5238
6955 4732
762 8876
3516 4090
738 2150
1213 234
1297 1418
6526 5096
5790 8746
7093 6444
8157 6383
9762 2846
3335 5237
5890 5152
1728 7390
3422 4185
5023 1752
8845 2539
4495 1657
1075 3702
5463 8784
3462 2003
5070 1161
3409 3038
7935 5471
8671 2697
1819 5084
4577 7346
1278 1782
4737 2607
1513 1103
4690 1021
7989 7534
2772 44
8340 1991
7345 4241
7618 6034
560 1126
6461 568
5103 4645
4487 5423
5308 9831
3509 3646
554 1657
9060 2518
4810 7935
6919 7774
118 6211
4122 1205
5512 2486
3933 548
2619 8723
2445 5899
8733 6492
9204 2944
8540 3441
2803 7104
670 388
1703 4148
1484 5143
7422 6164
2046 6192
764 9370
556 182
3265 5586
4784 1779
6593 7338
8680 2722
1949 26
99 1815
653 123
3931 9051
8780 4043
2655 266
287 5419
2043 5954
5548 6714
4807 9106
5366 5956
5595 8509
9201 2989
2305 5874
4426 4387
3661 7651
1248 7781
6081 7065
6005 1495
6186 3122
5814 9530
8446 8085
1734 1609
9281 5049
6164 5183
9714 4192
8769 8212
3200 1084
2671 1400
7827 833
1642 8056
1334 9359
1117 8004
1706 9735
2074 2582
1879 495
5711 7705
7706 2839
5522 2894
9018 2741
7338 2710
9610 794
7731 5136
2653 2149
271 2688
7371 9114
1756 8142
8953 7021
7544 1785
8431 1420
1955 3363
9200 1105
372 7317
7747 2243
7837 5991
5741 5170
9522 4297
6418 5988
5251 1033
543 6812
9655 3379
9768 3756
4518 3066
941 4526
2239 4151
2468 4618
3139 3873
1077 5940
5605 8481
2009 619
3043 7392
8226 3186
2653 7817
1049 5285
4106 8513
7273 5238
7559 2248
3585 83
412 1920
1278 5838
383 2860
2051 6776
4324 2129
8193 1751
4357 4057
6517 6215
326 4312
253 8757
6777 5334
5515 6903
5060 6252
563 2038
5538 5625
5428 2224
6069 7967
9361 4526
3318 4967
8759 605
5597 606
3013 292
720 8130
7337 2900
8823 3554
2678 4942
7434 5225
999 266
1370 6565
5169 6116
4198 34
5799 3410
9581 7035
4707 2250
8077 1692
6074 7094
1136 514
6627 5147
1428 694
5294 905
624 7915
2345 2228
5501 322
2760 2789
9798 8666
4266 4331
7946 5228
6994 7252
7229 5300
8896 525
4418 4947
2043 1681
6275 7220
4802 8688
775 2763
5295 4648
5537 8534
3691 8982
9511 2164
6695 1787
885 7343
1265 9417
515 9713
7465 6626
6378 9038
1054 7152
6694 4950
6715 7302
1313 2186
1414 9007
7548 9615
5264 8310
3971 5808
7441 7616
8947 1238
2902 7527
2318 1283
117 9861
554 100
3508 5771
9511 3030
4509 8678
626 6730
8987 4983
4583 3731
3900 5553
4102 6246
5 2722
4061 8080
6584 7987
301 8465
9721 3407
5337 3618
7201 8773
280 6029
9543 6895
5973 7172
5727 5866
7531 5238
1114 1262
2580 4516
141 2793
8430 1873
8250 7145
1446 3273
3892 8268
2882 7227
6230 859
7618 1717
9041 1901
8705 4829
1146 4990
1218 4156
7065 3320
7648 788
4477 9689
231 6002
7366 9538
3344 8631
1972 9470
959 5279
5854 1669
5311 1422
4148 8338
4130 2217
8963 3183
6989 7083
8478 7610
8322 7133
8016 2380
3157 1092
9507 9253
8407 6629
4185 9583
9683 7680
2463 7786
5268 2056
2357 7765
7148 3465
8507 1249
4355 6885
4961 4388
5275 8669
4264 5854
2000 8146
8118 1101
1913 5284
6191 7514
3243 7459
7133 1569
519 9609
2969 3868
3319 4632
1146 6028
1055 456
88 5809
7835 1736
1052 7606
7601 3635
9169 1962
7310 9101
3108 2401
9721 2291
6751 3052
2078 7568
1091 9903
1794 3675
4500 9093
6490 1312
8901 3819
3695 2233
7343 6477
6344 3968
6064 6245
4123 7633
4952 366
7391 5501
8206 4155
9919 3271
3594 6549
4713 6743
9673 1789
1911 2892
9783 5784
8692 4942
555 7625
8133 1047
660 5149
9527 9162
8905 3337
1937 6845
5979 1673
5772 4997
4620 6628
7575 3839
1030 8866
219 9352
2702 3636
3223 3213
1910 6058
2375 4370
8427 2524
7973 6780
1175 6103
5751 5903
9092 2227
2122 9571
8220 8210
1301 7236
8289 4118
9959 2072
102 9630
6242 1899
6634 1755
6800 6030
8778 4703
9423 7350
1941 6223
7846 451
5027 7494
7388 9365
7309 953
3841 4418
8442 703
1311 5952
4254 1868
5989 4125
7972 7121
1358 1361
5491 2241
9533 6696
9665 1951
5140 9815
1494 4509
3162 4507
5273 2656
486 7421
2394 3946
3458 3816
6320 2964
4265 915
2732 7379
1682 6135
9112 8656
1809 9702
3708 1005
4653 2807
7744 2078
5737 5514
3303 9054
6069 3192
1725 9393
5651 7177
5920 5531
1999 7725
2426 4223
5113 8780
981 5200
5911 2364
7035 5758
1931 3631
3597 884
5134 9138
2414 9614
851 5327
7572 3050
1999 7213
6688 6711
4906 3625
8258 9724
3744 7195
4589 7007
392 8250
1235 3002
9577 4617
8812 255
6494 578
8794 5400
6751 8819
627 6440
5568 7829
7391 6052
5933 7847
3619 8687
8673 45
6357 8937
9879 8027
5264 3325
6706 4493
5481 6543
5248 9331
6744 9395
4274 5960
5598 535
6849 3294
9120 1407
5560 4398
1980 1618
7284 878
4685 5482
9094 5619
3636 97
4592 8469
7128 2938
5610 1823
4821 9585
4947 5127
291 7188
6989 6748
210 4911
3574 3378
3987 6643
7631 1265
431 5416
1803 515
8810 7438
2337 779
9693 4584
6306 1553
2310 184
8849 6732
5922 75
6649 5958
1753 232
5144 2267
8296 9291
4280 1527
7370 9643
1827 3201
4275 7310
6054 2555
2010 9579
7086 5142
531 8942
433 6702
5155 6042
9364 1680
8478 9400
4115 3288
3640 2426
3416 5683
5771 3939
9417 5338
2022 731
2186 5261
8893 197
7165 7587
6660 303
9283 5459
1435 9773
7518 2897
7402 4896
3905 3430
1650 2904
1030 1514
1322 3838
1731 441
6897 5596
6578 5421
3982 8404
1031 6135
8264 962
4571 6935
2688 9312
3582 5504
9628 1633
9126 2085
38 9973
8661 2245
5636 1927
6041 1024
5432 3352
683 5171
5647 7039
7262 1584
4834 226
7188 4830
9767 5412
9680 5554
4149 9507
5966 1147
6359 6433
6989 2389
9523 8537
1344 8247
4893 5166
1008 1105
4051 2772
5793 2572
42 7311
3564 6267
3626 6156
6376 1784
7774 4138
5725 6691
8944 6177
5305 7602
5993 8695
4557 4680
8062 6787
1390 8292
5433 1083
3222 9235
1173 9014
5914 384
6919 3984
5675 3699
9355 5157
262 6426
9651 3550
409 1306
1834 3313
5909 7940
1086 6095
1411 5707
7436 2868
4344 7593
7633 2434
8890 4125
475 7456
2349 7913
5186 4048
2340 9614
4305 9637
4324 4415
8231 3513
6217 6868
4569 8922
9387 8126
7916 4154
2895 5488
6549 2540
9066 3250
2411 8646
5363 4364
4621 5215
996 9808
9664 3230
8653 3898
9786 6403
9547 3642
5637 680
3619 8609
1135 331
7087 1881
4766 654
2175 7529
991 4984
9562 2937
7855 9721
8498 9962
1511 7517
1016 5178
2098 182
368 2973
7941 5253
7699 9444
9580 638
8050 9674
2837 9374
3801 402
9376 6801
795 6528
6389 5250
5332 4560
992 9329
4455 866
3216 121
4517 3548
3615 7548
2311 5160
2271 8400
9749 9475
4693 2857
5880 9256
4062 9068
9882 9685
3815 5818
6205 2041
4820 4289
4075 7169
2377 595
5763 3759
3280 6676
7605 5953
7887 6885
5457 8456
2838 107
1504 1008
6717 9404
9573 3114
1264 621
4253 4309
6839 484
5213 7156
2974 4196
1412 5061
3907 3779
16 5910
2437 5382
8913 2021
1055 3077
3732 8602
153 7962
1734 3378
8504 1906
2169 3595
134 9524
9245 6641
6618 9881
1194 2607
8098 2164
9528 2831
2938 8515
1163 6033
7436 276
4769 5160
8745 5539
5922 5144
1771 7067
9831 5599
9837 7632
9628 3598
4023 330
8402 3507
3326 7642
1983 657
294 6456
2358 1251
1853 7464
4205 3169
7168 894
648 1440
103 8893
2240 2783
8927 6092
4977 1147
4935 4149
6691 4303
2356 1463
5895 5943
7506 8011
7020 2392
639 7316
7079 7432
6146 7127
2055 5633
3294 9136
5137 9410
6822 7092
1949 4995
6871 1456
9324 5953
4190 7503
3322 7350
674 1162
6322 7200
4523 1960
1382 9239
1769 4040
5868 1841
956 3062
1728 6053
3302 5002
9490 7507
8417 2156
5479 4276
2890 7888
5934 1760
6032 5759
5455 2968
2160 6330
1563 7161
597 3333
641 6493
8427 6481
5028 9107
4806 1711
3726 5954
9489 7872
3797 7203
3939 6729
2549 1661
605 7338
3613 8225
7243 6637
8263 1598
9212 9467
2845 9207
980 8233
3974 5591
7491 5487
1685 9987
7198 1841
9829 1406
4314 6034
1732 8162
3942 4533
2012 6527
2516 9126
8643 6969
2172 3690
593 2205
4453 1341
4690 7501
6234 345
2737 4131
4905 5659
8487 1919
1852 5831
9517 6394
2278 6906
7793 3339
3301 4282
8760 1470
590 2162
2019 5116
2629 4341
6543 2313
6083 6741
4154 8432
5659 5848
5049 8408
885 9307
8797 1628
6244 184
4747 9331
1769 4137
2792 6821
9871 1057
5642 1274
1708 4209
9977 7132
2131 4615
5334 6210
2416 8006
3945 1988
6834 2247
9583 2539
4376 9104
5160 4272
5310 9692
4190 2666
290 9257
7044 8384
5755 8873
7405 8422
1448 8935
9468 9540
443 5823
8007 8371
5865 6367
6997 8156
8692 4694
6200 8687
3343 2980
6771 217
9998 3506
6019 4083
5197 403
3140 9383
4038 5935
6132 1419
1944 5978
3486 5150
11 4143
6266 6244
3790 9467
8639 6818
5738 4113
7085 7051
4364 6803
6017 3433
4328 6896
500 6349
6702 7741
8425 3286
6712 7560
742 2921
608 6939
500 1262
2236 3002
8071 945
8041 1819
9591 8553
3601 7654
8596 7928
4647 8610
7942 5342
7314 1452
3075 5066
6647 858
4219 5768
5413 4669
8917 8259
7963 6208
741 937
7587 1488
4553 103
930 1984
2633 6657
1443 2044
5538 153
977 8458
3812 427
6010 9050
5901 4008
3804 1784
8741 3340
3845 1840
7408 327
3277 6530
137 9523
6822 482
8669 4094
9467 5431
3615 5984
8868 6246
9358 9934
3410 8949
4867 5554
8839 3645
3707 6958
300 9197
2535 1193
7800 6779
7803 3038
1848 3117
6234 5490
4161 5834
2151 1928
3640 3295
2253 7383
3681 5309
4081 7131
7797 2462
5065 9600
7637 3063
7975 4844
4957 4030
9629 5170
7382 6612
9884 4233
9550 1259
1982 4829
7511 1646
9380 5665
4310 9461
6380 44
906 4575
6586 9790
658 8512
9103 546
2799 1865
6637 7095
6455 1915
6884 9982
8816 3069
6492 8842
475 190
4095 1569
4049 6225
901 9420
2733 9786
6391 2210
2551 7783
3155 4979
5206 292
7876 6291
360 2105
6924 810
8798 3246
6151 2268
7810 2586
1459 4455
7681 6394
9272 5126
9665 297
848 297
4969 2430
7540 2775
9507 7511
6158 6710
6111 6215
8078 5791
4831 8762
126 7447
7615 6431
93 8393
7449 6445
216 5530
2383 1626
4632 2407
7356 1526
173 8646
2713 2457
5201 9384
2158 8591
9194 7860
8489 359
8582 5268
8367 4611
7866 6309
957 9756
1089 4208
2651 6379
4836 3004
327 3477
6697 9218
8966 1809
9898 4538
1686 7124
2823 3350
9507 7936
4613 5669
5875 6423
8841 4310
7671 3564
8812 4453
5263 2484
1086 1537
4155 1159
4561 4263
2182 9898
9901 1821
433 3568
5762 4484
5787 5351
9085 7940
6502 3205
6292 7405
6552 9975
1055 6804
1200 5398
3787 6736
3327 1068
2080 9381
4912 9698
2056 9558
8347 9843
9091 4616
5881 2508
2047 6057
7476 4423
3397 3585
5962 8680
8888 2003
5096 309
9615 1477
4594 1579
3464 2933
9746 6740
369 3296
1020 99
8116 4153
6048 2017
9312 4722
7758 9948
3322 8268
2871 8354
1496 2280
3669 2087
6837 1639
1667 5585
4836 5906
2898 333
4793 637
1665 3678
5594 1303
6036 2888
7459 9846
4543 7510
9102 5922
5262 6267
9193 3347
3108 7336
5250 5709
9085 4423
6685 7230
1868 3417
6350 3202
7095 1297
7545 7783
5456 6983
5299 3918
6732 6086
5719 9526
3670 9111
8780 1271
274 1931
703 5188
3445 97
338 4184
1991 9455
5186 9897
1971 7765
2158 5133
9388 6622
2700 8061
9686 8066
5265 6494
9444 4528
7960 2382
6941 6959
440 1394
6774 4773
6968 9623
4632 9451
5110 2764
7096 6660
9955 4796
9044 4181
7987 49
2450 8112
9213 7380
4246 3056
9836 9249
2602 4303
6517 1433
5862 3704
5261 687
2698 2148
6618 8186
2830 1670
8928 2908
9467 8961
2648 2690
2537 1624
8174 4234
5268 1097
8554 6358
2626 6176
7534 6554
9278 2255
8021 365
8874 7963
3562 9487
5803 7893
4295 2981
5983 8639
974 8604
5913 617
1601 3755
6334 3535
2505 4156
8459 4845
8224 7466
297 7776
4537 7956
1127 410
4146 3109
785 3773
1420 8941
8211 4841
8260 9515
842 898
7612 400
6142 2154
6072 6531
2325 6510
7703 8347
1512 5901
7605 8445
1981 8078
7418 8326
231 8403
2795 1335
9438 6919
3104 2673
6782 4482
289 9325
8739 4286
510 5206
2101 562
374 9366
1950 9954
3434 9901
2431 1851
9791 462
7750 6656
5379 840
3769 3525
1292 3112
6341 7973
7858 8526
7732 7594
2977 9442
2192 8468
6122 4680
2480 4282
2276 8820
966 4359
1422 8111
2140 5543
2886 3548
2472 7528
2174 1834
5223 9011
4253 2830
7310 6870
7495 8715
8577 2692
4021 5356
2361 8103
8460 4665
446 1755
4948 3957
7501 9722
874 3726
5375 4537
5871 3727
3593 6714
9394 882
5058 9065
6124 2914
4048 4837
2420 3929
277 7150
1035 4795
1301 3999
4868 3962
798 784
8970 2468
5864 22
5522 9328
5485 1288
1533 661
6345 9033
84 9527
7933 2809
3721 7334
1418 7516
6718 2792
6952 869
2574 2735
8104 1619
8815 9903
2981 1951
8428 2277
2773 4736
6861 7913
2676 3180
2909 2062
1285 919
6230 5407
5052 3004
7002 1974
7454 6768
5430 7570
3802 1694
7451 4112
5589 1317
2016 7729
7082 3060
6876 4013
9422 8282
6922 6888
1450 3324
240 28
2128 5459
2889 1592
3712 9791
4898 8009
7480 5921
5508 2239
8574 5608
1857 1458
7665 4393
3075 8316
6239 1994
1324 9305
6567 3117
2585 1854
8104 2582
4657 4685
9363 3710
4243 7176
1747 8388
4195 9543
382 5945
144 3372
2389 724
7751 5844
5261 517
2221 6567
117 1327
2124 3443
5324 9920
8750 6793
2618 9058
9814 5374
8432 5910
7607 7716
281 6417
1549 2925
6233 235
1121 309
8728 4766
9477 3328
5812 1958
8726 1216
2059 3384
6694 6661
893 7261
5352 3732
3855 8727
456 304
538 5592
7772 1923
9574 5314
1367 1758
4954 3353
1533 1134
1233 6612
5686 232
3208 7473
5131 3489
3577 6553
8927 1199
8455 3496
7301 4900
5058 926
2796 9321
5678 7918
2870 3570
6080 2845
2266 8593
1111 9713
6345 3751
2914 1715
6278 5147
6489 9120
5707 9718
8310 7158
7526 3815
9836 8134
2383 2877
6897 4497
8498 110
1287 3124
1956 3788
3122 4584
1563 1926
4068 6442
1423 2226
7554 5896
7287 2258
6625 5125
7722 7619
4518 3970
312 7688
4602 3772
2258 1363
4301 1586
5618 4898
7901 9716
3400 5707
9071 7141
3484 2334
8419 1205
73 4513
1217 243
8596 6155
4450 1853
99 2415
6513 5858
2991 7236
7223 4083
7163 6626
7988 6968
8056 4371
2650 2541
7267 8549
3320 6008
3986 5140
6799 2880
3486 5331
1492 2810
4692 7919
7419 4113
7016 7815
5515 1
5252 630
5433 976
2358 3261
1044 9304
5710 1421
1178 3634
1541 4657
3172 8454
9906 5231
1201 7362
4822 8151
7880 2027
5326 1071
3554 5904
7517 1069
3669 163
5178 9863
388 7
4485 3023
1416 456
7932 8554
6289 411
2617 9457
3289 2371
9442 9998
6051 9915
8163 518
7827 2387
1038 9050
4125 6054
3464 7886
9101 6636
1964 2428
2568 357
731 3314
5290 8147
6345 5581
6281 8512
8704 623
680 3143
4772 1036
3353 9239
9833 4191
1622 4169
9999 4118
3254 3045
1077 7083
6533 7719
1558 8953
7517 5783
806 7929
7477 815
1629 4437
4231 3715
1597 4189
3 3415
3400 2485
4505 1405
6685 7914
4641 9216
2737 9681
1801 4634
9937 175
2786 8520
7591 7259
3874 4773
5550 878
5632 5164
741 2032
1769 1256
6578 1573
4434 8670
3261 1805
4447 7391
3285 5408
8532 8333
1636 1001
8335 7898
2523 4467
984 9340
9615 5442
1607 624
5068 2226
4542 4595
7465 5653
9391 2029
8163 6651
3753 5312
7341 9305
7305 139
8333 8043
2119 4414
5933 2429
5941 9658
2825 3966
4550 2208
4522 5742
5889 4496
7637 6292
3173 7950
2827 6832
919 8492
2800 8964
9299 5262
5383 4864
5819 8093
1229 5510
1616 8736
2126 9464
4955 9960
7203 7857
3740 3929
318 6418
6287 1109
5646 541
8116 4099
370 8248
755 895
9892 1151
755 1730
6528 7793
5855 1742
8150 997
4011 9125
2907 5894
9957 8971
4014 5328
2983 9355
7360 7892
232 1183
3151 6026
7461 5698
2848 7433
9519 8880
9182 7622
7905 7773
2457 8346
923 4561
6074 4451
9713 4870
4793 1148
3445 3511
1513 8303
9479 1118
2790 6474
1815 5393
4117 6176
3610 9910
1360 6379
4509 3382
1850 7585
4407 7772
4743 5906
5319 3995
4353 4217
5125 3361
2766 9685
3350 5193
1654 3391
3271 4987
7617 5831
3767 3060
364 2149
9839 4947
1145 7484
7342 8651
5730 2230
6463 7049
9724 7558
3525 6089
4703 7837
8320 4823
773 6681
2179 7362
9123 5115
8386 4029
7371 9864
1939 1428
1805 9136
1269 586
569 1035
3782 705
800 7820
1324 4340
7770 2680
247 4083
4314 4702
7176 2021
539 8971
2761 6663
6779 2842
1913 6151
4529 2455
4572 3129
2932 6937
6307 1776
967 2265
1183 5066
8703 2188
9917 1878
9383 1011
8541 3508
8684 8291
9400 6011
5741 7746
9228 6773
8097 2458
464 5767
4620 5277
8803 9752
9709 6714
2685 4836
6654 1682
8103 1534
594 2043
1437 8982
146 8724
3777 2852
1833 2408
6 605
1483 8022
6916 9025
1175 5000
4279 1832
1205 2734
5673 8112
9042 924
5620 9973
6816 8986
291 7298
6059 4184
1150 7357
8447 3003
2346 5643
1617 6404
9096 1506
968 9763
9434 3524
5447 8572
6093 7086
1935 1543
588 2050
2223 8407
6609 7410
2713 2247
3177 831
4356 7717
9246 8803
8651 2895
1775 4449
2287 5087
7055 2260
3166 9815
8802 2250
9711 2816
5831 6311
2349 2474
2463 4293
3667 1009
2175 5738
393 4576
3901 7579
8694 5049
3343 4921
511 8803
103 279
844 9064
9069 9339
1300 4785
5288 2415
2136 4167
9498 891
2080 9749
9890 5171
8934 5377
9002 2539
4232 5028
3696 6317
2494 7420
327 4593
3393 2411
3213 2288
6374 3342
6385 7170
8859 595
265 8813
6795 7847
279 1215
1515 7174
4656 8090
3768 9901
6719 2591
9758 9571
1472 9030
965 8873
7913 775
7996 1258
9622 975
1584 1059
5816 6740
4567 1732
3432 6266
9608 7371
2077 7532
4690 7278
2406 7356
2873 2230
5323 2498
9523 3331
4755 3854
3683 6129
760 9059
4969 8253
6458 8997
3307 4854
862 3429
1975 138
5746 1772
6090 7980
6774 4430
7110 2228
9232 8163
8195 6490
8023 1787
1429 644
4207 6775
4708 5826
3073 4160
1780 5833
1504 1639
8213 1110
2841 9846
2427 4080
2339 6086
671 6415
2709 7179
1401 3800
9477 3359
4993 9469
4252 2254
2502 751
2524 8391
3655 3086
9353 6933
6876 3951
8588 3938
5341 4462
9889 8755
3604 1207
3225 9796
333 4127
1165 1825
7043 6965
7970 6645
2197 8718
7572 6546
5451 2138
2245 4068
2265 112
7999 1546
766 1086
6525 7091
3054 7561
195 3170
2535 823
3892 2791
9630 8247
1562 8665
2278 2027
4416 4931
4149 2108
9435 9583
3152 8658
9868 775
1922 1888
4359 1573
8016 747
4334 6131
1470 9501
9353 6900
9085 7412
873 6432
8406 1026
8211 6097
4324 3437
2668 9626
1848 7108
3866 7822
3652 6827
3642 1054
7386 4592
5382 3336
2643 8292
4718 958
9030 2552
7230 2389
4365 2947
3115 2574
7950 5580
8211 21
159 3122
9503 2965
5754 7087
1395 9423
9468 3692
5751 882
6519 4073
1311 4831
4333 2222
7131 9518
7195 1579
5231 1070
8633 6241
8078 5900
8062 8773
5790 6429
168 9236
700 2206
9624 8595
2627 9207
3486 7391
3215 2697
848 1501
5146 9229
9523 5598
6861 9501
243 6500
7749 1692
1648 2471
1398 7369
2725 5659
9157 4369
7179 7252
6862 4580
1865 403
7623 2258
7357 4504
1429 6821
4987 7166
6843 2401
9988 5267
5961 7385
5093 7588
4527 1544
5640 4951
537 3159
9555 7997
977 3546
6074 8329
5689 3833
8087 6500
9656 1929
8226 9676
4822 7001
3544 2451
4849 5591
2031 9228
9271 9595
3689 3266
2681 4254
9423 4176
5166 7097
4666 8361
5153 7515
1653 9261
9110 6147
4695 3250
873 6623
6618 7028
6789 6235
6141 4979
5413 3870
416 3431
8987 7973
6786 4493
5046 7807
4631 6401
4564 7748
5927 6110
614 6276
6121 8418
9980 2143
7143 4305
7961 2755
9509 962
8377 8967
9484 7842
9870 9882
3539 7493
8349 7188
1093 4411
2526 7872
241 9692
1656 1189
6074 1394
982 323
4881 8521
5305 1815
7810 2943
6242 1480
1329 4361
1848 2757
8730 4125
1289 980
474 5840
4914 8870
1398 6541
6382 8109
378 5158
4770 6413
4510 7880
7290 9596
4263 4362
4871 7577
4252 9641
2615 8846
5659 3750
8298 2994
3963 7215
1766 6968
6115 7613
8898 8189
826 5873
7967 4581
4881 9220
971 6777
3988 969
5026 5635
9248 2430
9899 5626
4781 28
3160 3265
7131 401
6416 2555
151 5247
2603 2922
1832 8248
6941 9290
7754 4830
889 3586
8108 4015
1877 3411
9140 9547
448 7893
3129 6255
8758 705
6191 1023
9378 1961
4192 6873
6116 7310
5112 3203
5597 4928
5443 3511
6794 5761
4846 512
5525 1267
8093 1464
1397 651
5651 4930
3835 684
834 528
1459 1872
1560 4742
9307 6357
1550 8830
512 1652
6336 7916
3882 7169
921 2100
7920 4965
6873 9786
6367 3764
8715 9009
1262 1808
8432 8609
2371 3569
476 9194
3031 568
2559 8153
3136 1730
1819 6186
6580 5690
9553 9336
9262 2233
3748 1875
9343 2403
8878 7895
5010 2185
975 9307
3659 4524
7894 6190
2436 3224
3407 5232
5815 4450
3317 6228
8634 7762
109 8414
9757 261
2791 7842
6700 8474
2425 8511
1631 8094
2430 301
4815 4421
5791 6643
6238 9099
5539 1543
6541 1953
7514 3468
9928 1577
9373 3590
5768 9315
4817 8463
8467 6216
106 6078
9216 9754
1890 6519
7475 6862
6279 9415
6562 698
2445 2531
1028 4891
6230 4589
8216 9893
3004 6686
380 3424
6962 1388
5345 7987
6538 7752
7268 4780
3813 475
7836 9312
7799 7952
9623 8416
7174 2087
1826 2490
9136 8592
6375 3639
3662 3314
958 3115
5958 5410
2233 6946
958 231
2347 9305
699 567
8272 5411
3059 4078
7170 2032
3421 7976
1624 9380
5686 7504
1256 4664
7720 997
8821 5437
6439 9555
1490 2240
445 9922
7455 4016
7011 8788
7033 8188
9213 6952
5698 8723
9063 8466
5009 2159
3152 9960
6860 810
9484 805
8299 4504
407 7829
3142 6896
7707 6892
5717 5142
1737 8252
1455 8289
6297 9466
6942 3647
320 8396
9445 7534
3399 6536
123 7528
4163 6445
1865 1877
4075 5606
4412 5366
7058 2653
2274 8274
2078 2575
3335 2382
161 351
101 1194
2167 2543
428 3926
6745 1187
5784 7961
1524 6641
5592 1122
8970 8987
3581 9185
4064 8492
269 4566
2103 280
3446 4045
1879 3526
1864 1123
6899 204
4935 5130
1059 9103
6716 6331
7051 685
8249 6326
7233 6744
953 4290
4558 977
2700 1615
8538 3374
6359 1629
9525 6473
1740 1800
3556 3272
8875 2855
8665 5647
3709 1387
8948 5148
4058 9388
4568 1042
4800 3265
5710 7119
1353 4146
6446 1429
9172 1348
1583 5527
2501 7792
9221 4905
4638 9792
7489 9033
2726 2123
2137 951
2878 5625
5090 2167
1505 3859
5398 4398
8958 9376
3595 9837
5466 8402
1702 4400
4457 8951
1345 1525
2000 6339
629 1128
5950 5738
8270 1332
3202 4953
2343 4702
9314 7846
3155 2751
8228 5587
6142 3347
7185 6695
1022 8846
5412 5783
4846 8365
8813 951
7937 2033
7801 1463
1032 6381
1328 7149
475 6179
1626 2828
3180 6257
5780 7988
1965 9064
1850 7464
5260 6651
3215 3150
2329 7492
6500 8682
2887 9095
2822 5059
1418 3210
4634 637
5583 6467
7285 4492
5966 9674
1482 1916
5654 1223
8181 2857
2113 5641
8164 1691
7566 3364
5583 2199
75 9032
9571 7523
1841 1787
829 6107
5404 6883
8900 5681
4218 188
845 6938
1294 4869
1817 4612
8269 2000
7490 7028
8472 3994
7172 6040
5848 9398
2889 4773
257 2076
7451 1224
2299 1755
3949 4163
8676 7083
5818 6055
772 5054
7230 8798
5459 7404
6040 2270
8603 8147
2670 9422
701 6071
1472 4053
1989 899
9752 9589
5173 7782
8215 8347
9892 5551
5960 3501
1296 1596
1297 9245
9124 558
9423 2409
2559 9081
2731 9609
9552 4521
3671 6229
9546 4328
8293 5016
4087 9267
4926 1415
3009 5744
1664 2984
7891 806
63 868
3164 7537
8661 3044
5057 2948
6275 231
9601 2980
3948 5630
2343 8681
5284 2571
1487 3388
8206 7856
329 8848
2478 8885
964 2978
6718 3970
8469 2665
4761 5851
4921 8572
9422 158
753 7921
3223 4763
3993 7410
6105 8970
1748 3339
4441 1133
218 1812
1842 2914
4091 734
2 3086
4825 2265
9297 499
1826 4010
273 5813
4754 2975
1295 2805
7311 3789
8380 1386
1745 1437
9310 5741
3905 160
4381 6977
6889 8354
9339 6631
4731 7202
5741 4
3273 1058
1787 7745
2750 3017
1391 9042
9868 6636
4027 750
3873 4934
9569 7057
9936 6684
9175 4104
8046 7082
699 7902
7307 8831
8165 9835
3469 4462
3961 5070
3764 7512
6469 3104
1585 3277
7018 7056
7550 1123
4934 3350
1936 9075
1913 5028
6520 2001
7841 3785
9688 9343
1447 2813
6042 2185
753 9418
1015 361
8524 6583
6249 5104
2298 4928
2765 5229
1923 1566
851 3413
3943 6112
6413 2893
7053 2696
1838 2758
6491 203
787 3150
5321 441
5153 1354
5943 7631
9661 2708
2128 7280
553 7485
9439 2209
6696 4326
4792 2
439 5881
8307 8808
6183 4300
9048 7885
1514 7417
4475 3600
5546 3768
7388 2876
7166 1504
28 6761
5881 8663
5111 3739
3072 739
1288 4490
5597 4274
7184 6553
2022 2214
7321 5057
5284 3456
8581 6292
5576 3462
2788 823
8371 6789
5178 9375
9708 9358
9494 5391
3541 779
1132 2116
2380 5189
8232 8371
615 8261
4323 5265
838 990
2312 3915
5928 9351
3976 6599
36 3738
3586 2053
745 388
61 2241
5996 4996
2077 7313
7841 6387
8253 2182
550 8207
7506 3623
1457 1173
2484 2083
7423 5275
4559 8030
3965 397
107 2882
6160 4866
362 348
6823 8863
8417 4112
3653 5583
189 4267
1008 2623
3700 5109
8449 3966
2046 9238
7855 9270
9456 7687
2703 3792
6613 4314
3826 5988
7934 6675
2420 9417
9335 1500
4490 6471
7187 2682
9887 3286
5582 3155
8930 196
1345 994
6633 1487
8326 9759
8684 4606
2085 3643
8891 7302
2295 814
1355 4875
4329 3551
1058 8836
9528 179
3816 6550
8920 7454
6568 6849
4514 3343
258 2201
2624 873
211 1555
6109 6551
5821 7259
2945 591
6019 1650
2958 647
5827 944
2556 5777
8167 5466
8306 2337
9038 1482
8553 7995
8402 1236
5419 709
1279 4446
6402 6589
232 6275
8155 7188
4227 30
5856 7538
1984 2799
7076 4763
7927 7214
1216 6787
163 8494
6433 7754
7842 311
5491 3490
4401 8267
5949 1744
7144 3143
4736 35
3106 8213
6720 7511
3346 8007
6928 6144
6083 1683
4565 4579
8580 6578
7944 675
6176 3992
4365 7338
1241 3835
9543 6345
9751 184
4638 6684
2886 7056
5467 3420
434 9384
3345 5079
3130 7636
2886 5709
6740 826
2367 9706
8730 8369
6500 3153
3363 8
4752 6443
9470 7101
7573 3115
3101 9074
4007 3936
5516 4024
9578 8935
6216 1020
3495 5207
1256 9841
6650 2160
1592 7425
2650 6457
6065 1462
8851 3275
2675 4513
9003 5719
5485 1627
2125 5733
4532 5741
7014 9590
9402 8027
8299 3654
441 1526
3041 3645
3788 5334
4471 5450
6799 6052
2397 479
243 6600
640 5058
5277 5661
3826 6642
7797 8946
5682 8102
3602 1591
1420 2008
4254 8904
1370 4734
1954 6275
5385 1750
3928 6055
3265 8322
9550 4019
82 2098
4128 4310
6511 9277
6256 488
1165 2303
3803 9029
4068 1422
2973 1263
1256 5494
9422 1551
683 3366
8874 3086
1567 4754
9669 8805
5073 2498
6123 9706
2085 8237
116 2682
1183 7910
8170 8042
2538 9426
517 2579
5937 2409
9737 7963
2647 9036
9579 8146
6742 2471
282 8673
950 1371
5344 3855
1971 5868
2351 2725
4389 6527
232 101
9923 4505
7506 5221
6917 2189
5508 2502
1884 8929
290 5565
559 1540
874 1390
7198 5232
1683 6607
5626 923
4879 9261
8962 3597
1038 2435
5941 8756
7346 1848
3151 4222
5514 9061
6182 9475
9818 2733
2513 133
2779 3353
4968 3466
9705 8365
5200 9707
6837 1013
5774 5055
1949 6156
3739 8946
2267 5425
1482 331
4496 3362
597 7694
5400 4077
3438 5066
2596 8605
5478 8571
4725 9029
730 2985
9375 7397
2150 5393
4535 2763
28 8507
5745 8342
6845 1924
1492 8238
7146 1506
5643 6097
1326 3774
6183 7214
4454 2039
7483 3696
7955 5115
6631 7997
843 823
5425 3890
7729 5916
4959 8058
8621 7765
583 199
9255 5069
3322 7411
3180 452
3420 5168
3628 2276
2950 8325
5465 5230
6019 4803
8200 5728
4110 8800
8616 2056
1062 5788
9233 2985
21 1597
8471 326
4065 9977
9461 8691
5976 8504
5107 7958
9988 6143
3314 3216
9374 9534
1511 5333
2178 2384
2358 1878
2212 7850
8744 6159
98 6991
6695 886
3223 4193
6973 8035
6941 5327
3215 1211
1180 5090
4532 3412
1409 6257
2896 8838
5270 5101
772 8829
253 5621
5818 5082
6200 405
5754 6512
4642 6307
5266 2147
892 3136
5963 966
8179 3363
8448 2376
6391 5658
2998 3243
5531 6511
2423 4692
3987 6933
6212 1199
9127 2220
2469 3264
5024 7085
8177 3427
51 7948
5460 2361
2672 3680
3790 6992
4499 1621
4483 8121
5110 1613
3359 4029
5212 6637
4957 3817
4862 2406
7630 9148
8488 8449
316 3773
1689 2118
6641 4023
9523 846
5614 8131
4634 9664
2011 3774
9916 2037
3970 2714
7104 4610
6380 7840
699 3702
1441 3286
8292 128
6110 582
8513 2030
671 9328
3779 1529
910 5530
2821 9776
6387 5165
7286 1646
2190 8561
4403 5128
3142 1147
1784 91
3638 2581
6142 24
9503 2331
5101 7616
2306 1350
7609 2110
1814 8120
7678 909
8782 8898
1286 2159
5650 5059
6286 7547
3969 7219
9132 3010
8454 7147
2603 1596
7700 4566
9214 1605
8146 8677
9683 8884
9991 9211
4286 4460
2515 8963
7827 639
9361 4823
9427 8414
1033 9787
5080 1703
753 2660
4887 1230
4954 5184
7111 6257
1958 3945
3144 6185
1632 9819
9668 3433
1499 3160
1690 3809
7022 6718
1846 5731
4449 3516
5590 4624
8190 7915
8286 3706
1598 1308
499 1912
2362 9650
9797 462
9945 6788
7362 5231
7886 2834
6701 562
246 9791
9505 5752
662 9063
1958 174
3548 2137
4512 8380
7759 3486
1883 2341
699 2247
7443 8206
3159 7993
7530 2394
5015 6562
1884 9056
9346 7175
1807 6767
9784 6743
3333 8504
6928 3304
2457 9814
8676 7538
5395 1532
1638 6823
9135 6983
7980 9359
2281 2517
9470 9802
8711 5598
2102 1494
8486 7767
1030 8457
8551 8376
1569 1479
7511 3808
1523 5552
6410 7224
2330 2332
5598 1888
2932 7225
9958 4093
8744 8055
7423 5349
1930 30
3884 4748
1989 215
3225 9167
4614 4785
7752 9681
9213 3693
6571 3180
2130 986
2634 2551
770 8610
5361 5028
7413 5919
8376 5289
7683 5093
6932 1127
3749 91
585 2343
4606 5517
8601 5499
44 4705
392 3005
4453 6011
9859 9822
9718 4380
7231 936
8584 3682
4705 4316
5009 4860
2931 5320
1662 7828
6510 4024
8398 5946
1061 2863
3846 43
6476 193
2158 361
6825 5224
4801 8593
9401 9248
1767 9056
7423 8654
6553 4427
5255 8431
5577 1783
9071 2319
1208 1001
155 6705
9267 7926
9267 8849
3881 9085
7486 5996
6574 9355
5218 5558
2437 4943
1791 3646
2526 1638
9928 2063
2041 1641
7184 3764
4726 6675
4876 3858
1028 1
6913 1481
0 2347
2902 8501
1337 5002
1769 1899
5042 2919
2823 3246
9520 1813
2671 4279
5051 3710
5205 1094
7371 2733
5583 2433
3836 8757
8505 104
5361 3855
3127 8896
1764 5445
2525 4562
56 5451
5781 7657
9957 2700
2064 8198
5199 4974
2664 518
1324 9495
4442 8094
7882 5478
9897 147
2995 8127
7015 1441
7489 2192
3444 9407
2202 4340
8246 1902
8345 4568
6192 996
3387 9371
6637 3140
2888 424
4610 3789
5024 1994
4860 9953
2567 7380
261 4149
171 8390
4568 1623
2223 4443
6943 3941
907 2145
6653 7062
6358 25
9738 4755
4052 2256
2272 1644
2619 1113
9928 4460
8020 8853
6976 3870
4981 1599
3823 2296
4679 1360
304 926
8955 7988
4606 1532
7088 3555
5872 6544
9808 9257
5386 8879
3351 2186
440 9511
2488 1823
4777 2395
7676 3362
7095 5921
3810 7141
5827 1827
3611 8796
6218 2455
916 3246
6301 9898
5902 1845
8290 9368
4617 10000
3964 5687
864 6222
2356 6925
8037 5391
2979 4541
3294 1951
8812 4517
9162 6113
2337 5725
3670 365
9307 3997
6666 7596
8076 107
6488 5372
1640 1131
153 3386
6744 5905
8844 7942
2968 4944
6530 1675
2782 1442
2555 5821
9508 3612
6710 2027
9357 4261
1436 2451
6109 117
9869 9995
1724 1193
757 8997
2138 4111
1283 4864
4744 4179
8113 1255
8161 9626
6129 3082
2313 5404
4593 1597
1150 7979
3388 4611
7603 5017
4406 793
4549 3410
8303 8150
8244 3095
6181 2345
4924 8012
7208 629
6720 8479
4171 1123
9865 9212
6001 1140
3419 3275
3409 3501
4697 3775
784 1235
6291 6943
8802 5732
7035 6388
2211 9955
2458 4405
6008 5226
7928 9965
2043 407
7316 3371
3387 5381
2907 4728
3502 7253
4358 7265
3371 5282
568 2065
1190 436
1401 1731
5965 5018
550 1564
9043 479
4243 3990
6835 4621
9663 7644
8570 3502
209 7450
9586 4424
4078 8655
4389 2766
3778 8521
3857 5689
3116 80
9963 9281
9037 5013
9372 6606
6189 6325
4150 8842
2792 8985
9048 7531
3899 7377
8973 8277
2786 8736
8021 4923
2045 3908
4953 6346
1143 84
1616 1924
7860 7124
7448 5869
2378 1624
4978 8297
727 9658
3255 4718
4219 5156
6333 2203
1410 7358
1515 9172
7850 2703
5212 7518
8311 1697
5131 1075
6530 6911
1179 6049
6873 7174
6371 4801
7606 8490
1484 6190
8209 4756
3587 2466
2227 3908
8317 3759
150 2312
9639 6098
3996 4844
9102 2542
241 6689
8951 6714
6350 2171
6358 2071
7301 7279
5981 7668
4046 5691
9378 1142
7644 3349
6069 8904
4611 3197
6243 1546
5750 4676
9669 2519
70 251
3592 7408
1299 6347
2644 5387
4318 2470
3789 9421
6413 2124
2061 3467
2394 5665
9025 1972
577 7989
3380 5630
597 5111
9316 8257
5623 695
570 8254
192 543
2579 6911
1277 2919
3279 9568
4636 8104
5095 736
5602 8097
4219 5258
1223 2489
4177 4390
4477 6510
4673 4626
9315 5774
7448 5222
7492 462
694 3543
567 8032
7744 4944
7398 759
1358 2079
4577 7690
1609 3678
2682 5357
9638 8086
3545 986
8914 8682
6847 4499
5745 257
110 3671
3493 3654
2579 9806
8909 9690
2634 6457
6854 5300
910 5320
242 7861
6640 1683
6930 1702
946 2476
3330 4646
7007 2986
7298 2698
5180 8806
1221 1649
5703 920
2863 1971
5858 8251
3250 6160
8018 7301
3746 4201
7156 9747
9238 8083
9365 7073
6411 4185
2407 6320
6333 634
4719 9447
3832 1307
4613 7754
5468 3147
9135 3120
9653 609
1146 8784
4881 1635
6327 304
9793 9412
5425 6843
5418 4794
8978 8090
1096 6525
6420 2938
2091 4290
2867 4985
1357 3253
800 8675
5849 7627
4005 7650
894 1075
8929 4344
348 2895
7681 9049
8255 7399
5077 9875
6360 9749
6019 5267
7961 9810
6163 7108
8163 8673
8739 1757
3993 1986
2262 6716
8617 8924
4841 870
5349 1303
6457 9923
4306 5151
2304 4697
5155 9496
4541 8216
7377 6283
8254 5248
7130 4729
445 911
7112 2513
2289 6583
2929 6713
2284 46
4825 6478
984 6197
951 5064
3527 4791
5894 4651
9388 6377
2867 5284
7113 5049
3601 3187
3245 9283
3738 6545
8571 5973
680 2272
6639 8289
9370 429
8493 1913
7466 679
3079 6568
7911 1590
4889 3331
5055 4219
6564 4389
9669 8993
1984 5201
5727 6627
4725 8521
7590 40
997 4363
7421 2186
2367 9241
814 3385
5039 4984
4813 7005
9736 6370
5398 4157
6937 6166
9311 4744
1527 6061
7146 8867
4357 1971
2279 1997
6037 1703
7181 7213
8349 5849
3659 9112
9419 8525
131 9363
9782 577
733 9927
9023 9577
477 4357
2914 178
8863 789
2755 2056
7097 290
2673 3906
7472 6357
5584 1725
3708 1704
1101 5676
7382 3984
2962 185
2659 1256
6806 6518
2999 5769
7169 3837
4483 3275
2331 4988
5980 7004
8429 2290
8656 1454
5879 2668
5164 8382
1530 2043
1342 5133
2392 7653
8871 1598
2155 6686
4720 664
1134 8656
3087 7647
1190 2399
2653 6569
4504 8043
3673 6099
4063 1152
1170 1261
4837 3363
1105 187
154 4149
9513 1796
2277 5855
2846 5766
716 7668
9575 8988
8569 3428
4659 1698
1693 9944
9646 5653
9367 2554
1386 750
9326 7921
1854 1615
7648 921
9387 420
6656 5158
9634 4170
2497 6923
5731 6724
6298 9307
3242 4470
7728 3678
1583 8247
9102 569
9229 5879
3600 4372
6631 9928
3706 4332
5125 5211
996 1639
5678 6564
2552 9646
8200 242
9797 9900
2824 301
2197 7830
5474 3420
7759 7824
6516 5322
1918 9723
5609 6684
1618 3561
7511 3310
4259 9228
1437 8269
3540 6184
1626 2494
9680 2430
8086 5967
2380 5944
7039 9644
5964 3130
4335 5967
1870 4697
2243 2791
3598 7402
4784 7804
1371 7739
7046 684
2005 7118
30 3702
7857 2087
9460 4817
9678 1455
9142 974
9416 1250
4333 1718
6529 7618
513 8802
8437 795
967 8301
8165 239
3010 7274
7745 9114
9101 2793
4508 6556
3048 933
1545 7609
7202 6253
7108 4717
2694 2188
50 5562
143 3385
5144 2869
5227 8051
5345 3603
5484 761
1042 6854
877 1025
9167 7256
4900 3944
8947 5592
3130 2486
5160 3014
489 680
5659 9035
2713 945
2136 9943
4338 1617
995 3757
6029 2316
8783 1641
8124 9698
5724 7104
1371 7200
6593 3818
6328 1468
5050 8557
3433 9615
8638 408
4463 4986
7991 671
5411 157
9693 8309
4146 8316
7185 1182
7787 6610
8687 7704
9624 367
1191 4056
7162 9696
1235 351
4684 5076
749 5189
9257 1364
5119 604
6277 2239
2439 6943
8494 214
7941 4967
9856 7443
888 2413
4719 681
1979 5570
7975 2621
5311 1018
1579 1652
6923 1406
2637 6258
8721 4445
7792 5355
5827 3694
7328 7061
1360 291
4798 412
7801 5675
1429 896
2376 8747
6916 5083
2885 6536
6308 6609
8108 861
4838 5401
6101 3648
508 3936
7238 3726
67 5489
5929 9095
9147 6709
4479 369
6137 5480
6976 4181
9103 2320
7479 114
329 412
9864 9237
8451 6230
9456 1637
6861 9354
6702 613
4244 4663
4950 7270
5184 9378
7497 523
4893 6733
6195 7622
8336 2939
3696 1757
9271 4912
2799 7953
1863 4760
4145 1257
2848 6947
4129 6151
5395 9256
8437 8134
4475 5888
9238 4062
4568 5124
7574 2721
7127 9439
1847 639
6337 3262
4176 1953
3113 1158
4165 4369
600 3890
5125 1155
5532 2517
9106 4086
7185 7700
5485 2278
6719 1017
4121 292
2322 359
7840 6870
283 3638
1593 9072
3284 5514
3103 2482
7946 3812
9958 8465
4924 4573
4130 2344
5376 1963
9277 616
8435 7419
8245 3433
4157 1311
5129 1762
337 1998
7785 9299
118 3078
8645 1988
6799 9579
9954 2783
3923 2179
8617 1113
7167 8083
6988 7907
9400 8218
6978 4997
9004 8471
8670 4151
3782 7451
7540 6249
3906 8394
7455 3163
8861 7426
7400 7025
9962 3257
8090 4234
3857 3772
1373 4200
3531 3198
575 9891
2539 244
620 8788
9455 4629
3969 608
2959 700
407 2292
143 9952
2224 9260
6688 2410
4564 7967
2210 2972
7093 1483
7712 2459
9154 203
5318 7812
1959 8869
2696 8908
8217 6486
8863 2284
8545 5801
1806 4613
7992 6590
6035 4516
5836 4094
6043 4497
469 1270
5417 3604
115 9254
9931 2872
9420 120
9299 6276
467 7007
1320 5580
7285 259
7024 9854
2089 6525
2700 7242
7058 4051
6707 6022
3741 6116
1131 3432
896 8276
3629 4761
4794 2845
9627 6677
4911 1893
5287 7279
4245 9882
7357 8277
2207 3242
1039 3858
4410 8280
7686 4378
6453 8389
1336 8861
5720 3791
3702 5379
822 3092
9986 2235
112 381
6177 8487
5128 9716
1344 8675
7228 4638
663 8789
548 5728
6098 6148
9493 8617
3999 451
8827 5391
8522 8130
1956 4426
8060 2477
8717 760
1219 7006
8154 311
6897 5493
5358 4264
8609 8353
8038 4004
1131 8432
7062 4103
7017 5016
7401 1732
6126 194
2170 8240
2871 7812
7350 7096
6211 7694
8074 761
1519 6116
4390 3177
1307 4213
8696 9932
9150 523
680 8191
3335 4675
9955 4772
4924 7514
1223 6150
8708 6274
2190 7003
5652 9923
8857 3969
1345 2025
3935 8213
5792 6219
1214 9456
6259 3919
1765 2543
8214 6115
1025 3749
1620 9265
5304 7902
7579 1392
8737 3207
7025 2713
9269 3880
190 4421
7927 7194
6390 5568
6248 5599
4872 5993
1622 6074
6011 9101
8250 9818
4535 1339
885 3808
6769 7332
2700 3248
2145 2000
5458 3369
9526 616
1030 6574
9300 9895
4261 9914
76 5306
48 4491
7618 8794
5555 566
6235 8660
3080 5457
6508 15
7905 7645
784 7589
7172 4366
231 1669
145 6653
4098 2481
9322 2144
8302 1453
5899 8816
5724 175
6106 2065
4712 2495
4370 4892
7681 7527
8890 6133
7614 5044
2425 5528
8443 1876
1652 6999
7267 6081
3474 904
8776 1420
6672 1563
8683 6603
6222 79
2357 9869
9704 9770
7357 3541
1325 3823
9339 419
35 722
8538 7807
4930 1391
786 6764
4641 6429
4527 6456
9131 4445
1668 7466
7990 6050
7203 3257
3288 6003
4033 3091
9693 8075
874 7678
4026 196
7565 9480
5877 4193
5981 5470
2609 19
3400 4421
4383 7099
5939 2039
5755 6950
9574 6609
9191 3877
9983 8231
5920 6445
9611 2944
3349 9535
327 8952
3425 3184
4690 9353
7225 1440
5237 1025
585 5103
4059 2133
2482 9315
4008 6657
4917 4443
3650 5755
6710 7125
4596 5877
2854 8615
3442 8210
766 9529
7697 3818
6303 4857
1605 1897
385 6478
5743 8732
8703 9406
3898 5373
5727 5112
5674 1524
6530 2900
9944 8745
9270 2819
1394 4552
3619 3500
5065 7471
8735 9787
9444 9032
4718 6723
3352 962
1527 9873
8500 628
8974 3322
7708 3120
3906 2695
8573 3793
4959 5038
5517 9665
333 9135
472 2479
9515 9237
7856 2457
5794 2469
7314 239
5440 727
4685 5971
3872 7452
3648 6320
1687 3561
6730 6234
9349 7857
1114 6834
951 4522
825 692
3949 2568
2755 4191
2717 5024
7345 4173
1673 9422
3313 3498
1820 3186
4403 4521
1491 5505
4302 9557
3328 1186
847 4301
3014 6338
921 501
4523 4669
3408 8355
3005 5761
7248 1759
7313 6201
4313 870
2056 9364
9104 9374
6174 7665
8574 1793
6814 6850
348 3410
8501 2533
571 6981
3549 8208
9358 6750
9582 7297
3336 390
1513 8310
5975 6378
8244 9622
5282 9480
9379 1366
4533 6480
4885 2769
3572 6422
1764 2364
5440 98
430 3236
8748 4735
2609 5109
2148 3574
4984 8071
8061 892
2140 5679
8537 3173
1269 8925
4233 5160
3006 4439
7212 3189
1691 5107
7341 8031
3979 3154
4590 6854
388 3189
4214 4184
9193 2834
5206 9240
969 2311
6583 5079
2377 2090
7393 7510
7731 6780
4556 4220
8937 1585
3789 6298
5672 1707
2226 1555
694 2889
7718 1798
8306 1726
1073 5085
3007 5181
8931 5826
8441 4815
8882 6988
7926 9788
1579 245
232 8297
5280 2067
9975 3247
8237 8751
1458 4263
2877 8589
946 3675
7373 3353
6602 9593
2262 669
6038 3067
8177 3775
4936 6496
4073 1628
213 3221
1007 1451
2429 5709
4611 4649
6966 4146
1452 6051
2688 6812
5206 9213
6315 3349
329 6566
1981 920
1254 7333
7467 3865
5692 9743
816 6069
2639 5753
5727 9402
3191 2393
8717 3099
2217 4333
8086 282
4774 5406
8905 2776
7763 7849
3047 4603
8703 847
3198 1667
9384 7545
574 3864
2715 3889
1560 2749
2633 6494
9584 8321
9406 6585
983 9004
3844 125
9791 777
141 3010
583 7353
689 3132
8085 4326
9752 9613
3130 4027
5422 8615
5715 7797
7952 722
4406 4544
5495 888
1382 8893
7722 6362
7396 3750
5013 4296
8284 4886
3197 3492
1597 8038
2485 2732
2603 5901
5009 5899
4488 2116
2774 3013
6430 8146
4201 2431
9767 9609
799 3929
8013 9282
1652 7232
63 8343
1054 1467
3537 9245
807 1399
5244 6382
1523 1295
9406 1958
9031 7293
2304 9736
6623 5161
7567 1500
3238 8675
5433 6096
1820 1304
9420 665
1153 841
542 5298
9344 9692
9828 5641
6716 4294
2816 5670
3437 9137
4484 6859
1514 9140
7342 5818
8956 1732
134 3426
4548 2535
2781 5807
6234 199
609 3204
6894 460
4430 6505
6473 9871
1797 3254
6919 8294
5980 449
5193 4398
5634 4982
3010 3797
9981 5052
1753 7860
1278 4114
1368 9727
9205 8894
1254 9941
5090 2088
8508 8847
3890 7141
4692 7944
708 4987
6676 2229
5274 8922
4013 9393
6462 2258
5592 3066
714 6860
7679 4441
4232 4750
9460 9121
1245 8975
8232 8421
5026 4821
2307 6228
1773 8393
3640 2766
7703 4808
8122 9101
619 6519
6629 6754
6119 3151
5790 4915
779 8796
788 5590
1390 9904
5504 6302
7434 7068
3140 1760
6111 9256
3985 3866
4511 1801
993 4296
2541 8429
684 4551
3882 4912
4731 9147
129 8001
8976 7972
8468 9876
3750 1450
5694 1146
3851 1860
7538 5969
6674 6267
440 678
584 5374
3470 345
3989 6839
9149 3210
6935 4272
4069 8309
9162 1538
2825 1264
1487 5886
2385 9585
6749 6177
396 2031
4558 9845
7581 6202
5597 21
9765 4383
574 3788
7222 2134
9157 4112
1575 917
4191 2009
6296 7182
678 9415
4674 9644
1928 6403
8271 4829
5171 5866
2029 9975
5532 6663
1255 4722
7789 8767
6185 5426
3513 5530
4637 5537
9486 4937
3849 9227
4528 8922
6468 7
4027 1627
3837 6724
804 6831
7540 2652
6815 1351
8693 4108
5500 7980
4659 4828
3157 7547
6145 8201
3319 1503
2897 1964
9553 2226
9910 1101
5028 2268
1287 7118
4263 8852
3936 8500
7385 3125
5682 7836
313 5945
6272 5460
8081 4911
1133 1040
875 3654
3366 2120
1668 4798
5528 5996
4691 7340
705 7496
5990 43
2634 729
8361 2670
951 6073
3718 6493
5745 4923
3568 9176
511 7662
7727 2173
5578 8346
4190 2072
799 9460
31 7701
3673 4
7611 7045
839 1151
6512 5947
3866 4108
9215 6482
7567 1351
1475 9311
9376 418
5102 7332
4824 1696
1034 4159
8426 6466
5795 6051
2245 5972
9554 6495
6315 7575
8514 2041
5813 2670
9521 8050
9221 4833
988 7411
6073 4456
5370 3029
9226 6796
5770 2458
9691 5873
4456 3836
1514 6391
870 983
5927 13
8881 3422
8888 9959
2859 9729
2384 8017
3043 5987
8142 5749
7445 2728
1196 9148
2889 1119
5033 6014
5488 3444
7275 6722
8237 8013
5967 916
8144 6794
3671 4609
1042 4537
5111 4756
7133 6524
332 9117
8751 2750
5020 8048
9329 6788
5553 7227
4781 8070
3738 7417
779 5732
1732 8194
6704 8136
7931 9944
8397 6881
8841 6729
4978 7891
6740 3606
8769 3034
7266 2896
9084 892
5111 5293
3877 1223
4852 2261
8208 7875
2243 2900
8492 7390
7094 7539
1390 24
8492 5744
9165 3722
7677 4038
4967 1505
1488 6596
7318 3161
4617 1487
4466 1603
6052 4541
5643 5119
6272 9934
9227 8513
3011 5299
9959 2622
6426 3446
827 7212
8418 1648
5133 3385
8957 7512
3978 9232
6119 4778
5074 1337
5666 1972
2151 2597
6798 1371
5135 4635
9961 3340
1967 7929
8218 9569
4713 1791
2744 5057
3056 4013
4686 4387
2833 929
9824 1595
9495 5252
6557 5338
6121 6590
1739 7117
56 9545
7978 2850
8418 5598
8405 8872
2114 3552
6366 44
4442 9366
1806 4214
8061 4241
2793 5525
5679 9825
6435 429
7782 518
8466 2527
8931 1774
9163 6448
5121 7348
7683 468
2086 6561
7170 3453
8640 3453
4704 7246
5040 5501
4255 3299
8181 4255
9025 5949
4590 8682
2138 8627
530 7321
4493 8860
8846 9493
4538 3278
3968 480
6092 5953
3352 1873
1775 6948
1625 783
1682 3184
1522 8903
1168 2355
91 5989
3119 9622
5646 7014
6671 2264
8267 7207
8187 7004
8464 2109
9685 6641
7262 7795
8259 6425
9008 2244
1135 382
9104 3687
5059 1136
6425 2671
869 9209
428 8363
3540 2689
5393 7078
8187 4825
8600 5414
1541 7604
8036 1262
2524 2603
9723 3905
3576 5847
2171 87
4804 7002
4831 7948
151 1175
4535 8563
4575 147
5993 4167
5064 3217
2625 513
5014 7550
5758 995
3808 7048
1570 9209
4669 4525
6836 4415
2031 891
9926 5920
8834 3818
802 4676
755 7178
1768 803
7497 9485
7946 5724
9021 6843
2290 906
8501 5051
6740 2139
7705 7883
1198 3241
5494 5213
4647 6793
7820 7704
8621 6935
2482 2695
7539 4811
987 6157
200 1846
3823 8832
2293 969
8735 7010
9115 1135
6273 8319
9371 7063
8399 8851
2280 139
8073 8144
9066 4776
5381 8543
4714 6941
8988 4012
441 7834
1834 4760
1670 5506
5522 5910
8843 7036
2926 9303
2298 6518
2123 7699
3893 9186
9534 9115
2464 1598
6953 8881
4928 1943
9725 381
6247 3101
9600 2402
512 8337
5755 3310
7320 1375
2115 1567
8050 9505
9778 7352
4296 9020
2574 8599
1488 1668
3230 1879
101 4524
1055 9105
2979 6101
179 2450
3537 2496
6546 4107
9461 6687
1405 8929
7959 9753
2877 3376
5538 2755
3171 3927
1022 7211
9664 9001
987 2654
2541 2992
326 4453
5011 4926
7949 4918
9220 806
8782 1901
2322 3999
8752 5707
3099 1981
7132 5187
2666 7749
562 9734
741 6185
9200 9542
9805 4615
9775 6929
139 985
4145 1662
6053 2646
564 7347
5617 615
8538 4170
7080 3336
1811 2288
4503 670
3873 3135
3143 5103
2266 8457
3126 745
8096 5913
3931 502
2457 6231
9397 7216
2267 2276
8184 4379
9081 3132
9456 6951
8606 1175
8051 5800
3125 6256
6084 7442
5033 5739
3097 4044
9505 4183
2591 6081
3800 2096
5684 3298
5557 7248
4103 2188
6733 9760
6685 7729
6022 7872
1072 7094
6605 9606
2630 6821
6544 6679
8129 2770
5976 3606
1628 5220
8468 4068
4941 8122
698 1033
4812 7314
5689 9328
2192 8106
5171 3289
7166 8102
4335 4468
2130 3722
2005 5875
680 3404
7660 794
3771 9520
8118 217
7737 7053
9198 32
2180 8294
4842 3097
8085 9189
8503 7540
2683 3516
4530 3569
8442 138
9734 3551
2054 4959
5621 4955
5181 4119
3840 6116
3406 195
1686 5516
523 6243
2151 6022
804 3256
44 3054
1382 6939
2139 4390
7654 9896
6190 3492
5886 2102
5780 890
3711 1159
5898 4874
1602 5309
2114 8757
9151 9353
9006 9202
9740 2839
4123 9094
421 7871
1932 2596
9399 9748
6159 5326
8431 3084
7388 3219
1321 3890
6626 9935
3848 6922
1167 3506
3519 8771
6178 3356
1851 9077
7041 3672
2317 2982
9998 4186
7518 4141
9578 213
8035 4975
4571 1143
1431 7240
3808 610
2165 6889
7750 1731
1527 5507
5401 9055
5146 1395
3684 5626
4939 3841
5402 6394
4536 6113
8884 5117
1302 5249
2703 1357
1236 2992
1885 6968
6168 976
8088 1399
7237 9514
4898 8630
2476 3541
3667 8542
9319 4342
9402 8586
1344 32
1468 7001
6975 8945
7619 2199
5138 729
5756 5813
448 6534
8818 1942
6031 7502
8912 5396
9984 9726
6205 4456
2616 7799
991 9342
4318 5374
977 3580
6898 9976
6019 6455
7081 7317
4375 7656
3905 6713
9691 7310
7058 5735
5434 2596
2890 4457
4221 3202
678 8334
1332 3574
681 5642
6262 68
4866 1211
2016 1832
8916 7134
5669 6663
6100 1924
4305 7186
2276 286
7540 8490
8751 6742
8856 3192
7129 9927
5368 446
7795 2101
7569 3954
9777 3318
325 9521
7049 5088
8079 9168
9360 3444
8482 890
9451 8892
7176 5189
384 1077
3627 7305
9806 9012
6309 7128
560 8772
2608 5360
2223 721
7094 3392
6446 7931
6113 5243
7979 5203
987 3765
6064 2278
6964 4243
3455 6947
8850 8772
2726 593
1049 769
7601 2067
587 2913
6050 5846
7097 5258
5021 9696
1250 607
9837 5282
2808 2614
6158 967
9294 9633
4917 2206
4738 7871
7450 1323
6147 1878
5463 2988
5515 369
761 9982
6715 9666
1569 7594
2117 7155
7581 3293
7045 5431
9638 689
4833 2957
8365 2643
2238 1409
6085 3248
5363 6482
341 9678
7117 1908
3997 8727
7359 5271
9568 9021
2462 2171
859 8716
6603 8822
5465 9454
7721 3039
1659 7294
6058 5565
8407 9602
7045 7992
899 6606
1408 7446
2328 6493
8739 8167
531 7883
4034 6200
8464 2301
8895 7375
6836 7073
4679 8763
2185 2907
4386 1619
4512 9410
6015 2757
7034 7815
377 4333
3416 414
2279 8298
1406 2642
225 9018
8738 3537
9443 4196
1066 5188
567 7958
9726 9144
9463 7818
1991 5431
5564 5647
6885 5051
6878 456
9767 4374
9744 648
1469 8684
4809 1890
5268 4467
8081 9130
1019 9257
9362 7196
8792 2148
5257 5474
1754 5170
5079 8509
3553 5571
2070 7567
195 1809
5712 2404
4680 5741
6848 3822
9879 6108
8918 3968
9929 5116
1339 1896
1169 6693
1469 6934
6404 8443
1205 4220
924 3303
1676 2196
5061 9092
2337 9431
8282 2563
8907 3413
7405 8200
2951 7342
4795 3828
4674 883
5228 9969
7299 4133
3873 9985
5832 2057
3388 8073
5204 8907
347 3607
3289 1575
8718 3932
7562 3654
4747 4811
9199 4658
9493 5077
4752 6707
7684 2966
7314 1753
1395 8915
6377 2939
2370 186
7463 9382
5259 7186
8895 9949
6184 3105
3989 6008
515 7223
5698 6469
3996 3447
5814 7028
6820 6973
6240 8855
8162 2970
166 8317
8816 5698
2891 1822
451 5954
6951 8046
2745 4256
7620 4524
3359 8259
1355 5914
4152 2884
9493 2362
7612 1208
8361 1645
1116 1404
3550 8562
4801 8528
7993 7037
3520 6604
2367 7447
7808 276
6349 9549
866 4395
2934 8449
4438 4578
4699 3827
6706 8868
262 2505
6552 3898
2332 7153
4576 432
6627 9361
1267 7939
2851 3479
3812 9083
4857 8416
517 9083
8413 9536
7763 9965
8244 5254
158 2012
9845 9508
9356 3233
513 2429
451 3649
2191 5611
5676 7716
2030 7225
4418 3884
5873 7492
1617 8549
3014 3285
9964 5549
9893 4364
3776 2440
1722 2443
4971 3147
4495 917
7610 7159
8826 2015
8265 8748
668 3649
5349 7016
7936 5705
2050 1859
8721 1121
8876 9968
3105 2958
2689 7967
803 2365
8989 3625
2199 218
3950 9743
261 8315
5826 330
9033 9137
529 5083
7418 4948
6372 682
459 2377
6642 7217
6067 2342
184 4051
8068 5159
7120 9970
3391 7202
7190 9496
2554 2897
9308 5482
3885 7339
6371 6564
4528 9657
7014 9862
62 5218
3027 676
8413 1555
9589 2387
2995 3701
9439 8232
5173 8785
1625 6084
2408 7156
9476 2857
1864 8944
9532 7032
9369 1529
248 5890
3089 3680
9627 9027
4729 9731
7809 9355
448 2604
978 2585
9982 4438
1178 128
935 4652
8395 1175
5426 6201
8407 8518
1000 9714
9401 5817
7503 6572
5188 6465
5201 1451
5639 8980
5793 8836
566 823
8842 937
6670 3300
4332 3879
3861 2712
9220 7929
9356 3962
1179 108
1630 7887
7919 5109
9667 5537
9727 6814
1707 9595
4601 8966
8913 2108
9892 7884
3917 5240
2086 9536
1688 1034
8293 5444
6663 7730
2125 5800
1056 7270
1803 583
7678 1094
443 2952
2059 5939
4111 9873
9300 5745
7050 4847
8373 3767
283 8540
8943 9279
9090 1394
8092 8491
934 2594
5564 5031
9997 9741
4823 7230
2357 8535
8482 7249
6436 3808
6394 6181
1678 337
7334 8137
3192 6003
397 1924
3963 381
4834 9975
3123 2909
7976 9090
1257 3154
1837 6468
7576 7024
1530 9165
142 6366
8539 2306
8311 9596
4764 141
9376 3922
6354 6749
4680 7045
5463 7357
6390 3242
561 819
1594 4597
5236 7950
9304 9399
7171 3535
993 7849
8140 4776
3490 6004
9839 3961
4294 8627
2506 3145
4771 2484
755 1671
2516 4943
6059 1911
1676 4957
8257 4004
8923 5451
3730 4296
6196 3330
3563 8903
9268 4284
8713 1290
2021 3368
3486 1661
4004 2301
5332 1451
4845 1101
1350 5958
6282 6133
3300 6084
4691 7279
4898 998
8264 1158
2838 5978
5905 8340
379 9819
8232 6322
127 9866
1820 4312
9405 1896
4864 5090
5365 5187
4113 3707
623 1863
1593 1749
5005 4986
5725 9177
8766 5493
8514 8377
2579 2948
2374 1627
2637 6297
3635 3284
1913 5793
4067 9424
4717 7192
5250 1808
7631 6522
3744 4912
6166 8456
5291 6218
3265 3094
3882 6739
1832 1900
5932 5712
95 9165
5253 582
3946 8599
5807 4878
7093 3426
5791 8138
5960 3490
5425 9565
7525 866
8199 5747
1829 6717
1337 3502
7341 9875
4867 7774
6188 2327
22 2201
1599 7509
4470 2685
3943 1198
7354 8914
8585 5307
1932 7061
3344 9960
8262 5213
9457 2083
2240 8641
6596 216
7797 3743
6246 5243
8812 4566
5903 2389
5581 3424
9408 8248
2976 4241
6316 7841
3782 7019
3644 8
6105 4594
571 3393
3114 7242
8426 4885
5868 6418
5981 5727
104 6977
8887 7072
6342 5737
4666 8221
5242 2358
5792 7155
1932 7813
2909 4878
4307 9374
8854 6564
5071 8618
1196 2996
4535 5052
4415 966
7730 9625
8883 6567
2717 510
1772 6136
6244 3848
8813 2430
1139 8273
1698 1167
1788 7784
2416 1615
9177 6090
7103 5001
8030 7989
4001 6580
1654 7847
174 3361
750 4554
8002 4704
4400 9256
2368 4810
7491 5639
6364 6331
4064 6402
5077 796
1993 127
5641 600
8327 1943
3955 9425
1732 622
9077 4934
7620 7183
2913 9688
7680 836
5273 7801
1211 1881
4822 458
2292 1433
3548 7382
4927 9221
61 1532
5892 7948
4213 2766
5596 7622
7788 7918
472 3376
4451 8431
9426 591
3484 3670
1024 2017
4006 2248
9176 2949
7447 5298
2959 6223
6036 3532
2789 7135
4548 677
7562 4322
6596 3124
5528 915
5573 3306
6673 8477
1489 745
3739 4259
1001 2253
95 6097
5410 8036
5631 3197
3737 9365
3267 2662
4901 7031
7025 6623
4860 2825
1531 808
4998 8997
3026 6622
1798 3489
2041 3995
3825 2644
3835 7613
2464 4955
2042 5012
168 1982
605 2887
7864 4009
1087 817
4750 6974
2367 7526
5432 9465
9864 5915
867 2724
2300 5227
8857 4143
5706 6291
9975 4325
9002 2338
9632 3422
1815 5928
5391 9062
620 3847
12 1274
6707 4581
7939 8715
5659 9929
7691 7989
8158 5645
1319 7013
3874 65
5598 9945
956 3815
2122 3675
5965 9070
2794 7780
3720 4954
7742 5596
7536 3089
2545 3399
5815 6357
6789 5432
9799 3197
1735 4822
2837 4119
5846 6127
4110 6798
1665 5956
4348 8927
889 7338
1320 7481
1039 768
1268 539
4424 8938
6635 5179
5700 3830
9035 8840
6697 244
4506 6389
6447 4285
164 5449
1966 9392
2579 8964
8889 2546
6398 6840
4160 5997
6448 2845
7316 5762
4747 5124
1821 4756
3310 1903
9660 6091
3243 6106
7663 870
7823 2306
6804 2157
6520 945
5125 4468
4549 8850
1267 8842
6644 3117
6836 2415
4102 1145
4736 6288
2608 1487
75 1975
7646 7433
7264 3345
7858 9458
8997 797
6913 4937
5743 4273
4871 5635
4258 594
8473 7612
2780 3156
3896 7860
2290 9129
376 1130
5372 538
6308 158
6315 7683
8627 8535
9690 1821
7558 4878
3262 9035
6758 9402
8079 1302
939 8503
5225 5467
7312 4895
8627 910
4670 1253
2978 5025
5478 9665
6262 8584
8977 1089
7502 8750
890 2730
1108 2851
2591 439
6333 5266
6651 3086
3826 2356
6578 7935
1939 2765
1149 7272
7862 9949
4681 1322
7410 3516
4968 9158
6513 364
8739 8253
3183 4838
5452 6196
6234 4255
1100 179
2480 3570
6995 2371
7826 3029
8750 5897
9126 7614
7874 7219
367 9903
5713 1567
659 7551
8427 2147
6667 2417
2743 7808
3935 2267
8346 7198
2273 9379
72 7715
2889 6328
7516 3488
1911 4310
9120 3297
5933 8329
7707 6015
4996 5765
9484 5938
6834 9133
7219 4780
9299 622
2046 3480
2891 4171
509 9733
7665 9059
577 5969
5668 3085
7165 3934
7708 2557
851 5983
1373 62
2070 8078
8862 7654
6976 2973
3018 1344
2142 2138
381 9545
4974 2116
9094 6133
8980 6896
1871 5691
867 9686
7897 197
7841 8165
4810 1768
5560 3771
3945 1734
5054 257
6207 6197
5397 2683
7503 6521
1379 2532
905 7667
9631 6812
9713 9283
2848 7567
1259 3103
7394 4154
9510 8188
1752 3766
7562 206
5350 7217
6349 1674
6815 1127
8308 6085
9566 4292
270 5168
1979 1395
4005 6230
3244 2633
3807 6697
6511 4729
3059 6574
208 6743
906 1836
9290 2240
1912 3293
2657 7834
5976 8234
2619 403
8672 2801
5621 3924
6096 2382
1090 1585
2667 3926
4903 3999
9799 7025
3828 8814
7614 8188
4296 7876
9802 9618
2655 89
8816 2151
3347 2432
5027 3613
1291 6045
9953 1944
6302 818
2546 8417
4270 793
763 6389
4822 3409
5148 9953
7193 1246
627 1121
3486 8015
2437 218
3009 3381
5440 9773
4700 9708
4079 4106
6760 3490
1442 9597
2724 786
6042 3528
9414 5835
1569 8774
2220 6707
7152 4695
5763 7072
5107 967
9655 3431
2902 5058
1232 6306
123 9099
2671 2755
2000 4211
9493 5714
5981 9034
9673 7427
7132 5705
9506 692
123 2608
3442 7847
7053 429
5899 9138
4684 9470
7348 2465
1227 8990
1018 5013
7830 3506
8351 940
596 8736
8191 4251
338 6589
2411 5254
8550 8284
6261 9137
9990 6304
5594 809
4755 8734
8686 6138
7072 2931
951 406
5734 4338
7719 4484
3820 2884
3801 8426
5463 9045
1619 2222
2872 5733
1554 227
2947 8628
8382 480
1892 7219
873 2404
4929 8626
9515 6207
6279 7755
431 3075
3562 3547
9105 3461
5801 5764
1369 6880
298 9527
8546 4850
7438 7423
6916 8893
7818 3426
2245 6476
1685 7042
5029 137
1823 35
940 1768
7645 4723
6337 2427
569 5823
8992 7075
6957 9718
3025 2775
717 588
474 381
1233 8261
2843 6102
9219 5453
9080 279
2072 4949
7779 2986
5092 4352
2137 4852
7191 9232
6761 7395
3052 2352
1037 9904
2667 1014
8514 5590
2507 9499
3463 5997
6699 8697
8054 6981
7458 4300
6327 4875
958 9132
8576 1209
5042 9518
4363 779
6178 2309
9976 3172
9881 7343
430 883
6058 7037
9575 3416
453 5880
3689 5022
8217 3491
5933 7322
4943 8535
8111 5174
1556 7138
4647 8672
7345 9173
540 1867
1091 4118
8181 4740
4547 541
6122 2950
1409 6991
861 4968
5298 3882
7345 4927
7671 9127
7585 4687
4265 9994
6939 1649
4896 2353
659 536
5839 5809
4430 2038
6538 6134
2352 9854
9475 5803
790 353
2469 6715
3774 182
359 9936
3575 6388
3643 6800
1036 2827
430 2922
5280 6879
3471 7807
7074 5216
2657 7507
5095 7521
3076 560
643 7927
3610 887
3262 2090
1919 1007
2708 3966
2761 6420
9819 5586
7294 5179
937 6407
8207 3708
1876 332
1765 197
5667 3333
9080 5150
7015 5177
3576 582
3805 8453
3773 756
7439 604
447 5238
2726 7493
4707 2759
3612 1787
722 526
2308 3729
8822 7895
4860 5843
5127 6622
3384 3815
6178 6558
216 5030
8433 6480
8482 5281
6184 9386
5881 6119
8081 3256
8315 7458
146 5007
3675 7893
6409 4733
6751 9605
2065 6179
2782 3180
2161 5557
3037 2664
6641 246
662 14
1792 5743
4497 7778
2178 8261
1463 5561
1390 8976
7297 3418
1367 1265
6682 8735
3854 4065
5895 381
6883 9906
5173 3839
3808 4415
3564 4943
2739 3320
6508 9889
7496 5956
1131 8539
8207 6790
5877 2197
9896 3768
3565 344
329 8690
4915 8587
419 4765
3154 3513
923 2745
3129 199
3805 2214
3571 5223
1289 843
9362 2266
8092 480
480 4544
8084 2466
8118 9807
7181 6919
396 7778
7286 1335
5220 7325
3627 9651
3794 4835
8812 2711
7135 1578
7252 5338
3567 4331
421 734
8187 8227
3693 1623
3098 3207
1876 8665
4525 3216
6231 5431
3757 5084
2082 3850
6355 3201
5731 4522
1787 2968
4800 6334
1448 2712
7516 4183
2158 1981
5128 4718
5233 2607
3045 1631
6296 141
5265 1600
5375 8974
5951 4898
4998 4702
4222 4740
6224 5264
5889 2406
6091 6849
7551 2899
5822 7229
9701 3807
952 8941
7325 40
5834 3159
4892 9005
6666 1507
3718 565
3724 1954
2823 6597
3351 4220
2458 2968
8620 5898
6804 4614
8432 7568
4378 8564
6364 441
8971 3702
6989 9836
7451 5063
4294 2110
9485 15
6740 9770
5263 3114
9721 9448
5154 9811
8959 196
6488 8293
3702 7295
3974 2257
8648 6185
8131 4644
6811 9389
8886 1062
4621 6640
8525 5518
7994 7277
2747 6023
1791 7628
7206 9707
1196 3624
8998 604
5717 1894
7923 7357
3997 1387
6663 8257
755 2387
1367 6171
2543 4524
7942 9201
8899 1844
9879 7534
7827 4751
4239 5250
6820 9199
374 1100
6706 1575
4940 4907
1380 7400
9800 3396
8145 5225
2769 8549
2353 9801
9377 4682
9578 9998
392 935
1875 5935
7920 3487
9218 806
9938 4562
7873 3272
4590 1208
8122 3247
71 9053
8827 4450
231 379
6174 191
3515 4876
663 2633
1707 8823
6617 654
5136 8903
8268 7458
122 2222
5625 2515
4124 5793
60 4041
1504 493
417 9374
2797 9834
7471 5484
8960 5974
2836 7665
7014 5058
2216 3286
381 5220
868 2102
5647 4794
364 6301
5182 5226
4139 346
7993 5447
7222 6909
1944 4496
4903 5900
7417 7599
1387 2688
5569 2125
5253 863
7259 2515
9674 2242
1646 57
3948 667
4596 8538
7406 8924
2033 5634
1085 925
7497 7303
5882 6128
5933 106
7862 3934
4406 7507
6615 4106
2318 6209
4066 341
6862 5318
3001 6771
8683 2917
4363 1592
5651 5695
9733 6286
6853 2579
7407 5086
9604 8235
5539 3888
5351 1742
5810 590
6549 3061
812 3708
5140 1455
5701 2434
5284 1076
8160 8655
9140 8096
1471 1616
8291 3297
1718 124
804 810
4604 2525
488 3200
7509 9855
7727 4457
3096 3468
7759 2607
9446 5923
8767 4394
393 6468
2898 7997
619 5391
6754 392
1634 2030
4751 631
9703 3991
4197 6938
4036 4147
9364 1785
6703 1550
4000 5812
5022 6373
6817 7672
6881 1110
7670 2890
4856 6332
3357 9784
7042 7713
4766 5877
1316 6353
1095 16
631 9574
4580 3791
6343 1325
1310 1643
4374 4587
34 6602
6250 3333
4294 6595
2468 3483
1253 8443
6774 6215
3488 3376
8535 6944
4079 8555
8928 9487
1493 9331
4578 8990
4833 728
7248 671
18 4127
8632 2231
6400 2491
5565 2292
9852 6210
6726 6926
2234 1434
8761 3748
2229 379
1623 7164
675 4955
5639 2980
6615 1256
8710 4266
1719 3256
710 3848
9884 9843
6328 343
2064 9405
7484 9321
3415 7547
4823 289
2521 801
32 6168
1560 2734
4107 4
312 4873
8702 6198
1801 1840
7898 5923
7300 3736
7320 4829
1948 7114
6609 7809
523 5745
554 4439
1941 5365
1708 6543
4430 2092
5579 4326
7561 8262
6726 3932
3330 4402
497 4561
2987 3909
566 2
8236 4829
1214 8830
8285 9746
2571 9882
7624 870
6715 2796
1293 8429
2849 3455
7228 3489
7213 8372
7471 4357
6290 33
9937 173
6851 5627
650 6102
6076 5027
5611 8478
3021 453
6591 862
1618 9214
9926 130
9292 7481
7268 9327
4906 360
9809 2574
2218 3066
3772 2870
442 391
9306 5611
2825 1816
7447 5216
696 1181
3607 417
5433 654
8653 3800
9730 499
4583 5103
7569 3280
7400 2718
9226 6202
8768 6508
4801 9279
5065 7541
6516 4829
9754 7174
4837 635
9184 5130
1625 8171
4230 2017
7518 8159
7062 1835
8514 5060
875 4602
8401 8233
3784 6931
4614 7897
1750 159
170 3231
8327 4736
9606 5603
2409 7872
5941 4381
9118 2679
1587 2332
5138 8398
1528 6243
5358 878
9867 9710
8482 1227
8139 9369
3715 529
6720 3259
9295 7430
4596 3113
4118 8574
3551 25
2462 745
7270 4912
6594 2739
6754 9408
7437 6386
9341 2136
9365 267
1744 258
4378 6194
353 8549
6401 9746
8753 9833
8002 419
7158 1035
3112 613
7990 3061
2404 8881
5540 7818
2897 6804
560 7431
9180 70
9732 8508
6297 3317
8528 596
8398 6560
9338 4937
9541 6336
7092 5486
6491 1052
9018 700
4061 1505
5326 6732
7744 479
8487 7103
2858 8284
9961 8849
9226 5056
5764 2413
6009 283
2637 1804
5308 5000
1436 276
3821 3342
5474 9053
3790 4446
1110 9203
7253 4704
837 2239
6884 2174
9074 190
6399 5188
3183 9081
8169 4669
3409 834
2042 2702
2957 5965
3214 1043
2994 377
2579 8831
2539 3162
8161 3434
1363 7975
7033 7093
9611 3610
1654 1072
3988 5383
6234 9273
3981 2060
5116 6469
8766 8928
694 9475
9345 5733
1752 1840
4664 5442
7523 2670
1288 1443
1902 7606
4310 9045
5940 1861
5909 8454
7008 3702
9210 6434
6260 1405
3641 835
5965 4734
4899 3431
1587 4677
4050 6861
4332 1638
4622 6881
2935 3391
2679 272
6208 9133
709 4035
583 5749
113 1656
7409 5123
6504 3558
2490 5331
1242 2055
2259 4385
5298 3388
2122 6422
1841 1598
1269 52
1004 6996
1565 5518
1880 6214
62 8804
8824 7693
5379 3860
9308 5712
4517 6196
1558 4605
8007 1427
2037 2393
1070 7854
6487 4589
3440 5960
2201 6976
7327 7045
7644 330
7911 6795
2213 231
2453 8952
7199 3760
8524 8371
8738 7198
9419 195
1855 3582
3317 4001
4654 5703
4567 8383
6061 1906
8231 6946
3668 3067
5187 8328
4966 9944
6155 1652
8834 5077
6982 3487
8100 7946
4324 3730
4654 2816
9141 6495
9756 4749
3794 3742
3761 3328
1153 78
24 372
852 217
6776 4460
642 7193
9135 6941
1890 4111
5456 9578
550 1078
6559 1665
9055 8569
2862 7315
2218 5166
9486 5455
2949 3157
7383 19
8545 4708
5517 996
6750 5053
2080 5227
767 4227
2104 390
7291 3668
5012 1991
6439 3059
5307 1956
8758 5048
8620 6364
7640 2707
9808 2013
1978 9694
2929 8914
5557 349
984 2626
205 8598
8523 367
6508 9350
6362 8916
1215 8489
5314 4766
1962 712
1248 811
4922 9323
4206 8400
2219 8713
2214 3595
6127 5990
4295 6759
8827 9034
2960 8804
4850 605
6618 3440
7946 5556
6289 7440
7931 6602
9514 5552
419 6566
1015 6754
806 766
3467 3265
5374 446
8480 9313
9707 6528
7162 6570
7275 7822
2744 759
1446 5238
8201 7158
2147 5895
270 190
2200 6418
4520 9433
2674 8529
2957 824
8421 9494
79 2863
7814 9623
5319 428
3313 6002
418 6294
1165 671
7705 2938
152 2694
6804 1064
3210 2137
6858 6616
5629 7886
9361 8613
6794 2727
7322 3902
5145 3988
2168 1077
7574 6408
6476 4399
8276 8680
9018 3530
6316 7687
9725 3561
8878 1288
3041 3949
7758 3477
9113 5963
9097 5698
2695 9747
3883 1207
2694 6710
2945 4589
6652 2529
7085 3204
8030 7657
4188 717
7242 311
8914 7229
4542 2111
9011 5599
3473 8715
8110 3507
110 1679
2395 4604
7791 8436
3842 6756
8803 997
9162 8019
4719 4693
5920 108
4666 7877
9948 7962
5080 1379
2585 1586
4002 7235
4005 1922
2067 3570
4390 7129
295 9272
321 8427
9561 6457
11 2621
7214 3751
7528 8716
5722 4431
291 6917
9826 5685
8641 8857
2425 5383
2607 1804
5776 4364
9144 2426
3724 5721
1698 5745
3016 100
5037 5828
840 5203
5051 4046
648 4063
6763 1246
8149 4929
917 6079
944 7145
9645 5316
9453 4129
9547 7028
6078 4234
8015 2870
5881 3354
5704 4288
4187 9361
6861 7544
3096 2734
1485 1436
3443 4773
5074 6290
6020 5295
5247 9391
3643 8964
2471 3580
3656 5276
6941 8446
4023 4905
1144 1238
8045 5859
2145 9618
2647 5483
3874 7327
6795 4295
9987 2600
8884 6617
4890 5135
9144 1962
3886 7838
9523 6706
1261 6146
675 6198
4337 7601
5283 7867
6026 256
997 1736
7533 880
6968 9398
6223 2808
7076 1038
4331 270
5939 4728
5532 3412
7957 4866
528 4518
9633 2977
7328 2886
1953 3340
2514 6574
8191 1907
9504 4722
3640 863
5656 6193
5375 5628
7636 7534
5561 8822
5082 4971
4809 7957
5467 6238
2899 6571
2881 4816
7123 2195
8660 1417
7941 491
6728 4079
9421 8188
2383 9107
199 2507
8136 3275
3771 2436
6562 3119
5813 3785
4224 6369
8415 3992
5467 8591
4803 3410
1939 1759
36 2509
8176 4561
3370 9421
2498 9843
6129 7646
2004 107
2166 5590
5446 2473
1731 3473
5953 3271
7849 379
1243 4517
8316 1
8606 4371
3469 682
3122 436
9094 188
7565 7601
2803 3326
559 9178
9453 531
3472 9142
5707 9838
808 2933
3769 6974
2163 1927
1705 4597
6645 9884
7326 2433
3080 8726
5295 7673
212 207
8651 7218
7123 9074
1786 3530
5495 6865
5993 6568
6472 4306
8822 7677
1618 2561
8479 9929
5790 2072
2352 5100
4958 8341
9211 9608
6840 7101
4800 8780
2577 9684
1921 7647
5357 5955
7114 7225
6794 8952
6997 9020
6183 8839
773 8187
9018 3755
9872 2489
1893 8061
7955 8521
9368 8465
8245 4922
4446 3885
5682 9825
5274 6099
4250 5084
5834 8091
2402 2636
6205 7932
5259 2046
6231 9491
2177 9206
5024 4103
2921 9585
5089 3452
7777 2124
8863 3217
1519 6144
3012 399
8363 7085
5937 8814
645 5902
3591 8299
3059 4382
4466 8931
1729 7421
9666 3819
4793 9551
977 4776
2274 698
4719 5917
3701 4703
3203 3734
2671 6461
1860 4833
3906 5486
7219 5270
9049 6487
8400 6377
5668 6334
8503 1985
1993 6918
5401 5569
6803 4781
746 3069
2865 7282
6761 8110
6557 6322
4806 2151
1051 2545
8227 6758
1482 6879
5075 6545
2708 1989
8537 2343
4080 6317
9729 3672
8064 5132
824 3527
6501 3760
4795 2987
1824 6372
9442 6901
28 2881
9611 1043
7765 1383
5230 3311
7095 2146
6616 5053
4936 9435
7256 3972
9216 5044
2144 2891
4318 9710
5221 2433
654 334
9128 2882
4770 5696
6519 2839
2050 9421
5262 8099
6854 5991
6272 9134
6082 2032
1348 3528
4703 6059
7858 5364
7394 1078
1139 5530
7756 9122
5111 9437
3154 1934
3468 3650
266 8035
4783 1897
6072 976
5280 1172
1374 4521
5581 7431
1644 2998
543 5923
4053 9676
5296 2362
4443 3292
9757 6076
1194 8755
1823 7264
3463 6231
1818 5746
3598 8960
5988 6941
9494 2889
3216 6019
3183 9842
8188 9467
7366 6361
7861 5833
9200 5914
8481 2217
3203 4854
5003 2538
6685 7539
7974 6582
4950 5203
8026 1643
5285 3131
9334 5321
7991 411
80 1195
5789 6704
8451 7966
8774 9568
6697 6117
6433 3072
1054 5714
5554 6242
7063 6457
1501 4289
6271 4069
4109 4146
2877 2590
5055 4103
2242 5648
1877 3773
5879 4419
1667 5534
8622 8490
3975 3637
8419 6291
2885 8350
8494 1535
3768 9251
9797 8103
6834 9212
3222 8003
2152 1135
2222 6791
5532 4786
3908 5180
1977 255
2701 1021
5748 9825
9073 72
4616 2173
9016 4835
5244 9757
3815 1154
4849 2647
8427 6670
9144 7796
2925 1761
8926 7191
2886 2775
9384 589
2943 3091
2004 3990
7801 5933
2433 2922
6448 3741
3011 656
236 272
1316 4596
8690 8381
3067 5138
3967 8595
8497 7017
8301 7562
7977 6222
6476 9729
778 6133
4190 4390
8819 8740
8563 1733
5878 7214
9799 2035
9927 6162
478 3287
9263 5644
4227 2417
4595 6601
5153 1564
8326 3228
7682 3939
6447 5088
5435 5083
6819 6146
3199 3761
5735 7345
5328 5743
2807 2563
1342 1709
2776 6638
5116 2862
6666 9250
7583 983
5072 6876
3118 1683
2281 1521
9474 5486
1800 846
6364 2143
9740 9699
3460 9484
4091 697
9080 7643
5132 173
6077 1341
3253 2319
7649 9945
7790 8571
5709 5462
502 8647
261 8176
6366 1630
3087 3093
1627 2989
4407 6828
7780 8281
9352 7840
4832 4984
707 2951
7558 3522
3708 2869
2910 400
4565 4476
9797 5012
7099 7818
4926 9035
4288 8038
2269 7531
1876 7671
7781 5137
7942 6779
6807 44
4874 8363
598 3234
1059 6551
3326 9260
2518 5549
6365 5519
866 3658
4389 1814
1100 6703
7201 3027
3577 3856
7844 3198
4179 9069
4567 1610
2730 5351
4636 9494
6585 8198
1532 5269
6667 2518
8328 5530
8966 5002
9653 637
4541 3208
9553 5135
1782 2338
5473 1643
6739 2167
1024 6171
4430 7928
7040 7098
9927 9104
3123 9890
7668 6996
2786 6379
4735 7879
8051 387
875 2916
942 8907
2065 9978
8084 8608
5878 9649
3467 8447
1284 4457
46 3519
8269 7153
6351 8739
5205 8348
4538 7147
9264 7301
9334 5896
5685 7000
1033 3069
8388 641
8311 8462
6162 2958
9694 3674
5501 9247
8031 2238
972 827
7643 4690
7463 9518
2460 6141
7266 4146
5193 3515
174 4609
9354 6597
2016 8986
5668 6995
5230 1179
2075 7971
4652 2690
8155 9443
2966 6480
7563 1957
303 3497
3369 2426
8418 445
9612 5552
1624 7488
2903 3601
7715 8369
3076 5919
2237 2607
212 7620
3902 3450
5872 1795
2344 865
1454 6826
5555 1136
5556 9108
1453 6659
4509 5008
6219 1795
5505 8111
4926 1750
2180 680
4617 8775
3112 5262
4617 980
3410 4899
2001 2527
5383 1191
1231 3393
4282 747
6781 5240
2298 1469
5187 3838
2988 6824
5747 3451
7467 5402
5907 7814
195 9641
1352 2772
9815 8559
3583 5810
7142 8959
549 7073
7110 2325
7103 8974
540 3728
6839 3260
4232 8320
9782 407
9448 7512
4526 991
8110 147
5668 536
2179 8382
5892 647
4225 1580
4593 1934
348 2204
2167 6960
8664 8088
6772 1427
4044 6915
3627 8839
9810 1957
2438 5105
775 7798
8694 5966
6632 6049
4446 3369
7879 2756
2503 4891
3647 835
6757 5079
0 7096
997 4164
1119 297
8808 4889
3295 4054
2087 9815
989 9364
7776 5397
1960 2564
2704 1423
5209 6208
8143 3000
8064 9692
3863 6327
9443 938
9401 3523
3789 6530
1567 463
2683 4641
970 3404
489 2835
4771 360
3426 8944
4106 9922
7015 2387
8610 5233
2451 1764
129 6831
8532 1606
7761 4533
1543 3707
5532 3163
1502 7720
9311 4371
8364 1502
2500 9945
6607 2247
7702 6147
8657 6973
4842 178
2814 8130
4852 2100
9812 9760
6420 1674
1033 7293
2036 5688
4200 7709
3955 9838
8432 4684
3891 7339
4283 5219
8320 198
1912 7262
3678 5630
3871 2310
5091 2235
2055 6476
5631 6394
4111 2106
746 863
1402 4862
2113 2851
4149 8588
5366 8791
7379 8925
9786 4342
4591 3007
9235 1557
6832 1724
3447 3598
4852 9471
2643 5167
6962 116
6704 5182
1076 7635
2868 2289
7425 3820
5948 7133
6918 9250
4951 7962
7154 6473
4900 7670
8405 8304
516 9064
3942 6575
6084 8124
5442 4497
5234 4600
6184 1000
6969 5088
2480 3255
4762 4419
2990 6119
7602 7074
3678 292
733 7003
678 8423
6265 8563
4245 8373
3502 1954
5691 7608
7074 12
2483 1187
8204 4101
4804 4586
4100 1574
1399 325
9125 823
6166 6106
8860 2348
3851 3428
6751 448
9372 4862
7619 4267
9689 7225
2666 3385
6811 8389
4097 6725
608 6360
3315 66
3402 5819
6051 1582
8581 4484
8655 6568
1500 5509
2051 2251
5638 5212
2185 9728
3391 2380
5904 4843
3118 74
413 1271
9397 8224
2659 1262
1707 4427
8189 9102
8113 4830
8121 6716
5573 9288
503 6007
404 5769
765 7628
432 2317
372 5541
926 731
5381 6546
6061 6913
4884 9558
6690 6353
7144 6697
5382 8217
9064 7523
119 6576
6901 5988
1605 3813
7162 2800
7429 5817
6488 3247
6507 8717
3890 6077
7385 4502
3643 896
9625 9835
9313 9963
3444 14
7681 396
460 8861
7555 2028
1958 3843
2659 9706
6740 6630
7995 3319
2216 6843
9012 9406
8495 5116
5830 2975
8722 6598
503 8355
7243 5491
6611 2619
6484 5419
5780 6494
3460 7169
5440 454
8183 7519
8565 5168
564 1728
7772 8610
7879 9834
3375 7793
990 51
2935 7433
1840 5087
8855 3630
1996 8645
716 5704
4792 531
5545 796
95 3770
8553 418
4988 7440
383 2209
5819 895
4083 403
2669 4868
358 6894
1892 4046
4677 3293
9950 2320
1016 114
4994 7053
9351 2998
2724 9399
2041 9182
1571 3652
8633 1165
1254 4474
2556 2100
3090 8052
3171 4970
8698 1354
9416 5390
5803 5129
8532 5515
8139 5467
5715 9021
4321 6610
3436 5133
5421 3974
1523 4696
7838 757
5101 5043
3527 9293
7244 6411
207 3708
5672 5718
5014 2193
2671 1877
906 6403
7624 9096
8441 3822
8790 8619
4985 5444
1874 9107
3141 9708
3423 2232
1866 6133
3924 2825
3876 6480
6709 2377
2414 47
3655 5124
1371 6777
4653 9960
7447 5631
8917 1641
853 3724
1959 1760
3779 5825
1095 2728
7662 2358
1461 5343
5825 3213
3768 3476
8012 5076
264 5426
9627 4712
5012 5591
8414 3318
5265 8995
4270 3643
98 5323
1794 3839
6603 3313
3894 2318
4335 9692
4675 3305
5330 4253
98 1255
7458 6411
3401 8631
2654 2345
1579 9097
176 8900
120 1246
713 6229
9705 3027
5433 6405
155 3674
8254 8067
5065 5690
6250 6364
4753 2622
445 1472
322 8468
3177 9148
1311 1122
9950 8531
7589 8715
3813 257
9888 8695
2610 7762
4407 6872
3973 3165
2514 7447
9549 6565
5332 4359
9974 9756
3148 9546
7247 4159
3839 2498
8188 7370
8646 9547
4749 4415
7917 3278
8419 2208
3241 3113
8482 8853
1324 2113
4118 8881
9730 3499
176 563
2381 7354
5327 5881
614 7454
6066 1342
1057 4013
8977 8088
3743 9062
8587 8464
6039 1257
1022 2425
2171 9188
2840 9133
803 6090
8475 5780
4011 9839
9130 6668
2677 2309
8324 1224
4545 222
7089 7939
7351 6039
3188 3579
1432 226
1061 5702
7588 920
1092 6656
3479 8262
4831 9702
8359 1948
7828 167
2679 4187
1990 4980
5427 3156
3478 6247
8212 5487
600 1449
4381 3211
9663 9272
1870 6552
4656 4352
4110 5463
4829 4150
8868 3077
1433 3251
1130 8366
6762 3447
6028 4513
8756 7375
6636 9241
6984 2818
7910 1810
3627 6316
3103 6893
861 8243
1964 6392
7804 5360
2505 7069
7510 1045
4079 8126
2325 9337
4166 6679
7165 8551
2076 98
7235 3555
1978 3820
8966 9067
2810 7054
2493 5811
3244 9170
4779 5986
324 3338
903 4695
7222 7379
5548 8761
9185 8920
7904 2912
4419 4725
1727 5662
4 6973
2546 8914
8270 297
4025 2638
2506 9731
3888 9689
1715 8701
7525 6895
6790 8066
5416 3574
6757 7826
4683 4745
539 6102
4189 3629
5554 7210
574 7569
404 5576
2658 2829
318 6547
8616 3390
2314 462
6970 7433
1382 9210
1245 9465
470 817
6246 256
631 3921
5100 3969
5540 9266
3580 3937
8366 8547
6471 5670
7257 8392
5230 7955
2448 3569
9757 3093
6322 7249
5731 870
6079 6837
970 221
4578 4172
3241 4618
8210 2006
5548 7782
1029 9979
7790 5469
3891 10
4871 4913
271 8616
6360 9449
544 3758
6587 1958
7724 5431
3239 6769
8367 3770
4470 5077
4598 6154
8335 8999
8476 6504
2285 9474
2268 1281
2750 4039
7310 7468
8650 8207
3972 8801
763 9002
8877 4322
4410 7256
8275 1149
5038 6458
9671 5173
3723 4638
9336 9565
3254 3859
5664 9491
956 3810
3642 1019
8055 6654
8659 6158
2437 4398
3904 736
7531 6350
6184 494
2969 5596
9299 8206
7219 6671
1865 3639
1895 8495
4707 494
7479 3953
1240 8065
5794 9871
6459 1663
4825 5900
6069 2753
5545 2953
885 950
404 6239
3664 9293
8013 649
6058 5115
2007 7884
2479 4412
5450 9915
8120 3276
3849 2515
6405 9518
5812 2658
6362 5000
7893 4645
7896 1127
3883 4762
7037 6991
5861 3823
4906 7461
8729 6588
4787 2099
6224 3040
9031 918
8548 3685
9303 6662
8444 9526
9785 4756
9875 761
4296 111
5484 2195
4752 8961
5069 5100
145 3750
1666 5646
8823 7439
5363 6653
9344 739
514 8605
5041 310
3578 4523
5970 9891
2837 2241
5502 568
2101 8224
5330 973
8335 9709
324 2079
4238 2651
3304 3033
6246 3736
4286 6739
7211 105
6780 2273
8852 3310
9605 3491
753 2807
5466 2216
9141 8345
4906 7252
7996 6301
2269 6591
8074 3284
7477 8325
9448 1578
220 2972
5937 147
6898 4644
5934 3683
5732 4098
7809 6334
1134 5729
6905 4509
7198 4767
697 7202
6622 9764
3768 791
9681 2488
691 3953
5147 4476
7892 5866
9470 5723
4339 2641
589 1973
1301 7101
7116 7342
6219 398
8720 6211
5613 8005
8905 3845
1381 7592
4270 5874
9815 4332
7994 2849
3218 7734
1176 4408
4311 5273
49 8603
8513 8445
2359 6115
3541 5776
7180 3838
6996 200
9351 1971
9566 2679
2497 5440
3644 2358
1219 3348
6421 6504
7877 3183
9082 9127
7615 9211
3231 5388
8265 5808
5063 7709
8589 2439
3622 7890
2192 4757
4647 8267
1449 8031
1898 5504
7376 8772
1512 1954
3928 9823
7593 841
2024 5945
8366 1842
9267 8152
9020 2354
8528 3560
7713 2063
8552 8134
5400 3512
446 1966
6505 6786
582 1324
1729 6001
6579 5494
5720 7376
1157 2341
5308 5103
7047 2962
7033 9442
4853 1745
6247 3183
7630 3831
2472 3547
2462 3274
6723 1148
9223 4848
6044 2272
4252 5594
8068 4444
5015 8303
2318 1227
5336 540
386 4771
5916 6436
1650 7121
2360 5545
5359 5960
8086 2217
9633 9292
2441 4079
8814 5675
3803 7394
5076 4541
7795 9752
4485 3359
9894 4010
44 8148
4788 7003
9293 6152
8594 3844
3053 6983
3552 1262
2667 6458
4408 6029
2736 8667
4458 9723
6717 6732
9470 8516
6186 466
368 7539
9879 9740
3668 2990
9126 2552
5927 2487
3414 3961
1498 976
815 8062
8660 4706
8718 8347
6009 918
4756 9102
8911 6351
9703 6461
116 5068
5864 6780
2140 3550
4369 1377
4743 984
