placement model: 1slider
width: 10
height: 10
number of points: 2000
4778 3514
6202 2442
1336 1165
9575 6167
4063 1736
2024 3019
9062 6431
6757 7794
2827 3532
6724 7356
659 5262
2006 3940
4723 7985
8275 3909
150 1602
83 6345
4778 2793
9760 5146
875 8755
8804 4439
6936 8596
6632 739
6420 1618
7662 7373
3128 1823
3055 5334
1602 4417
8468 4117
7474 6761
1087 4643
5901 6098
9912 4748
2694 4923
4837 6520
9153 7318
5064 9184
8666 786
3762 1018
9739 7303
2861 3526
2102 9123
2364 3603
4452 7737
1884 2969
1319 3359
6993 7291
6024 1822
8860 2179
4174 8358
6206 5216
8708 7239
8117 4730
8363 5395
3443 4507
1342 5355
3349 4976
7206 9996
8297 2539
7201 2676
5432 545
3464 7214
3709 5368
624 1887
3146 3274
5120 5930
7751 9390
4359 5463
9880 1783
6627 7827
690 4778
2943 893
6869 7309
4450 8319
5541 2663
7608 6989
3732 1965
8734 5734
9753 5599
3711 6100
2244 3810
961 7355
3941 8163
4721 6182
9427 3993
3440 45
171 6803
9505 8256
1636 6757
4491 7307
9413 3574
4004 6645
6885 7276
5459 1845
1521 3230
6317 3257
7154 3733
6413 5527
7966 9757
9433 9547
1756 8964
8983 9690
5652 3879
1082 3007
1458 1788
2501 2296
8096 5794
94 5509
6156 9761
8843 5527
5016 7085
9626 1618
9871 5159
5510 6964
4627 1095
4942 4567
5855 9326
3802 1408
327 2043
6745 5647
6121 2569
8236 5281
6805 5624
6170 776
4084 4653
680 1356
9822 4180
2204 9724
5006 6506
4051 7317
7684 2903
3096 7896
2716 8149
734 3880
8317 8936
8681 3013
5155 244
829 6026
9485 6178
8159 1272
5673 6068
5826 6891
5261 8476
9054 2376
6388 3487
8915 4826
5033 2120
3117 6803
4355 3310
6278 8696
218 4406
192 906
5756 3976
1258 3515
8936 4393
3393 6164
9548 677
6475 2239
388 3342
5060 4064
9915 4274
1711 7719
470 4454
6856 675
2556 2376
5652 8253
3028 4668
8501 5416
8027 2877
4549 3747
2505 4870
4836 4444
3863 8499
6166 5899
7337 861
9895 27
131 9210
2257 7425
4941 7232
3603 6820
9470 2979
4908 3491
2060 1008
9224 4463
914 7193
629 5348
1490 2207
7742 2966
7850 3643
7333 4426
4759 9599
571 1549
8501 4995
6563 9678
1251 2318
2405 3492
8589 5223
8769 3463
3551 7637
2837 257
5460 2220
2597 5057
9272 409
4767 9238
4298 4643
8391 1021
6822 3813
9438 1058
4827 5083
5485 8342
1873 9892
3687 8261
3253 1999
5932 2347
8740 5841
1221 6841
8193 379
544 3856
4145 7458
5795 1966
9807 3278
5178 3398
2211 6417
5607 3101
19 2531
4586 6109
58 6312
2163 9340
8688 1116
8452 1267
8845 301
3815 7930
8741 6765
2746 7683
6240 5420
3187 501
2137 9638
1424 4717
4856 5943
7945 464
2527 9773
3895 5539
1550 1088
854 7679
7808 4016
9345 2518
8002 5350
2836 6620
2858 8052
5165 8936
2026 4343
117 757
9874 7387
9079 4382
8560 8069
4276 5627
1421 461
8316 9223
7618 724
7477 5189
1042 7535
8413 5780
6567 7064
9101 3010
6693 5246
7973 2091
5284 5689
5896 4557
5783 3352
8822 4579
8088 9275
1129 8897
9146 2042
4420 2250
9438 9161
8478 1725
4152 2649
100 4987
1982 9669
3479 7968
4189 9875
2101 2455
1166 30
9801 4907
2217 6722
4771 9602
5243 1951
4463 7292
8759 1421
5381 5312
1078 3007
6533 328
6760 3173
2211 844
5421 9643
3521 6620
3832 1889
5341 1257
902 9611
303 5595
9924 7797
2602 3191
8259 1247
8411 5443
6217 4894
6150 7128
8405 9347
5494 7220
4977 2539
6379 6699
7478 5409
6411 1582
1969 2694
4002 8130
5519 6994
5731 5551
9093 6336
1817 8949
2255 6826
9199 4861
5097 2000
8627 6546
2176 2300
2119 2096
5526 1204
9617 2214
8941 3738
9076 6487
9983 2808
2991 1464
5022 928
8187 9194
4011 100
1360 975
8207 5951
5633 5272
557 3028
9579 2757
4425 1470
5195 3654
2197 5272
82 2051
4824 1159
9350 1334
2986 1108
2106 995
8947 9187
9694 2551
227 4258
3548 5201
3631 8115
7501 4731
9408 6751
561 4622
9823 3979
7007 3613
3437 3948
834 471
2790 5871
3251 6062
1383 9432
1918 6560
551 8207
7627 9793
4529 7423
2405 8791
7049 6568
7639 2987
5623 5152
9161 580
4802 2277
7193 8246
5930 7921
6737 2780
8346 4454
5253 4459
7217 1931
8504 6824
1435 4420
5757 1766
2303 3020
797 3154
1989 2024
1489 7376
4153 6185
6893 9391
3211 9394
8070 7637
9530 956
5030 6318
6423 7120
6883 2418
2347 1309
6462 5454
5166 2693
5045 2886
7106 4432
158 1693
1230 1910
4117 7955
3133 4392
8677 5852
6779 1373
8013 2331
7544 9872
5945 4315
3078 9410
2192 1846
2417 456
7586 9153
1946 360
2543 4373
335 9768
2553 9523
3893 6736
4025 2766
6215 450
6127 2605
7482 9275
1106 1306
3178 2215
8091 2086
9247 7142
9861 8299
3044 8935
4226 8956
7350 5120
7305 6687
2137 4802
2026 7457
6732 7382
6101 2012
5513 2731
3683 2045
5384 4210
4560 1076
9258 4744
8272 4614
1920 516
3936 4287
8559 3700
4865 8778
1262 3684
1369 641
8011 2722
2649 2489
4955 4202
3106 5870
8350 8191
6139 8291
5841 1878
1114 2059
5095 7253
4629 2059
8750 911
9026 9519
6982 3013
6496 3398
7686 67
7551 7772
3259 6115
7060 3153
9737 3437
9657 5886
6096 937
9391 3692
2643 4276
6385 2195
8023 4439
1095 5100
4907 1327
1964 8174
9938 7961
364 6170
9906 3941
816 8362
1890 8269
5515 7761
926 4549
5393 8872
4484 3150
7918 9360
8626 783
5976 2311
5907 2284
2843 3645
3918 7733
4531 296
2137 1980
2615 8922
5817 1256
6125 8445
2561 3060
5952 5481
1487 5135
8804 4038
9029 1189
8905 7419
7817 5412
8352 2639
7897 5980
4942 481
943 1638
4507 5104
8806 6742
4672 7875
7516 1085
8563 1454
6970 3041
4323 4824
1445 1141
8236 9165
7919 5200
625 8748
7696 9900
4814 5185
477 7427
4026 1453
9205 2764
8033 9524
7296 6214
9332 4396
3441 8913
2157 1834
3775 7557
8567 1581
7990 9549
3227 4739
4261 1279
1297 3318
2168 3564
2434 6469
4033 3863
7029 6440
74 3610
4299 3573
605 599
8987 1047
8366 1653
6092 9977
6178 1300
6613 8561
4405 1682
1439 3580
4718 214
4142 3386
2092 9373
3821 5485
6027 9765
4648 8099
4902 9272
2285 7170
4250 996
9591 6817
5646 1637
3289 6883
8858 5835
6626 3343
3421 9203
4264 2031
4039 6659
1795 5448
1590 6267
8015 1181
1661 7195
5846 4167
2379 7744
228 5196
9100 449
5476 1319
4027 7486
6128 1287
8901 588
4183 5913
4382 5396
4931 4301
6900 8745
586 3853
3781 9936
7081 7406
7025 3870
1519 5816
2525 3251
5238 6862
3080 4901
9823 8210
6426 4070
8589 6881
375 9280
8890 7095
9310 9695
4232 9331
6858 3559
4508 4725
2150 959
6078 5106
3580 3113
3722 1488
665 2512
5829 2506
4520 9501
858 5189
2302 8022
4550 2636
6897 2475
3741 6982
2780 2569
7276 5968
6040 8453
443 9196
5332 7220
3406 3466
8239 1591
8705 9109
1106 7298
5676 9398
4983 8924
6000 4740
4500 6660
7973 5023
5540 484
5560 4299
2593 8417
953 4808
6038 5021
4364 7000
7943 2436
5834 111
8938 1519
3677 5598
7110 9833
9300 8477
5610 9862
8877 2885
3346 6576
538 926
8012 4524
60 5111
1388 7074
4743 3320
7041 8516
8544 1848
7420 7782
3299 549
3151 5536
9756 8373
5658 6761
698 9518
4326 3857
8849 2500
1467 6606
4836 6221
7279 4449
1589 5424
5167 668
2721 3377
1178 8824
8394 6114
3011 4581
6561 2442
6685 5407
6897 902
5747 5926
2544 5542
198 3919
5015 4850
8625 6620
1112 6508
4141 319
8600 6591
2895 7177
9083 6267
6956 7276
7535 2029
4065 3576
8894 1944
9103 552
2963 2736
7857 5830
7848 2787
6062 910
7435 7666
7531 8205
9385 370
7479 4260
9589 165
588 9613
2982 5411
9948 7260
8132 2109
1516 3639
9955 1418
1743 3480
9327 2558
3408 8073
9256 7552
7377 7125
1432 9066
5459 1994
556 2474
1959 4431
9630 3905
3625 7677
6186 3520
6744 2226
8592 9850
2087 9638
7533 181
3437 7924
9157 4627
2429 8083
922 1359
4038 5731
9239 6845
1804 1605
4217 8980
2984 8305
3499 5977
482 1683
5893 5300
2136 9299
4811 1540
805 8775
1175 4199
4875 7726
442 6344
9622 6651
1565 7891
3012 460
3602 2673
3076 7567
7379 3080
3044 7442
695 8703
7209 4088
7142 2680
2804 2654
7375 8249
2007 6724
5308 9528
5965 8833
3280 2632
2599 2292
2347 1414
4334 3700
9305 7749
2023 5346
4058 1793
9019 684
1750 3523
7996 1453
3777 1193
3896 1250
4862 6001
6978 6588
4432 8817
1115 5202
4936 453
4117 5205
5549 3399
3203 4065
3813 7642
7808 7446
1966 6411
5186 8713
2831 794
8912 6130
9270 9260
2909 9622
6526 3824
5385 5716
2774 7006
9850 3194
4561 4073
8331 5865
5068 9823
3742 2750
7618 895
5523 3215
2882 8462
3181 4376
670 3275
2597 7705
6721 3921
449 9578
3873 9520
1627 4439
6021 7810
4681 6139
3003 4739
1950 1468
1961 2019
657 6412
1549 8446
8550 8863
8462 9691
3075 7894
3284 9048
3518 2049
8541 369
876 2241
1708 7299
4319 5424
1741 5279
9014 9095
1662 8938
9076 6808
7390 2559
4100 3348
2612 6892
4277 2461
3655 7746
4060 9234
1943 5577
3678 1442
1639 1075
9533 425
1294 2369
3262 3394
8895 3580
3946 7694
1524 1456
3043 1872
1659 1581
1053 1824
2222 1588
1018 4550
5351 7986
5900 2452
50 2046
4314 1786
1873 217
8316 6780
7295 4167
5120 3894
3518 8801
9291 4002
3953 1590
857 5343
9189 144
2971 4655
6464 1789
62 8375
4513 377
7746 2984
5044 1361
4945 4842
5580 2909
2095 957
333 578
5204 9851
1184 3105
1402 2158
535 2775
6918 5664
6147 4865
9566 3669
9587 5562
2022 942
5324 3305
497 9381
7763 5108
3386 8435
8417 1372
5775 2482
4302 8667
5853 1849
2898 3619
9391 6579
5148 74
804 14
9817 3274
8790 5092
7157 3218
6668 3037
7088 4688
543 6389
336 4510
6972 5855
7467 9462
819 1666
8471 685
5317 7125
1804 5852
7332 7782
3497 4754
692 4266
999 159
8499 8844
210 2931
816 9343
6740 9180
4236 2738
8988 2719
3909 24
6278 8212
316 7588
6617 2879
1637 6666
6509 6508
7381 1129
8337 3181
8408 4487
8784 4479
9016 6104
4584 9190
5929 3369
901 5130
8627 9931
7585 8899
8214 293
8227 9357
509 6274
4658 2368
1442 5047
9530 184
6316 9002
2995 3895
6513 8993
2447 6914
4500 5694
5396 1684
6254 8578
2679 2478
9993 7136
4981 631
7816 4640
6786 3480
4728 426
1111 3279
783 7961
6170 5370
983 906
588 2099
4896 2668
6789 1986
2380 3333
1656 6796
8087 8202
5259 9737
413 2131
887 8738
7990 6310
2634 6852
1697 3444
8659 8984
2480 6143
634 2875
4412 8918
2235 5141
4492 9549
6966 743
4973 4929
7064 5898
7474 4656
7471 2322
9770 9693
9992 7650
7540 5008
1907 9698
5374 8160
3343 71
9195 6783
557 7523
8973 883
5194 176
397 8357
7428 8872
6801 8442
4800 785
9675 6281
9688 5431
3177 6597
7389 3761
6941 4186
4308 6036
5846 5152
6705 7102
6002 121
5741 2213
6096 727
9470 9553
8876 1317
4313 9321
1754 6207
9050 6315
4429 6241
1890 8902
9395 8425
3458 18
8699 8972
8580 9518
1599 3982
9026 8247
4644 1536
6989 5412
3571 6170
3026 3406
1058 1629
95 1101
8755 7865
4763 6563
3946 6887
6124 7880
4132 7583
1045 2826
8141 3054
9857 4350
7171 336
2421 2850
6284 3490
5706 7828
3083 5052
8627 9170
7236 9938
8548 8309
2171 5741
1243 5722
6348 6133
6585 7456
5842 9466
7431 7781
4217 1352
4413 3446
9585 8431
5072 3738
1178 6412
8748 8487
4709 7434
224 3520
4128 6212
5384 3056
8548 4112
8063 5138
4441 8082
6746 5008
3864 9902
5785 1574
2125 5540
1123 2076
5418 4483
3932 7259
3641 8874
9961 4289
2461 7598
2761 9189
3236 8544
1973 6009
7314 7609
4172 8692
4164 9430
3927 7756
9181 5474
338 2026
6507 5690
9662 6572
415 9732
8857 4910
8091 1265
3548 7126
619 3157
831 2242
4986 3524
757 8856
6672 8009
4683 2906
8668 5496
9627 2566
9534 7573
3988 3596
2763 6333
3824 7335
7092 9
3344 420
8242 6723
6877 633
8616 3473
2565 4571
5327 4885
7920 8469
3283 249
6576 1066
2382 3365
5420 7598
8727 1207
3547 2380
8946 8929
2010 2309
1301 5798
8155 9206
8499 6083
592 2917
5370 5400
5898 5256
6086 2283
1230 9272
7120 6412
2310 8919
2442 5812
2215 397
6174 5616
1907 4089
5483 2604
9663 3554
6253 9384
6819 7381
2770 7324
3214 8540
1629 5799
3131 6554
9506 1136
3197 866
9197 3550
3215 5858
912 8833
1211 8069
1176 9966
3330 136
683 2918
6222 1955
7441 4714
5614 3738
5346 5529
4507 2546
369 1625
5868 9097
3040 4858
4661 7629
4327 569
2773 6982
9300 3141
811 7365
9257 3271
7506 1424
2327 7004
6123 852
4249 2016
8798 7736
9376 3701
8013 2814
4044 3939
2643 2599
9635 7177
6713 9492
2987 8191
5360 7250
915 2907
1242 206
6616 1919
643 9479
4406 4089
5704 2278
627 6857
711 759
8222 7575
8983 1604
6815 190
4398 2668
599 3324
3410 9217
7908 4080
6783 6978
5572 8201
8428 7345
7492 5294
6520 5139
3224 4306
1244 9892
8146 4473
7714 484
5998 5999
2932 8908
8549 7694
7107 48
5897 1499
188 5507
1394 3520
8788 748
6012 496
9248 5172
8701 5972
8315 6540
2661 2969
4296 4835
9188 6076
932 4863
1827 3593
6824 2077
3939 7586
2642 3558
7694 8420
2903 3964
692 2208
401 4074
9313 1935
8926 6027
2562 1902
9126 1006
9617 5948
9531 7608
1990 5212
888 4152
8282 1315
3959 6238
7887 759
39 1981
7954 3298
2663 1413
7972 6881
7365 9709
8963 7049
1972 6818
2594 6563
9828 1870
1675 2661
5645 8735
581 4291
3513 377
8518 8919
6084 2962
7119 2419
4084 4794
5318 6179
6515 9929
9737 3786
1800 3312
3528 566
4912 7545
5142 5022
2838 183
8170 7379
4877 8704
2055 4590
540 9830
9754 4781
5025 8103
85 8172
7256 102
4392 9762
4047 5230
3536 2984
6044 9720
4457 9945
4775 1459
9056 2264
818 829
546 2444
5563 3429
1008 3908
7975 8273
6976 4672
87 5124
9634 2180
4096 9514
1354 3693
2774 5938
6899 9580
6378 4866
3052 6261
8590 2292
793 2879
9973 8182
3227 3499
1134 2199
1865 9455
7275 7023
2635 9625
1987 9598
5798 6159
2411 3490
523 3365
8322 1044
4053 543
9895 781
8886 187
7740 7463
7277 4392
936 3177
8032 420
7746 2672
1324 2146
5567 5458
9752 5067
216 8321
164 559
8574 5735
6008 4926
8163 9195
8727 4301
6869 5171
992 2680
6597 6921
9010 6538
5303 8388
5885 1592
3785 4531
3533 3919
3321 3554
2450 258
705 9121
5325 4812
1475 675
1743 5504
4421 1368
8656 280
2144 4060
5399 6739
6332 166
248 1520
4858 7111
5396 9421
2930 844
9160 6816
3178 6307
4466 8862
3793 5582
508 5628
2881 1968
3072 3971
7663 3285
3922 6576
6707 7907
2274 7724
4818 9620
2715 9394
9943 5547
4185 5308
1993 1251
1108 7042
6554 8550
5083 390
1978 7886
2373 7377
384 7414
9311 7892
8985 8452
2754 4088
1697 6928
7869 3861
4673 9248
3124 8970
9945 8714
5101 9858
7623 7563
2508 6155
3991 8695
3190 8712
9627 1291
8760 1487
5439 3593
178 2185
8747 2254
2657 4510
3613 8374
7975 8434
219 6752
847 8853
8424 235
406 6266
9068 6734
3519 9534
1804 7705
3485 135
3992 3362
5128 5054
6092 1876
9970 2103
1066 203
9645 3087
8460 8406
6391 4558
5136 3966
9737 1346
6332 6798
8736 2283
957 362
405 2301
1254 9234
7106 2752
8763 442
3093 7343
6128 109
9661 5649
221 9968
3930 5842
5520 5506
9799 9094
9550 6985
9809 3502
327 3689
2195 9296
8908 3314
4182 3620
3444 7058
1275 4148
4905 3893
2959 9088
4428 1381
672 2467
291 2475
7640 6998
2440 8086
2667 5848
2856 6635
7085 5508
7085 4634
3130 3121
4015 4510
5558 6186
6983 5115
3946 6452
6246 2328
6525 2682
993 650
1380 7684
8006 3423
2871 7768
4024 7681
3736 8971
2230 5367
8386 4611
5393 9779
9372 4267
5348 305
4295 7254
9105 5324
4751 4386
5477 7989
2886 3013
6398 5344
9078 4141
6579 3389
686 4723
3915 9692
8231 2391
7524 8208
5279 6901
8199 5228
4637 7569
8565 3298
3505 7489
344 5985
1718 5038
8530 5720
7108 2777
2618 1278
5228 8066
2861 8579
3519 4247
6937 8319
505 5291
1122 7385
887 75
4666 2241
2739 5881
3124 2547
9051 6251
8243 2861
3208 6552
3799 196
5577 1608
8379 4624
4006 701
266 9311
3057 4914
9441 5318
6699 8249
1798 206
8235 1624
4833 1744
4432 1816
7450 6279
4363 5170
7425 7844
4682 6472
5175 9202
2896 7159
4095 3626
9250 7381
1014 7962
436 6420
8202 6969
7336 8520
9420 5317
498 9977
4299 6544
3784 3585
8469 5290
4837 6782
9016 1208
364 201
7315 4796
8943 1468
9221 9774
5784 9707
9556 2352
1635 8812
7092 9375
5615 5016
2051 7274
4035 6218
8434 313
1852 760
2612 8997
1005 2383
9946 3088
5519 6943
1015 4155
4916 5355
6397 7449
4254 9652
4722 8357
2471 8462
636 9650
5183 9126
1557 7324
8285 9967
9255 9696
3242 2636
1252 634
4489 8554
3481 9556
1705 1125
3153 4737
9629 9700
8001 6227
6562 9915
8458 8531
7223 2141
5930 298
5703 8978
3811 2398
8340 3756
7294 2202
398 1641
3539 2817
5336 1081
4734 8019
3499 5071
1156 3069
2079 848
1094 5502
8134 5244
8827 5650
4320 9918
7003 5847
7796 4968
6914 467
3133 4349
3653 702
4926 4581
4362 1301
3471 3511
4477 1050
974 6455
3649 262
4012 2465
9412 2507
7673 1387
9559 3006
9089 5099
930 8515
3135 5522
6507 5790
6768 6136
9753 3194
224 2019
4154 9208
203 5211
9769 2804
7782 2354
2500 6503
2808 2700
5788 5298
7741 6886
2558 8287
3070 6211
9181 7060
6210 8078
6394 7998
4790 70
6910 2239
3279 9101
8918 332
4150 900
8979 9926
6714 3087
4303 5648
8681 1470
4093 1991
8922 796
1350 7397
2469 2046
8294 8319
499 2017
9013 2102
4426 5322
2100 5241
8243 6253
63 1969
9578 501
3758 2018
361 3810
9204 9043
2500 7868
8038 3405
4528 2014
8853 8795
6754 7351
8976 1959
7066 4496
7860 6590
926 9046
8523 4957
4399 6508
2940 4316
9844 9325
588 9888
9756 8198
1103 7560
4467 2746
978 1437
1290 3306
6214 6730
857 3038
9655 4965
5420 2300
7611 6071
7543 2022
8905 3908
9344 690
8064 3130
1968 2546
9825 2312
9758 657
8574 8299
4952 7976
1159 1026
2986 7108
6947 1743
9834 3939
4061 6850
1362 5237
3448 7564
8631 8324
1248 6257
6407 5959
1144 627
6952 2565
4964 8194
419 4938
703 6966
6710 5060
750 3443
1937 2017
6532 6185
5522 8385
1494 1502
6043 8144
8405 7050
5527 5823
8950 9388
4992 8616
4339 2442
2908 8092
9874 5973
3224 3681
9543 248
5323 4473
7523 6117
7480 1734
2840 6209
4362 3013
9212 9525
7626 9112
8582 5589
3158 8413
899 6786
5482 43
8172 9022
6087 8767
8595 7645
8371 1466
3472 7992
4389 1107
3091 3127
7435 9644
2785 5396
3572 3537
4918 4648
1134 9185
5902 9393
7359 3223
7097 3711
4882 322
7146 7853
1248 3714
8957 325
8704 5554
6262 954
8686 8322
9588 5343
5984 3838
1781 3223
8049 5282
6885 3021
3345 9244
4454 8797
559 440
6966 3567
7948 5396
7667 6028
7898 730
1974 2264
6183 4065
7078 686
3751 1837
6705 4979
5406 5471
5897 7824
2239 8601
9073 757
1445 325
524 5031
6682 5683
7110 2043
1112 7205
8129 2692
7872 5822
8361 707
3020 3225
5249 3113
1235 2815
6793 8734
622 1519
791 9467
5089 4920
7811 6322
9662 1369
3788 2224
2475 4801
9559 8642
8218 606
2475 3877
7239 9397
9664 1178
5763 1273
7172 5814
5352 4726
8343 7921
8916 8440
4074 3694
1528 5002
6323 1740
9253 3430
8895 8519
6031 477
7521 1730
988 7332
2632 3638
5858 4341
5921 9327
4400 4407
535 2044
1321 3639
4719 8477
8805 9965
771 4036
5654 7961
1086 3656
9401 7436
570 6324
8545 2521
3075 743
3164 8557
4571 5521
6591 9360
2979 5448
6619 6990
202 2382
8393 5561
9227 5225
5671 1862
3738 9580
5941 1534
5918 4193
5004 7721
4306 4590
9647 19
8573 7210
3465 3981
2717 9114
7629 1725
6459 8011
1133 4515
9422 3923
8095 6231
769 6740
9223 7071
6402 4810
9584 8585
6310 4650
919 857
2950 3331
7456 4984
2959 7001
1222 9105
1907 592
1568 7472
6539 1234
1892 7180
1376 9585
8062 4783
9026 1791
5260 7981
666 2308
3266 5916
2724 8710
5507 2174
9039 9719
6637 9758
7148 2209
366 7098
1658 8920
6216 7074
9740 9086
1112 7444
5322 9103
302 7004
1572 1487
4975 6625
6385 9804
7607 4815
5739 8370
9160 4775
5475 2251
3890 2476
9027 3416
7891 9166
7392 6917
5307 9091
759 232
3695 7035
2352 4850
1236 1585
1467 4416
9037 4334
4849 5957
3253 5459
8122 8908
2580 7919
4542 822
4407 3729
3578 5394
693 1158
4129 2677
5560 9745
2804 4013
7085 4057
9384 6771
7227 9807
9646 1136
2579 704
9914 427
7579 120
3617 6249
7868 8419
947 4826
6873 5626
4338 6280
4106 1505
1211 1727
5919 270
5112 469
8144 7216
4997 2147
8972 6744
9846 5872
165 7039
6583 3659
600 2173
4589 1541
6970 2167
7223 625
6643 9795
4096 6445
5203 8621
7480 6733
1409 9153
2264 6089
5589 6037
8678 8757
7544 9274
2728 8397
6589 4248
1700 8725
9741 5542
5151 9770
2580 5255
7470 2242
7029 5777
4030 1248
8960 3437
9898 5880
8617 1318
74 7310
2844 6332
4923 9204
47 8337
5189 1818
835 5479
4837 9236
8434 7642
8456 9521
9430 9429
3720 8058
7889 272
66 2850
7114 8265
1292 5042
9264 9710
3555 8036
7983 7015
5567 4591
8337 2839
6351 5162
9775 3921
9895 7635
8328 7635
6648 2028
8152 6800
9898 4175
4490 6729
9546 4124
8951 7424
800 5287
1656 3252
6697 4030
1884 660
546 7545
1564 3146
8445 2837
8634 8664
9707 9525
646 8667
7805 7987
6862 947
1730 717
8201 5996
3611 7273
3080 4268
2735 9324
9339 1051
1665 4423
1431 5658
4673 8470
2128 9954
8434 4774
4470 9159
9403 703
6567 8043
780 5895
3859 2881
9620 6187
3185 5440
4358 1324
1659 5752
7893 447
11 9787
4252 5021
7821 2100
6367 5701
704 8145
8736 9129
3702 7
8557 8331
6699 560
5061 2102
5977 9477
4848 5236
4047 8653
7290 6812
2888 7806
4066 4719
9315 9593
8594 7874
8797 8921
1319 9686
7534 9714
9785 5325
4617 1831
1157 8150
1358 8824
1026 4022
8401 1289
7363 6124
9302 1367
8899 9158
9868 9811
3253 3818
426 9639
