placement model: 1slider
width: 10
height: 10
number of points: 10000
416 6308
9046 483
3637 6741
1718 8468
4130 700
9118 2816
36 7665
924 4123
7639 5296
9299 81
9379 3706
1462 5035
3561 3282
9363 8253
7684 7553
6985 5972
9661 5590
6834 6548
8244 1218
3160 1911
7873 9949
6098 8407
7323 1354
3726 9458
2714 7218
5972 7814
7864 9747
3999 3005
1234 1908
5106 9596
4626 5340
871 8223
5548 4477
6123 3265
6240 5874
8637 7626
2775 8942
3717 650
8814 8653
4538 375
7400 1428
6819 3245
821 3690
6561 5970
474 1495
8879 1836
4796 1175
4396 9620
9167 7315
2171 1878
3739 2146
24 9144
4951 8365
527 1461
6565 261
6292 3914
9558 3554
4945 438
1777 7010
3981 3436
6462 397
2987 1261
3859 3461
124 8453
7277 2478
4766 2754
6906 911
1079 513
9938 1400
6059 52
187 1576
4253 7915
4616 1995
8799 2692
184 9550
7484 8425
5103 2193
2793 2046
3692 3191
1264 7060
3451 6222
2402 6112
6176 532
9718 4057
620 5081
3716 2169
1669 251
1556 2363
9357 5466
8432 1231
4263 3065
7773 7506
853 8454
3450 9679
2812 3754
4102 9364
2844 4354
2966 9382
7030 5829
596 6214
5553 5155
9463 5847
3407 1640
3620 213
4504 2824
8166 2411
231 6450
8796 5793
7100 7765
8596 4271
7308 2079
958 2293
2602 6685
5160 7783
7459 6915
2242 3889
3133 9151
6930 9150
3279 548
1155 9496
5742 5982
5280 7664
9955 6653
1749 4999
6028 4305
6677 5557
9414 5386
5129 1619
2984 6553
7675 1795
7915 320
6861 7966
1437 1125
9372 8605
8604 7257
6221 9340
2469 6932
2040 4998
4557 4826
6682 6931
7871 5429
9510 7643
4277 3193
2357 9481
1448 815
9219 116
8178 4595
5567 9249
6025 7560
1313 3346
3462 9659
9946 1759
5534 8838
1148 6118
8722 3685
4419 9688
9687 3364
8231 1340
3961 1121
585 9466
2978 431
4342 4069
7462 7687
5958 3426
7457 5073
1188 3965
3042 2269
6717 9276
7786 1583
4073 1474
647 5838
9080 7913
7339 1126
7385 8402
2691 6549
2944 7034
6317 1807
6945 6796
5270 7526
4043 510
8132 6801
2012 4767
6832 2918
7879 2089
3275 819
2230 4864
319 9125
8401 7473
1967 1202
452 9773
2862 7114
7561 5010
124 2678
7352 7690
3654 2083
2029 5790
7369 6176
9733 9254
6395 2148
1583 6336
4846 9086
4039 7477
9796 5730
6287 6176
6101 2594
4029 7602
9686 7068
4411 1240
6264 694
4647 5608
1585 8462
7378 4077
6803 9901
2119 9148
6974 1918
4254 9007
2011 8239
9362 1178
8151 4672
3553 7169
2564 3218
3630 7496
9877 4723
6058 4364
7272 9566
1950 2624
9939 7351
6466 4365
1606 5940
7827 9709
7725 7092
5771 9560
6351 1795
8187 4239
4348 9213
9812 2092
6417 2537
2318 245
906 8550
1535 9959
191 2777
8221 6013
7173 7643
6343 8414
3233 1162
8857 883
2656 5847
6251 5577
8693 2900
4264 1608
660 7203
3698 5761
4209 8814
9445 3756
2411 8661
6664 7322
5937 5042
3233 3213
5628 9889
9351 1360
3353 6579
5667 1972
8029 7843
8488 5627
4515 9910
8761 6660
9098 5733
8557 9102
3530 5519
6326 615
3241 5802
3265 1226
8571 891
3964 8530
2413 7058
7102 2394
4671 8654
3526 494
6981 6692
1712 9073
6862 6161
5627 8949
6591 9543
1278 7469
5171 8136
3254 9364
5720 4600
3874 3889
3161 4458
7311 5701
7888 4479
1828 8370
6170 2012
7914 516
8684 9175
584 450
3724 7230
3620 2453
1135 178
1097 3831
3569 2133
5435 5359
9131 2385
7336 1583
3358 1367
1486 9731
9615 9977
7840 7886
3179 7124
7293 1263
6741 598
6278 3101
5057 4471
4836 514
1039 6955
3467 7331
7141 164
303 2296
5302 6914
5425 8018
9038 5376
1703 1458
5511 8379
3366 6504
6137 946
4944 1051
5945 1503
1114 4513
5310 5973
8040 3776
9835 5655
3172 8744
7373 9394
8835 9707
6171 113
7228 1105
9269 1838
9233 7969
3076 4831
7730 1693
8419 9558
2736 7017
5576 415
9569 8912
8807 7257
7434 4511
3036 8939
3972 2299
319 8409
3196 6199
1048 1742
4693 6446
5125 4762
5536 8656
3646 8739
7399 7537
7153 1898
6174 7998
6604 3309
7127 5439
2148 3579
8963 2275
2611 1384
2712 8792
4114 920
5371 3257
536 4336
1894 2949
9187 836
1938 2131
2326 6149
2014 130
4962 2544
824 9550
4860 7714
3061 9302
1515 3705
7617 1323
1425 3802
455 992
1447 3104
9710 9748
7391 5241
9881 5899
2314 7931
463 5329
2995 4920
4646 5031
3236 1803
5128 1181
4231 7976
726 515
3746 2052
9481 8028
3031 3536
8226 7676
1261 8745
1931 9579
5750 6114
4058 9415
3665 3269
3503 4978
753 4991
9274 7513
7733 8621
3408 8649
1486 1350
9012 6549
9104 1543
1072 2889
3237 9378
8160 4890
2227 1105
558 1669
7615 8481
3835 568
4821 2370
1811 7884
1187 4941
6995 8796
2647 7683
5489 2043
1587 9718
5197 1610
4059 594
8124 9508
4591 3597
2230 8866
9210 1554
2460 6500
4669 3306
7067 1503
8753 231
162 508
3908 9873
9119 1609
3400 985
9858 6088
4340 9070
3949 9748
9046 7273
3810 6742
2745 9600
898 1325
9909 1476
2871 6624
5079 3230
8753 3708
5123 8299
9519 1106
3002 5154
1647 7189
4939 6702
43 1787
7400 5238
9549 3602
7656 1467
7243 8627
3821 5685
6216 7044
8090 3473
6804 7789
7590 9361
855 833
6244 6245
111 1890
6417 5699
1830 5575
6796 8933
3176 6580
2044 5011
7208 4347
2460 298
8114 7284
3509 938
6930 8514
9565 9646
9715 165
6010 4920
938 3581
897 2093
665 2288
2733 7219
2016 6814
7588 4535
270 2397
6046 227
3704 7405
6528 4598
6176 8899
1660 9578
583 6350
8818 9390
5408 2994
7281 6430
3481 4474
7371 2837
9119 949
8580 6681
3750 4431
6504 4933
5820 7519
9235 4562
7542 9042
3675 4980
163 1014
6417 7451
1935 4628
4196 8531
6571 2834
3377 2787
7069 9365
591 3808
1690 7294
2735 8003
9981 569
3865 3662
2244 4793
5178 6976
9126 8863
2688 916
5581 623
5698 951
3959 990
1356 3217
4746 4254
1023 1845
5164 9208
3036 5768
8020 6322
8774 5727
4111 8417
5312 6203
4213 1523
4772 9976
6371 4717
5777 5612
6299 3840
729 2462
544 6286
9870 7806
5388 1826
8505 1895
3495 1552
196 1291
8798 7036
8269 6821
7865 6021
2069 6321
1647 366
3505 455
8063 7176
6786 8623
118 1427
2668 4565
710 601
4338 9850
2143 5469
8368 6341
5944 1593
301 5824
1896 4220
6925 7179
1870 3941
7647 4215
4373 711
1056 2702
7178 4866
3846 7362
8350 7122
7630 5920
1500 6786
7949 5076
4683 2091
5442 7926
6946 1606
9227 8651
5200 1556
5667 5349
2955 82
3336 2513
710 3111
5281 4937
5481 3850
4252 1073
9556 693
9912 5898
3168 540
5335 1032
5043 9199
4731 8008
2114 1187
1353 2618
9553 4037
8150 4198
6699 1476
3220 8639
6149 6818
7449 4704
7062 8383
2405 7663
4596 1293
4401 3511
9142 8314
8257 392
7317 7893
7546 7805
7129 5037
7252 1884
8450 8082
1649 9664
6507 5272
6863 3700
6255 1031
8901 5359
4031 3651
8121 1676
8331 291
9561 4029
474 4850
4466 4653
5609 418
628 7503
6073 8933
102 999
9541 9391
3532 3468
4555 4675
1131 3302
7758 7757
6939 7515
6139 1013
5551 4073
4406 2768
8576 4917
3143 9819
7048 602
587 754
7425 4188
8802 8555
9483 3127
5612 193
4664 3328
9651 3099
9955 3182
5785 2614
7710 323
85 6174
8329 4417
9912 5583
6141 4836
1346 7055
1580 6441
7201 1450
752 1317
6148 657
5686 7524
979 6700
8429 9208
2231 2789
273 3742
3654 2980
5210 2298
2371 9364
8040 5431
8789 7392
1056 3306
907 6777
814 5847
8655 4153
1498 3998
8332 8
7266 2224
3239 7852
3373 8946
1302 4165
8661 7761
6954 8481
1736 4078
5497 3910
3557 4674
7511 8211
1643 8882
9320 7560
6905 931
9679 8817
2075 250
6463 4958
7012 2676
5452 1708
4742 2761
5438 2174
9589 7783
2000 379
3972 5098
4521 6504
3988 1427
646 8781
557 8858
2892 5408
967 5464
4256 7379
1405 893
8031 1635
1659 4765
7641 569
9204 2128
1941 290
3833 5554
8969 4274
6329 639
5327 3405
8799 8007
5013 506
1308 7402
9728 3840
7686 8878
5746 4653
3943 9121
1283 8721
7310 5341
8930 557
7548 4584
4208 9195
2410 2884
204 5159
3689 6793
3976 3949
2444 3885
3324 5793
6830 4599
7725 652
7555 6509
6108 5426
1467 3889
5116 6625
4592 6073
1376 1693
6357 54
7733 3924
1727 3922
706 2553
5180 5399
9202 984
8023 4284
8812 6685
5088 8058
6201 5014
9448 9664
2736 5012
1722 1415
2645 7453
6552 8818
102 391
4475 4627
5908 2135
2877 3232
2727 6340
6520 2921
9580 2590
9003 2618
2318 843
9320 1182
4712 3502
6087 1626
6714 5901
5814 3574
9132 4473
4503 1537
1774 8775
5998 8446
9985 7116
9460 157
4865 749
1178 4311
3509 1340
3538 1072
3454 4984
4026 188
3616 3369
7204 1306
2206 4478
9826 5376
9825 5953
3835 8417
3395 1940
4071 4868
3845 7682
3045 2708
4711 5619
6462 1946
286 4248
2428 4931
7263 5133
6360 9729
8125 3181
7717 4251
2134 4302
8880 2325
5760 2734
2191 4348
5502 9134
4147 7254
9304 5497
3747 6169
3152 5291
5472 5424
9855 7440
1949 1367
5898 4425
3379 8860
9523 9871
3558 1417
2281 3939
5794 9440
9818 6562
1080 8993
2938 6314
4187 2043
5242 7462
534 6545
9550 3075
6897 9685
7784 9086
7607 5343
9946 1440
5081 8456
1388 8897
4939 551
6147 9069
6500 481
7656 5677
810 5512
1708 2758
3659 6173
4485 3687
5888 8392
7873 9551
7312 26
8496 8876
9518 6721
9888 3019
1135 6012
3454 1777
2503 5327
3724 4449
8618 8318
8645 3755
6406 622
3026 7220
876 9476
5905 8749
5808 2640
662 5097
2052 106
9117 2961
2822 6372
8034 8318
981 6327
2257 7741
2746 8243
1666 8346
476 1990
1634 8345
6920 9123
7522 8367
9293 1309
2144 5011
2602 1845
3270 2745
3756 3640
293 4187
8411 4437
7969 7957
8874 4153
7894 9548
6970 7546
1308 8671
8304 7316
1085 8723
1629 4688
6665 2824
8470 3119
8092 1718
9503 3446
1416 8698
4481 2277
9536 1748
7639 535
1074 8960
3110 9784
6882 4150
4980 2273
8214 8829
9842 6554
6231 3766
9566 8598
2215 1728
7680 729
8887 7658
1108 9445
9422 1129
9018 2322
7599 7511
516 3664
9658 1545
1049 5416
2055 184
3350 4081
4125 862
2810 6787
5732 6666
1552 9745
5511 4866
9146 5130
4651 9453
372 5069
144 7245
4498 3974
4009 9609
745 3397
7622 3606
4244 3578
9662 3539
3288 2513
8901 9263
6215 8028
5022 6468
6132 4440
1814 2710
3791 256
1218 9103
7479 1167
5110 5534
3475 5539
8171 6847
3744 9398
4892 8440
8534 4813
3821 4108
5859 8125
5268 2209
4029 7949
2987 6981
9137 985
4757 9687
8936 4578
5073 9423
2579 9566
3590 1460
8357 8948
2340 4388
4520 4262
3050 9093
9681 8553
673 3678
6269 507
5851 2149
510 2925
6771 2480
1787 6607
9049 181
4603 7864
1113 6980
1878 9172
4644 1525
7376 2857
8155 1566
4701 1483
3037 8404
8494 3988
1413 5237
694 3081
1730 4479
8656 118
2393 2460
1174 1210
6069 7717
1075 9114
6443 9098
5828 4989
4479 3037
2500 6964
7524 102
4476 2255
3111 197
167 5766
4847 756
9098 4481
4845 2684
1704 3872
6454 7480
8182 2504
3615 2119
741 7238
6882 6379
1940 8292
6699 8688
6243 5738
7260 1222
1476 512
4368 5831
120 2914
8152 9331
5252 44
8677 9574
8377 2394
5924 6551
4198 680
961 7247
8907 3471
4512 3466
5057 7842
243 5847
339 7474
3470 8834
410 7177
5282 2716
1052 1507
7544 9156
9335 7677
1395 626
235 1759
7002 7150
247 7877
9819 7744
7722 307
2667 71
8301 2001
4814 3187
8128 974
7620 4362
7082 6740
4628 175
3624 6856
8145 7836
1579 2557
361 646
2075 5021
7912 3412
9098 9670
4879 2054
7661 3130
3604 9763
1264 4654
3202 6979
619 2067
2949 9032
1624 557
2536 2230
2698 8918
9338 8267
472 6654
4333 704
3214 3209
1187 333
4046 6881
2597 7041
1607 3995
8691 983
7701 2245
7591 116
3749 3345
8821 6436
2134 8365
3966 187
9739 9463
6381 7868
9283 4314
6765 8633
3457 2639
7295 622
7317 7057
4526 8538
3790 8870
6244 1251
8584 5541
6468 237
4428 7666
619 4641
5537 3978
6183 8545
1971 2646
9996 963
444 7200
7382 1415
2427 5781
6363 7384
4175 3722
8769 4690
2053 3986
9663 4144
572 6479
3525 4483
3242 6734
5337 8777
7956 6633
4195 1351
2635 8828
2212 4858
9900 7305
2115 4505
7517 1020
8377 9015
6296 3643
7937 2130
785 6750
5542 4130
5963 2072
7361 5536
183 4055
9282 9165
2272 7707
5048 4344
972 2578
3221 1490
4216 1514
265 8444
9841 9199
6407 2968
7074 9660
3194 1729
4681 8241
1331 4223
7590 1771
3383 9876
7215 8588
7857 2737
4959 6213
4330 2779
6618 6193
4129 6172
6805 4842
368 8020
7414 7797
1563 2777
6510 1861
8346 5933
5553 7859
1042 2086
8773 1712
7700 4244
8024 1119
3789 8035
2775 6902
2392 6300
6178 6378
8894 7202
4053 1611
7292 6935
7389 6515
7378 172
9660 4643
4451 6099
7395 1804
624 7854
5449 3610
723 3011
7357 3337
824 1182
7754 1173
4911 8056
5028 5719
3236 9647
4782 6771
830 6824
2051 2178
3300 7341
6672 2106
1284 5661
7556 3919
9758 3869
6157 2379
9384 6194
385 6511
4465 4496
5720 8958
4977 5897
4219 4666
8496 6515
6027 6064
7355 4195
9151 3367
9196 3104
489 1078
5008 3577
2037 9499
5308 6127
5864 9642
6152 9808
7568 4929
8921 1310
8872 3429
5606 5197
1867 5918
8009 8887
9306 1272
4851 1521
841 2260
557 9853
3606 9118
525 5383
3258 1283
5986 4596
2673 7745
2484 1714
2051 1715
3483 8684
4137 2433
3515 6986
425 2073
4262 3217
2682 2182
4606 8903
7900 1403
290 2377
3191 7413
9291 5393
8101 5529
6073 4420
2320 9521
1551 9834
3005 3600
9401 9217
241 2930
3530 3222
1099 1054
7185 8661
4243 6912
9497 7605
2022 9260
105 9619
1859 6619
2513 5157
4674 2273
5116 442
1223 4808
9564 8151
897 3957
624 9864
2970 2539
1161 1988
1600 985
2179 1668
8152 4017
7284 1577
3511 4871
5661 9946
7787 1569
967 9231
9325 5671
3276 9817
4028 6558
9856 1916
8376 8335
8025 9111
2640 8516
6202 467
2954 960
3739 1010
1335 4622
524 1545
3454 7653
5815 3588
7160 2528
2992 5548
9053 8431
5134 4155
8457 8614
8006 7868
9350 2759
8977 2130
1593 212
6731 6785
4819 3723
655 754
2837 8969
6859 2174
1601 1606
8890 2281
7923 5271
305 6165
3843 5219
1059 1677
1777 4267
1410 3271
6450 3928
2997 2881
5377 6871
1617 1421
6107 6964
1856 3362
6580 9665
6363 6309
8654 1540
3570 5262
9290 9102
668 2902
5091 9851
4721 5275
4374 9170
4812 6556
1479 5254
2018 1252
9662 1270
1275 7732
4686 2208
9459 5338
4553 1607
6868 1353
8616 4374
7519 5622
7593 3740
2342 4899
9887 4273
1738 2898
7582 5258
8235 1746
2673 8780
1172 8053
2452 4178
1373 9250
4873 8525
385 3242
1493 7953
7708 4241
7276 9672
9624 2865
5153 8023
3187 4972
4885 6863
3313 1670
534 9581
8356 984
7405 4986
6019 2503
4744 5487
4824 9891
9598 5123
8369 4134
5246 7011
4867 6821
5230 7860
8677 642
2631 5929
4504 6401
1768 5396
7368 3010
8578 3409
8736 3112
9131 677
3049 6633
3023 5138
8824 968
4053 2775
2871 4640
4537 7545
29 1133
4724 3211
4342 6237
2246 9569
4500 4077
5295 8458
7884 798
7873 2091
1294 968
5842 4361
3439 6673
5385 6122
1627 1374
5486 6344
653 4820
4277 9246
1458 2677
3583 4118
2681 5650
2503 8666
1355 7163
4782 8592
8217 5014
7435 3217
3775 4204
8734 3404
118 930
9953 4090
2687 5772
3827 7179
5193 9978
2537 796
8166 3358
2953 3365
4610 3178
4886 7431
1965 9738
9175 9027
1122 6650
590 8767
3946 8498
8675 7372
2089 3457
9797 3827
8947 1326
8404 3088
6477 5681
2661 9881
2013 7035
3920 9548
3078 9626
2025 4022
2141 6851
9094 5255
9991 2164
1600 4501
9873 268
9126 4923
3332 2734
3575 4174
9094 6818
6189 1754
5093 7501
5586 3560
5069 5457
6567 1077
4406 4944
5723 9774
2643 3595
509 7726
969 7812
2790 1986
4155 812
7956 1009
5496 9853
5590 8191
1570 463
2567 763
7993 103
9601 8911
4142 3375
5670 7806
5150 5626
3768 6277
4483 4757
6013 431
1166 3490
469 6842
9202 355
1386 4854
3694 5223
3564 142
7345 8599
2550 2828
7096 347
9455 7329
5385 7821
9142 742
6769 1605
9915 9260
8742 9129
3497 131
3710 750
3596 3656
5986 4730
251 676
2842 6400
7980 8146
9964 5282
2399 1778
378 947
7257 2501
7374 5554
1574 3495
9056 4357
3224 6591
8530 8810
3227 1480
3458 2707
6243 9732
3916 6247
9446 4222
5052 4692
2383 4020
3624 1121
6468 6477
8779 8140
4391 6390
5055 967
9066 9542
8639 9040
9738 9957
6152 3804
9970 8798
1325 163
133 4432
7067 5931
8933 3964
3927 5229
2057 8612
9539 4891
2507 76
8569 3480
2593 276
455 935
5673 1768
1719 4880
1045 4806
6608 1791
8844 4085
6872 4839
7240 7539
4254 6326
4294 3119
5783 297
7843 7123
3794 8511
1714 6607
1924 1731
5093 719
4690 3298
1427 1006
1990 2683
7062 3656
9139 4394
1962 7259
4489 5341
854 8118
2845 9369
360 6022
7022 7849
8099 2771
8074 6231
6372 441
8732 9510
2695 6254
1644 9008
8084 7088
8014 5318
9004 9927
2691 1325
7522 3714
1198 1128
2037 9860
978 2342
3442 9534
8012 7154
410 5936
7648 4049
4629 8298
7697 7552
7477 6338
3867 1740
7753 296
6503 3140
5023 5693
1498 6774
2103 6287
4773 3016
4659 6391
5299 3667
421 9754
5167 9388
3255 9127
8337 9964
7599 2487
8292 1928
6115 9277
7616 1313
6291 2319
9888 5912
3456 7160
9661 5797
2946 4880
5838 6371
8102 7947
2468 4891
3386 1197
3650 1830
4420 9324
4863 451
1373 6329
449 5024
8617 9493
8242 9623
6940 8595
7306 9779
1885 7299
3635 9315
3925 9106
6223 6208
8944 6371
1046 1429
6316 4278
2920 2381
5411 6762
4570 6391
2431 9582
6038 1157
2256 3261
2707 2851
7523 2939
7521 4131
3845 1678
6440 3975
7001 2131
3148 444
9305 2993
2655 5211
9827 6763
9651 4361
4979 3527
3281 4727
2574 9405
2621 4051
8931 6123
2036 922
5219 2106
7029 6785
7774 2251
8733 1052
9122 5602
2077 790
5352 9038
5113 2980
994 1697
6466 6965
3124 7174
4254 5124
3362 1369
3541 1843
1045 274
3843 1498
3168 9230
2060 8559
3421 1329
5922 1794
3461 6186
8526 7563
701 6981
8734 9780
5429 2636
4440 5347
9961 4120
1765 1386
1857 5740
3964 7639
9271 9672
5584 1855
9987 2394
5417 8993
1210 603
1934 3179
1554 1004
9218 4683
8676 2161
2772 1239
7545 4405
9498 893
6622 9933
7412 7252
5495 1504
9946 2298
2829 4262
4898 6845
8083 4982
1692 3820
6091 5385
3378 7852
7674 2952
6557 7969
6851 8600
9557 650
2312 7968
1063 6452
8518 5473
6337 9341
3943 7374
2287 7378
6320 4142
5087 5551
5873 5863
1087 3966
9033 8859
7012 7232
7418 2006
466 9150
1167 8582
8697 786
9899 681
8516 9358
1975 2158
4835 8763
3362 4382
1765 8545
7332 6246
848 7365
9541 5374
3622 2626
5798 7395
7153 7212
2700 6710
6033 6643
4087 3347
5913 2440
2014 5246
3659 9032
5098 7244
3137 8534
6746 4005
6225 2195
6979 4404
1891 6571
2916 3121
8597 7559
1925 7450
8715 3422
5075 1767
6761 895
3211 6965
25 6659
9594 8920
3418 1385
8037 6993
3423 3106
5544 1550
9408 5083
21 9874
9121 8997
8219 8215
8492 838
9588 4024
3011 6705
3086 7141
9809 4750
4184 111
5448 2885
6210 5376
3919 6835
6823 4457
1689 299
9109 4086
1652 4188
8591 2566
2320 4997
4793 2818
8364 2714
370 9791
4104 8313
1918 3096
8706 2597
3617 685
5021 9197
5385 5676
3582 5576
4524 9907
47 2224
1462 5786
7911 4645
1439 4546
2801 9040
1395 1518
9022 9871
7530 4410
2699 592
4170 819
5936 9492
527 2516
6075 856
8191 2330
1710 522
6491 920
1461 312
1408 5972
7562 4424
2459 7769
856 6303
7114 9365
4602 1127
3373 162
4842 8990
9823 2632
7490 6989
9691 3341
2362 6627
3702 6474
1751 5899
2564 609
6787 9159
1844 7221
5387 8146
1176 5990
7542 207
2444 7155
5231 5923
9128 6246
226 6281
2848 2722
8720 3328
6815 2124
3540 4817
1717 4549
8861 757
2208 5275
5756 6321
3167 6877
822 776
3116 4990
3567 8029
6602 3258
4800 5023
5634 6276
8682 7936
8023 1781
6215 9626
2342 7375
4645 9988
413 8010
963 2704
8954 7026
217 5601
4863 7810
9660 7604
3350 7630
7800 2295
5183 8611
8343 9213
9376 2715
9316 5332
2563 3889
574 4872
9898 7049
7083 2036
8498 478
8653 1257
8117 854
7251 7166
3579 2257
3085 9752
4044 4916
6610 6466
7218 8147
7504 2122
8892 1643
9952 2655
1853 9159
9850 736
2726 3469
6255 55
6208 5967
6660 6460
8401 2033
1323 7163
1628 9725
9091 3001
1279 8162
238 1495
5711 9185
6431 9750
1079 8217
801 3900
4852 4309
1926 3280
4530 8810
2161 6514
1834 1219
9489 9537
8750 518
3421 1212
6030 6948
207 9825
3586 3746
8921 2373
1849 8367
1597 1515
4002 3458
3024 4747
4375 4003
8082 9749
5809 773
205 9957
3902 1225
153 5504
1103 8302
5512 410
1025 1596
3098 3239
5084 7059
6719 7025
5796 281
666 9550
8695 1732
2042 9579
3958 4617
1462 9485
9240 3110
2098 818
5120 8672
5980 1368
8611 4080
5049 2555
3104 2716
9708 1661
7101 7142
6814 4644
2016 5878
5377 655
5635 6806
2432 5057
4767 5724
6922 6322
7248 5515
1016 9001
7300 677
7359 5313
9803 5931
8828 8144
89 7884
1933 4828
4171 6908
5039 3069
4703 7556
3715 9238
3596 1718
5119 6021
9283 9621
5298 2861
4498 817
6877 117
1708 3888
7299 6094
9817 3840
5444 2842
6669 7903
63 5219
1031 2062
9232 1530
5182 8542
4257 8953
7705 2728
2862 2293
6976 494
452 3316
6860 2587
503 5032
6742 5228
4274 7841
9057 6624
9067 8860
3817 8544
4852 7389
9871 8358
5391 153
4822 3025
4042 9785
5495 2802
7895 8745
1793 5835
9241 6940
1780 9365
4292 2472
7292 8167
2027 9992
2527 9743
6556 8083
4874 6493
6254 8088
2791 7562
8671 8732
2733 3510
635 1129
9461 603
7161 4566
4690 6280
777 967
6985 1154
8395 4874
716 9016
7590 8280
6100 9841
1565 9929
2648 2113
5161 1362
8467 2976
5433 3238
3779 9927
358 6835
4560 3039
7243 9151
7099 6588
702 3184
7112 670
3574 2072
2651 6983
4539 4686
9773 2497
9706 4332
6704 2079
5438 674
3950 4370
6210 4965
8095 6477
1915 2307
2226 3784
9743 3289
7408 6531
7067 8667
4953 7870
343 4885
4980 6611
8442 650
6751 5050
1422 7512
7458 1966
5485 4037
6262 2159
5931 3376
8473 3660
5063 6125
9135 1656
9778 2000
4068 4017
7348 8605
3185 4249
9590 1881
4894 5845
9031 8269
2565 5058
4165 3482
2814 1535
7708 2384
402 8543
4515 8803
2721 1503
6998 9563
4984 6825
8640 2948
6777 952
6064 1915
9109 7919
4234 9444
9493 9046
7910 9674
4183 3896
8816 7596
8485 686
4851 4883
8239 4993
3865 3096
8810 6126
6110 6695
7950 7661
6857 5600
2723 4228
7379 7520
3429 8181
1840 3823
9316 9435
9345 4081
4085 712
8662 7065
6414 2114
6418 2631
3824 8508
2627 62
6475 4029
6519 3059
4652 465
5755 7680
9310 5519
2251 1907
1011 2618
3871 4562
784 5695
7875 3442
6577 1816
8279 4782
6779 4531
8412 1446
7378 9367
9988 2785
5744 5642
2625 4422
5063 1591
3611 2642
5167 9619
9005 1058
9250 6024
4509 410
3950 2259
7974 5105
232 4729
6052 7873
7288 8185
2464 3105
6420 8490
3699 4892
3253 2697
6905 9854
61 3796
4243 4991
7658 2654
9323 3694
5811 5029
8689 1281
5302 5506
7591 5250
2054 8176
4136 1557
8345 2081
2923 7730
7860 5607
5283 7198
9341 1016
5097 6259
5345 1690
9239 3636
4830 9776
7345 5583
4358 6782
218 1504
2363 4510
8199 1427
4196 4362
4960 3118
5097 360
1449 8695
9789 1415
6129 9747
8827 4874
5534 9504
300 3458
2574 5433
7088 4872
2918 6797
8693 8440
8400 4115
1605 7729
5333 3942
3794 202
5036 5186
1999 5582
2596 2860
4565 8111
9473 3011
1961 6975
3098 8057
9438 6214
137 3496
3510 8233
3843 9321
3588 262
3216 5079
6713 4283
1629 841
8969 5797
9508 2457
5554 9787
9530 3203
9416 2606
1153 3565
7955 1827
5406 5645
2281 9137
4296 9848
2803 1927
200 516
9102 2591
9824 9651
6789 3258
9950 9187
1746 4285
2258 8262
5647 7961
8247 879
1036 9094
359 3577
6244 8199
9190 1021
9481 3091
4154 2600
8138 8955
8522 2440
2822 4820
1218 8027
5098 6898
5316 8933
8002 6329
397 6338
5688 4124
9284 6977
9383 5499
1298 9587
1643 8549
5833 618
9806 7843
8067 8258
1663 4328
6730 5468
4305 3184
3003 9884
4227 6905
2035 3857
5609 4864
2996 443
9806 5810
5265 5319
2573 6567
2138 1928
4218 4138
5580 7599
4088 1747
5132 5232
3167 5998
3808 8564
8751 3842
8220 3802
3623 6979
7787 4624
3271 6956
7688 7409
649 1203
8093 2554
3474 6047
4121 1173
8437 6821
414 7226
4578 6164
760 6670
6924 8026
8385 1728
8108 7484
8752 1584
1841 8413
9582 5146
7645 8047
3920 5504
2651 4605
3023 1335
2993 8623
9281 8332
709 5787
2474 5651
1657 9566
4123 3523
3741 4884
3189 2928
8297 9077
2094 4779
1120 9122
3794 7113
9085 1954
6110 9656
3114 3089
4194 142
4923 2506
4654 1033
7680 6023
9421 2000
3006 3770
8618 3810
6695 6315
5017 6056
1841 7855
6457 9872
9482 1074
2010 9648
3555 5635
6055 3226
2156 2790
829 7207
529 5987
5629 1715
3504 3462
5882 3313
1940 6727
7410 5151
8153 136
5060 1369
945 7334
8617 7124
8335 550
4394 963
9034 8253
118 6310
3814 2379
1799 9661
8381 7337
3741 1168
4463 1841
8055 4010
9367 3245
6551 8352
151 2533
2462 5639
9770 8803
3859 1959
8442 3546
1002 1179
2482 9380
3569 979
5861 7096
1058 8721
5626 2022
355 1332
8415 7231
5561 8685
7544 2035
2082 4120
5584 8026
6568 4451
6142 16
2581 9015
3070 1782
7680 3550
2684 925
5168 3107
7287 5213
7331 5566
7236 6285
2841 100
12 9712
6034 1650
177 823
2249 1238
7061 5436
8672 8385
7815 597
9776 5157
8344 8309
6470 7934
6746 1534
2465 845
844 9593
7210 1448
1756 5391
5909 9703
1215 2017
8600 1847
3119 7347
5480 1322
9699 1907
1483 3075
1450 8260
9561 1298
7450 8018
189 2144
9881 6976
4533 7771
1224 8846
9487 5306
8979 8252
1852 5625
2409 2008
7984 481
5679 7643
8592 1867
4657 5555
3601 4473
340 2899
593 4714
9394 3014
8197 464
5628 64
9639 4339
4819 6272
3541 8400
7032 3092
8682 9425
9582 7011
3396 4755
916 2848
2877 2450
447 1175
1508 5886
2481 964
6905 2773
4919 3966
5902 7623
7910 383
317 7328
7907 2427
8581 4036
3814 8497
3914 1587
6600 7965
2319 6426
4360 9899
6170 2186
3399 1642
2340 8659
844 2276
1103 2469
2067 4681
8964 2112
5982 3631
6365 4852
3364 918
5495 8142
9472 250
7136 1324
2319 5599
2029 6110
9618 4313
5001 6809
7087 9090
2830 1338
9088 4546
657 2932
6433 8319
1628 1138
4257 5399
3880 8207
4559 3789
5476 6651
6898 3492
2458 2702
7667 9927
7364 3918
8364 7692
8077 8941
82 4276
8834 5992
4921 2381
6044 8096
4848 2481
6360 9826
9716 6527
3910 6014
1395 4906
6387 8216
8846 2651
228 430
154 8703
4652 2050
6519 9244
1436 9040
8596 4454
5235 4272
3396 208
5549 2682
1590 238
4206 1009
1882 8056
769 6301
1038 8111
2971 4259
9900 6305
8787 4527
7991 7706
2003 9033
9617 9167
2549 2682
299 9489
5015 4248
8781 782
8365 4047
5067 3942
9034 9323
7085 5577
5289 9782
4301 3459
3859 3641
3801 8684
8106 2143
3871 1492
1456 363
8239 2597
336 2596
5264 817
8559 7607
2172 2043
7087 4009
1959 5764
3644 737
5290 3463
1587 43
7617 4068
492 7800
6889 2432
6792 3841
7647 3504
4638 4927
9505 8467
9184 815
9264 1722
2469 8227
2499 7363
4924 9060
1995 8396
9373 8846
145 1333
6296 7021
3837 1398
6914 692
2223 2423
7198 9217
9303 4210
6875 7957
3527 6154
6827 6037
9177 7937
6032 4559
8820 2328
6185 5314
2692 4909
9281 3630
4416 2922
5429 2396
1122 2647
6898 4941
3881 4435
8497 6329
950 974
6336 7572
2108 3369
7419 1100
3032 4759
1614 7860
6353 4846
1480 3381
3855 4634
8523 3139
6540 4892
1568 9764
8607 3633
7612 9222
9974 3267
1027 4022
3286 1478
2490 6755
3861 3636
1218 4046
4844 9096
5685 8985
264 3922
3543 9238
2022 1480
3019 9142
4 7273
2128 5653
1045 7605
8169 8940
7994 5303
9687 7244
3449 3802
3091 6764
2183 9147
9140 4510
9875 5382
7435 8370
9958 1751
2093 7778
4193 1676
1738 6405
2391 5606
4711 7101
9036 964
8676 9942
2728 9371
3773 5861
5084 1120
9193 100
4838 8488
9288 7115
5277 116
977 4554
5819 9509
7050 3213
4393 5140
2354 9608
9575 1147
6645 3958
2797 252
5191 7063
5929 114
9604 7956
5232 5397
2391 3596
5404 9894
4653 6198
7875 6786
654 5462
9404 2130
9874 8734
9948 5473
5619 5480
3427 7155
1006 6644
4267 9069
9599 7612
3390 8843
7087 535
9986 4800
661 9016
9333 9172
1510 4749
7831 4145
8583 5012
5298 5048
3817 5036
5776 4133
9199 7054
3337 3322
3435 570
4311 8820
5898 856
2063 431
4434 531
8994 4308
7816 1322
9749 6452
9274 1967
8527 5375
7050 7577
5232 2470
2632 3634
5748 4710
8978 5407
7010 8728
4874 1697
3936 8191
2221 4117
1997 4911
4613 3044
4473 3536
635 3343
6954 268
6971 4109
7779 4227
9645 4362
3263 329
684 3149
7913 6163
6201 2983
9531 8062
3386 3296
8694 8686
2509 6931
9906 1458
3281 6517
4779 1334
1231 907
3531 7857
7197 4618
966 5367
7381 1835
7549 3931
6714 1508
4483 6448
5616 796
5187 6935
1570 7466
5233 9207
5825 7255
2580 4680
4753 2635
4197 7130
5291 9612
3108 5651
4239 9389
9424 9300
1054 6396
508 4017
4643 5561
3172 9973
8029 9614
5686 7346
8961 7676
9994 4950
1104 9163
736 1069
1690 8348
4544 9154
3421 4263
4552 9735
4242 6794
2802 1673
1930 7552
1381 3248
5849 5431
3256 26
6632 2576
9209 6848
244 4378
6457 8970
5522 1294
8316 5499
1644 7612
6519 2497
735 1234
4010 7685
992 620
3927 2281
5988 3258
9291 145
7517 5487
7335 6550
1977 543
978 25
5402 2965
3391 9434
8948 5745
598 2669
4168 2837
606 4449
634 8405
7224 5852
2915 654
2955 4442
2443 9352
6238 962
6921 9906
6430 2239
9724 8001
8459 5160
3124 6813
4816 6723
2546 7668
6907 1305
9628 1252
7614 1701
6989 4662
7321 1392
8405 1548
2324 1874
5584 2162
6403 3426
4413 8769
9867 9641
9247 1670
5359 1111
5690 9601
3065 7848
3925 879
6870 2357
5932 6454
1470 2707
9771 2177
8028 2827
7054 5084
1321 7573
5014 961
8438 1157
5682 936
8912 4447
1822 2177
2351 8029
473 5583
5187 1671
5545 4543
8460 9239
8866 9767
1258 1767
2401 1777
5543 7129
8423 362
1280 6529
1305 9012
7234 5604
7861 3546
2469 7541
6135 1955
6133 7654
2481 4187
9208 7319
8746 9640
8330 8384
5862 389
9583 1299
2254 7499
5084 1701
3912 2294
8630 7243
6765 4602
1421 1858
2971 6221
7784 705
4114 1960
9519 6666
6254 5408
7762 2456
8506 2003
909 668
4288 6286
4160 1294
1029 6501
6060 8694
5560 8921
4032 7891
5149 9699
8242 5283
8402 476
3911 3582
2843 246
4045 9882
8910 3550
6413 3294
297 4363
3078 5639
9464 6597
4631 7551
2708 9283
7792 1638
6945 7056
8338 430
259 4970
1024 2694
6893 1518
6762 2834
83 9818
6836 421
6739 9091
1395 7755
177 7251
2475 9050
1626 688
9327 6976
4834 2613
747 5514
2138 3212
8624 2434
7461 1631
301 3175
9683 8188
6221 9285
296 8056
2246 9419
9152 20
8998 2416
3110 9029
6832 3314
2742 1359
6298 7622
4974 558
512 3478
2070 4220
6391 2532
1927 8477
734 1296
1907 6701
1336 9808
5355 6763
2999 9631
8472 561
8536 1796
9977 5185
8522 2059
1879 5349
9154 3313
4352 7611
7764 9888
7870 5876
8437 269
4506 1365
1097 159
9701 8223
6395 4561
7425 669
6207 7479
550 2901
2846 3698
7303 2556
8729 5466
4628 5030
2707 72
1456 7989
9697 8084
7980 5989
5719 6280
2645 1294
8338 4999
9968 8352
9772 290
2828 5830
1801 7158
8201 8775
2880 4124
5986 812
5470 9865
8500 4493
5651 5872
5586 1380
1646 366
7159 3381
9830 4875
337 8554
731 5216
9898 4601
3243 2620
9308 1033
2894 4231
5104 5453
8967 6116
5766 7581
764 7903
586 763
3723 6313
5791 6948
5883 529
7512 3237
5044 2568
8000 1817
5448 6071
1503 3984
9923 9957
6702 5384
1154 4943
9078 155
1416 2886
1697 930
5125 9655
2711 6767
1974 8902
254 368
288 9313
3604 9735
2678 4784
6690 7925
8672 3284
6173 7174
6223 6665
3026 5086
9689 5496
7039 2756
9690 1351
968 4152
4230 9033
4674 9046
6043 2404
195 3147
7190 3337
9522 4427
9843 3032
8452 3183
2437 9071
2067 2436
9017 8722
6840 8822
4156 3202
4980 7950
4143 7470
7016 5100
3283 3117
9519 8071
2079 3503
8948 28
3776 1678
7235 1160
8386 9604
4323 3471
6804 4605
3185 3862
999 1840
5750 5419
8363 8644
6118 63
970 8701
6286 951
9384 2376
8841 869
801 884
4783 1108
8496 246
2213 332
7015 8764
1312 9440
2844 3951
7417 4911
9841 3834
9717 7097
305 2022
4708 3847
9927 4019
5749 4612
47 5993
7746 7421
2692 3419
9074 1924
8320 9764
9612 7183
8063 8061
8703 8441
9893 9367
347 2861
6448 3170
2907 2465
3164 3150
596 9642
8773 6044
2383 864
1735 6124
8816 9215
1381 4886
5043 7403
7712 9229
4357 786
6337 1633
9830 1574
369 5763
1709 9947
1132 9421
4598 3327
1465 5242
9936 275
7713 1200
8048 6086
2195 3745
6009 8224
6790 3166
7572 5625
1925 4894
9615 2299
9400 3130
4344 6157
613 8434
373 2424
9584 3488
6762 6089
3857 5296
6551 271
2789 6208
6475 9419
3824 5001
3591 2143
5381 480
2558 6235
5986 2269
6502 5366
1981 5164
837 6971
2958 2087
4502 8652
7596 8247
8080 7143
6823 6588
7282 5515
1495 6379
7419 183
527 6075
4800 9822
2846 2483
8683 6767
5058 176
3357 5790
1519 4608
2144 2421
6960 1992
9215 8995
8490 3669
6473 3627
6802 3582
1146 5567
6726 2624
3082 4158
7830 7674
5144 547
2995 7172
2070 6238
1890 6758
685 5253
9859 5938
7199 6005
325 2527
95 7911
5316 2367
3759 728
8833 2115
5319 4890
3026 6362
7486 55
443 9276
3790 8250
7810 2374
9881 9812
9526 8585
5879 3624
4102 4836
1757 2855
3780 9196
2049 5863
1331 1270
5435 2787
5772 2211
7475 8396
1856 3801
3200 3360
5827 2134
1207 4829
4234 1560
3281 7805
4636 8606
5548 7128
4154 1775
6001 4455
4234 4310
4806 7692
2367 3096
3506 9318
5777 7955
2081 2457
2652 3399
2957 5322
2458 8811
3831 52
6798 5287
4134 5903
3781 8624
1330 4750
8122 6409
4727 1164
8825 3574
8278 6258
868 759
973 7686
9792 2010
4437 236
5753 7053
7787 9030
7933 3779
2440 7136
6858 6871
8214 8846
7648 1580
741 7173
3483 5963
3437 8578
1398 7757
7453 8905
2331 4685
7858 3637
2125 7611
5912 9991
3862 3046
4575 3587
8146 7140
276 5630
1396 2359
4443 4686
4904 1601
2491 7369
5038 5653
6446 5805
8985 5303
5241 5854
3073 1822
8644 7696
8357 1709
8723 2650
9502 158
3056 5251
9108 4042
3779 6825
6700 6651
5423 7775
701 6985
9060 1478
6870 5818
9227 5720
3165 4735
2623 823
3118 4279
7072 2464
9899 3011
8443 6478
8310 6861
4749 8969
1729 7037
2171 8296
30 8612
3283 9796
270 6883
5091 1602
9610 2473
1191 2388
5153 8348
788 3742
2638 8855
5106 7341
5433 5736
2920 8759
2906 6093
3351 8231
8368 9744
2939 3597
2799 7755
4928 5537
8560 9586
2903 9430
6946 6711
4014 1141
5765 8814
1571 6515
2290 1510
98 2505
9566 7257
6612 5714
3507 621
1466 1719
9562 5788
1017 7932
9781 222
9146 852
2992 7373
4546 8817
7468 880
5062 2346
9300 999
7672 7615
6263 5389
5600 6203
2301 5736
4352 7219
1271 3449
2366 7042
2746 6204
9726 7692
8970 8305
6136 1418
401 4810
1965 5638
6479 9790
2329 8029
314 984
7441 5793
4629 442
1042 9216
5511 2231
4895 2570
6396 937
6329 6882
1234 6243
4361 2288
4240 7130
8227 809
7935 1293
7808 4286
8921 1329
4889 9958
3937 9526
3616 7031
1278 345
8126 8060
2364 7734
5626 8355
3333 1368
8654 1602
5854 8334
3508 2033
6163 9054
2064 6513
3480 4606
2813 8069
8617 4893
9632 9542
4344 7552
8338 4772
9695 1525
1378 7176
3397 3502
6337 4585
4150 5026
5552 2570
5593 276
8477 4867
2207 6751
8954 5950
6041 8522
4956 7823
1818 9074
7803 6425
4202 1195
5750 2723
9570 1770
6095 1972
8482 8154
3414 4984
8796 4135
9978 4500
9963 5782
8448 7481
3390 4964
4742 4511
2710 9714
113 1301
592 7450
1589 4629
8335 6509
7566 2747
1471 4158
4027 4121
5235 2566
7552 2424
6852 289
1331 1787
1091 8062
8254 284
3014 1181
9460 577
5163 2522
574 4904
1844 8091
1309 9687
8752 1464
3058 3664
3454 788
8275 1
7928 1557
3437 2415
7831 6579
4029 9413
2413 2934
2486 2011
3244 2920
6655 7693
4920 3709
4213 7348
21 4076
7676 6339
620 9276
2782 2598
3999 3172
6069 2659
2262 8623
5640 5765
1512 2820
5915 1489
8513 2224
7290 7690
1299 8466
1101 9213
9318 3358
8184 9523
8977 2874
149 7166
8037 3323
7699 7443
1562 539
7239 6142
1893 1279
776 1014
2375 5209
8221 1474
7968 7772
6024 5699
2115 9439
3057 5454
6604 7051
2131 1739
3910 733
7902 7822
956 7791
9352 7165
2265 9283
4218 7919
2933 4063
2628 7617
2877 6523
3071 6277
4529 5639
4385 5155
5100 3207
712 1136
7733 1231
2276 4679
1651 4852
9235 30
1070 4718
291 6954
773 4756
2477 5869
9595 7059
5432 7531
3369 2254
2577 1354
7118 1883
6186 3664
2789 8249
3106 8655
3153 3669
1411 8897
9537 6111
1727 3672
7217 8119
3122 3006
8505 5291
5718 9199
1451 6786
662 2968
6687 17
4513 9188
3384 4350
4113 9688
6269 3805
3700 317
4520 1217
8792 2161
6122 9089
3859 6606
8221 7959
1936 3600
2759 8609
9056 6846
7182 5114
9261 5820
3804 5362
9660 9535
3026 8887
6881 9122
2552 5708
9265 1235
9064 6386
3214 5522
2990 9190
8480 6450
6014 5020
4037 3115
2124 3059
2278 2009
3183 3484
9513 3990
2345 6804
5556 3849
6127 2682
1710 8447
9887 3379
6796 1391
9826 8897
7835 2260
6905 1674
6514 6030
5744 9345
6696 5015
5201 2735
1245 9402
8419 7629
3016 8979
2521 9762
8806 9829
7975 7771
9102 8659
1925 1338
2969 124
226 9979
1434 7885
1048 9111
1743 9754
9179 186
8862 4861
5635 383
684 7304
7102 7784
8640 5499
9397 6425
7577 6342
4456 5053
3788 9034
6513 980
3012 2123
9166 8965
9080 6843
8413 5114
2615 6675
4819 9741
8250 4155
2599 5741
4854 4079
5728 3953
7531 3789
4417 8273
4858 3019
3283 9176
8006 2523
5204 5978
7291 3009
9092 2323
1211 8364
3238 9713
955 5079
7413 3889
1926 846
5229 3946
7902 9096
2900 9671
2416 3571
9632 8382
7203 475
701 203
1370 1017
7910 5442
4156 1998
4709 9696
7863 3592
8943 496
861 5274
5589 1727
9732 5415
6801 2550
5422 3644
1823 2199
6226 3569
8834 9315
1657 7581
9043 7389
6931 2000
9522 5830
3639 134
8311 1383
1346 5471
4679 1215
3577 5701
1836 2847
250 8826
3212 9039
6176 4795
4526 9673
6900 9940
2854 4409
3445 5684
4079 4760
2884 9345
4378 4025
5827 3800
76 4588
610 6038
2977 8936
3960 7148
6859 5318
2802 1558
6124 470
1239 2153
3737 6095
9539 6914
5413 7395
7215 7152
5861 7400
4458 7843
8748 3903
4277 3664
1364 4713
6094 3059
5631 8761
7400 8090
9346 6770
9661 4541
313 2012
9208 6644
5679 3952
7229 9852
2428 9676
7619 3668
2002 819
3050 1857
4566 8082
226 5826
1111 156
8044 6003
6588 5911
9607 5412
4181 5297
707 7023
67 8631
4129 4759
2851 5748
4569 8171
2564 4394
4208 621
6970 2165
8020 7312
4601 7144
7336 7885
8910 4597
650 968
5973 7515
4772 9057
5317 4017
3559 5282
7531 7946
4059 5671
7125 500
4354 6198
9022 9686
7046 6542
6288 1020
3513 1703
190 2184
9168 5831
8164 5845
3790 9678
1285 65
8302 7956
6623 6016
6828 2500
3580 2369
5802 4490
1431 114
8296 1443
4375 1008
120 5468
2493 5226
1575 7940
39 2466
3257 6778
1740 9445
6286 8489
1539 1730
2855 1850
7673 7204
4749 4828
5535 6392
1875 4333
5247 858
3066 2461
5607 2004
1296 8180
663 8870
3007 9255
7327 9300
5479 4032
7605 9425
6982 5448
3343 4284
9060 6180
3142 6970
4818 1039
5454 8773
5701 8771
9307 7289
7026 7546
3782 3083
8156 2676
2461 5249
7549 1128
749 5372
6983 2308
3459 5516
7488 5621
7132 5355
2853 5996
3503 977
7232 9840
8092 1012
4122 5747
9264 2211
2915 4504
2052 2830
6309 3759
2825 6938
8507 1006
5027 5133
4922 2290
6747 2681
4333 5100
1208 379
2006 8887
1031 1851
1242 21
7264 7284
4353 8010
2205 2003
3021 5435
5700 1327
3063 6695
5114 730
3157 7518
9946 4500
3087 9432
7968 4266
348 9242
8044 6648
1987 8252
8631 9240
5953 5586
5828 820
2938 1356
7587 4427
5680 8985
7727 7601
5781 422
541 5841
9177 4566
7857 5920
7641 1703
8077 1696
5817 7451
5081 2779
5112 5271
3959 2523
36 8389
3959 4558
9399 6304
4634 9744
8565 9481
5451 4776
3393 472
605 3087
8230 2135
4435 7670
5481 3129
772 1833
5461 2452
182 6395
3778 6322
4153 4046
9769 2676
4346 2694
7457 7594
2808 6190
4194 7307
4236 4700
506 3087
5361 8056
6815 1951
9781 544
9061 635
3757 5404
8491 2043
1095 3913
5803 8580
7732 8477
7619 6004
8734 6657
9382 9567
1704 9063
6958 5059
9274 5312
1129 4687
9835 8548
3674 9996
1465 6712
8925 7923
3216 3351
2001 4347
9252 4615
3656 2908
8805 1607
450 8762
256 8438
39 9226
6602 9977
4398 3038
1260 5258
3774 3164
5116 6522
8202 161
67 6290
536 2954
8163 1311
8127 3202
4146 251
1579 1315
2608 4527
2828 6551
1305 2305
2523 5019
3919 5183
7502 1595
5468 9612
4989 5124
8684 4526
6457 1794
9992 5464
1642 7613
3434 3728
7271 9178
1158 9540
9214 9476
7162 1710
3371 8352
6956 6915
3580 3473
4328 5458
4029 6532
6929 7652
4797 5880
6872 7741
7624 5702
4765 328
2734 5352
4754 9554
6040 8152
5399 2838
1809 1562
8015 5914
5062 3771
3951 1368
904 6480
6396 1316
5658 4698
9657 2359
8042 6797
4280 3782
9916 3870
6058 3596
4374 3839
5484 7790
9810 4226
3228 4865
6350 3364
5543 4334
1837 2214
1205 9299
3440 4699
2709 8225
1505 3869
784 3344
6384 2180
2645 3869
9895 3302
4896 6012
203 7608
9582 148
9371 5161
7664 1047
5456 1459
512 1057
1956 6300
4194 6438
9359 2089
9610 1005
2239 2517
6447 3727
6111 4336
78 6602
1406 5306
6600 9815
1045 8134
2674 7452
7650 6199
2316 7792
6643 7571
9174 7559
5243 853
124 2579
2638 987
6919 3797
6438 7996
5999 8690
1666 5273
8318 6684
1218 3030
3034 4401
443 7848
3326 4866
1488 5670
871 3198
6145 4622
5874 9483
9579 3503
7973 7856
1262 6638
3905 479
7615 587
1044 8942
7975 8777
8033 7126
9392 6730
5814 3594
8192 1883
274 1731
6666 2162
317 2397
9155 824
1057 567
1989 806
46 5792
192 8947
8143 4843
4280 4407
2521 6022
5109 6576
7728 430
3795 6527
4880 9091
7896 1757
6392 463
4089 6763
6830 7634
2677 2681
6460 4897
9144 3525
6477 3556
2262 1083
2811 871
2651 7151
4601 2812
589 7996
2204 2079
3015 4984
2540 1037
4501 1724
5055 5959
3976 6246
6867 7378
7753 4752
2084 5502
995 1183
6874 9595
3192 1987
6067 8142
2987 2908
9392 4430
4334 3650
8876 6184
9729 1623
7458 8762
7166 3423
2080 7857
3353 737
1056 9304
1511 2077
762 3688
5843 155
9739 3577
3668 5153
816 5909
8552 3688
4698 8289
8825 2964
8914 4012
6440 9794
5899 4746
8386 2843
6715 3189
8573 9640
3633 3032
1710 7803
6688 3321
5434 7010
8376 331
9285 4781
5753 4805
779 8776
4713 3885
2439 656
7763 5087
6699 1211
3929 6222
5566 1538
9593 1393
5916 7006
8217 2728
7998 9428
5792 1275
2719 5828
7220 5828
4045 3585
428 1405
7744 793
20 9149
1872 3701
5964 1170
4410 5079
9122 4519
9660 7222
9304 3403
8032 8131
175 7515
8127 1552
2399 6636
918 5366
2932 8135
9020 9297
8078 2628
5938 9288
6998 2443
5240 644
2076 3144
3121 9459
3106 8893
6331 346
4461 6527
1876 5654
5181 3212
8302 586
9579 2827
6115 1545
792 3807
7030 4359
1244 7883
8739 5098
3769 3278
4536 8065
1100 4837
9903 2100
306 99
1803 778
1781 9441
8572 7722
4366 9910
3059 6614
8548 1453
5911 1916
5015 704
9976 9062
9999 2919
8002 6732
1329 1470
4457 9907
53 566
508 3842
1551 248
1028 8913
7531 8307
4102 8820
9462 1132
9638 5073
7611 3477
1859 7354
1168 3861
6160 7541
6796 8246
9933 6389
2763 3117
4745 2152
8512 5633
6509 7113
8098 981
9602 9861
1735 6633
6338 9928
753 5789
8710 1670
8302 8420
5318 1824
3953 7285
3879 3100
6180 9383
1617 5192
3651 5416
7748 9580
6376 603
7599 980
5532 1700
6881 9986
3578 3771
9216 1714
6458 8654
4113 4706
135 811
7783 6853
4418 5171
8957 8135
2453 1364
8544 4010
7564 5000
6463 5223
1701 3236
7868 5554
1948 9261
943 5446
5614 2840
2001 823
3489 2507
1929 5903
4159 1777
4067 1255
1037 871
8182 3505
1999 9141
9590 2496
6976 2689
9733 2291
6707 1861
2597 5583
4928 3609
4850 6923
6283 7357
4526 7633
6854 4429
1364 6777
8868 5031
1791 8055
9326 2867
7888 7982
7119 878
632 1476
1267 3534
7183 5363
1845 4542
7494 5096
1151 9273
2286 3668
2975 6231
542 6934
1243 606
2936 2436
7534 3051
6504 1596
9260 7128
9979 7654
3840 2311
2798 7337
3693 1835
7765 1673
9463 7026
8352 3225
4171 5419
8980 1360
7161 2745
4448 9224
428 4393
9629 5353
2916 6703
4409 518
5830 7352
3721 2840
1683 4239
6319 2922
9221 6596
4564 6010
2643 9202
1436 8900
4513 3819
4714 319
3015 5934
9299 4807
4190 5921
1474 2720
1006 4922
1112 2434
731 4552
9916 7575
8972 1829
4869 6302
2693 8118
2974 1019
2299 3043
2325 2647
5714 3516
3649 7687
3058 3735
4265 3706
6199 6968
4538 8986
7920 1785
2739 5545
7451 108
9908 1010
8230 2022
6896 7300
4690 2204
2720 761
6013 1303
307 6417
9344 2764
6238 2886
5582 8933
9568 827
150 8832
8858 2991
1290 771
3610 1852
483 9489
696 1274
2497 1468
353 1091
9032 2959
3121 8903
7164 7702
1462 7614
8043 3846
2277 5545
8784 9277
339 3214
371 7296
5197 5760
565 3564
5548 916
1131 9664
6944 4093
5996 7908
6394 353
4303 4264
2230 64
5499 1927
5482 9906
2551 5854
2371 6471
4346 3691
7235 7311
9897 7192
7940 9725
2625 3842
8872 3003
323 1364
5009 1502
5731 8234
1959 7474
7818 756
4195 3928
6161 219
7855 7536
8396 5806
1512 167
8679 9871
1660 4719
3664 4046
3459 3834
6684 4781
2986 2295
4358 6726
2540 3827
969 7973
9107 4265
3767 447
2030 7302
4537 6264
4662 2740
3061 4803
7986 4556
7343 4830
5320 7023
7130 6152
9844 7099
1950 2864
2514 5230
6520 1403
7810 1390
3186 6246
1186 7820
6547 85
4654 9144
4751 8199
7637 3251
3471 1811
9941 8243
7936 2088
1886 4907
541 4865
6849 4658
6143 6010
650 7733
2924 491
6101 6628
4944 9357
1473 6937
4198 6014
6408 5551
9717 6710
9007 1846
2297 1953
2157 2519
1863 3260
7165 3264
2599 4453
4486 7040
2181 9399
784 4509
4169 3757
7916 8652
3995 1199
356 3652
5886 4548
7948 2840
3870 6024
4267 1742
8212 8258
6362 8549
3714 5040
7870 8315
6178 3872
8916 2870
6206 9043
2453 9589
1401 8026
4327 9130
7482 2673
3746 8977
6665 2175
8501 1843
1098 8718
1320 8007
1039 1468
8094 1542
8707 8675
6256 2426
7341 1992
4843 508
5922 1941
3490 1629
5518 525
4758 5790
9209 6816
2817 1990
2624 533
413 102
9414 7691
7129 3416
5690 476
1270 3521
505 1122
7478 8179
1247 2908
7153 8282
67 5239
181 5178
2295 574
1400 2755
1235 2357
9270 9614
5030 2994
556 9488
5166 9939
9272 3287
4365 8371
1414 8674
7302 3813
2054 8074
8412 2658
4185 8188
3005 7341
4857 1712
7262 5979
8313 3266
3848 7737
6441 1928
3995 2476
6930 2970
872 6245
5062 4514
2135 2676
2533 9905
9770 8206
5127 7398
6856 6427
5388 9206
3306 5052
9094 8419
3878 8438
7788 1121
1927 5418
8996 4700
2867 775
5162 4318
5270 2118
8900 6953
766 4901
5598 4568
7066 2613
8148 1619
6411 6526
2210 2119
9531 9907
5911 3778
3387 9247
5658 4990
2781 9019
4116 6111
8415 1344
2578 2315
6611 5514
9779 61
3390 8993
8853 1229
2783 9825
3513 8352
3085 1730
3124 9839
8293 7780
424 3948
7438 5764
490 7447
3845 4827
1602 724
3009 6222
3318 2064
4671 7747
7335 3690
9515 4608
2272 8303
7488 4615
8380 8029
9812 6217
6958 4154
7826 5247
9157 7754
8355 8019
6893 5520
4686 4234
9145 732
7211 1430
5568 1851
6366 3488
8400 4464
6439 968
9318 6330
2977 1573
9620 6204
3573 7409
4964 3362
3900 1054
2511 4005
7455 7791
3165 3618
7329 7704
6644 6154
5197 1246
5296 536
8859 6633
5020 538
9503 1452
7866 9159
8824 715
9812 1892
6949 1238
8253 3772
7080 4250
2743 5516
9248 1209
6418 3465
1327 6866
3564 3731
7736 3854
8930 9699
1906 9723
1040 6117
6233 4862
2505 8383
3766 4327
3784 8002
2429 7892
7854 6240
9277 177
2272 2092
5271 3263
1830 1573
9458 9495
1235 5641
7382 2909
8210 4805
8855 5264
6333 2415
7246 5120
6614 908
1168 9152
1294 8283
4668 9019
1251 6469
7036 2760
2664 3204
7678 8440
188 1506
8156 3088
1399 20
2138 3156
3001 9575
367 7742
3512 1168
7395 7485
9802 5062
835 2061
4570 7690
364 4501
28 9048
1818 8785
7758 3512
3673 770
2499 8061
156 3178
2293 7414
5441 8294
6603 5417
3345 149
9968 4766
7468 5207
2654 3748
15 7798
7986 9097
7338 2424
5061 8149
4470 9016
5971 6116
8157 7204
7099 2861
869 1584
775 769
5174 4299
7199 477
272 6452
7122 3376
2647 6595
5573 1658
4011 9391
117 7565
5966 3186
7607 4306
8311 8751
4485 7109
4047 413
8456 6822
5764 8354
2794 9991
7660 6297
1556 7461
2272 8313
2370 9491
129 4533
5049 2770
328 5850
9373 535
9484 8960
1168 5143
4265 3362
6297 4071
4512 867
2263 8197
2715 7588
8278 2860
2869 2908
7084 937
8294 3722
9417 6932
8733 7447
6758 1461
9751 1598
7362 8370
1425 1465
4377 8995
7205 8832
8207 5408
1054 6440
7162 7660
2513 4070
4715 522
8619 8337
9417 9162
5855 9316
675 4093
3189 82
5031 8694
6207 5347
261 1526
6828 533
8671 3569
7738 1735
8959 5147
3622 4627
4517 7847
3577 7796
6211 1670
482 2921
3834 3716
7029 7283
5424 8088
7571 5353
2487 6299
4261 219
7539 9878
3547 28
3347 2234
8828 4047
4114 598
1996 765
550 1609
6165 4438
1281 1466
8797 542
7552 8042
6850 6592
2569 100
5493 3721
996 7571
7399 4955
2285 2187
6497 4084
915 8368
3966 8120
1811 3144
1469 7791
7045 976
8568 1492
1299 2408
6400 7460
219 959
5046 6619
5484 2547
9736 7142
6166 2782
5719 2028
431 3069
2803 7444
5077 7540
4105 9835
1261 7929
2325 4194
5221 8315
8015 7128
8512 2849
6710 319
2507 9842
1157 5557
3529 7931
7050 2566
5145 9832
6999 3248
2403 226
9572 9263
1872 2023
5563 3739
478 3934
6376 1865
4629 5414
3634 5639
5200 3379
5425 3820
6779 4877
1141 314
6336 5700
4869 8485
4522 6131
102 4572
2731 9008
2531 9283
3882 1465
2571 5697
7282 2980
6842 5135
5354 1024
311 7750
4650 6095
1461 6947
2956 7971
2155 2011
2822 187
1655 1057
2484 516
4520 2506
2782 4670
161 3349
5502 8286
922 5913
545 7773
3471 1652
7938 6679
1411 5945
4951 6773
3102 5166
3656 722
6625 6534
8297 3099
5483 2844
7049 1153
4908 6862
8984 3021
69 5468
2617 7757
3173 7439
7767 5316
8344 7446
6109 6871
423 7022
6466 8984
2747 2306
896 7328
2511 1602
3826 3840
2587 2424
3733 3039
3826 5328
2799 6657
639 7274
5562 9409
6300 8843
2481 4944
5102 7368
5477 5907
6308 9341
9718 4001
4512 5490
4366 46
5493 9217
562 1820
1424 9128
7207 9181
3388 4297
7205 439
371 8689
5056 7511
5620 4418
7307 8445
834 9400
1955 3447
8075 9014
8420 20
1907 2974
5060 7376
9219 8245
2658 5289
227 4046
5035 3870
9215 4140
3255 42
8102 1454
3075 6
387 2354
2733 1772
4946 3916
3289 5448
8052 2330
8052 5404
8375 4964
4310 9850
7606 5786
6793 7705
3052 6058
8768 1667
4492 7849
6759 1293
5364 1391
9468 1851
5144 6053
2028 7657
460 1977
1689 1440
8906 3441
6996 7555
4659 8406
3241 6522
4976 479
1973 5686
2258 9940
3969 6842
4637 861
76 2087
7005 4144
1189 8472
6410 8616
411 2872
3673 1531
4626 9900
4567 6384
5115 3681
4499 1532
1873 6378
6611 8377
5989 5939
4964 1428
661 9638
4772 4260
1742 7596
174 4709
953 2499
8945 752
6098 6758
6103 9245
5262 748
9759 6782
5689 8266
5779 4081
3368 1473
649 2224
772 7806
8337 9612
6824 7376
4182 7983
8441 7735
1632 7656
48 9138
9877 925
5066 3844
8459 4019
1433 9363
9509 589
7040 6182
9775 4221
2016 4662
4908 9223
4983 8314
7306 7723
8612 3769
653 2626
3499 8393
1503 8733
9196 6721
7664 113
4143 6831
9228 3605
1643 8526
8250 8527
9679 7203
4484 5945
9514 2643
2809 6243
6341 6387
6488 2715
4636 3991
9069 5817
8691 6023
3763 8516
1107 669
4471 6119
3971 4374
3259 6022
8941 6914
333 9261
7178 3636
9277 7904
9774 9055
2932 5589
6690 8407
4643 7136
7897 9192
5722 6223
8993 8161
5156 3265
8605 7836
9154 585
6111 2980
793 5633
8094 6858
7560 1923
5606 1155
6725 6285
1458 4388
4701 5268
1477 813
4685 174
4087 2582
1325 5112
6085 1056
2361 6115
6324 420
6017 425
3662 4725
1833 1617
3117 7029
8993 9035
3832 6270
5721 7561
4971 4249
6644 5074
9298 3541
6402 6526
3716 1110
410 3479
4841 497
4908 7075
4217 2014
108 7025
3327 3894
4878 393
8771 3459
6198 5623
5205 6894
4862 1885
939 30
5579 3253
9459 6802
429 4471
1275 469
2225 2910
6745 9300
4054 5051
7763 2638
972 2668
1232 8976
140 3597
2403 623
1046 450
1459 5636
3354 280
2110 8462
4380 216
8987 8891
907 8801
7916 7533
3416 9186
6362 3947
8353 6172
3470 1170
3525 3661
1582 2239
1173 2495
7606 4170
5578 7688
1069 9094
4073 3082
4166 6051
4719 7177
1240 8905
6011 3861
5242 1205
5739 9135
8176 5337
7090 4051
3809 4186
6897 8531
722 9571
6690 65
4475 7275
1397 8591
9616 4561
3048 8130
2200 4024
3135 8725
3349 7462
2423 533
8107 5554
4200 4306
889 7237
5634 1342
1976 2773
4324 3532
4424 8017
1218 9733
6201 480
2867 4798
5839 1267
3021 1197
723 9520
2684 9625
9935 1987
5288 7211
220 8762
8589 6851
5221 7475
9133 4204
3330 2436
2220 5217
5249 3228
8208 7163
1250 399
3953 4827
8375 5295
6162 1951
4222 2371
5238 4790
9905 1765
9273 6328
4455 4248
5774 3683
5940 926
9113 6374
2739 6847
9102 9009
6485 4832
6366 696
9516 7259
911 5476
397 4354
695 9850
3017 6983
3253 8346
7510 3970
8008 6509
8710 1745
9348 6875
7757 7748
7947 8847
6827 7485
4405 6191
1101 1543
1276 7113
4535 7939
2406 5175
1644 3849
7559 6270
418 1768
5483 7721
982 9099
731 2157
4949 7791
6937 385
6348 5617
6632 7385
7669 3288
3612 553
3339 1032
7314 7180
9657 1984
1902 9312
6251 4605
4072 6170
9320 3286
5878 638
1056 1573
4703 2224
3256 5587
2212 9633
5861 8104
1806 6867
6461 7346
3788 7900
227 4273
8688 3506
4930 6093
2658 1702
1807 684
8690 7345
4911 2689
2543 3473
4140 5953
2721 2097
3950 1794
616 8044
8317 9308
7606 3371
6506 9005
9264 4112
3538 5576
7087 8435
741 3375
328 32
241 8086
3026 5567
5694 4751
9248 7470
6303 3147
393 5604
4455 8364
3610 5487
2249 8413
8756 4781
5079 8941
4336 8938
2507 7255
0 1043
69 6089
2613 3080
3988 3606
2718 4881
4922 1199
718 6337
1538 735
7089 1034
6806 5280
3312 5555
9065 9579
5715 3907
9593 5349
9842 2853
7994 4734
8086 3
9827 9313
5096 1013
6002 5847
6003 7668
5897 8177
6890 890
6220 4421
1598 4960
4298 9631
6025 5008
3228 5405
9148 1452
180 4452
8577 7918
5436 1723
80 669
9592 7323
2709 6066
4986 8529
5834 4694
6903 3969
2084 4094
1661 4330
6670 7219
2695 4606
2904 2952
8209 6100
1547 9353
6940 8282
1582 3290
800 8201
4826 7414
8912 9351
7565 7865
7674 1371
4935 5754
2171 6310
6538 7570
9024 9700
8381 1648
3254 555
3299 1316
345 5715
2517 5382
7589 381
8835 275
2642 9382
9939 6848
8576 6467
8485 8865
3633 1979
6913 9436
3834 1322
2647 8497
6889 7746
158 6915
9675 2944
2795 7403
9975 7321
1750 2086
1487 4799
2381 913
8093 9149
4862 4283
7894 4000
4803 5974
8869 6440
7172 1436
2641 8785
2174 6017
48 8608
973 5660
6698 3059
9484 7105
8979 423
5783 5461
1794 8974
9440 8879
9382 5623
6903 4690
1795 2776
380 4871
3425 8537
7205 1326
2005 6546
9540 5649
9989 6802
7922 4971
8935 1941
3026 4673
3597 5430
1472 7459
132 6304
8554 1381
9718 8134
9520 8046
5201 5873
5670 6756
9695 3077
4146 1275
4944 9136
6455 6617
1920 776
9620 360
7324 3020
3157 2344
3025 3805
4343 7046
8868 7426
7254 8231
2675 4874
2433 6059
7321 8643
9363 8649
3208 8820
2398 7214
9400 7127
7823 1376
8407 7301
6395 313
4316 5164
8016 5443
4778 3676
6380 9973
5345 5774
2074 3882
5927 2439
1439 4374
330 3564
5098 3859
9648 8060
5908 952
5119 434
2314 3322
859 7224
2490 1875
3540 1874
7024 5169
6972 1534
7513 5546
9345 5603
8456 3513
9195 9168
7236 9091
9106 4867
1243 1876
4658 6719
4858 1389
733 8840
7561 9518
350 3258
958 7199
4489 518
8164 8287
722 8015
3938 4596
7799 3539
8120 8849
8084 7845
9255 1455
5886 6007
6898 7336
6747 1675
7683 6683
1069 2042
1284 1268
9369 2247
4131 8495
4530 6532
7593 1622
7415 1413
244 112
2135 1995
1221 8682
8411 8423
8194 6242
9088 6788
3631 4628
3453 5563
4934 4216
9909 6467
1217 6340
7039 6369
9020 6567
8958 9933
9889 252
6849 5373
2013 6810
4857 6384
1116 1567
9784 9356
3370 5530
643 1646
7112 7753
4777 3003
6354 9743
4056 4653
4634 9850
8981 8500
6472 9153
8754 9753
8460 3787
8897 5638
5752 1372
1873 1972
9889 5473
4458 8743
9297 9038
9755 43
7966 5738
9769 3120
7967 7177
916 5013
864 6642
6698 1711
1359 3293
4910 648
9565 5853
590 6391
7684 9987
7234 13
8024 911
8686 231
3305 6448
3351 545
6359 5954
109 3233
181 3096
4799 2414
37 9740
1461 1325
2239 7053
1024 4876
4240 2979
5449 5294
6161 2734
7142 8657
5314 4374
7763 477
9400 9880
4172 5516
4574 1966
6507 2630
9481 4231
563 9399
2613 4879
8382 817
46 9913
2367 8355
8335 1890
1852 1639
7254 931
1917 9635
3332 2092
1453 7135
7770 8363
6308 3386
2603 8679
6542 3163
7892 6349
1092 5554
1462 3377
1398 7064
6170 6468
9964 874
1150 251
5590 803
2041 6477
1876 6726
9630 8671
2025 4571
1992 2618
7247 7618
8323 2131
1137 746
953 8433
4270 1572
5513 1343
1473 9398
2314 4769
6843 799
6368 7503
5090 3848
1270 4099
3423 1404
7155 5287
7974 6900
1509 5845
8786 1940
5659 5762
8452 6176
532 3851
3380 865
2408 1964
4677 8909
1714 7124
414 7321
8676 7481
8667 8007
8307 209
8429 8134
1175 8443
4093 9713
8493 2985
4417 2329
9665 8667
6304 6147
8714 4706
3776 6812
7442 9697
3058 3090
6762 9327
7743 8795
8971 8326
3508 9577
4167 731
6062 1102
8658 9556
2045 2755
9659 3726
4808 5481
288 3310
2133 7278
1670 3935
7191 4020
3457 753
5703 7350
4378 1372
2219 3391
9769 1563
1961 6990
9128 7929
9887 6538
1974 6240
1077 1850
4243 9035
4288 6409
6869 360
8556 261
3532 4321
798 5027
3328 5030
9212 6469
3502 5220
826 7436
6092 8974
1064 4822
5317 1067
3254 5342
1823 3707
1353 1331
2152 4539
5814 2942
5878 9389
8234 696
6599 6538
6272 5279
282 2924
2062 9734
8556 22
1528 8763
176 3237
5514 3008
4855 6211
1993 8499
2990 9144
7925 9249
4369 8027
16 734
4396 9426
1653 1538
2305 6642
3757 8270
4465 4436
4858 1473
611 1193
9788 5862
6201 5639
9160 6974
6587 9772
9373 8395
1122 3592
8028 6235
5203 3848
3414 8675
357 8173
6955 206
8516 8857
9395 4061
7684 299
618 1730
3732 2773
8655 5045
7957 9615
5165 2661
8117 1857
4087 4947
8424 5422
8791 7123
7551 5688
497 931
9970 9972
8842 3375
4797 4037
8189 4813
9418 5395
1124 349
5922 5446
1404 9847
3111 749
4224 6270
9531 2930
6396 5608
3057 8291
5734 8188
7335 4875
3831 2220
8631 9578
4536 7958
2453 7697
6883 266
9635 4655
9222 8693
5230 9879
845 8527
8138 5872
871 4240
4951 779
1075 3998
1996 7257
4493 3930
8529 8124
3351 884
4522 3980
3427 4023
4714 2533
601 3053
7263 9306
3245 6552
2184 5867
4672 9024
5244 8623
1012 6940
292 5522
773 2309
5841 1108
2920 8624
8402 8937
4617 7196
837 7751
4234 8522
4057 6611
774 4167
9066 2811
8224 1757
9365 1888
1471 311
9245 5788
1969 5125
8845 4127
7304 9307
2091 9020
6491 2707
2758 220
5816 4980
7605 4616
4443 9561
747 5061
120 3679
2389 6678
7039 98
8272 5371
7468 2832
8774 4506
5344 2797
5519 8568
4679 3846
4397 6684
7077 6360
9768 5746
2519 8639
8586 5192
491 1432
5888 1426
844 7673
7418 6690
8454 4868
5116 1446
8704 7670
1658 3980
4138 2216
8801 7281
8239 9029
4219 6962
5982 7786
2384 6503
3986 8282
1803 8826
4607 1349
9755 6209
1271 2723
3800 5009
1954 9997
9790 7155
2814 2736
9713 1275
8640 946
3902 2067
2053 6224
9591 9926
2318 4835
3514 4107
136 3535
5068 6348
316 8778
8298 8405
6215 8589
3748 7049
8016 562
6230 6620
1012 6736
550 6534
2425 3292
776 8498
7651 744
1179 4737
660 4066
6211 1106
10000 2036
1567 9332
2871 7258
6598 248
8340 8148
4429 2253
619 5534
3085 3771
928 6943
2097 3492
6945 9273
8967 1174
9302 942
5569 7844
3026 6884
2977 5520
6133 1254
2521 4877
7908 3711
2320 8371
1257 1844
8734 9904
7289 4095
9664 8354
8262 7374
5494 4439
2297 3694
5204 2369
6438 7293
5652 6570
3192 7378
3969 3010
4596 4697
7061 9273
341 5072
8861 4621
719 7443
5720 4195
5801 847
9556 7130
6470 7647
4939 8890
4150 3393
6859 3549
4466 2178
3834 2436
342 2968
9326 5157
9542 487
6922 8126
6923 6754
4412 5059
7614 1637
5589 9205
1932 835
4287 3720
4193 1131
3539 4296
6540 1931
1247 2728
5610 3983
6555 1216
1013 918
2566 7618
6955 6332
9844 8086
4192 2411
394 3605
6019 6163
6099 5282
1954 8850
1915 6151
1502 7724
191 9151
8495 4493
645 5295
7373 7843
4234 2427
7068 736
2692 1985
8322 8044
7208 6008
7689 962
8954 2174
3594 1440
119 9529
6033 6667
4062 28
2679 1371
5972 1811
5672 3668
6266 5511
1190 267
139 8898
5165 2674
2881 9196
6184 4819
2513 5182
266 9782
3424 2638
2069 9069
7463 1810
943 6241
8662 8593
6448 6425
1667 8159
9110 4138
226 5880
8876 9565
2967 9851
4884 4907
3860 8365
3297 4234
4255 7643
4447 1826
2883 5924
8701 3625
5960 394
5903 7832
3258 9492
1998 5529
9016 1
8666 2327
4494 1967
3046 2744
4561 8417
79 8585
3803 4713
9394 9209
4674 6868
8820 2360
9659 1126
7281 9450
6054 7860
4667 322
7596 983
6303 188
8634 7179
282 5564
3399 9485
2703 1877
1013 9566
9481 8092
3762 5640
6983 8434
2298 6036
66 1778
9278 9054
4383 2190
388 9157
4941 1828
1892 8013
575 3306
3988 3112
237 7799
9448 287
9710 2962
1196 803
3728 4316
8272 6212
9966 8211
2150 5631
2992 533
3770 4180
7673 2111
9208 3961
275 4209
9018 7563
6442 8176
5742 1663
6965 8034
8402 4663
6587 8228
5312 8249
9875 7570
3838 6941
8953 3599
9882 2426
6152 31
7719 4658
3748 931
3267 0
2688 5966
8929 6224
9271 3213
4057 8802
459 5705
6595 6431
7191 3779
1388 936
12 6090
7214 190
2572 6955
8009 8918
7543 445
1794 2748
2403 739
4304 2562
3003 1367
6644 6567
1230 6327
4052 9717
7943 7644
5549 6112
3615 84
5771 953
7503 2917
2697 4408
793 1444
5486 5608
7836 7772
4724 6405
8577 8231
7668 5165
1223 935
3521 250
8775 3368
2877 3014
8802 5448
9702 4862
8820 9612
243 3179
1777 6988
8158 8306
8848 2514
6517 6812
3533 3015
4216 652
9059 747
3635 4357
6569 4278
9971 4995
9338 9745
9537 1871
6124 451
8807 8467
3461 139
8730 7326
7632 5826
2837 1223
1897 8437
9836 4855
1937 7768
8954 7037
6104 4761
8293 2565
7661 8643
9174 4101
5442 8164
3872 22
8855 1381
119 3534
4499 2676
1085 2596
1755 9822
9104 3317
5348 9662
6211 9193
9174 2825
5348 6584
3761 2510
6475 5526
5411 8368
6811 3869
8960 6014
3826 4990
6456 3574
9559 4306
8294 9275
4518 7871
1392 6919
1091 4806
3284 5714
5635 7147
8093 9374
5538 747
1896 4106
7348 4355
5179 5069
430 49
6599 9489
599 5859
2981 6354
930 413
6420 9859
3849 665
6295 9341
8604 3475
5798 9502
3253 3528
4282 6286
1084 1938
1688 2260
9203 1929
6334 9716
3076 1500
9820 7562
5729 5531
1998 7695
8981 8373
4212 7320
3027 3998
6012 6531
5593 4092
7399 5844
4629 9122
4721 9670
8353 7460
3205 164
1728 9309
7081 2343
869 7622
174 9594
3203 6139
2158 6167
7358 4915
4017 8327
6935 7010
253 5471
3569 5382
2986 138
4121 3123
3837 8942
2418 7452
1831 1516
7553 8102
9032 8788
142 5251
8268 2060
3802 6157
4993 8098
7209 4278
4796 8328
117 8220
3468 383
9400 8305
3781 1961
8126 2309
9594 5407
3366 710
2461 6045
9480 1875
4665 9112
2395 5373
7508 3896
4243 6318
8024 4465
3013 7856
633 2169
1074 6666
7362 8968
5907 3198
956 3024
6704 9964
2081 7764
6084 7816
7 414
3659 9164
6403 3620
602 9270
3001 3063
7203 3928
8492 2979
5850 3499
7779 3518
238 2402
6087 2217
5825 3984
4364 1841
6620 8823
3378 3880
599 165
9260 4259
8669 8733
5612 3108
2201 2934
4386 5362
9557 2529
6353 1196
707 1664
1387 8094
6879 4557
2348 9853
2698 1334
489 4238
1039 5073
7442 8913
5969 2140
2784 1258
6786 8844
6344 3291
1633 9475
7889 5441
2003 7214
4066 6673
1382 3690
5100 6308
6028 4995
3554 7767
3610 154
4169 4648
5821 3737
9477 733
7701 5265
5870 8870
4823 6628
9357 1454
1483 72
9276 6245
7976 6079
5135 8930
5379 5145
4763 7195
4849 8274
1531 4499
6448 6687
7114 5794
9197 3722
8421 9219
4040 3574
2634 4140
6425 5041
2964 5949
6874 6207
7099 9295
5082 9741
1385 3817
189 4260
4604 9465
1056 9553
3366 3449
2566 655
1738 8050
6163 114
22 5112
4208 2971
3290 3691
6689 6933
262 5705
8171 4466
2187 9855
1798 2795
1572 2530
8566 7639
5037 9311
9529 9376
9743 2747
6754 3090
5985 8878
4413 2473
1010 9923
4127 9629
6708 426
8778 6736
5184 5533
7811 9590
1398 9547
8296 6504
3268 2082
2863 3560
2103 1533
2227 6509
6385 5903
3308 1540
1001 8849
594 8568
9932 9417
1333 1353
8782 7432
7754 8134
4617 6868
3747 2730
8400 3011
1087 4798
7060 5223
5304 9291
8164 5827
7805 6415
1377 259
2850 4849
9667 4756
3598 7222
6067 7388
1308 9022
8549 3487
39 8036
9940 8208
7235 982
9476 6661
280 5542
5835 1649
9036 624
4323 4976
2572 5364
7768 3633
6781 4936
3549 2137
4609 2758
205 5173
878 798
1027 7389
7240 7852
7794 9811
2153 1781
366 1036
4645 5541
2423 8950
6005 9930
379 7016
4970 671
9736 8015
9243 133
2142 6678
5528 1693
3917 3844
3021 3952
8641 1185
7740 1178
1850 3439
8592 7001
4500 7398
8487 7041
3009 5259
2053 6960
1410 5422
3412 1500
2966 1285
1697 2150
1191 4948
7896 4196
7262 9994
4868 3480
2009 4652
3726 4630
1065 507
6917 1575
9989 6438
1425 8084
7112 9844
7428 4957
2244 8782
4435 690
9371 7591
3404 4538
9484 1986
1524 915
3242 8080
2942 249
733 4487
4046 1714
9329 379
7622 6887
8362 5803
3494 9384
7830 1918
4511 9175
1442 6176
8121 8855
9004 4249
6631 9061
7035 2684
9809 3429
5886 6580
1400 8706
4196 3811
9480 2088
2922 1939
785 5261
8131 2356
7130 3664
601 7304
751 9445
651 5605
2739 8233
3276 3326
9638 215
4927 5904
8081 8077
8329 4833
5945 5840
9012 2962
6954 7591
642 1163
8723 8960
3658 256
8084 9906
3463 5168
6503 9286
7250 6084
158 8352
9437 9643
8746 1721
2735 3284
5509 5850
8194 6530
358 4492
2857 9910
6831 3119
7954 5974
8070 4004
5543 766
9250 4450
589 7622
8757 7570
7177 2481
2201 8371
5271 9661
2266 1054
9331 2940
2827 8419
2077 8349
3551 8193
5296 5392
305 4655
5487 5224
7002 8078
2906 8995
3034 876
5814 8809
9688 6426
2276 3193
3281 5182
9567 786
1496 256
2011 5948
4153 5481
2203 2376
4262 9624
9129 388
9590 3523
5508 5934
2661 9302
8913 1327
1515 3261
1781 1375
9366 4666
9919 744
4698 2146
1509 9994
4419 7257
2652 380
1127 2217
8677 9337
2002 6647
2093 111
2018 5366
2705 9398
1653 6885
9523 6984
8857 3073
6240 6962
1631 2807
4026 1377
7107 9777
6239 3482
3734 4579
7868 326
681 6782
2369 8471
2917 8606
3386 9394
9020 6071
7640 5841
9168 7421
1800 6312
7137 2493
4195 9185
1412 1287
2126 669
904 6806
4048 8674
2283 9997
4182 8482
8566 1983
7607 8204
5563 5595
1194 6176
4055 1510
1841 9084
8493 9775
5002 3307
2435 6834
9609 9335
33 5626
8091 731
1091 8903
5559 4303
7058 5260
5824 7829
3543 3125
678 1954
2497 7897
4148 63
343 156
2425 3830
8291 5499
9982 3142
3538 554
9139 3837
9078 4639
3831 700
6472 1496
4886 5645
9287 150
3257 8192
6436 7273
6954 4910
7073 145
5455 8641
9921 3628
8597 2777
1091 3393
4077 625
1082 7786
4665 4927
2429 2540
2453 2825
6634 1501
2963 2503
5257 8327
8542 9742
3449 9641
5530 1939
1455 2955
4445 3928
8543 7226
8772 4116
4922 722
6079 2593
6293 8743
4091 2760
6090 8079
8849 3653
3467 8983
8377 38
1864 8672
5005 8776
299 6368
742 3464
5193 389
2541 6999
7790 1215
7844 7129
294 9148
3442 8512
6307 5349
2076 9321
1192 8376
164 9994
4982 4312
9789 9163
1506 7570
29 3323
2443 4933
5593 3500
1055 3390
9003 364
9472 3906
8105 552
8646 7353
1183 5044
2375 1084
5599 8956
3449 2254
5815 7153
581 6159
3886 2791
7790 5883
1900 589
3320 1420
7461 9405
9154 7527
3964 3869
9021 3085
9925 9579
9860 1160
3631 4251
7206 9031
9690 263
1648 9278
5701 6105
8886 1942
610 2517
993 4028
2006 446
9064 1232
8021 5277
2371 3532
6038 7484
8064 6009
9679 4201
1389 2245
9385 8051
1876 8975
9632 3443
1471 2516
1581 2178
8503 514
4744 3780
9754 219
2518 9541
5250 6687
1546 8842
9803 6172
7881 1443
4313 4823
5753 6625
3607 1891
2704 6964
319 731
1975 3221
9654 3649
1404 5903
2403 1044
708 7700
299 7137
7408 8417
9284 1835
8902 5906
8808 6113
2085 650
8039 4819
8294 4312
9438 663
8240 4930
8963 6862
4822 2291
5138 688
6876 5000
3836 1108
8970 200
74 5921
7362 1179
6010 6920
7515 7208
9016 3705
3128 4303
8037 4121
2757 1664
3385 7983
6626 2507
4378 3712
637 8028
4455 8681
1628 3263
8990 4271
1781 3852
9196 9423
7730 138
9985 8263
4416 2718
9242 2966
1484 6730
8740 3098
4123 642
853 8231
7149 3771
1783 7723
6211 6853
445 7610
8974 8386
376 3001
7298 1062
2803 5336
3684 7399
7707 5889
3406 8041
9805 5338
101 7728
6130 6364
5036 9822
8625 2847
451 2820
8286 3546
3726 1567
2394 450
1092 9861
9781 6700
2511 6495
3330 8321
8925 3187
5037 1629
9379 123
8697 1470
7804 1990
6260 3117
3814 4263
8486 7443
3909 235
145 8719
7008 5106
9022 143
3017 8610
9705 6768
7859 3459
984 312
4923 6397
7218 7936
2844 5869
7632 4307
6756 6969
9165 6568
161 6158
1885 2675
7960 1483
7988 5275
9513 2186
2642 9878
9799 2056
2008 596
4482 1547
8346 4201
8817 1172
8002 761
4029 4703
3505 6959
5857 4832
9397 4863
6577 6110
8680 4311
6933 2675
8995 7210
4914 4401
2005 6603
584 1373
8199 8583
7333 2559
3591 5415
9317 9815
8706 915
382 3880
3048 5621
6809 1914
9596 3066
1756 6771
3047 737
9564 8413
2577 5223
5619 105
2058 426
2045 7424
6167 3586
2683 6578
1269 3090
699 1037
415 2989
824 5705
7820 2219
2873 3439
4263 8260
6434 5332
8522 5468
5269 1915
438 296
1144 9715
2360 6569
6240 21
5471 3791
9476 7002
5875 1817
7134 3196
2733 6772
6843 4709
6065 3383
5139 6768
2407 9346
5284 4612
4610 8244
7648 3739
3616 7359
6679 5586
7267 4824
3248 9662
4700 2067
9044 7257
8649 4977
7108 1368
6555 9115
7052 2501
6510 3522
9587 8834
7881 3429
5314 1797
6443 1505
5967 1450
8718 5939
726 4806
9909 3550
37 9722
7689 219
1992 3548
5638 3129
6944 6779
9052 6027
2755 4397
5767 6666
9798 3600
4609 5027
3664 4164
7564 1978
9747 6392
4026 6225
9641 8002
9696 9408
3754 8263
6815 9291
1361 7466
4399 2185
8209 6122
4234 5514
9740 5411
2528 7970
6081 35
350 3424
5312 3405
1592 4452
3263 1994
5677 8070
9083 9804
4845 182
9161 8237
6429 6092
7050 2875
7579 762
2143 7305
2156 5897
7546 6440
538 4201
8841 1310
8273 7371
7570 7387
9957 1801
2448 4260
6846 6098
8049 1422
293 6290
3691 7579
2156 7961
7476 5476
9127 6967
9833 1431
879 3583
5373 9066
5701 3132
199 3158
2611 6660
9525 7067
1057 6694
9302 7985
5958 3906
5239 4541
6743 2417
1010 8429
7839 1260
6374 5123
4281 7849
1105 2526
9564 8440
479 3413
7978 8774
5039 1247
2308 5116
3373 4557
9671 208
3504 7424
8738 3312
441 5160
636 997
9100 5252
2050 5223
8356 4660
5227 447
9427 7185
241 1046
3590 5488
7042 2503
1573 2383
7129 4299
8435 2260
5392 7446
7068 5960
2292 318
8079 4597
4832 7222
5555 6657
5562 6068
7913 7353
4341 4934
2356 8968
3920 1768
8259 283
8657 5646
844 3911
8900 4010
1083 5399
2598 2929
9406 4160
3528 8080
3149 671
3649 1971
5128 8938
1157 8765
4415 3117
5398 8399
7274 2543
3539 1859
6001 3891
2936 605
9690 3844
1123 1077
8744 3733
8948 9802
2504 5252
7764 4768
8163 934
1728 8627
3432 1142
2417 1131
6574 9388
9042 1930
5757 1824
8982 5245
7669 2956
8741 3636
7885 5360
9639 6508
6498 7764
5504 5213
5486 1557
6946 7710
2466 8054
402 3880
1973 3081
1174 6152
7513 9933
8420 9995
2499 9729
3333 9811
7652 1407
3640 5784
3901 985
7850 4437
1397 7994
1487 6028
5437 5038
1777 9193
778 261
741 2478
3512 626
412 6649
8719 3540
905 2701
3366 8449
338 693
6123 2319
6918 1494
27 9367
9305 8553
6707 6509
2580 5841
8704 2352
6511 5832
3582 2974
3690 7649
2093 986
6016 619
7776 4786
1342 7175
1151 1294
1309 6909
7768 3997
1022 2046
9781 9858
3314 5219
4086 5586
1293 4829
7640 8099
1197 407
3509 155
9762 3874
2912 1948
2504 2401
8198 9633
8063 8013
1760 9663
3971 6098
6930 3579
8106 2710
2315 4307
3835 607
6274 8730
9767 4714
8098 6381
8277 8801
8343 7082
3679 6285
755 1868
5052 6013
9039 9605
2959 5459
6523 9325
8404 7839
3790 24
696 7513
6419 9811
9737 314
3213 9488
612 8382
2778 570
8381 9435
469 6921
3264 3401
9974 4570
981 2061
1829 5620
5734 5154
6526 1639
3218 3898
7030 5880
6778 8939
519 7577
2594 3128
2802 9063
493 9088
6667 1598
4 6840
2637 5459
6768 259
2508 8478
2380 8585
3211 528
8306 4486
5871 4851
4158 408
3665 8886
9216 6524
9887 4417
7388 9320
1264 8533
2622 3565
9966 1552
9422 6916
3315 7980
1805 8567
8643 6007
7664 8609
4206 955
6885 4905
7172 8287
4973 1071
413 4141
1802 4740
2929 7529
2926 2257
4507 311
8095 2615
9780 1406
124 1990
8050 8301
2683 1048
3232 1670
4865 1899
5798 8997
3761 1852
4470 6928
1186 2477
9032 4747
2772 3020
713 685
4492 1660
6773 6699
4147 6641
400 4342
1757 8026
9074 4023
7705 7918
147 3334
657 1955
3279 7417
5371 2338
6636 2301
703 9145
2011 8618
6090 979
4843 4229
6806 8883
1006 845
9425 8788
4419 80
6825 2487
5955 673
4400 7892
5191 1542
9684 1865
3715 9536
9256 700
1925 9582
7520 2154
5511 4600
6076 3077
9025 1987
3236 2294
510 3397
7652 8130
9077 5739
4454 6781
4053 9890
7939 7580
7790 8887
3758 6553
456 8517
6651 3479
3677 1423
3923 632
5448 1856
6139 844
3041 737
3652 7944
4389 5920
4931 3877
3506 1510
7769 4073
2439 9926
7566 9955
2579 1643
3352 623
7030 4520
9840 7313
4580 7253
4917 9476
9948 8209
6125 3000
1023 1041
5896 4653
4472 3606
7036 1056
5926 7309
2551 5781
2275 6666
7179 5943
5672 1144
6054 6458
28 9538
3760 1940
89 7519
7488 2431
6147 2115
2127 6537
7672 9611
6966 9283
874 5262
2428 18
4615 4978
1361 3864
1683 8371
6651 2412
3220 3197
3436 9541
5965 659
9078 9577
7697 2958
2740 8781
9209 7194
3330 3898
3913 3458
4509 403
1188 725
4350 8367
2906 21
563 9875
9851 2120
4374 8450
2378 2406
420 1522
5635 9544
4157 459
4787 2760
6193 7829
5522 3285
8945 807
378 5173
5955 9723
6569 1475
9481 5613
2691 1011
4454 3123
7449 346
5320 1215
3822 1037
4952 9295
6831 4776
7435 6410
9074 5250
7826 1295
8365 3413
5745 4079
6624 1304
4431 2374
1230 4611
5599 6109
633 9649
5830 6420
9447 7171
3605 1698
6608 4018
3816 7772
7758 9991
6184 2639
497 2645
9789 5827
8570 6909
601 1575
6589 2136
7289 6427
4022 5638
1369 7921
2959 3394
2384 6034
1888 8097
7680 1302
3461 1994
6928 5825
1876 5624
2765 5217
4854 7612
553 9674
6057 6501
7527 3111
6793 4737
1556 4656
4355 3304
5660 1372
991 2755
9198 6936
4745 9316
2086 7360
2877 4094
747 8878
5033 235
9846 5136
58 891
5179 137
6508 5842
1581 4405
3837 2725
9201 6596
1435 8069
2931 2279
9120 5837
2257 9838
1221 958
9450 6451
7897 6793
4758 6004
3936 2271
1694 4347
8653 2741
2890 7080
7014 1461
2136 5489
9299 8183
9709 7686
8809 2209
5720 6228
2298 5624
9924 30
3768 7195
5733 5753
3659 7640
4306 1092
1632 6478
7251 2442
2157 6315
6556 8739
2844 2062
2440 7374
3170 2584
1927 2347
7736 7722
9337 6787
6667 7179
2616 3947
5469 5682
206 1260
7388 7387
1836 631
622 471
647 3318
6805 295
9769 191
3072 9488
436 6479
349 9290
2522 371
2545 253
6205 6693
1986 1482
4771 7454
7516 5183
3646 4725
4871 5624
8865 3960
4956 8046
8837 3871
3922 8520
3318 8780
5885 379
760 7897
951 1050
7109 5351
5169 3261
2287 4284
6098 4794
3849 7446
4199 4281
6783 6332
7497 1809
5929 9767
4956 8366
4155 5936
9387 3834
5123 6469
4354 1635
4551 4042
150 9323
6753 1790
5148 5954
5102 3033
7911 6587
4829 1824
2369 3308
1850 2186
5158 655
8388 4832
5795 1706
1944 3123
4962 7589
9662 8644
8563 1409
1123 6076
2549 4166
9289 8338
1907 4123
6154 6341
8462 267
7396 8298
2025 5755
6513 6019
7741 8837
3493 7712
4819 8142
5199 3024
326 8826
6170 6257
7685 9095
4192 2133
473 4536
6314 3622
8825 2427
2223 2638
8686 9747
3683 4342
2045 3255
474 7388
50 6351
5596 1643
1585 5863
1774 5382
9168 1460
2897 7235
8850 6165
6817 7085
2970 69
906 2461
7931 801
3290 633
1372 7796
4058 6832
8391 4492
3762 8679
543 4299
6412 8489
6201 6527
2962 9048
9402 4617
3784 1707
4518 6897
7603 6235
853 9716
1045 7563
6472 8333
3013 5749
9875 3388
4117 3665
3451 8577
8338 6345
476 6795
5040 7320
7673 1371
2130 6559
5792 921
4702 7297
9065 8718
8254 5928
6847 8552
9591 9960
8667 8219
5552 9630
8294 7289
7082 3976
3392 9258
567 7455
6509 3176
1408 9966
9282 8169
9212 381
4439 2763
1301 9279
4314 6089
5912 1518
9221 7248
1590 8692
5187 5588
6424 7398
8326 516
1688 8849
588 3151
1386 9374
2283 811
3993 7904
4146 5855
6108 7255
6207 7158
7673 9245
8437 6017
7637 5858
1764 4464
9476 5800
7951 9498
1387 7782
1204 6310
4786 5946
9066 374
6774 4357
8007 9181
2365 5003
442 7338
4535 2120
3996 8302
2950 1179
3524 5462
1746 1645
5104 5019
6525 7156
9887 5971
7573 4820
9981 2755
1527 3156
7742 6667
4049 5070
9802 6685
8875 167
1121 4133
3031 2258
1554 5375
7811 8970
2535 530
4651 2878
4116 6192
7282 9618
7089 1400
3878 1708
810 9947
9865 9155
9820 4424
7694 5295
7825 7966
6818 1390
2300 6020
5826 9307
8056 3878
929 8291
1443 2174
3615 139
9292 3589
4657 3835
6401 4387
5297 3951
5631 571
8725 1004
5416 5444
6375 3637
3576 972
5166 4371
1378 6616
4809 5154
9123 3290
6496 4870
4915 5345
531 5934
9443 5930
8352 654
4188 7262
1851 4632
5341 1346
3578 5431
3749 4021
5653 4603
7957 1257
9240 9546
4789 4614
5543 5520
8554 2556
4120 8431
6225 8683
8147 1768
7420 9778
8503 8861
5223 2073
8252 2368
9767 1093
3650 8393
5414 6105
3879 2615
85 7250
8436 4639
4410 2992
9847 4543
2271 34
5540 3405
9915 3050
2674 5750
2944 6236
6244 5501
3719 3001
8140 4142
8576 8254
6764 4185
59 9406
2543 2129
8924 9528
3056 5698
9910 947
795 9987
6574 3795
544 6130
9168 5559
4529 9865
3277 2306
5897 3615
4277 9140
4405 4473
3933 1235
8360 8121
7024 5059
8353 8921
6686 7502
6084 5508
2867 5440
120 6237
3261 9542
6632 4332
9895 4348
4626 5803
3394 9454
8316 2308
1432 6597
2220 6921
8147 7995
8162 4947
7327 3186
8486 4238
3733 3417
1276 9889
7435 6703
6139 2223
9001 3861
2183 5155
4167 6451
3492 4442
5657 8358
5543 7183
3998 1602
5497 4539
8996 3993
8354 5757
2645 8107
900 8221
1838 2116
7267 1244
1777 4977
670 4092
4719 4206
7279 4878
125 259
5752 7422
4450 5975
534 9309
1448 9957
4547 2459
9057 9637
5501 902
1755 3697
5927 949
7814 6373
8328 212
4564 5588
979 2546
4228 7880
8008 8910
1770 4368
3223 2950
732 2937
1864 777
6088 9505
4592 7511
4109 646
6290 8955
6880 4197
4878 8370
1014 7610
3245 6519
9830 5509
176 2866
3901 4821
5985 9247
6943 9257
2016 7835
2731 3740
8965 6501
337 1645
1493 303
4362 4966
9795 1444
3016 8760
1699 2846
5988 2098
5552 2127
9196 1725
2144 7285
2531 2198
9793 5857
8250 863
3910 2297
7931 717
9143 7584
5386 3807
8968 3896
4016 661
9532 737
8270 4788
6738 5856
7870 4577
3184 804
1254 17
8475 2155
9744 3209
3357 3834
7287 9337
5036 1092
7152 8193
4885 8875
6777 8842
1473 7655
1535 4567
2317 5421
1244 9011
8144 6157
7447 6468
3823 1113
9970 8371
4659 5004
9581 6873
9740 6245
868 7106
4875 7532
3149 5742
265 6855
976 8774
9224 9473
7923 7483
159 2689
6407 3975
2267 1154
4910 3751
5175 9067
3142 8476
8795 9135
9432 5685
6478 6257
2981 9196
2645 6401
8981 9995
1170 400
4081 3310
9823 5189
4659 1645
3037 1485
4796 9613
2077 5638
3797 2647
6305 4701
7554 1445
5184 4289
3150 482
4152 698
6493 8121
1492 6084
8258 4390
5933 1878
3448 7519
1046 5621
6059 8222
8987 7753
8540 6738
6503 4608
4042 2812
4770 4209
8932 684
7615 3280
7592 6102
6175 3403
5202 8609
5659 6302
5921 2128
3543 4183
1738 6595
1748 5866
2377 6265
2476 8330
9561 9383
3621 2259
5830 500
5395 8552
5330 3059
7085 3138
6961 7735
8461 4589
1409 4345
4605 9047
9059 4827
5421 4012
6144 1237
8231 6251
6068 1425
698 6924
6059 4793
2956 6663
4655 912
3821 7181
1052 4043
3441 1402
2314 6788
4958 7255
8670 638
2936 7445
6218 3503
4416 1900
937 4257
239 7420
3825 749
110 9498
1662 99
4867 7639
6416 76
2729 6069
1222 2902
5914 2933
7989 2571
1328 2422
5408 9383
5960 3893
5582 73
47 8425
9662 6848
5546 7714
59 9282
3420 5741
3021 7291
5862 7226
6591 9450
4247 6046
9376 5987
5719 6527
9464 4500
6190 3785
6065 3814
6164 9906
257 2956
2818 7450
6650 7161
1174 2155
9046 3835
8776 2356
5837 6836
6431 13
9011 6647
7613 9735
7936 4108
6313 2044
1896 3820
9182 5236
3221 5420
1666 6961
1124 7910
7080 9131
7935 112
7391 7873
5293 4974
1489 1394
9724 8646
5785 4220
98 4602
1040 5788
1123 4134
5438 7922
7125 5647
453 4901
8548 318
7295 6286
166 9193
6792 9323
2805 8863
2327 2756
1020 9913
2074 8589
6422 585
5627 9940
564 9436
3827 5134
6335 2892
6986 5033
6300 2428
6395 760
6204 2776
6497 6734
485 3903
4602 5797
5245 2449
2710 6300
7853 5507
4770 3898
6182 6458
1339 9058
507 999
1826 5018
306 8577
494 8880
104 4042
4941 9119
6830 3880
1137 7636
7235 3864
6913 8027
3281 898
4309 3359
9278 1762
4108 1731
4786 1690
2423 2460
9113 4907
2036 3144
178 3635
924 1762
1725 8382
1137 1848
7701 6770
6396 7724
5443 2153
4245 6727
5610 9007
7921 1350
181 3310
9451 911
5222 1612
4768 4254
2863 330
397 2262
9774 8180
4584 4495
1755 9306
7413 5758
3266 5323
2030 234
4509 9679
1929 8776
2103 2761
2096 9896
5882 9563
3115 5754
5509 7895
8695 6557
9876 5786
7119 9705
9100 1398
6955 8079
2274 8178
9580 2070
4383 1992
4037 419
3366 8001
5911 962
4548 1910
7394 9165
4387 6914
7499 9768
5941 6377
597 9786
2860 7730
2842 8463
2262 8300
1589 7776
9553 9342
3015 7441
7736 8464
2300 6614
9220 722
2467 8711
5283 2719
9231 8727
5902 6988
2129 9396
3993 7891
7352 4239
6372 9597
8765 3700
8883 7046
8425 600
3061 5472
8823 5579
3952 721
5740 6202
4062 5345
4310 5306
7458 9536
6666 679
2875 4148
9560 1336
4289 1839
9813 6386
845 6900
3000 1492
291 6666
2956 8108
6350 1061
4844 8632
8565 7626
1416 7467
3781 8803
2678 1018
4874 4790
1021 7395
7869 3676
5277 8902
9573 1849
9289 3656
8363 189
7610 4691
4652 8620
8075 681
6672 4905
4366 3593
5023 883
4637 6726
7620 4312
6918 4440
2519 1174
7368 1530
9608 2222
7152 6307
7615 4761
6502 3158
3661 5275
6105 9401
7453 6157
4893 3437
5661 6775
7104 4946
7680 3660
6100 1053
7774 4086
4837 7678
1186 3706
1800 7669
6266 4322
4444 2230
2586 9670
3927 3903
4326 4153
4394 3165
3252 6262
9624 1878
7494 336
7216 3813
9058 5230
4408 7604
1565 6607
4426 4524
6679 3295
8008 2300
2816 4760
4093 6639
7853 5579
9387 4131
822 9252
4925 7030
3979 2144
2706 4870
2325 820
8664 5164
9858 2795
4535 760
2098 897
3238 4634
9194 768
9182 4631
2349 4911
8303 14
8744 2957
4034 3255
2444 7286
718 3027
2683 1434
1484 4600
1825 5214
688 3650
1656 5585
9150 7826
9221 8614
5254 1281
4248 3618
3392 2211
1904 6306
825 1137
7664 182
9306 1219
9698 5432
99 8870
9432 3721
2331 1496
473 9145
9046 7696
9347 643
7466 7381
9936 9579
8429 4622
3452 7227
6378 8858
3255 4921
8265 9894
5470 769
10 7255
4418 5301
5338 4350
9342 8026
7319 3421
6897 4189
4262 4755
2959 6893
9623 2402
789 4407
5286 6321
7440 6978
1801 4078
4453 9381
7842 1427
8911 6049
2291 3337
8268 4500
3058 2690
9036 6183
5350 3007
6930 1341
808 14
227 1968
8029 7928
5780 6962
561 7435
3975 7639
2437 9893
7677 4453
41 4414
1114 7259
4120 6891
1626 7322
1468 6122
9885 2736
6157 1121
9097 8261
9567 9659
1838 8599
5766 4452
4868 3306
7403 1955
2601 4383
5185 3152
6079 5228
436 3651
9583 6298
6123 3432
2034 7150
5710 4803
2816 6184
1571 3423
3139 7944
9486 6728
957 9020
4265 1236
2711 4930
7387 6270
4870 1701
3801 8101
2094 7010
4018 9333
5738 9135
7971 9282
7160 7034
3212 7013
9386 2593
1503 7253
5654 4842
2882 1869
1574 2814
5312 5534
822 897
7805 6949
8301 6946
8239 3380
9569 6785
2330 217
5055 7062
6246 6926
1265 6067
3397 645
4012 8022
6358 4175
3097 4052
8230 2430
4658 11
9585 999
1107 751
4493 5048
7289 3900
4452 2059
6704 3237
3319 2493
6801 1135
3238 9466
9943 6336
3570 2118
1714 5008
6757 9165
443 9637
3481 6095
413 98
3931 5173
8495 8105
1078 7687
7199 9252
7536 5235
1135 9439
4568 2967
8564 9226
5585 6384
8575 7300
1335 9811
7030 8534
9423 4659
3105 8605
3360 9110
5702 4051
7250 4903
5852 7374
3206 7594
6114 6533
612 9483
276 7115
1197 7517
6155 7078
4746 8434
3829 4027
8074 9476
4068 3340
2446 4521
3452 3089
7206 2839
6425 4638
6162 1568
5228 5086
1028 2071
5927 3390
1059 9518
4917 5995
9625 5821
8069 9153
7161 8757
7321 4638
1295 4109
1408 5842
2268 1351
9681 268
9678 7050
5927 314
1016 2015
6862 373
6160 2338
2889 8445
7141 8693
1700 2340
561 413
844 9078
3356 7870
868 5841
8922 5094
1824 5310
6899 4180
8049 6000
8953 2788
8522 7980
1131 9578
467 2330
7446 3224
6632 1762
3362 8993
7829 6956
9246 9195
9790 3398
1615 4065
2695 4064
7176 6911
7540 5101
8674 3548
4239 5060
4326 8378
391 1468
5111 3422
2752 9712
6707 4885
6143 3015
8843 2312
3776 1043
3462 2932
4086 7576
5836 3267
7189 6790
7892 3035
5321 5954
8224 2934
5289 5012
1114 2385
9334 2967
9841 7538
2411 1361
3706 1988
2347 9297
648 2068
4457 3992
6748 6066
3868 9737
7724 9478
6293 5650
2520 4188
1877 6958
9119 6531
8285 378
5386 1429
5018 7844
873 2899
8614 993
482 860
7853 3935
1333 523
968 4715
8386 2288
715 9707
7051 9573
7620 3438
9451 3520
1927 5853
7852 1367
8596 6197
2673 1067
3822 4650
3464 4982
9002 9307
4079 2388
7483 4271
3471 1062
9444 5355
1188 5829
2724 804
3960 2793
5717 4400
4230 870
7712 8392
3291 7795
1012 2675
8051 9259
7073 7558
9472 1884
1345 5213
2501 75
9175 6476
9769 4439
3486 7958
1052 8720
4459 387
5032 5176
5537 131
2305 4770
4136 416
4184 2146
4392 1076
4032 9827
9788 271
2670 274
5479 9558
8931 0
2885 6158
7754 5403
4549 8887
9048 5027
4218 8241
9833 6638
7261 998
2725 5231
5751 2951
357 189
5104 7717
4000 4144
8332 2997
7271 1560
7358 4623
9962 4885
8344 4877
4778 1760
4534 4908
4697 7780
5234 912
3972 6372
1613 8932
6291 4735
5293 3228
1198 886
6565 543
2020 6168
5233 3199
6022 2373
308 3636
426 1845
1545 9631
5482 2475
849 1335
4400 6346
7813 5149
4575 3002
5408 1847
8764 1848
1300 5427
7655 2098
6779 2525
1685 2803
7941 8509
5127 1651
2412 4294
1470 1008
7432 5995
734 5692
4706 8896
2329 301
6169 6238
3428 4121
976 6630
1346 1590
8123 5057
1261 977
9781 1180
4807 5020
196 8301
9197 4779
8747 8678
9536 3747
1741 321
4054 7166
4514 1223
8481 619
6907 7291
5066 4972
252 1332
7306 4566
9870 7571
1839 4267
3545 4905
7166 5232
337 2175
9219 2441
3163 1933
2614 2506
4375 500
4865 2030
8560 214
5576 6026
4425 6192
3388 2804
9340 3133
4918 5720
6761 9302
4957 5310
6188 3168
3559 3979
4029 2389
692 1121
9091 1925
973 1263
8274 5934
9744 2339
8439 3116
9029 8330
3375 594
2320 9441
3392 313
1982 8060
3660 9911
6930 3814
9991 8706
9661 8432
2113 5426
733 2390
5063 9968
7680 9819
3699 5693
6229 629
9237 5965
3946 333
7613 8859
1949 9256
8813 2803
1353 2785
9914 7216
3203 1951
7659 1638
6169 6812
8230 5914
7248 9373
9929 8845
1794 9814
9945 9188
4193 1210
9127 6716
9564 3280
3680 4001
9551 6572
7444 6166
5269 8584
7913 132
6805 6680
2344 5898
3216 9155
3482 6235
4007 7494
7328 8152
4064 3222
1367 8410
3198 5388
4421 6336
6551 2392
4822 1613
7738 3311
6867 7600
98 5901
5842 2396
2903 6528
1295 2970
7018 4684
5316 4795
8923 340
3282 7337
4886 2943
4097 9228
232 9302
3311 1850
9911 9580
1580 3960
2262 9737
2824 8115
7321 5797
3340 1841
4287 8766
8953 878
5345 3062
2986 1789
4336 3344
8888 9507
4971 298
9709 5400
2442 8896
2406 5581
3656 9595
4774 790
5705 1013
1119 4289
2130 5355
1740 2412
1957 1707
6952 9293
5203 6252
9099 8795
848 4875
4680 2829
3904 1129
8973 4917
1083 2326
4018 2052
6656 6222
1227 4598
9267 8820
2219 1698
240 3995
9974 6440
9804 5129
6082 8694
3177 6413
1850 6244
114 4065
2842 874
5535 9166
7925 9958
3916 3096
382 2805
2189 6883
5200 7820
5371 9273
1711 9938
6212 678
4771 7700
8801 5237
9006 2344
962 1927
3098 4943
8552 2956
4104 1026
1669 9776
3450 4539
4287 7236
222 1350
711 4693
6335 6768
986 5454
9682 2273
9345 1505
5600 5433
7315 6416
3464 7074
7084 8252
8120 5290
7638 8104
1256 6751
9852 4885
6138 5455
1038 9087
6957 4415
4350 6591
371 4165
8635 8344
4703 6415
7000 8953
4763 1866
6250 4541
8137 1677
1964 7376
9095 3085
5640 3701
8250 5827
6278 1606
1381 8885
6090 4701
1687 833
7323 3350
1042 3946
6991 5315
2172 1674
6189 4668
298 649
5543 6331
7221 6242
9558 1786
4468 6357
1320 743
9193 1361
5957 5074
6555 4184
714 3177
6968 2337
1557 8924
6619 351
691 8938
9959 7349
8044 7390
4321 3262
3305 6226
7203 4307
6240 4210
7269 5364
8779 3648
8190 7877
5155 5372
1991 3686
8075 4530
7453 8052
4693 1251
9613 874
7821 8335
4287 163
2884 4069
417 2883
9610 563
1642 397
3540 4920
7297 3100
1130 6825
2751 6146
9849 3087
6391 6758
1126 319
4900 281
617 1475
1332 2411
4163 2704
6751 4581
7738 1277
7163 678
9606 4148
6258 8750
7591 5380
4616 5688
2305 3908
7847 9046
3521 5358
3057 3347
1637 1440
8312 865
3478 1511
8036 5447
1502 4305
9845 4304
2854 8185
5207 8361
6829 4732
3533 9225
5461 7041
2840 9150
9340 345
8893 2627
2034 4911
709 8435
3223 9192
3191 8054
8563 9105
1710 7627
1410 5427
4746 6545
5961 8705
1246 2844
6779 8325
5286 4674
1758 9723
2633 8097
9059 2096
8891 1471
6342 1160
6975 9156
5416 5435
4715 8167
8934 7543
3012 8528
3728 8586
7955 3168
3620 1500
3780 4485
5418 4630
6602 5808
3358 2722
6585 8829
130 2393
8861 3181
109 2631
8742 4055
3853 9834
5337 4544
2616 7377
8601 291
7411 4706
4255 9756
4016 518
8770 9181
6464 8397
6101 2762
4237 5047
3646 7936
8225 5333
4566 8666
9599 7500
7350 5388
8160 8991
187 9524
1373 8283
2286 5185
2192 4789
5806 7379
5476 7513
8400 5479
9620 9883
649 1708
9190 1268
691 9135
6981 4827
7234 366
2701 8244
5200 9789
6615 5255
7228 8310
3800 4740
6604 7775
2353 3872
5039 2582
3632 9911
9080 9769
4667 9290
7603 739
6845 3479
2977 6351
2352 5891
7447 8145
381 3354
9407 7836
9747 3218
375 820
4552 3828
8295 7908
5576 44
7219 3474
7502 1886
7436 9364
1003 5121
6274 6616
1887 257
1454 6568
5362 6125
9098 3307
4592 1840
1410 1054
392 2654
8483 437
5302 5885
7302 8847
3417 8959
5964 3629
6459 8498
4054 1019
7009 5530
3781 3534
1069 4526
9336 1893
8767 6931
25 9460
7517 862
5244 6799
497 9553
9571 8785
3135 1800
813 9835
8373 524
988 7068
2968 667
8603 3734
4353 295
2420 2115
8148 7835
8517 9546
5986 3112
9890 6787
8155 1162
1142 4335
9708 6284
5855 9063
3195 8960
9813 4268
6036 5693
9538 5011
7494 6477
1669 4594
3996 3872
2459 1963
5247 1185
6764 3853
5082 4403
9838 4499
2937 1462
1519 8891
8096 5878
3250 8353
9426 4433
2709 1262
764 5327
1883 4691
5337 4503
9164 7433
8868 293
5771 3656
1147 5675
3735 2677
313 1845
6355 8834
9676 326
3223 3313
6560 9574
8670 6767
9573 4226
3932 1506
2983 3530
813 8638
7227 9147
8003 8133
2018 892
9965 4286
830 2206
3656 5871
7865 5454
1238 8015
7926 9875
621 9556
4106 796
4707 3939
8272 3604
9164 8430
6939 9879
190 7812
5506 8495
6323 6272
8243 9082
9999 8144
1880 7741
3881 8704
3522 3942
4363 6397
6687 894
5841 813
3783 8477
292 1173
9041 4658
5181 6307
4843 195
8688 7062
6306 131
8552 8757
3578 464
5023 7781
7355 7580
4361 7100
3701 327
8577 2997
4333 8132
8716 1068
8642 8242
2497 5349
2518 3201
9884 3594
314 8116
6297 1333
4644 3298
5020 324
465 4368
6082 3223
8761 1029
6642 1748
8258 7466
2598 3791
98 3256
3138 1222
8867 8928
486 7601
6293 4432
6990 8895
2153 5801
7724 1168
7613 8538
8607 2801
4700 792
612 3379
6853 4295
3992 9731
9555 5851
302 8840
73 2904
3501 6845
4512 4702
7383 2306
2953 2615
9873 5969
1173 6023
9948 6589
7271 735
3185 5470
7672 3492
8164 8855
8738 1146
9754 1687
6299 9110
1590 5942
8073 3704
5691 6481
9697 8189
3316 1755
275 8218
7833 3146
2023 4644
773 5634
3593 4371
5405 2305
5522 5625
4302 975
9620 4280
3814 6174
45 1481
1938 6435
7440 649
2560 5849
1476 8717
332 271
1652 6336
1238 309
3425 3850
3794 9669
8735 6850
4852 7578
8625 1156
8452 3324
6513 7933
8148 5796
8131 489
2270 8875
7007 9854
312 9612
8317 2395
3042 4124
5500 6663
8574 5777
7012 401
1132 5756
278 3650
6122 791
1906 1811
4981 1163
2158 5847
2493 5791
9990 347
5206 7236
1353 4598
8358 5296
8906 4193
8617 4975
1816 8316
4740 9944
5406 399
1166 9479
7240 7392
6862 3643
7117 8057
9674 5652
7723 8934
4320 1123
5485 3868
4092 575
3913 5619
221 2517
6036 8270
5986 8658
6716 4295
810 4279
5718 884
5849 8627
1273 4557
3949 9221
9490 4557
3960 7175
1156 9447
726 3158
4785 5915
5363 601
3267 6208
3173 5379
3096 7551
3339 5573
7171 8887
224 649
191 1776
6671 9208
2378 1342
2650 6940
1686 2533
7513 1236
2716 1436
7474 7934
7699 3920
4159 9804
1058 9893
1208 9449
2947 2652
7446 1508
2310 4213
4094 5221
5615 51
2153 3648
4022 3216
7124 9326
7391 4786
3530 762
5843 9406
6764 4315
8498 9077
6053 2469
6652 4922
6846 7574
7144 724
7902 5214
8844 4446
2529 3525
1561 6183
4251 1648
6325 2867
7965 1706
3519 2142
8157 6695
6544 5727
5367 8081
2140 4517
7445 2395
2657 3221
9660 220
4205 4966
1953 6207
4160 2513
6174 7243
2486 7426
66 4657
5541 1969
1338 221
2094 5682
9644 6198
3936 3681
9937 1637
378 2480
2337 2205
1516 2135
9623 1869
5721 9224
2460 7235
6662 8400
4694 7231
6337 9485
7897 8170
4997 4521
2514 9153
2532 5000
5525 7060
5154 362
5524 8491
5175 2643
9272 1195
890 9783
1329 2192
5367 4297
2543 5876
7918 8420
8264 4225
7501 8289
62 921
8467 9226
1386 5505
5276 8461
7828 8815
8377 2160
5406 1737
8371 3043
526 4001
2049 293
4118 5696
5434 1196
2225 4990
4085 484
6464 8869
6518 6680
6983 9796
2375 518
1024 3671
4587 8532
2165 7786
7427 2650
7626 7528
6390 399
3368 5936
667 1100
6551 3971
6236 2463
6385 2648
2108 5713
8396 4492
2250 5182
360 2329
9232 5198
1182 3402
3293 457
3113 7581
2403 3163
2405 1563
4672 7142
5148 9401
8903 3689
5540 8315
6447 7593
5593 5922
9420 9376
4363 9620
2666 5770
7417 1625
3278 6085
870 6964
8461 5531
7170 5221
2696 245
9376 9962
1963 5827
6699 5754
9766 1999
2860 3451
5263 7666
9711 6660
7775 9158
8830 2559
1345 4844
1832 4101
6774 6346
6391 5832
4975 2460
2418 6197
9630 1214
929 4925
1350 1130
9293 2121
9365 4242
6230 3137
135 6480
6290 790
4179 9619
2757 7425
9388 4918
677 684
6309 7277
9421 1727
2097 6534
4150 9187
7261 561
5125 4126
7071 8106
447 3628
2703 2066
9743 9725
7546 720
9168 8304
3639 7553
9342 8960
7820 7008
1834 3012
4925 2195
2086 3403
8589 2608
8151 4563
527 2530
5999 4046
7312 9653
1469 6920
8835 2799
6986 8419
9233 8205
3340 2724
9711 3649
9182 2888
8701 4566
9730 3656
6779 2992
850 1067
5217 8257
6035 4851
9317 2772
7615 4849
3430 5373
432 8589
2638 5529
3734 955
9546 9640
415 5801
8142 3086
802 9026
5905 3490
6796 986
5645 1417
4443 8615
8703 1280
3053 8817
8997 572
2224 7056
1818 4138
9761 8454
5443 1619
3076 3948
7042 5395
3508 1745
8181 1073
6961 8209
5712 308
8628 3538
7700 6547
6251 1937
6852 8762
7017 4215
9030 4656
3646 6331
3767 6390
9639 9359
4217 573
3580 2568
5452 9835
3929 3383
6650 8427
6247 2606
775 9260
3638 2244
7413 4018
2949 3840
9838 768
2304 5661
4999 1446
4452 8396
502 6145
4252 3128
6954 700
2110 3549
7096 8047
5434 1605
4796 5853
5768 724
1535 9142
2273 1386
3102 1554
4889 5498
3603 475
9838 8469
1597 8993
6770 1244
8916 2184
133 1151
832 3313
3160 7710
6489 5163
2071 4977
6873 5186
3413 9800
258 6691
1449 2148
367 4357
3304 696
6696 5780
468 5472
1203 5890
6233 2990
9795 6832
7276 7632
5930 9306
8323 7865
762 965
9646 1437
6813 3667
7956 5459
7248 3517
6242 9046
5255 7351
7134 3078
3682 5323
2531 1803
3798 5850
1941 2038
3863 9908
7571 2555
3307 1119
5692 5301
3127 9315
6403 4101
6034 6423
5452 5761
960 3405
5831 907
5521 5459
2322 7018
7559 2024
5043 7704
3252 5952
8490 9366
2117 9044
9031 2944
6430 7498
5834 3796
3414 7199
3047 300
4636 8212
1284 315
1617 8744
2390 6635
9466 1973
8254 1367
2399 9944
2470 9397
745 514
16 7503
749 6234
9979 2422
1114 9418
1351 3167
7889 2995
7817 2202
547 7297
9480 2745
9886 6098
1152 782
105 3422
427 4165
597 1792
9809 8200
9530 5776
6749 4592
360 9340
3041 7530
2297 8595
2709 5751
5117 745
9128 477
2770 288
7762 2691
2780 3745
8080 3484
6940 3411
9904 3095
9588 6445
9932 67
6123 2803
6309 5699
704 3277
4890 475
3924 8946
742 9187
1923 5810
7770 5803
8660 6091
759 9624
4171 5645
6661 4289
4449 2761
3502 3342
369 2428
663 7493
4233 7561
214 8096
5455 5762
6184 3658
3929 3196
7353 9298
6199 3162
5587 8215
4100 7053
1093 4089
855 5803
4286 487
6029 5397
6832 7010
5369 9667
5258 349
59 1161
6989 7653
3084 6261
6986 9048
219 4871
2185 8790
1124 5951
6309 7663
5693 8846
7957 4772
1186 2104
5114 3379
5252 3761
3134 172
7866 5281
8123 7967
7545 2565
4645 5025
5771 5189
6757 3403
2295 9384
1737 8525
9961 3678
1871 6129
1534 8190
6384 6777
2916 8744
9690 340
8951 8786
1443 40
2962 9232
1522 3409
9618 1045
1483 5091
3073 6991
5955 5953
7423 1846
6140 4605
4543 5442
9285 9744
3250 5114
4861 8130
4038 6230
473 4747
4425 1254
2813 3192
8657 4557
2597 2126
2380 6495
5240 5854
1384 5636
6182 5338
1843 6589
1119 5079
7484 9560
5693 9241
9678 5892
4964 3782
4707 6287
5389 5947
2200 1663
4068 2766
5219 938
5766 3264
5944 6214
4678 5699
6348 7040
2492 1569
7871 9007
4531 5163
5023 1635
6115 232
951 7499
8476 2264
8059 7791
8165 8713
4187 3738
9284 2563
594 140
4088 7833
1213 5376
819 9400
7724 4791
3941 902
8307 7950
4603 4117
1060 3064
795 5288
1450 4321
443 4857
4541 1035
7377 6417
7592 8378
6801 7090
1199 6213
470 7139
1636 8933
7553 7768
6892 6132
7861 2152
5012 879
6653 1895
4015 1842
6981 6458
7924 2930
8208 3638
4519 6601
2771 3647
9409 302
2281 3295
8976 1304
242 8589
5936 1141
4842 7828
1523 3978
9364 801
3938 7299
5655 254
1988 9513
2373 363
6774 1151
1837 1892
6207 8075
1607 8497
8998 1122
9544 6868
147 4996
3611 8808
3794 1709
8948 5646
121 9412
8977 9932
7214 4666
4718 6411
2209 6484
7460 2470
6399 3381
4981 1082
9631 6433
5082 2156
8591 431
6750 4625
1495 9930
8394 3080
9912 906
4625 389
1811 4391
7937 3242
5435 4364
2141 600
6274 658
975 7351
2478 1640
7036 7669
9368 6132
9292 6266
4387 6802
4813 6343
6908 7846
272 5251
678 9687
2090 4348
3814 5325
9457 120
166 9993
4599 6770
6603 7105
2737 8466
838 9979
9686 6744
1836 8005
1028 188
897 4848
5710 337
3996 2092
8525 5987
7256 1810
9245 8452
2611 8966
473 943
1390 6679
6140 4991
5714 3733
6265 951
1599 8943
26 7782
3857 7898
2375 3051
8141 6694
1932 8071
968 3416
7452 1572
8268 2166
2550 7956
3066 7460
7834 9783
399 9872
3271 2335
6163 5566
4632 2725
7923 1158
1079 7075
229 7626
5048 5728
5005 9237
7890 9869
4983 76
8375 1516
6122 3726
9562 578
1507 7476
2398 2683
6987 1880
6557 3653
895 8299
2246 108
5153 9201
1694 9925
4594 1015
6262 5717
5697 8494
300 7205
3179 6391
818 234
6511 5222
4944 214
1755 9988
5640 4790
2831 9819
1303 5975
5358 2064
9975 3729
5749 1189
7444 6829
2617 2927
4955 8417
8397 9700
4472 8430
1513 4718
7158 4060
1579 1583
8988 5201
8743 2208
6634 2260
9531 226
5458 7014
3801 9481
576 2275
1348 2946
48 8509
9402 2110
9308 4760
3497 8134
7070 3501
3278 1003
6934 361
7653 1487
4515 3087
7737 4610
8566 211
4812 7229
266 1503
6073 5058
2602 6402
9745 5506
3059 4816
1428 6152
5373 8518
7748 5919
4456 585
6241 5013
2161 485
7465 5404
6048 5098
3819 4938
1272 7145
5762 7371
9327 5868
3707 8657
4672 2236
4611 464
2182 1167
2524 4955
8988 9997
9541 1781
2443 60
6680 3273
9481 1823
8603 3637
937 1670
3484 7065
418 8938
7885 8208
5773 7394
3263 7576
8582 1911
3337 7244
3386 8661
8005 4690
4885 7649
8380 7828
2356 4323
1307 6163
7582 7198
1825 6067
4350 7080
6816 5165
5042 3970
3767 1651
6199 65
4203 8179
3525 3138
6956 8477
9990 7146
6554 7467
6962 1084
6850 3425
2581 8888
3400 8349
9047 3376
2907 6539
2626 3440
109 9264
8436 3347
3452 4029
6810 1164
6849 9276
5243 6120
6917 6714
5485 8673
9275 3873
8830 9135
1747 9108
6593 4083
438 6499
318 9083
7411 1325
5545 2095
3796 591
2015 8004
5371 2523
1653 8971
1262 1436
2310 3158
7904 4748
3460 49
3066 5552
204 1947
1064 8009
7770 9188
8172 4384
602 5525
1892 7702
7461 5463
2427 7929
8439 7305
2101 9373
6004 2929
6153 9114
8330 5769
7435 7948
7480 9147
899 9409
7457 7689
2477 9252
7893 6247
2940 8862
4959 9984
5344 7753
2393 7378
4002 142
9496 2106
9429 603
2451 166
8994 4556
1921 9209
5695 2194
4480 7592
1494 9882
7109 1396
8884 9987
1578 706
9944 3207
9784 1518
7912 2277
4178 6913
6197 4050
2868 7279
9918 9516
2298 9866
9939 3379
431 5218
2814 967
8774 8452
7981 8458
9158 1403
294 8570
6434 5146
1292 8378
6652 3185
4467 1129
5805 7366
2574 3200
6683 7799
2559 2064
9916 9706
7697 988
1289 2829
3601 2600
5896 5568
8053 5832
6810 3150
7453 4558
696 2974
6677 200
2464 9207
2306 5444
5855 1106
6582 8634
3797 6882
3783 5086
9956 7983
2020 6703
975 7711
5121 4139
4664 3725
3717 5558
1631 9144
4258 5913
2652 3413
9780 7732
9557 2100
9806 1385
1767 9683
3349 807
9590 3615
3491 9653
1449 2319
2099 9358
9654 1391
5874 5666
9040 9529
4051 8243
1831 3043
1177 8839
3793 6371
3463 1325
167 2897
7776 1108
558 5288
3555 4875
2875 3680
4943 1343
2382 5309
9994 5351
2766 1085
1145 5523
9719 6645
6562 6229
3234 7507
2536 3738
8606 521
8806 124
9683 4078
3942 7860
6738 985
3410 77
8446 6778
8537 7385
3313 8598
3784 2491
9446 7030
1996 4789
5608 6104
4254 9334
3476 2360
4419 5522
1900 1081
5935 2195
2107 973
6838 5231
5922 3147
1423 4071
1826 2195
41 1534
8453 8652
3907 6002
8869 6833
2551 9359
371 5439
3986 3382
4546 1495
5514 2218
9284 8689
8417 2089
7949 9254
4074 7168
4724 8075
3281 7278
8507 1334
3639 5773
2401 3464
9542 7237
3002 8097
9727 7326
8048 2887
8942 8846
3843 3809
489 5874
1100 1515
5659 7900
9290 7198
4910 2939
1947 1945
6741 1453
864 6600
3725 7846
9436 5615
702 7459
3446 5736
1493 1666
7911 7334
4817 3117
5411 759
1984 5309
3754 6301
2965 8549
7567 7102
1255 4209
4397 2835
3366 2410
1547 9465
2733 1093
8030 2955
681 7450
7759 1602
663 7619
2788 6316
710 761
5844 9368
6463 5924
1830 9851
780 7254
7627 571
2888 3437
3339 4705
6285 6216
1346 8359
5668 4042
1270 9177
9813 6046
9975 1235
2149 415
4206 9422
8114 3129
9239 5911
7697 9266
1449 5638
3031 3166
1195 5627
2262 4284
3392 9540
6356 5408
5262 4339
1699 7157
9092 9421
4795 3899
794 901
3910 6302
4341 5143
3969 6204
860 6265
5441 651
9260 1640
4454 9501
1605 807
3401 9785
7507 7625
6380 5374
2543 5233
5893 6497
2826 6967
5055 2296
6934 5989
8809 9167
4871 8202
5398 1618
7295 7678
1659 9436
1178 3983
9921 8673
6227 2714
3395 6567
563 410
6800 8842
9853 318
6130 6078
8077 2127
6278 1354
4875 9779
2034 1348
6977 9807
6376 9095
448 6295
1094 1834
4062 4599
9585 725
6926 5018
4397 3803
9038 1452
9113 6295
6870 4723
8299 8490
6056 9054
5935 4028
4685 3569
6985 4615
1583 4456
5918 7820
6635 7369
7693 3316
3828 4095
8408 5910
4156 7327
995 3147
3367 9380
7088 5938
3362 2264
7104 6644
4266 5943
7115 495
7742 4193
8210 9685
1756 501
8600 5134
7866 3410
2221 2860
294 7857
6476 2630
2105 2644
1226 630
3300 3006
2139 1673
1761 9467
2398 2209
6133 8823
2182 236
5959 7380
4599 6080
6649 2659
8286 5166
4088 4173
6437 5820
8134 7149
9772 9583
3308 3612
8583 6182
3808 3484
6702 5059
7930 1907
9112 8756
9707 3871
969 7894
5142 6181
5929 4442
1405 4948
4536 9790
2070 5607
4735 9466
3280 2539
9035 1272
3864 32
4255 3109
8460 8906
4224 4565
1639 9832
5553 1414
6420 7868
7499 5390
7074 957
6591 469
4332 7371
1920 3253
7385 3186
7976 4886
7789 6114
2527 2822
740 25
3134 1777
4355 9591
2005 8294
7156 4567
3518 3679
8562 8135
7004 5862
8830 9900
6350 7597
2796 8196
3109 3484
5871 3590
9402 1136
2228 7952
804 1134
3908 9145
2952 7857
2883 5709
4245 6900
7922 4722
1949 7712
5240 5375
2791 4763
7258 5692
9013 396
6930 9469
4414 5417
3749 6257
4493 726
4231 1736
5819 483
6280 3507
1512 8831
3753 3534
639 3500
5683 5869
7076 4179
962 8037
699 3353
153 5449
1923 6177
9011 2568
9864 6708
8487 3756
1501 4072
6168 9629
8400 501
8246 9229
4317 3189
4814 6980
7500 3259
6345 6351
8838 6947
9812 7289
9895 9210
5124 1143
697 4358
4420 1025
431 9273
7904 6671
4887 2037
3542 311
1372 7518
3157 745
5272 9807
8377 490
9999 5842
5466 528
8463 6917
9544 285
5328 6021
6257 5566
5434 4229
4382 1864
5026 3528
7517 8818
9980 8117
9714 7243
6034 8560
1419 2384
3355 5176
2408 4793
896 7376
1968 8530
5920 5783
583 3399
5109 7457
5507 5048
5985 7306
8641 7771
3885 9317
6827 2983
3737 3431
4816 8090
846 990
8695 6952
7329 1751
3243 5917
2868 5488
5735 5188
5758 943
9025 2262
771 5526
4689 4446
7945 4842
341 1022
8222 3261
8115 9844
3209 7226
9700 5589
7986 2675
9483 8045
5624 9676
7801 2450
9801 6227
6553 5240
5094 3104
5309 7867
7512 1015
9521 3875
7848 6705
4432 1420
1949 5399
9476 5273
7300 4650
4152 1131
9295 7779
6410 2834
7140 4317
3433 8269
1840 958
2584 3198
3811 6025
7134 3218
7746 5455
1152 1796
9428 501
5037 8478
1297 126
174 703
7405 9402
9161 7482
9765 5829
6761 7375
8398 2916
2504 819
4084 1474
1103 5406
5630 7681
9221 1836
2193 5523
5456 3
4656 5854
3770 6595
3322 8824
2899 4893
2803 7185
6525 104
1084 2471
209 7672
7287 4628
4832 2662
1044 5612
8542 9879
8737 8672
3474 1032
9308 4144
2673 4657
