placement model: 1slider
width: 10
height: 10
number of points: 2000
4226 1004
5030 2602
1162 5912
5353 5971
6562 4211
1909 9847
8650 4864
8791 880
7733 3983
2777 8343
8947 2569
3981 7840
4211 6682
9292 817
8371 7055
4306 35
620 4978
1049 5397
292 2017
8760 6424
3275 1781
5842 7001
8436 1298
781 3975
6234 1162
3888 9926
8496 1050
548 8619
7999 8456
5135 8850
4459 551
9248 2015
866 5460
5961 2158
9775 1542
1942 8927
1067 3656
2192 8154
9391 6431
3833 957
4747 3647
4838 2677
6288 7074
4266 5166
7698 2650
5229 2710
4419 6482
5771 2391
2283 8885
6422 4381
9032 5308
6705 5575
9267 5185
1796 6969
7040 6711
7936 2654
1193 4373
8862 6475
9778 3765
9978 5770
6544 1902
7374 7301
3452 8314
354 5883
2453 374
579 5976
9826 9589
772 3010
3482 9844
2355 4514
7794 4313
2992 5729
781 9457
4248 3537
5827 4804
2536 2009
1895 8022
2975 9251
2729 6825
1290 3435
8803 4082
2680 2105
2031 2798
4990 5095
3118 1359
4319 2500
1775 8718
158 6630
809 800
6096 4293
6116 567
5002 5795
4644 5886
3279 4487
7705 6220
6461 4622
959 3435
5680 6432
3668 8113
1220 668
9787 4161
4089 3336
374 4840
2766 3810
2822 4388
6814 4363
1542 6390
6418 4622
296 409
3182 9321
4591 2111
401 9807
6834 739
822 2761
4397 8600
7482 4888
4232 1320
7877 9883
9888 7479
5852 376
7350 7583
3856 981
8072 8617
7446 1454
4964 1502
475 4216
1 6826
2974 9436
3743 6404
4005 2385
8049 8764
8697 2874
7104 3049
7469 692
1901 100
2718 588
1901 9549
6929 5018
8374 8188
710 9806
7381 2021
5401 2932
2084 4693
8937 7768
507 902
2540 5027
9113 9289
4700 6348
2877 1083
4324 9959
5396 7048
3615 2723
990 8182
2626 3739
9164 2524
6669 7439
9268 2623
3840 1571
9475 558
9830 752
5532 1589
6742 30
3119 4931
9389 6233
1515 6600
6418 8983
5248 7214
8330 377
9058 9937
6488 7624
3314 6294
7010 7438
4302 5809
9856 9488
8651 8667
888 4401
715 9042
680 1707
8039 7205
4223 6684
3954 3519
3423 6542
975 9118
9044 988
7571 1684
3607 1331
566 5801
6134 9627
9779 7209
1593 5780
8768 3312
3535 5530
6280 3129
4480 2524
8543 5876
7247 2529
9932 2545
1976 2149
9655 656
3531 477
1826 1168
4618 95
3573 9565
92 9318
110 9940
5427 3466
7376 2917
644 4368
9801 7674
8045 1148
8341 9
206 6755
2916 6993
1738 2785
6156 7962
7555 30
4304 5034
4924 6852
7251 5494
8461 3227
9726 2740
9071 502
1087 406
8455 9319
8235 1042
1260 6678
5301 8625
659 4359
2455 6408
4563 2189
4068 2340
32 827
9479 1683
193 8138
8102 8713
352 3142
9502 5450
9501 3861
806 3154
5469 9544
8268 7673
5462 6234
653 1788
4 1551
8140 6259
8230 3422
5819 6350
6073 2028
6076 4720
9436 4935
8531 5235
2071 7255
4123 7415
9446 1218
2030 8956
9465 5452
2885 3861
7901 5819
3927 1639
5002 4694
1070 6891
4990 3949
6559 9457
1287 6749
1603 6587
170 1612
495 9910
8577 7670
1054 1063
1578 2893
3897 4672
1799 2164
5618 6216
8957 1533
3102 6429
519 7727
2483 1278
1231 856
4237 2317
9933 5117
7768 8451
4557 1486
4922 5244
2019 7041
4508 4089
4295 3696
3875 1375
5218 4863
1314 1892
6151 92
1918 9586
6351 4965
7810 860
1903 5908
5733 749
4579 2786
4219 3470
9593 8859
7034 7309
1140 4767
7336 4142
2955 2424
2097 4710
5312 664
7699 9264
1198 3243
2834 4622
5423 1376
5817 6896
2097 1515
3639 227
3872 5046
3751 2978
7511 6635
1167 1936
2758 5796
1572 4485
2646 693
7672 5940
6031 9600
1047 2519
2862 2261
408 6690
314 1383
1909 1435
8068 7741
3315 8604
8292 7906
5356 3571
883 7266
3183 618
2612 5051
8708 1033
4390 6857
8707 4653
3067 7851
9482 793
7768 1817
9526 9776
3902 4789
8378 961
3132 9464
1914 9679
1807 7976
3244 6658
9006 8380
5665 370
5888 905
714 7216
9584 8215
1121 1915
3344 1074
9972 6848
9785 7304
2425 9398
7132 4139
6485 9609
6875 8190
4128 1989
805 9420
771 8439
4970 2713
9863 6843
6677 447
5056 6893
5820 2750
7294 4760
3062 4126
4841 4815
6284 5650
7495 1964
9926 864
7227 3121
78 5317
250 324
3173 6870
8848 6061
1987 8187
9244 9444
3088 5411
7524 9870
1486 1270
6186 2045
6412 2787
5678 6178
6664 8047
725 5596
9771 6216
2422 9403
5068 4011
3440 3363
9039 1510
4981 3565
2696 6678
1985 736
8955 2203
5234 1465
9452 8135
8049 1954
5540 8240
9363 3128
7023 3951
3387 4585
351 6132
9494 9951
5568 3660
1481 4423
9417 1436
2008 6282
1810 7419
3053 3260
307 5005
5746 344
6853 5540
2006 15
5586 4040
1910 8678
2939 9146
6769 6797
4526 3250
5861 5834
3849 8132
708 140
4841 7948
3058 376
2917 367
6473 8529
2400 9529
3705 8088
9086 1544
5271 305
9526 577
505 4574
7579 6398
442 5273
9700 2152
7458 1044
3824 9593
644 9176
413 7261
8994 1014
2221 5149
603 8686
8514 4431
4997 730
8952 5367
9515 6630
5191 8701
864 6000
1759 7564
6939 4358
7967 4718
1865 6734
1003 8771
9219 9942
2512 8391
851 5168
8547 6316
4847 695
3742 3986
52 5339
1278 8872
6486 1692
3064 1852
3293 6224
353 2273
2582 5560
6225 7838
1957 6801
5637 2517
7279 5977
6927 3370
990 531
9270 9826
1559 1003
8040 8768
1607 1422
6500 7514
2955 1420
7641 9996
2936 5514
6233 7824
4025 6555
9460 7
5159 8272
2669 6357
7379 9068
744 2482
3417 3010
8959 6255
8982 2130
5381 217
5845 2435
4849 5398
5990 9474
545 9297
6659 4028
2562 2942
830 9976
1230 8935
7298 5304
3906 8125
3127 2079
9419 6734
7028 6156
1409 4222
5641 7778
7578 3440
5551 2715
526 2492
5726 568
8122 2355
207 9146
4316 8010
2933 1934
5098 8796
1506 9651
2582 9618
1519 526
5437 272
2413 7551
4470 4636
439 1164
3960 1330
4506 8031
3012 5568
3128 3190
8204 2476
1127 3195
5693 3888
1245 3197
2351 3794
1441 4971
4016 3761
8855 6101
4289 8435
9014 8943
9795 2913
3669 5058
7523 3413
1029 2477
1286 960
1095 4011
3374 8503
2798 7135
6388 672
6646 8402
4552 5751
6547 7763
4227 221
9919 1731
9193 1909
4435 7640
304 3263
4574 624
2124 8084
7749 4204
4420 5018
4625 1284
3614 7414
3657 1099
2137 4962
7593 3865
7804 4790
6367 9405
6956 1358
9147 8239
9547 6608
5753 2906
8443 2829
2937 821
5364 2744
4685 8967
8499 9859
2718 5158
3862 5610
8145 479
5425 2262
8074 7233
93 5472
8601 7302
7625 6521
4396 7379
4187 2917
2165 8167
2064 7479
3470 9407
5852 326
5530 1717
9831 2802
3129 7807
4349 3074
7363 2326
4729 4948
8488 8806
6051 1493
2370 7610
2229 7794
5269 8979
5486 3100
6590 3846
5237 3156
5684 709
3946 5620
7483 2741
8846 9529
8626 3124
7464 4096
249 9148
4436 3316
2591 4620
7693 157
440 6279
2518 7914
4905 6377
1746 5231
5746 4323
1420 4082
2031 9047
3011 6023
2908 2931
835 2690
7706 2061
7533 1778
8863 5468
7520 7795
7442 2462
7817 2926
6160 207
6757 7832
1540 6618
9723 3734
6296 8628
4962 2103
3379 8733
3076 4782
4510 7290
8061 1780
7496 9382
9478 2368
7714 8568
331 7839
1138 8924
4786 5305
3577 5601
5982 4635
617 9461
8990 7021
782 1400
4822 7489
1887 3976
393 2906
5820 8078
4997 9684
1763 8886
4349 9309
3554 4897
4312 2468
9609 129
7633 7054
9203 215
3470 3198
5988 8940
2456 9663
890 843
9174 1862
683 6078
9500 3695
7155 943
2911 5470
9767 1409
1172 6236
2604 4385
8215 2762
9471 9781
7308 107
2957 5030
2339 7962
487 1648
9006 3372
7765 9597
8150 6941
4269 8191
7764 5718
1739 7416
5382 6891
1600 2207
9574 4455
6026 1371
5433 3502
5398 5148
7648 9727
1964 3056
2768 750
7617 9304
5194 1888
8506 9332
6168 6256
7922 8930
6906 2815
7824 5638
5928 5171
7708 5156
1906 9896
2085 9542
1431 6121
5293 8083
3161 9155
4393 2687
9557 2964
5307 383
4036 1325
9063 5474
4651 3537
5329 494
1694 9725
7991 5839
8591 4110
7114 5010
4602 1333
1845 4946
2635 8984
1025 8831
4847 8060
1797 4568
8077 839
6982 4711
3099 8177
1661 3517
2804 3795
8902 8758
8019 1800
4780 9397
7615 595
4099 1265
4750 2637
8889 7810
819 2344
2509 7407
6605 1116
9507 4262
4394 207
4028 4836
4610 218
9162 3218
6383 4439
5703 9952
3344 7892
8498 2547
8761 299
3002 7725
419 2816
6007 2565
6140 7296
9922 4380
7446 6772
8267 5945
799 4024
897 986
6784 713
4848 3721
4889 7505
6930 4364
1694 5769
5295 5010
9092 2039
4319 3669
5154 6142
9782 4459
8171 8044
8230 1682
4122 9367
9230 2131
7551 6762
4407 198
1125 8258
6156 4590
2968 814
5471 2263
7971 7022
7303 2758
5319 8107
6522 3697
319 8279
3359 4269
7731 3690
8242 376
181 7572
1655 9210
3998 7674
9656 7847
5232 47
1113 7029
2068 7359
9746 5425
2573 5869
7894 1890
3359 6277
1610 8191
5856 1114
1050 2185
421 9742
7111 8120
4171 6585
8380 7101
1376 9518
5044 2180
8413 2107
1653 8659
9975 5084
4721 1219
1166 535
9762 3829
4585 7304
415 1102
9429 1830
8802 5355
1378 8664
7941 8304
8090 2187
5216 6907
4789 1698
3387 6003
3645 4195
3560 966
3275 2489
4824 3071
3994 5754
5460 619
2911 5574
4328 7344
7258 2205
1709 6534
7268 3177
950 9489
1301 5121
7134 474
955 3422
6993 8265
1850 5565
6758 6707
9979 5534
790 7438
1952 318
506 6590
3029 4844
8144 2241
7507 6192
5960 4691
2327 6762
1066 8393
5183 1737
2504 1644
3751 5861
2532 6482
6258 535
6180 2477
4505 6417
5056 4622
8881 8171
9166 3729
588 2320
7770 3263
6901 8640
700 8240
7158 4567
5493 5096
8375 4691
954 2642
492 1891
9137 5441
2561 1130
9035 2136
1571 9108
9910 7607
4989 5047
7181 502
9797 9829
105 5542
5115 7315
2136 5125
7484 8620
2102 8278
1305 4849
224 5909
6147 787
7371 3391
3975 636
32 8817
4398 9619
4997 9566
8753 4465
5965 8488
2263 7073
2116 4486
9570 4236
5073 3101
5987 3436
766 7522
2131 4236
8925 2330
4462 2606
8421 8141
8761 7811
7910 4709
7320 521
9985 2705
1740 570
1659 629
2267 2866
7479 5631
1187 3571
1968 8246
1939 9615
1193 4673
1649 7532
2817 9187
223 11
4355 5296
146 7458
9005 593
7393 3837
3654 5661
3919 7261
1489 1964
8415 7053
3443 8804
4853 836
5531 2564
3575 5280
7138 8839
5614 6128
240 5517
6016 2846
1656 5310
851 2087
991 3476
3793 7680
7956 7841
7518 1150
4525 8875
8165 5716
5570 6632
9064 2227
2452 4771
3094 2191
1317 5626
8401 4095
3308 8028
9015 1606
7771 467
7626 8590
8355 3652
4481 8984
16 5254
8393 7789
5043 5821
1424 4215
2398 8580
2813 8334
531 1602
1217 9522
373 4403
8713 8552
5746 9221
3580 33
9239 8504
1385 2443
282 18
6951 4495
4935 4278
3831 1407
8245 4236
8242 128
904 9855
160 2082
4149 7381
1161 5572
6989 4253
5931 3740
8660 7341
4753 578
7851 8450
6479 8705
7895 4503
2941 6474
6705 3020
3405 2920
762 7051
4232 1394
8991 9838
3864 3082
413 6471
114 7861
3863 1188
3117 6533
3814 9659
1817 7137
6469 5665
544 3246
5501 2091
7354 6150
246 3346
4067 9485
8329 8134
9411 8215
3606 7472
3841 4636
4325 185
9472 1667
9555 6019
6820 8510
9599 8699
9510 4726
2592 7664
1893 6502
8180 9421
1362 4479
6313 8165
6102 9584
9074 2626
6198 9057
9755 7517
148 1769
770 1181
9033 4236
4929 2346
4545 9786
7461 5725
9083 9914
9945 2470
5607 7830
863 2125
555 2780
7102 4999
2025 503
3920 8718
5663 7680
4850 4446
5303 8885
6225 9909
4005 127
9821 5661
7181 9462
2446 482
3521 4521
1927 9890
8998 8264
8004 9317
7411 8617
7978 8453
2470 203
7405 1888
3832 2637
9235 6708
9461 6497
399 1567
1797 2163
4214 7798
8643 6594
1362 4025
6665 1988
4225 5688
5132 7848
2847 1293
3946 435
669 5444
7938 420
353 5321
9485 7706
9233 9480
3484 3996
9161 1514
3554 8025
1721 5394
8692 5231
5391 1103
9747 2734
9878 522
9082 6346
558 8686
4212 2437
5393 8183
4775 5384
2514 8023
876 2156
5837 4668
458 7631
1985 9652
2516 7674
5899 7930
1021 5644
1926 3611
7955 5384
236 3286
3872 965
3791 849
4252 7181
1667 3328
2707 1992
4113 6942
3162 4047
2760 3651
8424 2507
4057 6168
8747 3431
640 355
975 6839
1100 6213
1339 3296
9736 4769
3843 5905
5581 2734
1331 2183
6174 1035
7381 7475
5106 2380
3346 1287
1340 2474
2717 7410
2366 4229
6731 3081
4967 1683
6808 4222
5638 1333
4 6634
5707 4255
9764 5927
9423 4722
5374 3786
4952 5956
8738 7300
4322 8323
4278 4979
7758 3540
2288 6951
2013 1489
9303 6562
8304 4144
9026 7917
1750 186
3763 1840
447 248
7323 1054
7155 6150
8953 152
8975 9928
5633 7506
9380 5664
5796 4963
4815 2872
2440 1301
694 5342
1295 7931
1021 672
5705 2214
8561 7678
5488 8472
1331 3740
1681 9938
2529 9723
8526 750
1260 9387
7113 1635
4479 8428
9882 2933
4463 6734
3279 4604
6653 4240
8771 8299
359 9770
8273 7015
4256 7092
2560 4038
4424 1075
7804 844
1658 433
3026 7131
4940 2460
1049 3583
1449 4035
6956 6565
5871 28
4243 123
1192 5772
4893 7436
4081 4324
5153 9795
8148 100
607 1935
4518 8019
2242 651
3150 8170
6797 2287
1382 7657
7306 8412
9535 7525
7436 4659
9225 5431
317 2426
4668 9888
7694 4260
4943 3621
2701 6669
8378 6538
2197 8783
4238 4884
385 5952
5122 9552
852 2730
9254 1826
9705 2610
532 8535
7330 8541
1379 3773
495 6729
2150 1846
8947 2515
3281 4478
7741 9056
1253 5452
2468 9650
4509 6517
8682 5979
4820 7572
4622 4021
6776 8043
7515 2177
3759 3729
9398 6289
6036 7236
6733 5665
2360 5290
5813 964
1899 5397
5146 4495
3367 3402
9801 9892
722 3742
6319 2811
7505 8060
6734 5392
5447 9700
314 7841
7231 2352
2418 6303
1015 7651
7863 6626
7964 4834
7490 1515
1204 3797
4880 6927
4561 6742
1078 4722
1052 587
3289 208
1256 8437
2185 6152
7446 393
8218 3952
5858 9463
2929 9362
142 9998
4940 4061
4580 3116
5289 4686
530 2483
356 7293
2993 3230
1533 7885
5024 7795
7207 1933
8832 9544
83 5137
3454 5297
405 7077
2749 5392
8775 7144
6813 2701
543 417
1742 2869
7737 4093
5037 9673
3758 7690
1279 4234
6924 6943
6514 7410
8562 4432
1350 1681
2589 1260
2161 7444
4 3900
6687 1578
4235 4489
9020 4752
1853 2602
3225 2453
1340 6733
7060 5508
4523 6515
9455 7176
5512 38
6047 5139
4869 8168
8101 197
7270 6697
3987 1800
5130 4256
8888 6373
9785 3902
7012 6880
7642 7431
2010 2384
7832 4580
6744 3166
5668 471
9338 6913
2475 4354
2147 1374
7088 7889
5087 4447
6140 1046
888 4069
3598 6441
7161 9941
9416 9008
7435 4960
4716 6701
4452 4271
2189 2865
6934 5573
3197 5434
2307 2040
581 4151
8526 9291
7088 2855
8451 7422
6695 5661
9753 8995
661 9175
7195 6714
2472 4406
3628 7742
2017 9600
3548 2462
6165 6339
1170 4133
675 6708
8601 3312
8166 727
5556 2021
81 2176
1855 9051
9938 6409
789 431
3570 1700
2074 5225
8428 2157
4973 2021
7596 5201
8399 852
8452 8778
1703 6514
190 2387
5444 1408
3021 8486
3023 2939
162 3910
9966 4220
7412 184
6367 1624
4185 8411
4726 1777
5985 1286
2856 8959
9502 5052
3068 6461
5919 2515
1663 1367
9998 1338
2412 2669
5985 9917
5950 6069
2932 4479
3250 2675
8783 9174
2906 7176
3776 903
9455 3337
5011 466
1370 7222
8397 7928
5589 4759
6354 6110
7134 6198
3126 1954
8507 4858
7697 9198
7863 9016
4068 4345
9134 1698
6992 5516
3532 8460
8792 9699
4332 6463
4429 7586
7353 7209
3022 7574
2400 4920
254 6508
8572 378
7193 4915
8967 5969
2079 9892
1223 164
6775 9134
6460 9533
4837 7200
603 7596
8446 6544
1434 2694
8475 2520
8414 1695
5391 1193
7861 6745
5531 229
4583 6436
3621 150
7586 2443
2825 1975
3224 10
6879 6303
5997 3020
5482 1148
7117 8789
8382 4513
5780 1042
1147 1291
2675 335
4365 9157
2431 9716
1357 117
9449 7111
2529 7888
6787 6978
3573 8493
647 3920
6523 4197
2422 2956
1692 468
6619 8742
4301 1773
6560 492
8231 4387
4578 7994
8813 3483
7773 842
1454 631
836 4391
7415 9103
8028 3727
990 3958
5218 9980
5482 1586
8389 4871
2105 4490
6088 5571
3555 4640
6486 4272
5810 3365
9627 354
8584 6753
7303 2689
4439 6912
8119 8294
5567 9206
7407 9964
8474 6927
5763 1411
4722 7615
8750 9396
8217 8472
154 7676
4679 1126
2333 4948
8108 3691
6768 8522
6873 5991
7410 4745
9594 2033
2260 5262
1188 693
1059 7433
6064 328
1530 4855
8769 9170
2502 5814
8234 8283
6674 4984
4675 7516
2693 6768
3967 4422
9710 2103
2593 2882
1806 8450
6402 5363
5632 5897
6129 4236
2979 2192
6348 9231
8041 5654
3410 3229
6815 6003
3879 2555
6341 6887
5381 6021
379 888
1621 7966
1821 8261
4956 3471
8499 9233
1364 1757
5113 8988
2563 5107
867 2871
3745 9221
4150 3998
30 5535
2058 9642
9988 1121
2785 5993
8332 2135
1430 3664
3504 6289
4672 7129
2075 7486
7877 2271
7116 1300
1435 6206
6387 3025
2743 6162
7365 3974
136 5454
1903 4595
9166 8892
6619 469
2900 2431
9537 739
7543 6815
2353 2668
8005 850
3825 1147
3109 8084
1475 8046
1380 269
8638 2513
8830 1184
5410 2106
7545 9388
2887 9070
8977 9564
6225 3160
8947 975
4083 1723
3792 3933
3715 2073
4511 7078
6569 3379
2721 4191
5799 1493
1749 7529
9437 4705
6153 4972
900 3935
8710 3339
8803 2079
2590 1924
2117 5535
7722 9417
6402 6745
6535 7434
3882 306
5006 2430
5308 3567
3270 6624
749 8746
736 503
9031 3214
6961 216
8987 9123
2085 763
5112 8378
7132 3636
9232 6774
4411 8809
9381 9152
9293 1631
3375 62
9130 3035
918 1936
7155 9949
3640 1037
6479 89
1865 36
9437 4738
8377 6616
447 5064
2164 4617
4090 7657
7200 8918
3052 131
4406 727
5006 6741
1659 5099
642 8073
1104 2126
2620 8892
5222 4006
4431 4914
8472 3297
4056 7421
9337 6985
2143 5564
9168 2435
7107 4290
9580 5135
7430 1010
6015 9467
5407 9223
2581 6329
2921 3730
1445 1765
4404 5612
5892 403
9285 6747
292 6688
7632 6604
8283 4641
5317 1040
1837 3775
6259 4714
2903 4887
8909 7157
7191 2895
3559 7289
3624 6976
7263 1618
6696 4147
4895 8817
7225 880
803 754
5956 2585
9769 1926
5022 436
8297 7181
6573 8595
1021 261
9902 3895
6612 8494
8022 6480
7143 1112
9007 7322
270 4113
5058 5554
4427 7946
7549 3076
5345 896
7250 9081
3633 4575
6289 7067
6727 6240
9852 7525
1715 5432
3033 7170
2009 9436
102 8577
915 1794
8529 7197
1840 5540
3445 9916
2726 7109
9122 571
2559 760
1664 748
9538 5029
5892 8691
5900 6659
7066 9715
5369 998
5417 3351
3699 1660
9769 1076
7583 9696
8776 7132
7676 2604
5456 9305
6832 6498
8931 9375
5690 9186
8727 8473
1660 8238
6970 2112
4636 1964
7949 365
5013 5453
2137 4134
5837 6723
5262 1312
3557 4107
9767 9451
1634 1693
8180 770
9629 2255
7229 563
5676 1550
8571 7900
4783 4267
1925 2366
5760 4239
3150 9277
250 2971
6560 7379
5856 9625
5635 6753
6521 8114
3486 4358
7876 5481
3667 7925
8279 2472
534 1988
4151 4718
537 9268
1319 9614
6470 1886
8708 9334
8248 8471
1018 2986
4808 2907
536 6006
59 2183
6110 2980
6871 9508
5667 1330
5004 1970
2923 6509
9133 3106
9656 2117
1585 9082
541 7164
7131 3016
579 359
2777 8725
4296 2144
4613 6329
7485 4819
3046 6247
3485 9378
6372 7129
7175 480
6524 6278
8985 1127
1325 1438
9121 550
1571 7139
4993 3502
3344 6882
8070 4725
725 1410
6970 4433
2969 150
3643 3466
8756 3368
980 1612
1024 8659
5810 642
6539 3081
7773 4788
4217 1441
5756 7351
5117 4212
8729 6620
5474 8346
9703 2261
5203 6714
7434 3137
1699 9284
1737 2241
6453 4033
3661 8438
9215 1967
682 6142
4421 1372
868 4663
7275 249
4141 6246
3482 6689
4304 3579
5939 5362
2456 9932
6990 4913
2283 2708
8699 8806
8211 8944
957 7755
22 9675
2489 1167
5485 7458
3713 4842
5202 8461
3905 1931
6820 9040
7762 3357
6158 8098
1121 7558
4213 7229
249 6609
5269 9822
3879 5023
5044 6683
4575 456
883 5302
369 2446
3730 9477
2044 144
3124 3319
2518 3202
8169 8704
8321 7608
9415 1881
5026 2510
1712 5818
5858 4589
3962 1736
7561 1829
7128 9797
2045 7900
8410 4386
8432 4385
8261 244
5497 3230
3887 7804
1432 6503
472 1393
3610 7804
9791 9564
334 4173
9115 4568
513 3148
5797 7819
6511 3298
1436 2358
4533 3752
899 1397
7384 3593
7175 351
347 5142
7298 2240
9389 743
7916 5905
6138 4998
7269 793
7006 6989
7500 5124
4173 7167
9944 2105
5895 6417
8115 2033
2821 6889
6265 635
4815 7933
2986 4969
9218 8088
2849 6765
3257 3923
2256 543
7869 9908
4277 6800
3754 1519
4091 2187
4176 6761
3165 2819
304 2373
6891 6491
246 8349
1999 5951
9357 5196
1749 9681
1248 9444
3041 7770
1594 9454
3250 8658
9878 2765
9343 1801
6826 6304
2589 99
5388 8158
8713 4825
4238 2032
785 5299
687 8007
3797 5737
3048 9505
6592 9575
8401 1337
289 3984
979 5333
4305 5048
1300 8918
7506 9184
6529 3174
2568 9354
3022 7098
3804 54
9818 8595
7744 6441
8391 3814
2053 7270
2850 1736
3903 2875
4590 1184
9670 390
233 6582
2726 2189
8990 4397
1725 2109
8272 3061
3479 4037
1718 7367
8994 7318
2797 3968
314 1912
3860 6542
4664 7827
8136 3912
7124 9443
5767 9862
3285 3037
6451 8869
7788 3724
7012 4987
1464 1208
4809 6355
5451 7745
8613 6163
9859 4345
5337 3324
6964 9267
8993 9
6959 4957
7001 7102
1670 6170
7181 9831
9514 3875
590 8892
4900 9306
6202 7772
685 8151
7288 6867
1168 1851
583 9751
9803 3698
6768 8861
5613 2681
726 8507
6400 3118
7015 2702
8180 9338
57 5503
6463 1193
1783 3855
5931 5819
558 424
9453 3077
401 7964
4206 2043
1570 9186
213 7795
4281 8209
1519 4621
2785 8481
2753 4292
8064 2376
5222 4749
8457 604
4167 2
5310 3664
1919 4043
7267 3039
8451 3503
4596 5356
7182 5010
1405 5329
5313 7537
9916 699
8282 9890
6316 2605
9868 5030
5283 4292
7112 6022
7707 8241
