placement model: 1slider
width: 10
height: 10
number of points: 4000
9495 6134
8578 8919
7513 2772
4441 5873
3153 4982
3198 4629
8933 2640
8390 6504
8943 8207
1032 7083
6892 4439
5512 8183
9980 2060
1639 9868
2520 2614
9907 8690
7475 7129
6557 1384
1814 6915
5519 1065
5806 8703
9751 1592
6200 5478
7500 5311
3042 4663
5594 9742
1601 4293
7116 213
4399 9311
1054 8767
5166 5677
5817 7663
8407 3703
5126 2025
436 3022
2679 3738
8579 383
2927 9336
9506 555
995 6878
1893 5499
4728 7585
8018 8385
3160 9961
9524 2460
2810 821
4915 1383
1040 4497
8541 2589
6718 8611
2532 5683
2541 654
1080 3751
1141 338
5557 7036
196 5717
8878 43
5092 3532
311 5991
5563 5703
4136 1099
9807 4194
697 965
3631 2289
4626 9583
6463 7625
3131 5842
5944 7265
7924 7974
5152 779
8940 8117
1682 7377
4567 7068
6222 709
9253 6293
120 5327
2804 76
6163 990
9960 8876
4057 6494
4354 1598
6818 6386
1789 4400
8830 7558
874 6669
1763 2150
7704 2066
2187 497
3749 2134
8404 4561
7699 3030
7772 3568
9242 2762
7809 6859
2443 2687
2557 2306
5257 9764
3794 8037
4765 7948
3971 5583
8567 4777
3347 5909
9975 4866
144 1308
1230 4278
4150 9847
1888 3036
6562 3498
835 160
3452 2758
2918 2821
297 3961
6849 2907
1002 9873
2571 6946
8781 9031
2955 572
2315 2367
2130 2362
4311 1674
1196 473
4269 2071
8974 7229
927 593
3636 6710
5731 2669
2973 1034
797 7378
8613 1219
617 2655
6442 7047
3396 1727
192 8666
6895 4489
3809 4789
8149 6297
8113 5688
8864 5472
9225 3327
3941 8082
5974 9195
7691 8399
6225 5186
8564 910
5615 2921
7604 1499
3419 4280
3607 4818
7307 7811
741 1508
5434 7493
8971 6800
5125 2680
6420 5254
5022 2898
5317 8839
8889 4042
6072 6161
7650 9418
4982 9961
4503 1984
8891 7751
9033 5183
272 438
9625 5089
3356 4443
4896 9632
8815 4832
2442 1641
6467 3541
3878 6494
7188 429
7216 8731
2293 6744
8444 5757
8133 7248
9632 8464
2129 1463
7074 7784
3734 6694
8588 2300
3237 5304
3383 597
3479 3129
4101 1870
3348 3866
6150 9635
8455 3904
6942 2146
3422 605
2201 2345
3327 981
3771 6106
7972 4493
5331 7385
3802 6627
3412 6177
733 8807
3222 6379
1857 7508
4621 1040
6100 878
5157 9271
714 1325
934 1844
957 5119
1172 6113
2795 7747
7921 863
658 7201
7002 4555
2574 9599
5205 3489
1044 2400
6543 1447
320 2141
8615 8349
7055 595
2944 2405
9595 3970
2649 4042
4176 6947
9727 8121
302 341
1996 6710
2459 6123
5153 358
9577 4585
6298 8178
2424 2776
7749 61
7867 5326
1709 6516
4500 5226
6186 2304
6249 6654
1156 7729
2110 6611
1345 2346
1620 1185
1820 2512
533 6936
1885 1329
7793 7920
6018 7293
7361 3816
1846 9684
1899 3537
1420 1928
8389 5812
2814 478
3589 3060
7573 7802
6491 5195
1674 9913
1154 3845
9517 712
612 5846
8593 2680
9223 9239
5881 9962
3149 2560
8901 8742
1921 370
6277 7815
143 7624
9026 4054
471 1717
9349 6901
748 4394
8127 1490
3017 2118
8802 1492
6621 7690
2840 4269
7790 6671
5490 2742
3184 8973
7383 7133
9818 8959
3990 4308
1156 186
5395 2701
914 2641
3682 2351
2545 1499
3385 4964
3319 9375
7577 5113
8992 4217
1886 5574
758 5363
5442 9618
6258 7158
7371 5919
9647 147
1549 7501
5076 1824
9522 9364
3632 785
345 5266
8532 7551
4970 3470
4402 88
1736 8684
5143 3767
3182 1235
6528 8470
3929 406
4749 8193
3973 2977
5544 35
644 4061
6668 9327
5530 2062
4073 7802
6809 2787
611 7585
6663 8627
3337 6584
1293 3595
4986 3076
7318 2980
8394 2784
7915 748
5290 3711
1525 9292
8266 2976
5985 94
2381 2195
1501 7455
7820 8046
4331 9702
8896 1211
659 9212
7180 2623
1509 615
4213 9092
9053 9037
9035 9045
1375 8766
4044 5083
7959 7692
2154 5441
1237 1433
4345 2593
1356 1821
2801 1809
9121 8376
8795 8862
4612 4810
9315 3407
9567 2884
1463 5262
950 8976
1855 4363
9504 298
2109 7716
8543 4376
5136 128
5333 3009
7874 5484
6034 93
4643 6547
1103 5153
5484 5506
2997 5896
7997 6803
4811 8380
4230 1872
1079 1147
2122 6241
8897 4738
8413 278
8303 2896
96 3052
5494 5565
9350 4599
2225 5105
5131 7158
2121 7588
2270 1379
4190 9263
7050 6200
9294 7183
4445 4935
7884 4866
6350 1592
8237 9809
5157 7444
5389 6621
571 5062
9120 6799
640 4290
4163 5332
5538 5104
4691 4825
661 5024
2279 3198
9126 5843
9189 1333
3245 9190
9293 472
2711 1251
4264 6324
6350 8885
5670 6403
9471 5008
1012 2182
8655 6059
9129 6561
1667 6208
2029 4686
8149 5643
1539 761
3505 817
641 5495
4722 9620
7215 9798
2221 3321
7041 9843
6143 9914
9320 6360
9270 3145
6572 7234
7812 8410
3724 4093
8500 5074
9988 5564
1830 1517
3555 2677
2016 500
1522 9086
4607 4612
1737 361
3405 5243
4351 7050
5103 3537
6533 1169
2398 830
2421 8104
9907 651
5470 4627
4761 2242
6098 7341
4637 5556
474 7585
3400 4043
355 4090
1920 5480
126 4011
3719 6110
1574 9929
2737 2881
945 6880
7890 7282
5055 1482
7927 5000
3638 7027
4123 7943
8037 319
405 9041
7135 8512
4979 1188
5281 8543
2624 3049
2960 7827
8596 9925
6118 3075
4669 2893
9316 5329
6939 4024
465 2207
9609 1657
6934 9583
195 616
8421 1337
9462 8403
2129 2772
9643 5382
6254 840
9068 9612
9782 9297
1121 3999
4665 143
1188 5684
8862 5163
9659 6426
806 751
9309 8031
7079 8623
797 8849
4201 1352
922 420
8617 302
3711 6514
3032 4036
5374 4459
6974 66
9000 817
6479 2308
7550 7551
2547 3488
9780 6129
4993 8432
4973 4201
4698 2206
3632 8605
5527 4059
1633 5743
259 4928
9524 1033
6925 804
6282 3610
3939 2479
7202 6107
1228 4637
2836 7990
1541 4581
3258 4461
8791 548
3242 6881
2324 9455
6166 6017
1792 2871
8786 9431
8130 9075
3034 21
6653 3596
728 8478
9781 7379
7954 9332
7435 8714
2958 5660
8385 8802
3005 3687
8458 5377
9069 1968
225 2714
3460 400
8747 1027
9682 2302
4906 758
1263 9255
1065 7351
1305 2116
9899 9405
173 6316
8176 6263
2715 1733
639 5429
3505 9964
3608 5442
9014 6831
2068 6781
5312 1614
3691 8469
4570 4659
7667 9427
2026 3778
4014 81
6578 4323
2795 3851
48 8095
7084 4948
2265 1747
1282 8021
7573 5082
1149 6607
7837 307
7877 7633
6820 6267
1535 4328
7491 9360
8465 2682
5344 1314
6163 2492
4815 6810
8189 7528
9584 1671
2515 6830
7419 3131
6746 749
4174 5427
572 8300
9416 8126
1245 2182
3560 8181
7561 420
4610 7348
7091 8550
4006 3413
9453 7247
5825 9400
9395 860
1715 1821
8234 4995
7434 3112
2555 4050
4892 3606
3663 4847
9283 3964
3849 6433
9603 6497
1426 7784
8773 9968
6899 3443
3769 8453
9432 1714
712 1108
7316 1032
6930 751
1666 1091
938 5459
2135 8523
5440 2492
1009 6793
2788 8756
3755 2010
5594 6081
6669 5548
8789 9842
3124 6237
4584 8180
8594 9577
5034 1149
1481 5021
5859 4354
1065 6197
5204 336
9889 7182
6464 5845
8075 9020
9608 6671
6076 210
5342 1865
8739 9464
7713 4094
1876 5076
4666 7582
3322 3257
5575 5586
7294 2891
8816 8068
4730 9467
6929 8955
7065 3653
1389 9073
6009 9432
8580 9886
1671 3342
3169 2874
6715 4252
6432 6657
3814 1284
6499 7219
5537 1179
7552 3501
3547 6138
153 6327
8855 7602
2917 6859
853 4456
8569 1564
5509 1913
1632 3459
6080 4542
7249 1522
7571 8824
3880 9485
9585 8671
6007 5066
6258 6458
7667 3609
550 2909
4879 4918
9561 5225
7319 464
4139 9385
3922 8860
8351 1437
6771 4202
1204 8326
5733 6249
1147 6719
4286 6215
982 2438
3543 6118
3297 6635
133 2222
5947 6651
783 2593
4931 6555
8197 3996
332 3951
3956 9200
9051 6304
2680 2623
5908 2724
8839 5588
4920 102
6738 6571
8826 9426
5809 509
1572 1507
6467 6228
873 2085
8337 9911
1340 6575
980 6585
5762 7188
9983 3256
9773 49
3722 2419
6194 7682
7608 4488
5698 9093
1281 779
2984 2647
8114 7758
1228 1402
6920 7680
6708 8080
6030 5864
4213 591
7178 9910
3677 8319
7791 4103
4762 1438
1431 617
8010 277
1833 319
6232 9443
1729 2457
452 6015
2623 5580
3228 8630
1081 8283
2839 1994
9229 5675
4365 518
8305 1499
8532 4765
865 976
5858 1724
4253 2472
128 1324
1228 9627
9660 2030
3788 2118
2819 5172
4364 4823
4418 1233
7694 3114
107 2075
2238 5301
4260 9609
8000 7379
3721 5049
8419 415
7624 302
8851 7071
6553 1824
9596 7746
8234 6353
6390 860
3520 6877
3882 3490
871 3512
6 7854
6726 9779
7852 9294
8874 9513
9290 2102
4726 5147
9807 5827
3845 4914
6279 9999
2314 6278
2581 4438
6506 7454
1807 7763
8387 5745
1971 3425
3741 1809
6816 8712
8788 1015
3849 5780
5927 1200
2326 6862
1857 7134
772 4377
5691 9459
261 4025
1200 1262
1046 3462
9798 6555
3055 9083
2508 5699
708 6270
1004 5184
896 7808
5700 9060
8437 619
3079 8505
6025 4992
6022 8876
621 8523
2242 1821
4808 4238
1125 7631
1637 6043
6185 8748
6664 8578
3402 7056
1234 4934
6409 8914
963 620
8447 8532
3004 1170
885 8544
7980 6566
9899 6577
7890 3370
7676 6785
9558 5510
2783 3723
1225 9366
1380 7035
305 2860
6587 1468
5564 1339
4351 4380
2612 900
6036 7851
4924 3252
238 8603
3016 6282
822 2315
8082 8992
7753 3769
5494 3144
8937 1981
6185 5510
8820 8130
3141 1062
2434 960
448 6311
3288 1273
1040 9073
4443 8896
4439 8174
8935 5295
9472 5002
3458 6430
6244 1510
332 4958
9387 6251
9117 5462
5524 6333
8388 5135
3476 1686
6765 4267
8014 5140
4587 9955
8534 9923
8187 78
2980 989
577 1258
9614 9432
1753 4196
318 1075
9432 2282
1156 6042
3965 4593
7193 577
7504 5977
2475 7211
344 3485
3333 5513
883 6855
6795 7774
1889 8125
5434 6275
8979 2103
682 9859
143 9091
4982 9395
7449 6525
8736 9392
9779 5085
7206 8561
114 3477
9107 3629
52 1617
1730 7997
2766 8482
3318 3793
67 782
7601 2387
2043 4429
2347 3014
7402 8203
5197 5065
1621 7591
9188 8749
8810 4545
6576 6016
2044 4610
7847 8149
5957 188
7032 1264
9779 2898
491 8965
2822 7657
3984 5854
2511 4566
8069 2022
3948 4264
5839 3067
523 7870
3276 6084
9467 7157
2545 6031
8635 8347
8668 1472
116 970
107 5622
5683 7393
5989 8897
2167 7876
5252 9125
5187 6399
6034 6515
9640 8539
8964 7416
248 793
9243 8047
1362 9052
125 4029
9670 6196
4457 5679
2163 227
5740 9196
6956 3794
5489 4405
2572 8729
3236 4263
4881 7838
7328 9290
271 2086
2209 3192
7263 4282
7764 6409
6741 9266
6703 2259
9153 5277
1251 2474
2398 130
2004 7332
3459 6671
6952 1293
1277 1103
9924 4669
1965 5093
3120 419
4713 6751
7226 8371
714 3356
5614 3419
6100 5029
6405 270
4916 8451
1303 4288
5033 9802
710 479
4477 4674
1073 6279
1541 8352
6298 9449
8187 8523
3295 9443
2105 7893
255 9847
8511 1411
6672 751
8488 8218
5874 6719
8952 1301
5674 2722
9460 5923
5175 5694
5993 5271
3846 5622
5655 7583
7360 2126
2489 7977
9866 2014
156 7932
1951 542
9102 4525
6681 8828
5085 6687
9622 552
8550 9977
3428 1242
983 5098
7111 8097
1964 4639
9887 9537
8430 8921
331 9974
9610 4629
510 9043
774 9530
439 774
4992 3504
3853 3228
6302 310
9757 5916
1755 7092
1211 209
9994 7643
4335 299
3350 6399
5128 8462
7361 8280
2801 2517
6598 76
8721 691
7070 9156
2432 6467
3928 4386
9809 331
7933 8389
758 5852
3015 6468
3796 1988
2958 6907
7853 8955
567 8178
464 8865
8722 5747
3582 6960
8889 9555
3530 930
9708 8950
5818 7104
4833 3393
3787 2327
7601 8584
1215 9808
1523 1502
5650 1328
6280 628
1681 7457
702 9483
5980 8542
135 9518
2983 2689
8830 1161
4323 4561
5657 624
1340 6619
1720 2447
2513 6904
2766 7183
9381 1616
6801 8421
668 1433
347 9173
2883 6610
8099 5969
2519 7472
2728 7055
6615 4468
6009 9427
4041 5449
1265 3371
4317 2144
4532 6254
326 1702
6045 2206
6635 8260
4643 3901
120 8997
4536 6693
2489 9956
9719 151
1931 373
4288 36
8814 3005
797 8338
4446 2386
9214 6497
1692 5416
7707 5386
1474 4951
2442 7582
5282 3857
570 5192
6515 3563
232 1593
2815 1028
3525 7288
3173 3547
9053 8268
9382 346
4254 6300
3508 6986
5872 4537
6735 2270
269 7165
665 6980
2189 8880
7687 6700
1464 5078
3402 2492
7233 2228
7618 5733
6472 1036
6170 7856
3706 736
7076 1959
6617 4212
4503 8618
5852 6828
6608 980
1288 2759
1837 730
8186 4555
387 531
3733 5475
626 9261
8035 357
4136 5159
8175 7627
2600 1863
5714 5899
1166 2579
8634 2901
3503 3600
3570 7744
9676 1254
1916 366
3404 7886
6492 2547
648 7787
3230 9279
3223 1930
6185 698
8322 7084
843 9643
5335 1988
1013 3867
6984 421
9824 55
9397 2934
528 2120
5967 5690
3785 8059
3758 3452
4423 4495
4883 8297
7435 1214
3677 1763
1667 9512
2332 1913
6399 1655
1679 2853
8178 2934
3070 9736
4432 4206
4338 5175
3307 2170
3797 5400
1138 1666
2296 5678
4734 2286
1236 7177
5591 3616
2653 3704
6061 1255
9832 3458
5472 4059
5913 7565
4469 7314
3889 4755
7243 9979
2977 3321
4906 2110
2403 460
8664 3224
3437 976
185 1488
7396 2894
5407 169
6091 8565
3706 3359
1869 6371
955 7081
8333 523
9476 5796
4695 8835
8755 9708
6680 3877
4214 7092
3254 5312
3487 8504
3082 9452
9502 4243
4116 3940
1474 8150
6507 4014
4603 1113
3277 4448
2492 4030
9929 2737
4150 3824
8484 169
1640 7085
1459 4720
7588 9281
3566 270
5955 3982
3785 707
1835 747
8098 6647
5686 503
6974 40
328 5198
7537 8865
5644 3339
3669 6821
4855 3882
3667 2696
112 5278
8936 4235
7691 9474
5310 7713
3328 4939
831 6289
1300 1896
3573 3039
8515 1546
5979 4073
5282 4287
8357 2092
3936 7247
9416 8239
1777 9701
8240 7280
8708 3095
4334 2669
502 8833
9454 4569
3457 8946
7314 5090
5067 710
9781 9428
738 7580
5922 3502
7690 4979
56 2300
3696 5692
6625 9390
7404 4639
7990 6721
1383 3845
5095 1498
4122 3846
4442 2486
5027 6334
6298 9065
1747 9820
8814 4148
1911 8992
3235 121
451 5903
9467 4828
2966 5994
3565 5718
7170 5480
6673 5425
8718 6107
9226 7558
6076 7477
5218 3330
527 1721
6273 4120
8220 9925
4908 1535
2559 8295
6199 813
7938 5078
2593 6848
7610 4899
8284 1021
9599 3759
3931 1160
9449 8953
3806 7643
2485 5529
4399 2177
6239 4821
4729 7423
2258 1407
8982 9731
2092 2743
1301 5498
4819 1610
8247 9171
9915 7590
6050 6597
4392 1340
7502 7807
9004 6490
3668 1188
2326 2809
7574 1916
3254 5496
6204 6112
3374 2079
1998 65
2403 7535
3123 8174
1145 5742
6434 1637
9988 3656
6114 8777
8977 7313
9298 9438
5629 5480
7905 4385
1249 6158
4061 6752
2969 9575
6790 3453
4027 4552
4013 2403
8738 3162
174 226
3368 2433
3540 1366
3759 1338
8377 9539
5436 7525
5130 2905
5616 2524
8160 2969
4225 934
5601 4956
1456 7815
4577 255
8627 1200
6533 9037
89 1356
8018 2786
3522 5968
4669 6983
4742 8407
7694 194
4127 5155
2391 9595
4346 75
3014 709
603 8644
6651 2975
3934 1802
7662 697
6219 7952
4390 3212
5179 6019
6590 8103
2821 8342
9672 2489
1144 3062
5581 8731
9459 5570
642 2690
4382 8017
5224 9636
1807 5792
5053 5530
1274 4131
4984 4914
5614 213
4343 6470
4257 8891
3466 1555
7276 2420
5366 3477
8152 1609
2973 9201
595 5704
4512 5399
2954 209
499 1361
4423 8322
958 8086
9729 9117
8299 7833
8854 3880
4863 9463
5316 818
9037 686
9238 3162
3709 7730
9397 3284
4378 1085
1770 3378
344 2490
64 7408
6071 7562
4584 4872
477 1389
6335 1275
2472 9811
8734 2845
9971 2294
7474 5915
5683 9770
4192 3090
3001 5867
1658 267
6213 9123
4859 8888
6620 6959
2762 6940
85 4425
6822 5981
5660 5457
9215 1329
1914 2816
4109 4484
9066 8232
6431 7300
7818 6423
2093 4560
5179 7382
6458 9936
1234 8304
8388 1098
6542 5249
7629 2571
82 1910
9819 567
95 6837
8573 1261
1396 2289
2291 4372
2406 3454
6865 6441
5215 1118
291 4571
3932 4487
5747 2507
7788 9512
9426 7648
6288 3751
5994 439
8834 7303
6041 7206
6980 8592
4730 1858
4798 7200
8524 4511
3208 1510
3458 4342
9207 1790
3762 5959
5374 5611
6182 4522
7688 8267
9309 358
8407 316
2157 2226
6571 4041
660 4765
1625 542
3120 8619
2187 4251
7205 2755
5348 8188
8621 2337
1436 1753
8342 8298
3697 3693
2934 4125
4409 4169
7222 1902
3912 8210
2716 5427
8868 9559
537 8864
383 2426
5093 5497
7441 3452
9690 9589
3660 8218
5874 3401
9307 3972
39 2681
5173 6061
5045 4840
2414 9316
3968 9738
1977 3718
7923 5287
180 3452
7272 1840
1461 6622
9559 3105
5959 812
5026 7192
8351 2411
1950 7045
4234 4637
3285 1949
3281 7472
7388 5092
7419 2272
8008 6406
1550 2709
921 6049
278 1555
3045 3583
9021 6801
62 922
8134 5252
7008 4515
822 7826
1691 1749
7977 1082
5885 2366
9448 6359
5500 4687
2281 5712
3962 7379
9957 6662
2229 2554
7095 7837
211 1835
6657 1076
2766 4906
8391 4839
9572 5745
6131 4479
1309 6189
1521 9984
5573 8444
6470 1020
891 3915
4173 3470
4205 557
319 1378
758 4222
7401 3313
5960 296
494 6693
4516 709
4881 9513
1664 7263
8362 4347
8495 4830
4381 7532
7724 8646
9268 8687
2745 6302
6756 5480
2765 585
8716 5676
2037 659
282 9261
9245 2775
8138 9699
6677 1979
4987 6008
826 8793
5425 1721
2283 2458
1978 6876
8596 5881
1860 1446
7244 6686
5528 4773
6949 2751
2509 7133
9715 9980
3479 7061
8183 842
6891 352
1047 2425
3075 3813
3302 96
5799 1360
6044 7222
6768 7263
7051 83
5050 8719
662 4949
4526 5041
7985 3855
6552 9315
4590 6241
2432 4143
69 7169
8348 5807
2512 7093
9091 5216
6904 4415
9458 8632
7003 3097
5307 1227
5072 9054
6400 1662
3142 4383
1355 4842
222 2589
5247 4139
1771 1990
4400 2514
7000 9654
7022 3958
2131 7870
351 8123
1010 8976
2159 9498
7801 2200
8836 4504
7378 3942
7603 8371
7268 9746
5677 6714
5189 6024
1067 8276
865 8125
7254 2368
8319 4572
1362 1980
69 5063
3188 8251
4930 2190
4566 9624
3814 1171
9220 6862
7578 4144
4184 1028
3281 5925
5118 1040
4170 3850
3199 885
9938 6008
5682 162
2006 9889
1674 3708
2241 6020
3272 5175
6338 9296
8520 9162
2094 7797
6179 1565
3602 3172
3106 31
8430 2064
630 7139
7296 1037
8056 7636
7802 6846
7790 7261
3886 3947
4552 9092
138 8669
7964 3088
7041 5852
2909 7270
9998 3973
9209 8160
8919 2192
3094 8328
837 6442
3881 247
2102 9630
7747 9785
3175 9747
1641 7916
7225 1384
132 9179
336 6315
5567 9881
724 170
2954 3413
1216 7584
3715 8351
8380 4759
9752 3279
5463 2804
7240 5189
7468 4818
9207 9708
6595 3443
2756 4283
2242 549
145 8939
1095 5691
2904 1079
7896 8945
1436 3962
888 1262
7304 3889
5864 4556
4480 1757
8542 4733
7771 2662
5965 7821
5640 8853
1889 7997
8664 1363
6018 6256
8682 7283
4633 3445
8014 4376
4371 7348
3409 3598
7298 3627
5221 9098
1023 7034
9763 2763
8760 8046
5038 5401
3991 5308
3637 4074
5457 8783
2118 9978
3843 7072
632 8706
4290 8222
3525 2325
4824 4792
6413 1429
2908 544
3180 6515
5931 9245
1223 5874
1942 1901
5957 792
4331 6351
8623 985
6949 2150
9325 2912
7330 7243
4972 3982
5314 8263
6948 7541
2801 9439
4713 3095
8044 5048
6718 1120
2449 1209
6459 6766
8131 7938
2452 597
1239 5665
9768 5314
875 498
7241 4988
2922 3475
751 96
6279 2400
1000 5987
9923 5039
1736 177
9201 6187
3260 3292
2969 7893
3901 3990
5496 5325
3682 9826
6432 8619
7312 3017
3923 2755
9534 8797
8586 9203
5805 8049
6317 1733
178 6197
3940 2834
9736 8679
7491 3939
4865 5062
48 8172
735 6806
3033 5628
3065 8206
9844 5749
2866 388
8958 5955
4469 1126
9796 1505
8712 5846
9704 4992
363 6530
4903 1158
9041 6881
9314 6148
6483 6121
1483 2578
8758 8591
6997 3541
5744 9639
7987 3287
9158 9918
4600 2427
5969 4644
9230 6269
3424 156
1443 1157
6260 1624
4240 6905
3969 5908
8347 5559
5143 7535
6186 1751
2671 161
6254 88
7205 7021
6080 4397
6498 1824
1528 4972
5964 6374
8034 2554
4819 9161
3475 2679
10 5469
4200 5688
6664 3744
80 5388
3561 1572
2344 1572
8944 2260
277 6069
8568 4422
8536 1642
2931 9376
7017 3696
4232 8379
1461 6978
1555 9565
5101 7272
6856 9272
281 3937
6121 7638
5991 420
8336 7507
4138 2098
2621 4294
8767 3625
6019 8355
6065 740
6375 184
2580 2555
2042 9827
1318 628
3550 1317
4121 5573
1176 3395
7379 449
678 5466
6910 1360
6745 66
820 2189
1290 385
2236 6271
3258 3292
2492 9062
6177 3874
6534 6734
7042 1591
4090 7465
5690 76
1744 3719
7955 3878
6481 6578
7097 9137
5510 3050
2553 3608
6447 7712
2359 5790
7427 7407
5251 9836
4962 2688
3996 5265
792 5880
4971 4553
1904 4316
1107 7031
4232 1918
9765 102
8068 244
5582 6640
6823 211
8364 4831
1706 2759
4219 8284
766 6837
6013 9610
9713 707
3188 4532
2860 8663
7286 3803
5354 4831
3710 9469
882 3232
131 6151
5606 3635
354 3031
7880 3386
480 5051
460 7200
6309 1114
146 8398
5883 6522
816 1596
6325 9119
5203 5202
9323 5037
238 4524
7266 919
3492 4932
3105 4736
1187 7348
6509 9001
9495 4634
8993 2558
1374 5832
349 9137
2149 7765
3090 9101
8881 6387
8753 1807
4141 9726
2263 7443
9054 1525
9934 2447
9149 1178
9440 3791
6655 6587
1406 1534
3009 5496
6078 9180
404 2630
6032 6549
8856 6934
4677 76
5360 8340
780 1154
2991 8418
7255 4803
3159 4232
7954 4273
4786 5006
7359 1656
9679 8436
3519 7428
6146 3526
8051 9191
7006 9563
3517 2099
9940 6053
2353 8437
628 3556
634 1354
5356 408
1310 1588
6254 6997
9230 4910
1987 5470
9280 7556
948 9432
3997 6007
7985 948
5514 7405
4559 5681
2707 8658
619 3998
4538 8949
2816 3097
9488 4447
7969 4661
3390 2177
8116 6416
7645 4473
5156 9927
5285 3895
7469 8757
510 5769
4965 1154
7890 5461
1900 5711
5456 9908
1892 6882
1947 8227
2041 8796
3421 2289
2415 1509
6982 2128
8338 1155
2246 3051
8919 4937
8805 7851
6717 1111
9734 2411
6658 9459
8323 705
1912 5647
2706 7103
971 2167
7174 2844
8008 2282
9754 3010
4432 9632
4528 5940
2678 9747
1447 7107
3563 8132
2149 5607
749 3146
6772 4394
568 1371
6073 3410
8973 3296
5688 9024
8692 2213
3018 617
6692 2172
6273 6928
1550 7702
5066 2701
3446 3282
7699 286
3262 5459
2750 2587
4252 8964
8751 9844
4681 9615
8905 9731
6299 5075
4038 794
7150 7634
6940 2429
8584 3044
9339 2198
9372 2577
8814 3654
98 8211
5922 454
5579 6101
4616 7543
3469 8765
3450 5637
3106 5121
5986 6196
6732 5510
8828 6355
6172 7747
1261 398
8827 6069
1478 3778
1798 9060
4136 9030
3316 9320
4447 8585
2089 9702
3025 3010
6672 985
6101 5664
7775 7785
4782 540
3392 2112
5589 3604
6082 5999
1617 6479
9969 8196
7796 7375
5750 525
2299 5806
236 8950
9195 7026
7650 1290
2582 3891
1029 1664
5584 2953
4380 8748
711 9719
1842 962
8600 6660
9559 6266
9804 5739
7073 7279
3476 538
7612 9982
7966 6415
6287 1315
3116 3225
934 8612
8085 7714
8531 4946
898 8534
9876 9951
6433 2447
3651 4553
5652 1648
9845 7732
2330 9147
9030 986
9852 1633
5592 7271
9753 4363
183 1997
3779 3189
9899 7404
4899 5817
3969 4837
4710 1800
3747 3892
7370 3842
7024 2069
3089 7792
8104 6971
2989 4601
198 597
5688 1414
7861 5226
1067 8525
5911 3964
2520 5135
6204 3033
2241 8762
5392 4415
9648 6644
8278 2566
7889 3730
8472 2424
4505 1051
5010 9667
3480 6886
3588 1904
2075 4906
2168 7060
241 9596
4058 854
5133 5208
7914 547
2140 7376
1467 3536
3487 4610
6809 2917
5588 181
4256 4931
6711 8991
244 7990
8157 6360
6224 5407
5788 9105
1985 2646
8608 7172
7895 2028
6724 3498
8752 6070
1429 8896
9795 2535
1095 4529
2464 6220
772 7026
606 1452
6678 889
2190 8600
3800 4645
2332 7295
3472 2027
8565 4866
1428 8075
7602 7227
6744 846
112 1946
7125 941
4430 7431
4455 522
3305 3614
7449 9683
9136 7134
8220 3679
6508 4591
8299 8703
7608 4549
6263 8614
4776 1103
7724 6281
946 9736
8566 4763
3677 6356
7095 1178
1336 148
8445 7613
3448 2287
9531 5340
4143 6371
2559 3049
2652 8331
2971 3801
9717 1101
5210 6270
8151 4138
6192 3119
7381 4833
9799 4673
3070 1592
5569 334
807 747
4354 958
59 6388
9348 4599
8423 7813
5920 3401
9888 7937
5692 9045
5192 726
899 9708
328 2297
4165 2214
3013 85
680 4949
4043 4074
1836 7320
1681 4763
7220 693
5756 3944
4056 2567
901 2719
5279 156
1407 2211
276 775
6454 2452
9617 8555
2181 526
7350 380
5821 2102
8879 5534
4959 4143
2101 3203
3197 4718
2267 4602
7709 1110
102 2656
2926 5320
7246 6298
5649 6
7860 1329
7617 167
8069 5731
2 9567
6082 1417
6807 3783
6195 3591
4117 4538
9107 820
9514 4776
7367 9829
2048 3785
8512 2998
8324 2336
2439 7568
2335 9425
6579 3588
6178 2522
5557 6212
3500 7004
6438 1288
1623 3846
4912 7029
9820 3892
9291 4442
778 5734
7006 7419
9412 5742
3188 4516
4799 8003
373 6570
9489 2328
5262 5008
2917 4391
2720 3032
317 8811
3913 9389
4970 1115
1312 1195
5403 1885
34 4173
5694 8937
2901 292
2209 4151
8073 4514
1283 2109
7507 8829
7094 8712
7901 4249
8644 3648
1830 1271
8394 5403
395 5492
4493 8686
1543 4809
8883 4545
8789 123
4231 8658
5745 2887
2506 1752
3794 697
624 4943
347 6503
5259 9924
2037 248
7520 1284
6812 9616
3942 2256
9693 6334
208 2154
1324 4470
2777 7444
8408 7293
8651 2078
4774 5931
9810 4234
2178 9066
8964 6611
7200 5224
4580 907
7038 7395
4927 1927
1555 2373
2769 6025
6545 8073
6798 5562
8288 9439
2818 7224
6909 5070
9913 3878
9217 8483
928 5519
7559 7838
9832 515
2583 7536
9916 3890
2553 2504
3359 1407
9554 5947
3073 122
2297 6664
5707 5237
2660 2091
5930 7799
2829 8467
3547 6343
7724 3879
7822 9763
212 9725
607 3383
475 1513
983 7906
612 9512
1981 2351
3744 8359
1506 8454
1705 8071
2985 5100
4172 8705
8107 9550
5389 692
9248 4953
7397 1132
900 5110
6113 1398
3706 4548
7815 6103
4957 3825
3557 6695
2364 4610
1943 2879
7756 1465
6500 4331
5828 1354
2567 1950
2537 8524
3540 5572
9542 7
1237 3011
1632 7885
4028 6686
5707 4837
9554 5138
2655 556
9087 8314
1059 2672
9640 1870
2857 5507
2744 3346
9263 4665
224 6755
9457 1279
7776 3814
5053 2446
781 2476
9251 7007
6369 8878
734 3912
3611 7783
7344 6551
7992 3107
2254 9015
440 6377
6942 5561
8654 1549
7896 5324
1883 5485
6744 6223
5816 4127
5882 1258
160 4279
3929 7807
1770 3967
5469 261
6544 1667
2328 9211
6386 8645
2434 4962
8047 2301
8155 1515
4791 2855
1518 2904
751 4048
8611 9376
5840 2093
9204 2922
5734 7400
4029 7656
1499 1843
7267 4728
1218 4675
3897 6150
4666 2094
5582 3720
2217 6483
3983 1762
6722 438
9788 880
656 5841
5862 1562
4498 6395
5727 9396
4343 4279
6495 2525
7923 2084
6320 8170
8229 393
3574 2038
7417 5470
5677 6427
4204 5427
3875 642
7206 6746
4005 927
4934 8754
8496 6422
9236 1873
2174 127
659 7511
6108 3174
7938 392
1128 793
3587 7513
682 2672
4674 1295
9183 6396
8312 5187
4574 2604
9856 1856
5970 1967
1107 1937
2295 1335
3215 4005
8736 6916
8385 5328
1801 6031
285 520
3308 459
5429 5471
6725 5264
5786 4910
2667 8266
4001 7817
1826 9385
685 2422
2921 2925
5949 2061
1632 8460
1474 5231
5670 7182
4727 7009
3257 3622
2599 9271
1494 2628
145 571
9647 8032
3327 2342
6401 1284
9050 542
3489 2963
1083 2256
7353 8025
2086 4687
689 7513
1331 5041
9243 7297
8345 5066
646 2373
5065 8138
362 5587
1083 6912
9062 1909
1329 4189
5798 256
3915 265
4331 1605
270 6813
9883 5744
4546 7581
701 9726
2395 3884
7080 1671
3235 6887
2651 5589
9068 6380
6814 8690
3510 7498
4237 8716
6052 8868
1006 129
551 3893
3166 1890
7193 4593
7452 704
7048 2762
2832 7994
7465 3876
8283 2067
4670 2038
6598 5330
4665 9114
1199 1414
1587 8296
2487 9559
4548 2848
1769 8101
8041 1181
4701 8607
1334 6608
9151 9132
865 78
6756 1116
2260 8387
7075 1791
2360 1341
9237 6559
2938 8755
7658 6876
9768 7045
4034 1016
4366 7701
2133 6462
9996 9916
6905 4501
7187 3831
7823 9430
2275 8628
5584 7898
5875 8129
5160 8857
9939 9593
4875 2499
9059 7337
3354 8507
3294 8119
361 1296
948 4159
1459 3127
6537 5101
6291 3719
2702 6449
6728 364
3447 2759
4640 8348
1951 2250
1341 9069
3069 4665
981 5151
5010 9416
8137 6768
3056 6025
1098 7335
837 634
5584 8106
4911 3659
3631 4905
8337 7700
695 5079
7482 6636
3973 7614
9596 1441
9322 5661
6436 8170
6227 707
9266 970
6086 7385
3238 2018
2810 5067
396 6237
8056 2427
7676 8171
8378 8358
6920 503
4700 3361
3358 169
3595 2805
8352 894
9452 4187
1757 4859
8432 5871
5847 7436
3098 9064
5457 3187
8307 1851
9896 5952
9849 3242
8503 4025
4361 4129
6095 3018
8437 9817
1921 4819
6459 178
3244 3356
6219 9823
5514 1017
4428 5708
3326 2214
7951 4162
5337 2740
9079 3085
73 4986
8728 4761
7915 4694
2153 4833
3562 2421
7031 5451
6299 4569
646 8067
581 6720
713 5443
8904 7611
6126 3975
9524 5694
3005 8940
1223 3106
7078 4193
8429 2815
7724 376
250 4309
105 5166
5454 9466
4267 3078
263 2234
7819 1002
7160 8014
8076 6882
6132 1327
2615 8135
4194 3353
1097 9258
5525 1079
4731 2549
5020 9134
1709 9161
303 9393
6635 229
7425 3987
8049 8366
6242 3581
9672 3036
7455 1772
5785 6626
8506 7388
3269 2075
3841 6006
813 2678
6203 5522
7353 5201
1350 3313
4098 5303
9055 7494
6527 8651
920 72
8824 7452
8483 6755
1236 7304
6302 3943
6802 5169
2874 664
3972 5113
9957 8088
1425 410
9112 9102
1854 8275
7251 2035
5451 4230
3003 4919
4357 3373
574 2010
3855 8579
8492 6463
2642 9935
1852 1036
2689 886
647 831
6773 1019
7419 3894
7434 7489
8445 5027
3967 7589
5606 6130
423 830
2059 2364
1539 8856
1774 7036
8642 3762
2380 738
8419 9728
8520 362
2987 3127
9116 4158
6345 6777
7207 6496
6421 7081
537 1400
5014 4620
901 4532
4272 7873
2278 1042
6129 1741
8595 7991
4571 2641
4186 2712
2849 769
7179 3517
2739 9969
5523 8994
7088 3502
7634 6718
9659 5039
3713 7531
4230 7659
1772 6571
2268 965
8749 5088
636 6507
8404 1709
9905 9362
3719 808
5197 5358
9074 5929
9038 6195
644 99
6129 1547
6981 8274
1736 8940
3149 5456
6052 8255
6967 5422
2774 5690
9225 5679
7437 2103
1693 6598
1627 5962
4504 3310
8270 6075
1130 7537
8062 5815
9606 5632
3435 8954
3479 6721
1925 8140
8553 8375
2322 3798
3657 863
1726 1856
1233 715
4406 8645
2076 3691
3819 2354
2327 1827
3764 5063
3789 8403
8096 6285
3698 7675
3573 9163
3513 3257
1926 3076
5163 5571
4044 1337
5629 2819
1333 4566
7661 8517
2192 5048
1307 6822
3102 1154
6143 2943
9648 9798
4989 6780
5379 6645
3415 2761
4253 7369
8544 8926
4458 3533
928 4885
5387 9493
4604 1252
6605 4254
7196 8070
7396 9085
2998 1259
2389 7855
5607 4329
6296 1755
9841 6287
1138 4805
6233 3704
7280 2982
3072 3493
5783 2505
540 5524
9728 1221
7470 8499
1984 8202
1021 6832
5612 3601
2942 9819
2636 6057
6994 3170
5175 4714
9040 4348
5628 3455
9961 7226
4952 3188
174 6696
5354 9669
3034 8925
4813 2213
98 9443
5856 809
9832 4306
3072 8825
6229 8239
1032 620
3198 6644
9608 2168
3038 744
9869 5976
4013 2303
969 3797
8075 5013
2136 3073
985 8167
5913 9517
4214 1076
1411 9953
8626 8076
78 6926
9833 7783
5742 2284
1610 7455
787 4106
4773 656
6846 376
9907 1511
4305 209
3407 1390
229 1381
7113 8629
7100 3547
5756 3920
344 1672
6334 4525
4895 599
464 8040
3601 626
992 3169
1394 8383
4523 38
9637 8341
7559 6086
5648 3667
2171 189
1260 5248
2811 9774
4857 9954
1580 5
7678 1370
8741 4159
5686 2122
913 3514
3750 7906
5017 1220
8928 18
7629 9547
1495 4393
1414 8635
7982 1234
6753 7623
9034 9587
4588 4028
1020 5906
5432 7385
3587 7396
1302 6978
5311 8193
5823 2308
1367 3559
1625 127
115 752
92 2799
4514 3976
5450 546
8326 5978
1173 6993
1066 433
1013 8864
7103 8909
598 2689
9556 2885
355 1919
2477 8959
9595 9514
3594 8880
6499 113
6323 1520
9390 3504
8182 9280
4035 791
4690 4120
8123 4931
3906 1810
8098 7058
2532 8578
9626 1719
6387 5410
1163 6538
3585 8876
2064 9900
3241 7945
8834 2882
5599 5745
2052 8642
1102 9919
1154 881
9228 3412
9402 4010
3962 4836
5971 2021
4133 1674
7060 576
9394 3471
7169 7033
2362 4027
4969 2428
6612 3730
703 6855
3707 3799
6030 9334
1938 7455
2896 6275
209 4752
1762 506
6100 3731
8820 6715
3681 5368
7406 3251
7066 5943
9627 1691
8770 2240
6444 7481
181 6460
7479 4321
9756 4735
4789 8796
9335 6513
7025 3267
4289 6371
8567 6912
717 1965
3640 3645
2140 1808
718 9575
7846 357
5024 3144
299 9102
5822 2196
6747 1026
1545 1868
4570 1330
3250 9662
7631 1849
4849 395
140 8970
1389 5034
6994 1990
7106 4824
2788 7104
5392 9318
5551 6055
8009 3375
2915 5283
4256 8174
7479 706
1009 7043
2090 9674
1423 214
2901 8734
3005 2418
1772 7128
2722 8603
7475 4224
6373 2482
8919 4617
550 9130
699 6402
609 7283
2977 7037
3414 3372
1768 6088
3277 5883
2677 535
4286 5343
3955 3917
8920 1146
2275 880
3342 9239
197 3547
237 4811
4090 4383
2029 7316
6477 7092
7940 5442
7687 1596
5392 351
8883 6987
5739 8320
7114 8018
1099 8335
5437 8531
9439 6374
781 8401
6622 5414
9390 4379
1053 3802
2101 7673
6393 4797
5428 727
4519 5973
9052 4961
4355 9113
3594 7076
971 4475
9818 206
8434 2157
2101 8812
4831 8815
6123 2962
8858 4846
563 6137
4276 1951
2268 6154
1663 1558
5029 225
39 7927
5277 3952
2790 5369
4963 6294
3241 7216
1422 6613
4709 3131
7500 8681
3210 288
5119 1023
8437 5695
2570 9122
7690 9790
8394 1096
3633 7333
3274 1607
1961 1763
1875 3129
5522 1225
7861 459
5932 9775
2255 2789
8260 7661
12 1387
7442 1679
369 6869
3584 7880
1086 2097
8 43
552 10000
6773 5912
8430 5149
9054 3564
1165 481
3821 847
3649 3168
6745 1483
7289 8497
8259 6117
3245 4230
9956 6078
3323 78
873 3528
1184 1737
8321 9087
9855 6273
2779 8478
2997 7284
6296 2644
807 6728
5833 6784
4137 5043
8896 9792
9905 6802
8059 9131
6246 757
7828 1519
4283 6168
5369 3336
1643 3356
7055 8544
3457 2189
2646 432
7359 40
182 3343
9163 3237
1988 2960
114 6326
3237 1974
9763 6515
5084 9313
8347 5418
2717 4588
8692 6380
7888 7847
539 5432
2630 6509
1826 2907
5895 1498
6997 9547
5846 1495
9954 2384
6642 3164
46 8063
9654 5008
262 5027
6778 5216
2093 5875
1247 3245
3573 6254
9261 6808
7057 8336
4806 5811
5937 4641
2337 2757
2363 6896
8550 5780
1210 6782
5163 7162
1988 8625
9186 19
5338 6100
8317 3174
4157 4059
7417 9931
9481 7909
6640 2751
2721 6438
2674 5721
3904 1603
7606 3685
5648 8986
5995 2723
1581 6228
5165 2286
6748 4433
8558 5329
7734 4990
3145 9656
4410 5539
8158 3530
7193 5962
7103 8224
4273 1157
6887 5894
8599 775
514 4148
6168 5346
2701 5643
6947 5797
5860 2495
901 9370
7649 4537
1395 7998
302 5611
6644 7396
3696 2820
4865 2060
9609 9905
5193 7356
2392 1356
6974 4274
7474 2691
3439 2931
3664 4990
684 6802
7842 8100
5511 6849
7771 915
5471 784
1521 3868
7370 8889
6112 4998
3382 5738
2908 9182
8260 3385
6196 1454
6081 6418
1750 7317
889 1818
1153 9737
9119 2161
5441 6622
4480 5937
2454 546
8240 582
4194 9040
2742 9079
2422 5161
8095 6349
7853 2162
8064 3352
7625 350
2535 7867
8717 2299
2920 1817
309 9212
9841 6349
3717 1403
381 8933
6119 1126
7795 3353
6353 6220
75 6090
9218 7511
8988 819
3022 1338
3151 4580
8824 8055
1646 2831
8620 2570
9546 7544
2530 9516
2721 3691
6851 3166
2363 9081
9868 2762
4186 8627
9951 271
7973 2161
9399 6265
1236 4203
3125 6818
567 3543
6383 8408
3114 3500
3514 664
2882 754
9611 6153
7230 3371
7912 7550
9448 4529
7782 7269
736 4641
3669 4920
4653 5855
6140 3564
3995 9971
5355 7076
2554 713
7986 2375
4339 5204
9276 6993
2799 5243
1982 8814
2101 8266
5009 2335
3035 4046
9475 6520
2069 8350
8853 9888
8426 3492
6307 9771
3342 9987
9930 1990
6957 6405
168 764
3707 6217
8374 7635
6224 9826
432 3658
3252 5756
3698 8749
6135 773
158 7735
130 2020
9051 892
6565 5271
2317 3651
3282 1704
4824 5135
1399 7904
4008 2933
9370 2434
6030 1519
7566 6255
9884 7356
6716 8870
6199 4389
5626 9637
2005 1214
2844 9640
3142 2581
2204 9015
5735 4525
6332 9908
8646 525
8654 7783
5425 9093
9826 4363
4973 455
6232 2173
6769 4955
3365 6535
7651 1403
1120 7607
2417 330
1827 1694
6554 1803
7592 662
4800 1103
5133 3599
4905 3434
2889 8545
5420 7489
8076 1242
7081 3901
8851 4111
4595 4162
7164 8604
5621 7252
3508 9784
5071 6132
5605 6644
5315 8585
5485 7835
3658 7363
1720 2497
1536 3915
7659 745
4459 3134
6408 5903
9808 5474
1894 6327
4980 86
7071 6492
4733 6162
4009 8336
4025 7717
2969 2994
8455 1470
2776 512
2196 8520
6116 8103
4747 4915
1629 5789
3706 6362
9931 7361
3984 2717
9865 9654
2054 9048
884 2534
1313 8812
729 9171
8921 8284
5539 823
8312 3763
9604 8780
4631 1331
1570 5188
4072 8949
2110 5934
6397 655
5046 9180
3056 8898
1206 4807
7503 5259
2744 7293
3409 9875
1228 5522
6511 5460
2936 3615
9858 1410
93 2953
8029 4992
5659 282
8954 9880
2479 4844
3409 5977
7747 2343
2545 4547
9250 3505
8122 4076
9602 8926
3491 6132
8275 7173
5454 4737
6921 8717
2480 2507
2830 6677
3528 1372
5911 9429
4433 9715
4779 5238
8651 486
8440 7331
5506 6272
1366 4483
2161 5520
8134 5937
866 5333
1264 1531
3283 2958
9813 4188
2087 1505
5115 1142
6222 2785
2397 3847
1163 8524
990 8078
7751 380
6473 8001
8304 7283
4673 6580
7405 1785
8709 5777
8383 8331
4945 1054
2984 5712
8252 8631
5694 4606
3345 2227
8032 8707
9215 5627
1101 1330
1050 8726
1578 5822
3534 4118
8005 2387
2 6875
3782 7656
6746 700
3013 3754
7384 5163
5966 8191
1871 7764
2796 520
662 7342
8908 7608
2628 516
4823 984
7615 534
5644 9478
9237 5237
8887 4484
7957 4732
4113 9733
4243 6180
2715 2090
7798 4230
1385 715
4287 9355
2929 6712
3467 5822
4735 7366
3523 6542
8594 5620
1291 2723
2646 7000
3801 8741
517 5403
1664 1832
8170 946
6841 944
886 6213
7528 4288
6213 2590
9561 9939
6600 7635
1943 7591
9502 2659
9409 7332
6485 2231
93 1420
8403 597
990 880
8159 9414
2333 289
8207 9455
1753 4449
7535 1977
2921 8924
7715 3968
9841 1525
8462 2491
4160 7195
2305 1465
2594 5074
2930 9112
4545 6890
393 2402
1637 4226
3749 9392
4883 2030
4416 8853
6872 4711
1143 4326
375 3657
8398 5090
8460 9690
9226 43
4231 7256
6076 6782
1250 7954
1583 9518
3044 8995
5237 3483
7660 27
8297 2534
2868 685
8361 4717
6498 9453
7424 1630
1369 3770
7377 7252
9750 9152
4925 7437
6610 9877
1341 4696
2074 8279
3292 5132
4946 6101
9181 1595
4251 2898
6651 4440
339 4690
8297 9587
5631 8185
6488 8759
311 3820
2392 413
33 1217
9504 6820
1115 6757
5539 126
6961 9817
8896 141
1531 2004
7371 5326
4705 8527
1178 4121
5145 679
4466 6167
7605 4556
4394 4296
4658 9783
2283 759
6455 8285
4654 5255
9667 7912
5714 9673
6 9482
2719 9821
3851 6246
9866 3693
8616 4465
1064 6822
8949 5907
3481 2036
7364 4425
7515 5470
155 4544
2576 1639
1395 3966
719 864
7953 3448
8216 1225
336 7
3388 8825
9288 977
2524 3848
292 129
3409 6429
8186 8045
422 8361
5723 5248
2185 8802
9151 1097
3258 2896
5132 377
6387 1739
6914 8163
7585 2144
2236 1520
728 8367
4926 7708
5619 1306
6190 4030
490 9760
5129 9548
6207 8775
9183 2092
2176 9769
1506 1660
9028 1686
644 7319
199 2136
1991 5025
572 1449
1160 7399
5353 5314
5435 5829
715 7754
4080 5367
4993 127
7042 5689
4632 9562
3820 7520
5785 9569
6572 4639
3317 7872
9390 3130
5591 5069
2024 563
3339 664
4470 8424
1253 2892
3216 6440
9386 8377
6321 8209
9575 6520
4996 9178
1285 3574
7840 1118
4926 22
9170 6673
3221 9643
6596 3178
4613 9309
7413 8719
6624 1506
8853 5291
7284 5868
7820 2293
8604 5683
9769 9250
8199 4429
556 3691
4375 2982
3307 3963
5406 6087
7442 6403
5079 7476
5063 3014
7634 8387
267 6587
9388 9398
4967 533
2274 2002
4332 2986
9378 4757
5107 6953
5828 4310
7492 7818
6777 9642
2475 3873
5758 955
9494 6356
4143 6070
7370 2300
5963 2291
3364 4756
6479 5796
9805 1728
1984 4411
8090 3426
4402 1287
7583 7450
3042 8454
7104 9909
3739 7096
9738 9106
1041 7497
7492 1370
4462 3857
1171 3717
6626 3627
3074 3148
8758 2952
1757 7306
3741 8800
3325 5523
6067 5427
1343 7227
7564 8642
6565 8015
3847 260
6147 3342
1538 3204
9116 648
810 4035
1798 5871
2959 7009
2805 1645
1172 8982
1903 9034
8044 3145
2519 6965
2157 3298
1717 2730
5605 2665
7071 772
4692 5280
8955 6263
1061 5467
8188 2279
6474 3809
8648 827
999 4902
6982 2084
3392 823
7497 3828
7687 3805
7236 996
4188 9395
7632 5641
5435 7112
3689 9508
2624 6891
4506 273
5378 2742
4414 4049
6239 7261
7880 8383
3994 3440
7595 2445
1370 1396
3845 7450
634 62
2146 3916
2252 6945
9251 7524
8600 9150
3797 5116
4291 435
6018 4912
1223 7075
7811 4923
4857 5396
2826 9532
7286 4268
3182 5003
1168 4865
6883 2235
7011 4816
3536 2631
6908 6278
577 1354
9771 9667
8609 8556
2988 4572
2695 7575
4169 5801
9610 404
4520 9962
3148 6052
6578 1128
4077 1651
9590 5659
9669 4407
6647 5000
1479 9433
4700 2584
8865 2967
4014 2923
8484 7486
389 4086
4720 6158
5429 7844
495 1880
5029 1770
3455 1785
8560 5853
2762 1860
6963 3447
6014 5464
9470 6993
2219 761
7057 7221
4946 2790
688 2138
1907 8320
6654 4984
7541 9956
9751 5658
1543 5880
6914 3826
799 146
2122 3509
3036 6835
6307 9633
5785 9493
1888 5254
7987 8782
7364 9970
7641 3014
7015 8463
109 5603
1869 8879
7660 5247
3299 2161
4348 9460
1467 9739
5326 4865
9046 336
5381 7073
7242 8186
3605 3330
8484 7127
1973 5395
8834 9304
2086 1688
1586 8674
8416 6487
8814 8680
9612 1274
5562 7395
3504 727
8989 5449
4556 421
5472 6479
7066 1452
3214 9782
369 908
9316 2114
6094 6200
8100 74
3238 1232
7761 2545
2808 8540
1534 6838
2401 837
4280 4247
3555 8914
3506 4679
4737 8464
2272 4227
6347 5772
221 7998
8334 6898
8919 1088
4240 977
5776 6059
4057 4424
6229 5008
6630 5160
6291 6613
9249 7148
2533 5159
7351 7859
930 3192
3688 4926
3399 2996
9629 4987
277 2927
893 8585
4698 4267
965 404
5621 2945
8755 5502
9602 7606
4404 222
127 4390
1001 6417
4299 6044
3762 7886
9154 8019
3260 1871
7505 6515
5574 1669
3369 8548
6042 9698
5322 4405
8969 7867
4111 5651
1262 9592
5801 6496
6795 2227
6247 9519
3553 5636
6653 7133
7568 2249
9025 8984
1106 292
8615 3110
5456 336
9081 6479
4530 2872
322 8252
5755 5407
6841 6189
137 883
1779 8356
974 8901
1111 7842
6668 5267
7442 895
5262 6397
40 4690
107 1240
6795 7094
8442 8760
8693 4626
7149 6322
7544 2429
2739 5718
9294 8025
7858 46
7656 4206
3998 8825
95 8847
1924 6157
3257 2583
7456 6309
2981 6714
302 92
4156 3177
2895 9890
2492 5645
4769 1246
9459 1000
6621 6734
1549 117
4453 4344
309 3391
4217 472
734 7741
1684 6133
3078 4411
6313 6202
7867 1545
8506 1675
5619 6093
4087 9245
6502 8996
347 7477
1241 7117
453 945
6881 4853
