placement model: 1slider
width: 10
height: 10
number of points: 2000
5584 2574
4223 3432
5269 4438
3856 1709
8818 7850
7325 6815
5932 8813
6500 5825
7444 714
1979 6524
9327 3200
8641 3864
3921 1347
2596 850
4294 8631
5727 7685
2577 9345
7859 2699
5854 6679
1979 4160
1073 5325
3416 913
167 8768
735 6197
7251 7465
7509 4803
6277 939
9079 9221
8302 1071
414 3178
9566 9510
6510 7800
2671 6954
8307 6465
5002 3281
6299 3494
1714 7033
8452 3276
229 7914
4995 6283
9138 6982
8532 4539
4817 9791
9043 3734
7059 8530
9423 62
3769 8203
6306 6329
4674 3608
5541 9035
5672 1031
6571 6213
6633 8763
3480 5546
9558 6568
5288 7643
876 9147
5278 2368
4854 3685
9148 8513
6785 9602
6678 4206
385 7890
7413 7595
3069 9181
4362 6949
4690 481
1378 6569
6097 9387
8819 2940
5034 3836
5282 5330
6415 6570
2689 1393
4771 8595
8401 9332
3848 2814
7425 5893
8300 7273
6174 2542
7632 680
6698 2722
8670 257
7995 8673
7583 2257
9551 7818
3928 8982
5027 1356
6013 3706
4192 4451
5763 9201
2279 455
7610 4575
3238 5694
3460 6133
4906 1343
738 340
7147 6737
8554 3729
842 1648
4225 3412
8998 982
6258 9959
7098 8668
9243 3288
3362 4106
2818 6837
248 1643
8548 7567
8802 8729
1313 4651
1849 6232
2751 2592
4802 1168
8724 7085
5741 9473
1928 1236
7463 6489
7393 3166
898 8187
1664 6687
1420 6526
7252 8560
9739 9255
7316 4439
3975 7338
4375 6500
4763 983
8641 392
1312 3650
7911 807
4598 7279
6929 871
2496 6243
6038 5393
1111 4076
8735 2844
6154 8508
7248 5165
6227 2781
5938 2598
6761 6907
6421 7721
9215 7311
6910 8677
3072 7029
7894 6735
7631 89
2778 3516
8343 8515
6466 7246
1655 4859
9891 5289
5988 4444
8147 6639
5809 2171
3516 130
5575 3837
1603 366
7936 2272
7279 8952
6935 1204
6052 6925
4431 7572
1423 9635
548 3999
1757 4834
1456 9443
9228 2425
8841 5781
3964 708
634 8759
7056 9687
3324 593
7291 2650
2635 6841
3346 4893
7879 7006
2859 2940
5464 4446
5322 5998
1614 3305
1853 9207
3279 4693
9008 3269
1638 7271
8670 2549
2166 833
6073 6610
7693 9949
4584 1036
4757 3445
1382 5091
1712 9548
7475 3698
158 6207
3832 6712
4291 1593
4498 2958
957 3068
2654 6177
2224 1671
5427 7986
1976 5149
6838 906
6288 8487
4340 6523
6843 1635
5244 9228
3111 7263
3246 2561
3065 3693
7289 9868
2729 5377
3215 6182
540 1414
6204 5108
190 5064
8568 5577
2566 5290
4933 888
9079 5600
6912 6129
4269 2381
2701 7572
8673 1803
6423 3452
3528 509
7010 102
4917 8082
3874 654
7721 9715
7837 47
3121 6330
4941 6809
7053 8227
5434 4790
7458 6269
1397 3861
7185 7580
4918 1873
7206 8384
7178 1165
3982 4713
5101 4542
3368 8542
818 3294
6574 1142
605 9316
6290 7513
7528 2063
1020 3921
9801 1782
5806 8739
5497 1232
8550 8169
6555 4681
1512 8227
952 888
6347 5091
5396 3159
8111 3855
6112 5034
3197 1251
3468 9265
1016 9848
9250 4000
9233 7535
7441 6571
1323 3441
2001 7339
2549 5671
3966 8887
737 2890
2006 1798
6926 988
9103 2897
4223 347
3670 8711
1083 1017
5010 974
2876 1515
7515 2652
3785 9589
373 3586
3743 2109
8097 1016
1653 8661
1119 5281
1795 4353
4487 143
309 636
8492 3991
565 2544
8664 4164
6393 6100
9371 9362
75 7054
7701 6376
8378 6296
5006 8148
164 155
5075 7815
3398 2553
6689 2713
7806 6071
7033 6179
1988 8398
3249 86
4020 3019
8656 4671
4517 3607
8763 7064
1013 5986
8040 113
4752 4938
6758 9452
5397 4298
5152 5168
3457 1413
1864 3072
5526 8966
4651 7820
8859 700
4069 323
2694 597
1723 8103
1093 7816
4976 1992
8736 9867
3199 3252
1306 7594
3206 5793
5375 8644
9202 7715
9377 1896
4337 1308
1356 3544
9832 1460
2124 6650
6317 2507
9557 93
8394 7220
794 1340
1149 2238
7647 7061
6004 2788
4561 7460
4697 9176
4778 98
1409 9671
5746 3053
3631 5175
8091 3373
9009 1902
5403 6575
5517 568
7088 3075
8401 4345
3708 873
6426 451
7846 581
9798 2700
3202 9737
1304 3918
979 4325
3389 5046
3550 6334
4170 7743
6846 4221
4962 2601
8761 511
4268 1893
4436 8600
1695 2689
9992 3073
6434 5865
1623 9901
1337 6827
7997 6905
856 7956
101 4470
4017 7657
8231 7267
3853 5358
9846 3498
2791 7079
7990 541
6584 1866
2530 3439
8942 6930
9451 2897
7292 515
7646 5524
7261 4570
2678 5826
2337 7410
7569 6615
9377 9111
380 2197
60 2007
6207 8808
2017 5033
1932 3120
4806 2213
6524 4144
5888 2186
8841 7743
4378 7761
3450 3133
3538 1147
6873 8149
9289 4123
5459 9704
3918 1219
9432 9692
2369 9064
9296 4924
2376 5034
1485 8399
8878 1201
3740 8775
860 5773
6422 10000
1972 1313
7325 7086
8426 6175
3340 5295
4739 9006
2386 9629
5949 5836
6024 5761
1807 9623
7142 7491
7693 3923
6919 8034
8409 6242
1473 1381
6293 6681
8927 6054
3107 8043
7252 7334
9512 857
4372 104
823 7601
9786 691
1614 978
8400 2169
8968 7434
5570 3049
7783 1780
1142 9372
5011 8880
7123 1109
6474 2455
2959 465
8052 1511
9565 2508
8631 9303
1988 9076
6737 4216
5005 6048
5977 3540
7830 2282
9804 2406
3701 7201
1757 1322
838 4352
8896 3628
2776 4333
9653 1974
6490 4884
3729 7877
8998 422
1747 683
5602 216
1141 3769
4347 4881
178 3903
4838 5269
7859 6483
117 4869
2831 8302
4851 4635
2684 6476
5585 5119
1165 297
2330 4407
8401 4683
8946 8791
5826 1612
8466 9955
2482 745
1458 9886
3471 2428
3747 5180
9792 5634
2265 8016
2263 8912
9766 8347
5235 1299
1063 4948
6367 5627
8955 3431
1774 1722
1360 3974
8552 2062
9540 7530
93 5626
5440 431
5771 217
2128 8504
4929 3707
2962 4444
2855 5956
9062 4781
402 3690
9301 5074
2086 1711
126 3059
3078 6301
9195 762
4314 6746
7097 7151
9552 5377
5449 2959
7249 257
8243 1912
345 7728
4078 3501
9162 9618
6792 3714
6985 5948
7105 7154
8727 3573
275 2136
4067 3397
6807 9907
8818 113
8570 3110
7536 730
442 4469
5537 8750
2086 744
7955 6263
2676 992
6790 2312
5004 4852
8213 1689
2509 7255
7006 8630
643 8809
1105 1325
621 4670
7435 8574
4439 8947
9982 6334
8779 5732
686 5316
8412 2709
1598 1325
9364 2672
7213 7002
2782 2730
2519 7187
9801 6849
782 5416
9417 7529
3672 1490
8691 9162
9559 9725
4790 8765
2592 4271
8846 8648
8662 7267
8748 6705
5650 5917
1553 9329
2428 2506
3000 7759
8588 6925
183 9888
2552 8954
8316 4821
2133 6920
4665 9431
3576 8824
2918 8273
3172 7091
7525 7379
9756 1710
7755 1158
3484 8635
8251 8853
6620 4666
9881 4818
6822 8660
1126 9154
9894 5800
8692 4909
7097 1178
6251 2429
6805 4293
1309 4499
1392 7523
9547 2791
8042 6683
9063 4673
5367 307
4921 8289
1263 2960
5014 1744
1891 234
5494 3132
8308 8121
901 6547
8179 2838
2976 8447
960 7127
5247 1610
1654 1117
417 2376
2349 6199
2377 4058
9679 6361
1600 9227
383 3427
2154 8892
2883 8020
8898 1122
2715 895
1626 802
2834 9673
3963 3125
4704 8163
1025 1698
1263 3126
5731 5758
3954 8703
7486 5878
7999 3636
6667 5791
4184 5406
8162 986
2769 9839
4805 4400
5944 8119
3518 4333
6171 2845
182 6078
7200 2430
7336 121
6549 492
1548 9996
9872 4120
9094 520
5006 4935
9243 8374
9654 9174
9714 7159
1838 7106
1912 355
2693 5175
3851 4926
2228 2444
6696 6319
89 2177
9456 2775
8143 7297
6792 6881
1009 3578
2575 4625
8790 8248
6243 9641
2426 6685
6234 793
2568 4266
5935 6531
2745 5618
7478 2283
3667 7133
8787 7190
9948 8212
8417 4758
1791 3493
2054 6212
451 6068
5353 8018
4893 7621
7661 6248
976 3170
261 2774
2935 6725
5557 5311
7408 7794
1471 7677
7375 8393
1970 2028
6113 5160
4304 7150
729 9409
2190 6712
9118 1623
5961 5561
8515 7596
1905 1215
6066 3189
3859 6937
5809 3987
794 1344
9736 5959
2324 9533
1024 2298
1833 652
8303 4972
9912 5459
1519 4842
6913 4820
6974 1875
7461 6513
1893 9940
1525 2333
9029 4700
3284 6506
5999 6075
8212 65
8876 8471
4084 8486
5951 4787
3045 1561
2017 4937
3157 434
3017 6038
2569 366
1145 9908
8257 2554
3317 8474
4676 9191
4972 1200
3865 4503
7074 5566
6382 4444
2286 2382
9828 305
7218 2475
9163 3856
4301 2778
5102 1082
2414 9412
473 2230
850 391
5108 9040
915 8550
3259 2508
3129 7004
4367 1855
7654 4591
5952 4571
1384 599
502 9214
1910 3828
9834 5030
4131 7820
5181 7444
6442 9184
3419 7165
9326 5122
1653 2125
4767 9812
7670 3939
8958 146
5614 4305
579 9949
3498 647
1408 1611
609 5756
7425 5305
2006 3729
7217 8405
2780 3711
6151 3896
513 7919
230 7148
3166 2728
9648 1581
6353 6924
1530 6909
8051 7106
8490 8253
9949 5866
7370 2690
1175 1460
1700 1757
8107 8281
9226 8144
4436 7015
9748 5719
7692 4311
6664 816
7614 476
6922 2364
6308 2702
5836 2738
5670 1281
8476 7806
7023 2230
3385 5182
8337 553
5430 3423
5677 4300
4014 8171
1413 3958
562 4490
8544 908
204 8688
6863 8660
161 5377
8618 2704
8334 5766
9664 258
450 9729
6267 7471
9267 8579
5986 15
5806 4344
899 2512
7809 8653
7879 4095
1630 7625
9570 1978
190 1599
5527 4441
8470 2680
2889 7115
9231 4232
9214 7681
3744 5466
5852 9250
3759 5958
8118 398
8822 6401
4310 70
5167 3164
4800 1138
880 9027
4627 5912
183 175
1194 7097
9537 7668
3715 1211
4781 9812
9111 9988
5553 1742
5112 8296
2190 551
539 7351
1278 8249
7284 9891
9296 3166
3946 4229
946 6971
2816 318
9513 7363
573 588
8533 9641
5559 3857
8270 6323
2237 9030
4254 1930
3135 1206
8718 8022
6634 8236
8354 101
3230 2953
3826 9555
2911 5318
263 3899
615 410
8437 9744
1583 1155
693 6494
4954 6961
6319 3201
3013 8473
6886 7308
9374 9152
919 4231
2729 477
249 6142
6997 7750
6613 8800
981 6750
1005 6898
6535 1258
5189 1549
8466 1371
2731 3972
9608 7510
2492 8749
3097 4729
1222 321
5563 4635
9055 8726
5000 6049
3403 9422
4442 8385
9040 5734
9009 7802
1008 9020
2992 3358
5294 4396
3913 8050
66 3229
3203 8982
9955 1665
423 3340
1537 6297
5584 1535
4835 8206
1555 302
3358 6052
9807 9456
2406 659
5910 2491
4479 7383
2400 7482
1832 784
2877 9680
2619 4684
7173 3714
6143 1240
4505 1513
9448 5811
5394 3441
5936 5822
4631 6529
6694 8512
8240 3294
2716 1030
9823 4688
9158 4208
4637 2296
4964 9531
1493 2923
9980 5196
5185 3589
1727 9890
2834 7143
5311 6643
3475 8022
1603 5235
8933 6686
9948 8815
5925 7288
957 6314
6093 3182
886 1592
6712 8915
143 6344
2611 8854
9200 4579
31 8440
5107 7232
1860 9272
4031 2554
7805 6180
6415 374
3782 7380
7247 6911
9051 5775
3141 4107
4616 1242
3523 8875
2497 3572
8281 7423
7837 5989
722 4847
2102 3395
5022 9426
9355 1758
8205 8107
1289 2863
5353 4437
9137 9766
3268 2911
5864 6179
4803 3701
2381 1662
6964 9148
6738 3019
8713 5062
5303 5709
8192 4148
3066 3650
7808 1850
70 375
616 9895
3758 1634
575 9244
4292 5613
5078 6491
8697 4547
9845 4587
3501 9154
7201 2783
4684 2866
3806 3586
946 1736
3918 899
934 5415
1546 1585
4935 3678
5268 1989
1225 9700
3737 1091
9462 3621
9706 2503
5559 1928
6345 7478
9606 2225
264 4150
686 5813
5214 9562
3286 8373
4292 28
7903 5308
9708 7115
199 96
9845 8462
6726 331
7839 687
4137 6679
6514 9742
1963 2316
2238 6880
1004 5296
5667 2874
5223 1797
7798 7918
3506 8301
9787 4761
340 3617
6110 4674
165 1104
7791 4459
1737 951
8583 7127
5114 8635
6440 9641
1376 6866
5227 9325
6795 8293
777 8742
568 9805
4545 497
9526 1780
9191 1012
464 5433
3008 2608
2833 3856
3887 7495
2605 5429
9459 8490
9936 8296
2793 7808
4325 4603
2459 660
6180 6688
7097 4883
3612 2061
1753 5910
5769 1269
3543 7714
5915 5837
9721 5270
5841 5926
7989 1377
4006 8620
2212 233
8797 2115
2705 4496
7792 809
8221 8030
612 8396
4012 7092
4368 9817
5825 756
5630 1372
454 5293
9083 3559
4498 5690
1849 4897
5378 7343
8756 653
8131 2904
2918 2402
4055 1487
5607 5046
9186 363
8714 3575
9000 2473
5612 4716
6 8871
4333 9002
7329 7522
4755 1828
8522 7352
7995 2453
137 3587
4501 6194
1215 5569
964 8433
7623 5147
4282 4726
2201 8560
4972 5165
4851 3380
1061 7290
6954 5936
3689 8084
8913 9795
8576 4416
4064 8870
2559 7288
3411 8893
3795 4070
5874 5067
4870 495
6976 7568
3140 5241
9804 6086
1368 5476
7683 7353
4157 5422
7280 3102
1258 1885
7705 6970
4559 7874
2299 2311
398 9860
3432 5232
7693 7674
7986 8359
7646 7944
8625 2507
6912 5435
2483 7327
392 4902
4865 6371
8830 2871
2893 9935
2730 7128
967 144
7004 5604
5333 1303
151 1702
1317 1976
8416 5060
8635 3265
2297 6026
1937 7136
1559 7726
831 9407
6456 7823
5673 7386
6921 1358
516 5937
1305 8684
8804 8254
6469 646
5538 2272
5259 7135
9141 3044
48 5063
5668 8788
2061 7210
1360 4342
7821 567
3087 9669
4365 7375
4479 2673
8803 695
6032 3144
3062 7641
4599 2246
7366 5703
8087 6789
596 8949
1812 9350
4583 5034
474 1014
2560 7832
7454 6023
6956 4625
9383 8357
8668 8782
2251 1404
8873 2690
8218 6010
6962 8943
952 5334
3290 7524
9637 4673
7307 623
5429 3250
6786 1872
3333 385
2945 995
5756 2743
9443 640
7341 1490
8843 2711
2886 8691
2462 3418
1147 1584
5792 4543
7030 4027
3569 4867
3710 5888
268 7098
5038 8552
7142 371
6341 7890
8065 1112
3374 1947
79 978
5152 6672
4010 3736
6089 208
2131 4158
6095 7968
5332 3949
982 4152
1808 3
3576 3748
9637 6175
8081 7335
1395 7600
2849 6223
9858 4540
5072 6940
666 9633
4038 3294
7247 1151
1518 1236
4538 180
5536 5173
513 9457
6577 1119
7265 6225
498 9010
4463 9082
3996 2808
7462 7486
7619 3159
8244 6354
8551 708
7774 3513
6646 6223
9147 4455
959 254
3347 2614
942 2527
1941 8681
3585 7607
1748 2954
4571 2572
9122 8153
8518 9203
8822 8228
3159 9760
6142 4481
8149 6560
9610 8478
6190 3833
7902 321
5806 5557
3511 9158
6232 7927
2341 4755
8874 3434
3587 8382
1291 8362
7237 8041
9606 6428
9801 5470
5514 7687
236 7608
3167 3553
7381 3243
373 9344
1718 6168
1563 2432
541 8829
3690 5893
8496 396
4032 2057
4552 4734
797 8605
5098 1490
6290 6486
5483 7951
9881 1924
6089 9359
5804 9952
1733 5442
1501 6476
4379 2980
740 2399
6 7641
1445 2130
9131 6613
7518 7627
7686 8307
8605 7279
8138 7901
4382 1215
5061 3416
4567 4343
5772 3688
8757 8692
131 2470
7542 4904
501 9338
7609 6547
763 4098
1252 1170
555 3025
9614 5896
6511 3018
6796 4763
6329 8618
6104 3916
6504 3645
354 1383
5511 2101
6868 1744
6053 2073
8686 200
121 1632
1929 4281
5210 1156
9066 4762
7002 2930
2825 2625
2881 6518
7849 6742
9207 5063
7555 113
52 7048
8771 2679
884 6141
5482 5759
6084 6006
3034 2747
7253 3471
2611 6697
2045 8717
3679 4721
6241 298
2272 2762
3222 9062
1356 3160
5696 6607
6783 4027
3472 1957
6653 63
8579 8923
3339 2642
5685 1648
6217 9104
9184 770
5894 8437
9064 3867
8828 4775
8895 4921
7117 4973
9595 2197
1957 5249
2686 3115
2181 5003
3445 1903
976 6745
5270 4027
6311 9150
7269 4890
5542 7147
5087 2623
5387 2426
8076 8926
5112 2619
3814 6178
3235 9632
8112 720
4862 2425
456 9632
1181 3621
5354 3692
7071 4217
4800 4091
8380 6502
9541 7559
272 7770
8183 8237
9752 9183
2256 7910
222 278
2910 1597
4347 5873
7276 1917
2596 6041
558 7471
295 4496
2245 9575
3709 3900
4044 56
7175 5859
7221 6889
4993 3955
3677 6616
2906 5341
301 3328
2939 6837
1096 1270
3062 2580
2780 9589
6054 6679
1150 3819
7050 2837
7137 9493
4513 2645
976 2795
3909 684
2838 7051
603 703
6388 4253
683 4356
1376 3791
8698 5048
2366 6324
1962 2073
155 1997
1855 4836
7318 9575
377 3719
2245 5996
587 2004
2516 8029
1793 840
9255 8906
9564 1825
6325 7735
3964 8146
7432 1098
6220 474
4583 5523
6971 627
4916 3585
4407 5878
793 392
8151 6177
4473 2675
4591 8914
7878 3462
7299 4226
2081 4753
8149 2290
7750 654
3677 8165
2008 4708
6518 3550
5083 6306
4189 4595
6466 2030
1566 9464
8962 616
373 2638
6137 4005
6436 4703
1838 785
6550 5558
6913 3436
1293 4626
2466 5333
2033 1784
2712 1818
8768 3209
3771 7322
5519 3576
2428 9796
5243 7452
3518 266
6514 9262
5006 6684
3345 7319
5579 8138
8756 8806
914 738
2670 1654
4582 752
1003 1647
4620 3960
6427 9870
8421 2606
3109 4270
347 8154
5165 5872
6318 8082
8602 2269
4214 5036
8109 7495
8809 5710
8898 3638
8885 1340
456 6993
6457 8456
7280 2552
121 3153
1003 2814
1864 8611
7936 7380
6871 7821
3636 8775
6236 2892
5330 7648
3633 137
7424 5587
4974 9295
87 5095
3138 3929
523 4065
9884 5877
5625 8427
334 9725
5623 1720
6087 2971
4120 931
7366 9944
4017 9193
4144 7586
5688 4923
2800 5754
849 6
6671 6820
9621 4953
965 8507
7085 6407
5922 7821
8538 512
5193 8151
6428 4601
8016 1484
8651 1720
3134 6882
2556 7212
4638 7672
8091 3868
4972 3460
6835 3064
5660 7074
699 2365
1406 7260
3308 2134
493 5875
7408 5893
1960 7939
6275 6846
6701 3597
1630 5772
3978 312
5493 5297
7373 7122
9758 3303
1842 3735
1102 3408
6185 8797
5693 5062
1317 3112
9792 9371
5321 9932
8814 9565
4294 3166
313 4618
1492 9997
1330 7586
150 3513
2336 4326
6317 354
8822 1444
686 5596
795 2471
5461 7347
2239 1253
9183 4787
3764 6423
612 4972
7345 1451
8146 357
8121 4619
5025 483
3097 4840
8467 616
2030 6879
7733 7367
6780 6179
5843 2555
820 2979
5171 4966
3536 1866
4154 9848
7449 4833
4967 1217
4013 8845
8987 5078
7660 3110
2925 3132
87 3036
2357 2555
2215 5218
732 2750
7823 8679
2466 2234
6857 1012
3225 1580
412 2127
1024 6139
5794 2663
9384 2301
8830 1194
6464 3535
6886 2117
1482 7878
1451 6713
5002 8278
8975 8280
2331 1628
417 1167
3257 8653
4865 2381
9240 9306
6271 4620
5534 5716
2470 2524
2643 2612
1694 5764
445 9257
8082 1973
6544 3592
9178 8141
4471 78
4070 6729
30 7298
9229 8311
5990 6113
2807 5520
201 6913
994 9223
4902 8967
2062 7590
2926 7478
9535 387
3548 1041
6912 25
2387 6127
3130 3852
8918 2654
5863 3075
1076 1914
9911 2819
2873 1380
1640 130
4226 7465
5954 2773
6104 6465
822 1376
8479 5022
3591 9799
9390 4582
66 6971
8701 6273
1 8435
9678 6101
1129 6779
2941 1957
5746 2139
577 5970
3644 1359
8589 4469
3397 8517
2043 9677
8334 3957
2907 1968
2712 7780
8391 2321
3228 1142
8747 5529
4247 9256
1559 9427
6938 1352
6608 1719
4915 9175
9630 3806
4276 420
9944 3964
5753 7509
8299 6730
8560 7372
2907 7247
9951 4167
8674 7881
1282 5674
1523 1581
6254 7730
7968 8947
6934 8248
3182 2670
7294 6848
7000 3665
4244 554
3916 5869
5842 9262
7646 2808
2621 2587
7662 4911
4554 9569
8270 5161
9425 2859
9969 6442
823 9334
2196 1151
1684 395
8537 8271
5651 7702
8901 7949
2751 153
8483 4375
2659 9549
2599 3922
3827 3508
2845 679
2404 1924
6797 5971
8530 2289
9827 1667
7092 9002
6377 430
983 4424
8867 7995
5094 8467
5331 7616
8240 2476
8581 4318
9253 7393
5477 1257
3172 7191
5461 9822
3393 9489
4266 712
1060 5157
3572 6363
604 6134
2772 3779
2699 2054
8654 7170
2030 3701
7210 9116
3714 8485
4397 6943
9143 4966
3856 6624
3407 8958
9841 6057
5697 5877
5631 5899
4890 4395
9211 5527
6773 3164
7560 4394
549 9415
4447 7223
9239 4583
3002 659
2590 5135
832 8350
3166 8956
41 584
5803 3688
2026 3807
7075 1704
3457 687
5131 4804
1100 2638
9113 6865
7204 5144
7220 1639
9540 3934
2189 9703
5506 8942
484 4307
9067 3542
1379 6730
977 883
612 6621
8997 7273
9426 5043
6088 7758
1471 6824
3039 389
9302 4102
913 9464
8569 9574
3887 3679
8082 3898
6244 6667
6627 9621
7188 8291
6194 8103
279 1901
7734 35
7988 8777
3980 6496
2748 2112
942 6805
9770 909
9707 7920
1535 7506
2165 489
5182 5035
4134 4878
1040 9814
5678 5991
7198 8119
9786 406
2178 43
903 3729
529 8114
2952 9141
61 7971
9730 2201
3933 8971
8641 6167
139 3530
1552 1503
2060 8863
6594 8339
4016 2659
8169 3174
8245 2793
6425 6312
2917 1362
6765 7285
4686 5063
6072 9065
4107 9680
5889 5571
6806 2736
8295 6885
261 4523
5755 148
8462 9719
4242 5685
9211 2000
7042 9690
1107 2924
3612 855
8346 4105
1810 1716
7929 1569
5189 3686
9257 1289
5471 3936
2613 4043
4556 1452
8327 9116
6331 2039
3633 215
3198 690
5232 9285
7092 7888
2794 9620
4974 9987
3686 9790
3202 7661
4666 7188
2074 9099
4779 5533
1878 2852
200 2963
7626 7189
1049 49
2490 5308
702 5781
900 8057
9146 224
9988 9988
8230 7271
9414 1845
7686 7927
7108 7177
4979 7410
7860 9344
9965 9452
4479 6021
1477 6683
5135 3079
303 6985
5669 2387
6272 9845
1076 8517
6641 2413
7579 1579
374 8219
6705 9037
9612 300
2244 1450
261 5947
9199 956
57 3801
169 5114
7214 8252
10000 180
4049 4886
1629 1363
2660 3458
7675 7105
7273 2991
8494 5772
8233 3347
3795 1776
3642 2344
2493 5502
4230 7072
9126 2537
8908 9647
7480 2235
1671 2580
7633 1009
4625 3472
673 4150
8645 1610
5727 1469
5615 3099
3876 4862
4652 6067
7938 9869
6776 7215
9300 8919
5520 9876
9002 2855
9492 1205
6798 6153
8507 3714
7536 2279
9431 7070
2581 7878
1270 5229
5495 5209
5975 6514
5752 8227
5641 3615
3911 1040
6655 9691
685 5968
2844 4092
3958 7357
2428 5263
9410 5866
5791 1265
1385 1832
283 5213
1509 4360
2309 6429
7587 7143
5410 6126
7884 5398
1778 2682
6513 164
945 3148
1680 8307
3270 1647
9808 5572
9690 863
1761 4125
7240 1662
488 4189
9920 7242
5165 878
8175 1267
4876 9003
7945 2524
1190 5299
8949 3383
6261 6633
7706 8564
5982 7440
3855 8710
7100 4323
4618 1067
3484 4231
9887 6241
