placement model: 1slider
width: 10
height: 10
number of points: 2000
5182 8377
3135 4565
2766 5719
6937 7622
9893 3569
7569 8226
7652 9190
5362 5490
6172 2882
3349 6733
4038 6593
9560 6571
8692 3115
2468 4961
978 6472
6904 1744
8175 107
3937 4651
7263 8145
1786 6733
4811 3300
7658 1416
7277 5463
3721 7252
3134 8803
4711 588
315 2377
2326 568
3381 2332
4916 3742
7032 9140
8530 1053
2513 6769
2501 4739
9341 2117
2307 3360
5075 5706
5213 1919
6625 4543
738 919
4721 8116
9661 3148
7883 181
9927 9773
617 7190
8359 6738
5835 5940
2720 6305
8636 2912
5795 645
4787 668
5117 42
5917 5155
4029 9773
6408 8809
387 5252
7373 8538
7424 9899
5386 664
9262 6194
3956 5338
5029 1544
9453 3728
5604 6078
6342 3349
4666 4826
2099 6294
6726 1045
9778 1226
458 2799
8613 3222
925 2386
3124 590
5783 5953
6865 7560
154 8162
9780 557
8437 9634
1929 7353
2803 7652
9868 6520
6849 1974
5236 8148
7810 1697
757 97
3789 3013
4506 9110
4262 4958
9812 990
5463 3028
7004 4958
5063 3941
367 732
3974 6105
7304 6242
6632 229
4732 3516
8262 1049
3509 3452
1340 587
3891 9615
9591 1708
654 5404
7824 3005
6133 7104
1338 5259
567 4247
6220 3766
7334 2175
9761 4634
2463 8463
3028 9837
1785 7976
7586 2299
2387 8968
996 6214
4690 265
835 4221
279 7968
256 1200
5840 672
4170 2035
3164 8711
7339 8167
7209 3371
7767 9347
9588 6211
3092 2819
861 8518
4084 2810
310 5883
7454 5129
6216 4974
7082 4394
7493 5063
1553 7780
1787 2043
6749 8839
1023 8787
5470 9733
9066 5120
8498 2154
1258 3478
2519 8155
3149 742
3110 2049
1264 4487
6222 7738
1697 9376
3943 884
3947 5091
2000 3918
6416 6582
4709 9699
4488 7065
9202 9374
846 181
2471 6345
8540 8477
4104 6667
4724 9441
492 1461
540 2532
3782 9988
8221 4024
4002 5887
5739 7465
3507 7282
4419 8231
4299 2963
3757 9239
6172 8524
8713 6123
9455 7955
7406 2981
9410 4899
7328 2736
9855 3055
5742 3133
1947 5654
7000 7460
9148 3026
4351 7862
4873 3180
6830 2423
1840 2948
1918 6046
9204 6204
4735 1665
9999 9558
4792 1098
7232 2546
1242 1015
3180 1319
1355 9631
2744 7328
7073 6515
9681 2502
6700 6437
2433 1317
1725 4085
2729 7008
4761 2013
7377 2947
3201 5535
2834 6471
4182 4237
275 2618
8072 4908
4310 7100
2224 6135
6261 8354
2370 1852
8288 8614
6027 9112
7238 2878
687 2766
307 7564
7777 8871
5262 5908
8304 6982
8997 8250
2962 8055
9950 2775
742 6626
9319 123
3375 5211
7440 5367
3721 523
4553 5220
3172 2836
4636 1549
3841 555
1754 6603
6324 4805
1891 6840
1509 3989
7757 7171
925 3765
449 1563
2126 9306
4827 5025
1354 6121
1968 364
1125 6727
5092 9756
582 5934
900 2874
2591 4384
6594 4174
418 4330
2281 1363
33 5104
2713 3192
8557 9445
4857 1831
4251 6519
1689 4537
9494 6764
2469 949
7066 3
1011 4171
1994 4046
7507 4762
3338 4123
8868 720
7776 5999
6373 4168
4695 6898
849 1698
239 6383
7648 404
257 8393
5136 4869
7924 1395
747 5991
9623 4534
3041 946
7154 3392
6878 8001
8785 4803
2741 313
8097 4940
3721 8113
2513 160
4754 1079
2516 9900
1343 5199
6001 9496
7830 8707
308 9606
2587 7486
1077 9178
6944 9208
4262 5998
2862 890
9819 3084
9459 1128
1765 8747
5761 6223
9650 4098
6917 4576
6967 9444
4805 5896
1082 2097
7699 2361
2801 2077
9601 3510
246 161
4436 8022
7567 8233
8047 1186
6083 7929
5553 5051
3854 443
2002 1315
36 9365
82 6969
945 411
7120 3567
7242 6870
2872 9597
445 8798
8605 2575
1195 7233
143 2288
8826 22
8741 6649
1952 694
9095 6819
5967 543
6647 5391
3745 9004
5958 5496
4865 6352
5125 8697
3702 3784
2008 3149
8792 229
88 9975
2353 9890
2036 1033
9980 190
2118 2265
1426 8463
9025 7763
810 308
2005 6608
4274 4285
2054 7230
7180 6232
8669 925
3058 4983
8895 7241
6672 2177
2459 2599
9171 5159
9391 1342
6373 617
4007 8004
5663 9035
9341 5687
5291 1353
1224 1309
2168 7423
627 7364
164 8725
9099 8893
9391 6044
2154 3843
1567 5555
1799 4453
2176 2909
608 4926
3341 9948
5873 7121
9810 4966
4528 8947
1844 7992
9681 9161
766 3709
3214 4426
5465 3843
3070 7847
3258 9196
5236 7210
2027 7887
909 7306
6084 3787
303 6283
5078 6113
1825 6129
4603 5493
6581 3084
2111 6678
6711 1694
4240 3584
9186 7067
6809 5670
8326 9104
3741 5971
3679 8665
4794 1043
5454 9806
5724 4581
4413 3599
4754 7458
2036 8225
9825 5837
3835 2032
1890 9081
4834 6871
1741 1294
6247 1888
1773 2187
6302 1851
7966 3419
6270 817
6577 6747
466 7487
3907 107
3389 6860
2083 9380
927 9555
2460 3496
9305 3132
6072 1724
8560 4229
5770 7117
2460 3951
6878 8448
7478 6229
358 6328
6696 6243
5523 4265
5961 4913
9191 7206
334 3793
6866 5330
4509 4723
3496 3432
6860 5268
2735 6284
387 7343
423 783
39 1869
6273 7181
5027 2505
2753 9211
9128 9080
6351 349
693 7326
284 7400
2045 3743
4616 7320
6450 7908
8984 4683
8832 2367
8017 3442
1087 1215
4908 2503
9364 9447
4741 6511
8364 3479
8247 9789
7449 39
5153 1363
8429 7319
7277 9504
3393 330
917 3394
2253 6009
8503 3304
2114 8918
1117 7958
8288 4655
6017 6504
7923 7324
8842 2843
2671 1823
5444 2319
209 9316
9178 366
3219 5504
3521 3632
6802 6236
3840 2568
2589 2380
4987 7293
7250 5502
7211 2055
1826 5604
5705 3585
3740 5771
3968 7181
3573 6045
4862 7618
1850 3279
2789 6617
1712 3631
7580 7204
700 3628
8151 7395
453 8614
5856 6772
5346 1614
8627 9724
479 9634
9976 1339
7688 6151
3643 8082
6336 8890
9649 1204
1357 3396
8120 95
6818 2001
1810 4624
6573 5487
4081 9086
9297 1132
2011 8789
5399 2353
2812 536
7463 4743
4289 9023
4638 8413
162 2487
6489 3656
5309 3242
3422 2661
6258 5582
3612 7705
9756 4324
2929 440
3303 6198
6566 6596
2516 235
7111 6346
8988 1471
4865 1421
2145 5326
8902 2467
225 912
3224 7998
2564 496
6865 1221
2793 5046
528 534
1641 5261
1331 5615
1945 5942
4688 6113
7360 4288
6565 704
9576 910
992 1254
8587 2416
3866 8515
8217 2450
7460 8782
2282 2809
8093 3798
8523 2787
254 6424
5671 897
1863 1736
5033 6627
2924 4410
9664 1286
7865 9163
1410 5682
417 9314
7587 4412
3132 8126
2781 9935
4946 22
9063 9653
3057 1650
106 1079
6419 6952
5208 7542
7350 5892
8160 9169
7283 4748
1175 7762
9442 8293
4335 3212
2587 730
9972 6001
6986 7913
262 1810
5191 3236
3349 8959
7165 9517
5559 5668
9864 8918
6869 938
4070 6882
1847 2616
8705 1859
1952 636
8757 4622
2233 9351
3078 9092
8200 7494
8199 2849
8660 7610
2315 2765
1401 343
9437 30
7533 4082
5337 5880
3192 1329
8431 1359
3102 8336
999 1889
7471 902
8564 4019
5118 7584
1882 7178
8631 5076
4725 7807
9440 5455
1608 1196
5483 2139
3782 7257
8995 8669
7331 6140
5031 8750
2467 5813
6568 2612
9491 7679
3713 7811
664 8249
9886 2530
88 6473
776 1578
5626 8735
7141 5927
8731 880
2863 5097
7999 5640
5485 6595
75 2861
9519 6621
7827 899
3666 8655
6422 2306
8201 6173
8860 2144
5913 9200
415 8210
2596 8236
7678 1959
7890 7866
8999 9223
4203 6893
6349 7838
1927 6961
5840 5879
8704 4055
8686 4729
8356 8844
9790 6315
9869 4418
3678 3810
7983 1846
4009 8482
7312 9973
3500 1182
838 6527
6451 6064
3516 9956
9419 5016
1636 3153
3918 5493
6132 1448
7338 5870
1364 8931
1829 4659
968 3294
1113 5242
933 9272
9443 7061
4592 5486
7319 9858
1071 2643
6039 1191
1016 8698
2155 8526
7449 4869
2140 8231
6448 9751
4395 9343
7999 432
1906 8987
1072 6683
9892 2363
4446 2927
7706 5789
2171 7552
7812 8322
3387 6203
2115 2746
2977 9520
647 5366
1947 7295
3821 3604
2115 3464
9321 6495
9914 3731
897 1553
271 7078
8498 45
1993 869
3575 5561
1079 9839
7279 6238
1115 4939
9338 2608
7287 5689
9462 3826
5672 5834
4760 4003
4849 1630
317 7326
5719 7082
3860 4119
5930 1033
2680 7853
5561 399
8405 4372
7292 3508
8024 64
4355 3767
5378 3769
8941 3278
4637 3310
500 8680
1945 2043
9255 6404
4435 5681
5919 8737
209 5979
6702 5799
5296 2565
812 6133
2804 7522
3122 7467
1955 8174
8929 9708
2838 3142
96 1357
4144 8642
5831 2086
4699 364
5773 726
7032 8422
8758 8098
1800 8660
4866 2527
9786 4105
8653 4258
1150 7632
1862 3641
8247 4235
5587 1096
8112 8824
2590 7633
2256 482
7384 1997
8598 7710
7710 917
8109 6313
1563 3404
3900 552
9317 9765
527 1166
2482 5393
4441 675
1869 9748
385 3178
1479 3516
2348 1272
9542 5939
3961 9595
7081 3144
4560 5294
9428 5036
9723 6821
6275 1355
1087 4021
8797 8027
8113 179
7524 6670
6978 9317
8864 7355
5676 3720
7784 740
4228 4359
4784 1871
8147 6635
5075 6560
70 5481
2815 4844
9350 4731
1372 8848
7364 6001
1444 8421
2734 5712
4974 8989
8074 5885
4131 677
8234 6169
6338 6704
4801 4516
4224 9506
609 857
1863 2384
1675 7280
2608 283
8293 1427
6505 8932
5840 7176
7567 6953
483 918
985 7731
9306 5466
401 2382
725 4701
5628 8806
9616 4783
8655 1421
2725 7863
9185 5925
7750 8707
7434 6261
7444 7192
9565 2234
489 4651
2165 1765
3050 8564
6100 5462
7715 4930
7675 8283
185 7122
527 7310
8922 6075
9946 7149
833 5477
8429 1954
357 3609
6026 4316
1326 3313
3193 7832
6558 8992
2760 4407
6375 7492
6060 1000
5344 8088
924 684
7872 1047
7324 5564
9729 7660
4889 2416
1487 8451
6769 8073
6207 540
4308 2129
1528 4431
8919 6557
5376 8457
7886 8086
3819 5745
4645 6390
1290 3319
6129 9345
3967 3045
8249 7164
443 944
628 6370
7202 6940
6113 8925
588 5366
4875 8441
6846 8590
10000 2939
4608 9539
2028 3189
2386 4050
8818 3044
4756 3295
960 8014
8001 760
9555 7734
9042 7928
3376 3070
9122 7583
7581 7707
5219 796
5420 7777
5081 316
775 3214
3529 2312
9992 2419
1695 2098
1223 2671
712 3445
3873 4822
7558 2926
2016 5645
2542 6150
1556 6970
1690 8331
5434 5044
921 7595
9443 6088
4152 5833
8125 5434
1587 7911
1950 4242
8883 5146
4650 5898
3330 8640
1838 3547
8414 4785
914 6669
9335 3936
4528 9493
3020 7894
9660 4703
9247 1474
9790 7881
7079 9446
3868 6815
3416 2429
1307 2506
191 7295
7847 8078
5682 3609
8271 376
502 7882
2524 2051
226 7493
7383 2329
7113 6042
8601 7573
3054 5589
3899 117
2601 978
9385 910
6915 5848
7893 855
7851 2141
7709 6342
4414 7328
7785 6927
6339 6984
2928 8918
246 5470
1601 986
7922 2617
9925 2136
6662 2335
3694 7064
4510 3053
9277 4210
608 513
1685 6837
4669 1452
4407 5837
9581 5503
9082 2463
6839 592
439 7760
1621 6274
7885 1967
7477 4408
3041 7236
8669 8422
8510 4007
239 5600
1963 2565
2702 8089
3861 3247
4778 4844
4615 8345
7879 994
3234 6088
4520 4958
1489 3445
8729 949
5515 5150
6966 3284
2776 6854
4588 870
2345 9614
1624 5866
3531 2044
531 9365
2400 3665
5285 1789
1004 2972
6963 7053
2614 9633
8357 6365
4149 71
9658 6379
9328 4157
1163 7172
5997 852
9821 3499
433 6236
2398 6124
4657 351
3147 4150
9627 7085
1892 5486
858 3428
2978 5207
1435 7552
6295 740
3400 4898
1209 6619
4743 5474
4868 1415
6803 6787
6089 2561
8370 1555
7656 8428
4757 2380
8154 9642
5646 9462
8194 783
7311 3021
7460 4154
6867 9011
7560 1946
2987 5433
1682 2777
1698 2136
9743 6684
2597 1158
6544 8728
5236 3185
1926 1684
8786 191
5838 1688
8757 9846
8384 6268
7962 3582
7198 5173
8617 9241
48 3694
5479 1668
8168 1508
8221 7737
5342 5825
1758 9322
3894 4764
4098 8928
6879 4065
5074 9430
720 5633
3776 4343
8096 4632
3202 8340
786 7034
5653 10000
1300 8550
4451 6348
8273 9063
9335 9346
1274 2211
43 8347
9045 5918
9795 601
1379 772
146 953
1926 2831
4808 8914
3263 817
6653 4701
1786 1046
8162 2475
7302 6651
9561 7776
4466 1437
2046 3259
9334 7425
4091 2248
2771 1943
2327 7021
6444 357
4556 9160
5279 170
9555 4466
6105 177
1148 284
3339 7071
1681 5413
637 7553
2829 244
6875 6730
7107 4755
2326 3773
4262 9764
8779 3560
9787 1371
3602 2754
7823 6524
9444 1637
2721 3150
4225 4206
6921 306
1157 1513
1276 8183
7107 7173
7779 2284
276 8572
5887 6499
1450 6822
6362 6485
8056 7742
1640 9402
2855 3069
4050 2599
530 7761
553 3534
4749 262
4231 8561
7543 1164
3385 5282
1518 7647
1369 5994
8665 991
5647 6026
5686 6972
5253 4509
1094 5112
8842 2551
6115 1059
481 8356
1960 1084
9646 6051
777 5230
3870 6085
4320 3533
9783 2329
6052 499
6055 6254
1284 7646
530 1509
9221 6380
6231 6702
3627 8154
4023 8125
3901 2710
5210 4659
8079 1669
905 6112
4557 7646
8100 7905
7812 4469
4021 1530
5396 3743
2649 6952
1026 1779
7215 5581
9574 2164
633 1857
6996 5302
7274 9039
4771 9961
4253 4319
5226 5848
2354 5575
8103 2628
6330 3969
437 9277
4816 3147
5146 9643
1628 5060
7238 8588
3600 5812
3431 3968
7359 7825
5417 5651
3154 8645
4689 3118
5827 7954
3729 5433
9518 657
771 3877
8515 3312
8136 484
8892 1465
526 9706
1752 7447
8164 6234
8988 3830
651 2182
3770 5832
4335 5835
2417 9998
5044 6596
3199 4025
4185 5444
1812 9874
5120 5207
5477 7379
3938 1470
1232 1420
997 7808
9667 7723
1767 2901
1427 3933
3254 8259
4153 8107
8847 9517
6442 771
7525 2460
7277 4042
792 9778
1332 7134
4825 3147
2937 9505
3769 3215
7 4690
5550 7835
6897 9216
6637 7911
5770 1243
7581 2200
3703 3309
3229 8564
1045 953
8356 900
2188 940
8073 6292
4148 2276
8472 4441
3313 2037
8591 9968
3675 5843
8663 8890
7349 2376
5467 430
5986 4706
5585 3376
193 4129
8218 6587
2250 5601
9436 635
4795 3130
1529 6097
968 4436
1434 9225
4205 7988
541 4880
3579 4142
4363 1239
8943 7442
4326 9685
8012 5829
8661 9437
5339 9151
5659 4514
9236 5296
813 2721
9901 1874
8560 7707
6742 8845
3731 7890
1996 7046
6305 8579
2280 4988
9199 4849
4103 7928
7390 1643
7102 8080
7712 4193
9326 4435
3152 9549
2871 6913
8438 7502
6644 7457
7798 6219
1728 2959
7388 1600
2690 7955
5355 9478
401 202
7410 6654
4988 6191
4996 8232
7246 2066
602 3863
8180 1959
741 203
357 4063
544 3718
333 310
2907 1845
9074 2026
1624 6872
9695 2127
2268 205
2551 6676
3917 8128
6157 4459
475 9242
5629 6561
4800 9439
5928 9382
4107 3610
3290 4387
8349 1715
7137 6647
521 6713
1251 6146
1958 1714
1307 1505
8884 8263
6880 7764
6307 4978
5453 1966
9223 5868
3043 6612
2393 6797
5855 3723
8393 4749
8565 8041
9224 6945
3872 3379
686 7181
9096 1581
2741 6579
5276 5030
4575 3317
6591 5012
187 901
6700 5671
5979 2491
8411 8307
4706 3747
6276 9829
8035 8327
933 6765
5070 6498
634 1050
4758 8109
8886 2021
7695 7756
8911 1971
9979 7496
6967 2763
1070 5293
2731 5078
4171 9824
8997 2611
4083 8609
8891 2871
7635 7626
1053 4871
9947 3583
4836 704
7843 1848
5197 5760
8769 5804
2435 5292
10000 5479
4118 1914
8673 2437
2206 1898
9302 4945
7686 285
3816 7264
4029 5197
6292 5738
3335 9681
1565 1015
1361 6402
1012 5975
1287 565
4410 2600
1151 9942
9341 2157
8669 8557
3769 861
7271 5281
6179 6062
7390 9509
988 3358
3246 8811
5104 1698
3499 7303
6483 3515
8674 5376
9673 6511
2648 2573
2988 599
3299 3770
3632 4722
2429 3295
9059 4467
8958 7869
5575 8311
3414 2636
3120 3818
1781 4881
5955 2351
9394 8140
9474 1868
521 7477
9270 1086
5907 1215
9189 5888
1828 4241
8720 9718
7138 28
7338 1699
3617 6678
5898 9623
1312 1226
5155 5794
9561 420
1926 555
5600 1678
4186 9995
3969 7271
845 542
3344 7012
4524 5684
6745 6464
6502 5628
8883 485
5991 5254
3683 2605
9921 4643
976 6203
9324 859
177 9334
8432 6733
3080 4749
9100 5858
1315 6290
5907 617
9168 4249
7270 4680
6097 4161
3052 8840
412 8276
3083 3203
9546 7005
2071 4750
1214 9983
4516 8463
8500 8261
5522 8788
1634 9031
2624 345
9694 4870
7339 7303
8888 9843
3026 3527
7803 2290
5741 3030
1624 3676
3141 5975
2068 831
3256 4612
9679 3015
386 8282
1434 7094
9599 5327
2320 1048
4810 5760
7304 8765
3632 1702
9361 2494
9053 4959
245 9987
5214 6669
322 760
5625 3622
5541 1420
6668 5193
6241 8594
8250 7962
6221 4074
9865 474
4330 6092
4745 9244
9566 7791
7003 8831
3099 2917
5090 9743
1788 4634
9996 9572
4116 2231
2064 5386
7614 4363
5507 3440
909 1749
2542 4180
8927 2306
744 6300
5161 1647
8555 2618
6402 9767
8048 3794
6331 6208
1594 4612
6592 2953
7464 9060
6536 3123
4779 3810
1228 1692
8073 7507
4248 8882
514 2819
176 8143
2463 5043
3942 3231
2692 8932
2699 9124
757 1766
39 6639
33 469
9769 2227
4477 7225
742 8952
2586 4110
5546 9054
5612 8136
8583 1279
1477 9403
1776 9312
3518 2348
1779 9302
7095 8144
8788 3873
9019 4320
8204 2267
6919 67
3067 8350
3322 5923
7859 4559
1258 6360
9346 7830
3186 5433
1288 1008
3032 9847
3385 9290
4008 3479
20 4841
6782 1421
3923 8783
5061 8258
631 8116
1383 8656
6771 2053
4931 1666
4667 6123
5665 7192
905 2626
238 7787
9911 2252
8234 1220
4319 3305
7342 7023
7995 8634
9828 4381
8532 40
3126 6360
2256 5306
2673 8881
8391 9543
9851 6770
9655 6392
4394 7068
8992 2601
5515 8301
9647 5926
3680 2904
1641 425
8513 2071
5032 1560
89 8808
5214 4679
7872 1989
5282 7124
2481 7917
1529 5280
2661 6931
206 2428
3610 3615
6373 5199
4070 1802
3349 1514
9556 2443
2428 1296
2237 5894
7196 3494
7335 3988
4026 1209
5830 6966
6753 8997
606 3915
451 8341
4163 2613
8168 8857
6681 6216
1827 4627
5761 2823
9475 7562
9439 3051
3062 1739
4068 315
9911 5553
4906 3361
8917 5760
15 3738
1748 7411
1396 4686
7837 681
7328 7911
2430 2417
4041 7526
2834 267
2734 7678
1795 8538
6500 1370
6919 1127
6610 1831
3297 1595
1214 717
2730 6249
1655 6908
3537 7679
7709 1449
7376 4006
3057 6339
2916 1256
3284 23
4876 5661
2598 6654
8220 614
9827 5447
8911 4999
2421 2175
4488 4598
6153 4591
1591 3046
3364 2246
6726 5272
510 6914
2640 6628
8828 1977
3451 4518
4268 8988
885 4641
1910 1648
5198 8136
8918 241
7768 3505
2447 4775
2609 3580
3773 6756
9413 9623
9474 4105
3526 8963
2538 9596
3807 2385
9324 1942
5760 6646
4114 6275
1288 2989
2166 1629
466 1962
8442 404
3045 4596
6894 2173
4796 9000
4503 8586
4360 5045
9301 281
8228 9749
955 6721
5992 3364
7704 696
3436 8942
2585 8077
327 6919
8549 2552
608 3022
6518 6238
1333 2829
500 1629
7324 1931
7647 9411
5632 6447
9755 3986
7160 9251
5700 1521
2077 4451
5577 9601
5318 464
4773 9543
2543 1258
3126 3084
1806 5477
9438 8978
7764 4594
2678 1191
2742 8642
4412 7692
9456 6608
8967 2049
2801 7036
3092 5388
2425 184
3888 1748
8630 9693
6951 4326
8811 3640
1749 8593
2965 4795
3911 4388
2887 6780
496 1447
4262 7493
6194 1041
6702 2929
9326 2328
5972 2990
3639 8451
4650 2402
887 3233
9498 8731
2394 8808
7146 4701
9970 1856
2492 9267
5516 5607
4304 2454
338 1119
1169 175
1391 3340
5057 8681
1428 6255
7082 1821
1258 3452
5908 971
9996 1527
2601 110
3967 8371
9807 7079
261 5429
8367 2396
2034 8683
4814 8870
3419 8348
3056 8587
3805 5486
219 2970
7928 2359
2812 5393
415 1811
300 8182
3734 6921
1344 1483
69 5706
3767 1249
5286 697
423 9044
2637 1849
4869 6557
1938 436
3027 6815
7890 5423
2078 8745
6618 393
2916 9339
6095 3296
5505 8862
9695 8641
1783 4857
9498 9307
3067 4391
5492 8712
627 1414
2009 4778
2403 8157
8457 9159
1661 806
4487 7592
3438 4461
4872 3010
7834 7062
2810 1457
887 8929
8475 7568
9237 3739
8981 8436
4910 3193
546 4001
6713 6077
1943 6642
4678 2315
7413 7407
7721 2521
8777 3271
8401 6676
3825 3067
3053 2269
119 9339
7116 7044
3561 3241
5371 4809
4730 5732
4613 6229
8446 8969
8182 980
3859 8059
5517 269
4749 4330
4997 8432
2145 3932
6520 2969
988 8799
6902 2774
1137 7046
3388 2050
5467 2053
8019 7198
945 2190
6347 4942
4892 9882
7192 9989
2140 1796
6104 7351
5485 8090
7818 1553
1281 9720
3153 7644
2448 5254
7084 5129
619 7977
4046 1375
6755 7702
5977 9457
2203 5426
5822 8040
1736 6484
4520 7378
5485 8024
7074 5325
3542 8104
5807 8227
245 4661
8629 7844
510 2436
1133 9912
6569 1270
1427 4152
4142 2344
4111 4861
1565 3567
1277 4218
167 1933
1075 1879
2779 1022
4521 1205
5160 7573
4105 9907
8848 430
3879 6681
4208 2252
2071 7869
6590 5245
9277 9294
3491 4675
4015 3766
104 9038
3991 7769
230 7190
4253 2515
160 3194
2773 1347
4627 2482
1595 427
5371 4872
3119 6922
5517 3962
6430 9393
1474 3127
4116 8108
9567 3054
5155 7237
294 3224
5059 5858
5753 9186
5075 9174
398 7465
5106 5023
6653 3909
5114 2529
3814 5183
4503 4802
5911 3145
8837 2857
3470 1662
7538 4031
5283 643
461 4808
9192 5714
1685 4948
3214 2885
7119 8144
1190 862
5121 1685
8183 1343
3105 8725
950 690
2161 7957
5345 823
4514 3689
3227 9826
6581 7840
3156 2787
2896 9328
2179 8373
4464 1008
151 8610
325 4202
4245 7361
1975 7469
2447 9156
5695 6736
2925 6998
7790 9796
2957 4568
4678 5584
2850 5532
2849 6166
1328 6462
3219 7279
9981 4653
8450 9707
981 5736
8130 7885
7360 63
2898 7721
6833 6456
315 1474
5969 7800
972 8706
517 3004
6168 4359
7430 150
744 4855
989 4200
8903 8205
7698 2177
9871 5724
6870 6406
5665 997
9825 9993
7803 6305
327 2804
673 2321
7121 6278
4475 3440
8712 1026
6026 3872
6776 4526
317 1865
3523 3366
9502 9545
3932 4759
5453 5720
8792 2422
3481 6417
1517 2351
8463 4068
9129 687
6830 2838
6954 1604
7470 4116
2438 8221
1988 4734
8132 6522
3504 8175
7657 4832
6821 938
156 7868
1150 8840
3520 2451
