placement model: 1slider
width: 10
height: 10
number of points: 2000
8938 5229
3933 7371
7040 5898
5968 6110
3492 9034
2503 6885
5073 3550
1635 713
5195 8330
5315 2696
6053 208
6870 5462
6878 8895
9901 5542
6862 1584
247 468
1883 4635
9079 7949
421 8444
1436 2463
5815 6816
8565 2391
3832 6978
9166 9483
9648 1341
3011 2465
2303 4205
6050 9510
9151 9171
8694 9476
8738 9622
12 2990
2555 5937
6522 9080
2125 70
2375 2687
7175 7441
5007 2346
4474 5497
1028 3451
9219 4533
7238 3615
9152 9106
7184 919
5230 8154
8578 7536
2226 6000
8886 8402
8351 4349
780 2132
8592 4369
8127 8482
5619 470
9085 7542
8417 733
6846 3112
6306 9883
800 4616
2655 4496
9281 789
1370 2301
5086 8283
8720 9949
8196 8524
2326 4546
2098 3289
4032 6224
6588 1566
6454 8981
3361 928
5964 6853
3688 3426
7641 7874
991 9125
8721 2149
9004 9434
5864 3928
3084 6554
9339 2838
1644 6175
4750 6674
1228 5432
3688 6355
8666 2973
273 2826
3796 873
8268 7048
4960 8356
4944 6272
8821 7813
3316 7505
764 1123
564 4899
6005 3393
3828 6095
4851 993
879 8136
6508 5807
3021 4364
9707 7749
7285 2866
8489 2463
3208 1371
1313 8429
2262 6651
6903 753
4193 327
7680 3907
4266 7296
8550 4119
4167 4541
792 8089
8423 2591
8328 5019
7144 7161
5387 4225
763 8505
8338 1343
6313 7542
7025 4745
5459 9915
2260 5688
3394 7023
9475 6047
19 3041
5911 433
731 3645
7926 1427
1488 6929
6171 7711
9929 2626
5079 7036
6638 4061
9093 4766
9617 6841
1619 7732
3015 5581
7157 4139
4549 4549
348 5798
7767 6840
2026 412
3829 1979
1094 4056
7202 5971
2186 3933
4530 9080
2030 7520
413 6385
3106 1835
9514 9028
4141 6035
9302 6323
1185 4122
8800 7717
6498 7077
2399 3415
600 196
3182 5383
2061 3886
7804 6413
1527 6966
9528 6923
9596 9186
1064 8007
4339 1952
1968 2910
3776 6865
1341 6176
2412 1355
7548 8036
2003 726
983 9370
6256 6245
223 2558
1608 5665
4028 1552
3778 4792
1673 5275
6105 749
8989 5603
9228 1800
6510 2719
3511 966
1669 7122
316 1496
3472 464
2594 8071
3159 7049
1068 107
9237 9225
2704 8127
6011 4340
2981 4249
5725 2768
5396 7918
1862 1448
5342 6971
8142 5110
2012 1562
7486 853
515 9585
971 3066
5789 1224
2793 4922
699 9743
8278 7182
6491 799
9360 301
4244 7158
6258 1250
1683 5815
9058 3023
1587 6974
2414 7437
626 1889
6374 2972
8323 4036
1599 4791
4784 5242
3678 4215
273 1006
3791 1950
8226 2239
2979 2905
5203 4315
1857 8322
5877 8493
7064 82
2497 3544
4834 3024
2290 9693
6113 1398
2524 5166
4812 6180
5909 9561
7972 763
7168 1564
3065 1662
2630 8075
4314 9156
2906 632
4481 2235
2895 6267
2396 4163
4731 5348
6824 628
8864 7731
7409 7331
1734 4439
1634 7724
629 9641
2636 7936
9444 3718
5048 7965
1957 8275
7452 3581
8054 7645
6616 7274
8945 7010
1459 5561
3489 8990
8042 5961
389 5645
5275 8221
3742 8892
9941 8498
4867 9643
7685 2414
5724 1545
1546 9470
8002 6942
8773 5768
8082 5526
9203 292
4613 7215
8147 7709
1359 2860
6326 8320
6956 4614
1430 8383
3324 5472
8904 1622
2878 4491
5838 4473
7069 5199
5415 7416
3738 2668
1182 379
9890 7033
8632 3518
493 4124
3525 5305
905 6625
3105 5800
6518 8657
5966 1768
8491 3632
830 6047
349 5604
9407 6701
1070 7336
6896 903
7260 9946
6074 4523
6581 8501
6880 1436
5594 3987
2371 1216
1236 4772
8313 1599
4505 1051
5946 5783
8319 9498
7671 5105
586 9858
9934 7206
5963 9720
1034 6228
6339 3976
9773 9826
6537 1393
9435 1511
4429 5992
6075 6805
3654 2739
87 6538
2454 2401
998 5397
320 581
3350 7899
1605 6356
556 4463
9640 4045
2568 3548
1815 9505
5777 6230
7314 7619
2345 4188
4016 8157
1439 5796
273 8183
1479 901
6746 4182
2866 2826
5571 4281
3942 913
1546 9442
3137 2972
675 1318
4651 8549
8984 1637
3943 4601
4423 3287
6312 9532
8493 4129
5980 5206
7479 6920
8528 801
9762 1738
1382 8472
2494 2773
1133 6561
4840 4099
7882 5674
1738 2404
769 8019
2435 4722
9552 4332
1601 5151
3614 7248
4092 194
2825 1148
2276 17
2707 5194
2428 6714
7756 4201
6787 8031
4769 8322
1725 1648
1952 9392
4766 1895
8007 676
8019 3500
9458 4209
1391 4185
2581 996
367 2237
6714 4132
6143 252
8331 8246
1430 7692
7716 1625
478 6792
7291 8886
1955 2196
4186 3204
6315 7968
7980 5853
3351 8045
7260 4085
1838 5708
4252 4677
5822 4192
3030 1131
7368 9096
5432 3535
4519 8136
7549 4062
5007 5822
1727 553
231 4868
2638 60
8867 9461
8930 4928
3407 8681
3529 8631
8185 3449
8582 9789
7433 8816
2758 6907
368 458
690 4822
1919 9920
6194 1636
5416 1971
2954 8541
2007 9906
6109 156
5456 8702
152 9048
9522 6
580 7953
3851 8361
3774 7787
9126 3749
8113 7117
3670 5108
1205 967
5907 9632
7515 8734
1227 9371
8888 7538
5894 3624
4244 3310
9946 1690
4987 1850
870 2296
9771 429
4769 8396
2786 7489
1149 2944
6571 227
6776 3614
1867 5743
1245 946
5832 1357
7321 8677
2329 7032
2154 9701
186 832
6660 78
7434 1119
6687 4385
8110 1910
3662 9288
9099 5008
1673 6059
3920 2947
9002 5955
6385 7135
6789 1299
4529 8878
1923 8908
7026 5044
4790 1064
2659 9880
3506 2398
3467 5552
4608 8274
8851 9599
4913 5632
7836 2995
3448 7054
3095 4114
778 3743
4329 5224
8217 535
4747 7889
2476 3681
1355 2945
5392 5874
8561 2534
4414 2233
3079 1870
4483 5241
1670 3041
5338 6782
7561 1978
3039 1082
2940 4664
9117 9896
4643 5494
6424 6935
9317 3666
7255 4564
7090 2376
8669 5007
5003 6772
6859 645
3297 4531
7157 5121
892 3442
1606 7520
2143 8734
7065 9721
47 3746
2701 2371
6271 329
4381 6467
1133 6913
6770 6054
3801 2305
4465 1297
6296 9977
2173 1803
2680 3314
561 30
5315 1057
3975 675
2451 5911
737 7460
3275 4874
4002 6613
3840 6906
2187 4084
1316 6857
1313 5442
7022 5351
8416 9478
7261 4634
7355 8333
4313 139
4394 7849
9857 5777
2282 934
5975 9705
2102 9477
863 282
620 5155
8248 5091
4939 4609
2890 5457
8290 3925
4848 4973
4025 5193
989 8451
330 3143
4523 3079
2268 5793
6393 5449
1983 3555
1071 6303
3979 7298
7986 1777
7318 9512
1324 2188
1416 925
5562 6976
4272 3343
385 3019
5133 6843
9685 9762
8396 2894
6714 5795
5683 215
5553 3435
9879 4256
9119 8794
9935 5452
1962 9510
9150 3986
8834 8910
320 132
7979 1958
9523 321
6177 8979
8884 3511
9473 8786
2283 2762
2853 3909
4471 7051
3030 8070
6112 9470
4290 4826
563 4640
4085 7286
2431 83
1771 613
9681 3629
5996 5815
564 2088
3557 2239
2808 8454
8183 9372
7988 2966
3575 4935
9461 2806
3574 3116
7255 6133
6943 53
3173 2755
3511 4757
58 5320
7080 9705
3316 8216
1070 5049
2028 3107
5069 2309
753 2448
8619 1295
6107 913
6216 7805
6395 9195
9086 8555
4260 2546
2650 7341
6571 2925
2256 2570
8810 2260
6870 450
9913 7186
7574 1710
205 111
1434 7375
8503 7877
6284 8932
8771 5821
1964 6573
3710 4343
1025 8027
5952 2070
2646 7563
8734 8101
2678 9043
1707 3037
1318 1040
8727 9477
1801 2851
61 9237
5647 5113
8681 7031
3915 5536
5265 3593
6371 4553
3053 9583
6684 5338
2526 1793
4184 8610
6945 6885
7077 586
2551 8366
952 8997
9902 1380
4694 2766
7485 7970
7565 8933
3916 3117
4188 603
8791 5015
6101 2017
9276 8951
1385 5910
6915 1831
2723 1395
8316 3588
2908 9107
2094 6670
1468 7005
5169 2552
769 8773
6599 1796
1103 5286
9641 1367
177 8586
3622 1304
9678 6706
3936 8373
2461 6432
7954 504
4530 7519
8521 9741
58 7236
3411 3419
9603 3118
6786 5269
155 9962
1630 4984
6675 3963
334 9949
8901 6913
707 9647
5089 3813
8634 8448
302 2232
4649 9293
9127 7767
2178 2586
2399 9288
3769 6365
3520 3764
4616 1556
593 6733
7371 3824
6248 9004
8768 1437
5224 9080
1957 1447
7507 9706
7161 815
8943 275
5997 3064
3111 6576
9803 9522
1855 9170
2538 4489
549 9151
1669 7251
7360 8852
2107 2425
2430 3538
7482 9002
1192 6831
3274 7289
4744 5135
3849 5864
4872 5375
4325 5321
6209 4900
5875 1867
6854 9485
8819 4802
1917 2353
7609 3294
4901 6170
6560 189
9248 3050
8548 7284
100 3036
6835 8312
2060 9915
767 5172
5080 1990
2937 3945
6705 4179
6581 1844
2138 4795
8413 8528
7727 2315
581 4145
875 9938
6874 110
1965 902
7027 4021
2139 7823
4939 5948
2529 3578
6962 2073
5064 541
3842 3521
4062 8277
9401 4122
1043 797
4684 7249
5903 6798
7446 1270
2311 9065
5338 4912
1815 4702
3304 7254
6062 4402
6347 3306
8562 9149
9544 4974
6032 9382
3694 635
1564 930
9615 7812
9494 6511
5238 9395
7439 3962
6888 7192
2345 5677
5127 242
7242 9553
629 1583
191 8501
1481 1303
7884 7645
131 3337
5149 9187
186 1202
3382 3423
3307 634
5170 7908
1175 2232
5396 268
5129 1246
1737 3104
6981 4992
6420 2248
2910 1578
2424 7486
9073 4324
46 4005
1302 9122
2719 7688
2017 1319
2842 8950
39 9339
5294 9698
2521 9821
1058 5933
1913 9739
9315 1711
5727 8253
7154 9509
9212 4506
5718 6878
8946 3539
9863 314
8622 1865
9977 7815
1607 9282
5703 7688
4399 9267
8111 4303
3163 3272
705 7119
9445 2498
1717 8084
3341 2908
5124 5569
4019 623
6801 9962
7173 6423
1808 7394
7501 7575
7836 8088
9009 5448
4827 6468
5118 3187
6728 692
2951 8957
5694 5858
3051 4137
5683 7914
5778 6124
4957 4316
9278 8926
2690 2835
1538 7657
352 2951
4831 6277
9207 8571
3305 9442
8414 1848
7720 3905
4920 2981
8219 7565
7178 9275
6281 3107
1534 6025
2272 8349
7050 5098
5779 3916
2582 1644
2964 2609
1736 9263
6650 7533
223 2735
9473 5100
3997 7362
3930 7090
4735 6029
2232 4443
5729 7593
8897 2737
3356 3755
159 5273
6050 6893
2687 8231
5781 2360
7678 9914
6267 8304
7298 6481
5193 3223
2884 3524
8009 4762
4617 4769
5796 1081
5619 4972
4379 1447
3552 1789
8052 3256
8314 8143
3638 23
7917 3277
7723 1334
6399 5523
6288 5216
7172 5568
7179 9967
5011 9971
2802 8219
6573 4170
4430 4415
4216 2980
5212 1426
8583 1810
1163 6457
6766 2482
8395 5456
8903 2685
7633 6953
9126 1459
3323 7470
2415 8210
9091 4812
1504 1986
2693 4454
8500 3881
7494 663
215 4790
9816 3286
3307 466
2027 1725
8461 3248
9666 24
4485 1476
2245 7624
8221 9601
4379 6345
887 155
227 1850
4270 5018
455 932
4087 823
2700 7034
6321 9760
3963 1262
4940 4098
8366 3775
5422 1608
3750 9787
6504 7338
7279 4052
5335 2964
8227 3621
3667 9262
7250 7621
5010 7806
3714 368
3335 4401
132 6738
2972 1768
2385 1824
8733 7011
8342 9563
6125 1474
7117 2180
2740 3749
6339 747
4351 4361
9547 4018
3612 4699
9565 2786
6506 1755
7672 1220
6139 222
6727 7559
8447 4510
3890 2474
9197 9957
3335 6470
9932 5052
5965 7066
7734 8932
4181 9535
2568 8585
580 4070
4259 8537
3156 1900
2734 7861
2567 130
8536 439
9474 4086
5295 8944
1696 2636
1977 3023
2174 6503
7582 5058
5481 9003
5501 2192
734 2569
4252 713
9802 2359
7350 4641
6246 9733
6462 606
6511 3562
7058 3526
3612 8654
6502 419
3667 7826
4373 1584
5201 8462
7573 9565
3389 3529
9761 3905
298 1403
6182 418
9370 5532
7659 3681
6776 3108
375 8533
7859 4247
9862 4264
2682 7727
9597 1995
655 8634
6657 6384
2986 6813
2673 3198
4067 21
6854 7387
219 6605
2552 2505
7172 2130
369 3280
8122 9393
8622 2160
4913 7268
3656 5104
4094 5600
5317 3367
8311 8392
8158 5307
2615 2338
8389 560
4953 608
7828 2695
7733 515
1088 9959
4720 2720
680 7286
4449 9098
1308 7371
1688 8928
9764 9447
9660 4036
6576 3742
779 9062
3709 9718
9229 1346
9557 5354
4102 452
5355 5686
5774 5867
5809 3108
3335 4052
9574 1098
4319 4329
4864 4898
2557 9644
9370 4055
4075 3530
671 6173
2770 8382
2349 6399
8259 2240
5114 2759
6781 4976
7907 1545
5932 6915
1614 5026
3012 9313
3926 5464
9468 6078
2316 1255
6805 1057
993 4401
7243 7053
8174 3563
8088 6468
9065 708
5269 258
9177 764
1628 767
3212 594
5536 5038
5855 6608
2118 2241
5357 6518
3213 6914
1536 8538
3237 6591
2827 708
7884 7613
2952 3135
3072 1983
1337 4548
7946 1105
5237 3993
3242 3700
6227 5609
7573 1233
2787 7129
991 6422
9569 3416
3894 5912
39 9121
7580 465
4779 4305
8055 9072
5107 5412
8065 194
820 1325
6067 817
2063 1074
4794 8959
733 8472
8579 8049
8272 6462
5144 7023
5129 3986
894 9085
8668 1088
4213 2797
7315 3044
7692 3831
2561 5050
3602 407
2855 1083
145 1312
3432 2252
1136 7157
9852 1499
3616 8976
2528 5651
2106 8327
7351 1343
3780 9875
2672 2082
2591 1561
4425 3599
1335 8895
2564 8145
8174 6617
8722 2937
5562 9709
427 3751
8895 3692
2053 7151
7348 690
8610 1806
2409 140
4918 3322
1652 1719
5553 8511
8941 6079
2827 9693
8864 4139
9940 497
6395 6191
4378 9182
9754 6071
6054 253
8118 3524
3723 3335
6189 7786
3405 5401
8668 9573
9154 4199
4984 3753
6071 9590
8939 2749
8319 4516
5925 5606
5413 6187
8183 9159
4453 3551
152 1560
332 5264
3735 5652
4560 5245
1557 5884
1598 7344
6250 2473
8769 5467
1944 6191
401 5882
9026 6800
3332 7412
1755 2235
9375 2938
8257 59
9502 8818
6657 3059
307 5452
3871 3589
8500 1478
5390 6244
4413 8608
534 7806
8921 3747
3915 6704
3850 3382
5184 6909
682 5470
803 5226
8623 5508
1557 288
829 9890
5299 3099
6863 6055
2207 797
1056 2772
7215 7463
8191 5468
1703 5624
7973 5979
7731 6512
3617 3051
3200 4696
8124 3957
4126 259
7203 8833
6588 1511
9881 6434
5470 6498
8134 2415
718 4279
9485 8484
1732 8280
8880 8260
4348 9352
8204 3635
4554 6985
1176 4568
9169 5102
8034 5161
6943 1144
1149 3260
5484 1911
6532 9887
879 6081
6448 760
2851 5030
318 1463
9574 4040
5512 2982
5119 8982
5822 826
8556 5831
5238 8428
3931 9345
5505 1890
3375 7900
1818 1293
5588 5552
4831 3343
6784 6138
6725 4223
6904 193
5692 734
3765 1413
1584 8970
9062 7333
3029 3266
7264 4238
7546 3868
1335 9730
8048 5040
5608 2171
9572 6010
1922 2488
35 2873
6881 9501
6016 9750
1794 4250
1089 2832
4350 9109
7788 2390
1572 3138
2782 8263
8818 3053
939 9714
9415 1594
9261 2872
4162 57
1394 9641
9921 7701
8377 4932
9571 666
4820 922
8676 7886
8527 9620
3484 1363
5405 9450
8950 8988
3904 4695
8833 6311
8168 871
4291 8704
4588 5070
6403 1257
3956 7992
7728 1622
6823 4916
7937 9049
7915 244
5908 2771
6940 2565
4204 966
2929 5726
783 282
4707 9929
9382 642
7131 2947
1582 9564
5951 7663
5333 1779
5648 4714
961 6200
6490 2403
109 8166
3767 5686
3508 2174
6883 4884
2285 2389
2830 5389
4970 5010
2046 5147
8831 2978
4294 2825
7068 5590
9404 2184
5909 6456
3370 4470
6631 5897
8700 1153
8163 4881
1803 2459
8307 6145
554 4108
508 6943
8543 2144
6487 3513
9750 5706
1347 7644
359 202
2485 1441
4407 5227
3680 9324
4702 6965
1708 5207
794 7531
5993 3648
2677 9515
7382 2300
5498 4089
4153 7901
1231 811
7062 8545
4270 9620
4049 6230
655 3999
117 7511
2719 6257
5811 9602
5671 385
5620 7354
2787 1708
3606 2900
3361 8709
2682 5907
6101 122
8293 7813
9447 2899
1912 3639
9909 4168
1608 9593
8775 2457
2593 2589
3518 4305
3693 9324
8263 1809
6060 4639
9950 9820
7029 7363
9515 4459
1802 1084
6220 6002
2374 6584
8267 6741
9138 3466
4068 7472
4052 7737
1025 6178
8895 951
2664 2162
2856 2118
2190 8603
8147 1413
8412 6710
1275 5827
6201 8147
1864 2037
5724 9594
3616 7455
7048 3521
2201 6128
6186 7522
8312 8260
6648 7720
3738 2500
3536 7141
7347 6885
7969 2372
3316 8032
9040 5301
1219 7798
2827 2507
6513 6030
8309 6760
9948 7320
6934 8312
1558 9799
831 4884
7557 7342
954 1370
3821 832
9520 616
6501 21
8316 7672
855 4764
317 69
604 825
1998 3301
6774 6960
5997 6866
1951 7680
3086 4176
6904 7483
6907 9969
9992 9502
7170 3241
8801 1074
4315 2618
6580 7776
5103 1540
7660 2588
1523 2702
930 1681
2191 7189
4051 9793
3174 4565
1576 8386
2951 348
4917 2341
8928 4781
1223 8383
7123 9444
5475 6442
8903 8685
6680 8354
8652 992
7950 116
4483 3111
3190 2574
861 8760
1028 3918
8398 3845
2454 6040
6276 9430
7034 7505
7198 9436
8711 2803
9757 594
4125 4098
1529 6859
3797 9519
7826 898
4656 5205
9973 6823
2774 6075
9218 6157
6140 5630
9212 9544
8727 6139
2466 5394
6645 821
3590 7014
2237 5374
8484 9068
658 4456
1383 6304
6171 2635
2743 4677
3003 1075
742 4984
9748 9710
4313 727
9638 9828
7568 9321
1037 2524
8444 8980
7856 4078
5288 1356
3311 600
1970 5724
6702 5818
9652 8127
9155 3527
8951 985
4142 3744
3748 6181
4427 7866
273 6281
7992 8862
5227 5706
4687 7028
1522 7445
5980 116
1179 8534
1895 3126
7679 6572
9985 9845
4475 8208
146 8166
7537 9266
7422 6652
9404 7139
9192 1287
1748 1495
1650 2802
1294 6561
2744 6698
8393 9301
4327 7590
4911 6556
2265 7052
2910 3910
2261 6581
6124 3639
4272 4579
1744 8036
1066 9586
2480 4342
6936 1229
9515 2335
4767 2388
8053 1068
6113 3560
8468 101
9356 8736
1374 6752
4072 7808
8077 6829
5804 9833
1598 7284
3322 48
9242 8668
3073 7815
7739 6340
762 5548
6377 8733
3879 2027
8736 3153
1379 7895
9635 1371
4134 5065
1172 9614
1932 1231
8725 2970
1138 4491
4632 7149
4063 9677
8184 1718
4975 7654
6786 5009
8836 5749
5477 9585
4522 1948
8367 5346
2463 3597
4181 5136
4218 8147
9398 8392
7491 4305
9201 1336
8243 6040
8621 7829
1562 7704
9096 1821
2142 2862
2984 1381
7532 674
9185 4658
7498 7954
5981 2931
1105 4398
9745 7364
8366 2436
8839 3839
5133 9337
3441 8711
6076 3359
2403 7239
8664 5020
4865 188
5821 3646
6130 8449
4222 700
2767 7521
6403 7720
6925 5489
806 7045
2611 3196
2890 9702
3290 4144
4381 3796
8180 2941
9072 1759
6676 8647
3258 5036
9397 4160
728 4631
5324 9297
7593 9591
8630 419
1037 7240
2115 1750
5361 1224
9835 6430
1617 7981
5322 3002
5872 9736
4188 3588
3796 811
7206 1541
8727 3246
1122 1150
7377 273
6922 171
4586 6051
9143 6177
2859 710
530 613
6960 9121
8316 5019
1638 8548
223 4859
4611 1949
2377 509
5174 1004
4772 3077
1866 8911
3868 1342
9380 4039
4146 5630
1612 9082
2319 38
4031 3949
9265 681
6986 9161
6200 3341
1942 2203
5637 1374
7136 5979
3360 3328
1502 6324
880 7309
4698 4981
3211 8993
1282 9866
6176 6733
7589 44
6023 496
2903 6016
2416 5221
6232 5181
8848 3104
529 2376
5249 7764
5615 4188
8806 4273
5116 8793
4781 3057
1263 6593
8368 2251
4427 3299
5793 4134
8300 3200
2734 7846
513 9076
2794 5759
4404 6618
8017 8942
6983 8892
7140 4070
4449 5887
4915 2598
2994 3414
9564 6506
4668 452
9583 3911
9316 7249
3399 2927
2015 15
3063 6072
9649 5097
6129 6706
3556 7220
2402 7798
5195 699
565 7914
7612 4954
9957 4866
8431 1476
4194 3948
2041 6494
6840 1393
5530 8355
5372 6853
6199 1164
2074 8009
8172 6951
9315 1955
1762 6315
6153 3078
964 1217
8530 9717
4113 5393
2317 5528
9886 6158
2187 9218
674 8386
7760 966
7263 7035
5464 4620
162 1459
9820 4601
1240 7233
1695 3909
5701 3171
2780 6517
6104 7207
7821 5411
2426 9422
9387 9008
2571 7501
6316 5296
5549 6519
2524 4041
5735 2844
399 5519
4084 6335
669 9150
5318 3597
9813 625
9127 2247
5803 5233
1667 6840
5254 3011
9268 3924
783 982
1102 5270
5422 9800
2664 6284
7146 3093
8295 446
4785 4177
6461 910
9920 2520
4869 4454
1929 1854
7451 1757
1762 303
5659 9081
2 4221
4852 8451
2492 5552
5553 3734
5030 2009
2660 7085
2272 945
2939 4170
2650 8959
401 7255
3505 3484
3633 2974
4433 5242
42 4667
8903 5379
6610 9424
9936 8010
539 2857
3121 2744
6746 762
8773 4843
3561 7494
7920 4593
4921 6617
4666 9590
5713 8250
2045 8698
8323 891
7250 1238
255 854
3334 5111
2406 5289
8416 7138
1025 5810
3420 2193
7494 2420
7073 6811
1513 2952
9281 1799
4972 9404
6509 630
6220 3696
7120 3424
3371 4000
4946 3412
6966 9541
1136 1291
1817 1946
8254 271
857 5984
9442 9448
7681 4703
2905 3899
3757 4789
9804 4725
3691 5196
5933 4401
4519 5033
9461 8163
9538 6818
8068 8170
5826 2197
13 919
8407 1729
392 7845
7988 600
8459 4308
8882 3687
9815 1279
8064 6817
6525 8685
5255 8757
5191 5974
1099 5111
931 7836
3571 9753
4503 3952
6416 7553
9287 4743
1957 2132
6098 390
5533 8466
8694 6016
6162 8308
1361 944
991 6432
7526 1520
2034 1233
4549 4965
9228 4449
7491 7003
3778 3528
7617 4961
9522 2807
7778 8129
5225 2780
3765 7380
3038 4701
1597 4385
4538 5367
4827 6610
3160 8875
5572 6418
6262 1955
9460 1582
2450 7919
9878 2993
683 9941
6268 1511
7992 3002
8101 8
1233 7517
3550 5295
4666 472
57 8128
7853 9338
4466 4332
3279 6154
5034 7367
4991 3580
7021 6759
1233 846
5520 7046
9643 2740
2123 5879
2649 7222
7135 8811
8811 8963
1549 3695
1647 2425
8872 8100
5370 6318
3220 1929
8545 5222
6419 181
7265 2665
7863 7892
1870 4073
6774 1948
7959 2361
2388 3576
7799 391
4121 8901
1413 722
5935 7547
3438 3653
2777 3339
4589 7550
3762 1295
5837 520
973 3146
47 8594
5418 5264
5787 9417
8667 4553
5782 5373
6020 1396
7540 1558
2384 9193
5329 958
8534 2810
1998 8548
8919 5089
5655 8423
1650 9742
6654 7129
6890 7796
5955 5821
1683 2411
4205 3884
6976 9028
9503 9957
1217 5777
6611 9372
6243 9003
3189 9431
1640 8079
3140 4747
6359 5173
4120 6044
6938 5966
748 9019
1724 6736
8147 69
5818 1643
2187 7819
3321 6864
7688 4349
6397 9526
5535 690
8360 6892
3390 1415
583 5076
1873 82
1630 9562
9932 4125
1352 8599
7133 3854
8518 7900
1730 1618
5720 2125
4553 4321
4587 6257
4631 7596
766 9480
5726 9130
6720 1308
7201 9728
4437 1946
