placement model: 1slider
width: 10
height: 10
number of points: 2000
7647 4245
9512 845
350 9047
8327 5937
1701 6093
2625 5137
5763 2743
7951 4093
6476 5428
124 3582
8641 4652
6097 7378
7832 5938
6166 9875
2633 9151
9805 2965
9549 1221
2426 649
5097 6745
5011 8803
6693 7407
6024 5116
8618 2886
403 9188
697 9426
5443 9015
2712 1591
9186 1235
4706 5761
1021 3964
2997 7835
8254 3503
327 8334
9358 8166
6338 3340
8654 1120
8852 7744
2671 7039
2550 7586
7036 2931
673 9602
6968 9312
5022 9933
7469 8872
2414 3007
7482 5914
8144 9260
7797 996
6094 55
5031 2400
2097 9238
2644 6692
5378 914
6005 3251
2038 1094
6996 880
3976 5684
4992 9778
5222 3181
6267 5987
8361 1300
1042 2400
3965 2243
1109 3156
717 8086
3590 7723
3247 5715
9407 9136
6028 8914
3897 4494
4487 9279
9824 1249
9043 642
3494 7549
1148 2934
5884 7355
2481 9399
6241 9421
1318 5461
2448 7487
1455 4218
7472 8487
5588 8361
5958 457
5064 4939
5958 2119
1768 3336
92 5599
5113 3500
6225 1258
7315 9543
4703 9756
3843 9471
871 1323
8367 7794
5813 8875
7744 8028
2253 2218
6468 423
8978 3318
1877 5849
8038 3489
2569 1041
5591 8191
246 5661
2777 2797
1097 7401
2415 6629
7452 5995
172 713
9304 2425
70 7445
4390 4257
6345 4352
276 9067
8410 8971
4991 6274
744 3639
3198 1747
9175 2325
6470 8199
8615 3036
294 3322
5473 9263
8364 8563
1864 5761
9507 4601
6902 5048
664 5775
2457 1590
4956 4716
4033 8282
391 4723
9529 3372
6710 6230
3901 8020
5706 7376
2554 1373
3491 8322
9691 3156
8680 8589
6814 8134
5557 3214
6098 4478
1674 409
180 5873
4343 5621
6172 1748
1891 424
7157 9185
8074 7294
5108 6125
7878 5688
489 6433
7310 6239
3503 6063
1845 8159
8488 8121
9263 9511
5904 1520
8955 7888
9596 4486
8027 1384
203 5312
503 8823
5142 9659
2089 3377
4746 2186
8423 7243
9344 598
2201 5932
2262 5951
1965 2052
7180 175
7578 8987
8376 6562
5614 3989
6651 5988
6166 2666
3190 4751
4258 5491
5977 5967
9334 8234
2529 6401
6986 4017
6708 2542
2039 537
7963 1410
1366 1121
8112 2479
9466 8024
9602 8769
9829 7004
357 7695
6402 9716
2275 2241
7330 5920
4305 7360
9547 5861
9851 4061
3111 5750
5561 6326
6900 7879
9884 4098
8172 2649
4531 1950
4960 6116
2396 6844
791 4868
9302 4710
3102 9544
9302 621
2408 160
2908 3181
6964 5818
9242 7954
6404 2149
3174 316
1028 7290
6734 1951
5301 8672
9518 7850
7014 3634
2935 8782
9029 3431
9759 4089
1570 9650
5357 9740
5287 3798
1627 5512
1593 7643
2387 65
2394 4121
9085 1203
4752 4660
9533 3693
1525 6213
641 6902
9478 7937
4301 9221
3862 1670
1098 1119
9035 7670
7887 1483
9133 957
9448 8166
5863 7396
8159 3586
616 2095
1125 3916
9683 9354
9276 6456
3222 7152
8375 4882
3653 7548
9412 5990
96 2214
39 4920
4252 1506
5284 8430
9495 6726
2182 8433
7761 6150
8868 3801
620 8845
8236 1717
3353 8390
3686 7663
8595 6943
6183 6799
5533 5529
1802 591
9974 8745
4707 7872
8835 9774
9871 405
4070 9082
1019 1696
2250 3388
960 8428
9244 8412
6827 5057
8425 1855
1376 1826
9730 4038
9457 7065
5470 2577
6611 2865
5860 3306
6332 9101
4583 8505
4486 154
169 1663
3165 3886
4645 4003
2059 4828
4962 65
5630 2500
1100 1423
6090 4813
7745 9487
9569 8785
3723 9472
7027 9016
3310 4385
3872 6299
3925 3709
2690 5121
9998 8424
6102 5356
6130 2
293 9579
1935 1782
635 7084
3871 7343
6574 1417
1484 3898
4748 2069
6389 5302
6580 1958
1588 6897
1802 8793
8426 7605
2217 1820
8514 5344
8437 3175
243 8786
1920 629
196 5015
1130 6984
2934 1198
5286 6314
7475 1836
1470 197
5809 9503
9908 5841
5108 1293
5476 5096
7128 3412
4791 2085
5471 1177
3430 828
8363 2549
7502 7405
3579 7979
7315 3668
324 1942
9543 2306
5990 8975
5195 6005
5135 5722
3071 9368
2740 4432
4915 2346
757 4990
2882 5088
5736 1677
4593 7384
2618 5191
1440 7064
6748 7350
4345 9401
7402 9769
6664 4833
6290 6970
3042 4212
358 1353
3866 3288
3787 4038
2489 8053
2252 9809
157 6157
183 4167
1132 3253
3518 6525
3595 8647
3363 4071
7458 2023
2199 7310
1103 3132
920 6664
1545 6225
426 515
3764 8198
874 1177
7265 209
1634 7906
2694 8638
6302 5261
7176 7027
2137 8590
4 9172
7054 4005
7864 5790
8627 9240
4731 1800
2918 6999
7303 2848
5174 8145
3284 4243
514 3617
5568 9829
6928 3047
3637 2734
2150 8925
6781 7101
7811 1632
3557 411
8110 6054
843 8371
144 2668
3191 9637
8271 6602
9463 8704
2017 892
1450 4820
4112 6371
700 2107
4990 1695
7508 6930
264 1374
683 3855
5329 7352
8041 2526
5965 5814
5770 1847
5948 5525
2521 4313
8152 1574
2168 7098
1817 9754
8157 6585
1974 1464
1804 8280
3623 5208
4514 93
1571 2175
8638 9923
2445 6362
357 9984
9781 1108
1033 2901
2610 4514
3035 8077
6142 621
2007 2976
2585 3073
7988 4613
3632 1912
8159 1516
7635 1210
6753 9385
8896 5214
8043 1046
9287 9313
7431 6246
2616 2836
7873 569
8705 5109
9333 5293
8296 8727
9309 5131
2464 5305
6699 1618
680 5732
4900 2051
2747 1071
7484 3196
5202 7332
731 8852
2823 6303
8336 8972
6312 5147
4389 9519
6011 3789
8116 4127
4823 8647
299 4825
9010 983
4872 295
9864 3967
3272 1526
9906 6084
7007 4650
8165 7589
3514 6514
8974 5976
8405 6175
1601 5249
2584 6651
7930 7934
5810 3602
4611 7550
9125 1557
7761 6496
5244 8015
7944 7842
3350 8209
3213 589
9092 3187
6796 1301
3346 8325
8608 2375
1287 3745
1195 4415
6526 2107
5452 4393
2065 1670
3417 8158
2692 9441
8201 3273
1509 2533
7794 299
3510 1238
4319 8898
7961 7722
2296 7729
8856 6176
8109 8285
3452 3598
7614 4071
5302 9326
4743 317
4626 3358
2982 9940
2044 7603
3714 4310
5998 1579
6819 6586
1154 5241
2319 8445
8339 6568
7960 2514
3703 6991
8606 3600
3174 5801
5680 1680
4933 2083
1148 9495
5050 8028
3133 8128
3762 808
9681 262
5387 5550
3090 955
8663 8474
541 628
3769 8052
1238 1005
7978 12
5270 6752
4662 8601
157 2854
8565 5648
7099 6086
7515 8237
4778 8505
5683 8858
4003 3208
7945 8695
1931 5078
3975 2460
6716 4701
2604 5374
3309 6322
1788 2237
576 3200
3051 842
788 8619
1025 8864
7216 8800
1110 4840
383 3139
769 1061
2003 4403
8540 5153
3246 1349
1066 9815
7973 144
2852 1765
8008 505
7594 5006
1722 1128
3561 2608
1363 4790
3804 5195
6666 1298
5073 9085
2360 7554
3628 6117
5015 9220
2369 8210
8198 6223
5127 7922
8258 9737
4927 9759
5137 5986
7875 8441
2441 8351
3360 2869
2703 6460
108 1735
3065 3354
3225 6627
6481 6994
80 2928
8027 367
7146 3635
8246 749
905 8171
7733 3065
5804 5780
4239 9297
924 910
6694 9102
4506 317
7091 808
6219 9581
1629 8395
4941 3486
7833 8420
7154 4633
5247 9956
8594 8283
8937 9174
1421 1592
784 7476
3299 857
855 2372
8069 4359
3648 3739
7994 832
9886 319
971 6242
5947 80
3319 4590
5386 5648
4481 7244
1105 57
8075 4614
1615 904
5555 7673
7339 2840
9817 4908
4200 2835
747 8172
6399 7280
371 9521
2212 5433
1623 2909
7972 79
8213 4103
5048 2205
505 669
1282 7653
6952 1509
59 513
8474 9445
6882 3263
1687 1463
109 2989
9628 4693
2591 7076
1926 6839
5270 7924
4962 9313
9488 1969
2857 249
8477 267
7057 6611
2895 6958
8614 4286
2079 3251
2458 3151
4790 7350
6340 5129
5819 7988
6192 6723
2861 2378
6422 4298
4299 6481
1580 6319
9343 1920
5090 8594
6226 5409
6064 7387
3779 8267
615 5709
8486 9257
7820 6232
4975 3421
3491 8658
77 7475
1595 622
3580 3678
8940 8916
1212 8351
7710 3036
7040 9644
5028 196
5043 8735
2833 7139
7988 2329
1381 1779
7672 8185
8187 516
5915 9005
2878 8050
1864 8814
6246 6934
6433 5697
3710 993
3812 6163
4391 9525
2708 1830
3418 2982
2358 9566
8340 9004
305 5383
4330 5680
4641 706
6230 465
7164 5676
9389 1019
1561 9387
8835 7595
4367 664
1677 3513
6561 304
7172 1124
4947 4781
5936 3171
5493 8377
6896 6259
7555 3827
3465 5549
9486 4588
5265 3455
7273 1447
930 559
2452 7632
1050 3077
4176 380
332 5381
5286 9951
3339 3713
3971 7070
5058 995
7148 1346
6939 1191
3442 1002
713 5677
7965 5274
9913 4199
2813 7483
3638 389
3664 8658
2142 566
886 466
2066 7480
4665 3493
44 4763
6455 2757
2144 2156
3371 7225
6694 7501
276 5258
1620 6649
9392 8187
8204 2792
6851 1773
2214 9810
3110 127
9662 1160
5113 6571
5257 484
3526 3316
3914 5487
5694 9883
1842 8357
5631 2715
5970 5083
2403 7942
981 2679
659 5177
7993 6510
221 9609
513 9796
3555 2903
1004 8341
4139 800
2567 6382
5155 5668
4219 3852
3748 6516
4443 1673
1844 5818
5301 3150
4600 5146
6551 1804
2063 3489
1031 9962
7876 8641
2487 3014
492 3321
3396 9387
1613 5640
3146 4469
2900 53
2886 8388
5268 2354
5449 2023
781 7162
4728 2898
3839 330
7349 6685
1509 8724
8824 3815
4829 75
4531 6061
2836 9151
721 5870
8454 5346
7910 1041
8513 5933
7924 4755
20 6299
9734 8262
8194 395
5499 9002
1945 8752
648 9783
1468 2290
3111 9570
8715 310
8134 7622
9997 5717
5235 3899
5381 5712
4655 1139
1492 8689
1880 9981
8948 8121
7162 9661
3011 9468
4406 5180
3341 9073
5422 680
1615 3588
1771 7243
6666 550
351 5230
9151 309
3457 2831
6084 1838
6991 564
3978 2376
4844 7589
3250 3341
5876 6723
7205 7533
2101 6403
5336 9518
3122 8188
3043 7326
3094 2944
3484 1763
4216 5078
8584 793
7937 40
1722 7995
2516 1005
2286 3438
3122 8756
4931 3075
1062 8727
7452 945
4615 3207
1017 6156
9417 7918
349 3887
3827 2915
4012 1372
3405 5435
6242 4151
2353 6850
5288 402
4938 2824
7264 2303
7906 6837
928 9830
9852 9031
2955 1265
790 7162
5519 2132
4929 4197
7999 4032
1222 1101
1315 8113
333 1996
8481 7157
7468 4547
6626 7530
236 7676
4162 3011
5167 8669
3833 6929
5404 6963
3805 9835
4399 7592
2336 1786
8467 2546
8557 6819
9098 1860
5766 2854
2442 2480
7253 6334
6125 4857
9690 843
1938 7296
5629 5969
8849 3364
1299 5614
7006 7481
3757 4025
5046 3616
3241 8969
938 6761
8918 9611
9867 6622
7929 6428
9465 4540
8911 5078
6439 1099
8698 1344
4877 1403
6751 9671
2515 6743
2480 8559
9289 3735
9528 4830
761 9794
5168 4230
6996 9296
1231 7414
4492 8505
5514 1280
1934 6446
4551 7376
1928 363
694 8936
4756 1761
6553 8857
1269 8126
3559 512
2551 9441
2565 3001
8149 4163
9743 155
1200 6026
2626 803
7953 4775
5011 2650
6688 8789
1952 7456
2961 5966
2699 9774
2147 5203
4271 6623
3657 5057
8165 7540
1002 254
1552 1713
6440 9893
1208 4352
4767 5755
3201 2708
3182 3914
9084 5895
2740 2588
9199 4911
8050 9460
2054 1963
3066 6129
5643 2909
6574 2652
8253 9385
5031 1188
3134 27
9929 5623
8879 2732
9122 287
6429 5419
7273 72
6740 2323
9864 9488
4362 2873
1074 6231
5716 6691
1760 4450
1431 2931
2582 2712
5737 9026
7871 3106
4942 8425
996 5308
9551 8641
5664 9656
7228 1923
7199 404
1248 968
4116 2256
3992 9354
55 180
744 7475
1679 1079
4895 2147
6528 9074
280 8419
2435 6611
2666 5677
6548 5588
2390 4445
6496 5857
486 2736
8443 8519
6896 7584
8060 5834
6361 1716
503 8743
2885 2233
8896 7580
9671 9649
4658 5359
7963 967
9734 2738
7281 8202
9324 3443
1562 9007
3915 2923
7137 2413
1239 9326
6961 155
7044 7344
1779 3351
8428 4175
3055 249
2789 6636
4041 2369
8409 1418
4826 5739
357 5777
6025 3404
9317 3010
7738 2457
186 1166
5072 5346
9008 6147
5141 8797
218 3392
5000 2309
7764 9443
4911 9247
5789 7072
784 8930
1140 3882
7294 5919
392 7657
4657 9527
3561 5677
1291 9245
4711 7074
7818 7306
6488 8599
6212 9940
8842 6091
3056 4190
8917 1170
9881 9238
1194 6874
5333 2987
4657 2587
9458 4805
3460 6617
2642 6455
1684 9914
2690 1418
1277 4234
723 3214
266 125
1661 934
9225 8672
4278 6250
7997 8605
1078 6325
1067 1383
3279 8599
9785 8437
6609 3535
5838 6157
753 3950
6634 7091
2636 1241
1457 27
6663 1546
4848 4918
4844 9006
8690 6438
909 2335
601 5059
7393 3114
9231 5384
6070 1351
1384 7160
9076 9228
7389 4812
9610 4594
2506 2772
761 543
86 5981
6101 5311
5277 771
2180 517
4737 7260
4279 4985
2943 2939
2409 9282
8032 9541
5232 7105
3560 1366
3538 1155
4055 4
8875 3736
8319 2208
8609 5612
6733 3035
4154 6271
9003 7868
2780 5637
934 5044
5933 1496
953 5000
1612 8627
3969 6915
2434 8426
4982 8228
9342 8145
5150 6019
6021 4397
9516 7890
4868 6976
3139 1616
4795 4259
3558 8926
9136 3476
2058 8952
3428 9769
1901 7008
925 5435
456 3756
3569 6413
2766 3665
6028 8999
7599 6206
5800 5747
9811 1280
3937 347
6875 4
7545 9205
7291 5469
7060 1601
1055 8800
5796 4261
4366 2589
3438 5524
7370 6563
5379 2256
924 2602
1272 9246
715 8214
7078 6286
8641 7386
3347 1033
6045 8950
6970 7793
2107 9989
4968 8597
8084 7622
9195 6666
4931 6146
327 6187
7250 4787
8505 5626
251 2460
9796 9701
6838 4403
7380 8786
475 5041
5859 2619
6976 5392
116 7933
9841 9270
5838 6967
1946 8575
792 9297
8896 3475
1374 1285
1905 4138
2664 1596
5614 7840
8691 8393
3434 3127
1679 8579
4525 2556
5631 308
1887 8884
7633 2847
4569 651
3446 4909
9065 9329
1038 3944
1257 6557
3858 2483
4863 8213
4840 8989
9267 1055
1717 1276
7563 7141
7484 9802
9076 1897
560 2590
905 2605
7257 1475
2951 5718
5215 4156
1949 945
878 5818
8275 747
3583 6135
7140 5410
9352 1948
9566 5643
6140 6574
5733 5597
2159 2047
8363 4340
232 2990
6445 7292
2990 3234
9580 9374
4974 8573
1532 2974
2147 5139
7622 3580
9712 2585
1638 6904
4485 9217
6358 9951
8208 4447
2511 4959
9097 3691
3911 8327
2937 4105
8094 3535
1954 2084
1231 170
7857 2322
5035 7095
1600 9989
8069 5724
9687 2496
2012 1073
9423 8098
8484 3193
6436 8853
2308 5067
2898 7053
5671 9724
6386 4244
1554 5954
8588 692
9130 5533
2624 1062
6647 4553
397 7775
5020 7995
8179 7482
2302 3675
3795 6601
9415 1692
5006 9065
3417 9664
841 7844
3733 9124
9510 398
5506 1853
13 3293
2142 6978
4732 8600
244 572
7438 5249
2189 3302
999 2523
1485 4251
349 6214
6338 3291
4747 2471
1308 2309
3935 4211
5308 2521
6822 8750
250 5896
4541 4593
9367 3122
7709 1427
4697 1890
2483 555
2994 5305
3428 28
6375 6310
2675 5886
7358 6819
2216 1159
9701 9079
8533 5201
8615 6179
8863 1676
7077 2419
8440 4498
8574 4572
556 1584
8635 9714
8650 7430
7425 3264
6747 3227
5089 7454
5664 3340
7512 3156
7412 2023
2762 377
2880 8620
2628 2613
7744 9565
340 6903
9437 5022
9350 2219
2063 6066
1544 8657
2950 2865
3565 790
8463 5621
179 5034
3940 3900
7996 1418
8561 1414
9153 1502
5072 4317
4386 8561
6637 1017
6043 8206
9210 6133
1772 2697
3934 1825
1664 9273
6341 5243
480 4084
8072 9024
2985 2907
2464 5620
6470 6168
7414 9419
6618 8033
3359 7287
9432 5102
9327 1299
9121 1610
9218 923
937 4008
2024 365
8746 2716
9964 1641
9573 9342
9729 3129
8239 4789
8389 7907
37 4092
8691 8754
1611 4081
5847 2981
9541 6904
8565 4600
4474 7208
1246 4165
5667 7407
56 2329
5388 197
3619 5968
5786 2272
5500 1825
6398 1311
1363 218
8317 7263
9536 5231
6341 2294
9360 4605
9352 7501
4943 778
2206 6754
4130 9243
155 2050
6930 9183
2102 6690
2294 6674
4678 974
3570 5922
2929 4308
9840 3738
3325 9132
9431 2240
9086 4392
6626 2186
4230 5325
5882 4814
3459 3307
5500 8650
3678 1791
9443 6430
6382 8271
2767 9354
2755 5414
342 9930
7690 6402
4517 4919
8620 8380
5623 1652
7707 7585
8006 3170
3280 8928
8054 7498
7500 8828
2155 263
3283 4010
6787 7981
608 9301
9076 7194
6304 7753
9914 7078
156 1668
8330 9616
8396 3159
8792 9124
7982 7988
5381 2325
6904 3338
5043 3261
3219 4555
9213 1422
8111 6664
2719 2272
2191 7567
2580 5407
3483 4760
2575 8101
5767 5898
9053 5305
9537 5626
4272 3732
4657 2581
5808 2180
7772 8091
9585 8630
9742 644
8736 5320
1985 7266
5567 5010
3767 5672
8911 8539
6320 3213
3955 3131
759 7392
668 1443
3284 8115
2728 1056
3859 3230
4721 5376
1855 5715
6718 423
3320 6018
2501 3181
453 7578
2151 8084
3875 1880
6676 4792
4858 4502
6857 2523
3148 9188
2729 403
6973 1915
4928 1193
5915 533
3595 5915
5209 3806
7066 1029
3536 9712
1652 3107
4733 355
4749 6378
4405 693
499 1518
4646 1581
9882 5410
3749 8367
4475 683
9047 3292
4309 380
8028 2057
5060 5317
564 4446
4065 9277
7120 6832
7971 2456
223 5066
7140 8117
5615 280
6085 3154
4122 1263
5670 1468
3468 1302
9547 274
9167 1189
7392 5741
93 9406
5251 7521
7143 4173
9648 7720
8700 8919
9423 4968
7944 9261
1459 2894
1321 5420
3773 4374
5038 412
3225 9083
1556 9418
8937 3548
3289 191
7174 9251
4664 9838
3519 3710
8798 3267
7738 6736
2716 6099
8455 6825
7906 7410
7828 1107
1358 6197
117 5004
2734 2449
8551 437
3560 4425
3222 4756
2524 3015
5078 2397
6458 350
6182 9051
4833 1239
5833 6858
2168 3647
7472 1694
8900 6907
4261 404
5798 5336
2470 3010
9961 2527
1732 9532
7976 4850
4399 2060
1466 3866
7721 5411
4709 9949
5777 6358
3130 6447
4995 2312
8620 8249
8062 6974
4543 7351
5169 2385
5081 5165
7194 2215
4377 9886
8947 3647
2061 9210
3551 3805
612 9237
5682 877
1721 6172
3217 3445
1970 3343
8636 8803
3635 1584
8210 2067
7983 8510
2722 8502
5072 2699
8225 2768
59 1315
3969 4754
3507 5508
4007 2496
796 3035
4069 2623
4791 7886
20 6630
4247 4347
581 254
8324 3596
6143 457
4103 5297
3717 8106
8105 3168
1766 6687
4513 6312
5633 4266
9589 9517
86 1263
747 1318
3988 5550
3360 8369
2389 3855
6069 6975
2042 4128
8663 1645
5769 3197
8475 7193
6578 1335
5188 4419
4800 632
4810 1501
5384 7502
3819 3029
8910 7076
5600 5052
8581 2457
3618 4670
4169 8374
2581 3795
411 8295
1311 7075
2983 2947
6038 2488
3611 8189
2505 8283
9575 9568
1482 5471
335 5288
1807 3017
5291 3034
3823 9433
3663 4257
367 7935
6683 1401
4537 885
2552 4378
7666 55
1850 6952
5152 716
8407 9466
6328 3953
5545 7648
5740 6130
1540 8531
9892 460
8905 9317
1639 8056
710 6432
8018 8565
859 4314
421 8511
6963 2256
1759 1088
4099 8923
8014 6399
217 4771
6473 1807
4593 4530
1124 3436
8308 2972
7902 3501
6907 5484
5340 8029
8488 6896
6661 4348
785 3954
7958 6086
2721 3487
6649 1781
425 962
7614 6853
3208 7881
8987 1024
2580 9174
8129 755
6983 8312
2195 7236
8807 305
5765 7996
2262 7222
5021 8062
673 4005
727 2219
1297 5436
2398 3309
8049 3266
6739 6466
2421 9651
3550 8145
3090 2192
6150 1154
651 2157
3322 4203
9096 3794
6802 6193
2884 8847
6482 6533
5232 5844
7283 7366
3702 5072
7404 9571
4940 5275
6291 2794
4756 1796
5422 4247
2389 1077
2624 7555
4069 5416
6171 1036
5981 8406
5955 3901
649 6901
9320 3395
1315 1543
3161 9627
3773 2317
5057 6976
1518 3937
436 1
7028 6124
2516 6464
8728 3798
3583 3944
5864 6607
9973 3465
6 8005
3718 1889
8000 2754
6105 6858
1529 6057
1961 9223
3190 5811
4138 2906
6843 3475
9535 9357
7636 5664
3852 1080
2054 6779
9631 4392
5791 7181
4280 2857
1962 7389
3736 6177
6115 1560
7654 6412
2257 8937
6130 1579
7000 3235
9210 1039
6602 3553
539 9337
946 1031
280 517
4335 8114
1987 1537
760 885
8328 7622
8772 28
6778 7828
4811 9038
7277 5277
3214 6456
3919 2541
8068 1465
6998 1059
5159 2606
8946 50
2819 7405
2817 27
269 5806
654 9130
8172 7678
9406 715
7999 4363
7720 4921
6382 815
8310 8822
4776 27
1196 4737
3413 5221
1341 8283
4211 9208
5269 5141
6776 2604
7230 2077
4193 5196
7390 590
1294 2950
8137 1265
9975 148
7895 5520
5618 8955
9318 9837
1138 2317
608 9570
6236 6776
8952 8537
193 9186
7480 511
9860 4594
2371 4491
9832 2643
7533 509
1155 6800
5848 8454
7545 7684
3110 4540
9878 5289
2468 7971
1590 1877
9579 5699
89 5851
7736 9404
7946 517
4444 8349
9540 4412
4727 1669
9502 4399
873 3143
2064 8624
9637 2483
5535 214
8796 369
1161 7152
5562 8609
2611 977
7661 6897
6891 5429
2810 5958
2322 7495
7535 3368
1097 6588
9495 4908
9786 3069
2767 420
9487 9103
6711 9033
2493 7657
239 2806
6914 3261
7416 8721
9143 202
677 2467
5049 7353
8842 9846
7574 8005
1231 3350
4638 629
7984 7164
3804 5313
6826 1135
2580 7491
9240 31
9072 5713
784 4249
4525 2908
2439 6732
8186 2130
4658 8680
8578 3118
1721 3338
7494 8597
4854 9458
6888 6492
623 373
8700 5581
9623 931
1503 9353
2561 2821
3076 8203
5675 6488
9431 788
6347 1516
2401 1290
8216 2272
8209 7832
4999 599
4078 696
1066 9724
8500 8405
2405 3478
3232 7278
6646 6218
800 8378
9178 8828
6607 456
4888 8841
9358 8898
9070 7107
4183 8165
544 8475
1348 2460
8282 1991
1923 16
4229 2435
645 5658
6623 1772
4162 7125
1169 3601
2452 2616
1971 8125
3478 6303
7836 2725
169 4820
9062 9273
6930 7000
4564 8423
1674 2123
1768 4547
5235 2329
2375 9162
7752 5585
1299 2938
9414 7852
3336 2639
7387 1123
9053 9249
4961 8515
5655 118
4561 4331
300 3814
3360 2393
4027 8679
4633 9823
5922 9126
5502 157
8754 4510
7881 2658
9339 8214
6038 3134
441 1101
2415 3580
3729 6082
3159 3526
7255 8216
8612 4871
1260 5918
3411 3418
4776 6856
8298 1793
9792 6068
6213 4264
2002 3711
9642 6866
3279 9242
9264 4400
3039 5680
2974 4864
7646 422
6123 9575
8952 8611
3043 9572
7317 3127
7953 5559
2424 1827
6203 4531
4502 1897
6746 4200
4333 9520
6158 9125
6012 7608
2201 4270
4615 1159
4557 1514
9454 8377
7589 496
2271 6155
3734 685
7548 6434
1161 828
7452 1320
7328 3796
6776 2882
