placement model: 1slider
width: 10
height: 10
number of points: 2000
8170 9163
3712 7266
8782 776
6679 4177
10000 5656
1105 4120
8842 4154
4432 6389
7110 7032
2644 9938
6255 9092
793 6030
7078 9265
3111 1623
3379 7405
7648 9007
7744 4227
3511 5860
5588 6417
4397 1175
1891 3468
9270 20
5003 1401
1479 2916
3162 1966
9799 3793
6430 2155
714 3756
1790 4321
9855 8982
5890 5292
8943 2696
8844 2839
3139 65
4023 7451
5818 1503
7992 4855
7198 2618
7774 9929
2502 1113
2984 798
1868 5397
174 8903
7896 8026
1285 4954
7190 3544
4876 4261
3373 5065
2543 9721
6886 4109
255 8153
620 8603
2853 8040
512 9101
5773 2305
4117 8552
5727 6163
3452 614
2381 1917
5731 3693
8268 9543
1754 6836
7822 3152
4716 2654
4077 1469
7864 2251
1277 7848
7992 4044
4476 8992
7286 1925
2664 8625
1334 165
6990 3138
4874 4558
1951 8026
7669 869
8684 1137
8760 6234
9319 9112
9544 842
9814 1451
7716 2361
7711 3043
1783 7680
5152 3002
1713 2495
9513 9673
4122 5611
5148 5943
544 7548
861 9778
7203 2619
5451 3685
4704 998
8810 9604
8112 9817
5404 6696
1293 6632
9738 5260
4229 4008
3784 4913
7315 3118
3689 8517
8316 4193
4661 8781
7810 2504
1246 2312
1458 803
4936 3671
9769 9962
3696 2163
8043 9883
9120 7240
6070 9133
6177 3427
1441 7109
1839 666
3836 4783
9013 8554
7175 956
8668 5702
9535 131
6313 9781
4199 2682
2538 1214
726 4690
3422 8751
7206 9025
3026 441
6486 9892
8690 6686
7243 5909
9953 502
3274 9514
6214 1007
8582 3756
2904 5107
7436 7133
9445 5994
1960 3007
7897 1152
1314 7359
169 5342
2018 9254
5729 271
7688 7518
642 7158
3506 2742
8912 2631
4924 9985
8885 1315
5403 8403
3121 7301
9648 9382
8108 1660
3619 6491
6873 5175
2322 7207
9951 4641
4500 3592
2349 9316
1876 5918
4411 2113
821 2232
9236 8823
8732 2351
9705 715
5515 7096
5242 3293
15 4269
4513 5203
6708 8931
6023 8467
3155 2224
1345 8955
7873 8170
3340 2571
9649 3630
5266 970
9204 6277
2966 8152
6798 8703
9546 6314
3158 7275
3820 472
4314 9553
2959 9701
5221 885
2216 1232
6384 925
224 9227
9509 1565
9661 7227
8161 6922
4122 4002
2039 9232
1080 3415
1284 4771
3428 5472
8969 6996
9835 2922
886 645
6189 5232
2258 7729
3950 5987
7071 5434
1350 7997
3621 1256
6531 415
5194 6167
1829 3202
2257 5919
2362 8162
9574 4233
1512 6807
5258 8698
8299 2705
4220 8685
8313 4150
5006 7770
4212 2960
7487 8221
6771 1043
3748 9276
9696 7773
6899 8188
4560 3142
9620 1035
1048 6099
1257 3101
581 6752
6590 4014
7306 8675
8031 6947
8971 8491
4638 9668
7525 6093
5143 8522
3707 7382
7485 1405
5460 9705
4061 1399
3425 3548
7584 2452
5225 2565
647 6370
9398 9151
6058 7666
9394 8266
7752 2433
1949 4663
5506 9568
7552 7574
3603 9452
9001 4878
1500 1212
7774 5715
5903 5564
1220 3867
408 690
4777 4223
6384 9844
1051 9592
8855 861
3284 3790
1080 9199
9549 1017
9330 5542
5190 952
835 4284
4543 9947
4858 4186
2564 5914
6882 1393
8717 8632
6393 639
1162 7561
5276 3205
2632 4154
1911 4848
5186 4360
3471 7321
9195 6076
3764 8257
6137 5374
6182 5393
5697 4321
6506 2221
5639 9577
7830 1150
599 9438
4989 7713
1533 9389
751 4238
7108 8107
9076 1271
7795 8761
1958 1363
6082 4444
478 2158
6328 356
4716 1305
995 8714
8857 8330
9971 5315
3176 4753
1504 7416
9367 7018
7913 169
2720 9019
115 688
1520 9854
2563 9470
8899 4423
1310 1325
8985 158
1319 7640
8929 5320
262 9698
5144 9522
4715 7263
6138 4782
7295 3324
6285 7623
1435 450
2438 3009
1322 9524
1216 5143
16 8097
4814 6529
7990 4501
8457 1703
861 6282
1322 1381
7169 3790
8473 8124
4479 9571
554 3152
2996 6259
1873 8677
1643 5797
4366 7581
8223 2715
8528 1804
332 1528
598 3178
2694 1278
328 8062
21 4287
789 9883
4604 5638
734 557
6700 5061
4474 8683
6307 5310
3175 8700
1962 1310
6078 197
8526 7900
6790 8747
2484 21
3342 1140
7059 7523
6760 8153
7945 5147
7576 772
8452 6474
6246 7880
250 7186
9819 3951
9367 7398
8305 8406
133 8958
8654 8289
9607 9601
5218 2850
9469 27
328 9533
2681 3364
4007 77
3896 617
4894 6689
9241 7999
171 6189
1236 4261
4474 5243
4152 7165
2818 4153
2326 1043
2474 5277
9815 3442
9132 7562
8370 5268
4971 6736
2130 2201
6846 3900
5675 5786
3529 7535
2364 7261
1877 2301
5620 9423
6756 6262
7681 7420
3617 2005
7424 520
4164 3908
4449 543
4645 3105
7749 4888
9987 3235
4004 5389
3510 2629
4759 1648
9795 2477
5426 383
4727 8532
8365 9566
9957 6477
5034 7484
7294 7152
8190 8315
2154 8860
5863 1891
6658 2696
3883 3589
895 389
2265 4849
5542 4096
4322 7951
9230 5186
4964 3047
8085 6228
3620 6612
9294 3435
3964 6966
8377 1511
1198 4539
5752 899
4215 1722
2240 1346
6435 1901
4118 8713
3255 5460
4326 8817
9669 4229
9556 1689
6935 8292
3928 891
375 3481
8718 5300
7201 6328
833 8501
8008 2662
8307 3830
6361 7700
411 4184
9644 1315
1174 2905
2459 8986
8603 8787
5448 7150
8735 2980
2832 7060
8645 5246
1224 4139
471 7655
1729 9346
3972 6252
5628 5858
7038 83
6269 3223
7151 8325
3761 3579
2551 2943
1313 8007
2023 8570
4676 5198
4140 1429
8326 4416
2987 5679
3846 8092
3817 9511
3759 5585
6134 3435
6008 5876
1865 8545
1782 1666
4156 2296
6857 1689
519 1243
6286 8068
5256 5997
258 2731
6533 5712
24 8454
347 3837
9366 934
1256 9129
8895 6676
9901 8596
1077 4747
9331 1257
4934 9423
5099 4327
1327 1019
8813 1194
301 557
7807 3893
6592 7117
5190 636
8564 4111
7123 7271
8612 4588
9429 7845
2473 1558
3954 615
9183 5579
3069 1116
3351 836
6630 4883
5942 7890
4444 9557
9759 915
277 8964
1585 9088
8514 3211
2426 1618
2815 6396
2690 3188
1643 2034
3694 8428
5053 9774
7913 675
3594 2015
9152 2590
6085 554
6446 6282
8177 7885
1675 1378
1426 3666
8383 6622
8863 8700
5947 6905
7567 5700
2682 7444
5950 452
9455 4203
5898 5613
5421 5167
9348 6905
297 190
3465 7829
3994 7521
5325 98
4279 494
9129 9386
8176 864
6783 7637
5825 6673
2371 1831
7472 7718
1474 4505
1376 4590
205 6155
3924 4097
4431 1789
3374 2563
9472 5451
717 1400
3878 8262
9050 1544
8949 3819
9498 2185
7869 7914
490 9807
5677 3698
9907 5599
6317 9618
1321 8933
3187 4150
6131 2025
8285 3559
1427 4613
350 930
6249 9425
6309 6555
5318 9384
6950 5027
2071 3180
1862 1904
5838 6499
936 9165
6223 9717
3709 6273
1626 1271
7504 3155
4789 9760
2860 9041
7465 3392
2439 7224
3625 4699
2264 4361
3179 456
6231 5893
5475 8184
2731 6785
6654 3073
7339 455
6433 4859
977 2816
478 3996
5577 4345
4189 7648
1475 8908
4755 7453
2880 5348
4954 9680
2586 9302
539 8544
62 2984
736 8998
7388 4447
2948 5312
3827 8931
4834 1432
8331 1659
1140 4852
2163 5073
9760 1091
3202 727
8351 4772
5350 8289
8907 6119
3455 9403
9452 7041
6691 3816
879 1308
1937 3640
7192 5978
5625 662
2665 5105
9395 1367
7179 5076
1950 1346
6226 3350
8090 895
4220 798
1776 7274
9982 4312
4230 5474
3222 3064
3557 953
1153 5393
5900 804
2255 8745
8841 5364
1820 4047
2066 6864
9843 5702
5595 6958
2409 6448
4056 1311
8144 2399
7451 5737
8020 692
713 207
8010 5497
7566 8797
6587 2545
9097 3877
1715 6874
4487 2330
6247 4354
5421 1464
1918 7223
5717 7775
7453 5920
1297 2802
8156 8724
9546 3608
3913 9444
5506 3847
1856 4040
4178 9231
2212 8006
3829 7200
6653 6230
4749 9207
8462 4079
9114 9645
7793 903
6463 6795
8123 9862
2567 1600
2342 7957
5000 8932
391 2138
752 3787
3922 96
9603 4320
7863 3773
7169 2886
859 1705
8319 2424
9319 1807
568 9332
1747 5879
2700 9769
8555 1366
3018 9953
8102 8946
5558 6099
3609 4773
2493 9687
5413 4387
9458 9093
2545 6602
430 6369
3530 5241
5567 1233
413 8974
9312 9791
5768 6572
1863 3736
4399 753
6075 907
6446 8565
1422 7428
1845 7606
6891 1547
6260 6900
2045 5141
627 6571
1319 3819
4034 201
7701 7578
3058 4138
7819 221
6810 8266
519 7486
1545 9208
4580 517
9224 1609
6300 2101
1331 3759
8605 7717
6353 5634
4302 7988
1002 717
25 899
7980 1287
614 5476
4858 1583
388 1604
5520 6778
33 7294
7901 6379
1088 3854
3078 9185
9276 7329
2757 5675
159 6768
3852 2761
5952 4563
151 6256
7367 264
4564 5536
7883 2353
6156 256
4142 2810
1813 2874
4201 771
5295 7910
6484 6247
4177 1257
1461 2194
5916 8858
3663 471
7353 9203
413 6703
784 9648
9855 2679
1670 6782
3855 8061
8514 9923
714 8829
4078 209
621 4110
8487 7859
501 75
1060 2805
9338 3768
2876 329
5306 4782
4934 6688
6035 3298
1948 3174
2318 9208
321 4282
7582 2324
7711 717
8690 5394
547 5292
4805 5451
2003 8071
2351 3817
9976 4689
7019 9312
7268 6843
2742 9668
7579 9193
8833 2781
2921 375
3329 3975
1955 1400
9346 9854
9979 8203
6002 5829
3172 3805
8592 9780
624 1222
7018 5556
4738 5773
7931 958
8 4105
870 3803
5702 854
9926 22
3370 6935
7205 7013
6321 7941
9794 8431
9679 817
888 594
7034 4224
221 3683
7831 6451
3838 9263
6702 8574
231 8050
7148 4714
5926 5392
6296 8655
507 1482
9169 8399
9894 4876
5462 7780
134 4871
2589 1860
8286 8091
7546 3781
5182 3851
1536 3894
9032 3858
2611 5955
8489 2408
7632 7658
8763 4400
6628 6129
9448 6489
5307 4065
4391 7902
4385 4470
2166 8156
2147 2364
1065 6896
1687 9313
1692 7831
8282 5224
393 8262
8726 4768
3585 1896
2973 2697
1549 9484
4420 2871
6561 3384
6478 2719
1793 7220
8779 1848
7070 8240
5414 7773
9276 6655
9117 5939
3794 708
5286 7759
7533 3314
8121 4442
5152 9698
4391 5103
9250 9483
176 978
2661 6892
9511 1035
4185 1336
2850 1880
8617 7381
5414 2369
1885 583
1033 9369
3962 3070
9058 2599
9648 2430
2945 7762
5238 8495
9290 3085
6389 1569
9714 3271
45 4167
3744 7949
3851 2361
4926 1275
1841 5353
1457 9243
2945 2323
1316 8917
8415 5424
6712 997
1748 8960
2601 3088
2570 319
6641 2243
5381 1911
2029 965
4574 284
8789 1551
2714 407
1024 1413
6653 6202
9487 7797
5405 9241
6319 1211
6771 3348
7829 5939
4071 731
9933 6934
7936 6672
3302 7741
5307 4829
5000 947
3004 5561
5776 8934
6568 9654
3876 6898
7369 6739
6784 6660
3795 7236
9018 1474
9443 7011
8469 9146
5102 2313
4984 3267
8653 8361
8334 8426
3133 9160
9875 2171
8203 3321
9998 6967
4034 6595
4247 7337
6748 9601
4017 1173
6469 7249
817 9493
5419 1863
1335 2325
5508 5147
8294 2999
3479 6255
9160 8553
8034 2648
9356 5714
3365 6349
1025 6872
9388 6059
6126 7421
6745 5841
652 8100
9418 814
4956 9612
7375 329
7785 8437
9061 7828
7337 3068
8654 7887
9215 696
6057 1256
3560 482
291 2204
154 8438
415 8779
8508 1813
3334 7735
286 5455
2070 6016
2774 2249
6830 6442
5993 5334
7503 452
7636 9500
9669 6550
1833 1932
2825 776
8491 1868
6493 5259
716 8795
6069 7332
9916 9785
112 4642
8317 1482
5260 9639
347 2083
9829 5089
2340 2157
9930 7417
9550 9656
5954 7796
7162 7955
6433 3842
2925 31
5702 3745
8893 5865
2874 8932
8210 21
2960 3404
1905 6052
7717 8781
6751 709
9735 2753
8160 2780
2640 1405
6907 5585
3574 5182
8267 5238
7946 5022
6448 3386
361 7083
6672 9162
6438 7638
335 4743
7970 6044
5359 909
9156 1650
3240 754
1194 5719
6654 7123
8612 8794
1500 2394
3951 2450
8017 9028
2155 9655
643 9388
2672 2382
2627 8265
3830 4460
7156 4307
7376 7603
9856 4158
6283 2312
7525 7455
4279 7254
9262 7844
5810 2189
5319 3969
1017 3220
8291 7388
2256 146
9925 1065
6867 5485
4035 851
5024 931
5627 1894
2817 4679
5092 3590
4964 8037
9753 8661
3428 3329
5870 9385
3277 8851
6415 6155
1351 4627
4461 388
1446 227
117 2723
1828 3485
1571 2290
4680 5921
276 4799
6272 62
5737 7358
6539 2099
3907 8230
5763 4190
7104 6001
6387 4816
1151 3588
2309 4223
6297 4137
3582 5648
4156 7023
97 5558
4416 5152
97 7020
1273 4138
8435 437
5862 4872
4179 48
7392 1155
4656 631
3362 3331
4986 3809
4236 6926
9177 2776
5751 6561
3379 3186
5781 3531
2941 2563
7169 7308
7666 6162
7090 53
1240 568
8931 6510
3651 9508
8815 1660
6772 3884
3625 5365
6330 4798
2985 9529
531 8668
7217 1619
706 7909
805 940
6176 7
5681 6583
4124 4490
8632 776
3616 8929
9218 2569
6840 807
3420 134
830 856
922 389
9404 891
1288 2693
8458 1945
3890 6707
9247 3195
631 8534
9807 6408
7131 6905
5401 3610
1233 8466
4433 1047
2644 2728
236 2323
4662 6653
8759 1854
3890 3420
6313 1996
39 3121
4215 6342
682 3074
1225 9681
5158 9966
962 4371
7749 9136
7400 7095
1810 6719
6864 5601
8532 9348
6663 1602
8814 3684
4127 5681
3727 3233
315 9727
2311 4223
2925 5226
661 1417
5113 8439
4652 85
1758 8979
367 3
2884 1213
8157 6285
1911 7656
8893 3042
8907 1362
5895 2558
3161 8681
3472 1421
9684 3627
8554 2525
169 6115
4736 7186
7327 1458
4181 5883
5827 4513
8665 3633
684 1253
9415 58
5408 4994
4616 4885
2334 6266
3515 7199
3095 7561
3672 4749
2627 3847
9961 2639
290 7904
1380 1529
8668 1526
3927 3940
8323 9283
6940 1327
5956 8226
2498 1476
1281 9107
4543 8297
3744 3633
2173 7839
5091 6754
4093 4916
8751 9151
5190 2431
2930 6177
1544 9245
2963 3407
6411 4789
7820 1565
1201 6228
1008 6673
7806 9347
4290 925
6107 6804
9612 5883
7433 6894
415 2537
6397 4167
4716 129
7945 822
3755 2728
3997 2206
5528 8189
4846 7726
1723 1499
4960 8229
3746 2096
6268 4868
8590 9690
685 9272
6767 4971
6685 4758
3300 5220
9673 8553
7513 4914
4590 2588
8382 6624
7076 7379
3053 232
9068 4168
4524 4432
5249 5870
9938 1490
8743 6140
6798 2268
6769 8411
6869 3049
7879 8002
2795 3135
7446 3658
9080 5093
6911 1153
1332 9195
2130 5145
1379 4584
6168 7573
1595 9089
8797 3741
6638 7661
5896 9969
6717 2638
5363 8576
1197 5112
5075 7642
958 2777
944 3279
4406 6394
5719 1602
4582 2525
8692 632
4386 4294
5500 9754
3306 6290
9406 4297
9767 7987
6528 9432
6727 703
7911 9048
2497 2596
8559 7039
8457 6044
3000 6107
5661 5670
3216 1361
2373 2815
2580 3140
1043 1895
3708 9617
9143 1972
435 283
2709 8761
9400 5801
4432 6625
9289 9974
5214 3525
6527 1246
8175 815
5800 6997
8477 4681
8466 3112
2245 1164
73 5217
3250 3061
1219 3003
1890 9719
5084 9301
1689 759
7104 2427
2840 1834
9639 8840
9579 4890
2917 5857
5504 6321
1961 1630
920 3430
5245 6382
344 626
3372 1156
9633 2316
6835 6096
3455 3247
4179 8956
5845 3080
8537 9378
3801 6850
6557 910
8189 8503
8635 6503
3253 2236
8401 3339
8492 9651
8048 1631
8581 8641
1707 3834
3682 3765
7496 6154
9747 7008
2498 4219
1375 3422
2118 5122
5155 1871
6380 2292
5732 2629
4908 8928
5793 9136
7362 3367
1014 8541
7741 2772
8667 5347
1936 4461
6403 4389
8765 7211
4076 4274
2547 1718
4326 4460
8791 2505
1457 2046
8231 334
6304 3686
2961 9413
9537 6509
4418 6845
9491 7786
5126 1172
6539 1049
2377 7461
8772 3344
7808 124
1728 9759
3556 2291
184 3185
805 2362
5585 7374
2966 308
8900 1819
4726 6319
9947 522
2833 2064
3655 3220
6423 5905
8829 2671
3904 1157
9684 4399
9409 1102
4203 9478
1662 3041
8396 4711
4976 4776
2668 5917
980 947
8976 2790
4729 4115
7002 6261
6873 183
2612 834
8642 9366
1529 9811
6122 2585
3383 6917
3140 1431
3607 5775
2801 3700
3749 538
6550 986
8630 2933
3028 8814
6409 6146
9625 874
3245 2546
3715 7338
6700 1277
9163 1188
9229 9938
2942 3634
2240 2684
8555 4872
2223 4131
8536 5574
1147 7899
7438 644
5996 1309
7916 5866
5502 1492
550 9506
4113 7280
7693 8032
2959 9324
3122 9989
807 5267
9821 8556
3864 1829
2712 3627
1280 1700
8103 7309
1445 2174
6770 3005
8025 5358
854 4262
7502 6234
9052 8858
3851 9741
2049 5373
7529 1545
4723 6490
422 4718
6378 7973
5254 9395
5743 4904
3660 7263
4650 4763
4355 1414
3912 1783
7638 6769
7581 4821
5580 929
2933 7243
7078 7019
3112 3291
3248 8419
2390 8844
3886 350
7852 9136
3801 5500
7137 1690
524 8383
7084 2459
9214 6680
6679 2550
969 2516
1132 2582
5706 2299
4476 8410
3535 7604
1282 4463
4069 8882
9517 4608
9792 972
1140 2485
6253 4494
5628 7812
8553 1835
7701 9326
4051 9171
2055 8240
4024 6559
1537 8352
5209 2219
4966 7819
1035 1914
5674 8738
7592 5028
7528 4478
8147 2427
4655 8664
6467 941
7900 6862
194 4850
5717 3533
403 8497
1517 5913
9112 2307
5715 6213
3292 2584
1197 1861
4380 1519
2701 1754
6462 5650
7790 8286
9302 7837
3253 4991
3884 991
4655 6826
7243 9122
4588 8528
4192 9392
3941 1390
8062 9085
4930 6707
9423 5709
462 455
4392 5340
9290 2611
4120 8646
6185 847
432 5033
9308 5094
4361 8400
3772 1114
2907 3441
6911 4586
1980 4383
312 7821
9249 4483
3639 5541
4706 3686
758 5862
8917 2231
2717 8265
9057 7257
2898 701
1994 4119
9043 6017
1868 1769
3662 9946
8714 8010
5270 3209
3692 9452
4863 9838
9337 6681
8196 6485
9436 4224
1429 7725
6949 5666
3982 9145
8506 3835
9026 2451
9734 1819
2869 7632
2449 1200
8740 6936
6868 7392
4394 6374
4784 7663
1698 6821
3174 3855
4725 474
4994 2700
9453 5191
9966 876
6864 5609
1335 8301
3975 7748
6530 6698
2035 1902
8900 2817
9398 2019
7845 5497
4449 2423
5600 614
2993 4027
950 9187
8800 9263
9472 632
6291 7084
8965 2473
504 289
6335 1339
4241 9550
668 5892
9377 4538
6034 2789
3389 5441
5995 5393
5723 2482
9470 7248
5480 2397
692 7836
7379 3524
7982 9728
3534 6460
3490 7658
721 5739
5142 682
6601 8110
2218 64
8469 3367
3954 3883
5371 2619
6481 8700
3001 8947
3163 8411
8673 3845
4501 457
8232 5696
2907 9859
9105 4789
2907 5152
3115 1580
7644 1799
5096 8265
8182 8605
1673 1824
4975 9781
1832 3844
5624 9052
152 2960
103 8275
7804 5479
7193 7415
5449 4926
458 3009
9624 1960
827 2515
877 8357
1937 6488
6950 7367
942 6868
9784 8866
3371 7307
3989 5436
183 280
9683 3210
6799 4365
5633 820
1103 4524
856 8839
957 179
841 6830
942 3427
1520 279
3982 4391
4143 1302
7144 6774
2189 1316
5610 3376
9902 9955
2340 7720
9979 9919
9309 2261
5331 8146
2763 4905
5966 4268
2057 3693
3979 3124
9151 9308
9389 9511
7436 3792
8907 1209
6752 6560
6985 3990
4555 8511
7700 4295
8444 686
3638 8648
7276 1843
3247 6259
1846 9588
8981 9162
2022 3041
5545 2679
2523 3737
283 8511
6263 5622
1907 7409
7883 5191
9470 8229
7490 9894
45 4758
4842 6301
7557 8493
55 3436
8837 4878
5017 3079
3866 9070
4816 579
419 3084
5415 4678
3311 7365
3810 9087
8616 3916
7542 7156
7632 1767
7209 4308
7376 409
5301 9614
6178 6768
4954 384
5535 5603
9008 4485
466 2369
7626 7135
6210 504
7069 1424
9359 6771
9369 1273
796 8111
8206 1827
2345 4884
4981 7234
1730 1680
7172 7139
2623 5223
1046 5326
6235 8876
9640 2996
4110 182
5180 5331
6140 33
4778 309
539 7270
2889 7019
5042 2774
2025 7850
9102 9724
2419 484
9732 5243
2649 5698
5145 7198
6475 9408
2203 8465
8978 1305
5393 4673
6582 3029
9760 8332
7922 7385
8558 9791
8271 6820
562 634
5217 4558
7227 5286
8106 6737
3261 7796
2003 9185
7641 2877
84 5178
9953 1722
9169 8098
7925 2631
8898 778
9613 3157
6345 3299
5899 2664
6346 2656
1389 899
2197 9185
6703 6506
6745 5736
4889 3429
3915 1697
7754 9981
3357 6151
8660 9587
7315 8208
8440 8855
6389 8441
5833 227
6016 6942
5256 6290
5645 1397
3554 8303
4044 9504
4803 1493
6531 9117
3839 5847
4230 7579
4608 8829
758 8422
2790 2120
3621 9620
3844 4832
2075 2789
2442 695
2151 9472
9838 1927
991 8345
9466 8981
6861 733
1398 7984
9835 8727
7943 9373
8946 166
7406 9656
4948 6030
6345 3168
7643 4887
5939 6486
9474 2682
9013 9865
8577 6465
5535 3211
3337 7655
3360 7279
6573 3765
6799 1732
5525 5761
8693 3489
186 4400
6112 7011
3471 1206
3091 1733
7684 8948
345 807
2021 9255
303 5401
2850 5866
8068 1564
4132 3858
572 4829
9296 4614
789 847
7455 4158
6811 9553
8147 2261
1083 8589
4013 2599
6585 5657
3646 8488
798 5168
3838 9087
3032 5498
206 5138
2058 8882
2410 15
3551 394
6910 1644
639 6175
4741 1671
7002 1011
2316 9418
947 3373
6175 9030
133 6993
8200 9798
8339 6466
1798 3832
2397 9823
6751 5652
9850 7686
3532 8523
4591 8004
9685 1870
5466 9098
9720 9748
2728 9279
1668 4048
1804 3034
2201 6223
4094 3412
5733 8373
6875 399
5473 6516
6231 5914
7540 5308
5542 4496
6047 3638
7725 9820
3163 6864
4800 6390
3925 1623
9062 6784
290 1565
2477 3783
3572 265
5330 31
5162 5952
2496 4079
8116 30
7542 3534
8046 1825
6567 8287
2206 8995
5457 6727
5915 3722
2051 991
6466 4052
2526 8795
3406 7012
3273 9165
3144 3210
3628 5950
465 9621
2302 6210
7773 241
42 3374
5890 9354
1001 9329
7258 1591
5495 2161
6829 2936
6483 7766
3942 5890
5564 2658
4638 830
7618 1744
7155 2834
9706 6410
4089 6724
5337 5888
5577 3477
3107 3610
5723 8364
1777 8129
3152 8556
9612 9030
8151 9933
7336 6746
4536 1338
3941 3418
3202 9433
6776 2207
905 3321
2574 6075
7060 7093
1067 3808
4188 2304
8548 141
3974 3716
285 8668
941 1267
657 8587
1200 8627
2222 2176
2526 5475
7609 9936
3004 9403
6128 4442
4196 5429
2380 6791
7007 7435
5123 2078
263 473
8555 1596
9893 5704
1749 9116
3488 8895
2743 5745
6956 2287
8842 5838
8588 2238
7907 5640
8378 8337
4616 9694
1347 9560
8426 205
609 655
9194 9977
4896 9509
8399 8450
4450 7163
8295 5396
9613 7913
4175 8629
5892 7753
3983 8465
1148 3635
2711 3024
7820 5409
2971 4723
2078 5535
2012 3891
4902 3623
