placement model: 1slider
width: 10
height: 10
number of points: 4000
5704 6115
6409 1521
7877 8199
1529 7072
5643 7294
8442 8268
4797 8430
2891 4795
4639 3357
8240 6278
7486 5280
8637 4696
2548 2731
4827 9948
8966 5913
279 9489
5241 4587
9341 1678
9962 7956
6045 909
3698 2606
8139 2830
350 5185
4065 4582
6522 1904
1259 1422
7955 5765
174 6051
6136 7887
3725 1270
3894 9400
7090 4625
3947 6124
6492 5133
4496 7766
7768 5924
6758 1374
9835 7043
7120 2372
3587 9274
8797 7826
6305 9482
966 39
4278 245
8954 1625
9963 3007
207 3825
242 8797
6233 5669
665 5174
6345 275
8610 5590
9060 3513
4464 9632
899 2839
9433 1483
9619 878
198 1676
7815 6100
7483 4033
6515 4726
7644 9647
5733 4280
1745 8854
5059 8759
5553 5207
9371 7735
5894 2779
8492 5288
7125 1579
3316 8121
7457 8579
6156 3071
9830 4023
2043 9110
1977 5506
2551 1659
6010 1417
2964 7752
2547 4330
6301 8585
5249 9381
9647 3773
1187 1551
9193 8472
6224 3048
7813 8147
8557 9491
5519 5872
6556 9736
993 5036
365 872
7406 5065
8231 5026
3852 6177
7518 3805
4281 646
7724 4298
2789 4787
163 6555
7137 4353
9978 1204
1848 5104
7233 5111
1503 154
283 2669
7924 2453
3586 6587
1269 7174
1772 5237
5326 2965
9838 2264
1802 711
4934 9085
4035 1167
484 949
6997 5186
7710 1490
3169 3094
652 8833
7439 6819
5202 3410
6716 1476
9337 4158
7602 2499
2746 1112
7969 958
6824 6264
4286 1408
3455 4746
7744 5448
5025 1408
6448 5409
3629 4783
8370 8084
8487 8679
736 736
1634 5950
9871 8203
8422 7544
7202 2150
7594 6066
4033 2443
771 6137
4847 6511
6336 3830
5211 1757
4421 1664
5327 236
4435 5313
3210 3278
6470 7259
5985 7231
4869 8950
6233 5250
2950 2423
4122 5215
9178 8589
7674 4794
3009 1615
8131 2260
9284 1866
4672 2712
7141 7956
5045 2685
7229 4720
6674 7644
315 2595
5491 572
8065 7472
4192 7581
6746 6517
2123 690
4896 7933
1316 676
9280 784
816 8542
6862 3836
3525 8884
5041 6053
3872 8989
1553 8763
1248 1895
387 8285
2628 3975
1501 6143
6464 1139
5529 5136
2126 713
2676 9784
7898 3277
7466 5844
2985 9284
2281 6942
1583 8470
4838 459
1694 9345
6250 1296
9068 2121
836 5455
4207 5791
456 1091
2033 9937
7672 371
4519 4352
2070 1005
1208 1573
255 9704
4855 7361
3634 5493
6297 5742
3316 7109
7719 2234
9658 5476
7386 2461
3774 6810
1728 7374
4582 5635
6872 8324
2802 2742
7495 2476
6636 4037
2237 4519
8561 5121
2548 1566
5424 3393
6499 7445
8725 4689
2706 5550
9688 1127
4737 3565
1886 1948
2859 5564
4927 9983
9368 181
1427 2509
5971 6740
7436 4636
9056 5013
8081 1124
5188 7890
1362 1820
7156 414
9413 6339
9426 3479
447 6574
6932 1867
3742 5764
3847 9591
1898 9119
2176 5675
2575 3329
824 4279
1862 6761
907 1066
2601 8397
7825 9613
1296 8444
1178 2825
6148 1418
8611 8136
4035 5179
9637 2100
1177 5293
8970 2807
9636 2787
6827 6001
4269 638
5706 2843
3088 841
6110 5417
4845 477
4121 775
6040 4943
116 3480
7461 8502
5029 1885
29 1562
3649 2777
7878 4015
3455 1023
4957 1270
1750 9900
1614 299
7073 9750
2005 1063
8 1383
7858 557
1210 2124
5469 4633
4346 8284
3878 4712
4484 9668
3981 4407
953 3576
2973 6625
4976 7081
8324 5840
8639 8700
4362 2591
1524 9110
6334 6022
5247 1153
1217 5747
3637 218
9768 1449
8002 8928
3059 4915
4288 4579
6883 1866
2164 6818
3545 7216
3369 42
4111 8511
2693 919
4411 6514
758 980
5035 9670
7943 9528
1586 6645
2164 5440
1268 3482
9084 4728
4515 1964
279 9446
3875 2227
6556 1356
5312 2461
2189 7963
3777 8111
9370 2985
1107 4987
9240 2005
3426 6096
3627 9513
7107 2945
1206 3609
5772 6676
3661 2137
3563 6514
297 3442
2044 63
9455 7774
4867 5016
4694 1960
3178 5491
5111 4782
9125 7770
7515 7365
5344 1816
3721 5783
4408 4076
5778 7355
769 6758
2669 9549
2036 9177
3714 3201
7804 2733
8623 2964
4832 9860
2912 8862
5741 1491
2574 1613
6889 1904
2965 9038
3277 6191
845 8922
5817 726
4893 9163
5531 5529
4001 9203
8755 1617
136 5790
4767 2299
1275 6919
7526 1316
1383 2322
8054 9567
2809 8768
2409 2400
6383 6630
9501 4929
853 4333
3935 1621
2617 8056
2947 6313
4972 6526
5185 2499
1590 2590
2414 9913
179 6618
4333 6634
2926 8842
7044 9359
7554 6173
6887 1184
4127 4203
4809 4523
9681 6668
528 1947
6940 9186
9534 2442
3458 3861
2981 1981
8762 4159
5242 459
7447 2367
2797 4125
2738 7501
5040 8471
96 7169
331 9085
7505 6504
1618 6008
4836 4892
1318 2782
3209 6709
44 3176
8265 3070
2464 4496
1599 1061
9678 808
4526 6229
5740 9171
8252 7742
9237 9503
3675 2543
6771 3831
1107 9974
4672 1147
3105 1461
1906 7350
4327 408
5701 4535
3548 6266
1910 2750
7558 3018
9364 2814
5281 7489
2114 1287
4639 5636
641 5996
6688 6613
4286 6729
8699 9655
2124 5714
9021 6335
653 1733
7358 303
8005 9243
5634 8204
8367 2584
863 5640
3703 4107
8870 2821
774 7854
284 7654
2255 6053
4059 2656
5400 3140
7111 7961
6563 4785
7792 6521
911 9282
5981 3795
5540 3043
5127 8474
3062 8610
9636 6832
8092 4219
9205 6329
9226 962
5388 5460
7313 5341
5920 3630
2842 414
4014 9243
9806 3387
9132 4938
6079 5211
1824 9484
1739 1818
1868 2321
3614 2351
4717 5987
1726 3694
751 1542
2551 3145
5034 6226
2081 3090
3266 7365
5149 2060
8392 1405
8918 8109
2870 5337
8701 4409
2949 3874
5043 5961
4873 1845
6179 5891
447 6334
3329 1717
591 9581
8783 4200
4277 1572
3054 5844
8613 4823
9667 6554
7939 3384
1704 9766
2563 3064
7619 3031
2379 1409
3772 8380
9924 8799
5675 7442
3269 1285
8110 5421
5112 6174
6468 2955
6794 5715
5438 2264
1354 6997
9277 9574
7389 6733
2701 4120
1345 6480
9354 8106
7776 9421
8819 4468
5847 7504
9617 9593
1165 3948
6707 7007
3228 1583
4385 5002
8526 5331
8252 2774
1728 1894
9614 6145
2156 9985
5250 6270
5261 2478
7851 5196
4151 5709
6635 1617
317 4227
3760 2595
6521 7354
5884 5483
9743 1773
8424 6430
4857 6528
893 4587
9039 1147
9512 2930
3123 5404
5270 4962
1549 7521
2689 8551
4819 3110
4696 6743
4514 9572
9416 5412
9941 7431
4456 7730
6192 356
1462 1948
4996 7650
6556 6758
8399 8808
1111 3417
1062 8010
9148 8731
3212 5162
5352 1946
3783 4416
9017 7258
3492 1735
5331 8623
466 1770
7460 6130
7879 880
6060 6544
9817 6517
6298 2211
2510 3018
4251 1346
4670 6063
7828 6181
9710 4606
9281 3045
8587 5089
3891 2417
8707 9733
1798 7292
7701 9623
5552 5776
2116 9088
9949 8168
1287 290
3703 1074
571 8115
7112 6184
4697 6183
6996 35
1643 8450
260 6523
6525 4613
5691 9967
4119 2297
9054 2242
2721 972
8285 3602
4487 775
6489 7959
6261 6971
7421 3046
8932 312
4786 979
8867 7620
4687 3494
4398 3562
4878 4400
5958 3803
4459 5802
1139 2248
6215 4392
1929 6178
546 8174
4575 8647
2387 2537
1491 8369
7051 2159
6083 8808
6658 6952
19 1784
149 7953
5907 2223
24 4118
161 584
6555 6092
8003 3454
2696 9508
3580 2713
8856 7933
1359 5635
7181 629
8921 691
1601 2488
7922 6254
6562 3238
7568 649
267 8426
2649 996
5238 6620
3041 5990
5381 3150
1740 8115
1933 3220
8545 4866
5267 3927
8700 8792
6390 4533
7206 5071
8067 6505
7668 5733
7245 4915
4725 2354
817 9521
4013 3251
6945 3469
4591 4263
1975 7618
3864 3540
2419 7113
9971 6064
2644 8971
2416 490
7811 7484
4001 2194
1592 7381
7482 1537
395 3239
4084 7280
7514 4704
2633 2550
1601 6296
2072 1820
9596 8413
5252 2552
9637 1925
851 8192
1804 2974
2343 3095
1584 9958
1593 715
2183 3238
4311 4630
4310 5480
35 6857
6850 4055
9548 4785
7647 6350
2643 1593
3041 460
2802 1245
3065 3416
7426 7016
1262 679
3908 7155
6503 404
3332 7696
6071 4179
4936 3857
4210 8773
9780 6304
1475 500
5748 3729
7806 5547
4203 6446
568 1618
7765 2554
1303 4916
8736 1645
3621 8536
8196 4318
7865 1772
8014 9875
4724 2030
7400 1456
9316 6018
9989 3427
4528 9882
9074 4702
4309 2176
4317 7953
8168 5249
9719 5420
5867 8120
1498 1255
7543 2444
1871 3893
2290 3621
1634 4844
8977 7473
572 158
4815 9001
1257 6557
7566 8274
4189 6359
8334 2180
7771 3077
440 5485
4951 649
990 8665
5261 5062
4098 4545
5962 9566
3796 8531
3405 6232
9108 822
6098 7055
4621 9937
4555 9851
1646 4892
8748 3556
3526 4756
5370 894
2314 7525
3301 1951
431 7674
124 9230
2409 416
5565 1857
1012 2631
2058 2569
7538 5258
935 2848
9033 4972
857 2933
6649 935
8406 2825
7621 7310
3822 876
5008 6894
3832 3077
8560 7474
6450 9254
8064 4120
5269 8369
4923 2418
6028 5242
3707 4238
4635 6275
4789 1738
1399 2183
1598 1665
8081 8051
55 5325
706 7943
128 359
8672 1360
6080 2606
6401 9377
3615 7143
2604 1484
7310 8913
2271 699
8075 2888
559 1592
954 7414
2197 7865
1507 5540
3544 7431
6388 5827
6283 1658
8503 7774
8174 3776
1536 9840
2186 7518
6616 4654
2015 5613
561 3117
3136 8878
1324 2507
6895 5667
3239 5115
4273 7999
2519 8754
7508 2409
3302 6504
5520 8185
1324 9072
1422 5869
1515 7850
178 7329
9776 3350
5025 3111
6361 5515
7541 2314
1404 7849
4290 505
6531 4185
2994 3011
3113 1106
5021 6487
3232 5680
418 8534
8351 242
9673 2395
2830 6476
9635 7370
9200 8228
5021 3175
9429 9036
2297 8153
7406 9204
753 1924
3287 2239
5824 5647
8641 7814
9281 3717
5918 2550
3847 8853
921 2893
4947 8513
7439 3784
9030 1478
5437 4272
6892 1554
4041 9924
4261 9165
2346 3569
8611 772
8241 9645
1800 2365
4465 7605
7282 2118
4052 9722
2687 6666
9857 7924
479 1945
1736 8553
3288 1444
4697 7430
1078 3289
5415 4403
8268 3050
7136 6935
1505 2226
6104 7483
5302 8438
6021 2095
9570 88
1648 8720
4204 7686
604 4403
2082 9510
3303 6707
6248 6792
2646 419
8630 8872
7475 6198
503 1414
7349 7471
5017 8103
3621 1107
624 5716
231 2975
3618 9402
4035 2584
7117 9570
8232 7112
5377 4006
2027 3902
695 9095
8309 6021
6209 6022
8329 6539
1800 4368
7316 4890
8828 5446
728 7335
4978 6101
1747 8899
4009 778
498 1583
8019 7021
634 8252
799 7244
1385 3080
9161 8707
9444 7472
9793 2891
926 7608
2597 4067
6169 3822
8654 2370
2812 4541
2987 6987
3111 3387
7741 893
1340 683
5818 4536
7372 9862
2270 9999
8970 3944
9477 7842
7570 8360
9991 2955
2254 3872
3533 5050
730 3142
63 1112
8364 9313
88 1332
8195 5769
2937 7769
3077 2105
9370 7555
2328 8021
2494 7039
3380 5466
957 8296
5450 1058
7308 5360
3201 3214
4919 4575
605 9740
6763 6856
4860 5930
5150 2797
140 7821
2867 7916
3967 4052
7955 1907
1380 935
3037 537
2828 4634
4979 8580
4193 6976
8242 3251
4215 5141
4663 1144
9731 204
348 7864
1158 542
2332 3779
3618 6033
3106 2751
6538 1647
9264 362
248 8078
5026 6593
3266 9319
5951 5815
1590 5879
3472 8240
449 6352
6296 6909
4593 3298
804 9396
5834 5482
6562 4486
8065 9962
9612 9980
3454 4861
4296 3784
3626 840
410 3438
5320 2933
1035 6208
428 1637
8522 5155
545 8997
5631 6476
9210 5102
579 2512
1694 5360
1093 2519
9647 3171
9603 6140
5179 4864
968 9556
838 7208
9169 695
4896 3131
2154 4232
7314 835
8261 292
7086 1683
2896 7805
4768 8293
3355 6993
3546 4722
1016 7171
50 2825
3315 3780
8086 4284
2413 62
1340 8741
5501 2923
6753 8672
8321 2639
13 1507
617 9341
4374 6644
3029 2257
6329 1127
6570 3723
1601 9578
8309 8189
2516 8053
1692 9121
5497 1776
9070 5403
1371 7258
74 2801
7341 2830
2097 5031
6949 1086
1316 9378
3634 8134
1442 541
1276 7636
7641 5829
7313 668
189 5027
9082 9902
782 618
6799 9390
4848 492
2003 5598
9262 4132
2098 1324
6407 145
493 9974
646 3718
7006 2349
6588 3136
689 1685
1672 4881
5760 3074
3499 1897
1964 7058
2062 9492
8268 7422
8345 1296
9641 5674
7841 7212
9748 2344
306 4402
8388 2383
4779 9802
6975 9787
3867 4766
488 1684
9097 6114
8699 2359
8687 3392
7061 7883
4188 3671
6195 2923
9432 5501
682 5767
6630 9469
4486 79
1513 9642
1961 4207
7590 4173
6519 9042
7376 5659
6079 221
105 4413
8908 6584
3709 1968
1020 9145
5127 2968
7699 4554
7168 3429
7936 9109
9893 1108
2084 9288
377 2495
4027 928
4524 8291
4499 1006
1530 4673
1258 4806
734 8574
9782 2081
4155 2285
5731 3367
9469 3936
9558 369
1883 113
196 7427
1079 5110
8805 7234
9128 6050
9831 9360
8637 308
5846 9994
8052 3780
1328 7799
3781 2849
3447 6920
1430 5293
6675 1046
2248 6690
8591 8486
8089 5211
2725 7671
6045 8506
3632 7109
2182 405
5233 8547
2104 4654
2471 6936
834 8815
1365 562
6158 8618
7354 9727
2036 6163
9654 4066
4244 1442
4918 1248
2502 1928
8889 1044
6256 9288
8042 6139
5395 9247
8752 7049
6336 1009
4367 5977
1995 3962
4512 6281
2421 760
6142 4266
2765 7146
6993 1323
2577 6668
3178 1304
303 3573
9722 6028
5541 3746
6375 7514
3954 3901
5715 7194
5248 2101
8505 4237
1342 7075
7670 7249
4065 5658
1705 8696
7877 8213
6508 5204
2156 7221
5700 8041
9359 2157
8306 9697
7881 3178
2037 7189
150 800
9615 9601
3760 2881
8216 3662
8793 8495
4595 7321
7664 5606
5492 8374
3557 4593
4940 6323
2982 7787
5901 1976
3315 9857
1913 5314
1803 1424
6301 7214
261 3010
3967 3035
2251 1756
842 9833
4040 2256
4565 6097
6815 6187
3140 3354
8774 640
8960 8739
2982 8115
7130 7379
2293 4321
5305 245
2446 2103
3718 6617
1725 3119
2075 1871
5435 9834
7208 1860
7792 8438
7617 8908
4671 4712
6175 5698
4914 8410
4165 4645
781 8510
4853 1376
5602 3291
1282 9274
2511 2671
7804 8862
5689 1249
2756 9618
4711 9199
4648 5497
7754 3246
5528 2107
7120 5806
4795 8104
6747 2860
3844 4312
5626 5560
7446 354
9267 6503
8076 7740
7722 199
9591 304
3375 2
4358 1027
4204 9012
2452 2383
9223 2331
6981 4756
4331 3373
785 4909
5964 2204
8081 613
6276 8892
5113 9172
4315 8293
88 4277
6922 1617
6061 9770
2954 6156
9362 3122
3791 6907
910 899
3791 7655
5272 4815
4077 8006
1627 117
2983 177
4117 8443
5033 7932
5992 7349
5238 2952
93 7582
1208 4148
9791 4272
1639 1347
5359 9031
9658 8590
5826 46
256 8443
8615 8491
6340 1556
5599 5001
3202 8945
1922 2696
1186 2849
8073 8044
6755 4559
9418 2856
4429 7971
6704 9160
579 2310
9661 5761
4321 2012
9544 8205
7153 164
2185 6405
6843 1257
6789 3281
5688 4451
6828 1489
6844 2391
793 5656
2241 305
3090 2266
6894 7454
9481 5835
5876 9761
8869 4420
2791 2470
3755 3821
3031 5254
7163 7222
3056 2834
115 5728
1171 6207
7264 8333
6078 1100
5517 7502
2766 5954
2094 2622
4417 8115
1763 8889
3420 9384
1234 2313
3596 6399
3105 5513
7521 4961
1468 895
5175 8309
9283 5060
9377 1183
8512 9800
6384 8018
1262 692
178 8114
1547 7399
427 6075
283 1661
6997 1747
7899 252
5094 9983
2044 5743
8773 146
3080 1337
10 8961
4016 9003
5270 1248
9691 3962
107 7999
3446 9721
5508 7290
4806 8832
2270 9799
901 9606
1114 7787
4762 4037
3622 8695
899 2183
8788 5095
121 3213
1571 938
5282 2972
323 2862
8298 6051
5528 3464
2427 2928
8393 7828
2293 2915
6211 3323
5715 3258
9258 7908
4490 5768
267 4003
8561 5420
3415 1874
9402 5990
9040 140
1847 2247
1934 4271
6864 9094
9529 7148
7683 1173
1881 8962
381 7678
8436 7278
5272 8549
8717 9217
2599 4506
7871 4584
19 6569
7523 7506
8874 8720
1799 1088
1919 3865
2350 1787
9162 8381
8733 3989
4627 3478
7156 509
2847 6268
5671 938
349 890
2929 8159
3624 9938
6904 3863
8933 4614
6951 3038
5445 5355
6196 581
6991 3899
9093 8848
9355 7051
8265 9434
9390 3237
116 6027
2319 8793
7604 8286
1905 9221
2916 9482
2463 3434
566 3866
598 5734
3043 722
8562 2297
6243 5494
4208 9222
9913 7985
5316 9922
4416 3960
4304 6264
5252 9194
6315 6871
8754 7906
1319 2170
6705 6978
3445 4523
5221 637
5265 3204
3075 5065
4290 4355
6043 1950
867 9434
4931 5995
7802 8667
8493 8094
2329 5279
8117 8057
4025 7357
2327 2360
1904 5043
4805 5761
3816 6599
9372 4155
4014 8508
6307 4894
6137 702
3838 5026
4156 2772
8812 4756
1696 4496
5685 4012
2619 9509
1703 1725
6719 694
4929 1762
7245 6381
770 2116
4123 5948
6448 776
595 2184
8443 7007
8457 224
7710 7845
9195 1710
5540 6718
787 8190
9085 2545
2760 135
7629 7807
9944 2004
6110 1954
6249 2339
3457 1946
6682 9816
3245 3842
2968 3427
2425 4694
3164 7161
3826 2576
6422 2800
4089 4333
4729 6715
3181 6709
3126 9644
6768 9475
9723 4161
4131 880
5097 5139
6489 7697
1541 6245
7895 3803
3887 7408
5575 7313
4927 4649
2819 4701
6648 2481
4421 6958
7167 6902
7727 2399
3983 3250
4672 5648
6616 1040
9828 7830
7342 8877
2117 9260
2838 4195
4991 9089
3144 3265
3439 7279
7263 1657
4664 6141
8651 3999
2685 3322
5120 6946
4032 2668
6159 8157
1864 101
3783 8107
4777 5518
5650 3123
5901 3578
7974 8887
8301 3771
2665 924
9525 5739
9451 6613
2014 1974
5883 8728
9760 6509
86 6492
2126 6456
8981 3838
1242 2226
4907 2016
5997 6810
5331 4194
7043 3746
5351 4919
2786 3394
5454 4539
5576 481
8171 7644
9383 5609
2256 8680
8669 3584
2078 6253
1184 8315
1195 126
5772 1463
4195 7433
9206 1853
9966 7490
5172 7121
7135 3495
3061 9440
7325 1137
9053 2723
3588 8468
1466 6626
5793 3714
1455 660
5853 22
6060 2181
2669 2683
5361 9062
4549 7564
3298 9938
7157 3694
1999 5695
7395 7815
2366 8855
9908 60
2402 446
5435 894
2302 3777
8316 4006
2016 2772
8700 8714
1863 837
3636 8780
6189 7728
6878 7855
5338 9038
1787 5404
5301 4708
2994 1706
8492 8989
2734 2797
7793 2093
2589 9827
2868 9466
8675 7349
8738 7538
5522 4849
247 7857
8920 278
9588 5483
6226 1066
8818 1370
6934 6522
999 3398
4935 2562
3032 5790
6257 6040
888 5610
6652 472
2124 1560
1585 130
3929 2016
1393 4181
6202 9933
4496 7085
2775 9690
3609 7154
4561 8337
9806 9676
7619 2962
6107 1734
8469 4888
4992 5093
7321 1452
2264 7083
7799 6791
8549 8842
7527 4551
487 9252
5607 3858
1787 3481
2883 4168
7032 6381
4925 9836
8378 3124
1181 1036
570 8946
9291 914
3045 5182
4987 3313
4697 5551
7332 422
3269 1400
8862 3770
4485 2171
7219 8354
6656 4495
401 1883
7163 1327
9491 7064
9999 5207
133 6022
2521 5125
188 1467
686 8475
594 7499
8198 9125
9214 1919
6165 521
9946 3681
445 7219
483 6470
6991 2535
8366 1724
9428 6250
1293 7254
2399 1009
2724 4322
4514 9089
834 9426
9896 7406
7158 5908
8397 4998
4965 1328
6445 9024
6089 340
4040 7939
8584 1525
1296 5049
9081 2822
3948 9411
4060 9431
1409 4980
6002 7309
7869 4708
9211 9048
7808 576
7066 2089
543 9511
2994 1768
2475 5845
7055 5216
5809 6047
2200 4523
2709 8444
5043 5395
9686 7602
6989 6807
4332 1733
1380 3807
2158 3723
359 438
8160 1921
1706 3201
2179 1879
5619 8079
6283 4744
2882 3091
5471 7140
4227 4715
6038 1846
5756 6585
9010 7430
7025 8852
3628 5946
9201 789
7031 301
2553 9074
9113 39
1400 6769
1191 5067
8782 7562
4139 4318
6733 9482
208 2070
4447 5073
6823 7140
8843 182
3806 6817
1908 7059
9217 5403
3555 6807
5215 8099
47 3129
4362 451
2140 7983
8746 2445
2540 9772
6133 1687
2713 4472
3123 5758
4671 3528
7079 6752
2349 9276
8047 8442
1153 8084
6723 1246
3987 2820
3111 2245
2956 7745
49 6467
5993 670
8799 5298
4525 9871
34 2085
7010 7869
7814 4556
28 2273
683 9283
6823 808
9893 8267
2071 2405
7450 3491
7361 4435
2597 4111
6072 9574
6078 579
6126 2508
9126 4101
806 2253
757 2721
621 2257
9098 3243
874 9699
7666 2864
1283 340
6940 2738
1122 1586
6795 4070
6757 6664
6909 734
4839 5024
2093 6617
9917 7453
8231 3732
6515 9375
4265 6497
8999 4368
7901 250
1194 9973
4425 5916
3830 8642
5830 7231
13 4727
9380 7981
9591 3598
1947 8342
6152 3203
2942 1493
7376 172
2691 4056
2206 4279
6499 607
1619 2364
6213 2883
5361 9872
963 5954
3581 9363
6625 6598
4664 7786
8915 9444
1790 1938
5542 811
2090 8602
8292 761
7439 8320
5945 2348
6349 9612
6855 5675
9908 4367
2238 4718
7322 2221
314 5565
935 4445
1034 5972
5891 4737
5459 1854
7557 1749
9599 8106
2964 7582
2891 5243
1440 6711
7277 4751
3141 7233
5124 2311
5594 126
513 3345
6237 7334
1858 2356
9763 4119
5340 8085
5635 5670
5053 9760
6183 1156
9178 8706
690 1953
947 6966
7587 3929
1497 1696
7058 2994
2941 8659
9423 93
6297 1931
8715 8247
7131 7275
7343 3356
9369 2416
8811 9296
4309 4386
9030 9159
3688 4462
4133 7940
108 566
5147 2384
447 8476
7868 4203
8674 5220
9613 1888
1198 7491
9907 8526
7285 4800
5717 8039
8420 5765
4290 2593
3919 3978
6445 3136
4561 7671
3849 2739
3402 1524
5452 6404
7111 1923
401 8405
5412 7820
5826 7296
1126 3624
9611 3356
8099 1814
845 7347
515 282
6030 465
9001 6326
4871 2654
1582 5064
3867 2917
918 5562
1173 8601
6897 7142
2800 9778
1361 9273
96 4116
6994 8618
1786 6442
545 9130
4705 2793
501 8130
1712 2176
7148 4417
7003 7387
6557 7094
8894 9348
2804 6949
4043 5703
5923 5157
587 1689
3865 4775
8890 9386
3589 9041
9238 1718
5771 9269
2912 6008
573 9142
4617 1048
6056 2482
7129 149
4726 3849
5437 8118
3755 367
3078 2479
1032 4028
3815 3755
7274 2404
1459 1942
4946 7765
4722 6853
1438 6165
1039 6598
7557 3174
6128 3635
6060 7048
6269 5397
9783 2436
2714 9094
965 5831
8399 4484
6395 8795
6468 6552
9610 5080
3065 1083
5704 960
7008 6138
9425 2932
2981 3730
4944 6846
9880 6270
72 4420
4983 3834
1798 4108
65 1728
7718 8636
5280 4116
2134 2866
5182 1918
7237 7175
9164 4326
5215 8570
7974 5137
377 7658
8228 1372
8927 1336
6736 7386
8489 8950
8924 2751
8530 9112
2035 9770
2399 250
5840 7387
4105 8094
1458 6310
4279 4934
7163 3567
906 4583
2563 4065
5746 9544
3312 4187
5205 4704
7778 9689
2928 8316
7431 5942
7469 9346
2101 2822
1848 608
4560 2041
7189 5743
554 4991
5404 785
8850 767
7984 4816
4379 1182
7184 2027
4998 8586
7431 4718
8170 5439
648 8446
5772 5074
8063 6979
5497 9946
8392 579
557 9136
9638 9998
1355 8761
2966 9990
9109 9993
9637 5649
4211 5674
6556 6393
2938 3392
7004 712
7522 6331
2362 1932
8433 5725
2454 261
9939 4304
9704 8509
9978 5314
9091 727
6366 6748
7657 1606
6021 4042
8175 7894
4619 6806
5017 1634
1774 3449
95 3040
649 6171
1698 5254
8167 792
9180 5337
6086 673
7603 1327
4626 7970
2201 2301
1856 3660
2147 5728
991 5849
6718 1784
6730 7005
2706 1302
4929 869
2655 7222
1002 6022
1803 4742
3240 329
8022 3682
3664 1473
5584 4364
7506 9913
348 4946
4311 8519
9567 2129
4503 3342
7027 9314
409 1173
5752 1148
6434 5287
5398 6888
7276 9183
2776 6701
7534 512
8873 5626
4693 6767
5276 6896
4324 2854
4666 9889
5105 1418
5635 2705
9849 7296
4975 7260
53 7249
635 5549
8246 8361
4594 1097
4398 195
2040 7182
2214 201
4840 4902
8026 5841
3889 5549
2427 5104
5146 21
6460 6967
175 5735
5363 6117
7922 623
4844 5804
5877 8839
9584 3246
4053 5484
5675 9741
6483 2001
7697 6507
2511 6971
3626 4337
9505 6062
4778 4119
5100 2723
4988 3384
8218 2808
457 7412
2228 6010
9085 868
1260 6609
5464 1773
9360 2077
666 1476
6597 8057
2365 8923
3409 2136
9655 325
9917 97
6393 3359
493 7907
545 2422
155 9282
8830 1545
6868 9157
6789 8082
8580 6207
2471 6284
8463 2006
5107 8784
6197 5927
3772 2556
1626 9669
2440 1948
3870 3187
7993 3503
6041 7901
5898 8705
3717 3133
4140 514
4250 5696
1151 9777
7594 5315
2234 5519
8006 9199
9205 4865
5538 5183
5922 8243
3033 3069
2503 2445
6959 8704
6904 1802
1011 4007
9705 8570
624 812
8114 4264
2579 9444
7035 7803
62 2501
6105 6511
4533 2805
2901 1057
6176 6390
9987 8842
3427 7550
1270 8070
7049 4707
620 492
4125 7902
7035 2538
8191 6420
7277 6099
5231 2292
6520 3454
7819 8139
6779 4483
3208 2040
4297 347
5677 5430
8111 3257
9142 1812
3902 9446
7426 3865
9664 247
822 8028
8265 698
8296 5393
5161 8689
6390 2296
1377 756
7743 4086
8723 9220
7621 5379
304 141
1445 3356
5202 1117
6688 8149
9590 7768
7722 8323
4518 3367
7125 6655
9339 5162
8072 6566
5778 7208
2396 2904
396 5976
2208 7611
9763 5556
810 4395
5800 4007
2561 7557
6320 3768
8190 6953
6176 9040
6671 8307
1308 4536
6615 3124
5362 5669
7793 9966
8389 3631
4311 6726
9663 6760
1592 6256
6397 2374
6146 7067
4333 1618
9273 1947
3109 4809
9515 2848
6324 2367
486 3840
343 7020
6579 7619
3053 2822
3374 3000
9305 7142
6532 7267
4941 7875
4062 9905
6109 9908
8677 8875
6971 9285
3197 1772
1309 4218
870 2869
1301 6007
5004 940
47 4942
8690 3202
2624 3488
1319 3318
5040 7445
753 4747
7893 9178
7230 5000
1507 9980
4539 9258
4253 7845
9724 941
575 6217
9420 5547
885 5137
4811 2795
4780 7304
1139 9499
517 375
8233 105
3277 3254
9486 5146
420 5004
1159 3926
9378 8582
9345 1940
5142 9170
4429 6100
3176 7060
2300 1404
4052 6514
5546 3154
7061 6273
9469 6156
2902 7400
2084 3552
7502 7154
7567 219
8961 6212
774 5999
7220 4161
554 1584
5267 9403
3512 5600
5936 1310
895 3609
5996 1389
6272 8530
9704 6
4328 2410
7444 4883
4105 2390
8174 8121
2332 8998
8780 6311
7432 9556
2850 9361
7806 5183
2231 8278
5122 4365
2024 128
4756 1000
6593 223
1498 7679
4659 2764
2965 8741
15 6251
4697 4751
4581 9386
3948 6474
894 8913
9233 4237
6247 4373
4881 5949
7697 8641
4152 2376
4291 694
2568 4615
1113 4085
7815 6556
871 6593
2632 8632
7073 4425
5453 5510
6397 3707
9429 8481
1294 9316
3202 8523
5608 2953
3333 3218
6138 4277
1951 2894
222 9619
5507 9386
2555 82
1096 5384
1999 1572
6083 6806
2531 2688
1001 4350
3340 8992
9647 632
8260 9477
7050 7720
6827 6862
591 6344
9475 7406
5939 9263
1506 9168
5652 5703
5195 6132
9914 3517
3710 4697
3855 631
4738 7999
7225 6122
1633 6784
6158 3854
8257 7556
8013 2635
2226 1279
1804 4446
2972 3645
6073 1490
4280 9494
5511 7735
1292 6915
4407 5221
9440 6460
8770 3586
2222 9964
3077 5611
3383 5496
6998 4194
1870 3321
6353 6869
5693 9829
9705 485
6186 3693
9712 642
3564 5370
4657 8869
1300 6312
9018 974
8940 5496
8838 8506
9453 2449
9358 397
956 3564
4987 2736
4146 1942
3358 7641
8477 2353
7381 9308
9538 9414
5214 3567
1702 8448
8200 5206
8468 4575
7459 6272
6193 6558
5532 9145
6877 1767
4037 8580
7713 5778
4961 3300
2281 3215
4111 3683
3945 9523
9051 5264
7143 8917
9943 4864
6989 5953
2581 6008
4740 122
6779 2128
8417 8735
3107 7033
1286 3414
9812 1939
6592 1145
4212 8361
7909 9922
8760 2765
6559 6730
6689 9618
6319 536
8176 5472
8208 3364
4129 7126
7136 6417
1406 348
3452 3652
9243 5429
9092 817
1054 633
8899 4628
840 2118
8231 2794
8934 3295
372 5485
2386 6547
3848 9368
9445 9688
6790 3340
7788 6160
4077 1940
6096 9702
6040 9341
7820 4707
4712 3445
4454 4401
4112 5733
6211 1379
5031 9855
5508 8863
363 4082
9283 5665
6168 8021
192 5513
6733 3085
2678 8033
748 6783
5791 4899
2959 1795
7121 1451
453 7536
4732 4918
4251 981
416 8426
6479 6993
7206 8636
8113 7047
1783 7323
9869 5695
2004 9178
5033 8223
8660 9705
4871 4156
9612 6721
3684 110
1696 7340
1099 1975
9863 1850
7870 8733
4705 4585
1517 9468
1148 5821
7826 5912
9385 5901
3025 5479
3464 5381
4678 3501
4227 6645
910 8694
959 6692
3412 1900
1395 2122
4041 1043
5766 8481
3193 4739
1336 1432
2089 3540
8005 2490
2888 1283
8182 7452
9692 1269
9295 6536
1267 6531
9174 5890
8584 6924
3466 1102
8984 5426
3695 4628
9199 5807
2860 4576
4663 1588
8172 8485
9571 6808
5647 1508
4784 8359
1761 6297
6496 4457
7523 596
214 5949
4468 5266
799 8344
5820 4954
3277 196
2986 8398
2639 5442
253 1365
36 5357
5120 2765
2921 6668
5253 9080
385 2915
8714 1506
8955 7018
6973 666
9698 1416
2490 6256
6728 1903
4216 6041
4827 4053
5135 491
7029 5709
1321 3553
6503 9043
538 4438
1942 1858
7118 2616
2924 8473
8776 5668
2957 7987
5425 6579
7822 5395
9950 8737
6227 4864
745 9103
3833 4750
9815 6995
4006 6635
8623 6466
2964 3171
652 9123
5648 5383
3552 1827
356 1341
4705 6693
6632 4960
2558 9497
4933 754
3631 7338
6853 9581
9403 8424
6145 3542
5352 2200
8407 2540
7470 3731
9148 5578
993 9661
2110 2402
258 4835
916 173
1709 1941
1674 3047
5791 553
7918 6656
9306 1536
7938 5511
8086 8019
3374 9488
1112 5481
5796 3277
802 187
4939 9607
8946 3180
5397 1243
6523 8877
5403 6448
376 9730
8845 4544
5907 7232
5021 6494
6333 3000
9219 8031
5297 8061
1729 5873
209 3317
7898 8232
8672 333
5904 5740
9601 3744
6386 7490
9828 8869
2052 644
1257 810
6709 743
1477 8905
3939 1155
9368 9013
1274 5062
728 8442
8622 6908
6951 9311
1979 30
6544 9820
9960 7134
852 1325
7377 3406
9895 3875
4067 3000
2279 1571
7135 2188
5839 7411
4039 5982
3595 4133
7865 6641
7859 734
4983 3098
668 9571
2528 5901
682 3600
5279 9399
7834 3434
7738 9469
1763 3217
6675 8885
5817 7694
7111 3142
9254 596
6314 4055
1702 6461
6124 1949
6281 2920
8684 7704
7285 8177
1116 5316
5137 4413
5286 902
5199 3648
5994 3808
4109 3100
5056 9298
7656 5396
5440 7873
8518 4975
9025 8142
4317 6948
1748 5655
5398 6065
4199 1777
2942 2383
2396 9543
1952 324
1144 8237
2961 9251
3077 7846
8562 3986
3417 8116
5165 70
4757 9697
9195 6609
5913 4943
3531 6198
678 841
2837 5332
3291 495
9903 13
8614 601
1189 9494
6412 7273
3178 2215
2177 6644
6727 4794
5394 7439
9912 2650
9984 7541
1884 42
2687 2202
2261 9884
3321 5709
3785 7872
9614 2478
8462 7028
777 2038
4963 7896
965 4015
713 3561
2110 6435
1434 1467
1961 2215
6427 4984
6683 3979
1983 160
9049 4732
9400 9765
325 2339
3920 6119
156 5382
1479 2694
8905 7534
2096 4634
5331 1904
1777 265
3045 5967
8416 4582
2491 4955
1310 8780
7782 6255
2147 3513
548 8634
7392 62
4217 8711
6630 107
5363 8453
2607 1904
5357 8132
3924 4526
2782 409
3294 5919
642 3222
6529 2943
5100 3900
8526 8546
8513 1080
3638 9088
2645 250
8394 5949
19 3978
3299 4861
212 4740
3653 3464
7584 8230
4753 6898
6554 6556
3096 4992
5153 4692
5983 7380
5544 7696
3396 4203
6671 8147
9831 61
4789 5355
8103 8382
6056 1469
4614 1667
7052 4235
7185 8666
982 7090
1494 7827
7212 3650
2457 3416
4139 9674
824 4371
310 532
7929 3247
4328 8000
5655 4708
8882 1865
203 8683
3364 5524
2135 5070
9999 8824
8511 8118
1893 1968
12 1243
2087 8981
1983 873
6352 2519
4591 1391
1240 2991
4099 8795
42 3413
7333 4683
2322 1942
4525 5605
2559 836
4758 8937
6450 9967
6657 93
3378 9698
1056 2907
3938 6143
4402 6078
4562 462
2350 5321
2970 6394
4869 658
2636 1059
6666 8508
1278 4565
7293 6300
8729 228
5209 1443
8959 5460
3872 8552
5814 7013
6454 4262
3674 8727
5868 4514
2814 3119
8637 8173
4445 718
6230 2662
4865 1723
1154 3122
4983 9332
1263 9141
6879 4106
6128 913
584 4940
6999 8910
615 7178
7574 8256
857 3471
6690 3603
3185 917
7141 8967
5962 48
5681 9159
5681 5078
2698 9388
2751 1583
4690 6954
7709 490
8443 2128
3216 4039
4502 9534
8640 657
4661 8457
5818 2509
8962 2875
362 4
5970 4982
6204 2421
2504 4518
4890 2225
5782 9446
6339 2252
8710 349
9847 4028
5009 8228
5061 8235
5876 6142
7243 1186
9142 2073
2054 4725
9351 3784
9872 7290
8601 6059
237 6676
4533 270
1945 6571
3824 5912
6532 5900
9078 4738
8408 5955
4457 9357
2937 7113
859 3791
2656 2370
8632 6764
8013 8928
2700 6899
2844 5894
1130 8123
115 5247
337 9415
8040 853
8624 1537
852 7025
6796 4265
5757 1013
9974 4217
3346 6412
1008 6115
5776 4394
9746 5724
8970 5378
9121 8375
8329 1783
2350 3505
1144 3443
6159 4912
1450 2109
412 7092
8732 6564
2487 3929
3471 820
6042 2300
525 7417
903 1783
9071 4621
7430 3513
458 1983
4839 3677
7761 5597
5235 8718
1366 2961
8334 419
808 9882
1610 2565
5988 2395
8080 5666
4040 8164
1298 2650
8068 4562
832 8230
4246 1383
8185 5208
7835 2
3287 3950
7455 7999
986 2087
1757 6011
25 4005
2758 5009
4787 5976
6812 3745
6806 2913
6613 7989
9311 9798
2467 1040
1858 754
147 7850
3940 5858
9248 8265
9350 7609
9816 9304
2127 5579
3855 1259
5056 7963
6339 5870
9107 2072
1314 8831
9143 8843
4557 8138
3562 1607
4449 6594
7182 3826
9533 3105
5688 6334
9339 6680
8860 1059
3478 4457
7285 8576
4898 9848
7924 4146
5485 5090
59 6974
3333 5938
8067 5138
938 7115
6095 6327
9399 8024
9651 7889
7646 5152
821 1876
7597 8583
3988 6311
3627 333
2396 113
6628 4675
5214 8007
7637 2219
9914 4341
9906 5239
3660 1168
5614 7149
5432 3667
4651 9696
6742 2848
6853 1781
9524 179
7010 8672
3894 7035
1452 9328
2490 6418
6083 6780
1483 4717
7481 1127
2828 8446
9366 4911
8821 5635
9077 8154
8541 6134
1009 8505
3979 6023
4900 3571
4471 3805
5709 5659
8526 1987
3887 6410
8209 4377
2761 9435
7193 1010
8223 3519
886 5472
8925 9251
9478 829
3002 3916
4681 1422
9637 4210
8812 8534
6317 3688
5533 1208
6093 7190
1873 2756
9898 9396
1998 6645
5628 782
8987 9850
5211 2399
5646 2485
4113 3913
4995 5622
7516 7708
1359 8697
1624 1687
6300 9848
2621 2200
5551 3378
6903 8563
8904 9489
6829 2881
5320 1237
2936 3619
4989 4047
5835 2101
383 4543
9251 8263
9618 6812
4579 2192
4264 9936
8986 1340
3851 1460
1171 7830
6456 8674
9500 8795
1688 9355
488 6146
1501 631
3434 706
3988 9435
4978 2304
3922 785
2862 7225
4303 8911
7742 3080
850 2146
2522 3885
552 7476
3549 1080
5516 7384
3391 3382
4613 9342
7284 6110
2559 5163
5425 8939
6957 3013
9285 5393
9771 1581
8672 8295
4046 4836
8481 672
9759 2955
1280 5977
6384 4439
9430 5508
1909 8982
4927 3313
840 1119
7575 5842
7807 4719
7619 7003
9638 5525
6805 1028
8734 8754
8502 279
4627 2269
281 6217
3939 9239
2011 7294
5057 8715
3792 8067
9166 8723
603 693
7468 9201
1472 5328
1008 2911
9359 6013
4969 2036
4348 3677
884 8785
9078 4935
4164 3534
5581 1984
7384 8101
2005 382
6186 974
8582 8597
9524 1984
7082 9005
9753 4970
7091 1687
6964 8450
2436 2565
6155 768
9088 2000
769 427
2027 9409
2103 3183
3089 8877
9731 5267
4224 6732
448 4725
1057 998
9645 1653
8411 8721
6307 9826
8286 261
7896 3218
8447 9717
568 8373
1978 856
5153 3426
3712 1537
148 3407
7670 3402
304 5376
3481 4299
9335 8346
986 9174
4180 7211
2244 2229
1309 5046
1771 1816
1765 790
8826 1010
2069 8807
6506 1204
7188 9826
2235 6225
9065 9144
2143 6052
6676 7876
6200 167
9481 5728
3393 4732
3027 1125
1571 7044
2873 1031
1100 708
1978 3424
7566 7853
7507 979
2893 232
2092 524
4682 5216
143 5429
8903 537
8551 8310
2497 1658
6624 3596
112 8018
8817 4239
9013 8135
1408 3548
844 4558
6845 3211
8564 8138
5258 4359
7048 7817
4772 1752
1809 6366
4641 1632
9746 7621
1798 9384
4471 3066
6036 9166
1540 5050
6601 3930
7047 3390
9677 384
305 4839
1929 4816
7992 3379
6598 4092
9308 4929
3368 3694
2353 9624
1320 9414
2407 5107
1716 622
8035 2423
9101 3201
656 4766
948 2922
766 587
6600 1380
9749 5660
4739 5834
470 7959
5754 9036
1268 4393
5996 4792
1031 6994
6587 5688
4485 1454
948 8205
4317 7132
5106 2329
4242 6287
3819 7664
393 7826
375 5860
3315 2797
2404 2561
6583 9784
2947 7000
6689 3109
9259 4460
4249 7545
5027 3531
2861 667
6268 8339
9534 9118
7792 2952
9221 5439
1867 2912
9338 449
7639 3111
8742 2850
8204 978
8954 4719
3995 8234
5322 3476
3192 7514
6186 9038
3431 7694
3855 6266
2941 4105
5778 3088
2326 194
1047 2939
6310 5176
3919 1142
6318 6127
9522 3392
1018 8269
9578 8231
2245 1896
1447 244
6153 7004
4870 7746
3897 2035
3068 9400
4701 9896
945 1823
1344 6861
4894 4613
5290 4448
6325 8560
2367 1967
9383 1684
3009 2645
3941 1124
4096 5622
4298 4080
580 2808
2648 9999
3176 1363
5624 9311
9240 1706
802 3413
8666 4431
6146 2454
2330 2783
349 9609
9964 6670
442 91
6533 8335
7508 280
8366 4820
1188 2693
2053 9274
5743 4094
8363 4103
2138 6010
1580 9623
6170 2465
1664 3993
4128 4997
9998 7012
2490 5851
3847 4185
1278 4036
2833 7835
8898 8485
84 1997
6236 1556
6092 1267
5192 1803
384 9050
992 6699
8131 4563
3371 9757
7540 3109
5517 4867
4598 9330
128 6964
4166 9258
310 1157
6320 6828
9830 1290
7467 216
9066 6137
581 59
8207 6005
7793 1594
9652 9742
4389 4773
5894 177
8580 8761
5067 4452
3040 1340
5874 9137
3709 9498
2697 6660
4464 7391
6937 8386
6669 9737
2871 4399
4479 8217
343 9791
7138 5791
2059 3466
2579 5964
4444 474
2635 6370
6306 7032
9969 4492
2957 4465
2826 4268
3789 697
9945 6250
9128 6030
3758 3541
2799 9647
2244 2623
2282 1225
6700 1562
8000 8836
5465 1694
5189 3258
3479 6489
2448 6730
6785 1058
7793 2883
8857 3779
8948 9421
6096 5760
4710 4322
4970 4592
9967 1574
3893 9652
2463 9157
4720 4964
2316 9071
7480 112
6788 6105
250 8588
419 4936
1439 7794
4718 5865
64 9174
1185 7410
6875 8407
165 825
1236 8649
692 9256
4155 6041
6339 1514
975 8213
4376 1731
4829 3876
2498 1425
3322 8254
9539 5997
7967 8453
4392 3801
6492 6832
6439 784
3372 8673
5075 7973
4468 3085
3440 6541
3252 4436
5411 618
5017 7970
3756 7248
3287 5588
1483 3877
137 3283
8068 5547
1744 3079
3598 5021
3907 1579
3856 7953
1477 3227
545 6142
3411 2764
2085 8183
5396 4188
2011 3878
5359 7941
4083 7782
620 8450
5623 7537
2513 4853
8804 3339
4470 3265
5349 3215
6783 3114
4967 6651
4281 2057
8593 7883
3189 6919
6437 1022
811 1910
9771 7643
2634 4003
4085 7329
5782 2290
7917 8794
9462 5985
573 8462
5155 1046
5554 7335
665 7392
4078 2443
8397 4383
2032 7368
5106 9578
5732 4795
9562 7349
8373 1755
5533 3512
6062 7611
3904 4159
6996 1275
5692 5504
9800 3115
9676 3060
1224 2244
6672 3295
4904 4390
5569 8308
7913 1800
3044 6395
361 3724
1767 5733
1456 3391
4537 6588
2796 3265
6054 402
6311 5871
9218 5940
8615 1910
7821 8777
4860 3693
6789 396
3651 6206
3777 3148
2527 1231
288 3018
6246 5680
1897 5123
4869 8601
5785 5986
5655 3301
5408 8060
870 2566
9024 8461
1219 3131
204 1058
7855 8417
3189 8947
7702 4663
235 9743
4402 3004
1229 1868
6872 6681
1010 5586
7318 3732
1029 9344
8128 6957
1982 8402
4841 1610
9577 3256
6073 3556
6061 7802
6177 3152
4252 3989
56 3821
310 3328
4047 5671
7280 4744
1156 3045
5650 4093
4206 2135
4495 1930
7218 262
3816 2258
6618 9593
7524 7881
4499 8383
4812 4494
3891 720
7518 8978
8169 6244
3072 9841
5600 6542
9093 2350
1599 5184
6192 114
4572 2005
666 4208
1653 5937
3864 7100
7261 4384
7743 2304
1583 7388
8500 9850
730 879
4428 7659
7090 9580
9129 6158
1661 8911
4245 5704
5370 7485
1230 8019
672 1500
4456 5951
8383 742
7683 6615
1782 198
6319 7454
601 6874
9732 3435
1530 4843
359 3188
3266 3618
517 1771
1926 4687
616 1420
1725 8723
6753 8461
8663 390
1374 2771
154 3321
488 3001
1512 8285
4423 569
7614 687
9444 8937
125 7769
7651 7374
527 2683
2363 715
3701 6096
1573 899
1452 7558
3414 1682
3179 84
2048 6353
2801 5780
223 542
1479 2493
708 6862
9292 1020
8174 289
1976 121
8328 2626
2632 6369
2467 2786
3509 3952
2573 6616
4768 7677
6185 9588
4671 1269
4863 8843
3515 7277
3040 9484
2193 300
3426 1759
3319 1121
9093 4940
4004 9362
8427 9019
4405 8526
9015 8073
8374 9257
4119 4426
6993 277
9557 2131
8216 7534
2894 7504
422 5867
9949 3795
3062 3890
7721 4139
6094 9115
8430 190
907 8422
3405 1861
9851 9939
9636 4447
8081 8476
7785 2882
2945 915
714 3353
9075 7517
7535 5871
4998 2267
9805 928
4414 6361
9404 3927
2252 4977
4856 7638
5163 2252
3969 62
2888 8479
5676 8507
7825 517
8142 7144
9771 713
1574 1304
7690 8072
3364 8348
4654 1425
4734 4927
5892 9694
9757 3521
8254 2358
5035 985
9818 2095
5310 6005
5102 2604
9827 5858
6857 9036
6528 5389
1788 703
7231 7886
4961 2500
7375 3309
7944 2195
9182 9059
9786 5327
1592 3375
998 9868
938 6528
1025 4939
9132 3348
5506 6375
3546 7981
3013 5701
5546 7844
4319 4707
5231 1571
6891 5769
559 5177
7078 7141
8893 5276
6969 7498
1432 3604
4570 4155
1779 516
9632 20
492 5049
7145 247
5071 9083
891 261
3886 5134
4552 333
4784 9258
4769 7345
5883 6891
5741 4675
9766 5039
1643 4309
8591 1229
6497 548
6899 9331
5866 7730
3599 8766
9763 7813
1007 5145
9084 3569
6356 2578
5988 1034
6477 7178
3179 3954
7022 3814
1304 4355
3526 2786
4993 8455
2986 1734
5294 7421
9442 966
9951 8995
1007 7940
7267 1775
5183 1466
4578 3505
9283 2168
4611 5055
664 8954
4066 3545
5880 7306
2114 6363
4408 1891
4273 7371
8512 2024
4527 1940
3069 8849
7710 4506
3135 2146
6739 4981
9394 6888
1471 6422
5388 1248
1809 5000
8074 6430
4550 3760
4442 5863
2373 5132
975 8820
9828 5277
4311 5760
3139 2058
3053 3512
266 3167
890 8628
4433 3017
5790 4550
4350 1096
4274 9232
3608 9346
9170 1033
2288 3213
6057 5972
6801 5509
7873 7390
6749 1820
1961 4537
4395 2463
1164 3403
3144 1366
4806 4923
7386 6400
4182 5374
6579 7071
245 4923
4938 9584
822 6814
7578 7654
7936 9708
565 4413
9653 4482
2929 6125
1790 9996
3686 5420
7824 879
1222 708
2017 7397
1347 6126
1846 1278
7424 5003
9400 4301
5995 2649
1092 6615
8676 4017
7359 9414
1865 240
2850 4689
78 3055
6449 6251
8476 3648
1701 6077
7492 337
4510 1159
9001 868
5236 1634
1390 3429
5053 1221
9639 7867
7182 6084
6515 1863
8324 1658
1402 9330
2062 3604
5483 8239
6469 24
3570 2136
7371 9623
7058 7431
106 7538
4866 5194
2302 2612
4002 6277
7053 6650
8665 2845
8718 9011
3708 3665
7341 5404
9981 5141
9042 2363
6750 5328
5766 7225
4811 7819
4453 4703
3198 8889
4373 6694
8102 2547
7401 5635
528 8873
5575 8963
6963 6229
294 9767
449 6905
7739 8818
8274 1655
3922 1897
2593 1249
4882 534
5493 6694
2336 9350
3528 4339
5920 7944
4416 9820
3771 8044
3517 4525
4786 4158
667 9643
6944 1494
9663 647
913 6517
6309 98
3650 8550
9167 4246
6476 3784
1797 3974
8504 2989
8784 6131
2549 3356
9044 6744
1127 5676
2230 7685
9951 5866
4691 7654
7143 1105
8911 5252
3188 7273
7095 6832
9602 6965
1704 1283
400 8368
1979 3531
4596 5536
4966 9634
495 6325
8475 5258
6322 8001
74 2883
9089 3298
7291 7807
3175 4582
1983 4365
9710 6697
3674 1676
8976 471
1451 8445
8957 5272
4892 566
1036 8256
7790 4031
6389 3786
630 9815
6508 7268
3096 2121
4753 4692
2932 3296
3891 9913
893 9206
919 3920
6646 6448
9323 6354
7935 1567
1304 2747
7568 6001
3814 7877
2385 8307
8342 3132
184 7121
7119 9803
9147 3043
4539 9194
9314 8165
4070 4048
98 5570
2771 6709
6350 3252
2972 1374
3051 2120
4205 1223
7929 5677
9030 9932
9350 7192
4572 9673
1529 7859
9578 5461
8176 6634
6209 5621
6887 6327
604 5443
1380 6553
4358 5614
4840 378
6127 7240
7719 1851
5722 7377
1818 3166
7804 3610
5335 3777
8402 9423
4740 289
2281 4864
