placement model: 1slider
width: 10
height: 10
number of points: 500
4302 5571
2918 1062
6643 6890
9928 4992
3576 4203
1634 1710
9399 7725
865 5405
9503 327
3350 7414
2471 9287
98 6602
4470 6593
1146 4848
9600 3637
9737 4105
4202 3396
492 3995
5113 9977
5568 7937
2759 5305
3580 9464
3601 3922
2272 4993
9626 8485
9502 6529
3963 8561
3345 7962
8525 1499
7397 2791
3339 7226
9188 1757
729 9082
1880 6642
6363 8260
5933 4778
1425 3875
8504 7130
7407 1714
2164 5991
4216 49
9821 1318
5942 3690
5906 978
6111 7048
2208 9711
8933 4004
8413 2819
8135 137
1372 6842
3281 1082
764 692
313 1377
335 4803
4043 7921
8420 7687
3053 5330
2347 3513
6108 4399
1449 9724
8424 5440
7673 7300
5277 4273
3640 5954
6194 3488
9698 6547
7865 816
9159 1633
2998 4965
9103 8839
3121 5748
7891 7654
320 9831
4524 7374
4994 699
806 7180
2716 2703
2144 9696
2789 7164
3648 133
2215 2305
3894 1790
9352 7196
5226 9856
3820 2765
3596 7977
6534 9917
5744 3173
9851 1518
4072 8032
9942 4465
4230 6738
6622 3882
2832 1516
7165 4121
8816 9060
1381 1350
7017 6536
6715 9652
6049 7824
7335 6189
8215 4492
591 9968
6673 7396
131 8604
8803 8759
9980 1716
6639 5909
664 5610
1271 8771
7632 3569
8964 7158
7191 7370
6022 2574
7525 101
2032 2901
5796 5730
8525 8932
1491 1779
2866 6895
9085 9549
2800 4186
4761 5513
4399 357
9747 7849
9062 3291
1213 7519
6373 9703
8067 1516
249 9735
5180 4581
4748 3981
4936 1420
8431 2861
6542 4275
256 2666
2239 4484
2627 4468
4530 2795
6827 6217
4610 4741
8653 5815
8474 3173
6473 9410
7511 291
4603 9639
3453 7302
47 3495
9587 5017
5050 4178
7673 8563
9260 6845
8455 272
545 6589
4313 3857
7023 7169
1416 4962
9857 8302
4983 846
9216 7557
5289 5823
6695 5049
1583 5369
9122 8194
3066 3176
1963 9344
9085 92
5585 1900
2096 5410
723 9647
8520 2842
8760 3381
1430 4756
937 96
4691 6318
5143 5416
7716 8007
6254 378
6555 8871
8204 1518
4848 9356
3937 8501
7188 8374
1140 3768
9134 7746
4994 2245
9830 2023
879 9283
576 9833
8366 7996
4373 1588
2103 399
2169 7557
3274 1542
9770 5738
1207 8369
35 3772
189 1357
4625 8979
2044 1340
9978 2181
1155 7036
7555 6946
699 1542
6504 3037
486 3972
8515 9076
1894 7358
2557 2510
5326 2377
1872 4115
487 4623
6835 5359
4229 6821
4747 5129
7332 1445
7926 9329
8178 3401
5797 2758
4186 9107
6204 9285
5530 8070
7086 4240
7291 8832
3084 6567
1055 8164
893 74
7561 7207
1483 2637
7109 2462
6015 9297
7762 9179
3864 72
4723 8298
8538 2153
4823 9327
3283 1171
5372 1626
4647 1051
2978 395
5716 4436
1264 2313
7214 2738
9269 2713
409 3553
4633 8738
1820 9963
3362 1050
2498 6678
7625 4675
9792 8974
819 4309
8866 5894
4887 7133
3456 905
6536 6670
2323 5437
8730 5345
868 6068
7057 7309
2654 7093
6626 6664
4872 2540
1495 9255
923 267
9600 820
8436 7914
4092 1148
8302 8941
516 198
2220 3304
7946 8813
7896 8861
3025 9947
2162 5743
8716 9867
7474 1007
5240 4049
5354 7549
5410 9510
9992 2421
111 320
4619 1294
8880 1601
9538 9967
2416 6144
1786 4597
8081 1738
5839 1358
894 7910
6867 7689
7396 1540
5552 3848
1703 7214
7146 1629
5002 6260
9883 4912
7766 4687
7794 9508
4992 8043
3479 2475
1939 7601
4111 4788
4789 350
3430 1009
5748 8195
8433 2498
9978 1930
62 9334
8487 6974
5317 8873
9046 2638
6052 2978
7864 2533
7355 8894
9870 7078
4595 4653
3928 3289
2138 8441
3882 1279
6173 1815
5862 719
8606 1171
2877 8181
3515 5398
2303 8435
3554 1341
2744 1288
6450 6623
9969 6926
1249 9413
2369 7391
7232 1452
7172 2711
6852 6922
4949 5721
2482 1178
8449 1319
4622 9577
8148 8901
8300 6991
2483 4426
5803 590
4037 3954
5977 5423
2544 9614
1711 137
7060 8215
9029 9442
2419 86
5381 3017
720 7918
471 2978
2405 7651
3157 3268
4575 9646
793 6647
2577 8314
7368 5232
621 2501
3726 695
3450 8939
1587 9780
7263 2311
164 1525
6411 1178
6066 3003
5514 4406
3978 2647
3229 3341
4533 7318
5295 4753
175 3571
178 4059
5467 5326
676 4307
9580 5249
1556 8325
8606 8647
735 9163
8389 4815
1180 2842
2587 5168
2155 54
4122 6066
3984 9372
6398 6176
6978 3351
4688 5733
4946 9856
7538 6806
1786 5487
8936 5398
2970 8030
6511 7661
4443 3503
3970 8087
1303 1316
4603 3073
8392 1512
3974 4573
1182 9928
1975 3362
5792 5524
7179 7548
9429 2680
6214 8241
9337 4689
5163 355
405 4514
7692 7686
3515 2172
110 1229
4008 151
931 2391
9302 8649
8506 405
6634 2685
683 4692
7280 5142
4783 8983
7256 4265
3525 9027
8040 8261
7487 3577
6704 2464
8790 6628
7515 9763
8615 4916
3412 9089
1429 8424
598 2814
210 1027
2731 133
1498 8525
4306 5196
1789 3980
8986 6813
8049 7119
9264 6937
9664 9361
8159 765
4243 4874
3888 9887
2287 4179
2308 6191
3744 6021
2634 3647
4210 5268
1843 3988
8390 2696
1135 5566
1791 6253
7704 3282
403 2432
5142 2589
4248 7617
417 762
3391 3458
294 5959
816 9271
7920 2720
3810 3422
304 1234
9462 2329
5712 28
4937 3985
7856 2531
1870 1573
2652 8246
9891 1813
1917 7498
3451 3347
4067 4862
4556 9595
3177 7506
7810 5990
5092 5666
3571 4275
6067 9626
2560 7505
5971 2707
6861 9109
6249 6920
1495 4520
2400 2542
6839 8102
6594 4652
5036 1282
7471 9482
6081 7702
6362 6377
5836 7286
6281 229
4930 1375
1346 3662
9999 9804
7745 8656
6097 7089
3116 1485
