placement model: 1slider
width: 10
height: 10
number of points: 2000
1870 9417
8904 7231
6584 412
8531 7646
7273 2052
4146 1414
9645 2429
1015 7871
5313 1303
7495 7364
1013 6129
3336 6192
2704 1325
1311 4498
7479 1790
216 7384
6149 1125
2537 5021
8865 580
7882 1935
4093 567
7824 1166
3739 6881
6320 7214
4264 3843
6575 1687
1907 6954
2402 6828
7417 878
1405 2510
3650 6629
240 8113
2165 7480
4780 7273
2438 7266
3998 4559
1027 8608
1454 7547
622 6714
8015 1968
8235 9198
5621 8666
7844 7343
5 643
5048 8532
7870 24
8089 5109
1497 8139
4084 7538
621 234
8279 8417
8635 8025
1600 1379
6200 4509
7723 8526
6797 984
992 6881
1135 3500
821 3576
8797 5207
247 8343
4822 1976
5462 6621
327 6630
392 2703
7205 6417
9796 1937
638 7224
3036 6459
3335 2346
4954 4022
7908 8513
8213 4590
6327 8392
1641 2066
226 4839
5860 5002
8367 7670
9589 8855
8544 5265
8709 5003
5923 1125
6017 7292
344 2464
5471 3625
2000 4521
559 8232
217 4429
3642 9365
7527 5233
2068 7898
2669 359
7379 4487
3502 4662
5262 5111
4334 7730
8984 4021
602 3006
512 1156
6952 2384
3257 7722
4130 7970
1833 6957
4819 8644
891 2309
6106 2150
4539 4210
4422 1600
3160 8485
1242 2248
2669 8513
9406 2050
1347 1966
8865 5135
4583 2637
1657 8975
4526 8696
7343 6827
9345 5220
6547 2580
9355 4806
1633 2841
1063 4637
6421 126
8336 8962
2668 3981
8780 121
3255 5663
8738 387
7104 8549
7760 4917
4204 3133
500 3920
9137 1969
4752 1340
2575 3872
1122 2982
9437 6353
3360 9344
7421 8299
9418 8367
2946 9039
4113 3407
84 9915
5959 6386
5890 5148
4846 8872
3832 5060
6541 4268
7350 7487
5149 7265
4050 680
9500 6653
7944 5674
9009 1066
4934 1753
6158 2741
9921 7946
9132 5179
5144 3143
6337 2659
2645 4727
4231 3952
9158 3734
5094 4121
6035 6157
8405 1029
3356 3175
499 1807
5436 8776
7031 9265
4403 193
5528 9164
8089 4763
7610 8796
2357 1308
793 2826
330 2722
5240 486
1026 8764
4540 1939
9812 696
9198 3596
6942 3655
4538 9968
9914 7880
5173 7478
7747 8994
4633 6382
5368 7050
2540 9882
3033 7893
800 7767
4248 536
118 4705
6166 5964
4340 5719
5103 8448
9107 7313
8846 6350
6218 2065
9442 7239
6808 4394
4730 3014
22 7657
4597 404
791 6257
4203 6743
1953 9857
1452 476
7312 2642
4507 1706
770 8850
5668 6147
2900 1371
9139 1076
4083 3551
3451 3141
7121 3310
659 7418
5265 237
9888 955
4596 9301
2844 5492
7511 7071
4496 9616
115 6522
2591 9072
8491 5747
62 339
781 9722
3016 1165
4138 3910
3637 7198
2237 15
6887 9599
4904 3971
837 453
740 9397
8693 4999
8845 4578
2013 4305
6029 5717
3013 7737
3505 2537
7484 8152
6766 7952
8875 8730
8248 3238
9073 3068
6326 4500
1352 1384
5483 1533
1768 3065
6423 7191
8664 8480
2316 1721
8511 296
759 6730
5848 4841
1547 7392
7799 6389
6882 4446
2081 4990
4274 3949
977 5096
5873 1105
6147 6465
4195 2479
6591 3489
5086 4678
9097 4988
859 9265
2000 8174
6828 9155
4359 611
4592 2976
3833 6537
7926 5395
736 3176
4773 4784
4792 9967
8343 3089
8971 1628
3618 848
1195 9684
9007 8291
7281 7498
4002 1424
7993 9376
5390 4010
4177 6382
824 3662
7335 7191
6174 300
1586 4051
5560 700
5567 1973
4260 8574
893 5654
7952 528
3844 8873
6348 5857
1084 8111
4472 9792
4910 2207
5856 8385
4001 8052
8722 6216
1200 1543
4903 5542
325 3856
6152 2708
6854 2673
77 5833
7847 1828
2122 7371
8974 7488
8082 186
3148 3647
2527 4556
6902 5455
7973 4659
7809 2093
1041 2985
9546 5330
6022 5366
4799 4663
2221 7311
3802 4612
5470 7083
2919 2237
7929 8578
4814 4004
26 1305
4551 4435
6061 3644
2908 7084
841 672
6031 8990
5826 5236
7289 5757
7596 193
4111 9374
2083 5699
8687 7000
4984 6214
5903 4158
411 1089
4517 7465
6407 6770
5485 8019
6334 7301
5891 5703
8348 6047
2175 2004
6149 8981
421 8780
5227 1419
2278 2756
4504 2885
9413 7886
8599 9363
2290 3793
8676 3848
3557 5718
6356 9465
7862 8351
9201 2228
9204 3634
6475 7398
5719 545
3717 4926
2954 8637
9722 1623
3307 6443
6498 443
7805 192
8696 6422
1907 1327
1892 7237
504 6729
3965 1162
7574 245
7350 6275
6962 9799
7646 9265
8792 3132
8921 8637
3369 5123
2360 574
2946 1963
7822 5785
8252 628
7667 6970
2925 2811
3804 7143
5555 9061
3710 851
7925 6174
9038 2065
7896 6922
6518 3825
6204 6222
9030 1907
4491 2667
859 1446
4286 3934
1085 1326
5078 6765
4005 5902
2604 248
2556 9040
2563 4033
220 1150
1811 2402
4588 5328
6493 4331
2857 3744
1823 4933
9310 8244
2108 2687
198 7121
5223 6611
8984 9889
8948 2169
6811 9529
2858 3377
2963 842
7985 2897
3992 3071
8349 6568
6743 9605
4063 1789
7085 4290
591 3503
9737 4741
9626 9921
3959 320
8660 6946
6743 8756
5448 130
953 379
3309 3780
5331 9057
9396 3354
7637 2857
7233 3889
3079 9489
3917 6251
6783 828
6717 9997
6979 1394
6102 7995
2369 308
444 956
3067 2501
9136 9936
5446 9315
8533 519
4714 3097
8070 4429
2528 38
5409 5409
6697 5361
2323 7067
8888 2395
4045 6941
8760 2230
8738 7638
7229 645
1226 8751
4765 6415
2007 5092
9670 5671
2269 4382
9007 2715
3931 5264
379 5837
3731 1335
4287 7240
4695 9778
9963 5067
5600 6978
5822 6566
8744 7073
5395 6565
6999 467
3642 668
1974 977
8564 2992
3505 9008
8243 8217
9463 4500
8609 4896
4735 2578
7853 6342
8251 1806
2414 7003
9915 3040
7284 7552
4121 2064
3750 1067
9173 5064
7367 9095
2612 9017
9789 4344
1128 8474
8347 6951
8091 1289
7884 6102
7887 5970
470 4141
2416 1708
5490 9507
8464 2346
7864 5877
3296 3609
8097 4056
5079 338
4207 330
418 2613
5024 4509
5582 8344
1278 9222
6325 2481
2100 5515
842 267
3189 5701
2685 9284
4048 9028
1774 1119
6444 9266
9577 2732
7607 9065
4357 7993
8288 1891
5647 3568
7037 8209
7487 5269
3840 5658
7866 7018
2586 5481
1928 7689
194 2110
2258 5588
6629 9941
3085 6503
8115 8423
687 1198
6799 9520
1029 8614
3255 3657
9132 1136
3658 2688
9232 593
6716 7971
9605 9328
2815 7809
8463 6586
9641 8659
6897 8398
9579 3796
1715 8200
9574 7609
7212 891
9939 1337
2315 8398
8890 6039
9226 1792
1967 2181
659 7828
1768 2008
2442 5790
4226 3655
3478 4311
3303 1606
9862 6737
9370 21
1972 63
1592 1931
2100 6926
1802 5307
7922 5447
4765 8862
5518 7140
160 9189
6049 897
7560 901
7573 6986
5071 247
3795 5351
5304 5275
9469 6770
5234 9018
7815 6385
5226 4934
7282 7812
5535 4390
3798 6411
8811 3602
994 8457
3949 4248
4813 5879
5745 9731
4655 2409
3234 6177
2922 6671
6524 2667
8985 8430
3238 4547
8323 3245
4964 2833
9086 8915
811 8551
1028 9587
9701 6561
3760 3491
5360 2108
8511 1085
8806 7992
7230 7102
6275 5721
7743 8983
3384 9864
1382 4008
320 8378
7688 9848
5926 79
7749 1732
8839 475
4747 134
8987 3802
2684 7265
6736 7629
2413 1722
4587 3722
8772 9335
3336 5534
5109 9608
2494 3507
7058 3010
2761 9513
7102 5017
8554 8216
9453 8726
5572 9723
4222 6348
3544 5012
4765 5902
8272 276
9588 7451
211 8061
5167 635
9228 4300
2157 3579
386 1381
9646 6570
326 3237
1669 7301
8749 9312
1820 4082
3195 6892
3236 2190
6162 8546
3497 5486
8005 7070
3377 4699
2761 5788
2418 7404
1472 6126
6861 3333
4034 3606
6112 1640
5488 4386
2399 1458
5800 7222
8091 7469
1337 352
665 9507
2455 4545
6432 3444
3851 4428
7133 7320
2173 7312
2186 6152
3826 4524
4149 5183
6964 7824
1107 1291
2533 8755
6781 1235
7062 3388
5669 1683
1243 7009
452 1737
8568 6185
4205 1352
579 4512
5625 6856
9082 3189
5857 5814
4892 5663
4871 8369
6326 6390
7161 5418
1584 9567
7119 6404
9847 5170
6045 2143
9165 5979
5036 4798
6420 9899
2256 859
1968 1848
3278 7425
5373 3264
4607 9351
3908 8267
1982 9566
8763 8156
376 1389
1989 4494
1376 6101
8463 5701
3091 3210
9870 5364
4143 4430
7773 1850
5182 8177
7764 1630
6381 8151
6870 7617
7305 1536
7842 7273
6777 738
7925 431
9570 9751
3531 5440
31 6319
6698 6702
2106 5572
267 3519
4620 7319
1371 4939
5465 3665
8337 2719
5669 6055
3171 3799
8016 3152
6995 2569
8069 6629
6053 394
7070 943
4998 3914
7962 5113
9504 8807
4039 3116
6685 1000
6481 1287
5782 2957
5950 4889
8027 7059
315 6112
3503 9450
2345 677
5846 7334
7934 5992
2110 4842
3371 5650
2142 9020
5143 8851
8189 822
9731 7147
6591 4492
4975 4348
4012 9129
4739 344
5701 2053
827 2893
9762 864
1572 1796
4055 7620
3703 2203
4253 1759
245 6208
2616 1912
6764 9804
1643 1401
6383 1676
8472 646
5585 6190
7165 5155
6491 2248
8682 8350
1411 6549
195 8125
5463 5337
7021 6878
3093 540
1259 5227
6097 4373
2713 6498
815 9426
6055 9061
498 8076
4554 4909
7224 1819
4060 6438
1905 384
9204 3196
8478 1502
5789 9156
1518 4222
3968 4080
6679 6860
6067 1175
255 2778
2206 1008
5200 2474
1237 290
7567 2694
7799 3826
7839 2543
7872 5640
1543 1688
730 6660
9468 478
1172 9554
2811 9292
5320 2420
5609 8873
67 2422
5830 5923
8686 7277
4158 7993
501 2818
9058 6546
7972 6059
1533 5246
9328 8472
4948 4972
564 3026
9653 6093
8047 2282
2515 2425
5552 5058
774 5084
5835 110
6458 3575
8321 3421
2915 7374
8677 2308
8879 4798
7469 5365
4213 9237
3963 2776
3880 6815
8340 8270
6297 2573
5599 4326
6153 551
5033 2250
3632 7830
3830 9443
394 1237
5034 1341
8433 7197
5803 5564
2882 5701
6908 3140
7751 1259
1747 2362
4467 9475
3059 8444
7918 4142
9319 9388
1020 1494
9048 8121
2506 4480
8284 3919
1076 3103
3006 2201
7568 1630
4354 8936
1886 2581
3697 9353
9131 9025
1476 9318
61 296
1761 9785
4535 2443
6225 7908
3560 2096
5192 7062
961 7413
6950 9890
4781 2315
3198 9854
4136 7766
4094 2689
5084 6317
3309 1861
8329 2024
7883 1211
3203 5056
4472 9099
4024 8064
8298 4626
7864 1649
1397 2297
8784 8843
1302 9442
5410 8440
5305 1843
821 983
8757 5372
6297 5065
1040 4597
6607 8380
5445 1875
1370 8045
7568 5870
8262 3684
9969 9188
6263 3339
1454 4797
1227 3477
9335 1234
2200 9384
4240 3817
8117 1033
8896 5551
6742 4390
4943 9435
9290 2590
2778 5195
7619 4923
998 6783
19 7001
8156 9076
3426 2591
2110 8656
4016 3980
1995 8113
3238 8588
7034 3751
7377 1356
8120 29
1155 9517
5131 3283
5383 1267
3908 1557
7429 5512
4785 9135
1018 5374
4555 3800
5527 2959
178 7163
2056 9518
2549 1332
346 3835
7494 3828
7137 8971
6058 7065
3428 2375
6335 4949
3850 1048
5082 3484
662 9356
4701 9178
9482 4781
7137 5713
407 3532
2327 6325
7487 4570
2768 4743
5720 7216
586 1413
6388 7776
5577 9194
2784 2024
9868 6113
1836 6756
8327 9829
313 7785
576 4952
7045 6831
8198 2434
8224 1717
541 1911
925 7961
8962 6843
8608 4283
5941 7133
4727 8041
8670 3705
2569 5004
7895 8419
6614 8194
3805 6691
8116 7298
9048 3830
4362 754
7621 5238
323 5473
216 8412
5924 604
6438 2624
5635 7752
5872 6603
8269 7159
27 2770
5287 9475
3022 4159
3695 2785
9219 8019
7385 6744
7937 2715
1369 2982
5891 735
8022 3396
888 10
8709 3001
9272 2664
8267 5349
1898 7684
1799 9599
7651 3835
9371 8054
4873 3564
2471 2321
9490 3626
4796 4555
1840 1587
9923 1917
834 2690
1106 5548
5748 3257
7719 5433
4111 974
3721 1934
162 5549
1674 8156
2222 6212
1596 6715
4496 1250
390 835
2373 9329
1713 883
6140 4468
1647 9780
1421 4179
2927 1213
7084 2486
5896 2146
6871 9726
3439 349
5752 6966
5032 125
3543 8950
7146 2284
366 4059
3409 5391
4392 2419
9320 6483
7752 8559
8800 8972
800 1544
6010 1079
8924 1563
4117 8829
8465 22
1535 9224
381 7267
584 52
720 4592
4414 8056
5500 7200
6016 4131
5324 998
4572 7201
2283 4527
1769 9391
4692 2608
9438 1518
3241 7896
9659 9453
9684 8984
2638 1327
1955 1409
4933 2652
342 2620
4340 1198
4060 1499
4397 6962
4965 88
1385 6132
1630 4572
3926 4818
9456 8284
1904 3530
6362 6827
1257 3540
5215 7047
2104 601
8155 6602
7151 9524
6328 801
2568 1938
9604 1412
9487 4328
9620 6662
3866 8896
604 848
9333 9550
2829 6960
4025 3664
6372 6226
6423 1024
2565 438
9472 1739
8754 7841
7597 5875
1286 9463
7076 9493
7136 5458
3309 3066
454 8345
9455 6972
7854 126
6144 5871
6318 4690
3183 970
1800 6522
9127 7632
8280 2929
7678 9586
5482 6322
3398 1008
7675 2911
6716 1639
1752 2024
6273 3180
2122 8255
684 6733
2758 6487
5117 3383
6092 8043
965 573
8723 7795
2606 4279
7703 9372
8214 5108
8888 8684
6697 8697
5076 806
9265 5101
4636 3659
317 7219
3672 6417
425 5621
823 1103
1194 9313
523 5497
2071 3999
342 9749
2394 1115
971 9753
6046 8961
3330 469
1162 9105
6833 2138
1656 4722
8483 2637
6954 5839
6401 9582
9012 8261
8409 9892
8882 7175
6251 8879
4239 5398
172 7480
1571 2529
8814 2847
7698 5737
3415 2891
7161 2250
2854 4302
5395 6370
7812 5506
645 4839
7712 5122
6164 4541
4310 970
4849 828
9000 7403
6 3413
4202 9249
4270 295
6012 9325
8118 273
4046 5096
9326 7630
4727 3767
5989 3074
887 3022
4392 7530
2792 9536
1247 3837
184 2133
3222 7171
216 4347
9580 9578
8104 7724
6715 4611
1975 8615
6011 3227
3756 3669
2217 9241
9306 3170
658 704
6606 4996
2683 4744
1 96
1262 9902
3548 129
4728 6891
5208 2149
137 9729
2975 549
7002 8887
9092 387
2184 1613
5517 9692
3149 2135
728 9754
1450 846
5138 9602
3459 6979
9577 1058
2756 5442
6845 9192
5097 7921
4164 9068
8132 8616
3290 7102
5023 1950
3293 8829
6847 6114
686 234
4920 6002
8438 529
396 9715
1780 7612
8816 5830
3720 4656
4728 5296
6260 7362
7052 3826
5456 7007
1235 8183
5819 4962
9625 475
3768 1721
6895 941
6628 5451
6097 7477
1421 5719
525 3987
3014 2662
4409 3244
9501 3891
8118 198
2621 6785
6794 5465
5408 4959
2583 9429
4789 1477
9916 6032
2717 5164
6679 7160
2456 946
1687 5106
2576 511
606 9798
3417 6158
5322 1939
197 49
2861 3749
4280 991
1024 4857
6555 1309
2515 5032
4227 6854
1246 4746
5138 7098
9809 6941
2754 5140
4628 8644
2029 8571
2636 3799
5046 9062
7717 7642
2629 3725
165 2652
8305 6643
2097 1564
7679 157
1736 5295
4495 4978
9783 1039
9830 9471
6389 1595
5133 800
5355 4204
6618 6235
693 467
4058 1087
6909 4458
1734 3608
8119 1994
2914 76
8693 9905
4914 9809
9981 9954
9907 4514
5773 2372
907 3342
2558 2741
2188 1424
8296 9203
8517 310
872 3807
3444 9285
2030 9019
456 645
5608 4694
1879 8527
3864 6291
5812 7072
3260 1466
9943 7952
903 3183
251 6894
7652 8900
7048 2891
7471 3563
8424 6051
4718 2805
8608 3533
9763 6416
5442 3788
6997 2088
9986 6421
4597 5268
4551 6436
1650 2926
3600 2459
1723 5159
977 2424
2119 450
7238 3919
2385 634
4393 3518
8773 3654
3546 414
3690 2866
6825 6328
7523 5420
8585 5213
5060 6730
5255 7522
4092 2632
1291 9614
6552 9214
9010 9204
7861 5515
4700 2854
843 4983
607 1773
6537 5338
2243 3988
2514 5918
869 3090
1701 2394
8695 9816
6792 1390
8121 2242
5359 6168
2021 5819
5084 3203
4339 231
6680 5374
5129 9615
5851 9742
226 180
2261 8955
6158 4289
477 3426
3297 8194
5368 5807
1976 4236
6348 415
5185 2113
3916 6243
6999 6944
2288 6465
5691 6720
7462 2890
9188 8314
7143 8908
7969 6020
9399 3498
5467 3316
8842 4540
9432 4323
9263 8083
8842 2471
6358 834
3846 8023
8950 4675
1306 6578
6695 6100
2365 1148
3787 918
8763 262
274 8166
3370 23
6966 8305
5626 2237
5964 339
1385 6685
9750 2446
7006 8788
3536 5147
6147 3991
1163 1492
7004 5879
5101 8233
9451 7250
492 1946
8958 4347
2532 6508
5460 8723
8027 5289
2077 9923
4138 34
8614 8652
3689 4857
6637 5251
5525 3759
9747 3050
4792 92
8946 583
6287 8712
8273 1035
6618 1435
3366 8907
745 8281
8899 6230
5738 7617
3511 1826
5157 1868
1940 7085
8278 6249
4625 6393
8672 789
5431 1648
9169 7886
8656 6339
8162 325
8374 2476
6659 1987
8361 7982
1056 6458
827 4375
7215 2429
7684 7703
8910 5046
3715 9873
3028 2040
246 9528
5127 1285
6303 3900
1521 5491
8259 3261
1461 5991
6472 6971
4073 2980
2938 5201
6914 3529
9664 3171
938 9929
4775 5857
8400 3214
361 3822
9139 2513
8571 6266
4429 4693
5111 9209
7771 9336
3910 2989
6810 9258
6204 1484
3866 1334
4612 7229
4905 8953
4860 7675
4272 2101
9148 298
9487 8794
8484 910
5009 9733
9881 9011
6098 5020
1976 2155
5703 4461
3492 4414
4748 2906
6761 1492
8820 9215
7118 3655
8804 8569
2596 8132
8629 4727
2090 2415
4125 9578
8429 8431
8448 3316
5683 2759
7167 5440
6234 4189
6254 6115
139 2880
3267 9075
5863 3106
641 6603
2633 8963
1205 6753
2995 806
1888 2702
3039 6787
7305 9876
1967 7187
6433 2768
7780 9643
4807 2199
7545 2645
2106 2160
4461 377
9734 4718
2967 5480
4090 3244
192 9351
2683 9504
8436 6524
7781 2667
6452 6462
7652 1992
7596 8569
9537 1994
8997 7431
3349 3925
9692 5236
4191 7954
9479 7861
4518 6809
7437 5674
2227 7629
8351 2213
8851 4868
137 6597
1221 3460
2805 7257
293 3460
5128 1747
7277 496
4033 172
5806 1533
2177 9441
848 2659
5623 3893
9060 7979
4059 6673
32 1120
2855 4626
3619 9068
4443 2493
7402 5116
1939 2479
1498 353
5523 9670
7785 5027
4973 4301
9171 7819
4120 3699
3869 858
4936 7676
146 5538
6754 7394
3017 8282
7237 4640
7958 2808
7774 938
5397 9013
9121 3338
3166 7459
4767 3789
2370 7450
9123 3448
6697 2500
3444 8112
8555 2688
3146 715
9768 5317
7024 6229
6200 5595
1380 4030
4709 3259
3616 8473
9510 9211
8988 4880
3641 3537
6926 3788
658 5615
2544 5972
3649 8206
1899 6192
6248 681
5940 8437
6265 5824
4471 2020
3152 1122
8286 6704
4637 5103
1633 8280
8524 274
1976 1675
6325 2759
2042 3253
5108 6874
2724 9736
5483 1297
8327 8118
3122 3460
5524 4159
9185 8809
9495 8413
1768 4145
6412 5531
6373 4952
795 9367
8538 5318
9209 9441
2468 8858
9377 280
1092 3003
285 3636
6282 6724
2933 8834
461 7851
9323 8613
6138 4399
4026 8919
3766 9615
8431 4468
6308 3128
7856 3176
8162 1304
1671 7022
9147 5719
7471 6921
85 9904
3904 3892
6591 3830
7734 2390
7495 7146
7817 9045
3033 3164
9410 4313
3300 429
3798 7869
2543 7463
2528 7038
8293 7623
7685 8974
2165 5265
9395 1492
3013 3036
5597 957
1563 9565
4190 3004
7766 4498
911 116
8945 7014
8596 7019
7718 2784
4760 660
7391 5310
4781 6131
5544 1215
5345 7893
2872 2716
2275 9142
3421 6599
1110 5942
1787 4924
8661 1044
9788 7818
6470 3293
6537 6388
329 5534
1968 6435
6577 5006
3807 2618
5763 8072
5808 1574
4226 2135
6385 6455
3018 6776
3340 9767
3535 5860
7261 182
6219 3738
4603 9978
2423 7394
5532 8458
4521 765
8732 1358
5282 7773
5685 4747
3029 6327
2916 940
2419 7907
7730 3016
1967 1636
1946 279
7258 6698
9186 8
3988 3930
193 6713
2766 5598
4837 7660
1599 6897
1138 8874
8109 411
355 4722
120 8891
6185 8139
2516 4391
1025 1230
9208 4179
1001 4886
5881 4359
2609 1536
9754 887
263 2695
4516 1412
463 8424
9276 681
4497 360
6902 8895
5741 4796
8636 4557
6924 1957
5280 9283
4829 3093
3429 7550
4088 3642
2667 5161
2145 3960
9974 6732
2017 9508
8605 6643
6947 3920
6637 7625
9943 3649
4641 1173
1166 4885
6129 3613
8509 1950
9512 3951
5161 1938
5970 624
5267 6670
7321 7203
788 3270
5285 7332
7236 2288
5536 4721
8524 8953
7206 3541
999 7823
9679 3729
3902 2450
844 7753
3421 8333
1429 475
1896 1340
2534 8235
5239 8679
9646 739
1123 13
8378 8970
951 2680
4743 9559
6982 8428
1331 503
1346 9092
2138 1800
6870 6760
4632 577
1461 6270
9864 6962
2555 7166
8491 8415
3970 9198
8980 7768
5681 1581
431 2869
460 562
9567 4944
6315 588
6245 2568
7294 7580
8431 9870
5394 6346
315 993
7083 7981
6302 141
4949 8558
7816 6041
3099 8040
5304 7068
3797 9375
7198 4341
1293 1030
1734 8600
2702 2789
5409 412
8975 3155
1255 8656
8578 2707
6917 301
2157 6978
4771 4185
8476 9664
3177 1008
8982 9369
1236 5942
5785 6977
1969 9231
5189 4150
7389 3111
53 1086
5906 4442
4113 2611
7147 6039
6981 4716
1091 7113
5574 6435
8391 675
8290 8378
8857 1114
6899 6522
807 2122
2579 9455
6357 2866
557 3274
6768 8572
2591 6313
1021 7512
3658 8685
8618 8806
2565 3978
3431 327
4783 5376
9702 4319
6828 6127
5875 2401
1159 2601
7895 5493
8023 6835
4909 7274
8793 2796
1196 4785
6117 279
1251 8909
1396 4689
8552 5872
1200 9478
2318 8633
8379 3614
3459 2968
769 2071
582 404
1307 1961
8259 1393
2502 7551
3101 9963
8139 3905
2176 728
5820 4096
9000 8643
9603 330
9439 1685
5498 297
2308 8118
6249 4247
4899 4938
4681 4154
926 900
8872 7530
5023 2890
3818 5667
6539 7997
5728 345
6823 7553
8514 2077
967 4015
798 1010
4799 1552
4151 7422
8755 7861
2788 9347
1841 8795
5676 1538
8956 5143
144 1388
7896 8422
2662 2864
3507 3276
9662 1153
3735 3295
7650 6794
1200 5422
1358 3942
9712 6013
2291 761
5819 3106
2096 2634
5548 646
5542 667
10000 8985
8639 3610
8037 9173
65 2186
9770 5198
2310 5121
2479 5272
893 6290
490 5717
3908 1942
2286 1252
7366 2423
1277 2148
7721 8266
5916 5061
2257 3978
8315 783
3316 4316
1984 7245
9400 3332
8589 9104
2440 9490
4221 3987
9082 5067
5102 6685
7696 7870
4019 2240
151 2335
2157 2077
4235 6536
3064 3303
7071 8211
2111 880
8617 8130
4905 177
1935 4294
3177 9054
7863 3471
5296 5457
6841 4675
1577 886
9871 5453
9307 1140
7363 5335
1807 7617
314 2857
5697 7577
6636 8425
1492 5476
4675 6138
2139 4734
865 2942
8097 2162
9128 1312
9796 9625
208 780
