placement model: 1slider
width: 10
height: 10
number of points: 5000
5637 5787
6919 6889
5302 8229
7506 5602
7847 382
9903 3145
603 3922
2414 4269
6741 5441
8887 2007
1367 9790
6359 7294
8484 3095
1071 393
171 8696
8164 6777
9036 3047
8684 2510
9178 8539
8250 2277
7301 4215
5157 1496
5828 6396
3892 768
8790 2620
8960 7803
5963 913
592 9608
3742 2680
7914 1081
520 7429
5912 1331
2444 582
7892 8623
1121 7419
1250 5994
678 4202
3416 5586
7406 9915
1570 1677
662 8572
7002 3579
2217 7277
5818 6032
8532 1986
7571 8968
7730 529
4659 584
7475 180
5003 1139
670 4890
7025 4765
1088 916
3273 7323
9503 7510
9123 705
8424 6523
5619 4221
7751 7517
5702 8070
2520 4189
8344 2924
3657 3801
8594 7051
6038 8993
4890 9150
5164 6566
4647 2892
2319 8916
4769 2149
1677 2079
7504 8807
9751 3071
5515 3406
6792 3250
5770 5892
1766 8979
6164 6049
347 8685
9632 4053
4509 2528
4862 3882
8458 5336
6223 5029
5029 3783
969 8115
3671 3580
1799 124
9462 5947
6566 6483
9742 5476
1951 3695
7315 8861
9843 8106
3445 872
9341 7024
1622 7005
4527 9953
7472 1035
631 7078
7860 8246
2549 9130
443 6035
1926 5337
649 4659
6553 7672
9188 5090
5313 1126
6103 9273
6592 5257
1600 7302
2392 8199
3655 4725
3235 6275
7755 9342
2878 5775
6829 2367
3044 283
4749 9716
5471 8154
4129 9901
5745 5404
3133 7981
1603 3254
2503 2355
5017 2453
2517 1917
5570 4026
4569 2860
6117 632
8636 2709
2523 4875
335 9132
2788 9352
4121 5609
556 8321
7737 8622
8767 9792
3083 3074
9789 7225
4416 8039
338 8756
7659 452
4921 6886
5109 3600
5358 7835
151 157
774 2349
9960 6753
7357 9226
8996 9118
9615 3528
5139 5373
2396 9472
2173 3691
8196 4286
197 7944
7919 575
7997 1188
2060 2073
7292 9209
9035 9048
2123 1875
7360 5249
8422 3623
8550 3109
7356 5724
7278 2793
408 2777
8305 123
1146 5172
6681 5367
4355 9393
9317 6129
5261 218
1403 9750
2305 7236
9253 3531
6269 2976
7258 1572
356 4925
1819 1615
1084 9244
5109 4520
9358 5523
1576 3817
2720 4470
5156 3119
2219 9100
1576 8207
825 8470
7263 9234
9463 4425
4701 344
9823 9328
3338 657
848 9790
8127 2711
9483 2554
8687 8270
1411 5720
8849 3305
4038 9230
3403 6722
4124 6004
2460 1224
7816 7588
6175 3665
1981 6281
3208 3666
1128 3851
8176 8376
7198 693
9103 634
7294 8589
4428 8786
1071 1864
4343 5274
4465 263
1476 6976
566 9638
3376 9312
3287 9952
2432 7406
8346 7617
9523 8205
4231 6006
5806 2033
9588 8132
6263 7427
3846 1177
2053 7075
1413 7604
8672 1145
2830 3234
4742 7009
8396 6642
7637 1284
2430 7348
2264 4376
8668 2621
4730 7371
4379 2955
2815 9700
6166 501
6132 1619
4441 4809
1776 7040
4656 2681
6481 586
3372 5652
1019 9123
7628 7715
2725 980
996 8739
550 3675
8049 866
9679 1829
5101 1597
5825 4180
1598 1572
3712 9822
7663 1901
8493 2433
2074 4923
6938 255
4062 545
7741 5865
1149 7902
2255 3092
590 8655
3934 4851
691 6293
7214 4301
9115 2601
7466 5978
8622 9242
9723 1512
1082 2511
9079 2279
3714 2386
7539 9549
1296 7838
9291 2384
790 5149
3009 1233
8494 4059
5210 6529
2806 9223
3172 466
614 3144
3296 1213
7093 5096
6682 7418
7469 7880
8526 6594
5859 3093
3883 6889
6597 9900
1549 3472
7746 6881
4331 7078
5215 1468
5796 5918
9783 4178
1365 6989
9796 4330
3659 4077
2808 3811
4749 3260
7958 2128
5632 1117
8072 8254
208 873
3038 3180
3246 1380
3625 1532
2939 2443
1139 2362
8948 1351
7863 5737
4764 7189
7749 6667
4633 7659
4672 4051
1541 4121
1968 7072
1232 734
2236 2250
2359 8447
4956 1784
8004 9843
4156 2187
2424 4496
8822 7455
9427 9744
1659 3144
6514 6088
19 152
4137 7674
3131 8901
8059 1238
5369 3138
5297 6696
2077 4735
4023 5635
6073 564
4422 4448
2159 4707
9716 574
1045 3958
9136 9443
1065 6349
2067 4532
6187 6375
748 5128
2464 1572
9857 7364
8589 2300
9996 9464
4429 9202
2610 7049
3956 693
8155 9379
564 9312
2499 7201
5756 4848
7103 7306
2409 4555
8834 9918
2197 5767
509 1753
6110 6610
5872 3394
755 6900
1749 2399
7952 6234
9369 7603
2683 6283
6663 6554
1277 4182
2223 3406
7217 4461
8120 5249
4717 8114
7093 2712
6419 5514
436 454
4857 8738
9136 8469
1955 1928
8374 6749
1267 674
5494 921
5822 2745
1489 2909
2464 1008
6614 5285
6116 9187
8611 6021
668 1461
5521 4721
6244 8800
420 7437
3520 1299
7557 3089
5539 7285
9858 2441
9843 3932
1619 3437
562 174
7894 5703
9778 3085
2187 5181
6361 2342
1596 7781
6729 2443
29 5865
283 1609
6416 7952
4741 9032
7699 9137
4744 7737
3559 3279
1833 9828
9132 2778
9947 4814
5881 1601
8130 5375
2801 7481
7183 2678
6304 1406
1276 8235
5662 2912
3432 1693
6834 6423
8385 4857
7901 2975
4728 9826
7208 2638
8026 3866
1028 538
6283 2197
2486 6303
8103 2774
4620 2485
8457 4430
8597 9805
8064 1915
4349 4785
6946 1778
6288 2455
8367 217
7376 2202
8544 4142
8579 5447
6771 8283
8157 5981
3404 5553
6626 6348
5330 6783
267 7865
5017 1174
9478 984
3993 2098
2342 2320
9511 4515
1620 4711
1231 3410
2484 6975
2135 1375
4066 6995
9607 736
5413 9036
1168 6982
5160 3829
4601 3698
5275 5884
889 1707
5937 2380
6048 3309
8629 8183
6334 6525
9204 9584
3701 5897
1994 5185
7484 5423
4241 7300
8333 9208
9849 3882
1749 9939
9800 9449
6629 2246
147 6718
7603 1165
7766 1384
8671 3553
7660 9964
9249 4809
8615 5999
8785 2611
4380 6039
5088 3126
6311 7073
81 1802
3240 9043
1356 3806
6360 9838
3817 98
2416 7670
2154 8092
3661 1625
3180 5570
8460 3935
8687 6080
7897 1758
3201 7242
4206 9051
2205 167
4819 4984
5181 3068
1729 3142
2292 969
6772 62
7610 5798
1352 1605
6582 7078
7943 4232
572 533
4642 1080
4030 8696
339 4664
2232 9401
4320 6818
9960 4687
3408 2818
8907 4347
6922 6518
2340 3295
416 8040
8918 5937
7076 9522
9528 8389
8994 3199
8854 902
8542 3415
4374 7225
7493 9918
5961 2809
1607 7964
6040 5583
7650 1524
4569 1134
7941 8060
1216 5593
287 7792
193 2645
9556 1349
7273 5915
4858 4178
4574 6952
5137 6644
7664 2822
5790 3938
8373 5172
1651 2910
7030 1302
1759 5148
3659 1881
4629 6408
2946 7758
315 8989
4959 5020
4999 6302
2973 9378
565 2483
48 3769
8694 4398
5011 4740
3143 2556
5675 9722
4381 9782
6288 4290
8236 3431
2412 8358
1945 5313
4303 6437
4676 8053
6750 6032
8108 1625
1143 9522
6157 2924
4059 1425
6893 674
2660 4407
3631 8906
8383 6118
9960 5547
5878 9149
5682 410
5120 9850
8837 2844
6729 264
5034 5245
401 3092
3512 4250
8844 2432
9627 5706
9970 7874
1800 7555
8959 7226
603 3991
8275 5038
4798 8441
1519 3542
1483 2880
3761 1590
1609 1603
8009 558
8121 6263
2013 2647
3783 5739
2286 1123
5694 3394
745 1968
6412 1600
2795 7633
2398 2155
4551 379
9575 1730
3317 8355
8619 8287
1149 3159
4424 4039
3197 1069
9336 4120
7171 4190
8373 9687
8258 3788
9843 5458
2896 1426
4861 3122
6359 1939
1963 6024
7615 739
2312 1879
9816 107
5240 141
3755 8683
2186 9514
1870 9073
950 8612
4133 6626
3272 11
9657 8639
2044 241
4331 3761
9446 396
1321 122
2524 1226
6218 9318
8385 1454
356 8732
4991 4172
3301 603
2903 5053
3162 9894
4937 9760
5022 7933
7244 2801
8673 3798
3385 6709
3239 1483
3454 3739
5479 9340
3911 3077
5754 2491
2607 7425
4130 6021
679 2997
6565 9946
1995 3763
4193 9732
9699 332
2577 3584
504 8493
4881 9597
4386 3513
7291 7862
4409 640
7159 6644
4948 9038
3374 6908
2048 4653
5611 2637
5687 1792
2356 3341
7743 3527
8522 9419
4010 4739
8192 5246
7285 2278
9239 1542
8348 8269
4388 6008
701 1672
5437 6810
8940 1358
9308 691
2725 5390
3663 8096
4909 5314
7951 6701
9156 897
7673 6428
4282 7910
6383 9008
5232 9472
9982 6653
2517 1071
6965 8785
8593 42
9352 7862
6799 4816
8746 9322
2261 21
5649 127
1118 5930
4590 5790
5931 9530
1961 7766
9499 6918
1253 8427
256 3305
1238 6573
9272 7318
5834 9841
3583 920
9496 3844
9012 4104
1770 5310
3744 7943
5036 3982
8864 785
9866 5159
8593 9454
3242 1649
1139 8921
5348 4857
9807 1737
8355 5130
6078 8888
7095 9342
5884 8464
5546 1531
4940 7487
1961 4035
3108 2235
4267 8737
5277 8445
3742 3503
3714 4723
8140 1574
1279 4318
9923 9727
584 4547
5636 8554
4525 5446
4802 8685
9753 1900
3046 3195
8573 3906
2399 6160
8344 5290
317 436
5333 6227
2462 545
1729 1680
8549 3874
6714 9649
1363 7685
1487 4306
6030 5069
2506 8976
8409 864
1070 2019
2485 4106
8909 4266
975 6623
7171 4933
3680 3603
7833 3948
353 4192
7719 4805
1738 2323
497 8908
7803 2201
6309 7504
514 3238
522 6242
7693 8471
9018 1716
5517 9516
1323 6304
1218 8951
7010 3856
4379 1694
792 5872
1041 2736
2619 2267
5994 2193
9668 3826
3723 5468
1756 5541
3579 2142
1867 8087
7119 6562
3009 4773
5549 6687
7387 5035
7818 4266
5909 5398
7101 809
9834 6193
1076 5270
2738 6155
4770 5915
3488 2937
5002 2612
2400 1984
8138 2703
6984 1457
1635 2168
207 7945
9311 5588
1778 4867
4590 7878
4419 5300
7946 4073
926 5352
424 3846
4977 4816
9061 5557
401 3503
9324 5114
62 852
5699 5271
5994 9603
8405 6044
3761 2064
3977 5798
5153 9094
599 8082
1119 6382
2187 4202
7416 2967
7040 7073
5721 7634
9332 7174
2477 6548
3956 3667
4530 5794
324 9537
8587 5593
1086 448
1275 1473
7866 6975
4636 3916
8489 5336
776 1874
9048 2007
6720 7994
3755 6157
3850 2774
6535 8387
1874 3668
3546 1941
5349 3878
889 6214
501 4259
4031 1777
2001 5300
7013 9967
8501 8926
7224 2826
513 5288
7868 298
6278 1265
359 1006
7553 8929
4036 7701
2854 8741
534 4875
3920 7048
2582 3066
8938 6104
3953 5076
6627 1632
1012 9505
5215 449
4748 22
1416 9686
4009 8759
2343 9753
3125 7332
1321 1324
5579 4672
2535 5143
1922 6079
5593 4030
9633 2506
6795 6111
5395 5345
4267 8849
7861 2955
6327 2028
1666 4625
352 9393
9455 2088
4731 6398
9036 1793
5098 3028
9418 4779
968 6555
6208 9650
9950 4695
2747 5256
7027 1421
1331 1020
5781 4375
8669 688
7018 321
937 6443
2554 5129
6884 7875
1138 8564
6572 2690
5915 5022
1702 6157
1154 8744
7885 5410
5050 2261
9122 5233
7784 7698
4896 292
9073 2576
8819 1147
1667 6815
1250 4048
7969 4364
1131 1495
168 6559
5648 9968
8307 6390
8371 5208
890 4268
9370 1314
777 5079
6465 812
9036 7230
6463 3915
2405 6875
5950 4445
6351 1892
4662 9609
9577 5199
5163 3959
8312 2244
979 130
8600 9334
2984 1507
1883 9375
125 7188
6861 8358
7529 7696
4585 3642
2343 7332
1831 4218
6914 2412
9823 3702
3707 2388
2514 4476
1738 6138
1617 6358
2224 4711
2827 2635
2223 3511
4802 4915
5951 6323
8025 2697
6867 6827
1109 6515
123 578
5491 41
5053 4997
5051 336
4004 217
7520 1438
3411 1614
2664 3790
3245 8042
2462 2202
1015 4965
2876 1320
7512 3260
4380 4571
9999 5649
3666 2314
9134 7912
3331 5520
4114 7115
903 387
5014 7199
2574 3873
9924 2631
7946 86
6127 304
1585 7070
3381 4942
3129 4239
972 3650
5408 4627
8818 6117
8990 6495
4267 9491
7305 6256
3085 3428
544 5923
1315 2870
7980 1974
1211 121
9308 3382
7609 37
3443 7561
3937 8334
4430 5259
5483 2991
1791 8366
7575 6274
1381 6260
8868 3804
3431 3494
2183 9829
7695 5323
5809 388
5036 9745
5580 4468
2685 8608
7498 3639
6166 8939
8476 3871
2200 4694
3705 690
8751 2332
6629 2176
8430 5064
8589 2920
5532 5505
2812 3112
6672 7928
9466 2552
9724 6717
5311 4307
5888 3411
9814 3405
1323 8128
1448 2765
9147 5689
5718 8386
9684 9242
742 8559
4949 3189
4501 6477
8088 3706
8464 9496
8031 4528
6547 8059
6628 6821
5282 8548
4049 753
4829 4120
6784 8854
5865 7202
7174 7241
3332 7828
7787 3056
6963 972
9246 2369
6733 6375
6538 6499
3107 9154
4793 422
4094 4757
2110 1039
6111 831
3176 9274
4549 4553
5865 5006
4315 568
406 9771
8600 5415
6881 7644
7241 93
2500 8876
2048 6060
6738 2634
4249 7254
3863 8320
1481 6074
4603 9725
8099 5178
102 3976
868 8997
7587 9976
1413 9382
3249 141
594 6056
3166 2999
7443 791
1667 1526
8290 700
5768 8082
1927 7901
976 2381
2313 9684
1753 5762
6807 458
2688 1293
9974 7468
2398 3293
3926 3142
2167 3602
466 8077
4927 7400
6562 3463
3067 2036
1908 2016
6258 5114
2622 594
1283 7167
3774 4702
9389 6318
5606 9172
731 8442
3082 1027
4875 5426
4283 9348
2275 2985
5810 8924
1284 8871
3510 9313
8772 4353
7616 8588
4600 9760
2806 2626
4959 7940
7590 1147
9467 2572
1644 5949
3819 525
2867 6374
8167 1772
8372 1563
146 2154
9622 2841
2867 4769
3724 412
4487 9728
1993 8181
4042 2340
3501 9812
5932 7446
4660 344
6959 5540
2896 2060
4461 4008
4044 9068
1350 8231
5454 1038
6021 808
6862 8016
5514 5194
2010 1985
3355 914
8722 1969
9950 8993
7088 6914
8555 7030
3120 4542
55 9206
6088 670
280 5387
1248 4389
826 2902
686 9323
9775 7449
6572 9871
1308 349
8982 5134
8290 982
8487 7535
739 2691
5372 6754
363 4258
3801 3672
4822 7613
2556 9949
1376 2389
6228 949
1888 2899
4989 4519
5761 5374
6139 6226
2702 4781
4200 1346
2084 761
9222 7574
8813 4489
9566 6627
5226 1787
3409 4459
6077 5942
7389 1037
5296 9170
8301 7230
6329 7981
5872 7173
6546 9124
4219 6809
9800 429
3018 5257
2990 1063
9065 8046
6696 5946
519 3178
5259 6494
5501 2609
9379 8834
2228 4758
1060 7256
6191 4161
1257 8822
3112 7687
3606 4819
6196 7738
2725 6426
4666 6712
928 8730
9688 1910
5352 9406
481 8204
3350 6239
7659 4675
7459 6568
8021 509
1930 6102
5032 6705
1575 4878
2145 8854
6838 8910
6551 7329
6934 314
5867 5821
2354 8725
7190 5489
9680 9389
2801 5992
2754 3232
3018 2704
6033 1158
5447 3926
3332 8655
3685 608
6110 4351
2410 4438
7165 7187
2123 9326
80 4496
6187 4100
4044 6429
7046 999
9052 4237
6719 9494
6625 8571
8305 275
5700 306
1093 5456
6150 6769
6385 4862
1874 7729
8289 2987
5996 8513
5162 6817
3596 1034
6567 3820
5465 6253
483 615
4971 7814
3233 1215
4631 8705
7587 8674
5803 4480
7090 7540
1614 2530
3157 79
4459 156
3408 4083
3359 1570
8013 9854
4627 7064
459 7264
2400 6098
4976 4556
1092 6464
1034 6196
5778 5022
5179 5704
6673 1342
8201 8516
966 7577
137 9203
6201 3373
7450 485
2038 4342
8267 8494
4056 1011
2601 9288
4911 6846
3770 2517
1873 6779
9854 2495
1432 6961
4195 527
4554 5902
5347 1333
7355 256
7939 4894
5743 7234
6792 2151
5535 960
6893 8092
4868 6518
9574 7482
7264 9130
9566 6482
4917 7281
5671 8881
5725 3830
8425 723
1784 9206
2398 4491
4943 2061
1588 9991
2998 6873
2326 7600
8951 878
8898 9337
8538 2884
6278 3717
7727 1424
5166 409
2105 6765
8719 5658
1914 6656
9754 9397
8740 9497
7777 2582
476 2888
5302 2743
3588 658
7886 6923
9513 6821
6767 8940
5742 7598
6027 8405
5471 5724
4218 1949
5221 3425
671 130
2819 2835
9921 5454
2061 9823
2505 1263
98 3913
4411 1165
8895 1684
473 580
5999 665
9704 3228
5079 956
7547 625
7874 2959
1647 3
1078 905
5972 7826
1818 4374
5503 4519
2035 5813
2233 6329
7195 8277
1989 2216
6343 7980
8632 6038
9669 2477
4482 5089
2277 6290
1877 3234
9820 6942
9421 9302
6489 6965
3806 3795
2908 7697
4458 871
1381 4603
7872 8986
9435 6855
3247 399
9330 1842
7933 4242
2183 2353
7138 1721
3779 2380
3660 9348
9418 1395
8607 2663
8362 8015
5506 2914
137 7730
7506 7752
4942 5926
8600 1269
1063 5506
7810 8771
2452 5295
3677 8739
9864 1488
8375 8103
3742 2571
8762 5914
24 4677
6008 4355
3523 470
6101 9427
1913 5316
5148 6860
7055 1340
1141 5968
6624 7971
3563 4145
5491 4039
152 1967
6152 9434
3251 9434
4108 8409
4132 2249
8670 5033
1122 5936
2130 4840
4607 2297
6384 3197
8727 4801
5838 446
334 5736
7790 2744
3851 5579
6736 5661
5719 8861
1949 4950
5982 5384
9285 769
1206 5297
617 566
6952 5849
3710 9999
131 742
5000 4015
9241 8447
1686 7769
8923 3365
3314 857
4446 1022
7269 3622
6081 9203
7293 9631
3647 9453
4431 4374
7871 6747
5006 7744
1345 6140
8231 7550
3757 7877
3003 2588
7929 3238
9776 4645
1238 1148
7636 7860
1024 8896
9110 5433
3959 1475
394 1316
9396 1855
1760 6306
4026 3834
1136 4500
1059 3083
4393 973
3439 5979
5380 8163
9833 9123
3751 2663
9023 1099
9444 9585
4029 9810
136 4861
9973 1104
1362 4652
1049 2748
926 6051
91 3906
9278 6369
3047 6759
1932 3853
731 8756
2645 3650
2214 5793
359 1146
216 5700
1704 7415
3431 3529
578 2345
8620 1830
1576 4514
9060 3106
5690 2099
9478 3193
9943 7472
4516 4428
5727 534
224 6249
9366 4286
1286 6999
7644 931
32 3371
7815 9021
9046 5336
8153 684
791 2351
2925 8094
7866 4770
9911 2829
3772 6018
8899 2687
95 5245
4233 5134
7474 9440
7990 7983
8912 273
8828 6375
5710 1983
7112 2502
4685 1740
466 1921
928 4743
8831 8227
4470 9847
2082 3469
6029 8161
9935 4897
2932 347
7123 7081
3431 2139
5174 8910
5206 2482
3453 5979
7591 6174
5902 2986
4582 3569
4769 9172
794 6435
5708 2148
2425 9594
9089 9692
3543 3481
3064 4540
9931 2520
9758 4252
7710 2973
4790 8089
9402 8839
2586 9353
847 9072
1621 449
8773 5132
1316 6414
9564 301
1311 886
5653 86
1678 6038
295 9910
2079 5288
7349 6951
9388 4033
2776 8674
8138 7223
9642 2555
3849 2472
7680 2307
4568 6937
6179 2357
8561 4307
7776 9751
1504 3663
1989 3368
6531 7564
7907 349
450 7937
172 1918
1296 4088
6200 7274
3169 3541
9079 8478
1892 4593
8459 4663
2548 4626
7026 2853
9030 2878
814 863
6955 4926
2428 9858
2637 9305
6830 7154
2870 1617
8043 2590
9904 798
961 112
1952 537
9285 9959
2241 4043
9258 8927
3088 7139
6600 4797
4759 9144
4406 7100
8312 6208
2563 5967
9016 7178
7920 2568
4267 3744
8827 4028
3574 4709
8632 8435
3883 494
6952 2322
9294 4480
2005 7640
837 8740
8123 3077
522 8755
2186 9208
7525 2388
7347 7569
6092 2117
2240 8246
4571 6277
7622 4578
8691 5350
4229 4494
7391 249
795 4588
3984 2000
6065 3187
9276 2814
655 2402
1913 8117
1605 3211
2485 8717
6978 8373
833 7766
8808 9564
8874 6374
3908 6794
2095 2745
2 8224
8357 3011
6068 1648
2745 7998
5615 9099
5140 5669
672 3660
2789 6458
4913 7367
3535 1039
8379 2002
8188 5584
66 7588
7541 9020
2994 4872
9655 1283
5488 2001
6657 433
6834 6973
8679 2908
8743 9493
1273 1488
396 2877
1796 4481
3572 1545
116 6381
8626 5042
3307 1806
5870 991
7173 9509
5724 7165
9234 5467
6696 456
8842 4452
2305 1781
8014 1328
1400 5159
5605 8874
5529 9693
3563 9250
9771 511
7297 7777
2769 8177
711 8940
1798 1025
6110 4181
8161 9362
4779 2878
3512 7887
9099 7016
9030 5365
6544 7707
2754 9748
7574 9110
2835 2551
8288 4163
8312 6641
8653 2908
3925 9290
648 3482
2058 7635
1262 8961
6435 2436
5999 9464
2581 8195
3417 1584
9670 4129
8292 1247
7145 1725
45 147
7090 3660
6495 4637
7527 8852
7498 360
4834 4688
9165 1427
9933 4522
8238 7476
645 1952
1222 6888
5025 2133
6376 3475
8140 1857
5519 717
7923 2495
523 978
3415 8811
5196 9980
8369 3871
5664 9346
7171 6538
1455 3225
7210 1676
483 1264
8248 37
7615 509
7874 4054
6400 7122
8316 7686
777 8244
3478 5482
550 9795
7274 5480
4424 7262
413 5232
105 7810
1694 5954
167 3363
727 4968
868 1819
8282 9538
7894 1014
8696 8082
4151 4211
741 28
7055 1231
6659 6284
3964 6826
9553 8952
6278 7701
4001 1167
3028 5217
9175 7561
4365 678
3457 3256
3475 8701
729 7381
7828 6938
4579 7766
1770 2028
7916 6360
5942 6345
8221 7414
878 5357
7410 9727
4463 2747
7827 7771
9910 8199
6433 9653
7604 3005
2478 9254
6143 4263
2227 3134
4362 9288
1214 6615
1719 9143
4389 4836
1650 1482
8261 4422
1087 7438
506 4752
3786 7700
9066 9827
1929 2500
7333 2833
5919 9343
2405 3100
333 7071
5806 2230
3902 9962
1563 1005
9720 3352
8448 5643
3687 9021
7772 4708
3900 7156
2668 6879
9 9731
5610 86
6376 72
4545 6611
5397 7561
3161 7845
9171 4119
879 3489
1380 1844
3462 1597
5404 5101
2995 3879
242 1087
9473 2416
5454 6370
6691 406
3977 5172
9150 6498
1648 1395
6131 7016
1380 254
8622 1533
2337 8971
8856 8539
9887 7898
3996 5993
5650 2617
582 3349
76 4651
6309 5628
3896 3944
8844 5216
6568 2902
5818 6591
9392 615
8426 7065
9634 4207
1250 5818
1945 8566
2523 238
2506 4567
8249 42
5767 8628
6864 5098
7528 4295
3133 9305
7314 8006
3927 131
4780 2101
9540 4435
8198 3294
2672 4993
5732 4205
5452 2064
79 6220
6568 6177
4108 5675
7109 3833
7186 9530
6148 4731
2264 4662
6416 5855
6788 2621
674 7310
8628 4788
7456 6053
7386 3742
9935 3653
4630 640
3588 5060
3844 9817
3018 1126
8739 435
5627 3590
5187 1561
7638 1429
8947 9619
2368 1454
412 901
4324 4367
1384 3378
274 7432
7615 1584
8024 6322
4599 5154
8597 7047
8724 643
2425 5532
2443 294
6284 1827
9247 7430
8821 2098
107 8591
2339 5766
3263 2954
1490 3610
9470 1019
3232 7694
7760 4610
812 1232
9153 1014
2985 7819
2655 4310
8064 9338
3881 324
2802 755
2015 760
3311 5386
1243 9420
1496 9774
8527 1307
869 5724
8209 497
6543 3283
5702 165
2383 3358
8223 75
1813 2093
705 7944
8084 6746
3239 2607
5423 5868
3204 9097
8667 9862
2290 9544
8935 1947
2972 3717
66 8497
6182 3848
6183 2616
2496 2549
3198 4225
2228 9703
4544 2316
7259 2119
5745 2116
1986 7992
8815 6421
1185 5044
3904 6923
8521 2645
5844 9306
1781 56
1617 6754
9109 752
2369 9233
1174 4209
4720 8500
7929 5930
6763 4266
3206 6049
4935 2777
8588 2827
4330 8122
2197 6544
4047 3028
9664 6060
1857 7682
6257 1419
8037 3518
7301 509
8094 4479
6689 7860
9888 3341
1412 8071
7335 6261
3431 9696
2234 2578
5990 2875
2492 986
4103 23
2733 3550
4005 6455
7690 7966
7670 8244
2935 5432
9724 937
1394 5307
3178 702
9575 208
593 4729
7452 166
8454 6147
7727 4247
4653 2428
1415 5784
9835 855
4147 7062
7974 7095
7330 5017
1773 1576
6084 2137
3988 8936
8960 11
8280 111
2298 6562
5802 2898
6531 5731
4519 4538
6336 5923
4558 9224
9229 6932
2383 3066
1038 3461
3134 9116
35 5595
3736 1158
6954 9318
9143 4172
6135 2968
5572 1681
2249 3942
772 8249
1166 8290
4439 4251
394 9490
3662 3771
9480 7420
878 5492
3034 4370
7788 7182
8389 2333
3807 113
8839 7316
4655 5126
5504 720
4328 9142
5866 524
4469 6591
634 6586
6194 1060
8202 9501
1990 7156
8636 1887
6576 8743
8119 4147
9250 4759
1892 5683
6540 9745
4952 3552
9033 9798
7244 897
7772 3573
6321 7225
8531 3285
2016 4036
9234 4931
58 9792
4457 9036
6935 8197
3509 2640
2407 6514
5659 9639
4651 443
6480 820
9234 4697
7071 261
4101 1855
6641 1246
3535 5564
3165 9734
7464 5541
617 8812
7729 574
6290 5061
925 9187
2164 2223
9047 830
1109 4199
6548 2042
8967 6598
3764 4094
4495 4887
9727 6738
8467 3995
4513 171
488 2605
9097 6572
4343 8179
1413 8033
9785 6828
7058 27
2463 1829
9979 3533
2794 8130
8874 4962
4744 285
4118 9873
6509 5662
2577 6016
5850 9220
4310 5190
8887 6951
3344 2836
3089 6870
2016 1428
8651 9092
46 8083
7861 5291
5373 7758
1208 3677
5807 6581
1808 4594
1191 7763
1261 4531
1839 9525
5761 1885
6814 8861
281 6055
9353 9547
305 3632
6524 9856
8590 7311
8049 9117
72 9628
5019 4720
1223 4071
6548 5275
8342 5901
8663 2829
6705 1597
5013 7
6152 1927
6172 1582
3915 7407
682 7403
4713 3853
9348 1758
3141 2188
1430 4489
4119 9750
5683 1516
2588 8426
2084 3051
1794 2021
5003 7908
7400 438
8083 5370
30 623
9965 8881
7395 7915
459 5197
6545 2649
1776 4147
8788 4810
861 2599
4891 2378
1698 5705
7777 770
6493 4815
1758 8554
6273 8097
9679 1534
7988 3703
5671 9455
921 4838
3979 9741
414 3503
9833 725
3065 9324
9631 8275
7892 3462
6417 6640
6254 5467
587 1120
4394 8819
6856 3532
3467 3816
6681 276
8914 4049
4068 624
9781 3924
8637 41
4942 9085
1438 596
8679 6963
2866 2604
2454 7230
9024 2547
5800 1203
3556 2892
470 3921
8306 342
7100 9278
7295 3438
9792 852
3299 4282
4617 7308
7161 4355
4070 3457
3981 4142
8221 1453
6225 324
2194 6117
8157 5330
6506 8920
4054 4328
4983 6273
1539 5171
3250 5690
7542 6353
1449 6743
2447 2244
1628 2300
5697 2511
7110 8412
9770 8270
6675 2356
3032 1078
4610 4924
148 4975
3268 8586
147 5113
1121 239
6177 2004
6148 7376
4082 5575
9278 4633
5512 1944
5102 2150
7179 4348
45 3337
1789 3322
6469 6033
7034 9326
1736 3817
1917 6137
7551 9445
6005 5971
118 7803
1429 5727
5751 4765
9834 1490
5816 3011
3219 5690
9977 4519
5290 5651
7925 2993
9813 6844
2311 9635
5837 7089
4819 1658
3384 2577
1425 5630
5239 5329
5579 6370
5029 8389
4572 2949
2859 290
4473 811
4195 7444
9828 7183
6024 5028
467 5966
2316 5774
7559 770
7284 8438
8992 7989
681 9974
2235 1110
5305 5890
2133 1347
3145 7025
2099 5788
1786 8207
5407 6854
215 5310
6102 4759
5596 336
7841 7336
7564 758
4791 2997
5587 2163
9060 4066
2726 9700
539 7438
9111 3971
8972 5518
2896 706
2385 2322
8416 7904
4456 2006
8870 758
3773 2333
5606 3693
4817 6516
3187 7182
9685 8148
5465 9017
9914 8059
9232 5080
2161 9608
4639 1798
3118 4870
6178 5196
8386 80
7570 5106
7150 8022
3299 2169
5226 7661
4975 6050
1474 8224
4096 3472
185 2286
3326 870
8473 1284
6296 9204
3667 8952
6045 8395
3093 8221
8904 4120
7779 2924
8366 7652
3462 1068
3611 3335
8655 345
5709 1192
8904 1028
144 7408
4842 8345
5352 6651
1558 370
9878 3589
2305 2149
9455 3945
1459 5700
1581 4660
4221 1684
4124 7853
3920 7297
5257 283
3035 8238
1507 2321
3620 6819
93 427
5745 6732
1828 3453
4989 557
6904 9877
8918 172
148 9144
2442 2631
4765 4363
484 7507
4821 4049
754 905
5664 3406
757 668
5551 4941
6647 5813
7743 1421
4811 8469
7947 1253
8255 456
8319 4821
4729 4838
3633 3951
2696 395
2359 6330
9420 1911
7775 8488
4948 255
343 4421
544 3584
3639 6831
997 6268
1546 8131
8216 7104
9566 9386
1643 939
7435 8369
3159 7108
264 5293
7778 2732
2897 7763
8074 2748
117 1061
3221 1376
2174 1636
5389 2550
1481 4666
7293 9290
6649 882
9000 9552
7347 42
7176 7278
3472 7988
1547 5489
1819 3012
5724 5943
2754 1093
3896 5414
3527 1745
731 7123
2344 9674
445 4589
4794 8994
7586 8789
2677 3815
7202 7084
2892 823
2384 8393
2912 8380
2433 1265
410 6098
4716 1681
4106 5585
9210 709
2803 8785
745 9730
9705 7393
3463 203
6733 8290
394 9564
6337 1639
8977 6337
9335 7247
4589 2575
9634 7690
920 9335
9632 4494
4798 9067
7333 5145
168 9776
5953 9929
9648 7086
9828 1339
5314 3463
2546 6639
1962 18
338 35
2559 5777
4908 7085
6940 5109
7322 4571
8137 5449
4082 305
3793 422
2485 2506
2870 8557
9022 5636
1747 4877
4609 7892
7179 9925
5496 2687
9093 2962
2386 7315
3246 7452
5091 4056
1202 2584
8653 7702
9347 8347
4876 5171
7660 7572
3662 6248
1569 6882
6004 3912
9134 9274
1476 956
7756 8262
2562 6364
137 4215
8775 127
4154 9543
8446 7792
407 6690
981 7079
9091 7169
3257 2358
5025 1877
1576 3616
8754 5768
6791 4353
1023 2479
483 7414
8926 2322
702 98
9316 1791
4654 8765
3081 5102
3428 4499
9631 2390
3499 1679
2607 5215
7818 3332
8907 3915
6518 5307
9799 1494
5866 7443
5374 326
1174 2576
1008 7531
5782 5979
637 7921
2536 4703
8319 6828
8177 9984
3997 6400
9979 1221
2573 7873
2639 8831
642 2339
6001 1301
1532 770
1888 1281
5635 3311
7229 8879
8941 4835
2639 1316
6672 7972
4168 4004
447 4658
2984 8532
9697 1941
6965 3759
866 8603
1128 7624
5272 125
8679 9826
5200 8807
2788 7171
5015 5042
2225 8573
6596 9215
7492 276
3557 3033
1339 652
7747 5797
6535 9126
4370 7534
1793 3722
2634 5584
6324 3824
3699 6844
7294 7824
5050 4978
3880 5524
7883 4279
3262 8919
5314 6773
122 6327
483 6582
8070 2455
5730 7379
5230 3049
1264 3844
4941 5490
3882 5844
6662 8428
9855 4493
9872 913
6537 7031
3295 2325
6722 215
8187 5914
446 7934
6858 808
7836 7846
5120 5690
5098 8816
7913 6819
6896 8598
7114 684
5664 854
171 784
1679 6159
6012 6410
2360 86
7169 9825
4787 8332
7769 1360
1291 8057
2754 1649
4116 2115
7059 4561
3603 9651
5572 7652
5437 2545
5993 3449
412 1195
8470 6770
7541 4826
5797 6700
3025 5809
8860 3074
4148 2433
7146 5660
9671 303
4211 2730
4450 8723
5511 1595
934 6045
1624 6366
9479 3644
6666 7141
711 6788
2104 9340
1503 2171
5877 9930
1107 1798
3814 142
5366 4216
4455 3381
6587 1974
2717 1480
5810 2475
3587 4603
720 3718
5176 9765
641 3113
5215 1239
8066 6735
4099 945
6280 2258
1589 4164
8813 3088
5485 4797
1776 2201
4017 7097
4831 7537
438 6186
3253 9296
4308 8154
6948 9891
4811 3773
7417 6826
6176 1389
2058 7597
9104 2851
362 2207
8691 5192
9073 4852
7867 6901
9383 9949
8574 4998
8978 6802
1995 5249
7277 3846
1972 5054
9717 4627
3889 490
1305 6341
4049 815
2658 4422
1924 664
9668 6993
7279 4134
7385 2672
5025 9064
4711 7663
7569 2379
9890 5340
1004 587
9992 683
4230 2141
247 7372
3397 2816
2700 2024
837 8874
2365 6440
5067 3242
8845 5299
3570 8986
5142 6393
9626 6332
5246 7251
2261 1656
9947 3529
7542 5802
460 9711
476 9022
7360 8854
3148 661
958 2510
6389 6296
8899 7917
1167 4735
1329 7821
5822 2064
3404 1187
3779 1309
9173 8381
8949 3735
5953 9903
8991 3877
3354 7242
6236 7850
6698 5023
9115 8442
6896 1886
6008 9201
7464 4817
101 6104
8933 165
2067 1977
3264 7522
8433 3649
6578 4967
8631 5985
3893 8235
5700 5179
1859 9718
7764 2642
9581 9772
2209 9886
1574 914
3277 3989
889 2048
362 3183
6601 3599
8764 2311
5427 1405
7337 7923
3424 415
1918 4203
9006 7456
7735 5779
6321 7711
8875 7776
327 4561
449 1295
5234 8177
1954 7942
4262 8877
5738 3938
8418 4204
5818 4501
1193 7661
9836 8928
9188 1465
6948 8139
7250 3852
5728 1519
8105 9817
8808 5915
4054 8386
74 2279
5742 2229
3639 9786
5085 7666
291 7540
4296 6938
935 2873
6084 281
8844 3470
4688 7011
610 2668
7793 4291
142 1456
6224 8517
9859 9679
3622 8237
6572 2291
3752 5008
934 2075
9700 7697
4755 9024
6192 8734
1695 5310
3060 1297
9057 6547
6017 2930
2190 4478
2496 7939
5659 4634
8639 7715
1045 1321
4892 1897
3209 905
5258 964
5335 697
7009 585
2513 5984
233 8684
9179 7981
7478 4273
5709 2935
7499 3908
7642 3206
2612 2291
4159 8127
1158 1046
2744 48
907 4513
3537 7305
7644 4583
2359 4188
5991 7947
8418 3335
5919 4010
6537 7630
5041 8226
3478 5074
5860 5979
9516 3996
3265 6620
4393 6395
7538 1598
5275 8643
8675 4920
4134 4814
1879 220
7355 8206
7154 1186
5709 9083
2094 6419
5507 6363
6289 1550
3843 7708
5259 4313
6760 6475
6704 6063
1714 9668
6156 2285
7002 3844
8751 1942
338 7937
4361 7558
9037 3510
9165 9809
9385 8671
6761 4898
6558 7674
9903 3776
112 6681
3586 985
6652 5872
7598 5263
4073 5349
9782 5390
4266 875
9073 6487
5362 5035
485 3224
1321 4973
8189 2492
5207 2795
9353 6576
2077 9656
9214 6992
361 1183
6036 3412
7790 6304
5979 8723
6233 6581
1058 8515
3230 8140
4114 1176
720 9305
2089 7789
9544 6644
6090 8383
517 7947
8414 1905
116 9611
9588 6522
1234 4615
5967 6416
1784 3400
951 8847
7964 8940
9188 2084
8508 5908
279 2207
7193 1670
4569 6690
4029 8597
735 1630
620 6973
157 5711
1883 9798
8861 7206
2478 7366
6266 5111
5049 153
6594 3251
7135 543
3241 1988
8229 3614
7037 3444
7122 1309
8945 9558
6184 8777
2637 7668
8478 4835
2790 5964
4720 455
6447 4599
2878 3443
3999 4699
4354 4796
5702 5819
2844 2832
5684 9484
1070 3659
4362 179
6003 2751
3071 9201
9072 8381
338 2000
5306 692
8518 159
8147 5228
1582 4708
3521 5144
6665 195
2044 8674
9702 8559
795 4732
3336 8189
5709 8825
482 7168
6403 7524
8519 2809
8359 2999
5513 1799
9796 1927
7727 9929
4463 6087
8938 9511
6158 2501
6776 3023
5636 9608
1000 1197
4994 9791
3409 1046
4992 8333
4280 5062
8225 7293
1249 915
9733 6092
8907 9270
7049 2098
9521 3584
3531 1175
755 3063
2397 6495
9441 2921
7437 7904
8303 9569
6772 9343
6637 3096
5571 6639
1844 1000
2424 8374
9008 8010
5574 4194
8213 1306
3399 35
7726 778
9398 194
5749 1598
4950 5617
8323 8915
8504 8354
3683 7049
6370 3697
5726 5491
6927 5933
5441 197
2478 4994
4269 2316
6555 7049
8793 3246
5463 7082
6895 4722
7343 7966
7229 3034
4886 4990
5173 1207
7260 7126
3602 3448
9783 8994
256 6194
7407 6080
2630 7623
9499 737
8642 4230
8462 3414
9100 4951
2238 787
4312 8516
2502 5462
7713 6349
8584 1819
4423 5264
2666 7548
5595 9742
5381 4964
8663 9315
45 3551
820 8627
2088 7256
3127 7929
2342 5047
9238 8849
9795 1239
2959 1728
4209 9458
9962 9517
7869 3153
8392 3232
1827 2809
8209 7065
1350 6585
8725 9759
3561 4191
7859 7031
5784 358
8786 7471
5525 1529
8231 5889
6967 8105
2123 7481
9240 7442
5387 7629
3330 7155
4809 7148
4314 9612
4985 7975
6848 3982
6205 6527
6551 7365
8720 3892
1464 7468
4304 3941
6547 9968
891 3994
9201 1519
604 1566
545 4760
8863 5375
2633 8927
3823 8643
1647 8112
7088 120
3019 8006
9934 3846
6740 2760
4270 5099
902 4620
4335 1585
8817 2220
4001 1905
144 3631
7122 2379
5000 9076
1341 5050
1998 1265
990 8192
3248 7915
3004 5773
1193 5114
5911 1767
5901 1330
196 9128
6918 2070
4546 8542
3622 9851
7130 6734
6553 2390
205 6007
9194 5320
372 2861
3995 4896
9104 924
9338 9870
3069 2703
9052 2016
1053 9115
9329 7264
8886 9385
5428 983
7884 5588
2921 2211
8650 9867
3781 2702
7810 803
8437 9476
6758 7756
1067 6052
8218 5241
6879 7125
4992 3635
5221 5464
8383 6311
8447 8640
6640 5134
5427 7328
4999 7611
1706 7249
7241 3013
5181 4283
9168 5426
8057 8397
5312 9720
603 4049
5527 3871
332 2078
9506 572
4116 723
7443 5729
8642 3138
7607 9841
1485 2831
2052 5464
8696 1805
5746 363
7420 3011
880 4611
731 9821
1514 5005
9371 8050
3918 8949
8798 8088
5619 2817
6901 1229
1984 4059
7685 4067
9770 1316
8505 7597
1486 6201
549 6017
224 6446
9022 4679
9439 336
465 3225
7290 6722
7131 9628
4135 6377
9538 985
6740 9718
3361 7973
1458 8491
4619 2157
1734 9821
9588 9849
4397 3735
7059 6319
9200 7421
5861 559
4520 3640
2552 4421
4813 7198
1978 4855
1449 8657
5514 2159
67 8831
4432 5212
823 5775
4057 3115
4145 6146
1173 7117
2904 3443
8714 3494
8968 8211
6739 4293
4147 5110
482 9465
5872 4691
6012 8158
428 1296
3929 5781
3767 6314
7031 6810
7180 7132
9539 7682
3788 5889
3280 634
8325 829
9104 2771
9348 4090
1488 3190
5966 6643
4194 507
3782 3399
337 7857
7114 4332
5346 196
812 754
4371 6923
9919 5489
1958 6422
6004 4383
1982 8725
9427 2868
2211 317
8110 8750
9470 1762
952 3832
9735 4898
6992 1898
8296 1655
374 4271
3320 7996
1469 4791
9646 8828
5511 8883
7602 1431
8623 8527
102 8022
1712 3868
4582 9356
618 4970
3685 6350
5029 4404
1619 8771
2473 4651
9981 8813
1513 6908
4002 7845
5086 1560
4533 6075
9602 2158
4266 3018
4028 1319
8681 4444
7517 3457
5160 3253
3394 1552
8465 9377
5823 1031
2563 5397
5981 6567
9202 7264
7795 2385
4157 38
6400 7742
4087 9859
704 7317
2999 2698
3216 7260
6803 6866
7068 536
7433 5059
4368 253
3030 3307
8498 4348
1139 5913
5873 1498
1411 6882
3998 469
4009 8892
2933 1370
9052 8686
3722 6246
8595 8974
3565 3497
5946 733
2606 145
6519 773
5945 7279
7511 4959
5602 7070
9491 5085
5488 6163
5165 2562
1010 4949
5503 5159
270 4710
3944 7535
5216 942
2831 8956
5587 910
8543 558
6340 6461
6548 5372
3082 9168
4506 7206
1642 9714
6052 2377
1465 5505
9382 7209
8507 2241
1852 9211
4550 4179
6330 3681
35 6
7911 7233
5794 1424
189 6955
7116 2595
4860 6496
6112 7320
8787 8833
4579 8288
491 9609
8126 9404
3553 9959
6105 1033
223 5141
7163 4375
9595 1994
1972 5053
6198 9949
168 6094
6839 55
4875 1564
5500 9212
48 3903
1823 5637
2604 7584
7100 7464
4102 8005
1261 371
2730 5060
4853 3891
3355 6775
6964 587
5936 7611
6689 640
2973 2772
9540 2591
4597 6063
4402 8813
5902 1816
5843 1004
6403 4178
4173 6297
9886 5974
8617 6690
9613 2796
7516 3096
7191 3109
7135 1977
5723 8971
5239 3959
4268 7225
2580 7854
6395 1160
6286 8181
2258 8869
3371 8501
9632 7988
4308 1722
3435 6127
6581 1215
3481 9986
4874 2527
9725 5607
2690 8310
3769 7291
2166 2420
4244 7087
7398 7761
6932 7689
5864 2541
6569 6660
7838 3204
1240 8619
8226 8979
1990 8832
8010 9192
380 2101
8635 7743
9286 1651
6053 1349
8855 5015
1760 7352
3451 1497
1922 4910
8982 7596
8030 673
3774 7135
7033 8704
3433 4973
5741 1985
2560 7459
1806 9013
2033 451
3086 5031
5240 8078
9295 5540
9699 1918
9737 3962
1953 3567
1032 3663
1419 3276
9519 5767
4126 2311
7225 2565
9081 224
1711 8240
7306 95
1598 9056
7531 4248
2283 4977
4473 9702
4258 6452
2296 8171
6135 2989
8582 5933
6967 3513
3106 4149
8299 3380
3163 251
6676 5778
1924 6043
9118 4906
3886 244
3819 9682
2180 3188
8623 1141
2865 2145
9543 7095
8585 6596
3308 1236
6413 3817
2778 8743
2753 4500
4467 3338
4664 5713
7232 8590
8533 2591
9257 1001
322 3093
7398 5755
8540 5925
1211 6403
7530 3079
1634 2492
6184 7509
6948 7060
4988 2066
648 875
1835 2714
7088 5517
2397 2574
2068 2289
1701 840
6674 3740
3377 4493
12 976
6375 6568
4976 8209
8211 8666
8003 8426
2553 3214
3559 1827
1329 60
8321 240
7555 5365
193 8648
408 596
169 6423
889 2938
5262 7554
3407 7132
9102 5926
1574 9120
4567 4275
174 9950
3368 8585
6646 961
7291 7835
6263 1218
3645 938
6936 6463
4290 8968
673 6378
7586 971
7791 1368
3193 6077
830 4074
8266 6255
161 3772
15 2989
4969 1590
7178 6171
4206 4591
2790 4149
7461 5176
3375 7912
9461 9650
3161 6455
2578 337
1474 6385
5247 4466
9794 6448
9073 8942
5293 8112
8635 9581
1193 462
5010 6259
1638 9210
7584 1052
2843 1699
277 4341
5812 2772
2206 1240
2531 1914
7443 9512
9370 2417
7318 8482
7865 5402
4256 23
5933 4344
7738 6078
3359 495
9233 6177
3537 8399
5143 8565
8909 1424
3816 4257
188 2135
16 9083
2392 9391
2033 892
4180 677
3786 9518
866 2418
3043 4822
9754 981
7567 9711
7114 7901
1195 402
8037 2537
1560 9350
11 3352
1298 1659
4716 550
1537 666
7074 3135
4007 3293
4654 7182
1142 6028
1058 751
8078 9502
6742 2386
7218 5681
204 2113
6169 8698
6855 7250
3290 9593
3769 5489
2318 7025
2706 4346
872 9769
5903 1680
6061 3083
4729 6431
7408 7936
9470 569
217 1783
7433 6776
8735 9945
6463 7916
1228 4644
1519 1073
9122 7238
2176 7521
4267 2350
7445 4277
4995 160
216 4145
2331 6111
5693 918
7160 2092
3409 6731
9491 3439
2204 6709
1851 7069
8893 1701
8380 6985
2971 9951
5575 9334
2253 7279
5667 3890
5486 115
4571 8910
5537 802
9649 8239
7238 4400
2139 2691
6430 1080
5146 7622
2648 7154
5087 6392
2193 1495
6924 452
9813 24
2989 2756
8742 3099
4072 5512
1193 1070
5012 1469
8496 3487
5007 7141
2192 6549
6229 9236
6158 5812
2730 2365
7521 6971
6460 9250
8461 1893
6511 9340
2193 9382
6280 9445
882 9060
3231 2077
8819 4092
7574 7791
3654 3569
8113 6732
8199 9997
7434 8203
1738 4557
6375 8371
7388 8410
8391 1592
7291 7495
720 9420
9279 3307
1868 7325
3317 5993
9760 6429
4376 5855
3671 5373
3993 4008
6339 2174
7663 3185
7669 4210
861 9524
5969 1001
342 189
8045 984
2568 2082
8788 8040
3270 422
490 8558
9759 2033
435 4636
5190 4507
6127 470
5327 8164
8804 8359
1254 6365
7927 4421
8640 6961
6625 6765
4357 5501
8541 1001
3949 5894
3168 7948
1357 1985
3605 5795
8951 4747
4659 2913
9519 5572
4644 9895
9958 5565
1224 5292
3979 1953
5737 8509
7042 8549
4691 1226
9694 6636
4281 1225
497 5812
3416 7889
6016 8804
3500 4488
386 8578
4263 6702
9423 3260
2726 8600
9941 1033
5975 3625
6864 6076
8926 7304
5890 1165
4107 5052
7757 2183
2655 2478
3033 7345
2507 4780
4136 7030
5258 9797
9739 8781
1983 2401
6146 1642
4189 2818
8343 7650
6153 7627
1464 767
9415 9991
2127 8920
8953 9966
1278 2492
9139 86
1976 3869
6346 4886
5367 5840
1915 3686
5476 7328
572 724
713 1764
3534 3147
6190 2728
9189 6131
1908 3339
3821 9665
3252 6609
3299 7169
6800 4666
378 8305
3903 3135
4563 829
612 2074
7832 4115
8960 3241
3117 4146
6420 5018
6696 800
3360 1117
3906 6018
1693 7078
5381 5395
9601 1686
3185 5896
9583 4851
943 8406
6234 8250
1872 5989
4180 425
3043 2717
6043 2332
8719 3732
6083 1633
7051 2158
9075 3405
7484 1956
5166 3950
8569 2409
6626 9690
5918 7816
7736 6096
430 2327
9235 7839
5179 3377
9226 9466
2318 3514
9472 4899
2172 464
6354 1390
7599 9939
6188 5284
3149 7376
3770 4643
7915 9819
5690 537
2964 185
6867 6513
1884 771
2968 6079
2434 659
2244 4783
6234 1668
4030 5087
3854 1613
7608 2446
6459 5057
9815 5148
1298 4020
1262 2198
9314 4070
7562 8024
7621 3379
4580 7936
8983 1279
3818 4345
3138 9189
5537 1106
7405 9844
7335 2170
9457 2058
8488 1589
6917 1214
7107 8525
7306 4672
5302 2733
2387 1850
4542 393
8471 6648
323 8683
9801 3476
3900 1193
3634 3347
2235 1696
6237 3945
7292 1002
8405 3912
7487 8779
7908 2840
7013 9883
1495 6688
6383 3322
3130 5551
1235 6997
496 6491
870 8592
3607 3947
6438 799
5366 2228
4745 9647
4017 7613
4448 6317
8378 2819
5735 7978
4412 9273
4074 669
6537 9922
556 3287
7486 7767
1894 6890
3856 6183
8082 9084
4134 526
3844 6181
1894 6818
9209 100
5316 8813
709 8597
18 4658
6264 3722
3582 9529
5611 2918
9048 8489
1729 4373
4890 7025
4635 720
8494 7672
7461 5375
963 6335
7665 3910
9775 2686
4044 4065
5191 8073
6805 8565
4552 5740
3223 7911
1826 4544
240 2440
9937 6621
9994 8985
1999 612
3570 9974
9102 3893
1006 7409
3273 4963
8744 3103
5802 3341
2822 5180
1881 4197
7587 658
1610 7040
2143 6960
3833 5516
6677 1692
5084 7410
7292 9893
3345 8068
4993 5028
218 3695
4669 5429
5477 1696
3263 1224
3449 13
526 6092
7482 8168
8642 6661
2818 1925
977 240
5279 7464
8862 453
3113 3780
8612 1855
3507 622
6682 359
3901 7554
5494 2552
6377 217
1834 4287
7569 818
6475 8621
4212 8625
5680 3558
7943 7946
3973 9974
8575 5349
6792 1509
5474 8362
5439 8249
3307 8211
8003 8862
3849 3007
3159 233
8956 4335
547 518
367 190
5829 3020
2075 9928
720 8100
6924 6499
3841 2738
8837 2939
9395 2355
6991 6961
1267 4533
78 5445
3374 1064
1959 106
6359 6168
2679 8210
2808 6477
6742 6688
7687 6182
388 9141
9143 541
8710 4933
4981 6793
613 4078
4662 4035
3681 8371
5668 305
5971 6809
4516 6413
9771 5211
6260 3933
1787 794
1351 8181
8710 559
2615 1888
7789 3532
9594 2200
989 5412
6131 3824
9706 1908
2521 360
2230 5805
7987 8913
1674 2461
514 9832
4857 5300
491 6321
6256 3572
3402 6123
2775 9127
5115 6075
6271 5451
9925 5645
4657 9571
1360 6122
3085 2791
2877 8633
5937 1670
5696 3618
5086 4038
6234 2744
9644 5952
2171 5990
2208 3405
9934 473
6249 1288
4306 6205
9051 2949
4732 2166
5410 5212
5976 4982
6833 3056
1223 160
897 2239
5298 110
6900 6839
5001 8385
9937 4328
4837 5886
1549 6640
2929 9563
8295 1993
4401 3403
9186 2483
2817 3282
7476 7006
6713 3533
9672 7835
4473 8117
1476 6839
5123 9466
516 4467
8781 7134
5531 8405
828 9904
3934 5004
1261 6338
3606 3715
4921 7277
3429 2108
9565 1735
1139 476
2218 3021
4770 542
5348 604
2500 7584
8740 5421
7507 6718
4883 1641
1092 4077
1093 8383
4421 6303
5818 6253
4836 6488
9215 8377
9371 4846
3251 5687
4882 1934
4272 9658
8113 248
659 4505
5876 1994
7736 5186
6841 6479
9623 4576
7332 4928
5530 2872
385 1639
5611 9279
9372 4183
1757 620
4636 7545
2421 7619
8949 2170
3067 9352
5054 6062
1589 5092
9280 942
3508 9227
6133 1677
9486 8190
5463 2662
9364 2515
3410 7384
4766 1368
4655 2183
34 3159
2681 9997
7927 8024
7052 1400
2342 1938
2110 9961
1776 3789
7886 468
1289 7571
1484 8217
7358 6935
7218 1344
4984 8197
695 8582
8768 3721
8062 5763
2693 5193
1592 7428
1249 3582
3562 6338
6872 8411
7444 3535
339 8231
5106 9345
6440 620
3432 5196
5789 8994
6624 9059
4044 6658
3900 5762
4808 5134
2579 3520
2822 348
6151 5087
1808 106
4504 5542
7606 3192
6655 7516
4057 4322
5235 7002
4518 6948
2599 7415
1946 9663
7936 5029
2798 4158
4703 6931
511 9066
3828 6656
7573 6228
5649 1944
8387 1898
9056 8559
3519 8542
5652 9447
8096 5861
3153 6516
3136 9441
1041 9204
9081 8636
7133 4130
79 2051
9912 8345
9863 417
6564 7040
4748 1340
8897 248
6756 3547
1407 6688
2419 7592
7404 9681
2186 3939
3144 5570
9075 2304
4071 4248
5480 9486
9159 8508
9629 5171
6322 5540
7352 7213
1016 5187
2201 9944
5643 2888
5976 3111
7840 5895
3112 1140
7809 5811
3098 6616
3962 1520
4237 9223
8653 8833
5725 1385
5443 4564
1386 5519
3884 5106
200 6714
8449 1545
7241 5257
9636 8127
9508 7304
7056 5746
1862 1143
7843 1243
1389 9245
8122 8886
1144 2460
6226 1704
7732 7080
5753 1115
5445 9070
6327 1941
5225 8828
6496 2104
3718 5730
5101 6665
2788 6810
5932 2173
9067 8864
3023 5429
8925 8420
3572 9611
1244 3281
8412 1482
6615 3708
4913 4132
4465 3066
5172 1037
5248 1441
3919 1877
4364 8287
5975 6382
7258 7228
4884 1685
6841 6198
432 7724
8833 1185
187 6742
3368 7191
85 5236
9215 321
386 7682
732 5791
5293 4242
2865 1564
9557 6121
2816 9321
4475 7708
9809 7810
2321 2292
8011 3124
5665 701
1252 6032
3866 2121
4286 4950
8323 2054
3286 9062
3772 6710
6047 6713
6649 3625
7095 1498
803 7216
9121 7732
3535 6523
4034 5692
4016 9695
9782 9098
5755 8591
3097 4445
1184 7985
6058 9461
7529 9792
2922 1337
6977 9607
6460 9136
3111 2274
7657 6219
5907 9604
9332 6631
2438 6933
6057 4628
6340 8848
7853 2393
3103 5986
2409 1529
142 6067
3808 3592
2894 9314
4439 8087
343 4212
2867 5884
5699 7780
6795 7645
2905 8248
3992 8079
7513 8776
5181 8367
3965 7429
6236 1596
9272 2951
6709 9204
924 8781
5444 4754
1986 7096
2428 2870
1713 9030
1084 1750
2435 9021
3377 7908
3814 1819
4463 6872
2073 208
4473 4140
6625 2434
8337 7346
3554 3994
473 9284
6056 2202
626 2348
6175 4657
8228 9732
6407 5567
1498 185
7689 6933
8260 6374
3958 9716
89 8523
6779 3936
9154 2522
6939 892
9517 1337
8727 5973
8668 728
7615 8469
6048 8246
5297 8716
5212 9947
6525 7022
6780 1198
1500 9277
6557 7904
7916 7225
9537 2868
1633 5704
2638 1635
5901 5971
7545 5870
7179 2683
9309 8583
2757 2841
5070 1066
397 3367
5420 2679
612 2358
1774 5975
9630 9235
8948 7575
5247 6842
4618 697
2218 5516
932 770
326 8437
8349 5631
2942 9082
5317 16
6694 5577
9621 5277
6256 5740
6821 3575
7919 8707
6394 6106
8932 2858
4358 8456
3902 6106
4791 7194
4680 814
5060 9788
3327 9329
7383 7532
1801 4179
7558 8210
9756 1125
5332 2480
8986 3927
106 9346
2101 1588
1024 8352
934 5630
9871 2087
5026 548
654 4954
6231 3392
8796 7764
8710 6511
4291 8393
2394 4176
2709 7915
1463 6821
8885 6667
8400 6986
1263 7474
6889 8060
406 3646
1809 3328
7788 6833
801 3366
1138 4403
6368 7691
5800 1474
8778 7273
7370 2932
666 728
4296 7242
4456 2238
8570 8571
3498 3443
6684 179
8081 4551
5662 8085
6292 7613
2576 9055
8689 3905
7432 6243
1103 5600
9856 5405
9443 1043
5378 2624
1968 5981
3554 9695
3706 9914
2468 525
4551 6603
9495 8728
4749 330
5341 880
526 5869
9143 8450
2400 2932
6406 9234
3910 3161
9361 1940
8553 2083
3498 5244
902 4316
7710 1040
8018 9277
4763 768
2787 5443
4499 1328
2404 8384
7455 1024
51 6805
812 6197
4696 8572
5178 2386
8435 1260
5904 6494
5955 3884
4389 5780
1395 742
9806 1939
8697 9025
7841 9878
6197 7150
3897 8253
6441 8919
1458 8111
9218 2087
8345 6312
7819 1127
3169 9292
1133 7255
2616 7307
8323 8558
942 775
3743 7143
4325 6291
9330 5349
4053 3889
6377 5820
4679 8265
6045 9587
9278 2366
4366 9051
3830 7272
7870 7414
9717 1806
1746 5140
5932 5645
5331 5858
8988 7512
1319 1718
9297 3455
1108 5284
5221 5110
2793 8041
6234 5839
2640 6832
9093 4644
9457 8698
8503 3918
1673 733
7326 944
4271 6081
5178 1863
6182 2653
1395 8917
1512 5687
639 9382
7337 684
4820 9448
8637 3427
4825 9354
7848 2902
2218 6641
2937 8172
5641 7568
7964 9816
4849 6857
3041 3871
4571 4499
5054 8513
6725 1738
9991 4156
9352 9820
3358 8256
8736 8986
5298 4572
1525 134
4409 2906
7853 602
5404 1350
4501 7180
5677 6779
6845 5068
3515 693
3598 3950
66 9455
9569 3058
1638 8888
6044 3010
9637 1715
5560 4032
1475 9816
4783 9207
1427 2618
7498 607
5288 1584
1817 1097
7674 4253
4085 5806
4086 818
6713 6931
5616 223
6919 4221
9152 3535
3098 5792
7809 7235
754 6652
7443 3850
5866 5981
7608 8261
5687 2744
9228 7124
5571 8078
5705 6818
3513 4616
1463 8069
2514 39
4264 3354
8756 9771
3435 2689
5766 4418
3451 4846
2462 3502
5105 1147
3176 7351
4198 1594
6580 2952
906 6321
3204 5337
8246 3162
4005 4200
5263 7666
4911 554
4988 5958
1149 2402
4600 9817
1576 8046
2012 4168
4438 9794
311 5213
2309 7473
2454 9630
6946 7550
8258 6433
1761 1918
9512 6982
8200 5726
4866 6663
7086 9224
7446 2483
4619 5245
7447 825
2135 7081
8351 5666
5491 4223
9796 2216
4409 474
8324 1279
969 3383
7323 9388
7398 1467
7824 3093
2576 3319
221 4479
9683 9580
1839 9786
9128 2573
8109 3950
6859 6619
2399 1078
9058 3826
1804 1790
7619 437
2396 2630
7626 858
4100 5856
7524 5196
6212 4109
7463 2350
6905 4529
2607 7748
5085 6418
6831 3187
7771 3157
8835 299
8230 7541
4794 7226
4537 7928
7444 9509
8528 3904
2846 7499
6464 2620
3651 3240
3696 4008
5643 534
143 7327
6577 6447
6048 7456
1276 2286
2506 9062
33 5362
7399 1796
5665 7538
3614 7710
2632 1589
2468 4171
1015 4297
2456 1386
3771 7471
3902 5007
7822 5038
2573 3814
9830 5850
1769 3350
8107 7175
9584 6179
7493 8076
9225 637
3129 640
3813 6654
6653 3105
7299 8449
5339 2371
3899 780
8468 2451
5536 5402
6158 1928
8107 2372
5983 6669
4972 7247
9664 2894
8827 7541
9941 1319
9021 1023
212 3012
7176 616
3245 5250
4373 3408
9807 6516
4203 3573
4775 9137
9958 4609
6414 5922
2152 514
1774 3188
9149 9558
1895 4289
4375 6389
6549 3128
8753 2635
8793 5592
4488 2991
2387 4266
1804 2124
7950 311
4612 7895
5642 3850
1424 2623
7550 6335
4510 1562
4771 8178
1463 5364
2291 3578
3066 7533
5271 478
5169 7048
9231 7139
4711 9825
368 7588
3826 8705
5569 2804
9258 3988
1999 5457
9560 6365
4578 1944
7291 2400
6068 9288
8855 7599
4511 3318
1770 2383
8455 9343
8385 5872
4778 9140
8088 246
2978 3608
3181 2718
7375 2532
4278 2092
51 1089
1512 8359
1867 2257
7966 5878
7820 2461
7324 6069
5456 5091
384 303
5669 7830
1197 9967
831 2304
6774 4566
8454 3270
8683 8737
5626 8131
8290 1367
4097 7031
9124 6416
2530 3035
1051 8233
4135 3598
6508 9523
9690 8182
1863 8290
3012 6827
3543 2975
6842 6183
6509 3373
8747 3407
8776 8136
4093 9976
3067 5926
7653 5135
3360 9565
2472 2679
3447 3300
9351 9102
3950 5393
5274 8683
7751 8347
360 9303
1609 3771
5323 3986
1072 287
7391 3799
9321 9059
4711 769
5300 8468
4670 2849
2586 3273
6229 5420
5075 4081
47 2562
4688 9603
8646 9980
14 6764
4298 1675
412 1468
5955 6184
525 2256
318 6702
6445 83
6863 7435
2931 4999
6239 9879
1223 5243
7840 4784
3121 5966
8355 4812
2958 2665
1487 6651
4162 459
4856 167
3720 370
6098 187
4448 4874
1085 5459
2571 804
3680 8396
1291 3890
4385 8366
1343 7310
2839 4199
9614 5159
9667 6470
2177 6765
4400 5985
9553 1593
4052 2531
7927 9663
3517 3676
4336 397
6484 3869
9387 8835
4729 5196
4674 2073
6840 5908
2714 7307
3574 9478
1461 4771
5405 4610
7682 2728
443 1515
3309 1710
4968 1077
9504 2962
8946 7277
3628 3916
7215 4970
3281 9095
9941 4240
9610 5061
5005 6260
2748 1785
1679 1361
4307 2713
175 4037
1697 553
522 2143
4310 4886
6466 4996
8819 6695
2812 3314
1945 8129
7754 6888
4248 3425
3515 7991
9416 8892
2957 7319
7194 1287
3765 9379
6603 1944
2286 4439
6501 7683
2441 2193
6776 8630
8855 7362
1623 3565
8286 8070
8421 1360
1375 8475
9061 8224
6719 3684
3416 7678
2703 2984
8061 2461
5103 1065
7550 3152
9863 9797
6457 1171
6827 6949
5543 4195
6003 2877
3815 1407
622 2878
8106 7362
6570 3360
2035 7678
5181 8418
2570 2949
6571 6410
3867 6471
4516 6824
9529 5453
2625 30
5591 1292
3445 9520
3899 5372
3496 7173
2927 980
313 2699
7083 7486
477 9695
7782 6130
2931 1502
6725 1409
9743 9317
1616 7162
25 5287
427 7146
5990 2434
4913 1788
6118 5810
4589 2584
1126 932
2268 2306
4364 9166
9491 8015
8216 1554
895 5629
2825 5639
6918 5322
7606 8514
4013 1245
1085 4909
6374 4864
9146 7683
3205 4709
1235 5435
1949 4902
5622 1595
9791 7435
2581 5235
1684 5513
2315 6360
2506 4247
1003 888
4400 1658
6889 1724
624 4333
5478 1999
6723 2999
6044 5333
5325 6385
3970 5917
3086 5323
8203 6026
6846 7635
5818 7573
6183 8898
9997 2466
7272 9972
8377 4853
2998 4012
7766 4096
2306 6513
9089 1685
7080 1197
8883 8446
8542 4227
7050 2999
8406 6364
8334 5278
8614 7876
9242 7816
9343 1065
7034 4321
956 2465
2879 2327
6178 7028
3079 9466
1607 9174
5530 7327
6974 1804
8546 83
9481 6562
7056 1955
7187 2053
2501 4788
5765 3022
225 617
7930 1471
7424 4225
4135 5537
6995 1384
3038 1843
4961 6394
262 3299
893 1168
5587 9543
4252 5998
3728 5545
3311 8777
8002 5997
7249 3043
2024 2407
9869 3091
8603 534
9195 5695
