placement model: 1slider
width: 10
height: 10
number of points: 100
3429 4440
4130 8499
5863 1692
6549 9129
4459 831
4752 6700
5619 4412
3428 3439
3025 8356
2776 2386
7806 8335
1590 9084
9496 3346
1313 2829
9016 4289
5981 4004
9149 9913
3652 9621
6495 8345
3973 8383
5744 4004
7768 2643
1391 2063
2724 3742
7209 5140
9752 3015
4075 623
3356 2437
2765 3692
2943 8609
6824 4366
2619 5825
1874 3136
3661 9518
5224 2186
4884 2739
1730 4016
1422 9907
2251 5085
5437 3721
6628 9228
2748 2788
6532 7563
6178 9481
522 8858
2664 9775
9126 2082
4170 4135
794 3056
3761 6534
3408 3642
3828 3817
8312 8850
7245 5963
7807 5832
8052 2637
3233 2274
870 6560
1949 3773
1134 5615
2188 5275
5964 8169
9089 719
7031 4639
2841 4765
934 3865
4423 732
4596 23
1133 1313
75 989
6822 6143
6625 2093
7322 2246
3536 4472
3866 2404
787 879
5014 85
2902 3435
8107 9817
7066 5494
9625 8033
7237 8487
5405 2686
4319 8952
8906 8335
2791 6149
3473 2620
3143 3682
5654 1366
9252 9768
8670 8807
4994 4824
8668 919
2755 5744
9401 1408
5605 6855
1450 1823
7001 86
518 3920
268 7548
