placement model: 1slider
width: 10
height: 10
number of points: 1000
5358 8700
376 8476
2064 8961
5404 247
8401 322
6756 469
878 3757
4114 9666
7098 4006
689 1499
1168 5759
6992 8484
3904 9784
3561 2831
5249 2088
7327 3356
8969 29
3994 3508
9072 2443
3434 3230
5318 8355
8820 7158
4047 1910
9681 936
7815 982
148 2781
1772 8293
2244 4840
2403 9352
635 4055
1922 3511
2782 6262
6385 4594
4664 2599
4952 7929
6727 7185
3730 5486
524 3783
9545 4969
200 1509
3606 1467
3264 6624
753 2360
709 4882
6922 4480
6138 983
1470 1673
5115 2281
6148 8626
5411 7559
1285 9383
9399 3870
5642 1149
5456 9122
987 7364
4646 2154
5193 9863
2602 1211
906 3527
843 9445
2833 9984
6045 2433
8314 4499
3495 1662
9879 2393
2357 2228
3732 4051
5102 5345
5277 314
7655 3918
7371 5404
6720 9997
7116 6910
1975 3284
9903 7809
6900 911
5381 8722
1211 5205
708 7307
2810 3749
1959 8023
5806 7447
9343 1194
5245 392
5627 2924
3750 9552
7661 8424
5986 6743
7720 8321
7577 4786
7079 6043
9275 6616
1550 3145
7494 8464
2034 7199
1571 3493
5327 2249
9433 5957
6533 242
854 6850
5859 6326
1141 1933
2171 8505
7434 9417
8100 3394
8797 418
9732 1039
4084 8692
6684 812
9877 170
8599 3542
3873 1902
5576 6578
2666 920
3239 6684
8262 2403
8848 3665
5136 5708
9669 793
8055 3617
8013 5722
1414 8587
633 5161
8287 3475
3050 8192
5860 7518
962 4430
6395 7369
2726 8697
4674 7058
3517 3554
9331 2925
9504 8626
4979 9673
2383 4593
5510 213
8966 5071
9651 9854
445 8549
7128 2633
5653 7559
9323 455
5441 1391
1651 8185
9380 6161
2403 8277
4363 2760
2726 1368
2999 7311
9386 634
7415 7119
9274 9241
5076 161
9806 4078
3422 3952
5147 2102
720 4557
6259 3703
7826 4835
5981 7271
6768 8213
4252 7478
1364 4502
6057 5386
4570 10
2833 1369
9957 8545
5979 9094
4337 5347
7578 6613
6000 1274
6297 4681
8850 225
6318 3892
9017 2512
5189 447
7393 7190
8263 9008
6920 4016
5332 9510
3557 4228
8449 2272
8912 1201
4677 6202
9934 850
9110 2569
5445 3996
753 1574
9364 6126
8366 5142
4253 2684
980 7664
5297 5333
404 4727
3265 5477
5506 6444
2903 6557
115 1336
4273 5329
2262 5189
4469 4334
9458 8575
3180 7575
5609 2993
2376 1776
1767 7817
1817 5332
7643 9056
1413 483
757 4535
236 1032
5004 4556
2385 1845
7642 7812
7308 8979
6431 3563
6646 1264
1518 7163
7670 3553
2219 5554
3205 6091
6163 2660
9861 3404
9679 5582
5786 4475
2619 9788
2337 5856
1580 3915
5006 6612
428 6063
2097 6226
7840 8381
4977 7099
1211 8033
5616 5211
1122 8838
5502 2173
4156 3428
8809 187
6731 213
1873 2119
3402 8974
4552 488
5171 688
5235 3678
4575 3148
6437 9974
8619 6626
7975 8441
9031 5846
3269 1897
1989 1016
1098 8793
6761 759
7275 3171
4036 4632
991 2427
1333 6187
6229 7942
4512 2272
4501 9695
5604 2734
6468 3383
281 4484
9879 2456
7452 6912
52 2282
6774 7480
6260 5569
8864 5608
1947 1501
1536 2442
3130 8303
1707 787
2509 9017
8002 2498
9729 1658
1028 5122
3576 8139
4093 5982
3695 4108
1008 2866
6936 3035
8292 3791
6 6231
3042 4538
6272 7763
8307 9075
3022 2493
1190 9024
6478 2894
6773 7883
2352 6482
8671 8446
3237 1539
174 3525
8559 7152
2711 969
4309 4977
6642 7463
904 3797
8507 8311
9928 1047
8994 1887
3169 1781
6234 2949
7185 644
3449 4266
5507 4273
3686 9671
6608 4114
7678 7131
2237 5893
8866 6387
1669 2942
7989 8265
1891 3544
3960 6826
6275 3941
7123 8730
9989 7969
6027 7044
418 8826
8184 4384
1487 9700
8888 1478
4879 7782
1833 8318
9886 1884
587 3327
7395 3725
8714 6572
7662 7247
3283 3093
2126 9011
8323 787
3696 2969
5373 7313
7123 8118
1070 4814
1545 8434
5646 7256
1501 7501
734 6364
1330 9766
4579 3533
6663 2680
5176 5178
7128 3417
1599 1056
854 6934
4316 719
9748 2169
5709 8758
2736 687
6287 4977
9835 1065
4969 8846
9955 7979
5654 6552
8152 9214
8310 4347
2723 871
8131 7679
2102 4662
6796 4025
5904 502
5977 3939
6868 9757
4786 1614
27 4694
8521 9574
5797 4115
6851 813
4563 8567
150 8196
5696 9099
3531 2744
1769 3620
8003 1162
8988 6226
7745 270
2249 1912
8553 1693
9059 639
6307 8016
1311 538
1 3392
3145 4854
1261 490
3120 8016
7855 3622
856 1594
9997 5350
1980 2952
5153 1105
5931 312
2889 8218
56 3539
596 7090
4751 1132
5347 3696
4619 4147
3681 1147
99 3677
5557 8505
3189 7961
6207 9100
8389 7525
8525 9674
4109 9821
1229 6073
5969 6942
4957 8657
4076 707
9687 5919
769 4128
4000 6071
6651 45
5469 7914
3053 8740
378 1005
5630 5613
2526 3771
4938 6105
1240 6672
4172 6614
4437 8803
499 8708
4332 8585
7852 1676
8901 6679
2400 8223
7319 2761
9437 6974
4347 1476
6880 3827
9725 746
2134 3150
9425 5338
3557 2748
4128 566
5468 6877
1202 4179
6187 7392
3888 7085
5753 8680
2549 563
5012 3421
3030 1481
7775 5468
4204 6596
1712 5389
7982 2964
9937 1657
7662 1954
9146 2787
7014 4212
2795 1146
5751 3781
6539 4494
1402 375
133 5884
1515 5422
6428 8680
4047 4122
4722 96
4395 5827
9472 1960
224 9102
4002 4280
9080 5346
1279 9088
880 9608
1151 3454
582 7719
7416 3996
1223 9139
3304 9978
941 500
9166 5476
5078 7339
4196 4353
882 28
7020 9299
6432 5967
2079 1947
770 7110
3693 9095
5429 74
7226 8560
2468 2796
7187 3437
8503 4797
9641 8741
723 4156
2502 698
8642 6492
5971 7406
4716 8227
7663 1454
3179 5560
9025 2818
6293 1465
8454 3998
5959 5793
9207 9924
4678 6942
4096 2782
6962 9011
6136 2568
2358 2875
8247 3951
1193 1786
4301 9348
7480 5425
7564 6279
8553 9120
4361 477
1735 9471
7762 7637
2442 6602
5983 549
9708 4534
3500 6275
302 4909
8451 5597
1321 3706
9468 8357
6789 5932
8945 4999
5372 8143
166 4896
9346 1871
6792 8314
1748 8073
8075 8704
693 6809
7445 5689
8583 8631
1010 2684
1316 5869
4728 9542
8426 9518
9635 1940
3276 1216
8467 7127
2477 8192
7384 8544
9824 507
9944 5699
1884 7545
7802 9331
1334 4943
7283 8101
6508 5799
1689 6246
6053 3763
224 7752
5605 1015
9774 5979
583 5131
6438 3509
2327 349
2421 2543
9589 6311
3282 6396
5552 1058
5325 42
9281 7712
4559 5568
4943 2623
7781 1295
23 5582
427 6304
8268 7578
2176 4542
2281 3782
4427 8347
4267 7165
3378 8689
1696 3050
9948 3666
9027 5889
9768 497
1540 4409
7909 4386
5001 7128
9850 5671
159 3093
4733 6266
1869 2402
5789 7108
8389 8616
9194 5738
9790 3293
3997 7818
2496 8560
1525 9244
2537 897
8181 7695
9497 5284
3416 2406
9839 1951
524 6001
9924 9379
8685 9274
8739 6267
5463 1675
9431 8263
6900 5694
1903 8035
5259 2419
7708 3776
3920 1301
1454 280
3180 892
4590 5067
3787 7106
8159 2702
431 4568
3772 477
6152 171
5956 8390
8603 2386
9763 3513
9406 3945
9985 7611
2396 2080
1576 939
5690 1084
5409 7519
1300 895
9245 9011
2078 4977
7745 7074
5239 4705
218 9288
8144 6977
5395 758
5106 8675
9118 8209
466 9475
3629 5678
5941 5615
5476 2823
9811 4864
1627 2925
1166 8981
8523 4295
3329 973
1334 1143
5748 3171
522 8073
6603 194
7664 1667
383 1806
1531 8071
4936 9627
7284 7667
4573 6223
8345 2375
644 902
2324 1126
7318 4365
5315 6624
2044 4948
5624 1056
8017 5649
3484 114
8833 2464
6888 6193
5485 9097
1437 6382
5746 8329
4708 7106
596 8984
3112 5142
7425 3495
4722 6094
4352 4813
4171 1392
1104 7901
9224 1923
7853 4052
9413 7067
6007 8364
5510 3594
1586 7375
2846 2407
2055 6020
8776 6827
1729 6400
4153 9293
8978 9871
1537 3547
2051 4042
816 6322
2377 8698
1684 5132
5246 9354
5101 6824
8219 5697
8390 9321
989 6104
2229 9442
755 6422
4859 2224
639 8300
4493 3748
125 7177
9639 6919
4657 9586
2362 8749
3951 8691
8758 7431
1715 5518
5939 4231
4080 826
9189 5080
6230 8150
6183 8064
5371 2781
2917 4922
1985 4255
2154 5184
3608 6535
9339 5350
2582 4710
2443 1940
126 9688
8018 4253
9937 5686
7410 67
1460 5851
7799 8147
2765 3579
5648 2813
7063 3770
5724 9993
964 2344
8719 8597
775 6816
9546 8751
1485 3644
7037 6961
7648 8672
4092 9320
2298 20
1539 7434
3315 2755
2 3521
1215 9654
2132 2793
4135 3913
4917 8313
6414 6886
768 3905
3304 3821
5165 6234
4133 8191
9039 1714
1753 9611
5923 8470
7006 9161
4231 7987
7252 9761
7938 4062
6101 1603
1512 5506
7639 9812
5912 7549
6017 1439
4813 8329
7051 4690
8657 7357
235 9358
9675 6360
8950 6003
1649 304
5554 7423
3986 1555
8768 9789
9197 5848
7683 7897
3873 9027
6565 6955
829 5466
8675 894
6200 2868
6231 8543
2201 1979
7241 8978
348 1040
652 2282
7148 9725
1152 6091
9517 8733
5611 4112
8892 7840
4336 5778
325 8305
462 9663
7430 698
8835 8252
2006 5740
7863 3785
2718 3699
791 2255
79 5630
7911 1638
6974 8287
9932 7933
761 5499
5265 7792
1615 2035
5600 2510
7706 5446
876 5647
6800 8566
5291 7171
8323 5708
809 7433
5808 3091
1208 6899
5178 9132
4202 648
871 2932
1970 2802
8048 4938
1687 528
1415 9922
8906 6364
5553 7532
7772 5679
2198 9959
6982 2845
9694 9117
4250 3332
3834 7905
6818 2005
3866 9457
105 8708
5573 9617
5739 8205
4518 9431
5872 232
2079 1268
9107 1685
1283 8859
9572 1842
8665 4401
3864 312
8175 1214
952 4195
7573 7664
9586 4379
6967 841
7042 9288
6815 8959
1437 4237
5845 35
4856 48
9899 8532
4086 3636
4890 2559
6618 3503
4307 8020
1808 5916
3507 5348
8061 8180
1009 9189
8187 3419
8509 3764
5950 8883
6755 670
6168 5739
6491 3729
2093 5884
2725 7136
4034 8420
4439 7132
4045 2104
7525 6050
9548 5006
9261 7584
474 8938
9057 3827
7173 8894
5550 5882
4307 5751
5462 3995
9039 1373
170 1951
3635 6170
9717 1359
1606 3334
3957 2724
704 6651
62 5146
920 9841
4211 2664
9885 9818
8863 9843
2750 4261
8164 812
9780 2195
4597 378
6385 9561
2981 1555
477 9018
2907 1290
3699 6468
1517 7573
8398 8256
8885 37
4256 5994
2649 3948
5052 600
5509 6875
903 2608
416 4579
3491 2070
5125 4316
5687 9053
5664 3861
6367 7412
4891 2488
2863 2429
6052 4444
330 8432
4192 4301
6334 2805
8773 235
1547 4428
9711 877
3266 5779
2129 1953
1868 9746
6865 776
6156 6475
7536 7679
855 1800
3940 4749
5277 9474
2668 7468
4603 2784
2321 9835
3076 5308
4731 7046
3274 9407
8442 3617
4666 5761
8286 7345
3467 1056
2880 707
5122 7670
2971 7397
551 6824
8733 8005
4963 7222
6335 8265
4079 1516
5162 2068
1242 5687
1777 8155
8455 7238
9420 7458
1233 5993
8103 4660
100 1730
8750 5752
2247 8252
6758 1598
9491 15
3756 4359
6104 3246
177 8851
6905 7002
783 1079
9594 2068
4415 7257
5097 8667
7053 648
2191 7
2492 5692
8196 5521
9498 2657
8532 2481
6544 4519
4257 1597
2636 2782
5031 7178
8446 8098
4560 1168
5976 9627
5396 1686
9329 9170
577 7667
8012 3848
