placement model: 1slider
width: 10
height: 10
number of points: 2000
2239 1906
3358 3192
9675 5311
3568 3674
4364 5656
9961 678
2644 1966
4848 1586
8091 6960
5651 7329
7988 6633
6602 760
6434 2984
6010 7726
2610 3802
1196 4667
286 8995
7301 3298
24 7089
8361 4384
2269 7733
9271 3826
9235 634
1365 3676
7320 5023
1531 1162
408 492
8443 1517
2392 3460
3780 38
4782 8098
8590 3075
1277 8020
1690 1481
6332 6879
1886 433
7905 7241
626 6411
2198 5770
8210 3848
9991 2569
2742 9932
6462 4233
8071 3642
1926 3023
6377 1058
4908 9794
6908 6993
1756 3479
979 6323
8756 1000
7959 6573
8040 2953
7136 2485
6790 2784
2022 3688
9234 1156
2378 5321
2982 934
7322 8713
1251 5790
9276 997
8154 60
1742 4689
4242 877
4994 3431
4520 903
6207 3546
290 8935
4058 7798
6982 7778
9358 5076
1195 2615
3986 7093
2625 3834
9401 4441
2165 6616
4438 472
2352 3166
1056 7691
1356 3442
1202 6339
776 6410
1709 1255
4217 1903
7685 3650
1268 9085
7750 2149
2580 4384
5857 7204
3691 9586
4689 7740
3744 6384
3855 6711
2709 5366
6237 1815
3076 674
5463 440
5745 348
642 1758
8499 154
6951 6007
8019 8556
4522 323
7431 7661
5230 5519
6516 5102
8555 6031
5049 8978
3505 3728
6567 6598
6167 6727
1584 3687
3986 9980
6357 5186
3834 5371
4997 9636
1549 7673
6157 941
7654 9964
2085 7685
8624 2103
1758 7882
5220 2653
4814 6967
2339 2171
5255 230
3452 7713
4063 6629
4587 4169
4962 2962
1666 5743
6318 6970
7607 9961
8503 1490
9858 5037
4811 6526
3979 8546
5682 5596
5981 1974
9740 2996
2869 2135
7751 1345
5742 9317
9765 4694
8329 8005
140 653
7450 5901
4062 4914
5399 6497
8231 2946
6127 7154
9967 543
5253 3950
1857 273
4109 1691
2768 8659
5757 8044
9053 2021
8732 1796
9488 6460
7972 1298
2128 5156
5347 1395
5008 2192
5360 5218
8435 1236
6824 5274
9339 4411
324 4489
5474 6285
9550 3391
5292 8206
7631 4448
3539 2645
5545 2774
4772 2628
8532 2065
5914 4910
1677 8316
8495 7875
9070 7735
1225 3505
9333 4755
8921 2245
384 6021
1049 6737
7831 5871
3477 5866
211 1408
5460 8551
4401 5277
5591 9372
6319 9186
4718 8178
6476 2856
7227 6244
9180 5627
604 4542
6501 7650
3692 8047
6032 325
2457 2620
5747 550
6626 2039
3199 629
6913 9581
3612 9596
5816 138
3349 8358
4696 7828
720 8897
3678 4055
3984 5326
7101 9523
9955 4506
3760 1393
8378 9961
3631 8911
2164 9356
3042 7622
9873 230
1447 9941
8861 9463
2256 5029
4394 1681
3548 771
1314 6904
1158 3417
9168 1854
9210 5620
4883 2548
4896 1822
9238 8863
2412 6195
2393 3376
4052 9217
7562 4472
419 7145
6512 6208
8072 3352
9754 2747
2009 2981
1652 7082
624 1807
6137 9064
4596 2310
9715 4286
7006 5304
9454 5584
8995 6914
8834 3028
7369 3490
66 7303
7095 2632
9016 4941
3610 2991
1971 1228
4618 169
4094 1314
6206 1543
2807 9225
7411 8473
8376 7011
799 7096
921 7974
2199 1975
9166 4327
4072 2537
7407 1775
243 9249
8312 4548
9399 3320
7765 2899
1899 6228
2483 2962
2625 4243
5340 515
822 7722
323 5857
8156 2767
1893 1449
9074 2039
4634 2081
5099 2879
651 4556
8919 5702
8817 8655
9780 7988
9590 6696
2666 3059
1847 3012
9187 838
7678 1572
7427 9203
2919 3177
1588 9106
8726 664
6215 559
8082 7988
7656 3766
9395 7
7109 5640
3554 1407
2115 5748
8420 7150
7246 1183
5017 7317
4609 6270
4946 6728
7054 1637
9691 373
1620 1479
75 7379
9945 2081
3437 493
4286 4505
9082 4187
9700 5140
755 9031
1776 2267
3457 7138
2916 7274
6393 5301
2156 5816
3 3807
8115 1877
2505 4568
8223 3432
3345 614
7064 7611
7396 895
5134 7255
7673 7193
9436 5029
5405 8552
8371 4530
7271 7485
832 6650
2224 6131
4639 1542
9948 3458
2220 1866
757 1752
2163 7726
1662 2849
2020 1109
7857 1450
995 3647
4674 6259
6523 5221
1929 7031
6620 5043
1983 4847
207 2784
6623 1943
9756 4289
7971 2438
3089 9603
6988 3008
8753 4032
7715 4744
7200 1226
8016 1987
3964 3112
4066 8870
5556 3917
6562 4098
67 9382
8329 4446
9680 6226
5555 7967
5552 8646
8231 1305
9312 3668
1437 8500
6618 7906
6487 1969
2927 4546
6368 1
1462 5164
4259 6060
9419 3696
5147 8673
6742 8581
8503 6503
8725 4389
7829 2289
6583 5507
1507 2915
2705 7841
4149 8459
2728 3656
9831 9395
9972 4719
1298 9098
3029 1572
2724 4356
3539 1809
9595 3846
3429 4209
3705 6205
3984 9140
6949 7255
3460 6644
6096 533
5364 6085
2955 3724
2219 3424
3388 3432
6655 8396
7778 9056
8008 523
8289 463
926 126
9871 9250
2128 7890
8963 4089
7728 4008
1563 1421
4815 6542
4477 1947
7195 1633
9379 855
5507 6822
6367 3243
6236 5124
478 7447
5797 6095
8429 1913
5175 6594
9893 2860
5005 336
5123 1571
7816 2898
402 7059
6945 8892
3250 2214
5364 4976
5144 825
3741 5810
9363 4293
2167 4999
4089 8969
3411 116
9404 4404
4317 3451
2742 3223
4162 7876
6397 9746
4671 1416
3796 3999
8280 4142
1522 5100
1470 4393
4233 5297
6615 1326
2973 4542
1416 9984
9358 6076
5327 4022
9568 5435
2628 7544
1708 6117
9817 5922
5768 3343
317 1126
6575 8071
8955 5943
5842 1867
7449 3306
2603 2290
4775 3716
674 7243
6834 6016
6859 1646
7359 8507
4614 4100
3439 4121
5563 153
280 2458
2265 5356
2675 1213
3683 7950
9788 7877
214 7868
9719 9175
2871 3382
57 9976
4452 1857
4844 7394
2797 8881
3983 1456
4491 8335
7647 4973
2743 8312
5716 6607
42 4132
9940 4136
5207 5293
6099 2422
9844 2967
9466 3631
1741 2363
8315 8416
6650 7287
8074 6279
563 1461
2925 5913
8962 9937
1224 6042
408 5746
800 2109
1148 4250
2696 1221
9735 6994
9612 6285
3858 1502
5321 1825
8092 6671
1706 6169
6539 6850
954 9538
486 5599
282 5424
341 5218
6570 4265
9459 9081
7765 3341
3396 3950
5990 226
2225 6405
7581 575
4180 59
1575 3855
8124 1096
7205 4850
5749 5764
8886 7825
6029 2696
7584 3897
6440 5899
8553 1753
8192 7911
4995 584
5161 8725
8576 8462
4537 6455
7841 6779
4330 5679
9479 4048
3081 7566
5226 1450
976 8674
4463 4688
181 9004
1494 9629
4177 4227
2126 1546
7304 8633
4673 9088
7077 1249
9274 8470
4706 2069
9738 211
5422 962
3955 7443
5460 4985
7559 675
568 3951
8226 5407
5455 7162
5081 8628
7611 9873
4520 6950
3690 1329
6108 1712
3372 6893
487 105
7605 8812
2586 2636
2596 2134
6978 8542
9999 5095
2842 9356
9403 8097
3597 9786
9201 2151
7700 720
6359 1488
6744 3282
6563 5037
7833 7741
4141 8847
5538 4889
2848 8407
970 3604
8459 3021
3356 8893
3537 1013
5302 7047
2426 623
2993 8308
1740 5929
6971 6306
8334 1893
6864 9617
92 133
6090 9201
7858 2034
2795 4521
8499 6245
6791 8512
2653 4757
214 6033
6599 5502
8762 7227
3934 6941
5800 1473
7444 65
1528 6964
9403 1785
3145 7696
8149 6006
9362 3187
8971 9234
4157 8434
2406 1789
7889 2040
6083 1637
2358 4062
5465 934
9678 7957
2436 419
6946 9575
1940 2077
3951 1205
7367 2980
1443 6261
9351 6877
1688 8398
1372 5267
5199 3044
2695 1447
6492 7440
4202 7744
6231 6862
8244 8842
6785 2103
288 7390
7160 1648
303 8263
1948 91
985 2485
7287 6302
172 1750
2417 7541
3422 2843
2263 2095
8501 4778
8478 3034
9978 8492
4686 4457
5981 4428
7720 9545
3884 4187
8032 8974
7868 6162
2997 4059
3408 4234
8246 319
6793 6277
8170 3044
1706 2031
9476 1648
8944 6928
231 7017
395 4842
9848 5491
5092 5650
6341 683
9614 9277
9365 4198
7812 5131
9726 2361
1316 9576
7941 99
5758 6560
3922 9344
7472 7801
782 4073
7470 1053
5515 3550
7029 2300
4401 2014
4636 5764
4947 8983
504 2184
8586 5078
1689 8943
5840 6487
9057 7236
5390 6790
3341 4021
5224 548
328 7003
6153 1903
498 6340
4608 1482
9045 2221
5234 4986
104 9471
3489 7425
4154 3860
7404 4569
507 4374
8693 6637
9221 6100
5710 3559
8086 3324
6325 8389
5148 1390
8677 6828
826 8142
9804 3507
2261 8155
7614 8297
8635 1398
8842 9145
3819 1652
2568 3261
135 36
5469 1615
1117 2314
8633 1967
6004 2419
3807 2134
7585 2110
7668 9637
4522 9894
753 4697
1491 1305
8715 7780
3675 9861
1413 4283
445 551
7945 7442
7113 5005
6562 3157
1945 8838
1295 643
4179 475
5232 2365
8804 5799
1580 4105
6129 6092
8818 8787
5373 5996
7895 7829
8581 1126
9209 6222
2788 9545
2264 7524
7883 5126
6382 3108
2408 7190
904 4895
6326 8682
7160 759
5081 5840
1662 8570
4877 5173
6915 8189
3289 7284
5310 5960
1046 6280
108 6079
5957 910
4663 3952
5670 7712
519 399
2443 7754
2460 7105
2474 7675
9811 6633
9075 6413
347 8707
3278 3794
9195 1378
442 1285
1916 177
541 9209
9051 7264
5194 2061
9357 9900
9692 2723
6277 5863
2398 7245
7291 3499
7015 4314
3733 9975
9751 5813
5813 3550
9108 4642
2201 7405
3219 4895
8914 1473
5641 7970
6119 3055
4483 6881
3181 7274
3048 4208
8270 2378
1667 9066
9335 9867
93 6582
8779 1099
9024 974
2433 4816
7998 4970
5301 7049
7863 3316
4161 4038
9313 6803
9244 864
1953 5395
8614 9832
8563 365
9589 7460
8563 5344
9186 6266
7434 924
4919 4372
7264 4934
6224 5294
1780 1906
2460 9027
6213 2307
42 8688
9208 9690
2264 8098
4253 990
25 84
3179 3261
980 5928
1642 9640
5059 330
5370 6246
5557 7000
3731 4737
8002 415
8821 5828
3291 983
5386 6059
9949 7820
2479 4202
8240 3588
1883 998
6855 949
8362 4439
3666 5978
2206 2628
824 7005
6835 7962
9916 7383
8452 6948
9975 1360
2822 6989
8272 6125
8001 3268
1354 3549
8011 3520
4413 3260
6987 5328
188 3742
2413 1462
7709 1042
2491 2790
4723 5902
2992 8407
3352 7062
2510 3562
969 5679
2777 7657
4147 3929
4042 3706
4445 3848
1320 7883
6892 6715
1728 2734
8824 2488
2630 553
280 189
5264 1795
9355 6471
4518 3819
2690 9390
3502 3842
8817 8469
5296 6392
7324 7229
9079 9372
8685 9550
3094 6289
2107 8338
55 8125
9732 7823
7648 2127
4833 2096
2814 8134
6384 5925
2702 1332
3777 3746
3295 8607
291 7252
6415 5901
1204 2842
222 1449
3630 4681
6589 3780
4964 2145
7318 9148
1 6750
1390 3684
5371 6136
6425 2484
2313 7968
4817 7977
9537 2898
6201 2384
5496 2278
1432 8964
241 5119
1111 6160
4792 3528
4448 1602
4790 4803
8889 6327
9768 3517
4973 9433
6330 4714
505 5910
606 1762
5446 8843
8942 4630
2311 4209
3045 6272
4459 2034
601 2156
701 1093
1992 5096
4288 6804
3706 9192
6690 5464
8272 6856
5360 1810
1744 487
3111 2063
9503 9678
999 333
531 668
8438 3010
3896 9226
3278 1681
805 3365
8474 5474
4625 2822
121 7841
5007 3677
6308 6300
8452 5169
6223 7180
7213 7936
7053 3943
4134 3234
7978 1615
1112 8363
2959 2337
7269 7625
6294 2105
1472 3791
1078 2411
4619 103
1757 8645
4454 4852
5321 2809
3417 4319
5298 5923
2342 9844
7842 746
4359 46
3621 651
7019 9606
950 4286
7321 8890
8366 9151
273 7698
735 3798
4478 9918
6108 2675
842 7192
7530 1889
7267 1027
1620 6239
6839 3134
7695 9221
656 7733
9094 1724
3183 1966
1616 1900
3053 5809
1611 5020
7188 834
7014 4598
4436 3598
7565 3726
1234 8953
2871 8104
8151 851
9345 4640
6965 5006
7394 1055
8544 4519
6596 3280
4803 3505
8682 1808
8893 1648
1994 3691
3410 8673
3748 2701
10000 8775
5925 6459
3502 2204
9449 1338
3236 4262
3257 4922
3696 7374
304 3249
7203 2660
6335 7523
1544 8115
9795 9479
9040 7432
2828 2812
4259 5150
8464 3699
5411 4470
2155 2216
2462 4282
7778 1001
7100 9425
9650 4659
5110 1100
3489 2810
3586 4977
3603 5568
377 9644
2386 1505
4252 7320
4677 7805
554 5686
8174 6274
2288 9406
1564 888
9503 9755
7237 7333
1084 5616
4534 7444
2560 9033
37 8554
415 7948
2076 1405
9241 1235
697 2531
3809 5259
5245 2105
633 8550
5422 57
7942 128
9883 9009
6189 2356
6018 7487
7003 6753
4195 924
4849 688
9562 4516
4846 7551
1292 1803
4624 5555
4083 1094
6234 8786
1024 6027
6431 501
3371 9947
5093 4324
7790 5726
1480 6225
1954 2653
55 2457
7611 3614
4272 7323
7625 5510
5688 9396
4350 8388
9512 27
673 8514
8256 7401
905 4755
5108 7854
2931 8478
4091 9464
9129 6630
2583 8684
3217 9752
6297 8660
3445 6911
6229 1491
545 4021
8571 2677
5954 708
2384 5647
8873 6898
5449 7597
4882 9943
7765 6710
6155 248
8190 876
4699 5466
5784 4955
1605 2022
4142 8581
8380 2410
552 2068
8570 5787
3194 6490
8949 8874
1131 1348
5774 6299
6206 4858
7483 8302
1166 9776
7768 2705
3499 4109
5701 4937
8386 4032
6478 8900
4629 3690
3935 5972
5774 7843
7372 7950
4175 492
9486 9671
4978 381
7974 5960
2310 2176
243 6170
1522 443
870 2183
763 3348
7185 7273
2919 6979
7510 7268
8212 931
9746 3263
1967 9910
5490 9294
3454 7706
8072 8853
1939 1188
5317 1688
9702 5312
115 8068
1755 3248
4802 8548
3284 9006
7403 1844
7413 1783
3272 3750
622 3291
4798 348
8219 5658
1581 5652
6344 7658
2425 5051
6941 4215
9019 8269
4113 8835
4816 1758
4732 3223
7570 2802
2568 4838
3540 1196
4852 2525
2460 719
2032 4798
9534 1672
3518 1286
7725 8125
3337 5397
564 508
6229 6397
5897 7529
211 4711
27 8581
6978 1363
6106 7296
1899 4903
6590 9384
4316 3120
6310 4891
9806 9903
2094 5447
5418 462
5034 1984
2674 6508
6016 2694
1073 4517
3589 3671
8987 9482
1891 6263
1910 9659
3867 8892
7746 2789
3477 8529
5988 5497
1655 8414
1296 9139
6228 8238
6560 58
8483 6316
2275 6608
6291 3234
3188 3599
7284 1826
7803 7816
8282 2617
3236 2384
7774 2490
6852 2319
2236 8166
726 6113
7948 6698
8081 3537
2639 5292
9129 806
5302 8711
467 3542
9552 9757
1215 9232
1302 23
6551 6436
1379 4043
9357 6076
8977 1228
3619 4447
8533 1412
6604 163
8697 9260
5079 4111
1338 6906
562 3458
1242 6947
1313 6435
3024 8199
6831 2235
9743 6600
291 5364
953 7124
8843 2384
9862 4292
7744 8579
6081 8728
5129 3195
5950 1347
8872 8248
660 5877
1812 1244
6937 1324
7607 2764
3555 5623
2075 7027
7863 6119
7943 5517
4736 3805
8222 8334
1778 1606
8578 8080
4059 3075
2166 2802
3802 255
3104 922
9806 703
9172 1009
6051 5865
270 7674
4570 533
5130 2558
6070 9061
2592 3039
364 546
1618 7788
3225 6966
827 2651
525 5735
9568 1183
9066 486
7624 8409
4596 9303
9264 7130
282 1521
499 2162
9099 5635
5964 2015
1099 4135
7729 6033
1482 2348
7368 3481
4528 9894
7283 5411
4939 2600
4692 9539
7752 6115
5492 6157
2446 1665
1211 7524
8509 6295
9916 1271
7257 6613
5348 1687
6859 2744
8335 7991
4258 3848
4974 6356
923 4104
3058 5373
4069 3619
9945 4083
1173 9791
9413 4218
1626 6565
838 3274
256 278
8342 5530
5330 4122
6051 1737
9594 3651
8691 9034
8076 1323
2875 5730
3641 2921
9173 7877
6105 9687
5405 5991
2598 6467
7813 7447
4112 6409
3523 3860
68 6047
4451 8829
6588 1057
5411 3572
2524 1741
3662 924
332 107
3130 5734
3311 2986
950 4339
3771 452
6785 7064
6889 7026
9315 3294
5732 4746
7715 9269
1495 1359
1558 2093
3735 8188
4295 5972
5067 2613
5543 5303
7396 2559
2510 2754
3657 1769
1647 5574
9127 9425
4103 3425
5931 3443
7120 7606
2184 7254
7886 5273
8608 3762
7838 961
6177 1533
7424 6945
5945 6390
9871 7964
985 1494
9276 7208
6902 9836
6401 19
132 4320
7953 1541
1538 6540
3439 8566
1246 9169
719 32
6093 4976
1636 80
9489 7349
4157 7984
6109 6392
7630 2667
133 6661
8413 8402
2495 3583
938 5840
2513 669
8864 970
1718 1333
6593 5535
1835 2905
6417 3390
5888 4750
3924 568
4907 9453
7263 3749
4649 8645
249 4239
7593 2140
4538 7764
4693 3946
1864 2314
2653 8919
1609 1198
7736 8137
8680 236
324 3559
2861 3971
4957 3290
8741 4485
9795 2837
9942 4051
8909 4654
8726 3670
8642 7427
1422 8089
9095 8214
4375 1099
6922 22
9378 4933
6197 8002
2169 1688
6765 9862
7662 7142
2130 7524
8698 4799
6355 5581
9849 9913
5948 5234
4011 1693
8598 1081
6579 4112
6916 7520
4034 866
4418 2841
388 4981
2980 4041
6616 1298
9979 9259
8207 467
3844 882
6338 9626
8259 1812
8207 4452
2340 7544
9016 2926
772 2991
2598 2524
9969 3256
4450 7348
4962 3977
8815 1490
8702 5274
3498 7295
9352 8653
4806 1430
8369 9361
9647 9205
7904 7320
5454 7179
1372 4835
2202 9418
4506 1128
7480 9749
531 9877
8933 6846
8864 9177
922 2663
7005 9576
8709 1205
6679 2721
8591 1629
9369 6730
5922 669
6255 7193
1770 6747
8914 8691
8563 6613
5165 693
7841 6196
3887 5949
5141 3404
7582 844
4715 2183
1827 7426
204 9710
9867 2968
3559 4570
5881 8569
4853 8304
7031 3129
7953 6461
4032 1042
8579 9538
3789 5709
7760 7519
1007 6846
2168 1805
2840 941
8399 3195
6581 2374
7333 9054
3650 8483
9096 656
3257 8322
4661 6758
4137 9024
458 865
5139 5621
3671 5648
4718 6070
9855 36
3421 9357
3 6538
8746 2342
862 1347
121 2385
4819 1932
3967 6826
1730 2768
8645 4229
3381 5017
2276 5995
2750 8042
9608 6430
2972 7185
9107 282
6894 3677
8318 2740
9537 1924
4613 1336
345 932
7207 1106
4001 418
3541 4245
1715 723
4122 8232
1221 5830
6274 924
3974 9233
7443 2068
259 3077
4482 9809
4832 9192
7315 7127
6439 1553
7675 1380
7128 845
1349 7709
7041 7953
4180 8030
9671 9808
8044 6305
1670 4346
4025 2029
3411 5282
8221 9117
7310 1474
5904 3692
6027 1200
3238 2391
270 6858
1028 6570
3359 7502
6436 3885
6317 9772
1211 5370
7762 7460
4994 9379
4533 3615
7040 7316
9328 231
7076 9302
4563 4508
8084 5468
5561 1585
6983 2156
2925 1706
1605 1129
9557 4757
6032 9234
9250 2582
3702 6406
2968 7156
614 8718
2314 7789
1850 8962
8272 7755
6940 1808
9323 2596
4737 6105
872 5489
8903 9177
7357 1270
3370 872
5580 4781
5124 6488
8957 2831
3060 7180
6379 5366
5079 5183
8396 7588
1515 6744
151 5629
389 9098
7958 1236
4302 5957
13 2788
9660 6586
7977 9086
2799 890
9299 6274
4210 6582
8361 1560
6049 2161
8841 5971
9823 5934
5247 6929
1747 5326
4224 2848
2793 5183
5589 915
1434 3521
7822 1416
9315 2173
2149 5293
2780 9351
2095 2661
6567 2303
788 2014
5354 6416
1237 7456
5323 7546
3694 1797
5050 5427
9214 3749
9122 6332
1040 6985
9094 9595
8984 2029
8829 3689
541 2340
6833 7237
3245 4813
6468 3923
81 7347
4119 9062
8529 7898
3171 2551
7520 155
9629 5724
8699 8052
5650 8891
6426 4078
2416 6586
436 2080
2085 4721
8120 7767
2839 2470
9301 7026
270 4635
594 602
5670 1253
7794 5713
8813 4828
162 6655
9382 8603
1553 8020
9675 4194
9352 3105
3784 2588
6410 996
1034 2282
3948 5115
7218 1974
6607 8760
7105 4550
9712 8706
1394 469
2706 7812
2441 7293
3860 5178
5610 6692
4149 8074
1526 5119
5989 6774
9977 7661
2277 7030
6154 7446
1078 893
8148 63
4654 1808
5670 4453
6025 4880
5081 4454
2195 6529
3624 3378
5645 8093
2384 1661
9143 3145
703 848
8390 971
8763 8422
7890 9505
4673 1608
6845 6141
504 4530
1632 3186
1505 8171
7539 2350
2153 3968
8297 7333
7176 8466
1252 8111
1864 5274
7465 5345
4568 4696
996 8620
9088 9551
2894 9005
1147 3910
6197 5280
1883 8421
2462 4242
5856 3131
8431 8540
1486 2769
9171 9181
2142 5843
5669 6935
5644 1669
1655 7561
8744 8342
1930 319
7521 3105
5041 9184
2465 4887
9496 9022
973 6090
4818 7284
6291 8499
7165 3363
403 4016
4820 2561
4523 8526
2256 793
2789 1664
5549 8869
5206 5896
9391 9915
8742 6485
586 6596
3637 4308
2671 7051
26 2586
337 5684
4936 5012
838 7978
2304 4478
1385 3549
7341 5253
835 2388
6101 1617
1853 6998
856 7638
5354 1456
5882 7202
8461 8772
7863 2995
338 5931
6763 6502
503 6668
6785 8053
5162 110
5275 3979
5453 7708
5677 4321
6730 9778
2708 2409
9941 8232
3391 2133
50 5131
1983 4447
7205 5796
166 7763
315 1507
5575 2775
8942 2486
5421 625
5801 2189
3018 1276
24 8045
2739 2181
457 9866
1918 8091
5201 7836
9952 9776
8023 9906
6284 5532
1621 9189
3351 2292
9284 3425
7327 4004
9174 3959
7838 3092
1953 7705
9434 4369
3109 238
4949 3833
6972 8025
9698 9002
9149 5706
5059 1913
1122 2896
3053 7060
7074 8136
3614 2221
771 3652
7982 7599
4845 236
8856 1099
9603 1482
7944 3740
1672 3567
7376 9840
9300 3320
109 9261
733 3357
2204 9439
3452 6770
4949 4686
9728 9437
8008 5810
5778 8798
7566 4754
1592 2766
4158 6335
2574 2037
128 2342
5907 2465
8703 5082
511 3863
3002 8629
9529 7314
5122 7923
9519 4013
8898 6705
1731 9244
9312 9069
8744 8998
2387 2111
8157 7796
546 5000
6466 8216
9970 4842
7776 7072
4906 7177
6655 7647
5508 3079
14 4468
6194 3844
9327 3536
6179 3698
2873 3755
4481 2940
8257 4957
8498 6066
5213 6647
1712 8510
3280 5008
3433 2730
3266 2855
8260 6627
3951 5451
2004 3665
2239 8970
7716 1861
4230 2203
8043 2108
2053 1489
3164 6960
7641 7322
7749 488
9261 5892
7799 531
5082 4941
6781 1815
6351 9848
5059 5993
9277 9480
2608 8210
1183 576
7070 4048
2799 1909
424 1884
8961 9769
562 3717
32 185
7224 6789
2880 6259
7340 4584
249 5907
2285 9725
7444 6220
9565 1328
3769 7926
1106 9239
4921 519
9930 1005
9214 2390
181 8611
496 2152
1409 8014
9832 3973
7738 8431
7481 8713
2320 6816
1216 7501
7076 1145
599 2501
1301 4115
3238 1713
2817 3185
2193 5707
1476 8136
8500 4311
7001 4739
447 1035
8763 4188
6098 3216
1513 5818
349 2151
7797 2574
1888 2676
1637 1625
8848 5261
1438 7965
5313 7802
6334 8118
9398 8288
6568 7764
4147 8708
1248 3373
6873 678
9294 7329
9425 4461
3443 3199
4822 591
3043 9044
5481 5779
5061 3939
2244 8251
4839 8635
9071 7607
446 7698
8154 5195
7396 8132
3569 3923
2602 1248
7207 7260
6102 3780
3604 4872
2267 8870
8638 4800
3787 389
6604 8771
1207 4262
406 2402
9106 3343
9734 8427
1559 2305
