placement model: 1slider
width: 10
height: 10
number of points: 4000
2818 9189
6165 3762
5449 7087
9444 3340
8179 743
9124 2992
3407 1069
6810 6970
4055 5865
2090 2084
2348 3933
7326 3284
9613 4351
72 9042
4829 3903
8581 3897
8819 396
5123 8837
7780 7975
7842 9647
4864 7928
2507 6211
5679 5167
7924 3878
9851 891
8881 5812
5816 6865
1472 3118
485 714
7380 244
2529 1866
9221 3456
6618 452
5341 9505
1625 4681
2184 8064
2887 4833
6447 1526
9289 7468
1154 1614
4243 5679
1472 3899
9926 4786
4599 2094
1696 5986
5074 689
1260 8605
6464 4633
4463 3689
9537 8813
2025 4789
7359 2090
4604 3685
6097 9621
4752 9907
160 6453
4856 2923
2832 1163
5070 6810
8753 2699
1250 6587
8490 5569
2460 7307
8565 7483
9582 2607
8776 3135
5501 4606
1346 7587
6426 2163
9969 2738
5592 9646
8402 8287
7165 4461
8218 5539
826 2828
5210 5125
4077 7273
8449 7338
4132 6324
2306 1696
5131 7776
7898 7900
3652 5145
6925 428
4761 7570
475 3056
2908 7662
7999 7952
2004 1062
1403 5048
1770 3854
1253 4973
5272 9639
1932 3697
5149 3238
9248 8299
8078 1026
8997 3879
4431 849
5598 1690
1167 7094
815 6627
3197 5863
3650 3127
305 6241
4948 7620
1077 9111
4181 1047
431 5332
6225 643
131 5912
4377 6892
4877 5949
291 8307
2504 2419
8999 4056
2761 5066
1067 1989
3634 7185
8062 6255
336 1114
6448 6376
1266 7407
3417 1993
9819 8719
2040 3712
7743 6622
228 7179
3030 5458
9230 1214
2760 5038
9385 3779
5157 6888
5968 4620
2884 6750
2891 7960
6473 3618
9997 2748
1330 6835
5829 2288
5995 7942
7347 2079
6540 3314
5562 2102
482 8064
9853 6355
7989 5788
3857 21
3067 7683
2815 6695
7115 375
6481 3553
2519 2394
4868 3503
4153 1955
7678 6916
1696 9617
7452 8933
3378 9669
2020 8875
2426 3681
8794 8341
2699 7357
8099 4490
8386 5890
2830 1839
5620 6783
6208 8419
3495 7625
7799 2135
2267 1099
223 4330
7554 277
3200 6256
88 2944
2161 3940
1253 969
942 5243
1354 456
3238 5745
7499 3937
9225 7373
5201 6590
6452 5756
5798 2054
5522 373
8314 3292
1933 5872
2159 2934
4287 361
493 3425
1277 4102
3109 996
5054 872
6970 1360
9425 7564
3014 5020
5070 2286
8803 3952
1302 8128
2683 3487
7793 8093
6421 6034
4432 3132
8687 1197
73 3520
4260 1840
597 9058
2868 9023
7738 2555
1917 4482
7559 4216
6700 4016
6978 8027
3311 4347
5876 2231
2688 6547
3876 4296
1887 5846
3360 462
1197 7318
9167 3651
1336 5230
7123 7354
3198 2529
5709 6291
5836 9563
8314 2873
1186 7064
8558 6272
8717 1062
5220 118
6990 5842
4009 1953
5335 4219
4154 8874
1120 1792
968 2279
9240 2047
6242 6855
2863 4551
4606 2410
9064 2908
1383 7319
4800 3916
3879 1631
7022 6590
3131 7440
4101 4768
7620 4056
700 8682
5084 6129
7922 2588
5418 142
407 4627
6651 2351
9531 8865
6129 718
4204 5463
1651 6309
7848 9286
2507 8465
5047 4547
4203 8901
1640 7123
9598 9679
2307 5659
6206 1593
9723 7819
8105 7961
3290 9634
8827 1425
7213 2829
42 4726
3148 6272
7763 4746
9234 7497
9189 7703
772 2126
2586 9993
7744 3866
9548 9653
1551 4158
5729 7045
2930 1174
3720 2947
940 5136
2773 2419
5977 8058
2868 9264
9062 8030
9498 1024
1538 3060
2244 7348
5866 1193
5435 2511
196 2034
6571 3933
7967 2720
690 3581
7936 7237
1130 7207
2516 6757
5829 7166
8595 5906
620 1034
5579 1045
8335 496
7413 1568
4433 5789
5072 9751
3989 1933
8688 3823
1414 7984
4097 6042
3854 4423
4580 6739
2163 8405
421 1624
1842 2182
1933 9044
896 6865
3850 8605
7724 7295
4422 2841
911 7501
825 1843
3659 7650
4791 6581
4818 7655
7073 9639
8712 5106
8045 8096
7466 757
3520 9675
9341 6976
6897 2089
459 4565
5943 9459
7459 9553
76 76
9971 6565
2373 8298
4317 5390
2547 5945
8609 2134
2877 8847
5343 7614
283 391
8757 3186
1868 622
5761 1691
9171 2077
4354 3262
8449 887
1665 7726
4590 6895
9570 6898
9022 3764
5848 6771
3592 1584
9521 4318
6167 9495
5086 7876
1557 3586
8234 6189
5949 1832
3688 4485
6520 3603
3674 8408
8680 6484
9150 13
516 8892
1460 6251
8890 4273
1296 8893
197 6627
5380 7301
8845 5493
3597 4091
4492 7943
3456 2695
7423 2412
5218 4021
2572 339
7280 7630
7207 9410
2545 158
6325 6627
9990 4430
9062 6559
7147 7702
6625 6970
3077 3489
5968 5559
5215 2356
9282 2595
6414 368
814 7024
8089 880
154 1341
1952 1578
911 1539
1386 7965
4445 2624
5178 9674
7407 6282
9642 8765
8868 6477
2679 9123
5497 7867
2511 5630
6951 9698
8222 7626
4266 9659
2450 4026
2980 2370
1503 9177
5614 7871
5580 9800
2149 8566
3351 6257
8423 6841
854 243
2748 2124
8191 5945
7670 5825
5324 5129
2732 8119
4237 6642
5088 9668
2313 1879
5813 9349
2144 5499
5561 5753
2799 2361
1429 785
4559 8656
7039 2233
4249 3968
492 1959
8286 4617
5081 4218
2060 2468
2312 6348
327 2591
1613 7084
3246 6218
3589 7430
5787 138
5952 1116
5669 3312
9635 1009
5022 9956
3583 6788
2211 6449
5432 2535
141 4152
5804 5295
6414 2211
1834 8090
3447 808
9011 7145
132 6950
1996 3671
4889 966
8787 4526
8489 3844
7951 9084
2934 1681
6953 996
6089 4851
1419 2802
4808 2825
6442 5927
4971 935
7633 3049
5143 7055
9117 3273
1377 1544
5707 350
1274 9333
8713 1044
2333 766
1739 192
9898 5515
5310 7054
5378 1944
2016 6419
9575 5942
9542 6488
1400 3601
5025 1400
2124 9460
7030 5916
6927 3566
8828 2932
5336 502
955 7497
1933 7536
8639 6004
415 9535
5018 5208
7097 3996
7560 1062
2972 5843
6300 3918
7563 387
5315 8956
2344 6668
8782 6589
31 9475
3676 5406
7809 6176
4651 7559
284 878
4444 4254
1797 474
1321 2542
600 1213
8117 1728
5586 2579
644 811
9896 1644
8999 427
4944 3134
7133 725
1222 1954
5054 9483
2637 2361
4667 4639
9175 447
9613 9027
4212 5855
5937 4696
6312 1679
8490 1290
4803 4606
2254 9705
8749 7103
4246 4577
1595 4681
5043 718
7974 5072
4548 6140
9992 7618
6041 9717
62 9934
3973 2549
1007 3229
3208 82
6191 5633
3929 1774
6499 1892
7468 1024
7513 7312
7595 2164
1874 371
4397 2383
1318 8353
7801 1131
1291 4048
9144 9689
889 9462
1716 2169
2389 6727
5500 9247
790 720
1364 7465
3239 8218
5258 3786
6141 7382
7382 9526
5128 2787
7767 5068
4429 7786
4547 6919
1612 1083
7870 4278
210 1320
6306 9258
7695 630
6839 8332
3200 4566
8238 5906
1045 6667
4013 5557
4466 2376
7004 6289
7075 521
9472 5693
7385 1975
3209 8457
9410 6856
6814 6199
4596 2837
5973 2371
5324 9792
1535 8017
4101 8461
5969 3436
3791 60
3857 2116
561 5110
2510 8696
7374 2098
7773 311
4963 3575
4170 8588
4539 3355
6731 3582
2585 4684
9010 4298
9969 9651
2477 825
5284 3803
9987 3643
1496 6339
9315 8278
7335 2316
3013 6508
18 900
4269 6151
4746 6940
6041 1109
8706 4206
9651 7073
7313 5389
1759 5376
6167 5414
3505 8028
4231 5428
8761 1124
672 984
9880 2939
6307 6443
8603 3573
4078 4497
4927 9088
5242 3476
9954 2124
8431 7
4854 179
9529 7748
8109 7035
9156 181
5652 4540
4891 5902
9981 7855
9775 4827
3907 9927
2128 4071
7339 8551
619 6490
7917 6663
4995 8989
8092 6617
3499 6219
9738 633
3980 2237
9126 2174
1820 734
6762 5433
3069 1522
213 8409
8865 9537
9399 4757
8794 6095
7665 2889
5885 7457
1516 3764
1709 1041
3829 3170
4592 6092
548 9938
2153 9495
5500 5219
9147 2746
8758 8370
1665 9656
2522 9667
1512 252
3654 9297
7235 6959
2636 3906
7997 3988
5690 6040
1483 7991
1537 1826
1564 3739
6754 7326
1919 5168
7663 7572
3156 1382
4279 4307
889 2787
4349 8562
6118 7041
6248 1721
4522 5809
842 3967
251 1797
6247 5761
1270 5687
8974 7524
9245 9286
588 8881
5211 9835
3314 1116
3218 4297
4516 9246
5948 7992
1916 1702
797 9349
3318 7969
7713 2901
3825 87
6047 3127
1649 5359
8953 1374
5493 8222
841 8464
3234 9727
1262 3202
2443 4443
8324 1054
5949 5273
3508 97
131 3543
8380 9766
9647 779
3588 9397
668 1249
338 891
4968 2116
9508 7553
718 4490
2722 2381
9278 6668
2358 479
9004 8490
8834 9568
3062 3356
4163 232
5942 7215
2924 1881
2898 8846
8963 8078
8623 7020
3495 4043
7189 2466
5572 5099
4769 8104
7932 4000
3758 7907
5288 9986
5704 4294
285 1955
7937 6861
2411 3943
3046 5977
6152 8829
3186 933
5413 3342
1117 6943
8117 8312
9594 7289
1728 4753
8442 490
7918 4315
7271 9183
2129 7075
8088 4015
8200 5458
169 1779
2794 4718
1935 6167
820 9131
6363 6153
188 888
8345 6260
843 1851
6103 6180
8296 7116
7508 4852
2433 7033
642 1203
9246 5877
1964 5302
6465 9010
7325 6239
8647 6287
1524 2605
5888 6284
4167 5836
1066 4458
6436 8732
6196 5571
8061 2406
375 7002
3710 3442
2253 2331
517 9749
3918 1766
6814 23
1305 6462
7254 3778
1151 3942
4961 7817
4476 4089
2195 511
7358 8538
3605 5810
9111 6076
4513 4743
4640 1863
5920 4412
8755 4601
581 8334
9701 3772
6649 1402
8158 7449
816 9206
9314 6726
2035 6393
7702 283
484 4697
2275 2925
278 434
8200 809
653 1465
631 3223
4053 4431
5689 8077
6460 9228
1817 5079
7651 5477
4947 3568
7407 3386
6211 5018
8141 5912
2497 9657
9199 5248
3809 6376
4686 4066
1896 305
1636 6764
8479 4546
5270 2311
2556 4889
5622 7896
4902 8200
6259 6025
6931 9451
5614 248
4568 8212
478 5751
64 9445
7623 7575
4721 8569
8929 3282
7309 299
4516 6186
6883 1316
2125 7065
6099 5855
3921 4520
5756 3544
9012 713
8703 9140
1023 5696
9565 3285
5067 1240
3674 1295
8742 9850
4979 3556
9295 2011
4671 7123
3776 4356
6922 2155
1903 2293
3696 2189
6182 4181
7104 4418
9589 9015
256 9066
2757 4549
6218 2828
3084 3781
5120 1974
8315 6917
8358 8015
3824 2284
6171 8987
5539 9600
6918 5369
2497 1410
9282 7581
4205 2140
9189 8594
5326 8884
3651 8777
3872 180
5799 7713
2255 9523
4408 984
522 7647
45 3379
4052 7298
9387 5457
4568 6596
3758 8175
9577 4316
424 5971
1263 4118
5564 875
5205 7995
7404 4998
6254 1137
2966 5552
6372 6650
8568 80
594 9847
4728 7879
7445 2067
5743 7929
4582 2060
9690 1207
7852 2807
740 9782
5442 6561
8037 6821
9071 5810
8796 9017
1429 5778
1805 8845
8433 4801
6526 8358
2766 2066
5638 2170
1233 1812
4379 4631
3964 5157
944 8289
3947 7986
6188 378
6462 441
9827 715
390 9523
7866 4304
6151 1182
7568 5741
1161 8202
3260 4145
1271 1812
7705 6620
6580 2244
3872 4811
5552 4494
9430 140
7294 1111
1562 9299
7163 6608
3711 8109
8319 3874
2397 1401
1499 418
8107 6436
6315 4262
1872 2541
2488 9746
241 346
5363 3402
7910 3476
6041 5965
763 4163
7763 8646
4176 5602
2612 1942
4976 7692
7784 785
7351 6094
6632 5515
1666 649
2753 8396
8910 8248
3658 3951
4710 6151
8495 9283
1554 5765
479 118
4603 714
7860 6262
5603 5888
3703 6673
2167 7955
8895 4206
3037 9099
1718 4044
8135 5640
8802 8397
8092 5193
9295 4951
6280 2028
121 4224
4678 4167
8878 3761
5350 2126
7415 8001
3415 9487
3574 4845
9351 5611
8155 2308
1039 5765
4564 5798
3384 1710
6806 5609
8680 4405
4991 2578
4770 9713
6286 7625
7329 2291
9224 1852
2479 3980
4928 7096
3827 187
9736 9609
8387 179
1263 7908
263 2061
8995 1738
7920 881
5991 8390
7284 289
1566 9296
3866 6271
9421 3062
39 2613
4102 7688
2096 7139
6532 7585
3317 3168
404 5163
1843 521
9097 6205
4155 460
926 6840
9281 7776
3713 6878
3178 3985
9759 920
7572 1608
5562 1410
3259 4421
2546 5985
8408 6263
3107 5256
2389 982
5941 8604
2971 4456
5572 9526
8430 9709
3363 2354
9417 2760
7688 4994
4254 2785
440 7190
5244 8541
7522 6511
9964 274
4507 1873
373 5263
6587 1484
7293 7360
3849 9401
457 8144
152 7169
3757 6804
208 4179
43 1571
2287 8632
8111 3294
1313 4251
256 6156
4810 3309
6683 5274
8035 5375
1093 4535
5613 2366
3703 654
6277 9340
2299 6784
3505 5901
6445 1547
553 9411
5340 3642
3498 6949
5858 7170
8981 6365
5783 5263
2061 399
5913 590
4433 663
564 4524
3364 422
9354 929
1031 3386
1581 84
652 4768
4165 6214
5475 3751
3669 8668
251 7928
2225 4848
2430 5357
4584 971
7415 4663
5204 6050
7841 4936
2678 2246
537 5629
1630 9602
3173 6072
1811 2202
8946 335
7209 9568
6507 550
4068 5706
6399 3513
7123 9568
5696 1898
8186 787
3019 9772
505 2436
8403 4689
3485 4582
4991 2764
6210 900
3182 7264
4241 1185
1424 6567
866 4305
1942 3421
5303 2709
7948 4948
1382 5332
7256 3721
5278 6090
4076 3197
5957 7342
7703 9457
2666 3839
2928 3227
3212 7351
7407 804
7842 9369
2832 7427
2346 8277
8952 1860
7286 7442
1647 8459
7556 2708
9676 9816
1247 4684
9018 1980
6789 8571
5988 3298
7228 6791
1271 2321
8527 8650
9868 2151
9761 6619
3801 4900
5397 6006
5486 4694
1579 3899
2128 3844
4461 3493
838 442
7572 5393
4635 1874
3308 6610
7525 4562
6962 2011
8897 9072
1062 9527
1730 2763
6477 3055
4677 1567
7110 8331
573 8016
6971 4658
7778 6509
437 5454
3686 2767
9142 7646
9130 5046
3468 9126
7081 6474
5801 8205
2181 5255
8983 1609
8223 9553
4364 9324
7679 3999
8188 8474
8169 5540
479 5036
7822 4849
1751 3812
3562 5603
9320 8696
3439 5149
3037 8620
6294 7042
9697 3784
8574 4705
3087 9638
1523 9806
4154 4429
773 6924
4331 4553
2629 6931
1077 3562
7069 6305
2958 3718
3918 7074
7707 6468
5690 4961
3211 2849
4676 6409
9832 2985
4126 5545
1477 216
3971 5166
1220 4162
4181 8370
8974 8406
4752 9494
7381 3600
1247 3590
8631 9283
3807 3100
2891 6193
7561 428
2134 7147
1459 6910
9943 4640
8514 8452
5486 5030
5295 7087
8098 9927
5083 8143
233 6171
335 2659
2945 421
6860 4324
8049 9155
8803 5000
6476 4430
6281 2098
1286 8234
2701 557
1821 9005
2092 9154
9386 2432
8688 183
6470 1636
1940 6782
6294 8690
649 899
5031 7689
9534 7747
8110 3230
1090 1995
6907 3346
6713 7491
520 1628
2656 849
3373 3324
2597 1941
3293 9845
8182 2524
5260 500
4651 2984
8645 9313
3626 9547
1650 9001
9089 9124
9860 1950
9070 9823
1171 2289
5907 9451
4824 8366
6458 9925
1695 2923
7437 1916
7700 9971
2498 2903
6578 1668
3583 5809
8259 9163
4699 873
7586 6526
3764 802
6829 7122
9296 3268
1927 3695
718 1579
9564 5447
5186 1135
1837 3534
1605 8942
4389 1365
3039 3709
9995 7547
9368 2567
3330 5967
3756 9442
427 6341
9398 531
9536 1734
4438 6779
3783 791
8601 284
4248 7331
7040 2847
9327 7466
129 419
9569 1444
7173 8731
5962 932
839 6973
9126 7618
8313 1212
2464 6997
4258 8920
9308 2133
352 1669
2639 4520
9078 6979
3003 5862
5548 256
1769 5031
7699 1410
9142 4684
3632 8061
6892 9223
983 6055
5325 3810
7852 4368
5584 9877
266 3633
6415 8861
552 1463
7213 35
9696 2297
118 913
3690 9904
4305 3669
5154 4233
3013 3955
4339 1935
5526 7913
9840 7878
4201 8021
635 4280
7322 6318
647 3315
3127 872
5138 8982
5496 3749
6637 2821
3777 3891
6199 2656
5949 6674
5685 7013
5117 52
1898 2261
8641 8993
584 5296
4019 4664
1056 947
9176 7299
3979 3672
2867 7007
9038 6081
5735 3633
5269 6714
5351 5335
2215 1416
9627 8513
4770 387
3421 3157
2809 7110
5181 3597
4517 3536
4690 96
9995 6560
2045 6927
8477 242
6684 2933
445 6940
9425 5331
4904 9724
4031 7440
1397 3019
8583 9022
3520 6083
2990 4522
0 3151
215 5603
8365 2034
6194 7061
3432 4956
460 8405
1157 4495
4183 5424
6025 4221
835 7277
5930 7934
3202 2988
3533 2826
646 2226
1210 768
5520 4738
6428 4405
9330 4430
3151 5950
5934 9480
6509 3631
7391 562
607 6382
9874 7204
6883 7786
6303 1745
8450 2902
1336 9759
5874 5783
7945 8156
3810 3274
1128 7108
9073 6087
9585 8353
1933 272
1496 4050
786 5156
6406 5659
8457 7513
207 1113
4010 3223
3646 4
2551 151
767 1331
7815 96
760 332
5781 6565
9198 4131
9760 6180
4649 1458
9189 2895
4369 199
8733 9544
2299 4274
6927 731
2501 2205
5563 6115
6265 5995
8487 6964
5442 6458
4348 9375
521 2675
1316 9808
8686 9817
8536 7621
9359 1207
9106 993
9483 8786
2498 9541
9090 4433
3548 7865
7405 8098
3787 3813
1787 5571
4464 1150
5654 8581
2095 7626
8192 7513
7314 178
5680 6163
7036 240
5026 2564
2287 6248
4588 8127
6186 7180
9817 8653
6767 659
9351 9889
1491 3436
762 5150
8965 7334
3242 8405
3860 6436
8019 4309
9609 5936
9995 7445
2789 2129
3651 6726
2998 5343
6590 4699
925 6248
3497 9029
8349 9570
3244 9413
462 9940
4438 2668
7516 6244
862 8333
3893 1495
9161 8331
1819 902
3672 8691
84 2307
9190 7541
1179 4746
1482 1986
9427 6881
657 2620
9927 8382
2387 7025
6678 6550
8281 7709
9831 8225
7308 3306
7798 8483
4535 4331
9499 3519
322 2133
7488 684
1551 7464
5664 7216
8626 5517
5984 7789
40 9085
9069 4216
3570 8668
6168 4642
8925 2933
644 7714
5925 709
4338 6403
6179 1370
9121 588
4089 7248
3055 2899
8710 6528
909 5563
1973 6464
5694 4610
5189 7225
7623 1829
574 7041
436 5260
5666 9755
9726 3046
4333 3721
252 2609
5528 2271
5706 1157
7871 4592
487 1817
4725 565
8253 2495
2639 5592
385 7406
8426 5597
4100 3116
8521 41
2204 7662
2240 2100
8020 1977
4987 8263
9008 5993
9538 8442
3156 6604
1057 2565
3503 1829
6272 988
1998 5392
8263 4512
602 2551
2008 3651
2177 6378
5281 8679
4147 5959
912 9552
203 9100
7920 6998
4637 8766
3091 5509
9961 3958
1888 4289
7461 9241
6971 8609
7998 3356
4470 5130
1125 9049
1038 7453
6499 1836
4585 9710
6763 7405
3091 4287
7168 776
1859 1485
6881 7621
8442 3529
3905 3215
4310 5300
3453 4403
8029 8765
2534 7947
2618 5693
7463 473
9099 2760
7314 3804
8628 8726
5666 186
167 6961
7314 3487
1963 7228
5171 8243
9677 2380
5780 5091
8130 8414
4222 7559
1066 1886
8440 5099
9905 2060
1002 2037
2452 4841
4645 3627
6696 4701
9898 7135
4294 8506
4246 1320
3291 9323
2986 7342
4019 3802
4437 1466
8369 6931
1241 7268
9826 9073
4513 9619
4342 38
3671 3375
4228 9381
1230 2428
9633 7341
2229 1510
4179 7228
4535 411
6368 1317
3180 6862
937 8838
2185 7910
1217 3636
4027 6944
9882 9499
4592 2154
2572 9623
8193 8420
4625 6230
6583 4280
4551 5762
2806 7990
1629 1799
4608 235
2001 6831
9125 1781
3693 6348
6123 7467
1009 3651
1199 9146
6413 2256
2340 9470
5250 9744
8929 824
1527 7701
2488 774
1220 5817
1665 1218
1938 902
1650 4869
8985 5226
8161 2634
1108 319
9988 9994
2646 2574
7096 3760
5229 484
9876 2661
2559 9234
4552 4708
266 3165
4466 3800
9335 381
4272 7314
6000 1385
9316 9728
9315 1497
6424 1644
6356 9689
5386 8264
453 6698
599 353
5580 4350
6604 8884
5620 9963
8906 4316
6180 6620
9085 3636
7138 9472
7175 4119
3330 2325
1029 7535
1784 4433
984 8421
1107 1092
2737 3124
6087 7020
1429 2548
8705 7211
4849 2479
4148 4956
2818 6195
4689 4304
9934 5169
5756 9095
2724 5602
1175 8822
4261 3199
5101 7256
8692 460
5081 6430
3128 6201
9530 3020
8342 8883
7599 7233
1545 8952
4872 5170
2210 3825
9250 9356
1384 2796
276 3963
9908 6306
2366 6729
671 5392
2038 7008
5515 4273
5413 7635
8711 3031
7765 792
1757 1411
2870 4046
3193 1822
5527 7231
8322 5081
6151 3383
4647 473
1204 1161
4283 8609
7755 2796
8779 1849
9696 2861
8064 4452
4238 532
5832 3317
2017 5305
6633 6657
6664 2663
7349 4242
7261 1386
1583 3410
3249 4275
3172 3185
1839 2580
6199 8470
9127 3633
7352 5415
2188 548
2742 8191
7871 172
34 5493
9720 9601
992 7919
5414 6497
9482 3729
704 2353
9426 7928
7657 8804
1230 2837
9078 5931
9573 4873
8748 2665
7718 9471
1639 9040
623 8072
8500 8805
7097 2927
3414 3287
2801 1424
3551 7861
4169 5148
5178 3214
8606 5803
7542 4838
4193 511
541 2312
9804 8886
7746 1368
8393 5510
63 7729
563 1650
5104 9930
9524 6498
3953 4905
8408 1608
5659 9595
5588 7701
8483 8571
3776 6852
1439 1326
7893 520
4752 7443
9198 7923
8904 3288
5246 6750
9036 8463
8685 3513
2018 6448
5466 4083
3401 8687
1527 8371
8309 7095
8319 8921
7512 3630
3747 4504
483 4758
5847 2458
8898 489
4528 8262
4312 2366
4621 1768
6630 1440
7237 3805
3934 217
9881 1174
1362 1701
4948 7595
3470 6950
2667 5000
2528 681
9130 5008
7294 7913
7587 4275
9725 9911
96 2179
5889 8316
8566 5603
8786 1686
7869 9310
4903 1783
6761 5421
6932 869
8042 1100
8052 9806
4852 7619
4042 4110
1776 5793
1044 9578
1552 5068
1139 8111
1063 5502
8278 5027
8219 5495
7506 67
4145 5997
246 8439
7476 4933
1798 6034
8641 1076
3958 3005
4408 1969
8671 2700
5672 3550
218 6067
5942 5381
7870 7166
2046 4843
3617 1413
2343 1390
3840 2066
8611 6770
4616 6422
5105 9180
5276 550
8809 4168
5013 4613
3960 2948
5534 9297
8479 8015
2630 3190
588 1491
8153 6708
2685 2192
8145 6852
6434 3356
7405 4620
9629 3101
7468 3379
602 9685
3688 932
2329 7096
8896 6152
9772 646
8788 8564
3177 2476
8871 2392
3062 7328
1483 5153
5139 230
841 8772
907 3829
3105 6090
6147 2153
1888 2352
205 2205
8776 99
4115 7392
1908 9114
812 7240
5608 9583
504 8025
1680 443
2313 5772
8010 222
7603 7
7088 5961
6573 7914
9441 212
2255 8669
3513 7620
1027 669
9666 6871
264 9823
2165 1736
3958 4670
2096 8316
4635 5166
70 8824
7600 7505
8799 8605
9529 7871
8615 8921
9520 8159
3378 3458
5392 8435
8068 1054
7707 2249
6862 780
5601 6170
4262 8953
7433 2494
1627 5782
8042 2139
7848 4926
9773 3556
619 9419
878 111
2276 424
5330 5971
341 9673
410 4639
475 1973
8238 5121
5742 4044
5072 7605
9841 5185
6646 7036
2659 4435
716 8068
3264 382
3983 8729
3568 7928
636 195
1903 6695
8071 3996
1241 5827
4695 1023
5705 5358
5938 7707
716 1294
7392 1211
6997 9690
2358 7849
6222 7933
8809 8612
8385 8474
6499 3535
1000 8175
2880 8107
7748 3409
9299 4540
8177 3032
4643 5238
3149 5690
2795 1998
4857 2083
1488 747
7263 1269
1985 2703
8399 4568
4416 8504
1492 2775
6413 4953
8007 320
5486 1836
4485 6666
1713 2654
6312 7851
4243 4602
9875 2991
5677 446
9981 9833
4832 5870
8070 4931
2343 3418
1954 1381
6856 643
779 9128
2456 3866
6757 6564
5366 2548
9386 1705
2997 7173
5917 1281
1688 9155
1298 396
7151 5365
3246 1991
6305 9698
5389 8533
8962 9236
1600 1817
2452 8101
8007 198
386 1681
1209 6320
4307 6538
4973 9784
1866 3939
3884 9123
4165 2188
694 8676
8015 6423
8875 3074
9189 5973
4789 6375
1542 6306
9083 861
4913 1840
9057 1633
7258 7384
9372 958
500 7180
8758 3789
205 2601
4260 7140
7175 4049
5394 9532
1123 108
6098 4609
7573 942
5649 649
6034 9906
3959 9605
7804 7360
610 4727
6413 4928
7854 7385
8807 318
9807 5426
3610 4554
6359 2056
2859 6345
5896 4255
1176 2240
2824 1879
5366 2019
6843 2154
6146 9881
6005 5810
9661 9731
2201 7346
3960 2846
7862 1015
7167 8028
8731 2014
9294 7123
7621 7556
5901 9136
1351 7160
3965 7652
2733 268
9923 8684
1584 6154
1019 4195
2612 9102
7785 5516
5976 4330
797 8443
8090 465
955 6335
6250 1882
4536 2048
1023 8085
9871 3530
9474 2708
5968 1329
8673 9645
4489 2746
8886 5662
1192 1039
4077 836
7232 8931
6107 5524
6146 9848
78 2658
4379 3815
9692 3764
5434 7118
9344 5493
9003 2286
6590 3484
3139 8938
0 9848
3569 3362
357 3720
6369 2702
7076 5058
5528 8172
2560 5641
4637 287
2822 1441
1260 4945
1618 1810
4637 1041
9053 8856
8095 3224
4240 8164
4909 221
826 7047
3288 1132
4313 23
9541 2667
4578 7975
8078 2544
9174 5297
4691 9925
6815 8477
1412 9570
6426 7617
4425 9965
9562 3015
2009 9881
7348 5289
2808 134
737 3074
742 2264
3587 2024
8627 9445
6939 6900
5702 7273
936 6027
5568 852
5130 3656
2459 2252
5698 2562
5813 9008
1219 8566
7188 4310
9689 6569
2520 6840
1747 5999
4189 2750
2622 7123
2498 1263
9854 8827
1395 3219
2940 1263
7771 414
4811 71
7499 6261
2572 2148
3461 5918
2590 9537
2761 3338
4277 3830
426 3575
9800 5307
9462 4424
1319 3659
313 9429
8938 9863
42 7841
9456 7156
4167 7977
3647 5831
6235 6484
4430 5093
5047 1117
4190 622
541 2097
1453 4149
6402 2594
4301 9514
8786 2296
6527 7800
8575 961
1919 4204
8803 9409
5450 9280
3206 3335
8574 4098
6835 8426
5122 7492
1357 452
1428 3515
6040 2129
5629 5829
5600 1193
7445 1204
9538 5180
1457 3512
9607 9064
4246 8180
9136 4422
7184 186
2533 4951
6677 5676
4382 2112
3556 1838
6080 5424
1178 9289
524 8114
3118 2695
8299 7807
5010 1028
9187 1184
6806 4236
8260 9011
8803 8130
1501 4398
2501 1773
7201 6037
464 6374
1116 9443
146 9150
2360 2142
1112 4634
393 3230
2316 6031
116 3986
6490 3919
5574 7181
7908 1624
6125 7632
6823 3320
8735 8966
575 6854
5022 3184
6236 5857
6033 3752
4655 9583
1904 3042
8988 6060
7954 3528
7622 5643
5489 474
6822 447
7545 6865
6409 9261
6695 8896
520 9190
7033 3282
1584 5867
2437 2242
8615 3217
4681 3880
949 5940
298 1190
5614 4095
6035 2054
3600 8353
7398 2493
5491 8686
7160 1037
9982 4711
6431 6147
4594 1209
7361 3868
5161 2438
5215 732
46 2520
8948 3517
8948 6272
1396 7299
9648 7495
416 7168
2867 865
5073 4430
4825 3165
7948 7077
6068 1543
9573 1139
5299 2743
8364 1352
1739 9450
3432 9368
8004 6923
559 3930
3494 2951
9497 4193
6059 3009
8487 645
8373 7330
4315 8645
3622 1765
2095 4524
526 4512
9250 8727
4352 5798
2372 6229
9649 47
3151 8755
725 5797
5319 9734
898 7297
8235 7240
1398 3424
3580 9832
6273 9138
9760 3257
5000 2161
1509 7393
9214 1269
1808 6045
3141 3874
1158 5368
9232 3669
8410 9340
5634 9251
1013 8456
1091 6373
6251 791
8351 6281
2832 9345
2189 3368
2327 4151
1164 6454
1917 3258
9260 2725
7935 9089
7819 9759
3177 2544
7920 5908
1343 8522
9137 1333
7594 826
6557 5448
5665 5655
5942 5528
664 5354
7072 4635
1542 7553
9359 7904
4464 2031
7872 8587
1926 8285
9618 817
3468 297
5910 1768
2984 9133
4853 263
8131 1987
4786 8666
6069 7735
418 5611
9558 9342
7705 4249
7593 9666
4546 2883
8525 8159
6494 2873
2024 8724
6934 2611
9482 846
7410 5169
9394 1713
8015 4637
6517 6100
7607 7949
6289 3931
2815 7784
7813 854
2910 3633
7550 9067
1544 7362
5135 492
4707 9976
9473 7540
734 3005
8922 5966
2651 8401
9800 3331
1904 4340
2786 3797
1907 3122
34 7506
8004 5268
5280 139
8066 8930
9484 4099
7201 7720
3800 350
4615 3139
8162 2506
2604 6020
6189 2671
4293 9421
2653 9728
4153 2460
4810 4412
6204 8426
2303 2623
3112 2848
5623 5662
5432 6038
6609 7584
4907 4661
5607 2702
1308 1666
4535 9244
5208 5982
2342 1135
1722 1581
8360 20
421 6105
5889 8176
884 6048
4500 1860
2467 10
3472 4670
8973 0
2335 9734
241 4605
8853 3537
3656 5166
1459 8603
9753 1458
3571 2494
358 8055
4818 9594
2003 7715
6876 1219
954 4236
3168 5134
7810 8290
144 4484
29 3516
1831 7057
8347 3901
9648 8052
4285 7211
9210 5167
6244 8776
5485 8629
6044 2269
6858 6016
3354 9026
7930 8017
3936 1453
2206 887
7130 867
390 5524
2999 6756
9213 5287
9371 4116
3429 8404
9216 7487
7984 827
7063 1992
9615 9068
6557 2038
9952 9902
9566 8758
5559 571
7846 9902
6344 8412
3906 5417
731 3499
3976 5291
3174 6257
6864 8654
9291 3038
6599 6653
6169 4166
7081 3112
1962 8726
9702 4059
6411 402
2413 7136
1469 1945
9931 5137
285 4225
1202 9225
5566 7964
6741 6487
8903 5691
5609 6552
9819 7232
8525 5262
1126 2959
1101 8789
2419 4179
5252 4206
2365 9366
7653 7348
5641 3391
7884 9306
8608 5214
6197 3154
5903 4765
8205 7327
2020 1774
1645 3532
8590 7523
140 3095
4922 7117
9874 2237
487 2478
6292 1763
5661 2901
2991 7166
6420 5094
8483 7762
3961 8095
2147 7388
9625 1355
6636 4326
600 3250
5315 618
4588 5598
9825 7945
9944 2081
9669 3998
3617 7298
4458 4694
9692 8052
1250 2576
1903 3027
2557 7486
8637 1877
4143 1528
3343 6877
4520 6493
9068 7376
7183 7068
7512 8484
6733 4749
6792 6907
8182 3577
4781 2424
9874 6912
5651 385
5294 3004
3759 644
4227 9681
6932 2590
9477 9732
974 9588
5462 2732
5817 1504
6165 1961
8434 4799
2264 3887
5473 2788
7181 8440
3972 7220
4618 9046
8665 2606
6708 4591
4744 1222
9940 8717
2297 3350
5678 897
7294 4170
8530 2491
5460 4979
3313 4250
1197 2597
4662 4502
1559 7262
6976 2299
7189 3193
6138 6833
3897 3272
8299 8324
6357 1609
1981 2181
4760 8178
2229 3590
6880 8103
7409 3466
7984 1086
6644 2335
43 1464
177 7230
2459 8138
2512 8484
4777 3071
1214 1207
7802 7747
494 9602
5830 5233
7485 8905
5646 6547
8766 8721
3678 9361
7203 6526
2854 8700
5038 9994
4572 9259
3047 2832
1515 3243
8607 8408
5906 5885
481 9703
4696 822
5539 732
443 3466
8643 8225
9626 1152
6846 3714
5001 5748
6645 6425
9914 7066
3345 9820
2309 6191
5123 7470
2034 3779
4123 7973
7693 4829
7787 6911
1382 4239
8818 6116
7718 6771
566 3722
8594 5576
2130 9080
6861 2727
6756 2256
537 6164
8108 3995
983 8333
7942 5838
9142 9392
7556 4655
537 6290
562 4636
3687 1354
2682 1840
9420 1196
2303 8853
5053 1659
8538 9353
3970 2903
3888 6209
1519 8194
8254 6988
793 4816
6588 3417
22 4059
2370 700
6249 1180
672 476
6902 1210
1551 4747
326 5144
1241 8895
7286 8656
9938 63
3494 628
681 5547
3970 9850
3864 3279
2907 9451
4719 9103
5079 2632
3387 5614
5923 4374
3510 2136
8905 9602
421 8405
7113 5941
691 8641
3283 4360
3058 7319
917 8676
9778 5985
1983 7859
5195 7642
2079 1443
1093 3475
735 8868
87 7141
9648 8692
5535 3154
6210 1996
4527 5536
1476 2400
4260 4861
3922 6360
3112 2342
358 7778
3101 96
6727 9068
3971 3463
2557 5765
6450 6300
7676 5256
9755 2268
6527 8752
7308 6268
6042 6330
3367 8251
3035 7847
7195 5563
4942 3904
3486 5602
7872 502
7464 6588
9853 3104
6610 621
9692 1345
6991 7031
3465 541
4639 4245
2817 7151
5627 7768
7830 1573
218 8326
203 4733
7855 8094
5029 2086
3537 6852
8926 2272
3000 3309
1820 2802
3159 8152
1634 4142
3133 5282
3932 5780
9660 2815
1063 6764
4106 8175
5134 3493
2635 4141
1365 8811
1689 1491
7720 118
7358 2345
5100 9080
4195 1271
2794 722
1112 8180
5598 286
5876 6037
707 2279
5258 7268
6764 9299
3796 9121
6262 5586
4041 6047
4428 9358
1702 9822
8755 2527
1603 7319
4620 1219
4549 5907
1330 1583
6955 1202
6609 3804
1502 9993
5691 9518
2862 1431
3441 7099
8154 4897
479 6182
7341 1773
8507 291
6171 8886
7304 5693
6676 5540
3135 5460
8586 7629
2854 575
898 8648
1417 1378
6002 836
752 9649
4097 7073
5454 7869
4075 3588
8630 2387
5355 463
7589 740
2877 9845
637 5962
9790 5578
6131 7184
2050 9982
2846 3229
1720 4771
1556 1394
7602 9734
8813 8974
7691 7644
183 6316
8650 9312
8536 2998
4747 8425
3588 4034
5263 8051
4871 281
1374 9481
556 3478
8223 7582
5456 4964
9596 6618
8056 7128
3735 5394
8692 4280
2345 7353
1134 4844
2747 7464
9586 6696
3476 6999
832 9899
6810 334
8880 5556
9794 1438
9379 610
4353 1226
1031 1167
5756 2594
8090 9545
8551 5109
9505 63
9418 116
4962 4365
7722 106
9113 954
7024 4862
1330 7308
3280 5153
7303 9226
5420 1171
5045 4118
9311 3441
9165 1149
6635 407
5614 6566
2994 2376
955 3566
471 8305
5247 4430
6962 407
6456 3741
5157 7464
6013 1282
4644 5227
8180 8654
6776 796
9792 7442
5123 3270
5271 6265
2146 4573
2621 4838
1374 3172
3417 3346
1174 3170
4014 4846
9321 355
7527 923
7362 117
4718 7963
9276 6571
4163 706
3123 1843
1170 1063
2877 981
1346 1267
7701 5224
6102 3238
2967 6728
8590 9121
9422 2122
4366 5456
241 4160
2627 5975
8107 4263
4900 4881
3731 7150
6377 1389
8495 3965
9592 7643
9614 5357
71 3598
700 2693
1275 1493
6278 4884
2781 3061
981 8209
6601 2717
3396 4751
4907 2709
1481 5353
6792 8152
1673 4790
6370 7597
2532 5698
1953 3639
402 4874
7897 9647
1984 238
2553 4417
2259 8903
3552 618
3896 3931
6557 9185
8358 1901
8778 7178
4158 7941
6278 8281
6052 3440
7164 5575
5220 5082
853 6851
9938 3842
6548 92
8329 1264
4258 6826
7680 4978
942 2668
6519 7487
4625 5879
3839 468
1167 5207
5267 2830
2929 4738
9390 1434
2723 2624
5920 378
8312 4594
2665 6452
5138 4730
6893 6519
5265 1509
9443 8587
9876 1246
8611 565
5862 3975
6102 8597
7143 4225
1293 8557
5953 7421
4551 4639
7713 6152
2149 5331
3235 7775
4490 118
9283 9007
5144 5404
9416 5215
6106 3797
1974 686
5922 6766
7214 1205
7913 8714
6883 7672
2701 5861
6041 3452
7305 5934
6127 3873
8314 7056
656 7841
9637 6203
4517 9982
4545 8284
147 2556
9974 4875
5383 9025
6730 8706
1256 2969
1034 4421
3012 5605
4543 116
2920 3240
642 8358
9013 980
236 430
675 4065
7495 7398
1997 3654
444 6329
2170 8541
1082 9699
205 322
8881 3974
3994 1198
5850 1243
1377 1394
1518 6872
6839 6120
9612 1059
6390 2779
1043 8297
4306 8376
1601 8255
3081 5652
7866 6885
201 8033
4723 1477
5355 892
3093 5816
2916 6956
9588 8526
4075 7619
1628 1847
5816 757
2533 9442
8884 2429
8546 6520
4637 7188
5524 2579
748 7476
6439 7332
1605 2680
6006 5736
8834 2958
4520 1305
5970 8052
5408 8912
956 9870
5780 2508
4988 4090
1235 8889
2374 7184
9958 8090
5078 6108
4945 8431
5272 5636
7201 5188
1493 5111
6832 6475
6796 3209
3642 8813
9207 4058
8028 2769
9624 414
907 4984
3266 7245
1996 7213
3990 9715
9826 6037
6506 3202
9495 9506
3053 7395
8460 1613
2180 5771
186 7851
200 7173
1092 3083
4274 9776
6370 3047
9392 4087
1955 9724
4128 1164
6325 7543
6803 8670
5151 6080
4456 9008
9939 321
9831 3878
6750 8319
492 2557
880 1918
2189 4824
5952 4989
3878 4907
7752 8680
5728 4125
411 8826
650 1380
8404 9418
9007 541
835 5603
2076 4774
8323 1007
4065 3803
2395 5409
5063 1218
1142 9605
1382 2614
9841 1046
8580 4258
8297 5903
4410 8789
7032 8555
8179 7079
6288 139
1657 2333
4467 8128
2655 1889
102 2384
7351 8707
8976 799
212 9465
6929 3972
1442 9384
6541 9846
5249 7619
140 4463
7019 7970
2704 2255
3762 555
2118 5855
2852 3949
4944 6074
4609 5582
228 6134
8614 7502
7177 7681
6294 9896
5060 8739
492 1283
331 9251
3450 1405
4749 5237
3680 3978
7006 9132
6684 992
6780 9135
1369 1264
2492 8484
4455 4264
7679 1321
736 4057
5742 3213
1704 4896
6029 8849
9083 5253
2276 4565
8589 1252
8078 7429
1726 1197
6409 9050
6472 5526
1973 4735
1842 4325
9006 6169
7164 6965
6063 5097
4777 2247
9655 9618
7050 6252
1748 3402
2959 3451
8633 945
57 9556
3941 6073
3904 6796
8843 8388
1211 1657
8210 4901
3278 6745
7510 783
6707 4025
5558 9803
1039 393
2507 3648
2724 9821
7663 5413
5579 3750
6582 9606
4187 3346
3497 7571
224 8518
8599 4110
9366 5568
673 6042
6580 9602
7004 9217
9527 7139
2047 8007
3546 1787
9784 133
4728 9330
5202 1827
3450 4763
7213 7549
5538 9878
4818 4752
4348 7089
9330 3637
4538 5157
7766 9033
1691 9250
2283 2818
9456 6183
7649 6002
5749 7151
9126 7728
6202 8329
9854 7519
428 2356
5419 8343
7561 4179
3310 8117
429 3934
7392 8291
1093 587
9448 2990
6622 1015
6888 3200
7232 5292
528 4366
330 9979
4953 3970
5995 6872
6748 4018
2557 3245
264 7928
5559 4895
7545 4388
8854 6520
4513 8468
4814 7361
3798 8707
5514 674
2533 6568
3512 6197
3469 7312
1320 1180
179 7904
2841 4265
3958 5590
8312 2420
1989 7362
4699 9294
7600 5403
5249 8789
5139 5486
2498 9250
2199 3813
6 5413
2083 1449
8115 6669
9520 9756
6631 4816
6361 5273
5483 6578
8850 9913
524 4905
3354 6615
6898 6647
9704 3615
6452 3469
9586 6482
2626 9606
7163 7933
2644 1640
8758 655
9478 4649
9880 4910
7081 8681
6778 3484
9642 4369
2374 8338
8380 9967
2281 6492
8274 7217
2056 6185
521 4572
6924 1917
2436 2048
9126 8411
6045 8283
4924 2967
1471 7245
8418 42
2912 9070
9099 5162
1668 6878
4483 6032
6210 5256
1194 9029
5171 6632
9800 3839
6826 5307
8870 5580
6646 1456
2483 7917
9808 5499
9680 4678
4208 2507
1639 6557
960 1270
8655 2856
1394 6752
4207 1429
5339 7940
6294 3838
6017 6337
9245 5001
1859 4869
8877 534
2546 5481
8610 900
2873 1714
132 1440
1783 2406
2024 2975
8808 4059
3654 3546
614 4903
2037 4805
1481 7666
1473 2395
5403 3895
9039 1104
1165 8110
8935 6833
8935 8910
6527 279
7060 2685
816 6947
976 8720
292 161
7956 7174
4154 6575
2769 4469
4034 6872
920 6902
5067 2684
5666 8130
599 483
8837 909
8051 1049
8226 5862
8535 6753
212 8561
5643 8519
7126 8558
5959 1743
6914 2671
7839 947
612 6410
9979 5574
4826 9293
7285 9659
3083 7893
4546 7019
590 4961
8810 630
6708 8384
8864 4024
5623 5548
231 3277
6279 2602
4890 6730
9470 6714
9968 5519
5856 538
8731 9050
1744 516
7663 6555
7341 9780
355 242
2222 1196
5933 790
6081 9364
8138 5691
593 499
7567 2539
9549 6195
1338 3011
7142 5315
263 6916
2089 7777
2383 9133
4740 4288
1426 2163
9629 7369
240 8856
8684 6649
7641 2148
4529 6350
3148 4671
1632 5513
1749 5022
2479 2976
2935 5727
5602 2126
2874 2475
2453 2641
8819 1741
8711 3390
7112 7348
1411 8203
4522 5448
5878 932
7011 2085
3109 6110
3405 7809
5800 4519
2157 8139
4764 7143
4776 9339
5263 8
8150 5345
6924 3642
7250 8076
3325 7612
7625 5582
3940 8777
717 2113
2199 1518
1615 7780
8254 8411
9717 4789
8603 968
2204 1823
8542 822
9016 2080
9618 1416
9279 7263
9400 7295
4998 2510
2730 1728
3339 2008
1709 6975
1555 9161
7349 9651
5293 9082
8104 7832
6304 7107
4430 5285
7906 5831
8729 9904
1967 6696
428 3564
3085 8497
7284 2061
3500 6785
6076 3206
8808 3036
9411 944
1336 8284
1293 4124
5916 2204
263 2232
7811 4650
6396 205
3837 8343
6850 3678
7029 7606
7062 1657
546 5533
6669 9614
1635 6356
5581 6799
1093 1444
5538 1018
5613 9131
5183 9948
6363 8457
5115 2951
5585 8653
1924 5422
289 1308
9379 9693
5807 1100
9459 2055
8043 4116
7794 6116
8806 6636
7897 6560
2664 4094
5644 9379
9773 485
8055 5457
4792 2767
8039 9407
4563 9242
8190 9797
1680 1851
8449 8689
7847 4386
2092 1225
6044 1508
362 8465
3884 5235
4980 7971
661 482
6996 94
2591 8021
4988 8139
3563 6990
3109 7616
6801 6468
9727 7121
241 3232
5893 2199
169 1268
3327 1933
4011 9810
9482 4402
2533 8100
5259 9124
1604 6012
7881 4593
1393 6863
2544 4964
9705 5911
4886 9344
8392 506
3993 7313
1912 8904
7139 8768
7813 8103
1141 3676
6221 9952
8420 2809
2436 7151
8384 259
2283 4079
9397 395
8346 4585
3145 9339
173 8159
3379 799
2598 7290
9821 5224
8127 7763
1343 9945
8510 7132
7374 6653
4686 5656
1909 8821
9814 4409
380 5399
3416 726
3737 5348
8750 7121
7179 8210
7838 9967
632 1846
8434 2393
1320 9436
9394 4563
4812 1814
3460 4038
5019 4884
8202 3845
7761 3234
9157 8456
8161 6978
78 2729
6390 451
80 3520
6743 9302
3604 2742
596 9346
7061 6541
6702 7716
2909 8260
1171 3504
7457 3558
994 9889
892 2091
6090 2848
3571 5792
615 1136
8964 490
7465 6805
5889 5391
643 2707
6088 309
4450 9013
1733 5837
3411 9670
4841 974
9459 2185
356 5897
2043 5992
6373 2015
6053 7748
2951 3824
1144 869
9477 6310
4824 1962
818 4022
2891 6298
2712 9212
9155 7645
1857 314
1877 6074
1492 9695
7895 3179
2009 1542
8273 8
6348 4513
4675 7288
3562 4573
3411 1543
4298 9959
7954 3921
3884 7203
468 4123
7021 9640
5201 8990
154 9145
2454 1251
7008 4137
7678 6686
3802 8902
6296 9653
4165 6734
1457 858
356 3631
6168 6606
3126 1456
8638 469
6040 1082
679 2388
3491 4524
3303 5140
4699 7706
400 2008
4623 2014
5619 6926
927 4050
2439 9522
4037 8971
6337 7710
9967 6265
3572 5046
3412 955
215 4524
6804 9721
6193 4714
9752 5475
1601 5638
595 9107
2894 4895
1029 1826
2719 4729
1728 8868
8916 8089
6151 5524
2597 5224
6150 7960
238 7906
2133 6183
1230 2494
613 2528
2439 5685
7072 3925
5500 9679
9266 9267
8617 6655
9505 2005
3716 9850
7158 1461
3828 3060
1222 3284
4735 6131
2791 6550
2984 9405
6167 7345
9247 1733
762 7711
6735 4642
5105 8325
5795 2172
5508 6485
8720 750
3395 6
7457 9527
6539 2943
1575 2131
1273 8805
9594 5908
2475 1156
2956 8466
1417 8471
8719 5006
7855 9303
3228 3772
1454 8675
2388 688
1898 9148
4749 2487
8127 6829
9557 468
9154 6762
4258 6426
1052 2609
3001 4313
7561 887
8490 2046
8951 1768
4700 4759
2268 3284
3681 4446
2784 8872
3893 618
9695 6879
5652 2155
9479 9072
3809 3266
5472 3738
5642 2749
4425 837
4652 9159
3747 6746
1057 112
8933 3643
4817 9869
892 9281
4791 4375
5749 2967
9708 6914
6422 3559
8148 107
3441 6789
3794 988
4667 365
8778 4089
146 5777
891 3645
857 9245
5833 1028
5602 4741
1532 1936
1500 9443
8863 6861
920 7448
668 2367
7764 2847
9336 9524
249 7083
5454 8930
8011 6549
7817 4691
9020 4153
5706 8317
1705 2931
1116 8212
720 1648
313 6857
4943 6825
2307 647
1835 549
8702 3771
4923 2897
5821 5029
8717 1606
2730 4571
3192 3132
3548 3363
2318 2110
388 7307
3502 8843
1566 7472
1030 2947
1760 7620
1730 8686
9562 2342
6318 3595
7314 7510
9753 2467
7349 8142
5938 1878
164 3250
1813 404
6711 9895
3078 2589
7626 2671
2214 6381
9879 4745
8080 4853
6677 4257
7067 440
4597 4444
9758 4774
8977 2536
9164 8708
4680 6940
4234 8252
3402 9483
7835 7801
4542 4509
1312 5648
9899 6205
8825 8931
3921 2814
8935 860
9204 9050
2908 8351
8677 7790
6602 6662
7326 2862
4066 1288
8177 6800
9080 2459
175 2636
9921 8767
8455 2236
3235 2859
1571 5284
9483 2891
8032 1857
6073 3752
9345 5291
3124 8672
5490 536
3885 7957
6403 8834
7203 570
4770 4463
2597 2654
8034 4392
7569 8221
6733 3154
442 1177
2186 8275
4537 1247
5569 5750
6728 5659
5704 1083
1196 675
5254 6548
4693 6006
6700 7203
5047 9881
9164 3911
4694 6320
6130 8840
7221 2785
5313 4351
6120 2139
4411 1098
970 2744
3579 5677
5412 9912
2994 104
4152 4904
3262 2400
5867 7232
7349 497
6110 2478
2991 1091
7914 5678
780 3919
6390 5065
1995 6012
1461 3958
6662 8601
6256 2742
127 9997
7852 6071
4194 3095
5747 2621
1231 6895
8511 4646
5894 8089
1116 318
6973 2212
2581 8115
184 3675
9385 7827
8848 5876
3458 3582
9461 7805
5895 9610
505 8103
6053 1847
8628 1873
3028 8692
229 9951
834 6729
8477 7668
2658 3399
34 2982
6746 3524
1282 8199
6321 6194
3442 5334
9814 491
6097 5055
8334 8747
6507 4004
7468 983
9952 4889
4223 547
4278 5108
5793 5555
3315 2567
5383 3370
6231 1661
4495 2594
6350 6643
8326 6480
9342 1479
7222 8531
8632 9110
2883 3552
1836 6044
9245 2513
5343 7007
1959 7907
3752 4675
2416 2477
5228 290
1491 147
3541 8593
4962 5286
1164 7313
7577 7047
732 7268
6327 7093
9671 8390
4844 6140
8346 2849
7863 5524
6604 491
4202 4082
2417 4820
9042 1825
66 6345
2640 6180
7790 7319
6657 7431
2656 7067
6467 3
5878 2565
8670 7243
303 5631
6906 4399
3724 4102
9253 605
7675 8530
7969 6483
1790 2990
3734 3711
9908 4899
9939 6038
9596 741
8444 7175
3642 3894
1389 3567
8823 1843
1628 6039
915 6906
7945 6048
6389 2676
2779 2343
335 1705
7279 4909
7663 1862
9833 5879
7893 9919
5566 3933
4503 7720
6967 4030
5465 4501
1434 5589
