placement model: 1slider
width: 10
height: 10
number of points: 100
3940 4152
8953 4119
1364 7479
5039 5444
8649 7397
6261 3130
6020 4123
4745 175
5041 7740
5172 542
1852 2214
1299 7088
9661 1137
4858 2574
1005 9469
7759 7397
917 5965
2206 9984
8157 5481
4289 4306
6569 9798
9366 3872
4680 3478
3544 5116
2102 3712
5538 8273
3331 8502
4563 891
3471 3089
3065 8458
4180 5643
9187 985
4963 8443
3855 8381
7677 6134
5332 4508
6963 5254
2067 2243
6228 2240
2740 8039
9129 6775
6715 581
5275 1333
4607 7945
3131 4002
4409 8373
4127 5801
7087 7930
3738 1404
1818 5298
6164 5692
831 2128
6338 4959
1123 8898
586 8141
8492 5673
4594 2600
8414 5473
9016 419
7789 3009
88 6961
3345 4928
6181 8024
5263 8366
1156 9655
1182 1660
8330 9623
6708 6463
2962 5352
4608 662
9964 7116
7508 2072
3889 3277
4625 4693
5709 2557
6358 3300
1448 2152
5303 7121
1969 7153
4262 1692
1860 420
3756 4473
8803 8962
1273 9012
1561 3558
7068 407
1320 8145
9085 6812
576 9435
6806 9875
7512 1286
4219 7490
7314 7378
2118 1328
1006 5835
1876 8772
1523 8468
7380 6028
8576 2165
7378 3421
