placement model: 1slider
width: 10
height: 10
number of points: 500
7784 9157
9683 9166
9392 1539
9287 3050
8995 3088
8308 4864
3191 9438
7650 2438
6130 6221
4873 187
6868 5407
6994 4153
2564 839
1249 5966
4336 3341
9406 3638
9952 3679
8206 8605
7753 3242
5834 8949
7293 1362
5535 1269
4193 106
4847 839
9545 6675
829 5758
2336 7666
1314 853
8659 1165
7097 9624
3596 5804
8835 773
5255 4021
4013 786
7764 7940
6609 941
4582 6933
5926 8150
4084 5168
3292 1447
4296 1355
7563 6431
5409 7684
6813 2140
2307 3969
5313 679
596 189
963 3220
4955 5448
9388 451
4557 2310
9649 6582
5543 1397
2752 5794
1212 6049
3020 9006
6789 3923
9207 2121
2560 8077
6183 4068
3986 1830
4808 9576
6797 5555
8005 6703
8785 3385
4624 4521
8997 8337
939 5909
2378 9814
1715 3595
2898 2339
9405 2363
3614 5161
5552 2771
9763 3811
7207 5239
4193 9289
3627 7481
8604 7800
1568 4120
5056 8751
8249 3492
5135 4325
6121 6576
666 9443
997 686
3031 827
3420 9767
7155 6928
220 6141
1806 4400
2417 3095
284 4567
9896 137
7190 6515
1961 8614
6686 8563
1123 3238
9091 5194
6098 427
4209 728
5202 8387
3315 1156
1482 3169
2688 74
2969 3210
2310 2836
5827 4420
1544 513
490 1053
7390 1886
481 8071
3404 3021
7855 5349
530 9555
3036 2937
880 7339
8855 3870
4813 1551
4259 6456
7743 8101
9126 5558
9133 8435
2227 7207
6935 9005
2364 3344
7504 6475
3895 3089
235 7762
9832 9685
1833 8393
9444 708
7008 7656
5585 2543
1884 7558
7165 2769
552 5638
75 2516
2713 1141
5744 6450
4234 6598
1840 2608
6181 707
441 2492
3152 6714
4781 7242
65 2347
315 2140
9679 8107
3806 7689
7492 2955
4158 4260
6313 6728
7726 934
2485 937
3785 5421
367 8698
5487 3717
2057 454
7625 3884
4781 9392
5308 2596
1297 335
8318 6588
5266 5304
352 7547
2084 9312
4434 61
9427 6958
3722 753
5711 9412
8308 3607
2534 5428
8079 6734
879 2444
8758 3579
7263 4276
4927 3872
3785 7116
3314 5093
8055 4540
3589 22
1067 7469
4771 7833
308 4898
2167 7978
8168 703
9117 5990
5494 5180
9478 3012
3403 2550
2965 6880
3039 4730
4325 57
468 5297
5855 5642
9778 8431
2146 4298
5684 4266
6764 1641
7813 5331
5689 1679
9478 1688
9023 9246
1456 3281
8092 6132
6891 4212
3872 5544
8547 6452
8522 6710
2961 6419
3891 157
2157 2998
4775 4125
586 4083
9952 7057
1649 9165
8167 1153
5038 2304
1733 8875
2858 8581
4468 7247
8470 3313
375 6612
6459 1115
7385 5200
4027 5911
9081 5053
8900 8725
9744 2698
9785 9357
2250 1751
3259 2476
5850 8340
8047 2395
3961 198
9092 7606
1303 3041
5727 4151
2338 9362
2274 5107
5088 467
5502 9070
9160 1588
3920 6856
6586 8396
4750 892
1486 8064
9691 8258
1543 3562
2386 212
9499 9640
9666 185
1771 3242
6253 5908
6989 3762
7316 7249
5982 4131
7188 8167
3322 3052
2388 4881
7452 9644
4033 4858
3921 9774
4858 6024
4572 1876
3447 9062
5989 2901
5441 8253
7820 1374
588 9077
3255 5270
732 4001
4079 6996
7527 730
8272 7751
4181 1406
2244 8276
2640 7267
8592 5001
7862 8427
4176 7051
6431 1751
9695 8542
7087 9978
8129 8305
9994 7267
2146 6156
2450 9078
3751 3976
4940 4771
3009 7122
4726 7459
7741 8160
9004 1201
7965 3822
277 6804
1501 8708
8705 3372
7097 6469
4715 8537
3655 3542
6595 8492
3878 1405
1582 4849
851 2456
8316 8138
4555 4417
5340 2053
3340 33
484 6765
8526 767
6151 1439
8032 7901
8460 8846
1853 8953
7587 7784
3536 5750
4423 306
2765 3904
3935 2751
106 2059
3723 2903
7675 4683
505 9907
8909 6772
3645 5305
4490 9701
4098 3741
1415 8313
8992 3217
4122 7545
9283 1982
6845 4804
6670 9028
99 1117
1340 4379
361 6136
4273 2182
9222 6168
9637 440
9378 5619
7422 9717
8666 6329
2502 5879
1447 9439
4519 9685
8439 8573
812 1315
8261 2515
6022 4942
4647 1923
8078 3966
2278 9891
4726 4613
8473 113
4687 7646
2442 3071
443 59
9995 9245
4489 7404
8466 1254
5225 2755
2167 1087
3048 1179
2195 3619
7215 9253
3644 8497
9250 6388
1343 321
3940 6537
1682 6694
926 7945
2595 4018
3553 6884
7069 6469
4555 4249
8606 292
5828 7646
8715 4904
2248 4648
6730 6083
3732 6888
2485 6920
1405 7305
5317 146
7623 7801
8508 847
3620 7160
2561 251
2043 3758
3487 1400
937 937
7590 576
6446 3409
7616 4485
2516 7516
4045 9358
9029 3574
8931 4894
2010 7072
8483 2416
4540 8899
7303 3918
519 8880
2568 7814
3187 9616
5799 6937
2165 7771
9973 5274
2116 3694
9238 5809
3718 2113
9475 7298
9729 3153
9307 1300
6595 7172
6904 5777
3802 4070
4504 1323
4582 1089
7290 1684
5034 593
9017 8933
154 2958
7207 7097
9526 3662
4683 7046
367 2305
6624 1059
8653 7085
2935 8169
7727 2789
4558 8477
6325 6238
7969 2363
3153 1701
362 275
2003 6645
8412 5698
6347 8106
3190 4796
3155 5635
8631 2399
9952 3059
6706 4457
7221 877
5165 5051
4150 2928
6994 3705
5872 8554
7926 7041
5050 4799
22 6140
8886 6236
4921 9434
4 2857
6698 5006
3987 1597
8272 2161
5705 519
433 948
1568 7870
7853 7678
9658 7048
4418 2214
5290 5274
9160 5126
5759 5710
1995 5994
2828 1301
3785 5107
8581 5703
3584 7274
2972 7359
5966 8293
3827 6088
6508 6329
9155 5322
5193 8097
6970 964
1438 3775
5842 2629
5291 1873
6696 9404
899 3470
9664 3776
160 8010
5751 7799
7297 7523
8305 8261
628 6352
4302 9065
6712 3330
894 4553
3911 8501
7024 6127
9820 987
621 5412
3634 5609
