placement model: 1slider
width: 10
height: 10
number of points: 100
6974 4746
4592 6699
4241 5570
5200 4505
4958 2918
748 7759
1279 31
2091 6935
5388 1097
933 3722
383 6403
4644 6731
8503 9735
3132 3421
8003 661
4346 4451
1607 7156
4089 9202
7117 257
5582 8188
9735 4665
5318 5829
2699 5033
8104 7023
7235 7318
8485 1678
7258 2048
531 3887
8355 2431
8815 3705
4036 4879
8077 8148
1740 4089
2772 2686
5282 5601
1423 9968
2187 3270
5108 5465
1798 6750
2911 7948
7742 3429
932 3344
4873 3416
7330 4645
7887 4094
7930 7274
537 3670
4097 1738
3622 4641
8063 5639
4040 4964
1269 7861
8493 4415
5891 2142
3833 8779
3152 1753
9664 8737
4141 9246
6367 7792
556 9880
1294 825
6882 9701
8873 8253
7363 6948
1485 751
1200 2276
8026 3927
6340 2875
3314 8737
5308 1311
4062 8457
554 7426
940 8384
4459 8324
5563 297
1911 5655
6484 7515
1683 1970
3659 5968
6509 8981
993 1582
9739 2039
883 1644
5219 2366
6866 206
748 2587
7004 6033
2409 3138
5361 4328
2633 6467
6373 1549
8323 2931
9037 4908
1168 5688
7638 7298
7323 1848
8718 1529
2755 7884
8524 9441
4489 5608
