placement model: 1slider
width: 10
height: 10
number of points: 2000
1024 3413
6124 4493
1958 156
2677 9548
9754 1653
201 490
7064 2417
5410 2370
2278 3293
6729 4548
7846 5364
4841 5861
2087 3535
1781 2929
3578 2682
3094 5711
5890 3846
2324 652
6892 8395
9586 3273
7033 1496
3929 7514
9179 9653
4432 9074
115 9948
7566 270
9786 6002
3641 666
2629 6093
7936 9229
2392 5966
1567 1268
8844 5433
1508 936
7296 4826
6698 7749
6559 2340
3785 4771
8710 3586
8892 645
6006 6609
7547 4941
6882 3820
768 9980
4772 9351
750 3921
5254 1992
3015 9490
9563 7019
3251 9570
7779 8018
7845 8752
6845 2813
6856 8044
2911 1204
7734 2071
2873 881
4004 1732
519 5226
7012 2007
7323 4111
3658 4601
1326 3379
7590 236
8444 1608
2067 6230
2775 5858
5547 9880
3825 2625
376 9391
477 9982
973 7141
4796 7590
311 7473
426 6587
7221 7270
1918 1917
892 9208
6002 6539
3670 3563
3562 7940
2183 6709
5645 4137
154 7608
3433 5505
2990 7654
1508 6567
416 3538
7287 1674
1902 5719
3306 7349
1028 7876
6582 6389
5266 6128
1644 7840
7504 6247
3326 7607
9018 897
7927 6062
9933 4961
4225 4285
4579 8689
2127 1613
8389 917
77 5834
6131 5768
4504 5183
5583 3509
2621 2506
7445 5955
256 6497
2980 5290
2392 3174
6484 3950
1462 7203
5557 3761
8004 1748
3740 4588
9523 6776
1112 6948
6938 7188
9456 5505
5190 8331
4858 7951
7548 6173
6440 9233
5504 556
467 3649
1828 3261
3304 2767
5758 5548
961 9464
7944 8317
2014 353
8769 9979
6410 7772
4954 9366
1331 479
780 5779
2142 9264
5283 5089
9015 2525
4273 5776
553 9227
1533 1836
7610 5750
8947 9550
9956 7284
524 9746
3055 3210
6976 6029
154 6248
4676 2195
8018 3568
3313 7075
9006 9952
2553 5595
4379 6805
1199 821
9081 421
9071 2711
4477 4689
3323 1242
9895 1831
9561 5035
6454 5490
2189 1003
559 3723
441 1176
3882 3741
3704 5872
5331 8474
9484 4867
1058 5612
7799 9617
5634 9570
1526 4634
389 4258
1889 3908
9059 5433
299 9648
4632 2184
1761 6518
8565 2320
2323 5573
5260 813
3511 1017
2983 3051
3582 8445
3683 7876
2984 7710
1181 59
2786 688
1971 510
5550 1285
2904 239
560 4215
5711 3428
4616 4981
4711 9271
7530 4316
6633 9782
3780 3501
1509 8535
3999 4107
6913 5742
6393 1512
2124 4297
2758 4794
7162 7007
770 6167
2037 1727
4730 6591
3294 4257
3030 5264
6656 6649
1247 1004
5454 2240
5594 2303
219 4907
7459 9749
169 1670
5475 6753
2366 1963
5326 4129
8781 9354
3025 4347
9756 8431
9808 4818
6730 6243
8753 1846
2960 2214
7841 3569
8882 7885
2763 5759
9663 2198
5838 1006
1688 7645
9924 7358
283 329
5353 1247
6665 3390
7082 2071
8147 9920
2584 4963
6063 8875
2473 1977
7167 2283
2987 3105
5946 162
9195 9314
3148 1989
574 5009
6336 901
6206 4194
497 922
1772 1817
817 9865
5875 9134
4159 5355
4421 6604
846 8422
673 8230
2960 7196
3347 2830
4249 5165
4228 981
2275 1517
4128 7917
2855 5960
953 4657
9887 78
6364 460
3664 7292
9615 8813
6505 3564
3653 5688
6260 2455
4219 1261
9618 2251
2797 3815
4811 6219
4415 215
1639 1981
50 1116
1 7356
477 2265
216 3821
9846 5113
5577 2694
5060 550
1984 6438
4176 9992
4390 2237
6007 9033
5894 7347
6242 5085
3636 5088
8293 9063
1142 9930
6868 7005
9099 5154
6036 8429
3429 6464
3915 7884
9298 5464
5675 7525
1749 241
2539 316
3523 2394
3666 6135
420 7569
9859 1367
4607 9515
8605 600
6849 191
8685 9382
8533 9515
5990 6291
4062 8484
9564 4980
9518 9493
509 2535
7742 1158
60 5280
1137 8297
4094 5346
8552 9048
9321 2064
4941 9655
2108 1413
3914 2731
7573 689
2251 8940
2214 7362
9358 2653
1107 6284
1272 2778
9701 6617
4940 3448
7282 1505
7372 9448
2380 4490
7033 7525
5107 1397
5629 2829
4513 8549
4262 976
1562 3233
1387 2854
5690 5100
4999 3424
2074 1685
8529 6626
3562 1931
35 99
3829 8130
2499 7367
8315 5126
2594 8612
1061 9204
7437 7536
2695 3889
4985 409
3887 9595
5923 6688
3940 8049
9767 117
234 3889
6480 7596
5278 3765
5233 949
8669 6942
5770 7082
8599 2731
1904 6535
4567 2516
5219 2801
2410 2802
738 2565
9150 2402
5341 3343
4560 6158
999 9387
8784 1600
965 2331
6501 4503
5445 9153
5017 1986
1137 3363
4262 6338
4541 3262
5628 7648
5456 4261
582 6039
3847 2948
931 3306
8135 9414
6444 5615
419 4744
188 7290
1232 5737
9297 4123
9638 8213
933 1381
6657 9102
319 7497
328 7296
5186 6322
8304 7404
7438 3709
615 8750
3599 2659
5372 4845
7786 2072
5182 4312
1474 3993
6446 1239
939 628
4862 6838
3399 1350
3613 5295
8507 8025
4964 3767
2343 5883
9108 6780
5353 5649
4286 7302
1677 1279
9889 2389
6595 8030
2256 9849
6414 341
8870 4623
2881 432
2977 2455
7463 842
2825 9655
3084 245
7768 7344
4355 3385
8701 6420
6275 3295
2228 7672
7232 242
8784 2190
5556 8229
1577 7051
3480 6419
9587 4408
3027 2678
7094 6782
6900 5631
315 2298
9613 5253
7686 8947
2340 1861
4124 6448
3322 6848
1476 2170
2868 5124
6313 9311
9381 2315
4322 7310
9998 9212
2574 7338
3989 7292
2942 1992
2607 119
4196 9404
8884 8548
7068 9144
7932 2125
3324 1292
4443 1776
9058 3849
3657 8294
418 9176
3350 3892
2944 910
908 8196
2895 5955
5302 1243
9698 4948
2637 7633
7754 173
9654 536
5334 2162
1162 914
5906 4962
6028 9642
1731 6078
532 3759
3477 7064
4070 374
636 2565
8659 3436
2750 3266
1831 4232
4842 7188
6432 7964
5995 9573
3497 502
1740 2490
5712 7364
599 6223
3565 8878
1596 1736
8623 6357
9940 3017
6060 4823
5791 2258
4352 4184
11 2973
8793 3475
5590 3323
685 8179
5920 3112
2294 819
1049 1171
223 3770
6544 7497
6983 8190
953 5227
1582 8753
1540 250
9307 8429
7221 7565
3783 4052
3159 8101
6482 3758
6400 4255
9897 5027
5693 4363
8127 3637
1677 3737
6749 3188
7948 3666
9518 7757
8996 2645
6002 7510
9053 2409
5693 2720
4219 6938
2975 2828
545 9359
6765 6387
7487 1875
7575 8949
5170 9049
5903 3744
9642 3249
429 3527
1415 173
3130 5568
168 2039
1276 3662
5519 1591
5696 3263
2587 8487
2368 8824
9026 6887
6807 9732
3473 7494
7671 9439
7874 6592
8527 9323
9034 67
6460 9288
9107 984
9521 9775
8798 7062
6546 9677
5412 6706
282 6650
2203 6586
3969 642
8492 7212
8679 6905
4799 8768
9894 3551
6710 8970
924 9999
3714 7141
9327 9320
4372 9522
2489 9781
5943 6090
1365 3487
5517 3514
822 2916
7498 8459
6186 8679
2539 1068
2009 765
4691 5400
2806 6014
5694 3731
59 9820
9702 3756
3004 8696
8005 6771
8821 1290
6820 5179
677 2388
3528 1869
9182 8317
966 545
4948 1681
5816 9354
6992 5165
2141 9710
7363 4806
6345 4430
4020 1602
7938 411
163 2764
3172 4886
7848 4123
8866 6606
630 5669
4236 2861
7787 2938
6885 193
6683 6562
7520 6119
7597 6008
5838 8185
7262 103
7648 4079
5930 2083
2366 3944
1821 4497
2286 2766
7751 2634
3611 3185
8945 8300
9775 793
7116 8413
8609 9239
1093 6888
6539 5359
1767 9814
193 7987
7485 4307
9808 3881
9380 9244
8772 3439
1939 4679
6535 7512
7265 5294
5951 4291
3782 304
8346 9129
7333 5124
6930 8676
4930 9130
2289 3636
303 1173
2636 5377
1267 4451
4934 3567
2644 2209
8372 6730
3174 9023
3733 8600
3085 7000
6945 8711
430 7810
8979 104
9477 5444
3343 4929
4399 243
3659 1493
9179 770
1897 8609
6618 1113
557 8305
9817 7426
3660 3376
2993 9130
9722 947
3690 6911
5661 7249
7510 155
9354 6114
7937 9498
8421 40
6772 8840
3867 2735
984 230
5647 7600
8451 2352
3319 5010
8972 5667
3605 8304
1650 3933
905 8753
5753 6384
4451 3394
8259 1113
1025 8803
4058 8228
5826 7113
2251 1360
1414 79
2350 8038
6458 5346
4129 4785
6056 1221
445 2604
8130 9475
3982 2793
4186 3025
7756 4991
1789 6157
2403 8693
3083 7463
5225 4178
3384 2006
3273 1368
2383 9108
2361 5685
4375 687
5627 7003
5 5430
3419 122
6767 4456
8181 5377
5304 6728
6760 2074
8348 8235
8564 4464
280 6726
8635 8967
8568 42
8932 795
1703 5757
226 3706
6668 3764
9657 1215
4293 3682
4879 2391
9869 5778
8304 8777
3520 4904
8998 7109
7657 2414
4204 3740
8009 5888
7048 4045
172 4882
5728 5290
8943 7909
979 5883
8254 3868
9279 639
8668 3422
7776 7603
8996 1862
8997 3933
6302 4620
2877 4882
462 4864
561 9283
9310 6564
9197 4756
1817 3675
8676 2546
9167 3542
6584 2087
9583 5844
2502 850
5533 5153
8465 3913
3965 9559
5279 7513
2201 4658
6135 2949
8169 2629
5871 9155
7760 3873
8579 4317
2933 5694
2059 7408
24 2120
8260 2299
9208 8866
2979 2704
2407 3316
4723 893
8465 14
8140 1248
3163 2417
3329 344
6638 9450
2876 8523
7966 2573
9868 2764
5726 1513
6182 3553
4220 3789
5680 8198
1540 1952
9467 9396
1137 6181
518 6723
8967 1647
1304 8188
9203 9777
174 6077
3962 6184
3091 8341
1502 8445
81 5356
2030 3588
9418 6905
3056 1940
3540 7923
6831 3447
8656 9816
3371 1924
6737 676
2563 9545
4188 4299
2383 5857
8214 3799
8037 2829
5671 5166
9955 641
3238 6261
912 3520
5544 1963
8396 8342
5552 9811
4697 8350
9725 4640
1890 303
9550 8643
1904 7414
4470 628
1394 7355
7989 8498
7753 5524
2385 5605
309 3311
6539 3496
1628 4315
7354 3579
9458 8290
1874 4489
9958 9575
6135 8776
490 7559
7134 5505
1964 2594
3030 8796
2120 7225
2096 6058
8083 7586
5705 7367
5274 2493
204 2103
1233 6045
196 1882
2666 5135
6870 6387
1880 1038
7380 1570
4235 5693
1446 3022
427 1613
2936 2712
5271 1868
5086 5343
6526 7073
492 8001
5459 538
9122 2998
6110 2502
5507 7970
3115 2948
5337 7161
4267 9781
5091 1097
6268 26
9860 3849
7323 8244
2994 1820
6029 437
9839 9128
5538 6998
2856 512
1021 1308
3248 6443
9977 6895
6190 6736
5283 2315
9276 9917
7945 1477
2079 2681
2091 9699
3723 3863
8286 8151
274 8733
2299 1411
4403 5348
1852 9398
5092 2225
5673 4717
7391 2514
5624 6210
594 6708
2043 8680
9201 8821
6665 983
7018 8684
3065 1172
7790 3131
9129 6440
1959 8255
2528 5768
3631 1737
5442 8398
7780 4876
296 8235
4714 8777
8469 2129
2793 8895
1213 6570
7353 4991
6415 6672
7863 5517
6712 5704
1240 5030
5951 6139
3934 3739
8752 9135
6794 3825
2057 3367
8172 5454
5332 9810
7177 1835
8187 6680
4382 3810
7504 3745
9808 1534
2381 6632
9095 4887
2745 4632
1548 3593
7538 9557
7961 8774
2154 5554
9137 6786
3953 9495
7874 316
7175 5162
3320 7250
9481 1252
7031 3103
5652 1454
248 3309
9920 1882
2939 6998
1138 4241
8379 7161
9942 3574
4466 8246
7069 9729
9957 2262
7457 2937
7592 3079
3813 2717
7496 2202
6795 8954
7561 7727
7061 1044
4732 9260
7223 9916
1404 554
5904 3506
9064 5231
6023 2865
6377 3058
4658 9629
8035 1177
109 8191
791 8971
2934 4162
4846 1842
425 3974
4261 9780
9827 2104
8923 8361
3939 6625
608 6277
7009 205
8885 9208
928 3353
2745 8436
4716 8011
957 2853
4123 4925
369 5359
9261 569
232 8474
2042 7340
5747 7212
8188 3271
1930 7679
7779 1958
1868 951
50 4509
7703 7303
8769 19
3261 4643
5047 4687
3191 2760
8442 2421
3056 937
7032 4301
6065 4779
9205 6483
597 2291
552 5612
6392 529
9653 4808
3722 6606
8688 3083
414 6436
3768 6002
4891 9887
6043 6321
8017 205
14 663
2774 3298
2125 3179
2467 2993
3113 6306
5728 5446
1540 2385
3909 8347
2559 3080
3608 1286
2340 3957
9421 2409
7630 700
3909 1380
9244 7320
9907 4362
365 3106
9882 6419
9686 9532
478 622
7881 4025
7827 7318
4415 4226
8414 1160
6582 6015
2509 399
932 9787
2585 8623
5470 3975
5972 4274
5335 8587
1770 6638
7610 2802
6765 4415
7312 512
8775 9119
6714 7501
5461 585
689 4939
3937 5800
5441 9409
4806 9152
5091 4359
2102 1806
1633 3429
7680 2176
2571 5484
6044 3407
6906 5122
7685 7305
5322 9445
9243 8082
4320 5969
1098 9654
8799 7087
1860 2767
2433 7253
6034 4045
3333 4911
8090 1643
3067 2216
5088 6680
3333 8129
3200 5699
8714 2379
3647 6506
7375 5863
9718 4471
5007 9188
2410 2027
6839 761
9298 8767
3630 5217
1099 9633
7078 6732
7857 8340
5766 747
9175 4055
9785 8928
6441 5262
5124 3575
664 6591
4512 1878
3621 5411
9980 4231
7680 993
9218 1157
1780 4450
5573 7549
1856 8270
1766 7740
9162 7306
2317 4540
7150 2115
1656 8285
9227 1054
7502 9403
2782 452
6076 4879
3005 6136
5643 1067
178 4387
3949 8813
1926 6733
4159 6238
9954 9053
1698 1460
219 6395
9427 8126
23 1446
9438 1700
3186 317
898 7681
1155 544
3079 4515
5766 2260
3168 2188
9456 7003
9198 7133
9999 4337
2563 4711
2483 9536
117 5853
4874 2550
8655 393
4772 6225
5790 7811
3577 5070
1929 9813
3010 1183
2664 9962
3616 889
1217 6934
9529 457
9972 8750
1557 2449
5810 1002
7189 1191
4297 1766
8855 5709
3944 9968
8263 3559
4418 8736
7452 4915
7105 5318
8081 9014
7048 2956
3402 8067
3108 8097
5520 1421
8667 8670
7971 505
3207 9227
353 3030
9404 9750
1835 5289
9737 2192
8434 7760
5233 8990
979 1325
3849 8777
3529 9310
5149 1560
3924 6386
5480 4864
578 7978
4971 8987
8174 3838
3446 3462
5943 654
347 1058
4766 3487
482 4348
6715 5278
6878 3941
493 1379
9422 8573
4712 9082
3423 5963
250 7840
3969 8543
9071 2611
4681 7981
8233 9970
5041 6006
7463 5565
9058 7975
5784 4946
128 5611
6369 5615
3387 1469
9149 8286
738 3374
443 5343
9822 6268
9922 642
2179 9978
9 7996
5183 4773
1272 3562
2302 7012
5411 7641
1303 4686
8389 5001
4640 8668
4391 7757
7155 7980
717 2997
2888 4145
4751 9071
2920 3042
4754 8665
5663 8822
9900 4294
5371 9678
7256 1635
883 2688
2129 7192
9688 1897
6035 4031
1011 6771
7897 9756
4412 6560
9009 6237
6484 1794
1276 6807
5878 7441
5616 1211
5334 9167
9867 5743
9855 4392
8676 9464
3975 4464
3344 7097
3932 7313
2484 7885
7811 2270
5089 979
7591 6778
2675 9218
5551 1826
7263 8572
1923 1608
4089 6722
5347 8592
2805 3579
4477 2804
1649 8789
3828 3492
8776 6400
85 906
3977 306
8723 7339
9607 1937
7443 5420
3903 5738
4355 26
6922 7892
5294 3992
7870 276
3016 7854
4806 5738
7088 221
7377 7429
9218 7384
1050 3977
7578 909
9896 3163
1083 5571
2307 524
3465 3318
9659 7245
9400 7135
9228 9421
9807 9897
7539 8060
7925 7484
5184 2014
2006 3515
4916 5817
2426 9465
3709 751
1293 8638
8685 4107
2179 6515
7339 7575
3674 779
1403 5620
6282 8489
7138 3013
2025 4083
399 1660
6998 6369
8044 2710
6621 1947
1890 943
7480 6226
8116 7473
169 6765
5214 2057
6254 1091
6574 2025
4957 4288
2043 868
8057 3543
5327 2048
2379 9288
2153 6589
1638 1977
7114 4621
6245 8489
8844 1390
8022 8892
3419 1843
4924 8407
3527 7169
5835 8285
1275 790
1968 4890
2327 8430
9674 3586
88 1804
8142 8122
7809 3849
9261 1085
2480 9113
5861 7181
3599 8802
4469 1508
2670 9544
3478 8550
4281 9090
2652 2078
908 465
2655 191
5998 4592
8776 1190
7218 7904
5197 5767
6521 9783
2335 8527
9862 3099
6319 9223
4783 8302
2343 3646
2408 7198
8551 8335
4771 5446
7787 9620
7174 2185
7362 9375
6328 4596
111 6805
3895 1450
8349 171
7682 5120
3997 6089
9267 5644
7857 4477
4722 2418
2100 7382
5756 1729
2356 7260
3906 7559
6308 9590
5024 364
3881 7335
5798 7826
593 9206
6293 5599
9142 1917
3967 5867
7105 4112
9812 1070
6636 927
1159 4469
577 6350
1170 539
5513 961
6774 8804
1004 7211
7476 2425
8879 3840
7012 2681
9730 2507
2143 7888
6343 8559
205 3756
5228 9256
30 7226
123 9505
8294 2623
9234 6741
2304 9137
3201 2473
7886 282
9508 2335
295 4078
2292 9488
2285 663
6064 2484
4194 8936
2433 7240
603 8229
685 8794
3651 6483
782 8768
544 8841
4800 3505
6805 3837
2846 2345
887 4689
6025 1793
1104 9939
3428 7933
7634 8832
1431 6609
1358 4581
6270 7421
4041 3281
2942 6126
5231 5261
1019 1119
3124 5969
3166 5544
1348 710
9426 4644
5354 6774
1752 8856
8150 7300
44 6565
728 3641
4963 2815
994 1695
5775 1580
2191 8166
5034 7924
1358 4567
3541 8243
3253 2808
2552 588
5181 2223
4706 5375
3744 1590
8220 3577
2908 7654
7746 4938
5243 4046
7649 1219
3448 6467
5715 2114
8251 4802
504 7932
8009 455
7874 9216
1026 2376
9215 5513
3330 4066
6520 4436
708 2169
7132 389
8630 2733
6789 886
4374 5241
3986 783
6720 4629
5889 4295
5381 1235
60 2856
3825 820
5561 9738
1406 4460
864 6348
5629 7196
3599 3824
7912 1483
773 730
687 8302
4194 2256
7024 1025
4848 4181
2772 7160
8790 87
7308 991
6447 678
2524 8615
6519 5665
1522 7091
2950 3037
566 4128
5920 915
6318 1716
4960 1257
8579 8122
3788 8490
3443 5802
2544 8143
7360 7205
1015 205
5638 9632
9117 7821
83 7826
3377 7185
4269 6574
9778 390
8710 1854
5982 9735
1357 1306
3966 5174
2219 8634
5183 6492
8944 2822
859 6534
1767 287
9403 1287
5406 561
8301 6036
6918 4109
3759 6856
8504 4698
88 8536
1479 8685
1629 8384
3070 1760
8922 5974
5031 5025
4158 7149
982 2407
7537 9966
8800 2149
5195 4978
8513 5165
2675 1705
7283 8037
485 9845
3180 1715
6406 9169
9456 6642
7696 4781
8330 8883
6766 8487
792 2910
8664 2517
8170 1682
7885 5128
293 7288
7671 8939
8552 4651
3202 1337
9112 7179
3036 4528
2585 3130
5271 3974
7924 2823
605 7057
5906 2185
8900 4515
3671 5964
1767 5898
5848 5227
4464 5818
5424 1433
7666 1784
5354 2292
5618 4192
3387 3685
5995 113
8364 7100
7278 1787
3465 7027
3795 8600
442 24
9729 2737
894 8768
9387 1859
3769 7305
7551 138
719 5106
9105 8261
911 8964
5420 4731
6150 7115
7882 7088
6880 5966
2491 1836
4264 1251
2456 1056
4276 1526
2796 3601
2189 8985
8062 3783
9419 8397
8634 3138
3601 6737
1943 4337
5502 1241
5819 7945
4427 8108
175 9824
6368 9957
6541 8862
8277 6413
2891 4053
4305 7205
6167 2084
679 9502
8350 5726
5761 4099
4570 7671
5186 9796
3117 3425
6698 5444
4157 7928
9173 4191
7843 792
9574 1725
2138 4169
3197 9840
8888 3782
1109 8225
1596 3948
4593 8047
4901 4015
2275 8442
3478 2310
6691 7378
439 9443
5988 1663
4530 1573
7653 4980
1903 470
5528 5448
2200 9752
4187 5504
4 2427
3747 7180
7360 9142
1841 3271
1843 5260
8157 8944
7410 6844
9569 7429
4491 4091
5971 9346
3100 3525
8360 5443
8257 6918
8219 221
3867 4461
4014 8261
6024 3899
4784 7528
5475 8197
1428 6464
736 2916
2359 3036
8453 6113
4272 1731
2038 3674
5261 9411
6310 6713
8373 6581
8823 5346
9839 7509
8270 410
489 5180
2136 424
6264 2291
6005 3555
369 9072
4534 78
5773 8715
7514 3191
5153 8779
5851 6618
3166 2072
9886 8389
6507 4794
3389 4343
1587 3217
5328 1369
3631 2464
4604 1838
4876 6068
7297 9067
4466 7320
4544 6512
3032 4478
8100 7378
7257 2216
4314 2575
6365 7476
8203 2821
6205 3653
6597 9587
2577 5504
3262 7010
6369 8965
7102 9347
1021 3068
160 6518
2001 3999
900 5697
7266 828
3399 507
175 9763
8235 8215
1008 8618
9210 7314
1541 2717
2279 185
9302 4730
2957 2535
2744 3735
1341 5789
961 6637
2970 5082
3488 497
6098 9523
5882 3255
8485 1676
2847 859
7205 8583
5333 3109
756 1682
3003 636
3631 1803
6658 4104
9763 2581
3549 7932
553 3134
2370 7898
3331 8420
6614 6217
692 7192
8512 6304
5927 9611
6778 3121
9375 2360
4525 4377
7163 7127
2999 7887
2654 6252
2507 7500
2025 2889
5200 6595
9459 6870
5693 5876
6368 933
5127 1077
8486 938
1537 3750
7293 2440
4092 800
7945 8523
596 4246
2951 9491
755 4901
1883 6312
3484 3347
6993 7807
8410 9045
3129 1465
5441 8375
5311 9983
3619 8788
7639 9367
3398 5709
3905 2696
7365 5399
3766 5101
2268 9921
9946 1595
5069 2878
9618 1246
8457 9460
2640 8431
3137 4087
1220 8707
4106 7040
9460 3900
2954 4253
1637 3177
2650 1213
5081 6577
2743 3272
6599 9216
581 9811
3529 1079
2786 6563
2250 2
151 7344
4514 6755
5763 9139
1159 2139
9173 7339
3231 1908
6715 5829
1059 5072
7612 2350
9525 8983
3205 6140
3984 4454
9864 6832
3871 7730
5748 3684
5495 64
2424 4753
8117 8014
3889 4363
6095 7098
1810 7691
644 6465
4489 5250
1967 3881
1894 8812
4236 3388
9164 2144
4636 3652
6719 747
4237 698
9980 4279
5826 6665
4076 6758
7718 4576
2424 2258
5676 173
5791 2295
3249 2159
5491 8193
7042 1069
434 419
8657 4392
5187 2226
2316 36
2479 3780
5976 8022
4395 4440
5339 4924
6692 7092
8350 7031
8420 2596
190 8544
8566 3408
9791 8562
5470 9180
1844 1688
2055 4545
5031 3576
8557 499
984 8979
6752 8988
2571 2206
5049 8522
2303 5059
6266 1627
1572 1607
3065 8807
4877 3129
905 8261
9689 2541
8252 7887
5262 6579
2877 5441
4406 8957
1810 7233
1957 9541
2251 4967
2981 4249
7140 5572
630 918
2384 9442
6051 3464
9766 9394
8263 7711
4208 7878
6767 3361
1929 1386
9124 6938
8885 3084
4849 2112
4986 277
7303 7912
7094 4109
9781 9098
2739 317
7001 8083
4372 3443
4808 998
8734 4742
4079 7236
6948 3582
7244 9297
5285 996
5544 1844
9758 5886
258 4303
6934 1961
4418 3150
9288 8400
2590 4752
9949 3624
3585 7638
5665 5792
3754 9840
1724 6138
2774 7941
3677 1006
1192 2797
7393 2689
4880 6540
2693 5876
9518 6047
9036 5564
2315 8734
547 9841
3398 567
8649 9646
9890 8027
7311 9990
2398 5926
5163 8461
8026 1347
4394 961
7215 5016
3411 3819
2971 5935
4792 2130
6568 8115
382 6672
3291 6822
9800 484
2846 8470
5641 5249
398 2238
4830 4146
8626 7378
6058 4763
9856 9264
5574 7890
9620 2756
4530 1449
3178 5259
5983 3902
8267 534
2196 2240
2740 9556
2691 1296
556 8916
6520 8377
6413 6432
1045 6791
5727 6770
8803 458
933 2081
5001 7943
2 6307
2053 7530
2389 6388
296 4622
2888 3713
9348 6850
475 4794
7930 9504
6573 8107
