placement model: 1slider
width: 10
height: 10
number of points: 4000
2916 1620
7211 6434
2091 365
8899 9263
9286 7247
1900 967
2912 9482
1522 6679
4498 1342
2357 4373
9445 1823
6906 1267
9255 5394
7990 4784
4599 5199
7387 7868
1536 8006
553 5824
2086 6542
332 923
3127 9900
4120 490
4111 6427
3412 3725
4059 8264
9359 8411
15 4184
8186 9143
4329 9838
175 7192
9426 824
9675 2794
331 1345
6065 8388
8481 1021
8450 7522
6867 3733
375 6357
4743 2424
2498 4974
3697 7437
7634 4306
9087 7966
477 336
261 5574
4007 8788
6819 1044
1044 7988
1603 764
284 146
1519 8177
2780 8043
103 8544
391 2902
9214 1362
7454 8375
4051 1353
6678 5716
9553 4695
9043 7130
7163 2819
3778 4387
3725 5446
7174 7136
5171 4033
4002 9877
960 6875
8946 501
8773 6028
9288 5980
5478 9392
4282 4965
3977 6519
6272 6559
8264 1501
9743 9545
6681 6466
3541 1999
8911 6031
3848 5709
8415 5492
5583 5200
2213 1682
7894 91
9084 2267
4615 5256
5800 5296
39 765
409 3645
1909 4005
2752 2223
4573 4608
1863 2644
2567 861
5541 4876
8386 2218
7114 616
7358 2966
1880 4567
9876 3731
7665 3289
4655 3936
292 4995
8922 342
5816 6235
9760 854
4671 837
5480 8364
5639 7361
5928 7005
6054 3883
6149 6604
5908 304
5433 433
7433 107
2837 1757
4712 5090
5403 5887
9359 8669
899 8832
8656 5398
3411 8312
5487 8182
9698 6799
7128 4098
6148 1084
4685 7483
5751 9200
565 9570
9343 6118
916 5791
6306 6765
1731 6844
2935 1189
9260 5971
3078 8659
8792 2371
144 3816
1585 5580
2682 9912
1628 2810
6665 7596
9442 2699
4776 1882
5285 2960
853 51
4104 8093
2329 3449
402 8908
8052 5773
58 8222
5989 8622
9851 9387
9698 4921
2477 9875
7986 4343
7497 487
5098 9714
6932 6017
1416 4440
7749 8531
3776 1706
1929 4868
8069 4226
7964 3577
8427 1572
1496 6296
216 5296
2566 1805
2215 9870
9762 5598
7867 352
8903 8646
2175 6007
6269 7094
3288 1720
5850 3431
9818 1755
3043 3300
4482 4129
2707 7109
4285 8230
3840 5009
419 7668
5713 8837
5170 4157
7129 4127
8486 7934
3409 4851
1907 1661
386 3557
4539 6072
9280 5919
7991 4863
590 6781
3148 9095
7570 5867
8384 8428
5608 1896
5470 6093
9677 5182
1384 7246
1743 1581
3724 7074
7578 1391
7992 6670
5682 7043
5044 389
5311 5938
2026 2304
8958 6237
8434 4313
9054 5889
8279 5861
2690 4077
4501 6523
5117 2186
6494 9735
5323 6956
2953 2532
6980 6077
1026 4811
8830 1705
5665 5025
3792 1290
3466 5004
3560 6967
2754 3400
3479 6426
1176 2347
1688 5411
490 5578
1308 7644
9420 8427
6787 226
1189 9423
3324 7492
3120 5381
3006 5777
569 4134
6857 5690
5213 5159
4787 2947
7003 1513
5487 4989
7635 2430
6684 4767
8903 4247
8661 2275
937 9741
5083 8954
1289 7176
9410 8130
130 2349
9008 6863
2055 943
8851 4390
5391 4805
6694 5079
7871 811
3162 4817
956 2074
6292 8943
7181 4598
5015 9062
4109 129
5872 7625
8596 8848
2180 6677
9845 7846
6355 860
9876 520
3328 5625
5788 9126
8535 6570
9264 4449
5230 7109
9286 841
4285 2626
9579 9502
5023 7346
3599 8327
9088 3580
7455 4101
7862 9764
3691 5695
6303 3968
3147 6807
8113 1114
6663 7219
4106 5008
341 689
6786 2531
1715 8869
3571 4735
3281 1333
7141 8467
4352 9211
7170 7430
9376 297
1644 8870
8997 1370
396 1166
7817 8282
5358 5729
558 3465
5803 1487
8905 7415
1131 9814
439 7523
2380 9603
472 4102
819 2657
4952 4907
4343 5017
7112 9468
5290 5498
446 2498
8632 3287
104 2056
5104 8004
7786 9806
3604 8550
3378 961
1942 6605
3048 2354
3078 4857
3395 8244
9306 2826
9231 4202
2395 9640
8585 7444
6012 9654
8497 594
2459 1365
2457 4687
6679 1248
8638 9788
5051 4662
3836 1350
3639 3965
915 5621
6149 7155
2554 1279
1914 1652
8350 1214
3903 4841
1154 4088
6760 1217
2085 4498
9314 8781
3688 1569
9957 9278
2078 8820
4167 2715
5292 7533
4270 1152
1690 828
1892 9633
6113 8792
7095 7557
9677 3662
7849 9923
192 542
5884 6724
8523 9747
5788 5858
2643 9327
6743 5010
1649 3053
8419 623
7254 4164
1066 6923
6154 4765
8751 1419
1838 3739
2132 511
3092 936
8569 470
537 9560
9770 1401
3260 2665
4826 3750
5410 7067
7295 5425
674 7689
4340 1319
8361 8714
7081 9635
6003 5814
8965 4632
50 6996
6781 8962
9882 5096
8381 5723
7546 2388
4134 106
3258 1007
7771 588
3457 3468
9282 7854
9732 9168
5483 3915
1967 2615
7085 9729
5591 8293
3084 4675
589 1170
7879 5437
7079 1361
4326 1372
2294 5560
1198 926
8283 7656
4520 8350
3368 1819
8437 8568
1122 8498
8709 5774
2929 2701
8686 2117
2894 3064
3851 1814
7559 5847
4702 4295
2532 9524
5829 1036
1322 3783
5196 710
2488 292
5145 1179
7530 7371
5506 9288
5918 6379
6667 4066
7726 2043
3524 3595
6255 7811
3901 236
3189 8643
6407 3464
880 8557
7924 160
8502 7289
4817 2937
6196 5789
3552 1087
3282 9290
1156 8519
1159 8216
7274 6305
2818 4731
1663 2647
1949 6483
2391 933
1661 9448
1178 4222
5748 3961
8592 9854
616 636
5772 2961
9684 7188
5177 4277
9232 1875
5934 6599
5351 2041
5491 616
4396 177
8184 1919
4247 6318
3669 225
8664 4592
1721 8212
3612 858
2088 3698
9208 2353
4698 6957
8335 3724
8027 7172
2975 4539
7263 2
7428 7324
6750 8522
5018 444
4822 6691
5385 546
4883 8683
8253 8917
7098 1622
3050 4883
291 2296
4550 4422
4482 7409
2693 8924
9774 3254
8098 9748
9470 8358
31 3051
1834 3045
3790 6912
7575 1490
6866 1546
7261 4737
7162 8232
8319 468
7036 8337
4887 5292
9638 3817
2721 3019
3799 6086
3211 7196
302 7343
1424 3225
9555 8719
3120 7073
42 1708
8275 1257
6694 7442
2438 5476
7035 3330
7848 8819
1116 1675
5908 612
3103 803
6762 1102
9304 9360
413 1405
8250 8396
3543 946
4415 4506
5434 4166
6970 3162
9943 9762
9481 2860
5669 6578
9998 7919
6132 5008
7049 1599
3636 5388
4320 2331
9338 6281
4932 3293
8705 961
9948 2251
174 925
8278 7030
4361 4757
2813 7867
9169 2401
198 3392
4492 6436
6489 6801
6647 5569
6946 2161
7919 4984
6208 6541
2090 1586
9982 1493
852 3801
1090 6304
8460 3598
2725 2767
6407 5865
24 7604
6800 7622
4897 851
1342 7758
9727 5652
4503 1129
2025 9081
6398 5588
5226 1137
5740 3598
6211 6502
6972 7755
6669 9690
6389 9334
1942 7396
6792 1980
1089 6802
3155 9277
2047 4845
2193 3333
4725 2876
3721 2067
2411 6308
51 3489
5532 6489
5063 4784
2402 7866
3284 1321
3833 7087
381 7465
2465 741
2352 4290
210 8582
761 1757
3123 5255
9334 4887
2355 4623
6218 1399
3470 945
3360 6336
4804 6989
7038 901
7470 6777
5270 4006
5881 5495
224 4279
3906 3821
5588 5882
6231 2925
698 2087
9272 6945
1484 4754
4865 4106
3372 847
5090 6347
1355 7098
5280 2189
5666 8160
1636 1495
7955 343
3559 4622
7396 8923
9662 2203
7118 19
8658 2880
7845 29
528 2236
7927 1198
8775 407
9115 7923
7480 6893
7894 9594
8610 5020
3194 4419
5686 7691
5651 2961
9156 7576
1892 8429
9039 3139
7376 7372
2192 7384
4469 3904
4821 9963
2701 4697
2093 1094
2824 4819
4666 7766
9926 6043
16 5369
1364 4850
5357 3354
1253 2791
7940 1817
9695 7638
6460 1996
4019 140
3986 8268
9407 849
8043 1914
4948 8595
9996 1498
2864 966
1957 9377
3166 1014
1863 731
9262 7746
6975 5623
9493 5480
2443 1676
447 4674
8496 6610
764 9539
3068 2208
6934 1025
7776 5833
635 2617
369 3720
96 1755
4593 1168
5816 4986
3588 7675
3708 5430
9568 471
7659 4863
8133 3945
8 7358
6578 4099
1261 6439
2693 9645
7624 2695
6541 9497
9675 9667
8937 4825
9255 1954
4042 1859
6788 2494
4438 1092
1213 8874
12 8424
1005 7584
2777 7743
9567 9647
1247 8877
2200 568
5083 279
2636 9169
4178 9142
9091 1307
249 7139
5856 723
9933 6935
5482 7697
5216 985
2547 4037
6756 9590
6015 3146
5850 5145
5518 5093
4503 1572
3436 7229
3958 7038
3043 3990
6556 1793
4758 6902
208 6560
8649 5506
7683 4078
6556 4659
6643 1161
5868 4299
978 7872
2279 4660
5631 6526
871 3194
1089 5775
1651 9808
9215 1459
2723 1239
7932 2085
3665 6198
5947 5425
8850 7973
6385 3125
9994 5497
6412 3765
6537 5758
4427 4552
6960 3278
3107 1590
6859 7349
3270 8910
5169 6471
953 7920
4734 5414
4701 9804
8938 6187
7403 4701
4166 4540
6736 2036
4164 9534
8537 4362
5314 1525
1036 9781
2741 7280
2741 3946
8965 1945
8451 9820
702 5462
3854 6645
5981 5045
8261 5452
8270 4744
7303 9959
7608 513
6934 698
4072 6397
1948 5164
6005 8298
2268 3307
3920 8597
9783 4599
7083 9641
7558 8069
6073 3529
3698 4240
219 2893
6977 2801
1753 5876
913 5088
5734 9872
8009 7689
8281 4442
7386 8480
1598 9995
6783 2916
2136 1653
2263 6870
7965 6317
2624 6759
5849 5447
4412 7392
4015 9500
208 4210
4131 2562
7275 7937
9685 3831
1484 9013
1655 5273
6859 7810
4574 9597
5139 3422
6908 4712
2666 7888
7951 1257
8580 9034
9694 4334
2118 3952
8324 4031
3900 5836
8330 2062
2846 4386
2236 966
3899 1735
7490 1554
5337 3660
5712 2393
5381 3865
5848 1694
292 9792
6656 5427
3362 6761
2263 6105
797 5482
4301 2065
4576 6763
9628 2673
2816 2610
1734 4784
5395 2923
3321 3079
2299 1489
7203 545
7904 7612
8068 7660
5539 6766
4271 8927
3727 7382
7697 8290
7117 9574
196 7646
1342 7427
3342 2131
931 7827
3192 3956
717 6471
3392 3749
5710 6331
2458 2031
5646 4314
2033 6975
6827 8856
1594 7603
1379 993
2379 107
2530 2412
8452 8270
6357 8803
7987 9121
8106 6514
4826 2560
3067 1308
108 638
9037 8670
2536 6607
4311 9270
1793 3671
5975 3823
833 6921
3108 7221
2179 4074
4231 1980
6273 7601
4890 7142
4418 9046
6842 1074
4801 215
6611 5600
5746 583
5958 7525
3177 1159
1355 5162
6329 7796
2513 6412
2741 8227
3338 8397
7062 2752
2342 6850
4670 4487
275 7561
4614 1118
611 7055
4678 8652
7719 5208
9156 813
6863 7759
781 9160
8306 2061
7812 9124
5445 4738
5262 3524
4905 2935
9394 1506
7336 5451
6523 9612
1480 2636
9405 9903
224 8155
5757 1724
2258 5705
2885 3638
7821 7474
1930 5371
5509 5508
8866 9966
5471 3346
6395 8468
3846 4586
5656 6145
7240 1412
661 5437
5006 3889
4165 9073
3743 9117
6198 2248
1646 2058
6248 358
3010 558
8673 9033
8993 5901
6797 1677
4241 6399
6957 9982
5679 6156
3259 8808
3609 1476
9715 9686
3277 9888
5589 8771
8908 7502
8170 4448
5644 1161
5819 5188
4154 8049
3832 7067
8872 2525
9473 8446
6799 8112
2234 419
475 9820
7187 5463
3025 2218
5869 2248
3584 9881
4286 6020
1266 3624
7141 8949
4745 7051
2158 9782
5469 6383
7937 7634
1748 8191
8101 6888
2562 5776
7690 9129
3126 2928
5181 3132
4457 2586
2664 5621
4203 816
8868 49
6289 8461
2232 4065
2840 5777
3617 4011
4371 152
4141 5586
442 4029
6731 6725
4475 1800
9324 9396
1163 166
5993 3534
7258 2711
3753 8830
8998 5730
8647 6200
2320 3074
5660 4425
5719 821
7465 3612
5301 1461
5505 7349
4723 9996
6183 4081
6887 2712
7413 886
4719 2546
4983 2118
8161 6702
1366 3996
1724 9436
240 8764
2590 7259
2073 6273
8690 568
2552 1955
8546 1922
4768 5822
7211 1690
9081 6090
1075 4240
5107 7644
3317 321
2277 2287
3485 9362
5278 5008
4018 6568
8978 9712
5399 9499
6377 7507
7737 1411
851 4667
2104 4232
6587 590
6380 6060
4296 7053
6388 4162
5055 8616
1861 3051
3907 6552
8709 4161
1619 8053
8818 4926
4548 5950
6188 3318
1708 3767
2849 6669
58 6885
4437 4917
5060 8446
8883 6923
2123 3812
3642 9777
5152 2192
705 5188
7740 2183
68 8240
8971 4027
591 7154
1643 6965
5907 2862
6973 4179
1462 6732
8262 4982
7275 4999
9808 43
1627 2388
9338 3934
2642 8809
7488 6913
7309 5356
1125 750
972 2719
5784 6389
6573 6877
2253 7406
6447 1545
4121 1410
5391 8105
2625 1723
6594 6546
3875 8880
295 3138
5315 3692
7803 2032
4671 944
4000 9217
682 5923
1165 8678
1025 9441
7450 8496
5927 4630
6702 5141
7426 5388
7188 5336
3600 9891
5767 1042
5155 6983
5758 1376
446 7976
7299 4100
1302 4480
5349 8054
344 980
6447 2656
2273 5601
650 5590
4857 2891
7681 2688
3655 2700
7279 3980
9616 9762
5625 6516
6494 3766
1248 9956
8706 9946
910 6753
5 1699
1823 2371
3963 4735
2572 8110
9065 8434
6203 7512
1237 4480
7449 1838
3886 2470
191 4180
8251 9808
7855 5488
8783 7678
9687 8498
8970 7480
4456 9856
3828 5168
235 5405
4169 40
2849 2490
5166 8364
2141 7077
3426 8285
2849 7440
3832 4754
5281 92
2381 1328
25 5722
7205 8790
3627 7168
6835 9393
7083 1790
3352 4889
1590 6010
2857 1238
612 9094
4845 4847
4905 1725
5464 3749
5710 9886
755 6597
373 403
5003 6321
1728 6455
5899 6702
1473 6097
9564 4225
7211 3847
7526 4785
3439 4527
6225 2767
8737 7561
9767 283
3266 1568
5773 3807
9145 9121
6218 4413
2424 7941
4994 3128
4362 2744
9260 6639
8241 1649
1271 8223
5582 1637
1881 5240
3107 7291
1629 3778
29 2167
3600 111
2759 398
2541 1863
1798 4233
8658 2781
6597 2118
7826 1863
2639 4736
1523 9788
425 8460
5070 6837
2841 246
6900 3719
9858 708
5179 814
2565 3955
6371 9309
3175 6149
6127 2868
3345 2253
6687 3754
3758 8925
6855 7289
8733 2957
4787 3947
4359 7365
50 4793
1403 9683
5825 1388
1676 5891
455 6212
2815 293
6090 3203
8099 1572
177 4804
8731 5116
5437 2682
9607 4029
3389 3145
6636 8779
2632 8655
174 5974
4412 2336
1044 2032
7933 1689
8373 6475
6698 8005
7750 8050
7431 8768
3234 780
1113 2328
8190 1922
8574 6490
2535 4983
2245 2663
7970 8168
834 6931
8582 3781
2889 2833
1477 5680
8045 3546
4175 8564
8964 9281
4851 2640
6081 8162
3340 6965
4552 8531
5900 5345
2632 3256
6727 488
7923 5359
1424 6184
6144 4425
5261 9540
5962 1153
825 3407
2597 7370
7363 1847
573 1820
1236 9280
9486 7171
218 2903
7652 5926
7911 7669
6779 1931
2356 827
51 3857
3725 1010
1314 8475
8752 7736
2414 9326
8942 6992
3517 9295
9106 3033
6709 5361
6639 7011
2490 9015
1574 7471
9617 8991
1319 3404
442 1446
433 71
3465 8631
5627 6795
1630 1030
6592 429
1651 5701
7763 5584
6054 2587
3630 7622
300 9797
9016 1892
8121 4420
9701 7050
3331 5644
6005 1649
8651 2490
394 9850
3999 4965
8124 432
1075 3277
6451 5053
1156 2825
7908 8720
6187 3223
9617 6558
1555 6104
3458 4909
2922 3546
6689 2834
7662 6641
4247 3110
8539 5517
7008 3327
9024 7243
1981 4653
3690 2218
3288 7631
7395 343
4321 6490
846 8841
3152 5868
237 6667
5435 692
212 4264
5789 8712
1915 4644
3154 9657
6989 4920
9323 2466
666 1633
3308 8221
7237 8224
1556 4031
2622 6811
8814 2235
4787 8288
6460 3535
518 5215
6120 9424
4641 7729
2260 5763
2336 6940
8223 8532
939 1107
4549 9188
3280 6382
9362 1711
6824 3301
2573 6372
5024 7132
5745 7203
1564 3998
9721 7964
2804 7854
2218 4443
7368 5503
5111 3576
2608 8972
1906 914
3676 2725
2175 3286
5587 5697
3245 442
9986 5738
2808 9498
8855 4290
2772 4148
971 9582
4712 1144
3947 7330
4974 5386
3483 8672
8617 2121
4566 1887
3133 3932
8889 7096
1363 6067
7336 3833
2064 1951
9670 721
4788 6501
9323 2745
3955 9745
1111 2222
3022 7895
7351 7386
8616 7910
6485 5832
2191 4072
6217 6629
5328 6118
7785 1106
3990 1907
634 3996
2841 4458
2013 9309
5530 8322
8898 6352
731 4201
5607 2464
5895 4786
5017 6375
7417 6097
1769 1657
1734 6693
1709 1457
2531 3016
6166 1593
3495 6798
8535 2909
6786 7952
4570 7935
8954 5040
4771 8015
3770 3217
3204 4305
7867 6850
1494 5522
6061 9616
1208 3104
4417 4450
7069 2958
9642 2455
2491 2581
5178 2827
9917 6868
5000 2469
6148 5542
9766 2267
7725 9409
3255 5986
2219 670
9975 243
4856 6143
9195 2560
7084 5906
9899 871
904 9825
5223 3924
75 6017
8695 3615
6937 786
7668 6752
9713 1104
919 7729
6165 8909
7198 6762
9496 9493
314 5177
9536 3297
7499 9153
9226 6185
8991 1930
4713 4240
6458 3321
9173 1475
3713 6854
4731 2975
5816 3954
4092 4142
1793 8396
6642 6067
2992 2177
3017 7188
9310 9745
9612 4496
1653 5532
7310 7267
5184 9670
7967 7256
900 4997
8276 8393
8971 4329
4783 6913
1303 186
7739 3184
1015 3227
6286 6655
4258 2210
8775 6132
9557 8102
7879 8455
5458 7554
3154 3425
8262 1350
3313 9560
7030 8249
2664 9314
9490 8731
7525 9504
3641 5215
1963 1446
3418 9899
7966 5957
763 9480
9691 8175
4737 5292
2657 1128
807 1658
1800 5770
7150 4563
2732 1734
9149 924
3126 4010
7777 8118
5040 4411
384 2085
7924 6646
311 5033
8994 9611
1467 9908
7876 7895
6001 3501
4408 6115
140 3165
9413 665
9089 2894
7148 2878
6478 3217
110 4631
2297 3546
8694 8956
5610 1025
9738 4946
6119 4950
1569 9463
3472 1367
5893 8234
251 9717
272 2119
3583 7133
8672 1816
4590 2554
4643 169
9525 4799
5165 7578
6011 7711
7250 2411
365 8277
2127 976
254 7
1811 3688
3934 2761
9945 3011
1361 2497
5894 2674
1360 1218
4160 728
2094 8366
7461 6866
7182 4756
6570 5397
7463 1445
6134 7698
1673 7854
2410 1418
7131 5504
7251 3543
6395 9004
9114 1579
5169 188
9808 4459
7480 7226
9101 2771
4945 6208
4015 2644
1037 568
2249 6821
7032 7324
683 6697
3539 4602
7373 1127
5359 5362
3468 5110
2348 8146
6016 4223
3823 9289
1313 3600
4968 9048
1048 7501
309 7783
2161 8312
4288 1913
5189 2535
9103 1555
2627 3154
3500 1483
8701 5593
734 4187
3227 6237
1254 2103
3136 3436
9664 6536
6942 3857
3708 4623
6225 7199
8181 1968
333 9391
7931 1811
2196 6161
9233 2125
399 4331
1258 6783
2410 5922
6229 3882
7538 154
7218 2242
9157 2591
5293 9874
6827 1222
1337 2811
1633 37
1987 6516
1311 7600
2658 9087
3877 7337
4004 6975
5579 4846
9199 686
4003 3416
4978 4378
4476 5516
9185 3767
1138 3117
1922 8750
4990 6484
4621 1806
7204 1273
8901 2031
2233 9832
1203 4785
641 6197
3190 6923
3475 4765
9395 4323
7526 1351
6718 9826
4827 7251
2986 6944
2376 1690
7987 4851
7578 7698
9164 7846
9782 7958
6924 1648
919 6537
2332 6095
2875 7056
721 8909
223 2159
2890 3921
7160 9227
8038 1378
1054 6216
9602 3181
6559 7150
2653 3450
4544 2800
8780 4676
418 7048
4001 9922
4547 7105
2913 1347
9077 1662
4779 8078
5098 802
6175 1882
574 8904
7326 3649
2840 7304
909 2059
3487 3302
6762 9313
8307 100
9376 9944
7073 4298
517 4564
3764 3816
413 980
5077 4605
5857 4751
5115 9129
4405 9297
987 2830
1545 7577
3390 8194
7207 1811
306 9244
6091 6726
4912 2778
913 7024
2753 3039
1589 6283
8540 4399
2095 8918
2612 2570
2974 3175
5184 4916
5310 1898
2824 1276
7401 7447
2944 232
5846 225
7090 3911
7867 5087
1385 9623
4469 4865
7931 4242
2730 9764
6369 1289
4681 7056
4138 4513
1405 7951
3265 2673
4197 5221
9455 8028
1612 1808
846 4448
6749 3128
5521 232
796 3426
661 648
869 9727
332 2254
4836 2444
4301 4374
9297 9664
2560 2385
852 1067
1880 9021
9967 5500
9839 2905
9768 2692
3922 5747
8708 6846
5306 2319
5976 258
9315 9285
3684 1567
8283 3465
6137 126
4627 3156
5498 2730
4058 2987
8646 9535
8896 1651
4340 3803
1535 467
7019 8686
341 2607
4692 7909
1327 931
7629 9208
4133 4878
5571 3991
5556 4310
7249 523
4055 1842
2592 557
1025 5483
1731 4236
6625 287
6135 8059
6208 319
107 6353
9278 2805
3704 6625
4769 5085
3839 2579
5324 6258
6629 9943
951 4256
1404 6451
429 5958
8246 1143
9111 4175
3732 9083
566 6331
6014 288
6610 7075
3483 1974
2692 25
2149 9961
5336 6317
6950 7617
545 6918
2288 4819
8085 1265
8883 5361
1499 7515
5618 3030
2767 5679
3209 1280
919 7586
2309 2099
2959 3272
7383 9646
8291 124
6660 343
6299 2630
4401 3956
7338 6573
5203 8884
129 676
4717 6889
3353 4722
3319 6931
7505 9676
5669 4201
6779 10000
3876 2363
15 8541
801 1962
7962 6068
6090 466
2843 3248
8277 9736
7896 9178
8229 76
9090 8732
1472 29
6813 8958
4190 1426
9403 5840
141 1906
4553 5893
3741 9356
1608 3536
7856 9199
5031 6173
7693 251
6338 8465
5676 3567
2922 8652
9388 6307
6026 2089
3038 3444
4496 2381
9967 3429
4004 8143
5119 9063
809 3676
5591 6356
3938 1398
4931 4328
9869 5530
7653 8735
6970 7158
9813 4112
6528 7193
1590 7102
2462 8795
2016 2732
5551 5107
7524 8940
5394 8416
8664 2883
9169 9357
9992 5021
6230 2033
243 9354
5136 9681
5676 1038
212 1414
8880 2404
9390 7340
7559 5361
9597 9801
3172 8606
1356 9259
1591 1597
5367 4748
5458 8572
8615 6158
3385 7252
9801 3478
9439 7835
5841 9240
1736 8010
2180 6587
5382 5102
5967 4419
2158 9118
4730 2578
2746 6289
2661 8961
4381 4054
6895 6054
7650 3602
2024 7963
1412 6506
196 7986
1438 3975
5649 5112
3247 5818
9471 5433
4585 2417
9577 3734
7608 1068
8979 2678
8679 4388
2906 6411
1035 164
5499 9558
4037 6503
75 4553
1165 1028
1986 2806
5273 8691
8936 5536
9778 3385
1318 1755
6126 2220
8619 1075
6438 516
9144 3221
929 9991
5212 1324
7509 7885
4032 2908
8074 7241
673 5286
8133 7069
3716 931
7062 2130
9753 9941
1347 1613
7828 5044
5361 1658
5790 5990
1550 213
2629 8363
5264 7378
9904 6951
9395 5003
9992 6371
2843 4723
7595 3341
6417 6620
9419 2786
514 634
8681 8429
598 2383
6491 3031
6542 7734
7898 6142
5258 2299
8560 2030
2580 3297
4661 6229
8322 5919
8608 4073
1639 701
6513 515
1017 7526
5171 3738
3815 1994
2412 5847
3513 1453
9690 1151
8106 951
391 8048
8880 9884
9212 317
127 5001
7851 7669
7013 9408
6359 6156
2016 696
7948 9815
137 9091
4543 9202
8306 9240
731 3219
3998 858
9957 290
248 2872
1225 5721
7148 251
6724 7871
5214 5479
4261 1470
719 2515
7077 7826
8561 5005
2771 5588
7934 1288
1766 5547
6217 2999
1267 6662
3018 7379
4791 3505
7572 7543
7501 9559
1445 2569
9104 2528
340 8111
186 5021
6547 1167
8273 3584
5680 7332
6549 7857
3852 1979
5722 6423
9598 3607
3942 4358
6019 9871
3323 9916
8043 2949
6720 6763
6104 3665
4029 4588
3149 6196
8121 6386
543 6156
7824 1826
2125 2956
3078 5821
4052 7384
4208 9019
5369 8095
6131 1632
1270 7855
3148 8900
8885 1966
7902 1400
1588 840
574 34
2953 6008
5050 4868
1886 909
130 2510
4097 8608
6368 6651
7245 2571
7823 602
9293 4890
4586 1173
6448 8479
5649 2145
7627 8584
2507 5727
6793 1965
710 5836
9798 4494
9263 2997
6076 6512
5946 3151
1486 8601
3711 8543
526 2496
5298 3398
6400 4330
7792 6224
3959 3020
1954 7178
9176 3209
4436 5659
4311 1581
8399 3695
5742 9047
8760 2215
3350 5762
1917 9339
1571 5626
2659 9452
8173 9330
9934 3861
6587 9751
1102 9704
9740 5365
8121 8694
9834 9528
1718 1430
9912 4248
2815 2883
6085 7686
4193 881
5528 9795
2441 8506
9600 3423
349 1449
1464 3799
450 5956
8198 7966
6591 8705
6613 8739
2166 1935
3739 3249
4769 6265
5250 9653
3089 0
6827 9502
1209 5007
7399 1702
130 3340
4813 7874
7734 4358
2595 3996
1250 2332
9872 5089
3162 5799
6591 4572
6408 5899
8191 642
6617 8786
2621 8167
328 5772
9884 6838
1351 1519
8453 4391
7496 6285
1923 3727
3217 1762
755 6221
6560 1843
7107 6877
7411 9755
1294 2396
8043 7723
9274 8662
1834 3469
7224 8160
9441 7697
9064 5250
1377 9419
3346 2254
2408 5218
7568 7132
7858 8724
1582 6087
985 8392
1158 9145
4913 5067
925 6903
760 7795
1827 8157
5767 6493
9692 326
1887 6332
4103 3760
6308 9736
8970 1487
4056 3994
5566 3466
6277 6035
9943 4654
6903 699
9770 5058
9084 2577
9858 344
665 3544
1247 2332
7083 5756
7214 2559
2968 3336
6437 2548
3088 3114
1772 6008
2114 6465
1539 6348
3615 7074
4681 3007
9042 1354
8647 7785
4622 2440
8577 1686
9253 7188
1935 2828
1752 8013
8356 731
3542 8842
3601 9269
5535 9261
9016 5115
3003 9647
7625 4207
3177 549
4027 5787
6243 4830
6605 5442
8862 7082
31 307
2383 2694
9279 4670
4042 9504
5615 5089
5161 6169
5250 7743
7008 1060
727 3231
4237 164
2859 7385
2752 9337
4478 6884
6746 3010
25 6974
6650 7838
8242 4984
8857 2430
7392 8405
8556 7193
1575 9101
3779 1353
2051 5777
4231 7542
6873 9611
7166 2348
4774 7411
2441 2702
2836 7523
278 4052
7169 1463
6381 7613
5056 968
6182 9981
9694 8062
8019 2411
9268 1114
7488 1715
3376 2531
4251 2095
3955 4327
737 5449
8053 1037
3492 1832
5449 6782
5284 1766
2566 425
9125 2044
7479 5118
2797 2864
779 6251
5545 4211
4607 7656
147 1760
9892 6406
7610 413
3280 5279
1418 7453
4624 2580
8895 3849
2973 9345
1134 9441
8760 9000
7552 2558
4013 2225
5758 2486
4366 2854
9944 2517
8560 4171
6847 425
9720 8861
7917 5247
356 3445
4480 9412
9177 6829
7844 584
8724 8834
7289 6576
3945 6596
3944 7515
5767 3994
4947 6613
3701 7596
8417 1377
3192 4407
8372 7446
1327 3461
4313 4281
3028 9444
5099 4173
2472 5805
59 9526
1886 4936
8865 9468
26 6122
5831 7137
1411 5917
8592 3765
6481 9003
7166 6385
3257 4176
8417 6042
4566 8869
5457 4516
2644 1266
6666 4403
4922 929
4812 8568
334 3939
367 6545
5916 3290
2589 7476
5637 132
6148 5794
8280 1435
5333 6739
8922 8662
488 7126
3368 8372
6469 4727
3309 6523
89 9773
5433 8889
9426 2694
5866 1428
4945 7110
703 3019
1636 3267
3235 4583
7765 170
8073 1149
6685 7751
2607 2795
7916 8692
1747 3742
7506 229
4408 2496
7495 7274
1119 7191
2761 4640
4169 3264
9542 355
7083 3803
4171 5525
684 3224
8009 381
1757 4939
8434 6897
5088 9269
5690 4613
1209 1903
2170 8819
7058 9796
1910 3473
112 292
2476 3961
9704 643
8931 666
568 7432
4034 7773
4172 3279
9953 537
5496 7165
8092 1743
5526 4903
1642 6378
9016 822
3681 9925
4433 9406
9953 1413
9618 123
5152 4007
9887 7691
4780 6743
3003 5292
8809 5112
4151 6309
6981 2991
3847 5070
8330 4969
8247 8606
9224 189
6971 8690
1389 3395
1080 5314
6194 2995
3774 6354
6360 9250
7273 887
8609 3571
3169 6103
8877 9136
9220 7044
4959 4397
1358 6363
1820 26
8411 9920
3507 7921
4494 1405
3344 2509
589 3298
2619 8056
7363 1165
7729 2051
8040 5877
7055 7732
8635 1448
9375 9447
7814 9116
8408 7663
1500 8008
3171 6080
40 2035
6514 3333
7076 9413
8486 1603
2046 5874
3106 8187
5390 8520
9659 3948
8355 3424
3045 870
3375 6499
5026 2446
6599 5069
9733 5697
484 3503
3025 2434
9884 9543
4027 2066
1225 4241
3407 6522
3026 9643
7443 7805
9782 9568
9374 9809
3928 4768
3628 849
3542 3925
9864 7555
2458 2555
6112 9546
430 6674
5434 4500
792 7727
555 3825
3005 7522
9244 1917
9512 9795
9071 8368
7693 7065
8046 9683
4634 6494
1286 261
4878 3435
5174 2444
6656 969
6130 3631
6227 3583
6544 1590
1089 8216
8840 6068
9780 8270
9576 5301
414 9706
5045 7271
1286 2177
8030 1131
1485 1365
3436 7555
9845 617
510 1493
4291 3098
3355 4547
9546 6461
4548 1427
6490 408
3792 371
5885 6437
3003 3995
5173 8764
6989 122
5523 1271
5550 7926
6494 9238
5009 371
891 7385
48 9617
1050 5896
3140 1864
3016 5042
9304 1141
7585 4197
8890 7949
5627 6030
5612 902
3158 9926
6362 3382
1495 9165
6660 9169
2902 6927
7297 367
4107 605
833 4464
645 2023
6807 8402
2610 3971
8923 9198
3019 9364
8724 5850
1215 8201
6391 7393
2484 375
1986 7546
5307 6227
3504 7346
4746 9456
8136 7468
7427 4617
1079 2457
8567 6482
1571 2591
2475 6882
4935 1118
3240 5898
9769 4052
4839 6076
536 8282
5013 2643
4321 2673
5676 2621
4855 7875
2314 8286
7867 64
9177 8944
6802 7177
6466 8548
230 611
7124 1643
7871 4160
2025 5964
8797 3396
566 6601
6575 9060
2130 918
8394 8827
5956 7962
9301 9692
4681 7349
5942 1637
6440 5480
5934 5315
6740 8662
2274 5450
6787 1057
680 3931
1798 4749
6878 191
6819 6347
5850 9493
1653 9747
9955 5146
9418 835
1933 5417
8131 3781
9023 6792
5881 6596
6672 4242
7685 4178
6376 1882
637 4873
4419 5998
3466 9008
3127 2601
9871 7953
3910 830
4401 5607
7980 4166
5751 8957
9959 8317
759 9733
8073 4845
1009 6914
304 7485
8815 6007
8981 5028
1552 6409
9641 2157
2106 789
7163 2848
6231 3026
9731 3687
3769 2644
8897 4896
8541 8429
8766 6160
8419 4492
7177 5749
94 8258
8328 6364
5248 8055
6070 2599
5920 7726
5126 9616
2239 1601
395 4965
5720 3628
6831 9717
4863 5774
8966 5787
5818 739
7445 2996
6700 9831
9954 7767
8922 6389
8719 3231
2532 9636
3024 3276
8836 989
3750 6188
3222 7591
2143 1622
9111 4842
8036 8464
8749 9774
1755 3990
5358 6741
7790 7364
6530 4935
9217 9226
7891 1421
1133 6635
8223 7550
993 6250
2305 9313
1526 4273
833 8597
4324 8881
1149 8465
6412 897
4035 332
3972 4606
9341 5385
5755 7833
9296 969
4137 7852
5311 4648
9032 311
1247 3714
5376 6185
6175 1807
4142 1736
8014 5610
7755 7669
5023 1491
6113 7241
2444 6381
3282 3401
2719 2468
8857 1708
4197 7072
1126 844
6409 122
2920 9589
1281 128
4701 7810
4140 2035
7844 5663
6155 5012
5732 769
5448 8847
45 1572
5852 9647
9419 1015
6990 4939
9936 3584
9710 6538
5672 6444
7855 2785
6229 8115
6969 4109
385 249
7317 7166
7918 3942
8364 7462
3792 8282
2998 8668
3934 5575
3938 487
6444 2216
2543 7261
9047 8046
8896 2123
1597 3919
6186 1563
2370 5328
7712 42
9747 3289
2532 6033
6780 1999
9441 9708
2755 2335
5025 4596
3652 1641
1378 9422
3698 1619
909 7027
7820 3957
9450 9307
5218 4520
786 9815
3150 2429
6636 8362
9244 4266
4770 1986
9040 7221
4316 2675
3640 1174
1381 417
5810 4599
4109 7867
7027 8670
4319 1267
1834 177
3260 3334
9806 4657
7134 487
4532 730
125 4752
9963 8666
3933 2062
489 4121
2758 9995
7266 8714
6385 9276
3700 9779
419 5576
7313 4912
4896 5987
3422 2112
5248 8547
7413 1818
3517 2614
6946 7676
5756 9953
3191 4833
7360 8390
7999 3021
2350 1432
6175 4215
9349 4928
4056 5251
9306 5225
1701 2388
4477 8821
6897 6564
5916 4149
640 8614
8376 931
5318 6234
1302 9040
9084 2349
6922 65
1415 4869
2286 2718
2518 377
7913 6419
7847 3832
751 7145
6434 3670
2793 6579
18 5029
9857 4040
5159 6709
7096 2296
30 377
7805 3
8246 6016
3299 348
2143 3017
3109 4469
6930 9599
7505 2450
8311 3608
2733 9829
3147 2396
952 5359
2287 22
4523 6247
4492 2387
2227 329
1187 6926
4780 7484
7447 6936
7664 4271
8912 9552
2695 3039
9820 7929
5588 3067
3308 1684
7678 2063
7365 2303
8980 1117
1288 8239
2377 716
8188 8312
1972 8494
9388 9058
6231 5692
1154 3985
353 9686
5045 2767
805 8452
4899 440
4376 2664
8176 5867
9188 2894
7186 3054
6056 3677
4461 1633
1303 4563
4815 8736
3942 6253
6799 6636
593 2769
3559 6575
6227 2730
7555 586
9706 2200
5497 1731
946 4825
5412 2265
6414 3384
6431 3273
2839 8126
9676 6849
4392 9457
5664 9881
5653 5961
2205 3044
4348 7795
9001 7971
4282 2832
372 7474
7292 4244
3629 8947
44 6458
4142 4383
9603 3452
806 2956
6880 5604
776 2458
3756 6737
2662 2968
6326 7721
2401 5108
8366 5685
9790 3897
8295 7091
7199 4392
3721 6952
2740 4368
1987 536
2710 9285
9763 678
4539 119
980 9661
3209 8927
9043 4174
2511 38
5141 3593
5556 4404
8105 2392
8070 7200
2212 6146
5708 341
6268 4530
9746 6050
4905 8328
5782 3995
1410 1479
817 9273
4536 4989
2563 9702
9518 611
9009 6584
531 9818
2291 9443
9575 9054
6872 3886
518 5618
996 9847
7272 7514
8752 6288
2157 1112
1878 6606
447 326
2516 589
6992 4512
9138 5683
7104 6802
4796 702
2151 9852
1190 4724
9240 19
1244 7823
513 6442
8284 2451
3562 6469
2510 1622
630 1266
8372 9858
2738 8963
2377 6288
2206 6960
198 7267
9513 1792
5714 9076
8168 5324
5570 3061
9411 8688
449 9217
4919 8574
4196 2423
3132 4918
6797 4238
2997 8261
3667 7013
7566 3870
6810 1752
5192 5996
7608 3851
1601 8535
9592 9713
1403 6474
4892 6568
2611 9782
7270 1725
6942 6231
4958 2725
2188 3166
6099 2127
2480 7682
4613 8291
4960 4819
4823 4555
3573 8260
4527 1947
3344 9659
6379 9624
831 5741
483 2153
5123 7052
2711 9861
1376 7138
9224 9256
1624 9136
8952 4998
4535 9102
5519 8913
6908 112
7759 4079
9086 1760
5056 5299
4855 4669
9520 446
5880 9876
5572 4981
1384 7086
2208 7816
5446 9461
102 8148
398 6824
9377 8488
5465 341
9506 1363
3090 123
7732 2648
6566 5598
836 8248
2558 3949
8005 7026
9786 2650
1820 1566
9035 8099
8837 814
5543 906
403 3990
7028 8047
5837 2102
6256 404
7293 912
54 8299
4976 800
7762 5167
3713 317
7837 8741
436 5492
2787 3317
583 7632
1392 3967
2113 7178
7095 7941
1768 1514
4093 9720
9463 8902
4780 7450
9626 5225
1884 1134
5936 2681
6185 5874
6909 3581
4210 6890
1829 8608
9313 6148
4598 8898
6226 23
5874 8888
8900 9936
9742 2395
8409 3136
3304 3043
803 6324
3212 247
8542 8171
2713 1556
7624 787
6007 826
24 5159
1808 6318
4384 5600
2532 5700
451 8002
3628 2783
9809 5119
8512 5240
1346 2225
4071 6982
7091 1774
6000 5990
1476 9184
572 7728
6342 5352
4777 166
8934 4995
9695 7803
4890 9808
8186 6462
475 3375
5025 9300
8014 1957
1622 2165
5710 8791
7265 6102
1690 932
3990 8037
2644 236
4956 8530
5746 1458
3155 1144
4219 1865
4948 7841
5700 4696
3506 9309
436 1118
1527 5594
3666 69
4115 8629
9506 3199
7132 5276
4965 9163
742 4632
4852 227
3023 7296
4774 6296
9554 4316
3771 7988
5976 1520
840 1186
9988 9213
8251 9785
922 7991
3415 4604
857 4132
8354 1873
9299 7313
7444 5996
8007 4157
8708 6804
1808 5671
3701 5377
1346 3325
429 4389
2826 6898
1925 8756
5991 4027
7672 1951
3278 5982
9552 4290
9690 7026
5098 5206
4116 4841
1986 4742
5316 2417
1165 5021
5014 6563
1359 1842
6439 2630
1582 10000
6759 6517
8181 3497
8903 3286
131 5039
3732 6123
6048 1868
6818 7711
3909 3474
3751 238
2479 1756
7060 5761
1137 6165
2103 6125
3796 2580
1474 1902
6026 2055
787 3529
973 8764
4141 3585
2033 2023
3629 3338
5991 2585
2275 4139
3942 4050
4557 8039
7847 3127
9215 2030
8609 7963
4759 804
4869 698
4336 5443
9385 2994
3691 852
4066 9249
518 4231
3974 8260
6865 8628
3143 891
3503 9659
345 8005
5299 6234
4969 8020
4262 7063
8798 1354
2077 7147
503 5298
2627 3987
1686 8543
1585 7469
3255 6659
9314 7867
5486 3723
2211 3495
3126 5004
2943 1659
4271 2089
8721 4632
9645 2957
7382 8763
6234 7169
4018 5996
2708 2129
1200 7511
8452 9292
3301 3793
3524 6137
4332 8522
6272 1568
4779 480
129 8966
7339 588
5290 3555
3765 9677
2219 7559
5111 7125
6584 6380
6257 9926
1451 1423
6285 8105
4623 6229
3957 316
4448 7805
5725 5427
8592 2289
4213 3938
2466 5145
9310 8419
9239 8306
3743 2844
8857 9746
9984 3417
5782 2840
8545 9187
1122 4981
8580 6536
4522 4323
8968 3622
6671 5212
4518 10
4593 6239
2855 5660
4995 3423
3615 4533
6813 3714
3081 1938
1803 7725
4924 7993
9175 2317
2483 9232
2141 6532
5623 2892
5450 5658
101 798
8365 1425
2529 9050
273 6349
7694 9674
2889 1893
5915 681
756 9653
3209 2173
4592 8723
4760 9984
4260 5932
8913 1098
9741 5255
5990 3369
4102 4051
4601 2807
7173 84
5099 6669
3072 7854
811 6273
5149 7659
4700 9675
7020 271
2235 545
7117 6170
6310 9512
4554 6421
7162 2472
4451 3415
8848 7568
6743 6461
329 4194
2582 6935
3076 2680
9385 3928
5524 1223
3464 9182
6378 4968
778 3551
6940 6442
8239 8684
2472 407
8088 9500
1793 5869
6322 2093
3048 6830
8076 8887
922 5466
8854 7082
4550 5366
2955 6184
834 7323
3998 6502
5656 1640
6419 8261
3232 834
2725 9217
8687 3675
2438 7689
9551 1942
6903 6759
6681 7403
1487 9988
7958 2162
5912 987
3773 988
2182 5214
1861 6074
7016 3982
6255 5073
9860 8529
9559 1798
7198 529
9948 6187
5695 6315
4312 1128
8727 6120
9629 4798
752 416
9524 663
7317 6398
1245 2969
5050 4120
1754 8980
6439 7502
1060 9068
2759 5606
705 1471
1535 8386
6994 740
1862 1385
7201 7075
817 5084
6720 6826
2897 8171
4893 2073
8271 5922
692 3821
3820 8698
4036 5067
5526 2073
3248 4855
6765 1597
7076 626
533 9978
4986 8423
8327 1072
5379 4540
5912 9702
7425 7082
2752 8079
315 6055
264 5695
692 8692
575 4247
5106 637
9125 17
8292 2957
8746 5956
7241 2719
8345 9022
7461 7154
6418 7518
9799 7375
8820 352
3703 4690
9730 8574
7814 5700
9897 3132
9791 5840
4940 7792
2402 7605
5328 9357
5093 1622
7771 7376
8894 3795
1880 8590
1824 7151
972 5803
3550 3221
9748 4926
7889 610
7600 7983
2535 9177
8977 7078
4419 6615
2449 2662
8 6986
1966 1291
3429 2067
5257 5860
6149 9385
7471 926
3569 1450
273 7905
843 9598
29 3628
2885 1032
3628 6380
564 1211
4865 205
9005 4052
7488 9656
3734 7828
7292 7087
869 3273
4946 4754
5454 7708
2578 4352
8264 5813
9698 7424
8582 4154
9827 1747
8982 960
287 3440
3784 6247
2994 1499
9647 421
5366 7923
913 9817
2279 6937
1634 4356
9450 2028
5822 4807
9314 6012
5711 9941
9743 1234
5851 8588
7763 5407
3396 4757
419 4464
6940 2056
3647 4625
3813 104
2212 5782
218 8871
3991 8234
4457 976
7618 3099
9607 8894
9445 7896
6633 1275
1743 5799
9249 9625
8263 90
7494 2723
8774 1470
4539 9022
9653 6511
1352 8915
1958 5106
4795 4187
5224 885
6652 3123
5326 1745
1942 8833
2549 9644
380 9750
2863 4235
9459 5853
4999 8338
4626 2697
1508 8766
574 2395
5409 36
1139 8503
6552 7565
1917 3006
5000 7809
3298 827
5072 7177
3342 736
3783 7969
9633 1954
2211 3088
6334 1771
607 8271
7566 2006
5049 6825
8573 574
9226 9571
223 2479
1271 7524
2783 3752
1027 1072
6443 1376
1906 3126
2452 8728
2035 7103
2725 6843
1816 1127
8927 5948
5767 2111
28 8790
7444 6069
7835 8923
5882 710
6201 6071
6034 4536
8275 9579
5748 667
1064 3595
8213 4568
3996 9821
8379 1303
7558 278
5603 9637
1487 7341
1788 3019
1268 2122
1681 3901
1314 3243
6694 8458
4758 6396
9747 9385
3322 9697
3369 6860
5482 1761
7951 2847
714 5388
2677 4839
979 971
8785 2197
5847 1258
1573 9578
7401 2031
2362 7154
6640 9153
1861 9622
7195 6506
9509 3873
7036 3186
6995 9878
4964 9460
7418 612
9309 143
4777 3517
8248 8337
1868 108
4894 948
9216 4023
1746 5763
7354 3673
742 3257
5003 7918
8993 5407
9813 499
7034 5939
8242 8018
6489 6665
4345 7517
5781 4640
2798 6328
5384 8834
8737 9604
2729 2988
7982 9133
1734 4066
6335 53
9952 2769
4162 6771
3437 280
8046 8369
5225 4117
8285 3526
8272 7743
1908 7103
5151 7419
4130 7291
5156 1389
8142 6283
9844 4617
1810 1092
1003 6140
6396 3329
5129 314
3983 2230
6072 3999
1270 2094
4096 5868
3125 1899
6660 640
8326 459
9770 5033
318 9239
5181 618
6660 9078
9446 5480
7418 665
7001 3267
7360 3320
9475 1292
1161 7380
9751 4875
1705 5493
9667 3995
6672 3017
1724 1727
7388 4285
6326 4124
2850 3135
1898 5224
5991 1526
5067 9162
2031 8050
4383 5931
7283 4743
4172 6126
9410 1475
9521 1698
7850 8588
8059 6908
3513 5380
9658 5158
6674 820
279 2138
8545 6964
3083 7872
874 7586
8789 818
6031 993
6828 5726
2254 632
329 3183
9717 5068
5559 9053
1661 7956
5126 4412
9633 2564
6405 8781
5288 175
6784 5621
5579 5287
2983 2884
6815 5551
8005 1187
3065 4922
7816 7028
3097 7675
4469 4810
3074 213
8670 2511
9870 8297
5873 9359
4895 8893
2826 8648
8659 5313
9679 4324
6735 3464
2147 5086
7151 4241
4728 6869
7285 7959
5651 2994
2583 4299
6977 1489
4827 5135
7655 1830
8445 8237
4988 2394
6913 1147
7403 8434
4583 7774
7555 1003
1020 7400
7690 448
7431 7539
414 6534
2169 5342
5222 2302
5760 3413
6034 1583
657 3184
4473 7827
4414 1763
3343 1386
7990 9504
3969 1901
5338 3473
9621 5836
1241 8218
7674 4916
8992 7938
4036 9860
7690 8847
2503 1946
4291 8003
2916 1714
2388 2637
9791 7119
5132 133
8881 8577
3770 2939
7727 1511
8178 2488
3852 1832
9766 7470
8961 959
8428 5255
6269 6874
656 4957
5188 7733
2270 1889
9945 7190
6422 6846
1422 878
9428 8933
6744 7042
21 4719
7384 7526
2885 5605
1089 1208
4907 4534
8866 2277
7054 7875
498 1556
4585 4484
9547 9950
6447 2227
3910 8191
9804 4470
4951 3584
1068 910
8367 1050
515 994
5878 4743
7200 7900
7955 4751
7280 2315
5945 9352
3568 5681
5869 9187
872 431
2511 9417
7598 2181
9373 1834
1883 899
6867 1072
7563 4206
7213 9354
4278 5350
1109 5583
5571 8201
6606 2078
2974 9518
4724 6818
548 765
5152 5388
2509 597
3150 9168
8567 169
7358 640
3976 5236
1599 8078
3730 9015
1345 8915
4123 457
6564 1299
6331 4111
1911 5130
8038 6388
695 8901
3605 9237
3364 1818
9842 1774
5752 7476
8601 2458
756 8672
7357 3462
4480 7206
5104 6334
2412 920
1074 2418
4512 3063
9967 4939
1329 5518
4290 7162
3003 4088
4915 7576
2496 3309
9869 6058
8468 6326
8873 7207
1571 6304
8553 1385
6759 416
2426 5784
296 3356
447 3269
3663 5664
6311 7295
1614 1301
1911 2019
1228 7271
2851 3830
7103 4622
822 8411
9227 5908
6564 6478
4509 3437
5350 8566
3960 9928
5178 28
194 1937
2375 3167
1603 6522
9058 4844
8485 8572
125 632
5487 9701
4758 8291
6880 752
7880 6289
8442 6221
6055 8580
9195 57
132 8529
9874 5122
6842 3121
3371 262
5719 8236
5312 6666
9189 5567
4030 8443
7596 5115
1403 6901
5313 2014
3567 597
6581 8498
5573 4119
9322 1303
345 5580
8149 9894
24 4502
2717 7769
8667 3156
9599 2387
4488 767
8384 4477
9604 6061
2479 1044
3015 2782
553 6446
3812 3053
4765 4542
7114 3494
1457 4070
7994 9649
2713 5578
9668 68
1427 1265
5923 8223
7420 7796
6051 65
9866 2507
1012 3384
9516 2695
3116 7944
830 1000
3975 1846
7830 417
1656 4871
4891 5018
7149 9122
4457 3863
4902 622
286 8986
3063 8791
4148 5195
4026 6766
8441 4888
7352 1900
9509 6235
6931 8107
674 3114
6694 812
5771 8849
7240 8286
354 4629
9601 5327
4296 8394
446 6153
9860 5493
8028 7128
3007 2865
2728 2083
7233 2168
5704 4137
6019 7791
8361 6773
2030 7336
4767 84
8946 7127
8700 9511
838 1267
1157 9998
6856 3566
1401 7711
8056 5484
611 4841
3798 9139
9688 6832
8379 5074
83 8032
3386 1989
272 4937
535 9246
5355 6704
7986 491
1984 2109
3117 3821
2121 5514
5863 7795
4033 4914
9548 8828
3415 3881
7567 173
6953 2433
8455 7303
5014 1728
8704 2285
1421 656
9867 5812
9730 180
5771 8727
2677 5904
3468 2037
7543 3642
1830 2608
6188 6829
9603 2896
4208 8212
3926 9870
5110 6466
9893 6667
7358 5756
75 276
9146 5450
7023 4071
9756 654
9358 5417
7771 8936
2506 6790
4940 2532
4300 2196
1606 7885
6786 2325
7632 5537
5034 3733
4884 479
568 4221
754 6698
8953 3770
1530 3139
1845 466
9595 7539
1995 7018
6709 1906
8702 3600
2180 9921
1442 7370
1758 8644
8130 9813
674 8812
1517 8351
4964 2130
5064 2622
9154 3152
3524 8851
212 8407
9518 4996
9228 7628
4163 7146
1283 681
2990 3969
222 3725
637 7955
9068 8391
5088 208
7792 1676
1216 9513
5134 9894
9494 8274
4284 6961
9717 772
7375 4720
8871 3433
7959 9001
108 4880
7101 3095
2679 1203
9295 6414
7411 9423
775 9605
591 3019
4768 5083
5601 2582
6775 489
2588 571
7758 8873
4842 6463
4401 6888
6377 9575
8120 9995
5204 3548
6388 5391
4188 3390
4533 2282
3025 5332
5201 277
6688 3398
6984 4742
9105 5356
7254 4676
6652 6697
4783 204
6242 2057
7841 2895
9874 2651
2346 2547
3750 8233
6054 295
5674 7646
6461 2844
7965 9290
378 2078
9651 327
