placement model: 1slider
width: 10
height: 10
number of points: 10000
142 8759
5196 846
8390 6530
8013 1152
205 4993
5352 6884
2621 9311
4978 5064
5898 3381
3665 8857
1527 2306
2509 1512
802 1301
7103 3419
327 6290
1223 5213
60 6421
1169 5195
3990 6043
5905 3165
5467 9356
2193 2564
8434 2714
5064 3972
3176 2757
5668 6042
6410 7742
4124 7022
2472 346
4855 5699
4806 4668
3296 6082
4931 3752
6846 9140
6346 2657
8712 7685
655 8050
6560 7031
5850 5591
343 978
500 8936
9705 2523
1504 3400
1086 1698
1105 8104
4660 2572
1354 8318
3001 5855
8142 2410
2450 9236
3905 6107
1313 2824
7947 5616
4659 6967
2943 4403
6873 4881
8991 5455
1326 4835
6736 4123
8241 9954
1106 4995
4063 2748
8526 2777
2994 9570
2686 9684
6440 2635
9234 5595
6325 301
2570 3972
4035 4098
8457 2602
1993 754
7967 8502
9842 1624
1807 4895
800 525
8385 6205
5354 43
5924 6287
5737 428
6481 7259
7346 9414
3323 4628
7333 5096
8925 966
3709 9932
4722 2300
3156 7161
1549 2713
7345 9006
5393 5252
1201 283
3949 875
2667 9697
260 2774
890 5689
7903 83
5301 1598
9666 2057
5599 6026
7304 6875
2524 8212
477 4409
7041 4366
5412 2357
7264 2603
4256 5260
5894 241
3443 2448
3227 6537
8524 4030
3044 3533
667 1779
1519 4889
7021 5906
7503 6501
3232 3874
7071 65
4042 4277
7149 2351
550 5396
149 956
7986 1894
9657 2565
5550 9428
2722 5753
5419 1410
7983 2637
6467 7243
6883 4467
4160 6303
4761 3471
5834 4092
7032 1918
9577 5438
7685 6840
970 4745
809 2403
9313 5117
5308 7349
7854 9330
7779 1235
6934 5498
5605 1188
2159 87
7873 24
7570 8571
5807 1416
98 6716
2882 3863
1179 7003
7687 4247
8987 998
9043 8635
6604 733
2029 9398
8421 2849
3535 5057
4669 1907
3484 5286
9183 6606
1281 5622
3386 7619
3803 3179
8103 3591
1847 7473
3322 2641
9580 3275
1625 2495
7866 4258
2921 9324
487 545
1193 3207
1143 8200
5600 7126
8995 1814
1960 3669
9954 2953
1894 2987
9047 3206
508 8817
7559 8621
7141 5336
6279 9456
6383 2955
3042 4441
5675 511
6569 1235
9208 5519
5264 7849
9049 8304
7022 2633
2729 5403
3301 9229
6759 5681
5716 6849
928 7395
1644 9502
7311 8590
6982 8083
6994 9663
1696 3059
3816 9601
9552 5938
7416 6826
3183 5819
2431 8215
8693 5274
6215 6027
2700 5188
3111 8195
2689 7870
2463 1006
9529 7320
5279 229
4839 7532
4846 6565
3552 7907
5421 1218
6658 4688
2578 4589
61 9282
8096 8065
8309 6882
3701 6658
5342 7601
3552 8145
6504 9875
14 2373
2801 6624
7388 798
9635 1561
4794 4573
6314 9181
478 6681
9454 2330
551 8005
7249 7981
5952 1236
4053 3065
706 6600
1679 3802
7859 5038
6554 6876
3757 7533
114 426
6319 8624
7837 2393
9497 1253
1396 8493
9529 9954
1949 3479
3526 2146
6757 3266
895 4074
8815 9012
9628 5375
711 8597
1203 2676
6274 8805
2171 4307
6601 711
8764 4558
1062 4511
7011 9168
9221 3527
4501 645
5040 3149
7033 9221
8104 1664
5510 8700
7573 8622
9234 311
6797 2261
4171 5705
2746 9231
2122 379
4697 3704
2556 4008
7421 9817
6861 7956
4820 8836
7699 6141
1326 3114
3658 6669
1624 1663
1130 1393
7308 857
1049 4716
396 6011
4509 4772
8324 6250
3587 167
6594 7771
7300 5852
778 1593
1154 85
3594 6372
5253 4029
3308 4257
2456 2177
5106 7781
5104 8919
5523 2630
7147 7370
6486 2937
9741 172
7908 8127
8379 6405
4916 5169
6015 6204
9982 6268
5435 852
8779 8195
4981 74
2822 3503
6245 8434
7262 34
3260 8338
2634 4809
1386 2983
7172 9006
1389 6468
3159 5936
1746 53
3587 4231
7511 4026
9054 9055
797 2866
5651 1493
1919 2262
7211 8152
6552 9901
6041 8639
3061 1364
4872 9065
7563 3166
1309 1397
8726 6569
4882 2391
2140 1647
6268 1544
117 829
4667 1962
7808 5454
8009 148
1781 9850
1002 6846
3356 9367
6156 5427
6164 1537
7355 6208
8499 2137
6210 4954
3813 7666
6908 6968
5651 2321
5694 4749
5784 7679
6002 9268
3460 5885
3316 3783
300 3809
2031 2756
9287 8967
5336 5646
9693 3475
6498 7999
5730 6693
9128 66
2462 2418
1842 5857
969 1167
7147 4500
6383 516
8890 9040
4924 5836
1052 192
1402 2450
2569 1176
9665 9856
3675 4093
7094 8105
3557 8362
5915 93
3949 5632
1901 5980
66 2067
6038 3047
3868 6700
2730 3773
5938 5738
2875 8834
5133 4219
625 1407
3575 88
7784 3401
1282 4930
8955 530
7976 233
9047 2077
1619 4849
6662 8853
3497 6136
6644 3595
7361 232
8498 3068
5153 9099
1560 4326
9461 4747
6860 6734
1556 2950
9838 971
4934 4303
3794 5902
1398 2749
7268 5949
4621 6626
3111 2405
8478 2671
5009 3478
4585 8135
4812 8347
2673 1437
4172 4832
9943 3593
7541 6848
2220 3888
4906 6193
2247 9905
2873 7628
1251 1009
8728 9494
6881 7293
9674 7534
5606 2220
2098 2600
3139 7675
5340 5626
8161 7086
5788 3186
4768 8266
2438 3
5495 8521
1657 7430
6042 5062
6579 5648
9162 6594
3504 2444
6380 3336
4526 4078
3036 3429
669 4177
735 5455
494 7392
1965 893
9509 3885
9656 7292
922 7009
7530 9571
9939 9971
5584 4986
1035 8183
7970 8503
739 1478
917 647
1615 9277
9856 588
5369 3249
2697 3864
7822 4327
1039 5566
1426 944
606 4158
6755 2284
163 9827
6572 5081
8078 6176
729 2531
6013 7271
495 7580
3166 1540
8097 9878
8684 578
576 1427
1970 2004
936 8919
4185 7201
8932 8305
7751 746
8365 2157
9092 3697
7736 2387
579 4614
1152 2253
1290 559
5367 1092
4960 4340
1966 1256
7526 6885
2695 6477
161 1451
1262 9153
2098 205
4710 9269
9085 9195
8152 1591
5304 4913
8462 6674
5411 4755
5931 6202
8152 8526
5132 8366
7896 9233
3011 7081
9958 126
2869 6087
6330 4124
5338 6202
2743 1411
7677 7061
3444 1849
222 1581
8314 8309
5220 7449
833 7838
9577 2220
5806 9453
8866 2574
6492 897
9296 5410
494 2613
4731 9718
6784 6636
7211 9334
432 8843
2737 4570
731 1004
5726 9321
6336 9344
9671 3400
3514 3474
7339 2576
5731 2703
6941 8484
6592 430
1223 5607
3300 5308
4125 6730
275 1396
8111 8883
9927 3147
46 9298
4365 4504
7991 4868
9466 2089
1292 9510
4249 7636
2444 2562
1177 8575
3195 2049
9769 3205
8296 9302
75 4976
3121 4502
8662 4979
8479 9115
6930 9309
8746 2145
5142 5098
9164 6506
9452 4557
8139 5326
2365 9129
8462 591
9196 3559
1774 9917
5117 4770
2747 1682
1293 2496
1449 2714
6612 2424
8527 5487
2859 6000
9883 9016
5569 1523
5297 6737
8976 9134
5446 8592
6033 6364
4372 151
7771 7619
5220 9608
7217 7135
5535 8250
7785 7122
3116 7260
1851 6380
2754 5576
1975 3994
621 2817
4421 7308
9792 2771
4666 495
8347 8891
2535 3825
1120 2448
3131 2746
5904 6944
1628 4703
918 2052
3827 4195
3146 6605
7002 8591
4551 5001
568 4391
7179 9618
14 828
5762 5059
4159 2620
8658 6212
4396 5435
2153 3288
9374 8416
8355 7147
950 5264
4826 1652
562 4792
4341 1731
7347 579
4715 5604
3900 7094
3074 1859
5888 1999
5593 6518
3920 8447
7358 6127
2601 4117
2578 1479
8115 5889
9438 5163
719 8260
4091 8985
6713 1188
3871 2203
2723 7574
1720 382
869 1605
907 2441
5051 1506
3409 343
2098 8589
9865 4969
6012 1905
4640 1532
6852 3926
2598 7524
2988 9857
9123 2087
2702 5241
6268 7494
1374 2347
6927 1476
7865 5113
7427 7753
2562 4810
5010 8912
3648 4999
5408 3369
8797 7957
4885 2797
6773 4685
3600 2526
7613 400
3484 643
4705 6650
8295 6922
5630 2572
250 541
275 492
5388 7178
2943 9770
3048 39
1388 2473
2666 6288
2497 5813
6344 3986
3144 6783
2206 4908
1881 627
7498 7950
7067 5173
6362 4069
7279 8237
9945 3768
1467 7356
4880 5729
3215 6748
1885 7049
4298 7890
6675 7272
6058 3597
1568 5120
4019 204
7072 4902
2698 2783
4612 4792
6445 2294
1660 7759
8452 5683
6192 8099
2317 3529
7010 8539
8728 7388
421 3425
8555 5628
6789 6762
460 6161
8987 6622
3019 6851
6848 5329
4880 6283
1153 9023
9003 5344
16 2172
9889 6311
9174 3517
9849 8321
7742 971
6477 9603
9824 6196
8077 7162
6065 7891
3600 9739
7541 5750
9547 3699
1063 8267
7537 725
8066 1985
9370 1512
7961 6536
5982 29
4007 8156
1557 7376
9141 2592
7247 3997
2123 8540
744 2433
6067 5801
4660 8784
5175 9835
9340 8711
1903 1650
1927 7493
2053 7688
9725 5584
5253 1065
4218 8681
4706 1398
9353 4245
9468 163
7648 476
175 6426
6465 2247
2057 8690
4284 5216
9592 2835
1753 8873
5630 5544
4750 3833
7221 2234
2277 9159
4626 7081
2746 6298
3184 9013
1568 8591
7859 9337
4969 6567
8312 5294
1659 3593
8689 7065
508 6019
1020 1028
314 7021
5844 6456
2368 5660
6415 8383
7377 3503
7481 4833
3221 2106
9984 7137
8604 1394
1400 3961
4123 2391
998 1213
9437 9442
3897 624
1534 2637
1573 3589
4585 7399
186 8198
5541 9698
5518 84
9321 5526
243 6276
7483 2063
5699 881
9887 4722
6447 5899
5878 345
859 7821
9931 6696
3793 1577
21 3777
1305 4432
8271 5364
2471 7769
7491 6343
3652 8220
7056 5728
675 1012
4654 8267
629 5210
3693 8397
7217 3317
6494 1394
621 9319
9091 6483
1825 3507
6626 4906
2394 4362
823 8609
8888 836
2619 2515
6669 5036
7924 424
6938 6847
5063 2501
5168 4069
690 4175
6148 4630
596 6694
2648 3879
8893 6927
3401 587
6449 705
9479 9820
8080 6291
1121 8864
1556 2351
1137 455
8180 3591
561 4091
5195 1732
1385 4482
352 8297
4438 8677
2627 6624
2971 8012
49 8563
4672 46
1170 7002
5916 2478
9346 8355
5114 3879
3139 4309
6677 5544
808 2368
619 9376
2244 3034
8245 868
9160 7128
657 6330
2437 3171
6106 3972
4289 9692
3140 5979
1803 8158
4491 736
3079 2753
4697 5635
8140 2589
4697 6396
1662 4203
5167 7869
929 1481
8556 489
5541 3988
5576 8127
985 9895
2837 9640
195 1160
6158 9698
2258 9663
3848 8247
7741 6538
9388 1763
6099 9440
4653 9912
7048 6796
3771 5788
7593 1661
7906 4688
9013 2189
8059 350
6207 7137
1935 4729
5349 2379
7957 242
9332 7731
107 3089
913 2721
1150 1178
3272 174
117 524
7657 7000
6774 4375
658 680
1243 6747
10 5574
2127 9534
1153 9412
7599 5693
7735 4784
2104 8303
6974 9647
6913 1527
4516 3046
9338 5414
8871 4779
5642 4589
9837 1793
5007 7972
7487 8851
389 4093
9493 1838
9290 1318
3261 8232
8553 5121
5003 2673
1184 6756
854 5778
5077 2534
8244 9579
8070 7873
9247 2362
7258 4215
8885 1201
4643 516
5806 7086
9161 5127
6011 8362
1514 8634
8320 8389
739 8274
1932 8934
1929 8982
7856 944
7901 5897
7216 7807
7727 4124
5062 235
3673 7457
2615 3781
3295 9541
7427 5077
9416 8874
6611 4801
585 840
4859 7322
2583 4328
7133 5414
6708 1467
3985 124
5175 2035
4981 749
3785 9220
2817 3941
3351 708
8180 2861
8514 8475
5002 6045
8172 7608
6017 3862
633 5366
9076 5336
1152 2264
1516 5108
6487 4050
9040 9951
7189 4530
5393 23
1413 7616
9005 3726
8251 6080
2551 3638
8235 6741
468 4447
5566 5521
3782 6009
5249 6475
7114 3438
4080 7387
7928 5702
5019 9231
4228 845
8220 5786
7759 944
373 3085
8343 5772
5867 7855
8006 8407
4769 4130
70 8123
4639 1321
6708 6355
8575 1591
3764 8219
3891 3311
1242 167
1163 8638
7534 5045
3805 7334
8676 4316
3377 8026
7073 3544
4360 5310
9201 5266
8522 1745
9842 6451
6526 5278
9919 2734
8375 9179
2458 5627
5259 4512
9822 8875
6191 1401
9611 5440
3658 8414
6267 3951
4501 7562
9619 8084
1194 9070
2666 7936
5983 6824
115 2328
7973 6526
588 3839
82 2768
3683 7172
6155 3752
8544 5725
6021 4207
4552 4570
159 6140
3214 3941
2730 6016
3979 2912
8849 8265
8952 4098
4759 5874
9485 6530
2358 5303
3834 3869
767 9992
4318 37
4306 9509
2407 5421
6247 4361
3459 8278
4086 753
8718 356
3571 8956
5550 856
1703 6687
2404 8562
5571 1975
6996 5462
5775 651
5170 7114
2081 8419
9623 9716
3179 2811
3536 7838
420 9204
5869 4692
2953 4848
937 3114
2480 97
4270 9468
1840 2235
7026 1627
7299 2707
2054 5399
2816 2816
1004 7482
7099 9177
20 3598
9964 6412
8089 7096
4811 1519
4654 6729
8908 7014
2107 7171
8855 1236
9849 5735
5137 1094
5002 9660
6313 6215
5703 8719
3332 5089
7466 3325
1168 2857
7273 9648
2836 3714
5661 3690
7799 4620
4110 8709
2711 5196
1595 3350
8988 5084
3743 5735
9296 3836
6429 1764
6468 3108
4867 2858
1951 6147
4557 6549
6495 4601
4293 1183
698 8556
6738 147
8291 3132
9145 1250
4853 385
9883 9182
1400 5472
4093 331
8296 7417
7724 8280
6419 7268
8176 9180
9400 2721
1971 4919
8336 6987
1761 5966
2528 4212
3260 6617
7803 6329
7890 3552
8511 2754
3014 8230
3499 1795
9166 7277
8945 1460
9196 2394
3981 9700
6860 6246
2520 1670
1815 3907
4028 1848
8107 2936
564 850
3759 201
7020 4375
2498 7433
8715 5425
5405 6041
3265 47
146 6399
4964 3347
6605 3033
9258 9808
705 6751
4700 5509
1442 4744
6876 3660
2617 8606
9511 4229
5723 7847
3978 579
9289 8684
5343 4042
7717 1999
6757 1268
4284 4011
3255 4400
3103 9928
2407 4981
2534 8182
6904 9815
9896 5222
3701 7447
7281 3280
2081 4158
9517 1728
5564 9218
5905 204
8168 9531
9702 8034
8941 4673
310 3594
3598 5083
4480 5248
2065 4678
3283 1180
375 1994
5918 4538
6883 8203
7740 1339
6487 3181
2295 6613
1260 1467
3852 3620
5363 989
9087 5575
1117 9983
6248 1745
9458 8195
5098 3789
3476 9809
663 6345
4208 1585
3409 3212
8624 2963
557 3037
3327 9196
8036 713
8639 139
2916 3869
8781 7837
3339 6716
6688 5046
6900 3612
3355 7899
8093 6693
4189 5113
7029 7476
5258 3379
1836 2675
3427 2663
8870 2629
8891 2959
9066 4862
3240 3601
6523 1731
1608 394
6721 6196
3364 9149
4324 5172
1726 9220
1819 1155
1138 6712
8912 6886
9767 7100
1345 5378
9045 2427
4290 9122
4012 514
7302 3135
4522 5348
5166 7973
8484 1647
2107 1337
209 8062
120 4210
7071 7473
983 9038
6565 5864
6010 604
2356 8688
1637 2030
4988 4905
2193 184
1956 2467
4900 36
8812 5594
9837 9628
3584 8272
3474 5202
8529 6186
8011 2833
1077 4699
2195 4423
3210 5878
8873 1600
6683 6275
5609 3065
5145 5431
8366 6815
2435 5190
637 5526
4432 2851
6321 7949
8400 9208
1235 44
2187 4973
6749 1912
4350 7559
8738 392
9143 6084
7919 8472
8253 6979
1570 2276
413 4101
220 7308
3666 85
489 8113
1305 5286
1930 549
7537 7254
7282 1423
5223 5435
8354 1983
7769 7083
5844 7330
8753 5436
8112 2291
3361 6234
4429 2172
2622 2134
8831 9415
7864 450
5179 3403
1410 9909
1458 760
2083 9536
2204 2253
9733 7242
1148 1158
173 9530
4684 256
9521 4533
6347 5215
1184 4142
968 1084
9808 7414
6235 7080
706 8420
1329 7595
8419 3977
74 7383
1397 3804
3051 8116
898 4604
3094 6419
9357 451
7645 4619
4871 200
106 5150
1764 7911
1406 4991
1114 6440
7690 8666
4833 8772
611 2573
6874 3667
4152 8103
7672 5738
6673 9243
7490 2825
2840 7458
2008 7462
7452 2441
2511 632
1545 7061
1911 7072
9667 4429
8692 3359
4743 5315
5038 8980
7 5471
2984 8676
4313 6391
6014 4435
9847 2263
5374 8617
8122 812
117 5745
6418 5331
3753 5653
9759 789
8515 1855
2679 893
4572 6937
7968 8857
4264 6678
5362 9553
3000 7379
9403 5302
3789 8148
8285 4695
8449 963
125 5899
3949 3564
5003 4760
3058 9658
2359 9577
9480 3873
1767 3363
6443 7330
5518 2071
9081 4399
9874 7522
1856 6401
9317 4593
439 8462
1836 1334
3929 7928
430 9865
5748 8269
7156 4784
2523 7854
6863 4171
748 483
7817 2906
3755 3485
2803 7260
8990 6576
4191 8178
6662 9943
3121 3764
4572 6762
8151 2235
6080 8901
2366 8816
3797 7476
9921 4113
2797 5815
1868 656
1707 6697
9415 1403
7747 699
6535 7678
874 3695
4138 8178
1059 2055
9801 1529
4255 58
1169 838
4566 1618
631 4056
2154 5606
5689 8776
9456 6876
3090 9500
6424 1668
2224 1298
1190 8133
7957 4956
7373 7953
4803 3611
5704 1284
9588 8822
9445 1299
9331 4929
8185 1798
9869 7365
472 214
9664 5958
5561 7428
4537 4995
8829 8723
310 651
4011 517
5057 195
3883 4658
2812 6392
8541 4861
8943 4401
3245 3168
8448 9116
3698 9758
8297 2234
9458 513
952 2438
1349 4869
7579 6180
5267 4814
7610 5863
6640 8086
7413 1422
5953 3113
3131 121
5638 4185
1142 6585
7431 6195
3828 755
5502 641
3943 2321
6252 3781
3729 4398
2311 8455
776 2867
7107 7841
6138 3917
336 5727
6112 4326
1994 5707
6104 3441
9077 585
1663 5308
6141 3387
7219 3140
5805 1068
3168 5210
6878 1443
9287 2121
4907 4276
5691 2049
5859 2176
8371 9609
3403 9983
1237 4762
1455 5024
1248 1745
6229 8693
138 9592
3577 3989
2678 2848
164 6805
213 1994
2301 4374
9349 3651
5747 5231
4496 7896
573 3285
9247 8085
4816 3946
310 8024
8774 1467
7771 7266
3694 3862
639 632
3759 8015
5143 3651
8230 9886
8481 7073
1372 3985
777 8545
3492 5543
4169 6452
6091 1063
23 4337
5877 8621
5247 6807
5555 5794
9010 7709
6193 6432
8808 6254
64 2251
2284 5892
4769 6890
537 5665
1482 5741
3927 3910
9892 9355
7803 202
6393 8282
6220 7017
4560 8767
2282 6823
4046 4352
8657 1616
3032 8677
5648 2475
1056 7566
4179 6418
1556 7828
3715 9873
8140 8386
2351 133
686 6443
7515 6027
9868 6165
8923 3673
6692 10000
7263 4826
7753 5421
6876 5403
6296 9828
9725 7872
9068 5293
9166 2916
2098 1141
4842 8165
5202 2873
2826 5653
9486 3015
3624 6060
7977 9165
353 7102
8749 2887
9030 396
9242 744
1454 130
3966 2940
69 7634
5238 300
4134 7390
940 4472
7305 8158
3341 5281
8719 3156
2199 1854
6770 652
7905 4808
497 1951
4346 7143
6521 1556
585 9318
4519 6175
4046 8939
5356 6263
1101 7220
887 6612
4376 2735
8762 6259
906 2085
7697 4101
6509 7090
4752 7023
8890 5343
1517 5501
5025 6627
9570 4157
1425 5564
4627 1995
727 9311
8886 9581
3423 9383
8453 972
6240 6944
1927 6539
5232 8714
6386 3042
9555 4500
9036 4907
1946 875
6221 3529
885 1582
4682 2090
5055 7109
9005 3338
7044 9689
2811 261
805 828
5761 3475
7995 1707
6237 1073
8489 5686
3132 8329
5741 9358
809 9676
3131 8013
3193 4600
9063 4746
8828 5008
9289 7967
843 3878
4268 3201
9021 1857
3731 9373
6318 5590
4992 3006
9453 7797
7767 9274
1498 5128
9395 2818
6098 3098
7099 6435
1922 4945
697 8557
6618 5693
7582 5449
7259 8634
5396 3788
3422 4768
6983 3214
5194 9760
5328 9521
2925 9992
4351 4204
3606 5580
8258 6030
7424 7854
7906 8005
8351 1903
7708 2533
2534 2587
3361 9339
1478 7834
2095 401
7256 5448
88 123
1780 7799
6207 4415
241 3199
28 3513
8578 1106
6901 6698
6675 8774
3320 5048
3156 6334
450 977
1995 8599
1780 1154
5857 9157
6926 8035
2241 1022
1389 4618
1448 1247
5141 1066
6436 5244
8013 9140
2517 2710
8331 5114
1029 9937
1367 8452
5428 1509
8462 4235
3810 1792
9505 5598
1026 3477
3843 7483
8571 4161
3806 4019
3423 4239
2916 6727
1730 7869
5655 9054
5717 3190
5335 1328
9058 1433
4369 5132
1251 7441
7093 165
8897 5110
8080 8104
2466 8065
3023 8241
3529 9791
3862 3438
2830 2069
2889 3014
7620 1815
6888 6663
3853 7024
9474 9144
8425 7702
1106 2310
4154 5480
4345 3950
9290 4568
9268 9589
2699 555
4672 1687
1335 4390
7348 2604
6494 7748
8290 166
8752 7427
9105 6280
270 4037
9673 223
2905 274
2055 5526
3560 4535
844 447
1712 1629
8754 7759
9257 366
2110 2577
1162 3552
7411 7942
298 372
1778 3297
7275 6813
247 5759
1618 9241
154 5944
7007 4949
3915 397
5171 8504
6186 9577
4 2334
6186 6484
6312 3487
4572 8182
1904 6832
2185 6414
9481 1639
7414 5956
2878 9448
786 9852
5464 5848
7812 620
5640 6831
4046 363
1053 7293
9869 425
549 3717
1679 8965
7301 9259
7851 4698
1023 1179
1176 3459
5693 5566
9505 3219
2378 9408
3541 7717
5769 8921
8455 2057
7574 3446
3436 7792
6328 5659
5233 1293
6516 1110
7567 2431
8055 3021
4453 848
1675 7812
9840 2354
5357 1547
741 6592
6488 9486
7582 2702
5484 4641
9379 6886
2858 2904
6884 157
7856 9343
5556 9922
6319 6355
6253 8986
387 2206
1979 3964
3208 6383
2602 6992
5544 5996
1288 2241
2766 8007
6883 6133
6671 7094
9064 6686
6054 4664
6001 6954
6120 1577
5281 941
485 4821
760 8638
9648 1764
8026 3359
5911 890
4193 3462
9758 2852
6097 4750
5285 4441
8415 2588
3785 8228
795 5299
6391 9354
8893 60
8952 2804
2200 349
4208 774
6894 3610
4687 6855
6084 6333
3535 2818
9840 5856
6076 1144
6904 3716
5655 2282
3938 2313
2321 1872
1200 4236
45 8271
3453 4995
6326 790
6184 926
3220 6539
8962 2918
46 4313
4419 6979
8121 8750
9400 4457
3638 3539
4302 8027
6582 638
3226 9644
3291 5601
3298 702
4636 214
5565 4919
3779 1436
9494 3250
3982 7055
5942 2349
475 7149
3415 6709
9469 6124
9477 450
2414 8631
1796 4015
7017 7733
4169 3723
4326 4193
6745 105
7588 3690
114 3476
1928 6815
8395 3605
1001 6440
4271 728
9070 2497
2844 2056
7913 4877
3681 6319
4686 998
2872 3661
857 1102
7016 3528
5257 1257
8733 1092
8412 9392
5434 9956
167 4307
4499 2025
2502 2717
2164 9216
9095 1180
6728 6707
5304 863
2284 1590
6190 5139
8173 9203
6147 6334
7793 7509
6801 1297
7991 8122
9271 1667
394 6992
2753 7381
5821 1590
6210 8662
8510 8682
3067 1964
5247 4628
2871 5075
9220 2840
1306 2575
6194 8953
3936 5339
2909 6213
8574 6523
2757 3708
6982 4117
3907 1459
9806 191
3602 7376
4052 4968
8974 8806
5747 7195
3740 5524
366 7352
3397 2454
9178 1821
2584 1709
694 3382
7560 3595
684 9198
67 4181
3844 526
5380 1292
6355 1076
4787 9145
8434 9283
1076 6926
4361 4618
71 2795
4023 2167
7934 9659
8616 7910
6126 6740
8965 531
8025 6227
3419 2799
5520 3222
4737 8044
6256 2480
7392 7183
3036 7600
5884 4294
835 1519
1735 8700
7976 6848
6791 917
2826 2945
3933 65
9431 265
9456 2322
7414 1023
4516 9192
1441 9051
6861 5815
2086 9031
7837 4688
2210 7240
6434 4138
2573 7642
2518 1538
1411 751
4831 6167
4469 5475
520 5702
6814 7050
1456 6763
110 5182
8016 4095
8832 7381
7836 6442
971 1260
5471 6452
3346 9344
8141 5140
2070 6576
529 5562
7770 7500
1976 4725
2264 3290
8730 9427
9120 790
2181 8239
2020 8821
3893 5095
5680 8777
2525 8589
4681 2466
7198 3647
587 7897
536 5132
1274 6998
103 2537
6159 2317
7252 6332
8383 9511
9784 4417
7055 51
8562 764
6247 4108
4872 1580
252 9673
5804 8513
7054 2631
9445 2634
943 3216
4865 2306
8089 1596
6525 5220
4811 1309
4628 1011
6459 146
4860 816
4168 5467
8953 1844
7064 9119
1397 9269
1377 9457
1021 2795
9820 7087
8626 8781
8026 7026
9113 4961
2300 4635
901 1006
8726 4087
7126 3134
3528 1703
2063 904
4926 5843
1322 7636
517 6910
8333 4733
3688 4007
629 4106
1171 90
8754 2727
6948 9470
6533 6477
9151 2770
35 6816
8103 1491
5411 4165
1213 5566
5610 3230
4158 6961
9489 4050
8009 4505
6521 3903
1675 2964
4795 7801
2522 7054
9320 3492
4063 2499
1103 3448
971 9255
1125 5132
2634 21
6319 3555
9114 7998
5810 7017
2038 6190
6558 2033
5807 7121
2952 3784
7541 1596
6015 3447
1067 1954
4963 2999
2204 8953
1014 823
995 1389
9112 6825
1238 3086
100 3031
7283 861
2378 281
3703 1367
6025 3040
4891 6688
8724 8205
2630 7942
1167 3405
7269 2937
5098 1703
2010 5872
3100 9438
3449 1986
7955 1224
6781 4664
5772 2418
1784 225
5838 4699
2786 717
9102 4643
1208 9941
4472 2195
4634 512
2089 3206
9737 2673
424 6590
8982 9532
6905 8887
7291 7809
4189 5006
9920 1458
3033 69
7781 6628
5986 1010
2827 4485
3757 2732
7084 1273
359 5650
1182 23
4131 2551
8575 9670
6206 9910
9902 9301
9917 6907
3214 7931
3713 2735
5555 8478
261 1209
3178 8519
4582 2647
1654 9959
7610 4079
9753 462
6598 7123
14 5569
7307 7147
9987 3379
4730 4847
8495 6811
2274 8228
6352 1490
21 6048
570 335
4132 9686
3603 2644
9961 1092
4911 3784
9371 431
3550 7132
9474 1096
3042 5364
6096 615
6951 6603
4397 3611
4327 8642
4231 1519
6532 4609
9745 8447
2341 7619
2238 5978
711 7445
7988 821
6558 7705
200 1793
3596 900
6283 4842
1221 6074
6707 9083
2687 1335
8127 5509
8532 6218
6084 5609
7715 803
7508 3164
1921 6571
2570 6455
1094 9240
6236 8428
3711 4946
3974 6920
6821 1405
4926 5245
1127 9653
4929 7723
8123 443
2271 9293
7383 3540
1280 2464
3391 7122
3588 560
5866 9081
1666 1898
4357 3850
26 7608
8587 485
8009 9829
980 3966
9800 9597
4353 7505
9248 6103
5211 8857
2877 7116
7360 5828
18 2987
9885 5181
9050 9844
8741 7467
7215 3216
6855 6080
1187 9095
4872 3388
8984 9261
4780 4970
6395 4443
9369 1852
418 2048
3380 8920
7752 4655
1115 6803
9596 7075
1894 8018
8768 1923
9634 3761
4711 3546
1207 9305
7128 902
5375 4847
3150 3811
8398 9864
365 4742
7515 9947
8128 4422
7726 3853
1469 9408
1746 7866
9080 3014
4300 4902
1457 7935
1576 8380
2413 972
4423 1696
8133 1795
8375 9166
8776 3864
4311 4981
4798 2585
4377 5556
1569 8334
2036 8932
7124 6237
1611 9900
3686 1078
4038 4363
8367 5511
2919 7651
2997 6298
4738 337
1799 2970
824 535
576 1913
784 664
2828 9758
5069 6192
5979 4607
3617 4072
5822 2799
8634 1246
1472 9062
5345 7960
1996 6966
3808 2262
9815 4073
8353 4526
2825 5283
8906 9564
5636 1351
7029 6222
7217 8793
3009 2107
9662 5396
3276 6186
3739 1649
5298 7030
6780 2352
3546 6957
6192 4596
6274 7896
7543 8468
4110 9713
6991 7813
5277 5260
4384 4947
358 1069
939 6453
3733 9080
6566 8764
6227 6346
8648 2945
3050 9364
5835 9388
218 8954
5620 3990
1279 6629
6962 4172
3347 8520
7072 888
7127 836
3665 9683
6064 6768
943 7019
9862 5254
5224 5846
766 8906
5698 53
555 7096
1162 7875
2067 987
4597 3805
9168 4962
170 2341
1447 7327
2383 7152
4576 5903
7944 4684
2883 7801
6959 9330
3677 5687
5147 5401
3495 7662
2705 7319
2340 8861
3695 9944
194 9899
6818 1937
9152 6291
1178 6551
9542 6599
3957 9110
5431 9607
1202 4709
6918 6510
7731 6221
1184 3685
7612 2688
5044 5953
4157 6884
8866 8029
3697 9155
5419 5616
1822 1356
7563 6828
5268 9872
7394 6671
3617 997
3858 2454
9834 8326
2678 3930
456 972
1456 8068
5416 6980
9145 8516
8352 2553
9886 2801
8003 7235
8993 4795
4177 6879
1638 2763
4545 9423
1642 516
1968 670
9076 1192
3284 690
653 3625
828 8738
8022 463
838 6636
9958 8044
1210 8859
1122 3155
9806 335
8927 6203
1061 8254
5632 9500
9241 9577
7447 7781
4208 3307
6646 1825
4529 3203
7558 3816
1818 9421
20 8589
818 6296
707 3827
634 253
3719 5279
5382 785
6139 4253
2426 9376
8004 3473
9465 9962
6233 9821
6119 8709
4746 7270
1058 153
8023 5681
7406 1148
9564 1313
5179 694
7371 6810
4075 2145
7946 8272
45 5857
2659 6901
8450 5037
8050 6503
4657 6734
4143 94
8341 2492
2043 5179
4063 1173
7347 4297
6341 7294
3983 8101
6637 1425
2892 8130
9431 9086
5334 6006
3043 6368
3103 8441
2197 753
3751 5669
1992 6358
8396 2062
9410 9422
8941 6827
1371 9606
9465 9528
2333 7366
110 6018
3517 6985
4251 6528
6456 3829
2887 4107
9009 1063
2105 552
6304 8901
7882 7474
2026 2177
1670 3083
4045 4463
9449 7343
8137 1187
9459 1210
5560 262
2015 86
825 4140
1983 4009
9523 1448
1573 6849
967 6289
8468 8887
8796 8841
2915 7059
3604 3555
9657 6580
8359 8807
9266 4056
9323 9415
2751 2267
820 9966
770 3327
762 3514
3126 8919
8479 3677
5678 4691
1354 7398
3073 7727
3564 1338
3441 634
6072 4570
6084 4953
7405 6784
7168 1536
4796 5050
9290 3492
1609 9988
6681 6831
1155 4733
9064 516
7132 5796
7434 1406
8803 6798
1576 3801
1796 8778
4758 1488
2414 3556
7563 8129
6728 5396
5648 5469
4293 53
2024 415
9949 7853
323 1665
4762 9181
6767 2823
3890 5731
2186 4258
7640 690
9182 2517
5011 8613
2621 6669
1891 9623
1812 3814
4615 6836
6201 6197
7877 3741
6691 4101
932 9741
2831 2761
8453 8117
8751 9148
9396 5936
4211 3251
6413 5733
7261 569
5754 8975
7290 629
9481 9128
2943 8301
3195 7003
8241 8247
5446 6644
5051 9418
8295 4273
8745 7753
5876 7311
9348 307
1779 9983
8147 1267
2180 5856
7136 8776
3064 1701
1388 6131
2605 8789
4926 4819
3737 8268
7677 4350
871 5741
2881 5470
3935 9241
3664 2555
761 2197
9024 2841
9144 9324
2272 9901
8847 7067
2016 4666
9983 3280
7231 3042
5219 9967
9890 2541
636 8452
4247 671
25 4810
1957 6964
8365 7979
2258 887
9782 7293
393 7390
5028 9583
5258 6219
8960 4427
9996 6199
2019 270
3332 9784
8320 3842
7419 4411
2762 7786
9248 742
1213 1946
266 5127
3454 2152
6389 7517
6363 5097
6413 7903
8736 3433
9520 8841
4183 9269
166 2291
8308 3769
6916 4688
404 9955
7248 2793
8771 3721
7790 9001
994 6773
7905 1047
1454 3076
7419 1260
3500 4592
2847 8549
5040 3974
6373 8366
7783 8860
9829 3780
3076 6426
4044 7497
6023 8016
1453 5586
8568 7402
1017 6799
5615 1096
1588 3537
619 4678
3706 2132
456 5077
3711 4455
222 3093
9085 8487
2858 8506
9350 1347
2234 1638
1792 1136
6980 5218
1922 596
326 261
5567 9565
1014 3859
6193 3349
1480 98
6821 6437
1194 8620
2455 815
1948 9472
8791 4853
4260 6525
6333 6440
3092 2340
5031 2299
5129 3373
8927 2540
7855 945
4661 5236
3719 632
7508 2548
4653 1580
5973 4671
3165 2861
4205 1886
9291 1444
7253 4358
1714 2807
1745 539
256 5278
1437 1768
8859 2268
1680 844
5593 2908
3163 6008
9079 7363
8092 2193
3448 4209
3617 8985
1050 8861
4320 1592
5962 1594
7754 9863
2813 4376
7201 4262
2343 5980
6625 3583
6053 9908
1879 764
6546 1682
7374 8409
1870 3919
2981 7247
3873 5515
4521 4706
747 31
9380 3436
4688 7808
3570 8983
3945 7994
8877 2144
2678 3440
6266 3558
4996 5790
7786 9091
259 8456
7639 1269
4645 8498
4701 3944
8137 6271
6062 3523
1754 4147
857 3671
8124 2398
9786 4618
2083 3973
998 1052
6466 7104
882 9933
547 87
6358 9966
766 4143
9457 2967
2351 1405
3389 7691
7554 4399
1719 2663
3947 8642
9359 4720
749 6768
9313 4153
8329 5363
7295 8150
1482 4236
3570 2851
8269 9745
2947 845
8230 3684
6260 518
9383 5346
7040 205
1681 470
2583 7903
727 3185
4783 4912
5725 6195
634 5511
4370 7299
6748 7699
226 1533
3810 7415
1352 7094
1465 3976
3209 2795
9985 1982
8809 4845
7467 153
2588 3227
6717 7065
5070 3991
3228 7780
8430 3229
7407 7348
7240 4457
2820 5391
3189 1720
9433 2466
1392 6524
3323 9348
1706 8702
9965 301
5683 2571
2124 5175
4696 1980
3338 2449
5189 2005
7628 3740
1051 1481
3798 7987
818 7010
5594 6588
831 6974
6764 2068
9805 345
1856 8881
5741 3545
401 8261
9412 2071
2780 546
6664 8857
7556 1429
9955 6003
7705 5976
5669 1640
3488 4903
2473 1417
3330 2383
6512 9635
3421 9736
5012 9491
6429 1759
1345 9663
3388 977
1812 4677
5308 8014
6740 1316
533 5251
1876 1509
4580 5323
5838 5136
8597 8858
8152 862
9221 6795
4224 9364
5387 9786
7499 2309
9166 3004
6202 3565
4498 3943
3919 9141
4079 7826
9929 767
3235 9131
9904 6173
8725 8150
2864 839
7001 2677
7484 1775
8337 8491
4521 3924
5681 2631
6461 3141
5314 4335
8321 4136
8129 9078
1878 5126
5228 15
4090 5757
9701 8312
4553 8721
2295 4327
4241 1997
5380 9968
5741 2245
9398 8768
5586 4624
7834 7990
9165 8944
5805 6480
9002 4372
5397 3120
9088 8449
6242 8775
2596 1623
4077 6022
1596 8336
6815 8745
9599 2671
8893 4723
3759 1853
2491 5123
7196 5439
585 593
861 4112
4326 3211
5723 747
4349 1096
7789 6653
1920 3873
2687 9621
1347 5480
4449 3106
7068 9704
4018 9544
828 7128
8940 6948
8228 9005
462 8193
4095 5142
4729 8401
9305 4035
2093 4800
3174 8230
6205 9863
4624 1561
3302 9930
7452 1122
7374 3077
1318 9327
2241 6297
37 345
3501 7150
4359 5827
893 4513
477 8962
3022 208
9367 4699
5280 435
3103 1564
4590 7966
2793 9262
2955 4826
5236 4460
7874 8066
399 8786
9002 4982
491 4559
9865 8281
8565 6687
4138 4745
9482 4180
115 3778
7228 3312
7712 6619
8864 5741
9983 1759
9121 2230
5365 7904
1156 2849
6553 2054
6548 7111
7672 4954
1153 191
3798 9505
2152 5358
3589 8266
426 6564
4835 6333
9587 1994
7859 5914
1921 6086
919 8962
7024 414
7506 8577
3760 3267
2078 9697
9056 9602
4959 7181
4813 9288
399 4275
9920 3282
265 923
7816 3653
3442 8802
60 5040
9417 2409
9660 2262
5508 5787
2866 3088
9161 2169
4963 2106
2089 4060
3675 9050
6262 7580
1870 9678
1314 9539
4818 402
4850 7608
7377 7635
5152 5002
5086 20
5150 5348
3754 6204
5067 650
1338 9069
7847 3711
7947 1967
4164 6541
6543 1157
3477 6439
9969 1740
4802 9508
6533 6601
6555 1966
5217 7378
9291 1458
5284 3576
5957 6444
8782 5249
9557 8489
248 1200
576 6933
1618 9344
423 4418
5812 7040
2768 3302
4978 2731
7306 996
8219 2563
3278 8029
4527 5861
39 4100
8879 4388
4106 2879
410 4242
7614 885
4110 5652
6791 8318
5185 5279
6801 8614
239 6719
5958 2828
3910 7075
9644 992
9076 3930
6327 3191
6189 3875
1742 4113
9426 8840
2600 3171
1322 5157
125 7511
5457 5633
6378 3717
6934 427
4686 7748
1158 3098
562 5710
3035 787
9739 7918
7550 1318
9340 2866
8069 2490
993 5335
2020 1276
1435 3995
6834 7629
6366 2310
3177 3053
4397 1653
712 4535
7892 9834
6495 5144
2745 8099
6764 2732
6385 6864
6682 4919
8380 9415
2047 6319
9061 9480
2742 4016
3435 5699
9890 4272
1352 3068
2185 3163
2000 4279
6318 9911
6209 4364
881 8426
6021 9115
4418 8438
6175 9920
4120 2814
9377 2472
7608 5963
2869 910
4342 5786
9033 2728
4306 9663
519 651
3373 8366
2070 6295
1312 6917
1583 1867
9820 5423
1044 9056
9897 1562
2343 317
570 3739
3218 2130
8210 7153
8402 8982
6891 13
4751 5994
6432 376
5131 2899
5139 7500
6603 3508
6800 9379
7330 691
7484 1716
8665 1759
2943 2870
9613 5566
6358 7401
2085 2730
2652 9314
8631 2333
4303 7151
2572 4996
1325 108
9945 3062
3705 5594
1736 8019
5034 206
9985 2982
9402 1759
4086 8807
2988 841
3151 9682
9468 9154
4743 1222
7303 9932
8405 5256
3163 3050
1134 9938
2796 8879
8416 7090
8368 6117
1156 2
4634 7542
9832 8228
6947 7583
9192 7053
4713 1917
1688 5569
9873 6093
8729 7589
629 2744
2945 9221
1954 4198
7865 6588
8248 3952
2718 7273
1616 3113
9512 8519
1665 1730
5121 8425
1744 4249
6865 2118
4976 5525
6614 3236
4290 8057
7409 6262
6840 3238
7723 4871
4692 9719
8945 2163
7085 3471
382 3168
6603 7028
6611 617
3822 2705
970 3674
670 7644
770 4645
1250 6933
2665 8675
3815 8238
3893 7790
3158 3462
9584 6459
2616 8509
213 2621
8687 1945
567 5570
5770 3348
6412 7128
9943 8829
3942 6893
4122 6203
693 3234
3562 4629
9901 1973
8202 1651
5217 2236
7239 7512
22 7626
1418 4431
1441 2654
3291 1980
8525 1676
9694 1744
9729 6914
2966 8186
2134 4149
529 6674
2071 9044
2975 207
1205 3490
982 6602
7103 371
4699 8611
3780 5570
9761 7229
6843 509
83 22
4221 6482
4086 5152
8228 8276
999 7604
192 2899
1738 5675
777 5639
998 8052
1941 2321
3167 8973
8308 7710
5872 9558
9779 3542
8578 554
1361 4079
6167 8491
7423 5053
4637 6108
8926 5346
1765 283
7577 889
7150 5784
1880 8141
1123 9935
4860 5426
7345 5046
6814 3375
3144 5650
8869 2163
7548 3252
127 9635
2965 8509
6016 9229
8215 123
6950 1048
9647 4220
4538 186
2409 9954
2635 8474
1441 5200
220 5343
253 6123
7793 7654
4503 2249
5192 8262
5779 5706
6719 573
8197 5181
2007 7494
499 154
2549 4857
7979 3655
9454 2376
5608 4854
8231 8513
5096 4670
3489 9479
3310 5932
7639 5096
5674 6572
7192 2776
5133 8324
674 711
4433 2926
539 4521
7935 1861
615 8722
1467 2669
1299 7894
30 9331
7368 7683
7858 1773
9609 1082
7153 8675
5748 5342
3742 5225
8024 297
1382 4482
7710 5884
8307 3417
8718 7052
1754 2312
9139 7912
4170 3184
9723 537
8111 863
413 8483
4746 7228
7506 2279
8407 8121
3986 5544
8016 6719
3264 9126
1333 3994
3347 8699
8237 8809
9223 6639
1829 5274
4771 5028
7009 1356
8525 4690
1426 3525
6261 4599
7144 4661
7047 3985
7595 6131
9716 8745
4645 8725
9026 4747
8012 2312
9909 7008
3754 9004
5581 4986
6927 9420
8941 2016
8468 1724
5166 1381
2219 7799
7186 220
9010 4000
8800 3149
1481 9875
7110 6949
1022 328
6036 1598
4017 8858
487 4900
3884 1051
2415 6962
2534 9226
260 6936
5533 1708
6705 5494
6043 6327
2695 699
7008 6474
2322 8151
1918 1779
5859 16
4941 2605
7189 9133
7014 9565
4234 1604
6583 8145
8849 554
685 3411
5241 5066
1926 3614
5504 5932
2789 4091
2857 2112
6926 7700
9917 1839
108 1887
1685 6741
1186 7600
6481 2739
929 2251
2611 4738
8659 4400
1435 3404
2260 9876
2561 9771
2607 2119
3108 2879
2182 5001
5691 6174
5276 6821
4609 9284
415 4667
7014 1808
308 5975
3709 6661
47 6561
1921 4051
7736 5125
8766 7000
9858 8609
5005 8284
4683 7332
5602 5688
2986 218
2768 2623
59 5444
7902 5217
6806 1723
3015 5986
8974 8975
7833 7160
215 4643
6177 488
1694 4653
7824 5769
9872 4340
8904 6642
8418 1928
5720 2282
9084 6533
8042 3139
1559 1382
6244 6310
5461 5154
4601 1365
7086 9854
1071 6694
9635 5956
2285 6701
1544 519
8577 7691
2298 5136
5444 7792
3656 9072
2768 8019
1168 2976
6962 5596
3827 8372
19 9276
6760 8478
1885 361
5427 2548
5356 3576
5045 5140
6182 4329
3698 9579
9619 3366
2838 8524
2339 2674
4853 834
716 9913
2888 1048
6857 4720
6959 5757
6302 4702
4117 387
1191 1142
5445 2324
6935 2004
5493 3768
5801 7877
7676 4637
5349 4525
7372 2758
3855 3819
3260 8753
3738 8134
7754 2983
4523 5624
3161 751
661 5741
7268 7914
8258 6166
5282 5629
1166 6025
76 6757
1241 6655
714 7580
413 9960
6641 6831
3030 8230
7996 2935
48 9811
9425 2668
7223 6513
4701 4474
6713 4592
6296 494
2344 9929
4155 9326
3215 8528
7617 7500
2533 8720
6002 5019
4953 5879
7385 4895
5606 8847
2120 5411
6063 2080
9972 6347
2602 6951
7389 9980
8387 9189
1128 2677
632 7864
1614 7905
1395 9282
4591 5873
797 1811
3249 6053
7773 5374
1869 7235
8442 647
2303 2285
2658 7720
3793 2265
316 5193
2481 2639
7548 1966
8965 6660
8918 4594
709 4926
5444 8400
5067 2745
8957 6211
8158 9292
7610 9111
1862 9382
7624 8782
5586 3910
9140 8529
8477 7099
9631 3928
8288 7084
1766 5166
4429 636
8667 3825
5108 8803
9863 7547
3847 3331
2623 3314
2421 5870
5915 4402
1649 7823
7632 3045
5755 4512
5401 5687
9224 4938
566 9488
9501 1211
5803 8968
9417 8904
4217 7972
370 8303
6333 8944
4936 309
5433 5181
1190 1240
718 1142
4214 3940
7075 5999
2212 5275
5949 9429
2299 7468
4053 2379
2777 5568
9733 301
2604 3886
1356 7552
6403 8514
145 6989
8320 6756
693 3896
4104 4247
9856 9532
1654 4314
4377 3979
4233 4746
8024 7781
5236 5849
7074 9350
7749 1266
2885 1169
4710 3618
2510 7147
4462 9736
1740 5991
66 6662
8512 7699
3574 1391
7790 3872
2841 4166
5244 5389
1581 7015
7017 425
7889 1451
6395 949
8082 1930
8886 4739
1526 3313
5400 996
369 7301
7559 8389
1424 4406
8983 9253
3388 2060
5501 5376
751 5173
3570 7578
29 7402
7358 848
5602 3373
8008 1081
7909 6852
1064 7754
6475 9914
8331 1229
3510 6914
346 4087
9072 3108
2434 4539
1541 9528
9005 2970
2892 7490
7680 6742
7638 8071
2979 9283
1575 472
9390 9193
7673 6250
2686 7567
9792 1952
6322 7910
548 5275
5435 4822
8732 5230
1497 951
6093 283
6165 8154
3401 3440
8418 8092
5823 3568
435 5385
1866 1544
2470 6389
3090 6161
5269 199
778 5450
6714 9868
798 7535
1760 1860
2696 4688
2510 5125
3121 5564
7637 8132
1845 660
9996 4019
3771 3061
5273 7365
7027 545
9608 9655
3876 3601
5430 6691
5493 9065
4751 5660
4082 8220
3629 8686
7457 5832
7883 6553
1791 330
3411 7020
2369 7676
307 4000
5322 2173
7354 8561
5898 2918
609 5896
4127 7390
1471 7339
1503 401
4074 8331
8490 7458
2091 5113
7387 8996
4865 1064
5086 2246
2418 9649
8315 8210
1908 6823
5445 3184
4221 3980
7703 2503
3821 1987
7248 7649
5092 9541
7063 944
6351 2149
1058 2943
4822 3525
732 9901
31 6630
43 1848
1549 3839
7448 3009
640 9371
5850 1257
9304 5329
9237 7256
9558 8107
2749 4442
4308 6674
2838 172
8114 7677
4078 3474
4984 8238
888 791
2166 4230
9871 74
848 4071
2562 4177
3331 7945
7692 9341
3890 9405
3823 8502
3686 1467
7112 1935
7581 2630
6097 7698
6193 2648
595 76
8839 4629
7054 5731
4410 9334
935 7604
8181 8030
2907 3791
1650 1952
3759 3743
9827 4757
3911 9064
5375 4998
1515 5405
2333 2668
4152 6449
1352 1946
4008 4665
7018 1159
6127 7173
9197 5585
416 9739
4027 1599
8543 408
1325 5022
3253 1319
6622 7276
687 7638
9179 2356
6290 6774
5046 5806
1953 9918
9951 7756
7463 4108
3961 3074
4717 8734
1169 8115
5426 8294
3600 1570
4413 4674
6729 1816
5240 8215
4388 6321
9612 7664
119 6967
3276 9514
7000 3686
8973 5084
3406 4722
8933 4118
6553 626
5266 5471
4761 9133
5379 4398
1923 6913
34 482
8563 1138
3209 2594
7086 5031
9847 2362
3704 297
1136 375
132 4545
9572 6381
8681 982
2089 4964
8980 6215
8489 5576
8829 4924
8312 4319
131 3403
6715 9777
9026 4545
8533 9740
242 4196
8627 6244
5232 293
7657 7026
1368 4212
2365 1417
6333 9254
3862 9931
6172 6173
511 514
791 8156
8159 4567
6109 4693
6559 1778
5886 3404
278 5735
2193 876
1315 4053
1570 7660
6155 4235
5741 8668
3882 4927
1720 919
6359 9213
1858 7430
4389 24
6729 8996
3847 730
2905 7065
8834 5292
8913 6761
4447 8951
3489 6893
474 8104
8394 6609
4137 5958
8496 8685
3406 3978
2170 581
2816 5204
8035 6377
3468 7028
4826 1833
9871 3373
3484 109
9999 7867
9181 706
686 990
7415 3669
9665 6773
6014 8286
5097 190
1864 1021
4899 8257
6841 9467
7277 9773
7364 5451
3238 4774
8914 4477
6374 2543
9062 230
897 6825
4065 4265
3822 5732
6908 9523
2340 2867
3586 5811
9743 288
669 3727
9107 325
9449 9886
3425 3283
9819 8437
8990 3176
8299 8396
2306 3982
1740 6815
522 6223
3779 9193
8055 4517
3702 2150
1335 8783
1346 7557
7499 3333
2900 5056
4802 7320
9437 2236
5963 2182
809 7755
2871 4064
3609 8125
3554 5433
4307 2396
6201 263
3622 14
5146 7575
3982 7010
5925 3374
3427 3088
3011 353
9967 6365
6420 4049
1163 330
5224 1876
1153 3141
7342 8081
4245 914
7729 9394
7842 4030
1875 1709
4023 2994
6178 4288
6217 1564
2191 7706
9010 1878
4072 9310
5115 1618
8326 2195
9240 4514
1776 6873
3029 5179
6152 9014
9430 9680
9490 8985
5390 3735
6739 7822
3226 7049
8681 8872
3405 2780
8462 7501
6627 1414
5228 4793
991 4485
8421 945
644 8179
4236 244
6932 3175
8986 6539
838 9216
6977 8317
7489 3875
245 7445
2374 8195
7958 4613
7720 7874
1439 8786
2278 5225
4559 8147
1684 3334
6170 4017
842 7197
6518 2502
3316 9314
2254 8516
8458 7103
6249 4125
5979 3815
934 3571
4850 5149
425 9343
2857 8423
4353 5522
331 4825
4596 8948
2256 729
5947 4569
2335 4317
4028 1522
4134 1171
5214 464
3688 1270
4300 9857
4945 1211
9042 9380
8510 2562
5562 2603
2657 4543
1194 8419
1080 5658
2148 9100
1141 1296
3176 9750
1250 1491
751 8066
1421 2224
9499 3258
2656 1454
9604 5889
3663 942
5172 6538
6522 8268
2873 7400
3818 1329
8779 801
2146 2313
9642 8771
7436 7529
312 1802
6534 2463
4127 3884
9368 4826
6044 5722
4099 2849
749 3413
3713 2360
8732 8539
8449 4190
437 4524
5828 9448
58 9800
8463 3667
9716 3922
6016 2526
2693 3999
9178 9609
3429 6210
3558 8584
2795 9328
6732 5506
15 3228
8585 5026
6192 1048
6312 3578
6691 5410
7582 8007
6791 9850
3570 9644
5346 4695
8944 1193
8980 5522
2098 2690
9955 8440
5355 7128
8838 2369
9515 6561
9522 9496
1042 8794
557 6331
2994 1686
2138 2115
3572 5028
6265 8175
9716 3769
3208 4326
6358 8710
3085 9660
1859 1901
4462 4157
5655 1431
6923 65
1497 623
6391 2414
3908 5385
9580 6850
2199 9810
3465 7576
9091 6554
8129 692
3771 9588
3904 4340
6890 6733
9172 9975
1967 3529
4782 972
4280 3809
844 1920
9375 589
9253 2068
4904 9094
349 7295
4429 7542
1142 8400
3933 4077
4104 829
1808 6583
822 8711
8893 4267
8109 5229
3049 3840
8644 6114
3586 345
9407 4093
3890 922
7979 8686
955 1218
318 7634
7831 6512
9066 3497
2335 8799
7209 4068
1173 6681
5290 8448
5113 1896
5110 2385
8564 2659
3744 3089
9505 1774
6263 6115
746 6869
9844 2629
5281 1138
1666 7078
5577 1221
5479 8808
6836 3555
9730 3910
4306 8959
3338 1937
1402 3755
3430 6228
7018 3738
8251 6709
563 6656
622 7806
1190 8628
209 2674
94 6549
3618 3336
382 9436
9810 6511
5437 6908
6327 8494
5028 8626
6788 8081
611 7775
1214 7165
2986 2027
445 4924
4820 6454
207 828
30 6783
3579 8809
5092 2825
678 3211
9212 9190
8052 9486
6808 2215
3065 4130
9371 5378
3884 1649
161 7664
184 7120
8043 7587
9778 9850
5966 3424
7771 4963
2563 8909
5303 5015
8610 6916
2861 8928
8162 2658
6140 697
1461 5484
5022 3691
7319 1070
1642 40
1002 6316
6849 9133
8709 2790
8143 6287
6538 1065
97 1178
6755 8014
2962 5554
5469 6008
2049 7914
6210 9835
5754 1293
3574 6519
188 2833
1857 7842
7709 8507
7118 5919
9549 5941
1998 7997
7592 6587
6907 1319
7443 8279
4429 1644
3992 7350
1463 2016
6030 427
892 7277
9860 1184
1018 4101
4698 9736
960 937
9397 4420
6823 6482
2500 1538
9068 5133
3047 3381
7412 7802
5125 5209
3085 3895
8165 508
8260 802
3441 9692
4111 6794
5982 9135
995 8939
1147 5365
9769 2658
2211 4422
9895 8348
6015 4991
2808 5753
1606 8486
8043 6804
1654 8691
8498 7355
5450 1778
2617 2226
2234 1475
9259 9059
7205 89
8846 8004
7631 1752
368 1083
4855 3077
3192 7108
3396 7786
1029 1834
9617 719
7061 4754
1418 4428
9188 8210
3307 7067
2808 7706
345 6581
8635 3273
6059 3296
4986 3404
7921 8440
3705 355
7338 4425
1904 3100
4986 3338
9108 1106
6127 7737
6981 8811
3748 7974
3878 5776
3172 5906
2085 2941
9205 4394
9500 6631
7227 9153
6241 7603
8692 9619
816 9338
7695 5159
1609 5194
1057 4718
4127 8147
5058 4705
7239 3783
3573 2109
7984 2708
7731 6258
1357 5017
3321 9995
5819 5974
8123 8727
2446 2105
6866 1368
2769 7976
4105 5495
2291 2272
9397 8758
2652 6022
6133 1880
7027 9433
9700 8479
409 8655
3877 3334
6196 4734
8445 1739
4171 3166
2707 1723
8694 244
5282 6230
419 7141
7781 9420
4807 8965
794 2149
6960 4629
2982 1022
4890 5821
5614 2831
6899 2655
6342 5316
1759 9816
3383 739
5101 2728
5029 6597
2104 720
2847 2915
5494 4598
1094 3007
5489 7684
7247 5379
8048 7055
2445 7228
4291 6231
4623 1023
916 8865
8891 70
1019 9447
7827 2846
2174 2084
4765 7786
5031 5993
5017 7077
3769 733
7028 6327
3460 8769
442 6759
463 1426
9565 4089
9867 3411
3189 2489
6299 2991
1725 2021
9800 7401
9765 9847
7997 8636
3812 79
9160 8775
9362 2516
5473 8429
2439 1839
7609 962
8728 5539
7591 1903
7977 7376
1592 2804
9540 968
3241 6057
1897 6698
5592 4391
744 2014
2111 591
6403 7477
2923 4453
7404 27
8265 9604
9000 4274
1487 3443
3553 1516
6248 338
5046 682
546 5828
8216 7334
3017 4035
149 6463
9284 1228
8000 3088
4880 3394
9606 9143
7019 4499
8020 5540
457 184
2931 7535
3786 6442
3624 2532
7594 3212
7956 4990
1226 6180
1956 5685
3877 6271
1014 5752
2797 5943
7355 5522
9800 6335
1980 8014
5345 6600
6727 1514
195 8044
56 4168
2364 306
1509 3959
5662 4719
7203 6214
8200 7164
787 3604
3647 3897
7264 4448
2715 3661
6606 523
2701 3510
8019 2500
7711 2791
3259 7263
8147 8726
7751 1379
1234 3980
9238 5715
7439 1939
7394 3365
9754 7120
9428 8833
1156 283
7385 8006
351 2430
3416 5775
3258 6975
8183 9722
6010 6575
5129 9184
4813 7349
7946 7479
3341 8711
2264 4999
5733 3881
9958 9944
5284 1233
1218 4714
8800 9966
8867 795
7434 2414
8285 8707
9042 357
6071 2538
2905 2979
9873 8004
3922 3033
395 3465
4104 6046
1669 7956
6842 8422
4576 4393
9435 9477
10 8749
1581 3836
9696 3607
7647 421
2604 624
7805 8564
2784 9242
2273 4663
5017 1113
5676 831
5561 6539
1972 5176
5656 60
8090 8816
4106 6861
7187 3226
4645 9951
7919 4980
2767 9854
5284 9068
9795 4516
4040 1791
4725 2016
5200 3092
3334 7273
6106 6092
7060 5289
9153 8471
6410 2636
5766 5438
5607 5391
1009 5427
7020 6781
2420 7565
165 2231
1424 8429
5424 4444
3897 6974
5552 1455
1703 8346
6518 9541
8352 8899
3611 2296
593 8474
4337 7282
9720 5472
3062 4599
1824 1159
3907 4756
6152 3348
9264 6193
8967 7793
5419 7430
2306 4515
132 5427
5932 1039
2785 673
2740 4901
138 4380
6311 5598
9811 4219
7017 8706
8634 6368
3051 6789
5450 5137
8333 3114
4360 8487
3008 5833
5455 7488
7289 3083
1189 9099
9252 6759
2728 446
791 9750
2585 9427
837 1706
9754 8308
189 3427
4201 369
3209 4313
9260 6750
4464 12
5779 8543
7253 4806
6291 5341
6847 5768
3055 7669
2943 5869
3943 3267
613 5
5944 3416
3964 1098
2965 9281
1316 1238
8089 9032
2642 5351
5662 337
3238 7193
3723 9808
4612 6084
4878 9378
9354 6058
7350 6642
4908 7825
5409 9995
4095 6162
1103 2657
9815 3415
2456 4503
4176 4369
901 4143
9609 7551
960 7109
6840 9521
7835 5828
5781 6696
6843 1372
727 8999
513 7453
7140 4885
8605 440
8680 4462
6228 1339
4195 6018
6730 27
6231 794
8273 9911
2511 4769
5405 6452
9061 4575
1155 8661
4303 5065
3504 4104
5427 2234
1276 9946
156 3905
4200 1742
5176 8050
1684 5418
183 1001
9368 4855
3178 560
5229 9241
1393 4266
1977 6028
9047 4795
8408 2284
3407 7749
3192 8002
3566 1477
7049 4769
4509 9597
1990 8924
8331 4721
2574 8602
73 5398
6908 6356
9430 9456
5546 5013
2209 1197
9699 7014
9904 9807
7584 3999
1135 3776
1149 3928
9690 8398
8333 5451
4975 5253
5683 6640
2416 1366
8802 7436
9390 2193
1492 2637
29 677
6683 4921
2758 6579
4352 1021
9196 5306
1820 4973
7691 3853
3495 144
4086 6316
524 2980
3941 6000
7370 5205
6317 9919
6675 6672
8604 71
7715 4987
977 3769
4345 8906
7500 4390
7602 6735
8825 5487
2191 5896
291 2801
3856 6156
1240 9420
5633 58
5388 9911
5645 207
3826 8180
7309 7197
4937 1638
6642 1328
9588 5628
7689 5983
685 1012
5236 7749
7791 5535
3999 6357
1287 4201
7821 8955
4236 2745
7632 2982
8324 9952
7393 6964
3616 815
2620 294
3787 8477
8174 3946
3669 2232
5284 1577
1568 2144
6238 538
9152 2030
8181 901
3673 5277
1190 1725
4737 444
1597 2535
1028 6334
3861 820
1368 5975
3845 1484
3262 433
825 3190
7602 4606
7132 8746
587 120
7709 8187
1912 3118
4400 5373
2871 815
2091 5198
4524 906
6917 9963
3683 2235
6443 7636
6629 4496
9836 7500
6905 3529
3358 1133
9817 9367
6113 2502
7130 6624
1610 1915
4614 3365
7456 4694
367 8645
6210 4532
94 2222
1587 352
337 5149
9194 6930
1952 1434
9456 2963
3304 7897
4714 1695
2171 5839
7232 7431
3305 9305
2741 4173
5015 760
8235 4324
1178 1143
3601 5624
5751 1718
5163 8080
24 178
447 8732
9869 9075
2940 7994
3115 6657
8673 5660
2502 8085
6894 3767
3560 7428
538 1560
1003 6647
7360 4988
5442 245
5874 1820
2158 2727
3151 4022
9754 8295
6563 5005
7906 8997
8832 7010
7440 3390
313 3813
3103 8503
6236 8728
6845 8069
5798 2256
3978 1361
5073 5666
6278 6209
2041 6167
6821 3349
5952 8707
6618 7572
1130 7888
6494 6962
8317 9793
3927 8797
5643 6583
9566 9054
2134 7619
1746 8069
1215 6124
8506 6554
246 304
9448 6918
1467 2204
2931 3095
7369 9724
2717 7404
3252 6384
4393 2727
4196 9232
3364 3480
7532 9207
5910 7978
8828 2531
2220 3346
5934 9006
447 8315
3569 8611
5452 8722
3295 1752
2213 6345
1446 9843
4661 5077
3436 5123
3622 1468
3310 8868
8292 8234
4697 959
6741 7257
6200 2999
2839 1143
2532 4450
4426 2678
3678 6054
2725 2959
4394 6510
1300 4260
4112 1123
8347 4758
4139 3554
8473 3722
4080 1923
4249 9425
2974 4504
5656 6171
8054 8152
6945 6581
7432 5150
8812 6429
3843 8830
8592 4878
9512 8555
1176 1397
3213 1396
8991 2476
3716 2660
4797 5785
3078 3828
1195 1239
8040 3160
95 6754
1709 7244
8423 4696
7816 6776
9639 467
1904 1333
5534 5073
5675 1660
5160 8095
1115 5197
1364 8930
1429 4361
385 8725
3712 2777
8425 2729
3985 8050
8994 7756
4299 9888
796 6282
5411 2247
8623 1124
1522 1066
9274 7586
2131 221
5030 9787
3995 3344
6146 8631
8366 8224
6702 2333
6079 8215
9993 5907
4669 2039
2010 7801
9469 3833
3081 6630
2926 6729
8561 5304
2328 9101
5109 8414
6537 9172
4007 5300
5041 9671
491 7031
5562 5123
3949 6379
7328 9620
5086 8921
9768 6461
1588 8502
1877 6027
118 9109
4030 9850
5903 9346
3672 2164
9444 1589
124 1266
1786 6205
4875 1339
180 4825
4931 1809
1302 7512
68 8603
9336 8109
8669 1887
7632 9859
1292 8275
6609 4080
4623 6783
3775 2034
1620 6906
749 1494
9187 6239
3137 3619
1054 1333
630 2634
7631 1603
2844 7815
889 9159
8587 780
8815 8473
3701 5034
5770 8054
2806 8879
6383 6824
1084 6598
2447 3327
9148 1660
5602 7406
9726 6885
6849 7102
1172 1544
8585 8083
1896 1269
6606 3370
4100 8231
1687 2971
8329 8351
8087 6322
5038 6549
9558 3835
8437 3913
5778 2511
3961 1667
4195 780
8415 4877
1714 9684
3771 6388
9690 1526
1997 7827
2373 4068
5013 2621
3862 6018
2884 512
8548 9331
8219 7475
4817 5133
1522 4789
9692 4328
4369 8281
8893 3129
2443 219
3322 9585
1316 9786
7205 823
8215 6098
3686 2921
423 1735
9546 1667
1910 4584
5231 7181
6694 943
5156 1706
3317 3599
6295 3996
4401 3559
6965 6811
5739 4365
3906 7519
6524 9380
7425 7485
1176 2444
3718 6582
176 1586
1593 232
63 5292
1552 4862
7353 3350
6408 7685
9930 7521
2714 3
8716 2551
8420 5232
3025 5404
4987 3246
2003 704
8349 4501
7150 3748
8809 2380
9971 8999
8378 6312
8591 9698
607 4364
8028 5709
9868 411
4016 7826
2722 7553
5683 7983
8231 6336
7276 3167
5217 8737
5174 6035
8183 7467
480 7985
1378 3284
5476 9688
7109 8397
175 1767
2682 6550
2673 3490
2058 4009
1323 6034
1079 7064
3307 2977
2508 9406
8518 3318
9673 1096
7271 4068
3475 5155
6234 9414
7812 3716
7820 1042
9236 4789
9112 1628
3674 73
4180 45
7938 7153
7725 8158
3162 5973
7649 8233
3358 7724
5378 7242
2367 393
9944 314
1780 7890
885 2510
3981 4043
8298 5714
2528 3060
4923 3864
8183 1561
3639 7428
6813 2674
2102 105
9239 6155
6217 5987
3859 4765
9158 1815
1213 5554
4275 7766
6399 3043
2937 6234
4669 8651
87 3355
9999 2140
7924 7541
5887 1784
9087 4379
9000 2682
142 1596
7469 8699
2429 6702
73 8289
6812 1168
3527 8433
2382 5947
1329 7366
2604 3545
7352 6418
8098 905
4315 8342
824 2140
3827 4952
3048 1221
6702 5406
494 5296
8931 5279
849 9580
2366 3694
3592 8539
4332 6136
3337 5653
5730 2959
2970 45
8968 2543
6843 6457
6292 626
174 4433
284 9783
2843 3366
2414 2283
1220 8830
6737 9779
3741 7509
7546 4913
3800 3784
8568 7948
6768 9670
4436 445
8357 8464
7130 2113
477 1794
2114 215
2006 3719
7313 9464
2833 1826
8440 5832
6349 6358
4264 253
282 9969
1907 6041
6624 8163
4780 3113
7320 2759
4133 5430
8942 605
9217 1211
6487 4564
1314 4670
9820 4029
822 8584
6807 9676
2264 4090
3128 6367
5789 5062
9023 1690
6095 2911
4474 460
5399 1821
6278 6988
7901 5835
6530 190
1376 540
7653 5554
6928 855
2158 1721
4430 3026
5940 6881
4681 8009
9643 5160
2595 2822
8922 6725
2781 9486
8007 5376
8976 4584
9174 9503
2960 1989
3395 5775
9664 3971
3305 8146
3412 8281
4206 6127
8483 676
9373 4478
4412 127
7974 3752
966 1931
4662 2199
7806 9022
5815 6308
458 1223
5251 3353
9156 1741
8001 1560
4925 5089
57 2242
2375 2441
8533 9946
4325 1229
6122 8089
2912 1901
938 2953
6383 890
6256 7375
1082 6391
1488 6056
6511 3703
9912 911
7979 1529
260 2704
4250 4008
884 7980
9832 7332
3775 8463
2717 8995
8701 8443
5324 2686
8487 850
7859 278
4205 6212
488 9131
8642 5305
149 9271
8001 7722
7317 2534
8872 3743
4910 864
8577 2889
519 5446
5805 3567
6274 7474
6303 2789
9280 1448
3473 5182
6937 4682
5239 5890
2381 9203
9948 8830
6243 6844
7001 3094
4476 2517
1818 1676
7034 7689
6491 3143
8931 8217
9682 1131
2565 1328
4148 6067
3909 432
8746 2932
5463 4733
1133 3041
2413 494
4933 1550
6107 8203
1713 1741
4000 8644
2650 1656
6861 560
1518 7566
3936 4202
8365 8236
5513 4743
1230 6988
5878 9402
6158 9434
9303 3234
2966 2327
7535 3324
7100 9781
9795 2115
1588 7695
4709 3297
9454 3783
1128 8187
2603 2850
2768 1665
7412 3122
1209 8084
1065 3514
4213 2316
7525 16
5202 5947
7578 3579
9237 9684
8418 7347
1391 4172
1939 326
40 9110
1914 9210
9787 1273
3318 1981
8122 610
3205 9881
9763 6259
5121 4057
5499 7971
4873 1831
4882 5035
9924 6031
2250 4391
9065 929
6737 4424
8222 5983
9751 5143
2947 5537
8981 7641
4506 9044
8433 9011
4203 4818
4115 7075
7092 7817
6318 4978
4871 2892
6339 8180
6253 5620
6135 8063
931 9360
5433 5924
5924 2059
5961 6845
9576 8072
8337 9392
8383 2818
4195 7484
4471 1638
1129 6365
8099 4001
5248 8569
4527 4922
8752 1995
4069 6249
6155 3030
8766 7710
4906 6448
1280 6152
6096 5111
7723 4507
290 2840
8216 2497
7206 4054
5157 9662
7802 8105
2070 8555
8010 7757
2741 634
6645 3873
3569 2191
7864 3954
4268 4843
393 3522
7175 4033
8318 2043
1819 8420
9709 3356
3221 2961
4403 5382
6743 7526
9498 5433
3689 8675
5530 709
8370 3437
9578 9180
8835 3001
6400 2763
9261 4524
2521 2913
962 220
7424 2757
3168 8250
6033 5547
6912 1643
2068 6183
7052 5808
566 2404
5126 3631
1643 1970
764 7162
2590 3002
9498 7019
1983 2940
6555 4990
6326 9909
3549 13
6188 4687
7349 7126
4996 7918
111 1040
9993 6357
916 2536
5001 9843
4117 518
4991 7881
654 8010
5049 9591
6820 9111
940 8943
5823 8928
4813 7627
8419 5992
8513 9779
7530 1688
1836 7214
4431 8998
472 7353
4591 4012
6852 2436
6947 5394
6381 707
9858 8089
3513 4675
5056 9457
5299 9009
2902 6143
8966 4761
2502 1576
7514 9366
2812 6958
7032 9648
7549 7199
6428 3090
8316 7313
1435 7684
3488 4260
2212 1228
4183 3256
7040 8313
1107 1714
7959 9378
2876 7191
9059 5912
5483 7910
709 6410
7881 4386
5377 6124
4361 4108
568 9641
3940 1326
9785 7413
7481 1847
6466 2199
6981 3203
7457 3282
2166 4854
2195 5382
9443 9099
4898 1004
63 1626
2404 6678
8512 7892
1419 6856
6863 5122
6502 7466
6518 4898
4443 9931
7042 1080
3446 341
5012 6242
7937 819
587 738
2948 2461
6807 4060
2566 4143
1834 5681
5830 9116
721 1500
2261 9800
917 5886
2744 6730
8068 5496
8908 9984
5689 1346
607 6172
5833 7036
1267 5762
7039 4989
157 3273
4128 8488
3002 1877
3016 3891
9332 5367
9797 4389
8508 3967
3294 4687
5080 3679
3813 998
3607 5888
5107 3256
7552 281
6203 1522
8285 5922
1027 5381
5000 4077
4792 5133
1958 1273
557 6424
7752 9108
2203 242
2599 9413
6599 193
7486 2051
1761 3007
8570 5499
1810 5396
5884 7392
9664 2766
3254 1825
1177 9686
7945 7535
2005 588
1923 7899
183 8041
3067 3609
5433 436
6404 3445
1162 1504
5512 4154
4440 5030
3317 5639
30 940
3959 6209
348 7016
4343 974
9016 2979
3583 2477
7753 3841
485 3671
9839 6870
6170 6522
122 8098
2088 9602
5754 4848
2296 2968
9740 2801
2014 1815
4986 1040
7380 556
9202 4710
612 2972
732 6401
3796 4432
4515 8099
313 9104
3098 6373
4471 8261
1301 9319
5731 8233
6179 4888
4882 7369
7202 4106
8773 9788
6486 9014
7793 5961
3907 4667
5032 2864
5168 7256
4243 6383
2221 1319
464 2968
5555 3391
9548 2320
7480 905
2475 2410
1231 1205
77 3170
7866 525
3444 3967
8680 3043
4437 7777
2297 1925
2016 4784
65 7581
6797 2556
4650 2131
4388 5628
9609 7417
2602 4022
8029 2650
8315 4127
6369 5759
3246 6360
3152 379
2193 6406
49 1709
5379 6196
7141 8309
1932 1545
8658 9133
4373 9565
7743 1619
5483 5210
3989 2908
6627 5299
2863 2527
2155 9469
4201 9732
4025 5732
3635 7207
5754 2453
33 6119
3943 8841
4811 797
8993 6530
1295 9725
9031 5168
5100 9349
6930 8738
1692 4001
2618 4357
1980 5020
8980 599
1339 892
6591 6862
9207 4199
7890 518
3389 9465
5469 8692
1684 5297
8723 722
7786 2609
6069 6310
5110 184
1401 3472
9626 1240
5397 8963
4004 426
1946 3004
9496 5325
9473 9461
1316 7974
7285 2398
720 2017
3942 9791
7370 6029
4639 8913
7822 5205
8089 9153
8091 2623
3674 8952
8419 1164
7649 1417
2965 4872
4850 3125
314 2753
7023 4169
2218 8150
3387 3316
7908 8199
7554 7670
6650 7047
6171 801
5157 2543
6389 6089
2543 6153
5318 6071
7221 8094
7772 6183
6132 2219
6086 2633
3879 4114
2330 8377
9684 8784
1119 2176
3077 8569
607 7859
9389 3378
6765 6374
2589 5724
5588 9797
9945 5369
8133 7277
8653 353
3641 894
1853 2789
6737 817
5368 8154
9937 9952
6179 3111
8850 5603
1987 745
7575 9912
9302 4880
8407 8890
8009 7462
2234 3114
2877 3188
2498 9524
1893 7197
5272 8410
3916 7723
540 9858
3269 819
4957 9178
455 2875
1844 4314
8999 3872
3471 7921
3637 1665
6862 8218
5914 8268
4393 7145
6764 1376
1643 345
8401 3564
493 9734
2572 6095
8209 1381
5915 2110
326 433
4246 4676
7273 5596
1122 6463
8404 6567
3627 1138
2409 5987
7647 4211
6927 7207
4318 4762
4139 9887
2120 988
5758 3960
2591 8710
3977 1138
3667 1024
2028 1591
5193 5724
3604 4839
5707 7357
5646 9776
4720 8603
3453 3076
8908 3738
4203 756
1640 4285
1429 8306
9223 6861
1056 5235
4809 170
3290 7878
7159 7606
6281 961
1352 1433
7023 9056
8565 6473
8613 20
9064 9556
9359 7678
2826 258
7332 5060
5603 9007
7384 8577
5140 3935
6351 7588
3188 6463
8089 2328
3945 4442
8539 5557
293 4319
3770 1424
1766 6137
823 4435
332 3085
6909 8256
9102 8659
2093 3884
3054 3636
8125 5732
7022 1214
5817 3381
6164 4050
5043 8655
2196 9389
7409 6931
1210 9615
5204 6138
9506 1241
7674 8021
1748 2879
2264 1006
6118 2392
8366 4551
8056 7990
2986 1121
1116 7656
2971 9818
1727 8525
9926 6345
4394 5976
8935 8049
4576 8111
1409 3648
9552 2320
8514 740
2360 9442
3282 7868
4138 1794
6779 8866
6729 5688
666 6693
5860 3192
4802 8700
5107 947
7836 260
5332 2501
1194 1491
9558 2068
5272 1510
3014 4395
7975 1915
8795 266
5692 297
9884 1074
8379 7508
7 4003
8877 2810
1700 8163
1887 4937
9052 157
46 9204
8465 4589
6793 9313
7515 214
794 6474
2092 224
98 3032
7710 2296
2130 7186
4160 5234
4332 8005
7032 6622
7847 6384
4791 1657
5163 151
4949 6139
9718 7374
8088 9490
1694 6028
718 1347
1481 4641
9924 6468
4954 1294
3524 3730
2575 2686
3696 398
8404 6508
6290 4257
6162 8638
1447 4067
5806 9263
9923 1672
8301 9623
5239 7290
8648 7416
2114 3242
4369 3049
952 1109
7250 4993
1354 131
902 2644
5953 4260
7451 9463
7791 5712
5437 7845
1720 5556
8752 6760
9239 6279
7481 8840
8072 6666
3072 7851
2001 3035
6088 5822
1914 4864
2566 1745
5101 5987
9965 4094
8525 4399
6086 7706
6443 9015
973 9343
7953 5594
908 9355
1334 574
6497 3731
8936 6281
8744 7802
1842 6440
8295 2570
915 8983
5739 4160
2388 4344
9683 5342
6553 9410
3644 245
3718 1645
9135 215
6019 659
8554 4408
9933 1945
5562 6141
1666 2869
3657 8155
6960 3085
5795 425
7422 989
134 3504
7790 520
2403 589
8258 3025
9009 753
2044 9190
1554 3386
3238 459
5547 671
6888 78
6991 8995
4166 7994
8739 8783
1421 3299
4531 4606
1435 1510
6056 3309
6785 3622
4857 7555
2396 7584
5827 5342
1901 5924
5586 2977
6170 5529
8812 3199
6833 7511
2562 27
331 1366
6886 768
3970 6515
6036 2905
6807 5644
7092 5744
6019 825
8654 3461
8944 7803
6831 9461
1779 4182
1959 3451
9319 4963
9503 7051
2298 7437
4360 6373
1905 9469
2377 1054
9163 5948
311 7631
7136 2041
2416 1004
2988 7779
4934 3279
7605 1913
2101 3258
440 2125
9598 5085
874 9160
6456 7466
2901 6040
104 7861
6161 3676
1972 5623
7732 7439
9987 9087
3891 6774
8602 8315
3847 7381
8433 9828
8436 3095
1858 141
7000 4988
49 2099
8378 100
8311 8087
2084 9595
2159 4098
7946 5383
8421 2827
5253 6460
9018 1355
4539 7027
9250 3980
9152 589
2716 5339
9648 5910
9819 6205
9249 4849
2125 6171
8612 3352
1107 5189
4230 4845
5931 8897
5838 9022
3967 1798
8474 5777
8344 2450
3666 2656
7882 7201
3056 7717
2537 5293
4135 5256
8289 4102
5381 6703
9780 4504
4545 6386
1079 1758
415 2428
9724 541
8739 8163
4947 8419
2581 821
1314 4371
1257 6468
1510 210
2679 6733
5083 3242
3404 1721
699 541
489 5598
2721 4833
1504 3077
8740 4825
7133 3119
5673 2523
3387 7118
659 3293
5500 9807
8310 3596
542 1490
9912 4029
652 890
5248 7288
7396 3589
5316 8988
5767 2406
6183 8096
7128 1718
1299 2981
6016 7848
9464 53
4393 7765
9082 3034
2474 6756
8530 7232
6954 5238
9353 4531
8752 6018
1162 6718
9562 5663
2340 5758
7444 9870
7359 5264
2465 8509
5775 2648
1834 5110
1135 2134
6007 422
5967 4837
3140 8046
5181 3381
4321 2602
2291 4758
3746 8218
8791 4263
4876 8167
6979 4180
59 7444
3008 9302
2877 2651
7560 6141
2142 3954
9377 8102
8149 4138
6392 9227
3418 1912
2182 6629
7717 3800
7172 3591
3695 58
6079 2252
8573 9722
2025 8811
1843 4117
5535 1730
8070 3901
5902 6507
8666 7401
6529 7795
1461 7240
3018 6840
2204 9911
7212 6049
1920 7412
5221 7348
7375 1481
1758 4706
5639 3223
1127 7909
4750 8722
2832 8015
4278 1148
8945 8912
630 3136
471 5514
3088 8748
1366 5849
2692 8296
9317 720
5241 8583
2301 694
4639 9334
8641 781
175 4462
5990 6711
3734 1494
3221 4913
7850 6398
6219 6081
9954 2232
3739 7781
5845 7044
5850 3165
9228 6278
3517 7857
5004 3580
2810 6484
6619 5307
1689 710
9349 817
6630 5184
9549 7783
8103 4298
5046 7349
4640 6134
3988 5125
8496 5083
6218 3093
7179 1101
8689 5591
607 2489
4741 2439
5444 4461
9875 2174
7190 8539
2144 5698
7633 9198
3521 9296
8871 2745
6024 1654
5277 556
2167 1151
7881 7487
5342 1426
3711 8611
1445 6084
5925 6994
162 669
3174 4027
5728 4855
3144 2201
8193 3868
8066 1489
5967 748
8072 5746
2691 555
3396 9609
7276 2368
487 8348
5498 6335
3377 3216
4587 9302
9195 7833
7728 6056
1724 2639
224 4107
1393 4090
6588 4464
6774 5898
3974 6012
5172 4265
6551 7289
8813 4906
9828 7896
734 6592
7607 56
1434 3806
1023 7995
204 7557
7902 54
3126 5207
1743 2926
6234 5072
3813 1687
1490 3884
7553 2502
7232 9098
8851 1215
2004 4951
2582 5661
9851 5581
6761 3758
6132 2864
3802 5784
253 3087
9388 6087
4063 2572
3130 3054
8110 1520
3549 2883
703 3396
678 1465
5278 8603
1107 6838
8393 3203
3126 5093
9699 3746
8211 4641
7830 6924
9433 1839
4487 6826
2021 5826
5162 8349
790 1348
3700 4486
9003 2123
3121 1222
2824 6810
4095 2246
4533 4787
5058 2220
2068 8266
6064 1487
3492 7730
4836 6697
7332 8084
4665 3842
1443 563
8345 8982
8495 4305
8852 4925
1140 9926
8983 9376
8441 5684
6800 2494
3305 4610
9443 174
5730 4899
7843 8710
2566 6493
5507 1046
2171 1477
8057 4431
8034 5883
7094 2689
1170 1098
8640 9540
4690 2681
4838 6180
7103 6310
9572 866
1294 4670
1608 7692
4601 6641
8113 8788
952 3703
6605 6533
1210 3113
3394 6042
1815 2422
7008 8840
5500 7574
5289 7893
8949 5038
5455 5809
9687 6332
1369 196
4972 7354
3098 3790
1796 9383
6806 7241
5760 2016
1904 2904
8275 4794
1594 832
4201 9517
5352 3905
4918 6704
4015 1424
4942 7745
7967 501
9550 5742
9031 3050
3815 9235
6778 4561
4518 1268
336 1517
9376 3810
8189 1334
7597 1614
247 8349
9459 3881
8272 123
9005 5433
318 3151
9741 3038
1506 6336
6274 2777
963 9075
9811 1014
3217 483
3573 3832
7261 51
5639 2246
837 3714
5085 6858
8182 7400
242 8318
7632 5728
3 471
8120 1989
4164 8549
4920 516
6418 9719
7871 5039
944 5995
1498 6973
8609 8111
9090 7204
7954 4218
9069 7024
960 8956
8585 145
3682 8969
2689 3020
1962 8075
25 8076
4488 2978
2697 1459
7717 7416
921 2600
2982 681
9149 2410
1317 4670
3414 2854
3740 934
1127 9236
4378 1741
3364 4086
5716 8589
8289 7007
9511 6158
1226 735
6080 978
8838 3554
458 6001
8562 3920
8748 1710
4358 873
7859 7981
7608 5510
1353 5725
3904 9054
8612 9837
8669 1061
4614 6882
4376 5600
8032 1165
6242 6205
6479 2636
8137 8485
4923 9105
360 2097
6284 1417
4173 3991
8236 6758
8625 6098
4305 7718
4875 4455
1477 7324
7091 8209
2423 4235
5942 9196
8760 6633
4068 220
1198 8719
5321 2616
2185 7592
1583 8980
7332 3528
6121 9457
3934 2105
453 2813
1163 5750
2703 7924
3430 8673
1057 9899
7708 8051
8441 9003
8821 413
6840 889
1594 7582
541 2781
2381 4222
6738 4398
866 731
2910 9292
6268 5952
8465 5128
471 1896
6170 6114
7701 1975
5486 8114
1073 8018
2698 7483
5223 1597
4419 897
6891 783
9194 2532
1583 6068
2752 5733
966 7887
3876 4633
1142 6414
1055 3040
577 7710
2912 1695
3527 293
6969 6359
8042 6782
8163 2642
3300 7876
4473 6387
6525 2674
8965 5452
554 3448
232 9023
8445 7855
9776 913
5391 4759
1584 323
4716 7422
9589 5670
6379 253
9001 4421
2593 3426
8046 7997
8043 5231
3232 4616
2786 6408
8397 5587
9109 3529
6056 4907
9958 7061
108 8501
8471 4694
7770 2116
3971 140
9086 6778
560 535
2318 7031
2109 9133
268 9465
6167 7148
2593 9727
2058 3525
2383 5327
835 8770
3305 6622
1313 4268
7573 211
8861 421
7224 5566
7851 381
3172 8903
293 9474
1502 6513
6944 6717
7498 8371
8594 4672
2534 7878
8029 6444
8526 1971
7181 393
8731 628
981 2151
6543 3652
1463 7488
4701 2746
6320 8866
7249 1824
4190 8718
6198 1053
3629 5640
2091 5189
1356 8349
4606 8571
3931 4073
3759 1817
3300 9172
8929 2606
3244 3410
2735 2112
8215 322
2691 9475
8797 1220
8397 3376
206 2388
2233 3852
3466 2807
9417 1913
3569 3945
7469 744
1432 320
2708 7346
8246 7931
8306 6493
9618 4706
8785 203
9205 1800
2692 5235
2294 6619
946 9596
3610 9143
7410 6108
3248 9960
5818 5229
5622 1317
7231 5562
7885 9155
2556 7153
7124 6100
8034 5389
6018 4073
2137 1415
2221 9061
2889 2289
9927 9338
551 3262
2038 4351
5075 6123
1054 4393
1515 8049
6748 8088
2698 5226
6824 1702
4231 3115
8429 4012
2691 7246
1937 2098
2303 2314
815 2678
1901 7137
3371 479
943 5832
9924 2895
9380 5290
9437 321
1097 8637
7889 1441
1234 3010
1618 5935
9325 1534
8710 6879
1985 8801
9299 2021
6241 9976
2453 3052
1560 1286
6674 8956
5791 1172
3519 7924
5652 5395
7577 8617
8901 7437
822 4307
559 6150
863 137
4583 8351
8640 8908
7471 9959
5545 2660
8785 5557
413 8062
6474 2269
1055 9587
3000 4890
6152 1796
9383 7133
8019 8766
9553 1958
3580 1892
6466 1635
7308 2551
4056 5172
7340 2541
5933 2407
7676 573
7482 4291
9099 7908
9435 5304
6356 9713
5271 9978
1213 5777
4957 4462
8011 6455
5319 2162
4113 1697
1865 5412
8002 6852
6165 1712
1159 3438
3818 9026
5732 9589
8763 7474
1059 2842
3759 4532
636 2664
1271 8735
366 2788
170 2920
290 2368
6659 743
4951 4162
8382 8622
9813 4005
3158 6215
8561 6306
425 8876
5027 3089
5585 831
6815 9891
3677 838
5217 9282
3642 1276
5852 6758
5879 2391
4300 814
6327 2827
4395 3038
8475 150
5983 6799
9803 6408
1173 7762
5617 9522
8485 1485
7621 1441
5187 1189
8686 5602
983 7038
7556 7592
9390 4934
1535 5693
6791 49
2426 3735
656 4713
5668 1
5837 5039
297 5824
5843 3363
4206 7097
2158 6883
5762 7245
7778 7009
1030 1784
4899 7776
1367 3077
7431 9776
7595 3864
831 2450
2202 8528
9410 9865
4395 960
2326 5487
8955 2654
4471 3852
1135 7652
9536 740
1448 1937
8653 698
1831 5729
7719 7921
9204 6975
7477 180
4672 7797
4148 1937
5529 9710
3160 4114
3266 2826
1944 4528
5794 2711
807 8345
9399 5144
491 6758
5250 7492
4669 2298
9740 2
3516 1042
9365 5323
6054 7976
3289 3766
9532 3204
1547 582
4256 3447
6673 9456
3653 4176
2169 1068
1689 5593
371 4121
4658 7847
8933 3285
7552 9693
3708 6741
6710 4875
6832 2558
3760 652
8586 9752
5909 1499
9095 2184
2559 931
1066 7212
8124 9936
5096 6249
2251 5056
7008 3864
5937 7694
6201 6321
2664 1780
2022 4855
1837 9646
3600 453
6713 4485
2975 4973
7741 3312
1527 4301
3901 6432
1476 3110
8224 6914
9007 6704
8952 106
801 6811
4278 9753
4800 1147
8984 8502
7709 9097
4742 2540
3648 5997
2031 8890
3069 8210
8431 3872
6715 7459
8468 6855
7781 8524
9450 2529
6046 1512
2827 4976
9249 5696
8987 3007
658 1851
8501 5188
4177 1308
1289 3216
8072 3241
6792 2361
850 1129
5311 2997
198 2694
1867 1482
1002 9085
8948 448
893 3819
4224 2874
2859 5977
7801 8098
6742 1713
1772 7531
3983 8824
7736 7529
6203 8195
2214 5710
6277 6718
5121 3883
5461 9611
1049 9505
7406 3734
7244 5516
446 7096
8904 4328
4074 2877
5842 3078
1612 9625
9087 4349
6812 4654
6130 3447
8139 9378
5127 6939
7971 7989
3302 3434
8039 4500
9025 3753
3240 136
8558 2858
4398 3793
7809 7956
1745 1941
7158 4674
4347 4572
1595 2312
6544 553
3313 8422
9436 5162
4268 1174
9075 2366
4931 9522
1288 30
103 2526
6612 4964
3941 980
530 2379
3153 725
437 9083
5914 5103
2901 1916
83 3885
4029 5548
2326 2473
4678 2931
2181 8268
6369 4887
2725 3187
8084 2986
1140 9806
3427 2611
9830 300
9491 8600
5374 1566
9039 9719
2223 8484
6318 4848
8011 9484
2602 3907
1611 9306
6204 4508
8742 7356
4051 4594
4974 618
9015 2676
916 2904
769 352
2039 5257
9029 8846
5488 5802
9457 1079
665 9623
9778 8305
637 5810
650 4504
2793 6978
872 6021
6371 5833
7810 2923
6126 1549
3674 9233
5658 8771
6743 704
7229 3691
5973 1649
9653 2528
8996 7835
2530 3812
6902 2357
763 5240
1254 7292
2494 4918
2111 6184
6645 7571
5715 6923
5039 4532
7944 3924
6634 9132
8154 2410
645 554
3505 3052
4532 3710
2278 3469
6135 295
1784 3115
9045 4389
4027 2949
7525 1806
9980 3002
2216 7265
5866 654
1989 1552
3461 6580
6085 3880
2593 2672
1120 4255
4752 2285
8717 8276
245 1716
2410 4552
8024 5378
7507 1344
4876 8867
9183 9453
5746 142
4468 4897
184 6103
8038 705
3027 3439
8786 7551
6985 1512
5187 6811
7383 7822
8730 6822
219 2600
8156 2182
9837 1342
1300 7139
3373 4238
2631 2572
9305 6465
3617 8573
4377 9654
9782 8475
7231 3586
9370 5660
4651 7451
1573 1065
3443 2404
3891 9115
5749 3291
5500 9729
5642 9628
4962 31
6520 5137
4637 7701
1600 6370
3199 942
8608 2520
2374 5462
8715 2044
1273 6363
3730 3524
3181 8864
1910 6288
3183 2013
8923 9919
8172 5458
9061 4676
5165 8948
4067 4706
6870 8442
6884 1403
414 6134
4363 4224
8566 2935
7275 642
6996 6224
6147 8640
3483 3478
9067 9962
9766 1552
9591 8828
172 9796
3110 5636
2982 3545
6379 786
4920 5004
5427 3152
1248 14
6188 4700
9483 4373
3810 1128
3991 2287
717 153
1250 1148
4691 5094
302 6342
745 9617
6378 4343
5719 3001
2473 2735
6087 9573
2602 4678
4287 8980
8265 882
783 828
9104 2023
8583 1207
4884 7837
6407 4394
6017 9548
7943 6812
5373 3712
9036 5179
4536 3910
6192 4828
5182 1504
9352 4839
4144 9873
8629 1720
4771 5649
1248 4465
6232 9917
374 7439
7093 6748
52 7049
8521 8969
779 8452
7833 3219
2367 2098
7995 899
7175 5983
7411 4431
4439 3539
2908 540
4491 6430
599 8037
5263 3158
7378 2739
8459 4689
7962 9103
8924 234
4181 713
3158 4382
6613 2535
2277 2287
4854 4986
2033 7535
540 8228
9248 2192
579 8379
6519 9709
4619 3198
6091 8834
8897 3878
1700 1416
3252 8256
3779 6204
5678 5266
4419 3187
9301 4597
7681 2731
236 3275
111 4932
4276 2893
9294 6435
6953 3835
9097 7650
4890 5875
5409 3423
3732 4254
9867 5084
3045 3865
7891 5945
7226 5143
5119 7575
7438 3022
5020 444
8033 2861
445 8220
6564 9327
699 9358
4580 2215
2992 2982
9503 7080
4045 4547
2247 6561
443 1329
5845 215
6095 9375
6002 3793
4721 5282
2712 5759
4495 5581
1957 879
543 818
4046 4106
2687 7862
6369 28
3226 3503
3362 4761
3589 6084
3164 3350
4002 4642
6423 2971
3331 725
6505 1210
2475 1886
4112 1567
1686 2742
5464 205
7428 4080
1484 2338
3928 9455
145 8786
4228 7114
5494 7909
8770 8829
4522 5313
2544 6600
4821 5976
3583 1174
9013 1531
8094 897
4287 9680
9529 5328
4658 7656
7275 4150
5027 3896
5487 2018
1413 7210
3795 1458
2277 665
6877 7898
1077 4666
6355 4469
8588 7476
3799 2148
7593 4042
4293 8176
538 5647
3361 3323
2935 2631
7430 82
9964 3585
6097 805
3810 4114
194 667
7912 9154
5110 1921
2609 2474
4466 636
281 3162
4431 2085
5938 9153
1253 8489
7638 1682
9407 7903
7586 3108
7281 9707
116 7229
4663 8401
23 7382
3266 2530
1020 1466
4145 311
3876 2718
643 106
2000 8644
5486 204
8573 9921
1866 8978
4869 2322
8380 634
8210 5171
2549 862
5195 6373
5319 9759
6954 4732
4692 5040
7947 2784
3157 132
8210 3462
8326 8561
424 6391
5068 8256
8372 6099
5991 4063
233 3606
9864 5588
1767 256
8550 6421
6422 1893
8001 6906
1208 5516
2094 6929
1656 7904
3031 2427
5570 2499
5874 7070
2605 7149
1039 5527
1068 2337
3981 7572
2598 9117
9117 1208
2402 3483
1902 2054
2653 3224
2862 3358
8265 3793
1202 7971
5512 2377
8961 555
3091 9892
9841 5804
6700 4002
6045 8610
7517 698
6716 2243
8048 6693
4443 8477
3000 3217
7402 1852
15 6403
4352 6989
5710 2896
682 1580
8878 9531
1130 9884
1411 3132
8631 4400
5493 6397
3009 9016
7227 8182
1001 2740
3402 891
9094 3522
9662 3358
3157 6100
4973 2793
607 6308
6759 2147
8647 269
6120 6933
2572 3734
2902 5783
22 252
6111 369
5086 8062
9484 7516
4190 2927
9999 7120
1103 1149
9310 5398
537 4923
1810 1505
1867 1257
5043 1360
5790 1706
1222 2876
3735 5413
2836 2564
4051 6741
4232 3655
4200 6939
4943 1384
7024 6236
9669 9275
4935 4155
2079 295
6284 4140
9566 3026
3105 1071
3113 9605
3612 5326
1048 5331
1235 1079
1279 361
3656 6908
1508 244
3249 2501
3892 6899
4895 2777
5250 1288
5511 9888
8445 5976
810 7937
4433 6153
7454 935
4568 7461
6293 8301
7883 8370
1313 6988
492 3633
7165 2082
4771 7898
4385 5048
2559 1713
7555 2368
2757 1376
1221 5612
9174 8028
4887 8468
6647 8228
7144 9232
2580 7245
2900 2714
6123 1921
8664 571
8124 4106
9355 7572
168 8197
266 6564
1989 2063
6200 522
1254 7262
8781 5630
5091 47
6824 1985
7013 5765
308 9174
1432 2848
4615 2946
8878 6073
8878 7975
6991 5667
251 2471
9188 7028
3207 5851
8540 3598
1073 6997
2367 8651
2366 3590
6012 9162
8907 8166
1550 7169
8978 3183
5830 6009
7396 5811
2662 2196
1643 2646
5899 8139
3706 1251
5106 5935
4508 2306
7992 2943
6703 2565
5462 6174
2907 3894
4871 4745
7678 9864
2854 3177
8297 5521
534 8613
4929 404
2054 9524
258 9085
1033 3426
9046 872
147 5734
8619 382
618 1671
5515 6884
7415 6398
5822 2574
384 3122
928 2774
6083 4794
6707 5212
5075 1149
376 2124
223 2677
7482 5389
3758 9084
850 6646
2789 5178
786 3573
4790 765
7510 7942
2817 1595
5632 6114
9742 6136
8160 5593
5168 3352
7790 2400
1030 8746
139 9948
6857 5999
8591 1947
4743 94
8493 4577
3281 1613
2422 8847
7980 3781
5570 2230
5114 654
8328 5258
8309 7877
4046 2726
8138 4353
3228 4100
9856 4951
4044 1223
180 3034
9515 9933
8635 1401
6752 423
9484 1341
1999 3245
7500 4499
9665 5487
736 9032
4366 719
2456 8430
1066 1493
1105 675
8452 5644
7680 4486
8505 3084
804 7137
6698 7676
8097 9903
3673 8742
851 9689
4435 9282
1713 929
1198 308
8934 6179
1687 216
1012 8681
3529 9679
1469 1191
4540 6166
4217 1372
6806 658
7691 8562
2423 9148
9513 3663
645 3624
3194 8567
3570 4878
8302 4742
9980 6250
8334 6622
9751 8728
6056 6381
3903 1016
7677 7579
5118 8196
1767 6940
976 2977
2037 9953
9947 2134
9645 7860
6602 1739
6670 304
9412 3610
1782 2373
1766 2508
9125 5741
9401 1458
8086 6121
2551 1545
323 6930
4406 1637
2860 2817
5606 5499
3369 4367
7380 5612
2718 3349
5019 8253
3631 1939
6083 4083
9991 6569
883 377
8341 4171
6612 8972
7721 8987
2851 834
3840 6987
6438 3205
5504 4134
779 4468
3945 5783
8671 7553
5868 4212
308 5626
7677 9409
2547 1567
6967 758
686 4138
4457 5242
6444 8383
7603 122
761 2530
653 8922
879 714
6111 9745
3601 7115
8006 2207
5420 4571
3938 9634
6361 7264
1952 2858
9205 6012
5824 6194
9009 9640
5874 1546
495 9200
8577 6088
7783 3818
8954 3397
6086 1883
7108 4547
1533 9675
3558 1712
6072 3920
5602 9956
1897 4876
2384 9784
1859 5341
3058 8877
1178 4381
6479 5434
8542 2913
8491 2157
200 4986
898 2724
8985 1499
4152 8459
7435 7970
6209 4929
3874 9527
9403 5265
6176 9279
3865 296
7798 6213
9028 3784
7909 6221
9592 7445
3227 3580
2488 6510
2326 886
4991 9999
9581 4919
4539 2304
7075 3587
359 8493
3091 4846
6250 3123
2846 7694
4848 7011
6078 6813
5680 3444
5508 1798
6976 2763
2115 1178
4606 911
6848 2671
3275 258
3475 2537
532 2189
4472 4573
5339 9004
8997 7846
4742 8866
6186 4592
6755 9333
1858 1492
9025 4176
8366 5522
9382 8091
719 1908
2889 9189
9943 9411
8151 9681
8537 1010
6273 803
4101 2270
1013 2094
4460 6466
5119 4447
3282 2124
455 1954
4834 6455
4128 4905
986 1271
8217 8948
7257 337
5950 4116
2662 7839
4894 8989
3654 7033
8323 8505
1780 1443
4142 9945
8358 8914
7702 2785
5151 7441
8731 3907
979 318
7389 6259
3695 1406
2415 7060
8232 549
3078 6140
3597 9441
7599 5482
6879 655
5970 3342
2808 9777
122 2451
1806 1496
5023 143
1614 5259
2869 1007
5594 1839
574 3350
6632 8160
65 6043
2002 6192
9030 7859
561 334
9596 8728
528 8118
4618 8936
3279 3892
1275 8843
957 6727
5417 4587
8694 8585
5048 7015
8993 2665
2962 6124
8645 7383
7872 104
3203 9425
2791 9967
315 8185
4283 53
4196 389
8600 975
4565 3412
2430 8447
9402 2408
4086 3906
3007 5808
867 7509
4631 884
6535 3005
9332 9796
6002 9904
7026 1256
6011 8817
7938 4429
4521 4530
9569 3115
599 1759
9782 841
1078 9814
1237 7002
1245 2449
9151 3175
5506 3786
6586 2058
2070 22
4149 4879
9178 9000
1383 5492
2947 1657
3577 9914
9667 7938
9287 1566
2913 4248
7760 6915
2018 9839
4656 1302
3218 2657
4920 2621
6329 3930
1544 9293
2614 2695
8532 7655
2962 775
4620 5272
6679 1423
5906 1031
1310 1833
1615 2817
2794 4189
269 6153
2011 860
8296 1057
2842 903
6824 2348
626 7243
7362 6381
2122 5176
6556 4607
7134 5332
8844 3905
3855 9210
6201 5010
7486 8266
4467 4760
8559 8878
6087 4276
4023 915
1544 77
2069 5745
1850 6497
6729 2035
9580 4713
4746 3841
5056 1061
8222 6690
481 763
3841 3157
6866 1979
7493 9284
1392 4712
3813 509
5688 3210
8159 4301
7851 2601
8916 8146
1154 3763
1145 5863
9870 8902
7883 952
9602 719
5821 1791
8 7888
6629 1403
8535 7643
851 3262
8981 1175
1641 1684
8727 9682
5462 1187
7161 5794
943 1107
9813 1222
8574 920
8156 1312
8597 6494
104 5273
950 7821
1891 178
9224 7823
8010 6293
4863 4855
8639 491
5983 9834
9030 6875
4209 3678
3504 5008
5967 3863
1640 8844
307 715
8242 198
6370 6230
140 7127
5011 4431
2143 845
7338 8504
4526 593
995 8735
6094 8718
7547 877
5984 3340
4369 8938
1444 7251
2289 4163
9628 7882
5786 325
2586 1709
7466 8779
484 5613
8834 3314
7752 966
2122 9958
5704 8491
4387 307
7311 2329
5420 2593
4130 5691
5604 5781
838 4105
5036 208
1742 8431
6829 9360
4183 7137
1609 7029
9930 3925
180 5566
9554 7825
2262 3147
8419 4006
1610 7376
8721 9494
7447 3980
4071 9921
3296 7502
1929 9131
3361 8206
3413 7955
304 566
3791 7692
8787 3994
7131 8712
8504 6622
5670 1054
3413 877
3764 3031
2991 7847
9336 6036
9642 6663
5439 5615
5720 3899
1959 6934
5184 6220
6577 9176
3302 6896
1846 6028
5447 9662
6520 7317
3054 1028
392 1372
3252 6753
7300 3858
4350 2373
5157 3778
1018 2065
2832 4512
8518 8218
3112 6231
2825 8705
5535 2563
6989 308
1917 5211
4279 8384
8144 1077
3629 8064
902 2631
7641 4508
9575 8093
595 3
9778 1207
4393 5815
1527 8082
9978 7078
5263 6389
4613 7588
8775 7056
1971 9212
5196 3919
487 4901
8206 9757
8470 921
4764 2520
8143 7416
7807 9628
7765 6035
6527 7924
251 9917
1632 7253
6712 1753
2731 6058
2808 6464
9515 6494
7896 1806
2864 2481
6530 3450
2321 8687
2507 9793
1561 4992
3951 657
1818 1663
3315 330
8180 3221
4191 3736
9003 2010
6678 6879
6952 4254
4138 2325
1336 9034
7451 8898
3201 8259
9646 246
8450 5374
7296 2042
8084 8782
8810 8358
9597 7339
6727 423
1744 3309
1811 8394
3034 743
3932 8319
1729 709
3608 4554
9761 1587
7427 9752
4608 5007
504 9954
7353 15
9691 2645
1152 2486
9135 6501
8911 5122
9526 4036
6053 8588
5932 4288
3634 5537
1248 6711
2221 7824
8881 8247
9159 8359
1113 747
874 2341
1801 111
1437 5922
7837 3989
2964 2688
4072 4314
4736 5554
4106 832
1918 5215
6174 4928
802 4606
8684 2173
4025 4975
9342 7780
6448 1611
884 5436
7391 6044
4468 824
3575 1378
2637 2956
2796 1085
5512 3358
414 6280
9263 3108
8838 2418
3735 2371
1136 1677
9367 3365
8253 9479
2203 309
5958 4905
7649 3372
3466 2077
162 4772
5311 6077
819 4683
9982 388
8225 9293
9714 9860
4481 6304
7843 5969
5286 1654
5914 6020
2012 3155
8819 9764
2697 8835
6173 986
6586 6745
3854 6827
1385 7800
7446 7981
3886 5582
381 4177
7566 9030
8350 323
9335 893
2540 9614
5940 2431
7624 1473
7451 6447
6468 931
7624 2394
4023 2525
1053 9827
3982 8745
2259 6481
2440 6004
22 4326
370 1871
2703 8583
1236 4511
4086 1963
5093 620
8739 4234
8138 5413
5233 5938
5620 2996
2858 1137
742 1903
5394 8790
9084 79
9817 3868
176 4802
8644 9525
8353 178
5093 7727
2984 3172
437 6913
4810 8535
7380 9527
373 7279
6199 7781
9454 7601
3057 6567
3804 4411
4210 3653
3862 2803
3215 9955
7121 9247
1285 9681
9678 1879
9729 7227
1115 1052
6884 6284
5148 5909
4354 5962
5278 3790
2751 4968
5613 7592
6747 3744
9619 3495
2740 6772
1155 8833
6705 2403
19 744
2299 1121
3866 1059
1131 4671
5305 3489
9794 2996
6823 2229
7135 7467
3884 5682
243 8869
3423 6912
198 7457
108 6612
6900 4822
7953 7179
8682 49
6856 378
5387 4129
2575 5867
1277 1549
231 8150
8520 589
4634 5154
4665 1919
4149 6483
7654 4949
1974 1312
2663 8797
2970 4536
551 2592
3143 4727
2287 7706
7993 7062
2993 5663
5707 1525
3897 8068
8281 723
846 3053
1642 4308
7755 739
4674 7416
417 9649
8472 9266
5947 745
1198 6058
714 9972
1593 1215
5429 329
3732 215
7210 7189
4350 5545
5779 4443
3422 8501
3853 8758
3994 2600
536 581
9661 7565
5515 7094
5240 6041
6044 3970
2110 4956
2415 7523
3959 420
3416 6453
9499 5935
3526 2209
2603 1093
565 7084
1311 6792
3372 9202
3868 8754
686 4184
5928 9045
6462 3551
7698 1655
3138 8036
6846 8642
7864 9997
8189 6090
9813 3821
6600 2153
4349 5014
1699 8645
5012 1163
1575 3393
225 947
3186 4063
841 9359
8945 356
5275 9063
5084 8319
6858 7706
554 7841
1100 8704
8301 9011
3996 2635
1270 8387
8238 8062
5670 5037
9731 2483
7900 5330
3892 5118
5293 8455
8804 7146
4905 2397
4653 4867
9546 3007
8857 2539
253 4250
4501 4569
5437 5206
6270 6583
8115 4026
994 4304
6740 2758
9505 1617
1254 4007
3511 9302
7402 8606
2846 6898
2982 5209
3779 4700
1599 6466
8297 9132
9683 4948
8671 2922
129 4435
253 8137
3236 3174
8028 5730
7644 2783
9742 7955
7239 445
9531 2914
2342 251
2954 4448
69 4844
3938 7993
163 6671
5444 1261
6470 4213
6927 9635
6224 8837
8014 3785
9157 5368
9612 8049
5018 2224
1873 5181
1455 611
7997 32
5759 9435
774 9580
4385 8549
4412 4355
6177 4086
1470 5454
2124 5750
2596 679
6065 2674
1368 1807
9517 169
8862 1765
8160 8588
9518 2048
6516 2154
5417 3596
4223 6853
2087 6889
3005 8091
7842 336
6810 9932
8438 5793
5695 6998
1481 3597
7134 7148
8910 4299
4585 3891
6263 2819
623 1266
5098 3886
8885 9844
265 98
6600 5921
8744 3187
3940 133
3936 8760
2921 1357
1303 2863
7583 4899
9606 3927
7612 7870
3456 7112
7839 7222
1905 7994
3428 3979
5565 484
9962 4531
7768 1888
7958 657
3594 1022
427 588
6770 3781
6095 2873
2501 4072
6864 286
745 6246
7470 5973
2687 1597
1428 3130
7683 4347
2587 6927
1291 8581
7314 2291
7313 7406
898 7632
6296 3099
6466 1741
8568 6986
3061 162
6538 5356
7525 5489
6016 7071
2181 7751
5546 6113
4016 9794
7042 6452
3081 8445
6288 2240
7797 4013
7006 6267
6195 9655
8905 2046
2180 6920
3058 3572
7029 9612
8159 8179
2941 6342
816 5526
8063 8482
3356 118
8184 4286
4406 7600
8223 695
208 9531
9536 5696
532 4377
1200 7409
8510 2873
8049 7937
8730 5573
3343 9443
5779 8762
6849 3240
3842 516
5076 9506
1801 7294
1810 9310
9186 624
8325 485
4788 5795
6258 497
3180 4058
1029 4843
7844 8496
9999 1447
7927 1923
6918 3173
6861 7163
7448 2217
6448 3764
932 5330
5503 6440
2143 5910
7476 8146
3330 7990
2179 2055
4434 9550
2082 4166
8404 7088
8759 5180
8608 1826
2878 4077
4729 5010
7675 3555
1449 2369
4806 4243
3736 2006
6008 7122
5754 4984
6523 3211
1351 1690
489 8758
8967 9322
914 4690
7587 1232
3826 9428
1655 2714
253 4440
3975 526
8622 894
2561 4948
604 5907
4046 1500
8159 3071
3683 1631
5531 3590
8767 5082
6825 9917
8311 9437
2430 41
1954 1189
1797 9075
4151 5310
8007 9800
2117 6685
9034 9236
3205 6580
1250 3013
5724 6343
6636 8054
5787 1741
6408 4554
1102 994
4041 9493
868 2367
294 7567
5674 5809
4581 4401
1826 9712
6155 3045
6513 587
8583 3633
5163 2702
5984 8000
390 2921
9803 571
5320 1197
9180 7510
4306 2615
6003 3876
5748 4012
7963 361
3007 7928
2404 648
145 2757
2555 4693
2045 3678
9243 8754
9792 184
3178 5477
7961 4304
1322 7267
4227 3709
7368 1702
6212 5426
6755 9563
4858 6988
6126 3153
1262 9999
6579 9730
8550 3294
3390 700
9207 1242
2427 8182
627 7228
2711 1024
3369 9753
5195 6794
2698 7217
8285 6221
2302 3416
9399 688
1798 6581
5704 8223
8293 3903
2420 4384
5572 9855
5974 686
8946 3154
9359 9293
2823 721
2382 4897
3684 5255
3807 6488
2980 4080
5335 8243
4188 8688
5748 9968
534 928
496 6626
1396 5542
9728 9926
2977 9681
1085 2452
5720 5522
2424 7177
9248 7952
9908 7815
4096 4834
2167 7971
9715 3036
2224 3367
8527 6055
2162 768
7433 4154
5088 4861
4515 306
2313 2853
5190 3227
1176 7665
9191 8931
9959 719
3765 2753
7840 3407
2786 6424
9699 8839
3221 6250
6619 1061
7733 3298
8329 9841
7065 4920
1464 5476
6414 1927
99 9475
6092 1495
3275 4125
7000 4321
4668 8415
3276 3200
638 2767
4994 3701
8084 3915
19 1439
1511 6486
4847 2689
8993 7050
7591 4177
85 3696
8632 5052
9241 859
7409 138
4676 8741
3845 1867
9091 6538
1791 3181
7249 5365
5202 4880
5072 1081
7676 3804
1452 2726
196 7045
4177 2285
1531 6663
2246 4421
7825 6170
7440 242
3476 195
7663 6881
704 7557
5022 5602
7593 1717
347 2890
4151 205
6144 1954
6479 3668
4978 8969
2539 1068
8192 9926
9358 294
2216 2261
9139 9592
9594 1675
8924 4128
1182 573
789 6796
7716 8000
4603 5580
3293 271
6507 6902
5844 564
1517 8188
6704 1568
8935 7799
5468 3776
1585 390
240 8096
2167 1672
9803 6640
4275 5394
6182 6601
2368 9671
2967 9326
566 6374
3028 335
1424 1488
590 5262
7310 6742
2599 1237
7626 5048
8663 5463
8138 5688
9047 1127
9308 9691
5958 7160
5142 6995
8980 4773
9307 6487
8334 2798
1914 1389
8710 7757
6180 9783
626 8477
4867 7558
8142 1796
65 2480
9038 2475
2256 8679
784 2516
1095 8017
2007 795
2415 2226
1499 9958
3570 3304
353 8209
7148 9661
3827 1806
8235 9283
7143 4825
7024 4510
4187 7055
7249 7871
8060 5234
6977 9773
9928 336
9481 6203
5486 900
7685 8161
669 7629
9717 1876
9913 7918
9420 5733
4745 9938
2252 1420
8301 857
9878 1865
3477 4775
9344 7637
2699 6039
2157 108
1761 1157
3745 974
9632 5060
9625 8879
3921 2949
5481 5221
3578 17
1349 4
9598 9871
385 3795
6443 1209
2424 6500
61 6080
1353 472
6902 8029
2045 8401
4470 6682
3573 8648
8411 7651
3523 6403
8624 6752
5081 5254
9408 845
8460 1209
1561 9614
9694 2457
5569 9421
2948 9914
7510 1961
9706 7568
2882 7209
292 1261
6520 6283
6634 2905
2263 4212
1776 5221
2847 8511
146 5856
8705 5173
3790 3231
1453 7109
1249 1184
8525 2154
6262 4
5944 353
6325 4275
8917 2728
9243 5506
3426 3679
1054 2285
4745 8402
7915 6192
7764 220
3202 7340
3872 869
2627 9105
4309 880
9756 5463
6768 9011
6661 8609
9830 3482
8567 6972
8433 9022
2213 2309
1095 9420
7563 9639
5282 9330
1928 2395
5390 764
529 6559
6193 8588
3531 244
7667 4824
4952 9455
3707 8256
733 4964
1438 6465
7937 3874
1707 5413
383 7986
6828 1954
5618 2689
844 3676
4132 316
5174 6468
3567 3761
4712 1286
4996 2773
1545 187
6687 1743
680 7617
7753 7821
36 1215
3609 3034
6257 7543
7634 5346
9265 3752
8079 2320
6581 7745
5068 3385
4403 6487
4223 3180
1486 7125
9959 3884
6267 9707
5769 6498
4115 3359
8061 852
7163 7479
5803 2641
7674 1200
2883 165
8985 194
1458 3611
4519 5759
5172 5292
6033 3981
1386 3048
2761 3623
9446 6378
6216 9435
512 5233
8711 1320
3860 7747
6998 2438
3798 7236
2643 6291
4576 7418
9649 7151
632 7152
4455 3065
993 5450
4752 8010
1877 5883
6492 9178
6279 3040
9660 4294
987 7104
297 5772
7118 4146
1278 6754
9086 4240
5194 5127
2039 3343
9379 328
8250 322
9246 299
8930 2920
97 5220
2370 9618
5924 4026
9847 5129
6379 1388
228 7196
5800 4822
8279 7085
9243 2197
2786 3671
3600 6484
1439 411
322 8525
4098 9141
5324 3697
5033 8856
596 6390
4137 9254
6668 5392
6820 6154
8408 6769
2458 3728
6470 7063
518 2681
3185 7745
6440 1156
6278 5153
943 4829
218 6812
3247 8550
8484 1916
3783 8653
5671 4762
1233 9407
5802 1614
3471 863
4828 6732
7052 7524
4344 8509
905 2348
6894 8965
6197 4378
4250 1122
6493 3744
8956 9918
3627 6196
1121 7767
8326 8213
8033 6293
5347 73
2864 7135
9791 4007
9931 2995
7504 5218
7910 2046
9012 3456
1025 6559
9321 6800
3465 8842
9224 1747
2171 8930
4582 2984
7805 3885
3751 1993
4372 151
3956 4236
5184 3922
7755 7772
4013 5448
6801 186
2803 2800
3906 3823
7896 5025
5473 8661
3283 4178
4231 9269
2298 2225
1755 1237
7668 4686
1904 2276
6156 421
6944 6671
4577 8238
9374 989
2609 6255
6484 573
157 964
531 8333
4326 41
446 4542
8859 1518
7340 9893
8150 8499
9328 3932
7219 7289
7924 2093
1841 1735
7062 8697
6375 3283
5092 8360
2076 7909
8631 4564
1783 9920
6910 9718
7505 5375
6204 9183
7475 9915
5497 397
3009 4668
8815 863
9690 5854
4275 4725
9437 769
5001 7619
8272 4970
254 7100
74 2485
5438 7613
5666 7496
3448 1919
2986 978
8474 2669
3704 5623
9900 2385
2684 268
267 5073
2719 9250
3139 8203
4892 836
517 2734
5132 8547
2611 7755
3220 4540
3007 9704
1340 1526
8640 6536
5757 3218
9996 7385
5547 6348
3105 3156
4515 1128
5212 6670
8223 3229
6920 3985
6098 7558
1454 1922
9931 4030
5143 9259
1676 2536
8621 3727
497 1462
9354 305
8430 6430
7882 6641
1930 781
1485 8126
4975 2124
3508 915
8276 7755
1934 6310
4767 881
8221 4443
169 1709
5419 2487
7446 1659
8851 983
1124 6394
2292 9865
7729 8218
8186 3698
4007 7469
2765 5954
2039 7689
6307 3607
4022 1120
2384 2036
3446 120
7221 4763
4942 209
9240 6393
4197 8148
2004 299
558 4332
3241 150
456 8023
9196 9148
319 1021
6331 6202
5011 5206
3326 8914
9125 6323
9491 3443
5519 1887
9530 2042
3795 3867
7134 1715
2346 3298
4848 3648
487 8204
7654 5556
7653 5284
4201 492
1103 3403
3971 4273
1446 6901
3223 4250
3342 2147
4161 9443
8517 6278
3365 7688
2869 2963
6333 3694
2239 9589
2731 9397
4255 7716
3530 3231
3110 501
2532 7804
9017 8452
7549 9122
922 1465
4387 8887
2302 512
2598 4918
4979 144
8878 5628
7156 1025
431 3087
5616 9201
9888 4476
2807 2091
6378 7291
1267 9140
216 2381
9443 2985
3387 2289
1825 173
1569 7820
881 5258
6780 1196
7404 2527
2301 189
8655 8794
6088 3913
3652 311
7947 3571
9649 8411
7784 9191
8707 2789
6260 7239
3912 6211
5696 4800
2664 5377
7534 7584
2759 7977
8727 1925
7873 515
8061 3716
3155 8240
8677 8894
3185 3601
6313 8772
8200 5313
6272 8933
8831 284
1318 6675
9780 7384
3635 4575
5590 5629
8871 6377
8171 3005
6011 5720
163 1465
8305 9264
6570 9738
7091 4074
8004 3193
1584 4376
5942 5996
8223 8718
9979 6062
7412 4462
6406 547
7284 8826
9570 8339
518 6134
4267 483
9079 1713
6512 9651
3303 3263
4200 1346
3938 2782
9342 4455
1793 4945
3963 1739
3672 3812
9769 1490
7844 7427
8148 1895
5362 8825
9410 1715
6391 5636
7057 358
2161 5737
1462 4902
2505 8732
3609 654
653 2765
7056 8471
7166 4703
2687 6894
1535 9444
1107 9041
1853 63
1737 4414
3789 17
3062 2993
2062 5415
4512 5088
7184 8727
1471 4725
7500 8804
4374 9172
373 594
5655 5006
4559 4367
5153 7433
2517 2875
5558 4572
4178 5741
6549 3548
8976 9934
1006 2530
6428 6688
4595 4913
7930 1829
8920 3501
9870 7819
6136 5859
6835 7712
7469 8716
9339 3496
2817 4543
4386 8171
8778 3209
271 6394
6786 5635
3376 4652
7274 895
4315 7210
8594 3576
3357 6069
2520 1457
586 60
6860 865
5851 3300
5645 4630
4753 9663
3209 3085
3512 8658
9493 5167
9413 1278
9231 9816
6378 3169
786 7770
8159 7913
4423 6522
8021 8629
3069 5151
8800 7067
5086 2245
6543 8173
2258 1459
8804 1252
3083 7961
5073 1154
98 3811
2480 5217
7910 2646
3652 3596
7547 5136
3341 6519
2794 8947
5951 1660
6722 3009
8303 4436
6244 7416
9064 7159
2114 6547
1090 3837
4697 190
6914 7310
6696 9417
2775 1403
3362 1626
3345 9924
7014 1676
7056 2978
2849 7185
6216 8589
1618 9236
1670 1736
4114 7089
7639 785
8048 9021
7991 2687
5638 4001
5760 8469
9053 2140
9289 7391
207 2137
7734 525
7279 4276
6111 8259
6187 8277
2144 6841
2221 4520
669 6251
3452 8731
1495 5097
2028 1587
3561 1470
2172 3099
9828 3076
968 1446
7047 9895
3411 9794
1964 1330
1738 744
9983 9890
7477 2605
8254 217
4751 673
8281 1968
6591 8637
5105 6920
9827 3652
3278 1978
5232 4278
2696 8801
3273 5070
4679 4428
7770 6412
4862 5118
1773 4902
5546 8322
4280 731
5976 2288
822 912
3750 8430
496 8487
2871 9224
3188 4966
7128 2183
2167 9763
3832 532
2501 7220
4736 2641
4933 4205
1635 767
8850 7
2378 8303
6404 8403
6117 5778
4160 7907
4171 1558
3452 7352
2148 2824
7793 6945
2796 1021
4441 135
1721 8787
492 507
8584 5383
7372 6306
6360 6901
7882 9293
2181 3298
8659 1709
59 2984
6494 5876
9681 7171
1081 4774
4616 6827
5396 9447
935 6112
1435 5603
5778 1321
103 1212
2858 7969
2229 7555
9903 5916
5089 7964
1241 9120
3932 2383
4501 2108
9401 3793
9614 3076
8548 1955
8022 3220
8874 326
5264 6171
8935 8268
8281 8566
7769 9816
7526 8333
7534 6298
3545 3755
562 4547
3708 5784
9290 3742
3274 5883
9761 2795
7425 7431
3475 5628
2007 6367
6882 7741
2923 4476
9717 2149
4240 3631
8144 6002
5526 6796
9003 8207
1459 1364
5760 8491
6735 6741
3230 7323
5048 9800
8739 4812
2844 268
9580 6908
9381 1599
5073 9276
4836 4320
9339 413
7965 1420
1524 9657
7244 8425
5697 3678
2763 2218
1896 2345
3575 6409
9368 1381
4585 7758
4910 6646
1984 6602
4583 8166
3987 9610
8068 1688
4561 2298
1131 9785
3690 9107
3406 462
3734 2026
9721 4082
3419 8406
7291 7432
7827 2954
4594 6703
2142 486
3198 7837
9082 9625
8525 6494
5512 1050
9670 8481
3477 4901
7520 3585
4355 5137
8024 2712
2422 7509
4514 1696
7288 767
1155 6688
4475 3147
7554 1519
4132 6424
6275 3855
9709 4971
7476 2821
8043 6300
1601 4468
8713 1845
9728 1923
9121 6652
7764 4929
2589 1138
2283 8419
5335 9567
4078 9170
9497 7135
5536 609
9314 1650
3178 1300
6805 7525
1908 9096
7227 4607
4611 9833
9313 4173
7705 6566
6816 9183
4597 5096
6343 7992
3386 6791
3430 1982
8898 6363
6688 2415
5248 2514
8246 8507
7856 8721
430 3739
3459 7249
8205 5431
9051 1043
846 5651
803 1505
4195 820
2039 2382
9788 7757
8946 913
7138 7852
5071 2722
4172 8927
8163 1219
9466 5956
8539 8673
9618 356
6962 8303
5792 4193
3958 1146
9809 595
9007 2710
8368 5457
6160 229
8270 9937
5620 584
6733 9186
5914 9517
7494 7939
9522 5853
5833 1564
6391 9844
6785 8437
8787 6920
3156 5324
7729 9525
2211 144
4713 4368
4588 797
2449 852
5654 2936
1732 2877
6521 6300
6135 4792
4599 6761
4923 6244
3972 6468
9786 8241
2363 7461
6634 4061
2642 1503
4813 2476
1999 8684
9659 2864
6452 2804
3973 4910
1989 8031
3982 2288
2619 2143
8511 7233
5808 4082
3142 3579
4545 926
5118 3494
7714 9553
4356 8323
2839 1122
8344 421
4448 539
5863 3375
694 7771
9186 7354
3326 4503
1370 3201
6732 3124
8663 5031
3220 5590
5659 206
7898 8490
3660 6875
3862 6313
5993 3783
6258 4201
5843 7606
4053 7221
6225 7493
9150 4081
219 9351
925 5860
2042 1696
869 908
1334 2366
2396 6666
5545 4950
6238 5042
7954 4752
8021 5012
6139 1831
9742 4796
7648 5808
6786 1610
162 5662
3600 6613
6402 928
8981 2229
8732 6612
890 802
8696 3470
9792 7524
2046 501
3642 4185
4861 8406
9890 3401
6979 7431
3634 2722
4810 8693
717 8405
8074 7497
137 6098
4212 2015
1028 6917
7637 5965
8890 3008
9377 4116
6943 46
3758 9991
6383 3
7672 7337
3623 7185
102 7590
5794 9013
6407 7025
6134 6537
5467 996
2860 739
5341 578
9284 8043
7600 4800
9401 4021
5276 9308
8895 9086
2722 1577
4112 2322
1038 4494
7696 2644
6503 8296
9521 50
4423 1596
7180 6
6461 4938
4062 1380
609 3879
1932 1572
5593 4045
7115 4819
2174 8318
7594 1502
3118 1558
9587 280
8526 2969
56 8971
4541 3807
2300 2919
8403 3658
8182 6807
6673 5789
9627 7894
421 1872
4267 525
849 3392
8729 5000
6130 7187
3174 3086
2287 7758
6589 9288
3298 1854
2188 3023
3661 5028
3169 1332
7828 6449
545 510
6355 2418
5369 7267
7628 825
6879 7740
4772 7224
7027 158
2086 3723
6157 9103
8828 3267
5828 2229
2400 1177
6831 850
7058 7722
8755 5204
1407 8914
6204 2833
9717 6552
2312 2481
3287 489
2365 5566
5483 8509
7053 5448
5321 6063
4684 3606
2558 7642
6966 9767
7022 1135
4894 3251
1998 8510
7699 4810
3420 609
6377 7778
1421 8057
6365 7935
9715 9325
1752 8274
4280 1532
2148 6977
2583 8197
2498 3267
4990 8399
8924 5020
925 3541
318 6136
9355 112
6658 1280
3244 4567
6109 316
1963 4167
5880 4864
3620 2686
5850 7634
4141 898
7956 6972
5619 8499
4265 2743
195 4510
3606 9291
7846 3209
67 5108
1190 1325
1572 739
9885 8920
1791 645
8566 9840
4351 2113
3488 7303
8125 8799
3044 7415
550 5129
8217 1696
8339 5577
5918 3880
8685 1257
5973 17
7461 841
5765 5340
7619 1775
5154 7696
8017 4899
368 7140
8041 7392
130 5004
2644 8412
2469 9246
4295 6630
1780 740
7164 2893
2548 9913
7246 4036
5646 5636
8749 3545
9420 3757
3113 8930
6482 1840
3189 6135
7355 7206
9386 6813
2003 7018
9538 7390
1174 3092
1349 7084
7567 5662
1766 3577
8799 7746
2458 8756
9261 5450
7164 7875
8337 8513
6933 988
5643 9402
393 7245
5892 1425
2476 2778
8511 8165
955 3953
9084 3140
4957 8948
777 6864
9242 1886
4812 8267
7739 4141
7465 5850
7431 1155
6517 2102
8480 7129
61 8716
4950 3285
4508 6727
7353 5530
6554 7236
4824 7661
8374 1839
2198 4099
9 2342
7627 3012
7509 121
863 1020
7236 452
1557 8118
1470 3078
4903 2803
2573 8478
6966 7464
6388 1231
2948 2343
5045 7016
6444 5133
1908 282
7986 1682
9757 4615
1900 4108
9277 532
3309 4312
1846 6835
9577 892
8859 9052
8966 6913
4745 6550
2730 5575
6103 3646
3056 1530
5138 8657
6065 7969
803 5272
2875 7335
8222 4355
2458 5897
4141 504
2027 9090
5610 7873
7929 5806
5243 3212
8449 1265
80 1181
2950 1590
8268 228
7943 8567
1210 8910
3385 2083
2962 5063
4173 5435
3711 9873
2827 303
9404 1537
6123 7712
9665 5610
4010 6212
6499 4237
4236 3692
5536 5165
8960 3615
708 5832
143 3977
9538 1874
6524 4590
7645 9914
9080 9682
1698 6335
164 1469
5347 400
8811 7879
2961 4424
8421 8207
161 7265
2255 159
186 3041
7111 8575
4390 9165
9876 6698
4345 3979
5054 8228
4105 8135
4818 8903
3425 2517
1358 7625
8210 8896
5863 9748
4984 4720
4870 3285
6528 5008
9195 6287
6572 1965
7478 3736
3058 8858
6126 4014
4059 7642
533 824
6458 2864
8413 2024
3368 6860
3924 2907
1367 8278
3782 9686
9923 1722
6302 4137
3139 2112
9034 3398
9936 2573
3869 685
1490 2808
1167 2805
7048 6390
5686 7136
4535 1702
6552 1029
8029 5923
3970 7795
5292 1500
9093 1690
6022 2378
7755 5842
1976 3388
5854 16
1846 18
8137 7503
6145 8051
3298 8721
7731 7836
8097 3713
5579 3962
215 8619
6624 6035
8254 1754
6931 9848
9841 9589
1931 8567
4366 1649
1515 6249
3704 1165
7122 5859
7938 1539
2833 1129
1714 9615
8573 241
742 7646
2197 4971
2094 6638
111 3121
4691 8066
2633 2195
6300 5251
2958 2471
4821 9558
115 3991
2786 8037
5467 1199
5367 8285
8814 2087
1001 7296
8956 1594
273 8686
3697 8631
7185 6263
7121 835
1464 8089
8241 6865
3655 7440
6817 8702
640 8086
6733 6772
7287 2540
3953 5003
3492 7206
8366 1907
1406 9418
5682 9387
5944 9294
7042 152
9064 9322
6036 3617
8042 1415
4320 9155
5665 6370
7101 2848
6807 4676
8051 1447
6324 5527
9599 5139
6097 624
4460 9859
8989 4778
1651 8911
8415 4817
6009 7116
5409 1349
8541 7156
1559 456
4374 6751
4591 7865
1259 4750
510 8285
6853 1333
3482 4282
9279 6334
4418 5762
3884 1506
5852 752
4815 265
1577 4664
3874 1146
1462 1788
659 7338
9716 8875
9593 9069
727 5236
9625 4254
2798 7993
1022 5803
8431 9133
6776 8605
2176 1821
4236 5843
6741 9271
2672 4208
8194 1940
128 5465
9555 1387
6965 9038
1978 2059
4543 4709
6712 4231
8494 8339
7293 4118
5470 5466
8373 6983
1912 2041
5130 57
7375 6564
5844 2284
4932 2192
4217 9665
3842 8953
9995 787
2843 6978
4781 5342
944 1669
529 331
7526 7935
4306 5927
3866 1920
4670 1978
3525 5109
8039 8101
9250 2165
4417 7483
4227 5615
8733 3500
2700 6479
4643 8242
3453 7477
7728 3949
3891 5433
5130 856
1674 7619
2820 8099
4691 241
1500 8429
4835 5344
5889 4650
5200 9001
7597 6802
371 2702
332 7887
8075 7593
6129 4891
2703 6442
6338 110
5141 2745
6084 9298
9336 7966
2659 2585
521 2403
3688 8987
2939 2899
2142 3881
1295 7657
8356 1026
6096 6789
829 5897
6707 307
2100 8953
9366 729
9120 4683
2964 495
3955 7691
2781 1369
3066 4568
5873 7200
3206 5218
8560 1169
2173 5333
479 3680
9056 3389
2056 3199
4507 960
7606 6568
2011 2569
4223 258
2814 4277
4857 7751
963 9880
649 3792
7724 2761
1993 8896
9029 554
9127 3470
2693 8176
3507 546
1171 9907
4053 2070
9252 7043
1366 5986
9515 9612
7986 3667
1909 612
918 6381
5423 3971
5583 8371
1176 4199
4577 3872
5804 5151
6275 6074
7678 8071
6322 7301
6614 152
8180 5008
3596 7278
9290 6190
6672 7739
1500 2597
9425 7676
1969 6484
9351 8307
8722 7624
307 1122
461 7657
5405 4737
7514 4429
4193 4896
5434 270
6807 6021
9138 3390
9187 4661
1901 7707
2350 3676
8162 5549
1725 8702
8870 2408
7012 5483
2274 8071
6066 1424
8321 2237
5931 1221
4119 3434
7037 2911
9655 1692
2547 1517
4738 6757
2332 55
8036 4022
2726 2062
2622 8369
2808 833
1856 1614
8278 1261
645 7260
3090 4343
7799 6631
8251 5332
5228 59
4330 6240
8542 6410
9977 2038
433 3626
219 1684
3036 6159
2139 9106
5117 7
6757 8330
2864 4021
4667 4760
9880 3225
7757 7755
2189 2928
9230 712
7698 4474
7616 2354
5165 4726
5998 6350
2460 7500
8147 820
8813 7703
1244 8513
4445 5163
6637 6576
4546 5859
2086 3957
1275 1190
2860 1720
4633 607
2856 3275
922 4583
