placement model: 1slider
width: 10
height: 10
number of points: 2000
504 3497
2205 9440
2502 2164
4460 6390
9887 1025
8233 746
2372 9134
591 6877
3701 9402
7811 5240
3687 7190
6096 3496
8456 964
2090 9845
5652 5471
8814 2187
1559 2133
9160 6767
1685 4971
9236 9206
1292 9118
4603 921
6166 8551
5902 1079
119 6647
425 8448
4358 6916
7681 4575
7970 4545
1960 7937
3277 27
3274 3482
6709 2571
6421 960
9955 332
580 2691
8632 3752
5780 9553
6127 289
8166 7006
5620 5452
2183 3465
5142 3971
6311 8202
5828 3251
3343 5894
4149 2218
2283 7886
2151 9660
937 1905
7262 328
3917 2963
1932 3035
1961 3863
1032 4421
9973 7553
1962 1934
6120 9996
5804 2093
5698 9566
4587 1808
1951 4103
9457 9675
7095 7100
8842 1683
4941 6335
304 3286
7878 3074
6263 4197
5777 9723
2981 5326
9734 1688
6541 9325
2153 7067
3886 2715
9680 8873
5540 7192
4011 6265
5625 8440
6444 5145
7486 6606
1671 6352
88 36
6921 247
2331 9298
4100 4983
9843 1903
4682 6723
1945 2306
3303 3912
9436 277
576 4506
2270 4911
159 5878
3403 9408
3962 7187
518 4350
7548 5760
5948 8655
9827 1830
9855 7013
1455 1101
6913 7599
7501 4015
7720 9215
8177 794
5673 2820
2301 3339
1021 396
2241 4128
8217 2399
8602 7399
1522 1093
2490 6566
169 9516
8107 769
5477 4825
1069 5971
6621 3945
5391 7229
4584 4313
4662 8254
7059 668
8440 4071
3311 2545
6659 8197
1124 7285
5276 9225
4823 5087
8138 258
425 409
5388 8509
1540 6074
4184 5379
6242 3692
1961 4486
6320 8595
9905 2360
1974 6752
8852 3943
6979 9094
141 9128
3989 7843
7006 9162
2674 4493
9638 449
9274 9582
9439 5699
8055 3682
3101 9805
2022 2933
1893 48
3205 1222
3543 9006
6246 2048
7839 6815
5137 1779
8818 2927
357 254
8544 6680
4346 2619
9041 5180
6910 7942
7146 96
5131 3163
1379 4205
775 9360
5193 4401
8632 8494
6207 9468
2059 4829
3988 9630
5704 12
1785 2756
7108 5882
4486 515
6094 5330
2721 864
8341 5300
25 7991
5993 8012
8232 1998
5395 3374
298 9480
2729 176
8457 6640
924 1585
748 3445
8645 2157
5503 6414
5254 8330
9553 3818
8945 2997
466 8017
7766 6142
3915 3797
4406 2680
5886 8157
447 8188
5001 6149
8583 9678
2628 5041
6773 9052
3536 1769
6949 1582
4178 9232
2848 8511
3115 4968
3734 6743
3831 7833
8566 2971
9187 6910
1084 1863
6108 1055
8067 2368
51 5828
2167 9563
7633 2874
8755 6401
3028 6632
9044 488
4406 4125
6492 7213
5537 3672
4193 2989
8893 9062
5735 4076
9585 6979
7933 9763
4632 5272
5504 9546
2826 1575
4774 1868
1783 6689
4914 2811
3021 5706
6117 3879
2042 9425
8971 1149
9248 6523
8890 6943
5614 6445
8621 8763
7213 3764
6855 2169
6609 32
8534 6093
1643 7605
9818 3494
8987 3754
1732 3067
3393 314
4754 100
883 4677
2971 6316
1273 3086
7160 4761
8618 2360
8924 6571
9345 4158
9001 274
3100 1813
8249 2410
60 1070
3031 7902
2485 4873
4793 158
9927 4833
8260 1640
5578 276
3023 2834
5967 2344
8303 6262
5411 306
5315 7409
8086 9049
789 3061
6670 3693
6299 2099
7626 5203
156 62
6912 1642
6432 3615
8249 9932
139 9208
6018 3415
7783 2765
7402 7210
1322 2121
3510 1928
5680 9467
8398 9058
8519 9842
4651 357
3616 9678
2090 6208
3082 9483
6516 3044
2520 3639
7929 5350
4527 2687
3880 6288
7815 6310
4159 5532
1412 6015
1305 7094
8450 3014
3905 4486
7617 7172
9872 3727
1554 1500
6951 2759
5197 1687
2872 1611
37 3205
3737 596
7692 2845
627 478
6672 3187
28 2107
3423 3338
3970 8059
4216 5611
3451 8793
1770 5252
7025 9675
4903 2215
7685 5234
335 4142
9480 4415
6543 9879
3245 9750
61 2109
7255 6384
4924 8687
4228 3728
8217 639
6400 9663
292 853
5766 5902
5494 8234
4699 8779
1674 2700
6411 58
96 5962
1936 2797
3310 5576
1423 8600
1277 4458
8061 6866
1271 7673
4469 3760
9944 3070
4303 7379
1201 9171
743 3783
236 8958
9766 3374
5485 2369
9515 4163
2089 8361
9580 2206
6031 2296
3943 2745
6688 5441
9009 981
9621 9021
6487 4869
4142 1474
2388 2680
7980 7131
676 2335
4461 3
4548 6414
110 4089
6299 5030
8473 8306
9946 2263
2764 310
8000 7911
4729 3001
3591 628
6444 7408
6908 6228
8371 5950
1121 8179
7455 5844
7964 168
9807 1726
1769 6865
7013 2619
9449 7043
8658 1403
8600 4843
7689 4606
805 9699
4632 8598
6893 5823
4102 9279
8350 7279
8772 5515
2730 205
208 3950
6585 4243
7662 522
4328 1740
3960 9026
7588 1141
2492 9648
4339 1091
1390 8015
9052 9404
7681 8639
2738 6039
1921 3087
9599 3984
8140 530
561 7562
9112 7594
9023 3538
6601 2640
1835 561
7279 1039
5912 8844
2398 9880
93 3481
2114 8520
6262 1558
5028 8050
9987 1761
3388 5889
210 7973
2106 4994
4292 5711
5813 2551
8603 7067
8352 4384
5544 1464
6894 4100
2473 9515
8774 5135
4790 8667
4584 1108
707 7789
7675 3029
7013 739
97 8639
5294 3845
3386 721
202 6677
340 1333
3746 7002
2581 8070
9161 5508
5178 2276
4479 3751
2205 38
2549 8778
7301 9316
642 8636
8313 7728
8381 5175
7203 4570
6395 9939
9356 9782
4400 9266
8282 6716
6379 2315
1683 2730
7598 1421
2362 3516
8064 4879
3832 5083
6861 8410
7765 9944
6670 5655
6946 7880
292 8307
2074 7578
8165 6618
4957 8253
6663 952
3553 9022
8759 56
7416 4823
1129 2040
2526 6582
870 9380
5873 7388
605 2424
3431 6073
498 7168
5482 452
2484 480
2450 9080
4049 4053
9788 6067
1764 7556
316 2846
9782 3073
9476 4406
8186 6591
5380 1141
4950 2581
4815 2461
8413 3037
6053 3934
7647 4458
6820 9240
2508 1843
6395 1591
3053 9268
4637 4290
3923 8440
2684 5405
5295 3086
8898 1187
2993 5834
7490 3711
8100 6278
4122 1219
677 2621
8203 7879
1058 9361
8160 9921
1617 4177
6211 8460
1837 6585
7274 8867
6898 3776
1216 8521
2004 9993
7574 4000
5505 9586
9669 7603
9547 7150
5916 6717
3468 7387
2678 9797
8151 3465
4520 926
9881 6172
2010 6065
3860 2464
739 2787
5517 4767
5456 5176
7333 107
2914 791
9400 5971
9380 5083
9585 7224
6487 2196
7337 5004
6712 6101
6416 6925
8837 6631
6763 2312
3928 8240
5432 2812
1266 574
2892 7764
1928 9633
3972 4834
7224 15
5917 6049
932 5158
5660 7785
6536 7047
5016 2640
1670 2215
192 8308
7578 9234
7199 6330
2042 4655
2375 6104
7502 1156
8704 1181
1830 6564
3922 7191
1657 9126
7672 5357
7244 4228
7157 7980
1926 8820
6530 7969
3659 4590
7586 6521
6592 5697
8921 2819
9854 4676
3136 2990
5499 7558
1908 5650
87 6901
5174 6470
9175 4455
2955 9662
2289 3860
2539 9696
5753 4617
5678 3855
3688 4663
3164 7131
3650 4719
7951 7708
1773 2723
3890 5076
4641 572
715 7882
8078 2773
2521 115
8635 340
4054 5289
1791 7664
8622 6691
1510 539
730 7583
2685 576
3810 542
2384 1454
9800 5833
9173 9618
7531 2989
1570 1288
5655 5697
5761 9256
6214 2177
849 809
3293 451
2930 7853
826 2111
3758 8609
223 7185
6688 5816
9813 9753
3394 8658
5172 2484
7381 8273
7265 1672
3404 4406
8655 164
1238 4682
7792 3103
7628 7745
3829 5795
7079 4478
9739 5978
6861 4301
7058 1512
1634 7433
8849 7010
6332 8936
1486 9643
4347 4360
3067 4751
4405 7042
7753 9562
4027 2945
6718 8444
3072 9860
4343 2674
6841 4462
3814 6932
9780 628
3393 4039
7332 8172
2011 6110
6556 5746
8497 7783
362 5317
6638 3236
5100 5447
8589 6708
6579 6978
9584 4051
6960 2564
2344 5511
1541 5226
3320 6786
6841 1897
7509 3276
5751 8940
2550 4113
2569 638
291 1704
5895 1736
8217 4966
1769 7954
6078 7163
9082 7290
8026 914
1666 2597
3013 2020
6970 8558
9369 7747
6340 8250
6371 1010
4693 7910
5283 5643
4100 2658
9976 7167
8866 7567
3115 3065
2413 2387
2984 9494
9504 7361
4866 1877
1265 3490
8062 666
7787 8983
5830 8233
8596 6788
9346 1909
8014 1908
2438 8848
9611 1043
2119 3006
6272 213
9217 1416
8353 4976
3948 1000
765 6885
9965 8955
1616 162
7688 2684
3064 7826
8045 7927
9918 3638
6556 9213
2926 2797
9629 9520
5159 1560
8286 6722
2809 6689
7498 7051
384 8640
4054 9792
5593 7386
4202 4319
1698 6806
3507 799
31 5070
5867 4864
1045 9958
502 2012
1660 3215
1683 8710
895 1279
5823 9706
8507 1724
5432 8673
2302 4826
3191 9487
9640 8590
305 9713
1654 8185
6686 8145
1585 8453
3103 7608
6138 2213
551 8823
3479 7342
8320 7634
2561 4793
5676 455
7861 485
2716 9830
1546 4858
4541 3050
5465 623
3155 5347
6255 8741
3464 5713
3324 8459
8889 9520
3812 4863
7989 9071
2135 1095
8205 6206
610 9965
1471 1294
3805 5975
1020 1460
6217 7693
1879 4212
90 649
5809 8827
2490 454
9323 1227
9017 1587
5331 3438
1204 5974
951 32
4139 4126
374 7212
1722 9866
164 2008
2284 4220
9325 2539
4608 9774
2918 7040
131 3463
2513 47
9281 7327
4605 3758
4171 2857
9257 7621
2005 1309
2402 7852
7908 6945
3176 2015
5176 2988
3426 2215
1172 5701
6835 8558
4956 5446
3736 5657
9671 1281
1627 6453
898 9426
2106 1204
9647 4574
655 8615
2848 5156
7177 8435
8855 7966
7291 3234
7554 397
8534 4392
6161 6051
1265 5710
7189 8247
7800 9029
2851 3092
9968 5417
6998 7342
5860 3525
3235 6989
995 2116
372 111
3447 6570
4218 7984
9150 1534
2403 3374
3019 5089
7926 93
4710 8071
7718 503
3800 5574
4805 3281
5244 7039
8422 8877
1799 3535
444 1421
23 3700
4435 9105
2736 4449
6355 6697
1090 1012
2814 1147
6891 3566
599 1413
8594 4500
3643 110
8805 3832
4702 2741
7085 3478
1333 2780
7457 2094
4772 2340
5563 8829
6881 2961
1253 8820
6529 6976
5820 9155
9775 4080
873 7175
6920 5561
5822 8159
4062 3569
5991 2611
9929 2643
2982 2407
9358 8422
1358 9099
96 8360
5150 1730
4102 6011
478 7642
8074 8748
5315 1767
210 4033
3083 2924
6012 4793
1829 1417
4139 9241
2613 2495
6966 2056
754 3317
749 205
4955 3520
865 7536
5737 5376
9801 8873
4800 9592
65 2967
5054 4306
8557 3825
7900 8538
763 5164
408 7365
9617 7449
1018 6682
7806 5775
1914 8924
7638 6482
9519 2040
5630 4065
8659 108
6802 3386
1594 1728
8079 4159
2102 2688
1149 5766
5256 5688
8248 9611
4716 9231
7178 4516
9031 9546
9308 4120
3921 9651
6636 6043
6276 814
1402 6457
4757 9977
7033 8970
7251 9868
6597 3811
7188 6234
9694 2316
4380 7263
9649 7021
9196 6678
7153 2428
8279 9208
8297 982
8702 8178
9201 6739
8988 928
6425 1808
2204 4574
9360 1313
6836 1505
2373 4291
2471 2836
3832 1836
8772 7548
8661 7846
5597 7948
2517 2375
7665 5790
5745 1310
24 6685
9824 8482
3359 2283
496 1888
9424 9594
8217 6490
6892 6594
1661 2859
5236 9637
5426 9597
8431 3250
3224 3649
3525 6594
8207 1630
1652 5484
9161 5031
7822 8955
7132 9364
7256 8088
3034 318
3599 9645
1122 5808
3869 4579
9824 1164
4480 4520
3992 43
2919 7488
9872 7495
9815 427
6061 8980
9697 8458
2431 1034
7873 6379
8640 710
8516 892
8334 7597
3804 9368
5690 1917
379 5127
9371 8476
4968 6164
9737 7720
8368 6319
8152 3094
8286 5383
4842 392
805 8565
3298 2530
436 7336
3784 8150
9123 6623
5159 8979
9515 1738
2809 460
3185 4513
3276 3029
8446 6572
159 1155
518 2541
3961 3134
6461 7762
9969 7740
8898 5344
9552 8175
4692 6752
7529 5374
454 9253
2669 4870
6680 9357
5535 3298
1048 2858
7232 5859
5921 217
5264 7099
8535 5258
6206 6284
3845 6343
9545 2899
3273 7182
4683 496
4850 6406
4570 9187
2431 3692
2666 763
4808 1604
1417 5846
2125 36
8080 3063
1845 4258
5985 3632
4465 9549
8696 4021
426 4080
9263 5623
5972 5142
4156 6272
6074 971
9762 3422
8467 1512
8089 172
2672 3080
3883 9658
4357 2370
5391 1224
7179 6690
4316 7294
6938 4299
7474 8915
5751 5719
4124 3382
1375 7132
9870 4877
7648 7488
5449 3663
7434 4652
2905 1261
5262 5267
2171 8921
1937 4973
7616 9393
7835 4690
8237 7506
5076 1583
4082 5362
4875 598
4791 5830
4053 5115
8703 8843
1497 5876
5112 7039
4932 3650
5762 8067
194 8781
2904 5540
342 2650
4457 3258
1996 292
3497 1458
303 2872
1156 1467
8528 8405
73 1896
9020 160
6262 4648
6872 6772
2129 3138
7231 5963
7734 6052
6645 6909
1157 4975
9388 6235
2508 7520
5802 9570
5827 6702
526 2958
964 7489
5126 5427
6414 2169
52 1715
7556 6394
3538 8468
4276 2311
2635 2063
3457 3294
992 8760
8851 3243
21 1173
8689 3153
3334 6515
9370 4821
5032 1893
6667 983
2216 7083
9620 5466
9910 7320
4367 1831
3054 5432
7321 4535
3555 1944
7801 4696
9024 4825
5266 3172
2470 907
6063 1678
5892 776
9420 2528
8135 4343
4700 5085
5057 694
1174 4755
1387 7493
799 1872
9999 3043
560 2556
44 7642
1358 1229
4920 3978
2503 6354
8001 7953
4655 1629
4807 5586
4678 725
3711 300
6429 6044
938 1528
984 9238
1841 6020
7203 4291
1283 9946
6493 4275
4534 9646
9874 8375
9559 5884
3479 6612
4862 6583
2019 9188
3743 1654
6425 5115
6334 3795
1305 1405
4378 923
1603 9378
3836 3142
2218 2303
5300 4792
8474 3724
2791 1810
1937 6911
7676 5060
7830 6214
4080 135
3934 6778
5498 498
4190 4152
1391 7257
4093 1799
672 957
5261 2528
6826 8495
885 7039
6602 5000
9741 1588
9946 8726
5219 1891
6085 8353
7910 2721
1846 1535
9663 8740
1059 2207
8772 9424
6156 6994
909 4510
7758 1614
7472 6751
5400 3776
7898 9742
3677 4773
5165 6678
3028 751
3410 236
2127 5732
9081 7107
2464 2403
8295 3600
3211 9723
3129 5206
2534 9847
9231 4415
7698 3065
7323 9763
6560 503
8595 127
4592 4179
9532 7413
1487 140
255 4523
3252 4153
4034 2564
2266 4106
5081 2438
8236 3277
6727 7355
9863 759
3487 2075
4239 1003
4415 4317
5817 5931
3005 9587
3242 7328
6085 7439
6521 5206
7135 3664
8304 9004
3883 257
6560 4777
4495 8553
9990 8179
2145 6091
2850 9975
7208 3732
4459 8516
5529 7334
3715 7222
2727 3358
8609 2194
8625 4068
366 9428
7866 8684
4433 6030
3415 7809
5939 7804
3293 8609
4020 2061
2960 9083
167 301
1992 8904
5301 4305
5962 1281
2445 2193
6922 3636
7992 8331
8772 1892
5219 1314
2286 4272
4417 2697
2102 4266
5540 5549
2191 1542
6540 6307
1807 9146
6199 4847
2759 6037
9784 4715
8118 5085
2944 3105
1794 5486
383 1023
4407 4479
7466 6094
7911 4448
7874 1489
1059 6250
2244 1520
7881 4575
6678 8746
7803 8301
5161 9540
7279 4532
4560 3484
7920 2747
2739 6689
8887 8449
6058 5818
3318 7256
8800 3306
1317 1241
846 4531
7864 3719
2360 3406
7916 7110
6117 5766
3983 8752
7462 2710
7502 9379
3689 838
9594 8998
3321 5604
9572 5545
3313 8027
9023 861
8356 2548
4523 6044
7058 6500
7357 4170
5737 1799
577 5572
1926 9421
5423 5035
6773 7951
391 7495
745 7172
8453 7116
9419 31
1401 3586
1583 6017
9230 5190
1981 9608
1055 1235
4088 1711
2854 5749
6179 9860
9977 5559
1094 467
5558 1169
4293 9958
2917 544
1994 3584
8116 4156
65 95
4445 5607
2163 3826
9194 3507
5391 887
5492 385
2150 2098
8271 8619
7654 7734
6036 3730
5932 3250
2376 8035
5991 4373
8199 7409
4740 3691
4419 636
6146 8785
858 7709
9197 4158
1406 3936
1774 7162
8445 4055
1654 620
597 3294
7183 285
624 1058
4892 9360
3267 478
3126 5892
7423 2184
125 4773
2031 8775
2091 7456
2902 7854
6381 2804
3011 4421
4399 6134
8138 4525
2137 8752
1379 4493
2890 4563
3891 2818
7126 7805
3680 5176
2424 522
4390 8370
6189 9091
3954 7782
924 5041
4264 8611
8740 6780
2853 4916
5745 1546
3201 4705
5277 8832
2446 5997
3921 8257
8647 3650
6929 8114
5538 2528
6359 6981
4365 1678
5514 3700
5569 3443
3483 5456
4943 2762
1372 7846
9077 3351
8620 5976
1300 7012
3189 8273
9462 8630
573 5761
1010 4943
2151 2334
7438 6884
9487 3624
3394 1494
2336 3850
5681 59
6974 1981
8826 1868
8182 4169
2441 3090
9130 9105
7220 4775
9057 2614
3525 3413
3659 3405
4594 6837
1137 3838
5397 1614
8626 141
7366 2523
2327 4892
1257 6096
7125 994
7856 6990
9672 309
6383 535
6774 5814
2500 3398
2919 9749
6348 7533
3413 486
9666 9951
8305 7133
9972 2795
89 6490
5216 6889
5507 7561
4921 4531
4615 5358
7325 1702
1061 5186
1674 1492
7366 6672
9538 9769
4613 7586
8918 7441
4826 4994
991 7285
7408 700
2259 5561
7462 3577
5160 18
77 4309
5474 2540
6729 5233
1408 3984
1793 7291
659 6746
3887 7558
3362 65
5244 8006
8641 5239
2780 1857
9476 4975
3421 34
3475 5901
7703 5936
285 5818
3233 4221
2044 6678
6327 2338
9047 4681
2514 7716
7926 4240
1118 6298
4818 3932
8982 5386
7563 7938
1362 6388
4377 7935
9390 4381
1818 7270
6111 888
3216 6686
6008 169
847 3168
3894 7329
9190 3350
1610 5713
8154 4511
2557 2932
8819 1368
9761 2262
2418 2811
3361 4199
6664 9111
6532 8181
2403 5254
4781 395
9859 3099
7724 51
126 752
2996 1119
6074 7793
3186 7800
9076 8813
9399 7799
1268 8677
1051 2262
2807 8579
1976 1970
9998 2581
141 3471
6471 942
3697 829
7888 3693
7450 3368
37 7888
9150 9820
4698 7519
9825 9756
6548 8809
2503 3023
4834 3841
7984 6571
7847 3705
8572 9838
138 9863
6209 3299
6019 921
7603 5368
8110 1964
7360 2451
4198 1338
2269 5177
3448 5565
734 2427
4002 1625
5825 4393
3033 4999
728 6424
4637 7186
7218 917
6358 8007
9250 2115
511 4477
3518 62
3457 4957
6473 7960
1595 4038
2246 9445
7431 9002
7031 3782
6271 8777
3585 4796
5634 2204
6143 8954
8525 7575
7131 4228
6766 3857
8436 7809
7095 7916
9239 7100
5630 9703
264 3937
8099 5466
1404 1256
3579 896
6389 2577
5741 980
5117 896
3379 26
7114 2950
31 2269
5301 3535
3530 6549
9355 6681
8509 3446
290 3554
5681 5732
9950 3868
3619 2541
6791 531
1916 8503
3736 1361
5543 1356
8266 2037
916 5377
2139 4545
1589 6209
6364 5902
1601 9022
1036 5840
3692 4220
9912 9820
4443 8900
9856 8133
7868 3225
1798 9564
8124 7871
5347 2672
9056 4240
4111 5618
2467 9840
5683 3411
9499 5810
1530 7501
4727 428
2260 6112
2837 3243
8066 2632
5691 7396
8437 447
8664 888
6269 4049
2869 2534
8874 6392
2535 1864
5977 123
153 1741
6875 9152
1023 5221
6583 8814
6297 6176
3290 1392
8474 6513
3478 3033
8802 4150
4427 40
2180 5270
7464 1175
908 851
4252 3013
3661 2438
1222 4655
1126 9016
6597 692
2189 4961
1571 6977
9748 3616
9371 3238
445 8595
8620 3315
4678 4989
146 2864
3826 6925
6802 7693
6073 106
9056 6136
7249 9606
943 1251
6503 5866
7430 2295
3693 2274
215 9715
707 9379
9239 2277
9436 3958
6304 7586
5572 8473
8628 8430
803 6236
1669 2616
2657 6453
4752 4381
8208 8792
7630 9919
147 8206
4456 7937
3089 6179
8622 8768
6096 7909
477 942
5373 3723
2420 550
3670 645
2060 9366
828 650
7750 5193
7029 22
4151 5380
3224 2451
5763 7477
25 4769
5150 1220
3448 2563
4958 2773
9427 3588
7289 985
3408 8351
4543 9763
8216 6392
3759 5982
4903 9112
8089 9572
562 3865
1895 395
6466 6137
3558 7730
2224 3525
2543 9080
6344 624
369 3926
871 4015
6961 6163
8223 9171
7270 3556
2438 2492
429 5388
578 8222
830 8998
8631 1139
6474 2045
7723 2505
1786 5650
7824 8626
369 3868
7899 4565
9177 367
775 3536
1307 240
8394 8553
7586 5061
2841 6348
1788 1974
2151 9938
3369 1610
9166 2443
1221 7529
734 3984
1910 3289
5107 4126
3751 3191
5303 3414
9340 8087
3518 1045
1718 7650
6321 3514
2647 6223
1250 5096
9033 5852
118 7092
2212 1956
4907 2577
8859 2069
4369 9346
2455 3639
5317 9784
1295 6450
5188 1486
5253 3719
7234 3162
2644 9154
3360 1099
7158 3922
5251 9807
7900 3128
4974 1230
7788 1148
648 2558
2124 2926
9155 115
7355 6901
4775 4691
8669 1046
9399 3435
8518 6079
2109 2260
650 5034
6191 7396
4241 8359
6995 5640
9080 7321
2930 4300
8635 4637
4172 2437
156 2572
4401 5841
8156 3001
7710 5568
7683 8487
4956 7090
3742 5562
2147 7615
1102 7405
7001 2459
4143 1788
2741 8835
4821 6290
6092 4940
6016 6934
3341 851
4637 6617
6671 9705
2299 9766
3914 2320
3566 2332
1691 6977
162 273
8212 8353
5419 4185
9755 1415
7874 6175
520 6751
1669 1587
701 9896
3331 3810
4522 8451
3346 3826
6875 9235
3056 2704
1791 9747
4014 978
393 8798
1775 543
9543 2695
8819 3403
5034 8595
8047 6070
3806 1827
2923 8984
1093 7353
3296 6381
7676 5979
3206 6212
8513 7117
2791 5172
8372 4567
9168 7147
959 1248
4203 2878
5262 9376
7065 9669
1250 736
7000 1274
9036 1947
1014 2387
4562 4752
5991 3267
2951 1222
3341 6615
3428 1509
8499 6044
9267 2430
3402 4596
7493 8573
811 163
7273 6527
5742 9230
8716 5859
981 3769
133 8339
269 8359
1042 38
430 7356
8775 2345
1508 3971
769 4421
2915 2514
8278 7012
4897 3598
188 6207
8130 7620
3677 5145
6798 2427
7603 2649
1574 3317
3581 8628
1020 6633
9566 9135
3083 5723
315 3136
7594 2759
8228 579
1951 6358
2763 2893
5555 2400
4567 8114
4992 2827
9500 9926
2797 9710
6733 1436
3358 5931
4074 4512
1616 4596
6184 7277
724 2691
664 852
7653 5951
8158 6795
3932 7082
6305 4216
7979 7533
8508 6147
1726 1557
800 7360
8626 7535
9820 2951
4101 4186
3001 4538
6822 236
1847 105
9048 2662
7689 5521
3985 1011
537 3463
2263 6865
4346 1067
5829 578
4182 821
4782 8284
5671 8041
3093 6284
8226 7570
1188 6378
7203 563
1351 4639
1405 1297
618 8712
8395 8275
7319 1604
7676 8051
30 6375
7650 4983
4563 43
2110 2669
4297 5982
3590 5185
2544 4092
7560 5075
1738 3308
1660 6442
745 4203
3626 8671
9296 5759
9684 4607
4806 4952
4444 5750
2767 1011
4494 2118
7411 4520
2041 7213
7561 4426
2402 4090
7835 8369
6735 3109
86 8550
6725 8328
5532 4138
1056 2983
7609 8948
1376 7046
7868 3270
8090 8346
5838 665
7776 6416
763 4273
161 1847
4308 2878
8598 6294
894 6373
573 3363
4676 361
3385 6235
1716 7617
