placement model: 1slider
width: 10
height: 10
number of points: 1000
5344 6236
7697 9838
8905 1842
1143 2991
5910 8728
2102 32
280 3373
1019 4746
6800 8960
2587 8351
5669 5306
5184 7606
1129 5361
261 8926
8227 3990
385 531
4881 9391
2250 8524
3339 6758
2978 9303
8720 6284
9196 6719
3957 3114
6768 3001
6089 2457
4599 2421
2014 9616
9819 8012
1483 3955
3944 2003
2374 9259
5098 9916
653 8392
7101 1324
8526 547
8907 3085
8653 8683
9671 1502
617 1325
9815 8400
1616 9676
7966 3610
1212 4645
4688 8050
5129 6366
2683 4215
5874 8090
3394 9
4132 7029
2116 5687
7583 3475
9700 1877
5432 3850
3755 3601
6269 9205
2506 4552
4792 3990
6466 6621
8439 9234
3364 9070
8430 1013
5000 8808
502 7393
5176 2648
1436 2612
9082 5067
7519 4260
6372 6923
8940 3572
8716 7076
8011 208
1627 1072
881 3488
4693 1054
4791 9786
6049 4097
2813 2429
9183 4908
3257 3760
5600 9948
6693 8628
5882 4792
7109 5463
6372 324
5954 2469
6135 7902
5922 4229
1238 6978
586 2687
7167 4631
9684 5431
170 2061
2343 4686
274 6167
4566 7148
1841 5389
3730 3105
922 7020
4723 5204
4568 1477
508 5945
8771 1402
4629 1539
737 9673
2298 6675
7768 8791
7706 4123
7199 4452
8077 119
7507 1154
5459 5868
9907 1304
7877 8992
3468 9310
6648 1582
9023 2120
7922 9495
49 2814
2214 9909
3691 6906
5056 2595
1289 7107
1305 3728
2370 8488
269 7671
5889 999
5607 8309
1206 858
3355 8159
5370 2681
5343 6226
4253 9306
9014 2341
5539 9809
354 2081
5476 8938
6575 6241
4101 8181
115 1534
5752 6016
6908 8093
30 1649
4672 2987
7379 8967
3999 4258
5737 630
1304 6703
389 9345
169 4180
2472 3268
459 3900
683 9064
6107 135
4505 1832
3827 1378
5286 699
3876 653
2591 9669
2341 8257
1942 4058
3970 6387
7772 422
4666 8604
5984 8833
7367 1634
2611 7116
9014 3054
6812 5238
436 7283
5251 9236
340 9489
2178 4584
1588 1855
772 4932
4757 4553
2658 330
1433 9220
2176 3651
2861 7480
7061 3369
4876 6893
5555 7684
572 2817
9362 8693
8861 3470
3209 1750
8146 2457
4658 955
9458 5435
851 9719
558 7965
8031 659
6168 9716
5365 5556
8384 3192
4894 446
2335 4770
3055 7330
471 7558
9753 4013
2996 846
4264 6
8145 2688
4758 1807
5682 4978
6187 4440
1224 7729
7636 8078
3946 9735
8927 5841
2176 8913
2979 7703
1240 4149
519 4771
3390 7557
6336 3706
8288 9863
607 6122
6870 4652
7563 3096
6064 2075
8403 5988
3850 8003
6705 2769
482 3279
9318 5946
8223 1521
6751 3580
7826 3231
1109 7868
8291 2491
1204 7664
7634 3367
3926 6616
9411 7552
9709 9642
3228 9950
9270 6179
3623 6962
1533 2340
3334 6422
1838 978
7012 9866
3966 6815
5371 83
8173 2868
4875 3635
2558 5107
3282 9703
5007 3624
3104 2907
4534 6444
3488 5037
2924 9463
3765 4078
7099 8896
2609 4251
4425 7802
5545 1746
6962 3842
720 628
1454 2298
850 5681
5577 1672
3465 9636
6081 3465
2274 4801
5410 7893
7552 5764
460 4439
1178 2378
9310 9188
4673 6356
8547 3924
6342 1896
9934 9482
8856 5045
5365 2539
9788 7278
5333 2847
1809 2258
3409 9454
6578 8404
1759 3807
7519 2922
8106 8303
3033 8714
5600 7371
1553 4693
4995 5855
586 7529
2439 2464
8729 8414
7607 2913
2616 2325
9366 4215
7479 1215
6399 5149
1370 4606
411 2278
9568 9777
8600 1274
4746 5483
5515 6566
2435 4704
303 8844
5284 7871
7949 9373
8858 1859
7297 9866
7088 150
5159 5178
6384 3803
148 273
2536 5917
6135 525
8211 3548
98 7320
5720 4210
4355 1254
8597 9750
3369 4164
6289 9262
5857 3805
7548 9969
3398 874
5890 2809
2506 9935
4809 3672
2378 3808
1918 3369
7257 9289
3976 2697
9107 4155
6580 2014
4756 2696
579 848
636 7002
8968 4355
4680 496
8161 917
5633 2464
1799 279
2745 6828
2884 7273
4981 4658
1308 5072
8819 8152
7821 345
6232 4139
7444 1000
1818 1766
9474 1419
8330 8845
5427 5381
2624 5946
942 2206
1867 2471
9596 1901
8262 4709
9080 2670
9739 5663
8349 4928
4914 4600
6954 7983
3152 4526
5226 4225
8598 5785
1670 6385
2478 377
4409 4708
3841 4503
1795 6670
1621 2841
3271 5586
7155 5393
3937 1026
753 2893
3745 1015
504 9376
6514 7236
4967 3698
7383 4658
5243 902
8426 9831
1700 6629
372 4423
1724 3014
0 9794
6579 409
6906 5186
6801 92
292 2227
4869 7175
8464 1582
3698 2926
3011 8965
5130 7067
5880 459
5247 9568
4845 500
6647 3813
1022 8041
8028 9141
8567 9886
7738 2737
2094 4365
3262 8026
6981 9642
175 6190
4383 8881
5368 6431
2403 2173
2552 5681
6688 3584
5631 1618
1451 4202
189 7232
6218 297
2313 5838
1235 9870
8286 7749
4153 2810
8715 8222
1221 5266
1050 7605
349 4521
4566 3311
4390 5751
9911 4972
656 2289
7020 2839
299 3409
171 8958
2957 3454
9003 6443
7806 8037
5335 9270
1944 1324
1162 8051
2098 430
3382 1007
3996 8782
4444 5848
3175 4610
3732 3055
2130 5522
1399 4458
2404 7310
7508 7863
9240 4727
3664 476
6538 9932
3049 5710
5768 7943
5662 5611
708 5502
6311 3379
2384 7115
2189 7982
123 3770
3113 571
2875 5529
7177 7725
6274 1283
2047 4151
7597 7494
7653 9703
9954 1114
9667 8686
3710 5370
4793 5437
7058 866
5355 194
4844 5111
3129 6785
464 890
5812 212
5673 7233
5466 4821
8995 9632
703 9183
1849 6994
3506 6957
7105 7995
6439 283
5618 9970
2494 4709
9178 2608
9162 9946
4862 3938
4129 7207
529 3575
3395 5572
2565 6231
8479 2638
2152 4318
3600 1755
597 1521
3199 7648
6628 6411
3543 6503
1332 8151
9818 3295
7664 447
7640 3398
4400 8986
3389 4877
1232 9632
3702 1533
367 1335
8248 7763
3156 8666
5835 9408
8764 4195
4105 3721
423 9869
7870 4076
8183 6649
249 10
2816 857
1129 1081
9016 3391
1880 5841
4611 855
7351 465
3200 6237
9912 8953
182 4935
8982 565
8978 8389
3598 8486
2408 4485
6581 1700
9825 8105
8013 9159
1956 5779
8402 2972
9483 6527
4388 5223
8715 58
5832 4872
7876 2305
6944 9748
3598 8662
4318 3437
1569 6871
9629 7889
7994 8753
5408 5465
8991 4143
9296 9352
7316 5877
3690 5364
1096 2794
5186 530
5207 7729
7964 9380
8769 6224
1186 3419
4704 8849
9866 5516
4372 1984
9962 1651
2014 8504
2364 3718
7990 175
3600 689
3840 2389
6767 7193
3464 7392
4371 3369
7057 5046
2472 1587
4383 1664
704 5526
4304 5994
5677 6599
7434 9514
7743 5548
9873 7463
4484 1426
1772 8906
48 2432
9918 6568
9043 5854
6729 4633
5957 2500
11 7831
7291 932
8337 7280
3820 7905
821 4389
2665 259
1871 1654
4257 2417
1705 3719
3506 7274
1248 4184
9439 8626
6935 4840
1090 3249
8749 7694
2800 7914
5786 872
7509 1549
2686 6114
731 9183
360 1906
8767 1807
7415 4103
7717 9111
9877 9394
4184 4252
8738 40
5261 650
458 7605
428 9380
8902 2819
4869 5360
9715 4084
5237 8213
6381 6666
9440 391
7728 349
9621 8234
9027 658
2621 3138
1889 5406
318 2883
9019 446
5183 2833
3403 729
2656 6480
1134 1359
5855 5252
128 1566
6657 554
9652 7554
267 1248
519 5132
7935 4157
5078 7714
3767 1645
2139 2717
751 6580
9108 8533
9562 1263
6823 8174
1894 3913
1164 6915
3134 7383
8024 4736
4202 8425
6879 6496
4144 5480
8062 3311
989 1573
9778 6178
6450 3835
6595 8355
4919 4223
8397 1295
6485 3324
5311 4477
3003 336
9432 482
3773 2647
5986 5369
9075 9592
5788 4273
4007 4991
6685 3512
2099 4771
6481 19
2590 8322
7690 7035
9341 5991
4806 8293
8080 6309
7170 4047
759 4893
8 4387
1685 6356
277 1143
7059 1286
820 5529
9278 6854
7961 2448
7608 9473
7425 4195
5677 439
8942 8205
5730 4197
7661 3056
9483 2800
7234 6478
295 3998
7626 1016
7184 4051
3087 6943
8551 3163
6293 74
6753 3662
4534 1994
116 2100
5401 520
6232 681
7732 9661
7295 9956
8658 7085
9342 2531
1705 78
6557 7633
511 2955
8507 1447
5534 4580
9918 9677
9833 1862
4031 6206
3928 304
2067 3561
6848 6311
9422 1818
2012 5054
6051 7786
4414 95
1399 6288
5827 7774
3344 3038
1266 1603
8833 9061
9966 4569
1165 4372
6793 2779
8568 859
2470 4574
6716 339
5182 7529
9702 973
2496 6211
1222 8417
4709 4758
3257 7832
3909 9617
6740 1359
3343 9456
4604 354
1895 1507
3219 4216
1697 6876
477 9196
5840 9416
5842 8276
5963 4465
170 4304
2275 7946
930 9789
4779 2091
5979 7150
1869 9087
9124 9332
1649 754
1992 5684
8672 5373
6006 4908
8738 9478
6311 3794
2566 4442
9455 2205
2975 1306
4920 4210
1845 8823
9743 2409
8440 7999
1221 8819
8695 5559
546 653
4381 502
8608 4147
3432 8912
28 7447
877 697
6021 9726
8065 9998
3827 7900
3402 8813
5188 4983
4756 2381
8241 9477
7388 5634
2955 3195
5099 805
2871 3434
5292 5340
5161 2703
9122 4147
5282 3688
983 6866
8209 509
9948 7895
8405 4526
3003 6184
8997 2106
4075 2789
4386 317
3212 2772
7085 6436
4977 1337
8230 5693
5871 5165
3761 8167
4083 4681
4881 4367
9768 6719
2159 5162
4133 5598
7262 710
90 8478
1986 5301
4098 812
4256 248
1837 4451
3983 2946
5054 6385
4108 4437
6142 9093
7058 306
2586 1441
7844 8728
9441 2559
8971 6827
4178 76
4263 9296
777 4088
8750 1279
2080 1690
4746 5591
8580 6362
4345 723
4195 2907
6856 7820
954 3359
4030 5213
4357 2301
3152 5074
6313 8426
4452 6231
1959 1717
4264 112
4998 1831
7923 8793
9229 3053
8880 7965
9564 5995
9855 4133
8832 2683
3495 2682
2904 6810
5597 7484
9980 1746
7743 5678
7749 29
4786 4240
6129 7667
3278 4624
5784 9984
6629 1178
2191 2653
2191 2877
7217 9339
4813 1223
5701 6808
8045 7972
7526 4938
1834 6660
8778 4363
3187 9901
7077 2832
5803 6690
2414 527
7163 7173
200 1321
3467 4092
5146 3763
8989 8587
6426 9828
2458 9917
9148 1297
4923 2665
9211 9016
4449 160
330 4438
2829 6330
6139 6088
2425 9713
286 2161
8309 5829
9109 3497
139 1261
596 1645
4245 7513
8705 3299
8455 615
4620 606
4101 3109
8290 6352
3420 9424
310 7594
4705 3187
8042 9947
3403 9819
4121 5899
5059 5340
1959 3602
7643 8228
8479 5289
5118 161
280 4957
6829 7206
3274 3181
2864 1345
5896 5043
6749 947
897 8906
9205 8822
4809 3139
4444 3767
830 2253
3175 3225
9881 1421
8000 2640
4598 9754
3004 5786
3549 2933
8509 9613
309 8615
720 7790
3978 3604
3868 814
8222 2509
6570 7938
5331 8783
4789 9494
6153 9782
168 5536
7085 6891
824 4105
6053 9544
1206 1578
8521 6954
4958 1317
8099 536
5511 8579
7337 9313
6107 6244
46 2712
9152 3190
58 9480
13 510
8851 7818
880 3502
4041 3379
3292 5862
2668 9756
815 3734
9647 4173
1675 7462
7653 8857
6282 7888
4733 9934
8038 3914
2436 1461
4134 6873
8350 2043
8290 5779
8908 3657
4769 2563
6132 2295
7857 2781
1456 1064
6772 4389
1460 6209
2375 9545
8406 5116
6705 5723
4643 1371
4709 3753
2651 8887
3698 944
8487 8665
2677 1568
1830 1045
7945 4038
9476 6926
3648 6869
8019 4002
9610 838
1908 1382
4522 1585
