placement model: 1slider
width: 10
height: 10
number of points: 1000
9681 8133
9577 3921
254 8013
1687 4486
8177 3470
8347 2992
2979 2672
602 9456
4893 3348
2025 282
8612 2408
250 7569
3211 6159
2996 6714
8522 2927
4695 3623
2008 4290
1708 5537
6360 9272
820 88
6376 4367
8318 6049
8729 3752
2423 5116
8337 5616
5911 9561
8981 9563
2629 910
9714 7754
5886 4740
9213 1758
6594 1524
8901 7510
6011 1069
31 3148
1214 2804
8390 4353
3611 2663
718 5476
4212 2273
151 8371
1420 665
791 9490
2181 7732
5559 7931
2461 740
2233 8984
120 613
6414 7872
7544 5837
2810 5158
499 2580
1110 9335
412 1076
481 2440
6653 9200
7922 463
9963 3993
8062 3909
7681 7619
7698 4881
7022 9771
8863 588
4236 3800
1787 7803
398 5520
3310 2452
9118 4904
1870 459
3415 383
2951 5292
1317 323
5712 1409
5926 5815
2939 2262
6623 6699
8847 4983
4109 1169
788 7694
7649 543
8328 4379
5901 6968
5084 4093
6352 1943
7443 5885
7095 9395
3597 8881
7148 7124
1305 7561
5282 3192
6417 9661
1592 1705
9463 9678
6267 6874
4969 6744
4474 1762
9972 2069
7605 4758
7504 659
3475 5646
8731 4879
3198 5114
5040 8832
4125 658
1256 1282
1171 848
3144 3383
6456 5316
5961 4880
969 8380
1147 7769
7701 8273
7945 8756
1441 7271
8310 5532
7028 8729
1928 8265
3034 1376
1419 4355
7307 7817
7513 5500
3011 2067
9166 8276
2741 9665
8501 2126
6938 3887
5416 2205
1543 5586
3445 8457
7746 9757
3600 5924
5673 7683
2208 846
1863 843
2816 8100
7228 3736
5478 9573
7071 8511
382 5790
8070 1423
1113 3729
9946 1260
3422 2150
1988 8029
4722 6277
1497 8177
2214 8687
2942 5418
224 2345
1272 3992
9631 6998
529 1224
5653 4770
4792 6958
3597 4434
5063 6797
5561 4131
2385 982
802 6278
1354 9773
7318 2475
5288 6736
7823 8139
2150 7857
1483 7806
2244 4386
9244 279
8543 122
1348 682
2561 5211
6998 1361
7524 9841
9119 1579
8708 3209
2650 6270
5445 5050
7800 8418
6160 1632
2460 3990
6991 6371
3120 8554
7673 8439
2327 6631
8186 8656
403 5908
2651 6412
7747 7225
3756 7697
2566 4271
3921 1655
2392 5836
353 3907
7822 8524
6263 3208
8203 5481
5613 8608
7329 1283
5028 4555
9309 7760
1705 3092
1888 290
4401 1912
1317 5120
5303 4664
6380 2837
4015 1865
2393 9647
5216 4247
9390 483
9292 9989
5719 4847
8339 985
3138 5532
1069 4316
3575 4734
4365 549
9172 3698
4798 2262
9023 5632
1162 1140
94 8111
5342 3042
7489 824
7052 2664
2277 7551
4238 6859
2528 1209
203 6317
782 4450
3882 6725
4571 2327
6590 6855
7222 7418
2885 3579
4890 2520
8289 1561
9013 758
1004 4619
4623 9055
9889 7891
5886 8272
3993 8800
8004 9798
555 9026
3225 9517
6631 3374
278 7357
7397 3895
1023 6548
9410 5312
3098 2955
1255 8095
7218 3641
8710 2727
9728 5994
839 1219
2434 2263
5059 5196
2550 4508
6828 8560
3854 811
7305 692
3068 7979
8533 2218
3691 2572
2298 7667
7956 3011
9685 5000
3573 2314
2749 5979
583 7277
3402 8138
7587 2547
5364 7124
3186 7284
5139 2275
5435 2228
9656 4627
523 3904
6680 6705
9472 1754
4270 2350
8832 4711
9262 2765
2708 5486
301 6058
5794 1089
7483 3677
9308 3103
1392 5862
1207 1850
1662 3680
5137 2520
9153 1096
9047 657
3903 170
3438 2429
6382 1775
1024 1557
2040 9167
7243 5577
7890 5108
2998 5581
7321 3098
5072 4565
5982 8828
9560 1339
4205 8082
8666 6004
6135 9705
8091 9959
2163 4962
735 6335
6734 6654
8783 3543
3323 7484
1849 9746
2697 9469
4208 9460
1503 1227
6375 6337
6531 6458
1921 7413
7956 2789
6140 1531
5832 706
393 59
8010 9038
7084 5297
6594 1019
2960 277
3382 8194
8534 1796
4556 3673
7616 7092
8838 5628
7534 3467
7781 3420
6026 5002
177 1548
9853 664
7685 2205
8802 2165
8751 817
2999 3793
1657 6028
1298 1511
9992 4940
2249 9975
2484 1691
1626 1096
6575 7934
9630 5129
9983 6673
2134 1466
2316 2613
6652 263
8449 6125
72 8212
2411 1019
634 7536
7601 6205
6120 7195
4881 8703
1888 6346
9948 9108
7770 8723
1950 9338
1959 1052
7751 3928
9548 9961
8048 4574
4212 5873
1162 2053
9903 7066
733 6230
9753 4458
4649 6103
4070 6915
3843 9527
3724 6038
4448 411
5436 6763
5949 4083
8828 8077
6866 8337
7872 7702
3620 1503
5356 4508
6396 9014
2921 951
7430 9341
1646 9407
2390 7887
8045 5266
9643 3363
8666 277
2315 2840
9804 4231
9027 8805
6182 2058
618 2045
9830 8141
2274 9014
7942 8407
4311 971
4815 1597
3869 1420
3579 5444
250 3951
7770 8455
5752 9579
3131 808
7973 3220
805 4291
7942 2434
6262 6209
1020 3578
6207 6443
1228 9288
8484 7227
9422 8720
8901 3629
1921 3786
8869 9318
357 3902
8822 5107
8076 770
3579 4862
4046 2147
4293 1653
8321 5149
3390 3217
1760 210
8263 2164
2400 7357
2241 4255
9979 3626
23 7997
465 6859
5438 6340
7897 6524
4597 56
3550 1855
891 1384
3974 7785
1724 7748
8447 8090
3521 789
6794 5210
4457 2358
1531 7547
1779 2390
2080 5707
7290 2840
7780 7073
1993 924
8674 9416
9762 4595
7994 7441
145 8520
366 808
4854 8698
1367 887
9253 5304
1176 3583
9972 9697
5926 4014
4357 5333
7909 1439
5263 2765
5306 1860
7579 5125
9651 4527
748 82
2884 844
8285 4905
6529 9138
198 4003
620 7641
9533 4143
103 9412
8903 4563
8786 3716
2369 4430
7086 4471
1349 3654
5683 5129
8876 282
8233 6852
1859 6462
958 7108
1039 8995
2955 451
1851 5152
2879 5177
7962 6722
942 1715
127 9859
7790 584
7928 2383
6110 1044
8407 3647
182 9157
2662 6943
4568 2978
5143 4215
222 9149
9348 2466
9264 3391
8691 4098
8950 5968
3604 644
7826 2827
5567 2462
8072 4485
6424 8030
1984 205
5427 3461
4806 583
8372 297
5697 8062
910 2580
5478 1474
8163 2757
2928 6038
9649 7836
119 9763
6954 2077
9796 3895
7262 6605
1587 2590
7561 5543
3921 4727
8245 573
8973 8435
5791 2762
9514 7047
5148 4592
5100 5681
9110 7130
9928 4376
3315 6285
8211 2158
2692 236
288 7794
615 1774
4943 3929
4748 7440
7617 8991
993 9043
1432 6915
6807 6687
535 3818
4518 2464
9078 897
732 2173
902 3663
7204 255
5078 3257
9866 35
9876 7361
2717 5272
4068 7801
831 9683
9116 5748
7029 3436
7851 6003
9845 5673
8714 7652
530 8808
9625 9606
2081 7448
2877 8509
9358 6230
8682 5754
4558 8229
6187 7986
2426 1594
4039 4843
834 547
5837 3710
6218 8521
1869 5265
2732 6462
5032 970
6714 7615
9111 1442
3088 6884
6200 6920
548 9357
1480 7300
7856 9240
9017 1949
7149 7325
5351 4047
536 1442
7318 8243
6892 8925
7041 152
3764 2658
1718 2107
4551 8428
5940 8352
5602 9298
547 5230
4128 8051
8353 606
8527 7134
5738 9260
1117 4298
7819 2377
3644 6519
488 4932
8613 5857
6521 98
8345 1504
1732 3668
1874 2606
8029 6156
2746 1568
1007 9800
1094 8438
2570 7578
5539 7139
4028 308
4237 2952
3488 8919
8830 8586
9431 4951
2777 4473
9851 5325
3829 9756
2503 9111
3706 7113
4035 6845
4610 5794
3762 5668
9249 7172
7277 2590
9239 2269
3571 7047
8617 6051
739 5942
7991 6138
7298 1214
4291 9966
6195 5071
3879 5705
7596 8068
1437 961
8507 7681
9122 2735
9373 5258
2572 7517
3516 5057
8924 1597
175 6663
9929 1495
2566 3528
8454 1622
7041 6277
3104 1094
193 8447
4843 9386
3433 7352
1725 580
9732 3594
510 1561
6747 3827
6622 1206
647 5014
4646 3548
758 31
9144 2698
1446 6008
1406 7880
9208 2211
8694 3668
3380 8479
1248 6244
1332 6782
9757 2755
5881 3987
9086 6589
9143 2355
7446 4054
3246 1556
553 4272
3392 7450
6862 6303
3086 4433
3602 4236
7599 9650
8158 9817
56 2218
132 2885
1625 7286
4026 7974
4294 5492
9182 4558
5766 8638
5440 7327
4022 5296
6034 1586
6680 2800
8665 874
3939 8454
5813 8032
1637 4227
524 7249
6967 8703
1900 8563
7387 8226
9466 3509
3694 6714
4480 2237
3868 5162
3624 4005
1228 5206
2633 4806
9816 1993
6802 1367
4275 6126
9214 5943
8679 2627
1820 5178
5418 3094
6013 6733
4834 3421
216 5997
1249 9935
1644 6006
8472 7344
3437 3707
4663 1931
8911 3203
5440 9360
4915 2615
7171 317
2712 7027
9920 8295
1853 1107
3589 481
9988 8882
2239 606
3875 8443
6427 52
2752 4871
2804 7024
998 4645
7314 9985
5044 5153
6582 9409
5715 3776
8467 3019
2891 9775
9450 217
792 6990
8299 2694
9368 6998
5991 8836
1349 2315
6588 1081
6021 2185
2882 5714
2612 2800
6643 9915
8437 5703
6722 5375
2352 1026
8770 6186
6657 8440
3717 7575
4229 4876
6853 9272
3956 8564
1614 2872
5070 151
6003 7985
7193 1784
3734 2807
2249 2966
1201 8952
307 5081
6808 6185
9979 1104
9214 2922
7743 6759
701 2881
539 9522
1957 2909
9954 1953
6876 668
6846 6034
5712 4714
6339 5680
1995 9491
7876 9568
2862 6700
4245 3847
3928 2345
2531 7849
981 5077
8897 8944
3335 7510
3002 1852
9231 8178
6810 5725
3504 5394
4002 2719
1802 3857
6403 7088
450 7941
9628 8396
7330 1838
9461 4684
6217 1739
2431 534
5521 5359
4097 8598
7103 9793
55 7905
1630 5275
9608 6499
3478 1280
5077 5120
4182 9362
7339 293
8142 2282
4259 9011
7036 6138
8221 7378
6300 7422
7708 5861
430 7105
1257 9428
6221 4473
3978 453
5063 3650
4586 3407
9433 1298
6953 8910
5064 2745
1945 410
6773 2074
9080 5257
7601 1653
3535 1141
8703 8504
3781 7837
5390 319
6444 8048
6317 1556
1715 7912
3170 3127
5815 1296
5764 8633
3912 6466
1505 3554
8624 4181
7449 3088
8341 5653
4927 152
3776 2653
7230 9197
6680 3473
5270 6321
5913 5247
1914 4892
730 6138
4942 8060
4332 8802
9176 4660
9127 699
678 1194
9246 5794
2653 429
5603 8272
7321 9577
4705 1084
8408 2614
5099 8380
4821 4153
3041 6626
3750 3877
4549 1014
5139 3553
6407 3550
6100 4504
7573 9471
9813 2576
1225 7029
2494 4822
2866 5059
7822 7707
2338 8867
8189 6493
8290 3520
8282 5031
1394 8782
576 8674
9252 1500
2437 2084
5248 1451
3387 1237
5886 9691
7544 6673
5598 4352
6890 7800
8283 1848
4119 5345
2030 6899
4796 1764
3293 1387
1259 8004
8959 6926
4058 4929
552 6286
6803 4905
5174 1842
7331 5990
9411 4700
3416 8231
4131 6072
5926 2809
9102 8502
9837 7845
6980 7731
5876 1783
3737 4604
4391 1810
2113 737
1531 9108
6004 9056
1962 1185
6507 1797
6715 9292
546 9713
3530 8627
1282 8443
7725 1174
7018 2490
2542 1134
5763 6400
7033 9035
8607 9838
340 4596
6016 7492
5715 4823
286 3770
7642 2262
8560 8890
4787 1149
68 9666
380 5462
1716 4713
6289 6999
3500 186
8719 927
5466 3457
7537 6690
4702 9254
6029 8138
168 5832
4256 7763
9091 5233
9865 2766
5886 9079
7084 3969
6023 961
313 8987
4756 8517
6507 6773
7430 5683
4104 904
8658 2351
6699 4067
9639 7396
9131 1213
1995 8162
163 6819
2048 8299
2510 4907
4730 4910
6544 3986
599 7071
8905 3120
4460 3147
7128 2657
2324 6183
4978 813
173 630
5972 6294
4186 5942
6824 7901
1782 603
8274 1535
1129 3953
614 4529
