placement model: 1slider
width: 10
height: 10
number of points: 4000
4083 2272
7985 1257
7561 1747
1498 7340
8480 8498
2381 2712
6584 6378
8393 3683
7139 2731
5104 2161
2468 382
5127 9680
5528 4937
853 236
2121 500
6557 5489
9449 9309
4206 4248
3374 6436
8402 2171
7691 314
2966 1901
9928 4035
7819 2006
1258 6782
5322 736
4358 908
4170 4634
7274 1636
4805 7678
1855 6174
7550 7233
6673 1107
9121 3512
5178 3825
8457 2777
4380 2508
383 5940
5833 5141
9555 692
5314 9841
2776 5526
1295 9816
666 8162
1983 6794
7128 3814
1380 8959
3412 4715
388 7691
486 9774
8476 7084
4650 6903
6940 1447
4777 6922
7376 4178
808 8932
5211 3318
3492 3853
8378 6929
6247 3218
6959 6549
6699 2063
8936 2823
5359 3616
9008 5932
3655 6820
5246 8195
7428 6307
1728 4794
9157 5544
4449 5152
8587 3340
5388 7372
1616 8398
4740 5006
9284 9447
9987 4130
8597 7173
2543 4928
6779 693
8396 5619
6597 7346
8439 1503
3828 3837
893 3569
7798 3097
2035 5013
4149 2018
9963 1709
9287 9585
681 6536
7966 5750
9026 3278
4111 2384
7418 8835
5188 1532
3137 906
2874 8163
1721 7329
7083 4448
9991 9974
8130 6093
5028 9955
6432 3880
8919 1972
488 3675
5211 8242
4198 5875
9627 5776
7569 6840
5781 6747
9043 972
9225 6447
7399 2234
1574 4818
1863 1930
6233 971
2132 8376
3323 6234
4848 5228
9731 810
7330 8248
1316 2144
6402 2486
5532 7395
1907 4045
2705 6485
9743 8012
3532 4353
9739 164
4965 8742
8306 4685
6774 5349
2771 4244
9882 3113
5229 1892
7490 4408
4264 8423
8442 544
4582 2505
6915 9632
920 9946
8749 9599
4841 6223
5923 4673
1246 8074
8912 1783
3725 60
7104 3622
589 8390
630 6880
4898 5262
1563 1945
7501 5394
7595 8608
6648 3133
6609 7197
6455 1697
7459 1389
133 2575
6108 8312
2344 9655
1041 9886
2763 1195
1935 9966
7177 7663
6762 3477
3593 9691
6667 6658
4204 2549
5037 6957
7653 639
6652 289
3386 2485
3345 2509
6302 5839
112 8031
2491 9357
1522 5253
3442 4936
6668 3249
6099 9775
84 3501
6196 4040
5461 1349
8242 5219
1609 3475
9587 8125
5533 6860
6565 8578
7256 864
2865 714
4364 5071
208 7635
5049 5844
4635 3410
4696 8244
730 5861
4681 2882
4602 1177
4423 7206
5996 5894
2832 8246
2325 6220
1977 4466
2493 8174
5344 6989
7040 4761
7631 5841
8350 348
7833 1642
6662 3316
3203 2420
6647 9557
2688 6978
4934 5471
3770 5385
8379 2271
4648 8921
572 2797
9760 124
653 3871
9328 9544
9383 9379
4326 4689
3882 2748
9629 76
6342 4528
8691 5771
8817 6353
9158 8981
9448 4371
8328 4765
4723 9754
7443 5058
8895 9178
6225 280
9987 7694
3285 737
6520 189
7583 2110
1736 1505
7545 5291
9052 920
5815 960
5853 7339
4897 157
1334 1867
4807 5888
6129 1962
2437 5573
3159 6622
6415 69
1397 9334
54 9416
1992 17
7560 3149
927 8870
4291 6372
8995 9061
5508 125
1302 9200
565 2492
5908 9275
8412 7369
1439 3823
3105 3991
7776 1864
8175 9567
6197 2283
3877 5583
4243 7947
2956 2537
2030 5468
9042 6483
5464 821
1573 9656
6308 7132
2376 7343
3911 3049
6770 5030
7965 7063
347 7112
9472 5977
3508 1715
9534 9893
3333 6107
774 6945
9047 4497
2088 8941
2135 7529
4097 7147
3965 8322
7328 4708
2902 4905
6694 9651
8753 9574
1018 7434
2768 1879
2957 9929
3564 8148
5104 5108
8760 7340
9280 1928
956 8042
5998 4169
3158 1540
7656 4271
7532 328
5258 4736
649 7298
6308 9796
5350 7142
4701 355
2473 4180
6239 9810
323 6305
8883 6745
9055 7165
7829 8891
4601 6631
6980 1723
9296 7413
3431 5150
3749 9948
5048 755
9802 3103
5886 7028
9686 1129
451 6800
9715 6865
2149 7557
6317 2267
5427 2641
5693 1759
6333 6295
9581 7457
5692 3971
3914 2370
5843 3977
15 6526
1424 7711
7800 2082
3414 8552
2840 6851
5555 9871
4819 9066
1126 9187
5055 3012
4857 5540
6070 8287
5770 3680
5894 2513
3783 1446
8559 4784
3920 6516
1646 7710
4552 1232
8229 1086
3675 2657
4386 1282
4647 2352
1419 6050
6870 1631
8435 1304
6213 6375
2529 3639
6276 6485
907 1547
3161 2461
2774 9666
2624 2513
1582 3724
7465 543
2885 782
4077 6677
2090 827
9290 819
7415 3321
3319 9979
5123 2459
5013 9772
3714 6070
6976 6020
6192 5021
7329 2918
7492 4844
6017 4096
9693 472
7471 445
4030 3096
6977 6274
9610 4883
6798 1713
3850 6049
2732 6770
9520 5602
2344 3247
8012 7585
1841 2551
3636 6121
2229 7859
8168 9943
6205 2531
9985 1019
8559 5453
1834 9744
3462 2721
6525 5396
1789 2039
7897 5953
2886 4391
718 3238
4402 8690
7411 7350
7959 5214
567 1051
8901 4531
90 9381
585 486
6464 3758
4368 9704
7175 989
2528 6294
2550 3328
6055 8089
1104 9184
5950 7335
6036 9452
1665 8706
787 7846
8027 2085
6024 5858
795 4003
3995 4943
1587 4123
2836 5190
7761 8624
9091 3033
3609 4424
9701 9704
1719 4153
1486 1136
9096 389
5073 3531
7326 6218
4353 7557
2537 6327
7531 4057
1060 4269
3782 4970
100 6945
2306 9394
7585 2873
8342 6200
1436 932
7920 5688
8093 8304
2865 6386
4268 7946
1184 3941
9496 8414
2396 1269
9150 8589
9820 2367
962 4510
5044 3162
5234 4723
6394 9171
8905 8171
2898 114
825 9331
2626 9181
9897 1052
4988 8861
3316 642
4340 6989
8537 3668
1415 7003
6286 7410
7266 9906
5270 2565
8268 5808
8750 1258
2391 2468
1747 146
9591 2075
1807 6566
7797 9071
8213 8050
2707 7396
4172 2836
3635 6468
3022 9261
2838 2814
3548 6512
2501 846
4791 4233
5002 7402
2543 1494
7047 2352
9911 1458
5376 2472
9087 891
3954 9501
3879 9136
9748 9003
1762 3823
2089 5669
752 1690
2220 636
523 2590
9726 9712
4651 4421
9352 6889
4389 1288
8046 3984
6943 8057
3888 4046
8419 5741
4885 408
8636 1722
4849 7125
137 7286
228 3944
6913 2805
7676 3863
4293 3473
5719 644
8834 4389
4022 5652
6243 637
287 7986
6000 1757
1028 7423
3734 8711
3556 7462
135 6520
1494 8175
7350 6141
3413 3040
3640 3164
2399 97
3578 5659
3998 6636
766 1741
1713 8188
576 2342
9793 7615
9911 3711
2124 3325
3010 9791
4502 8115
3321 4468
5113 4954
6750 5884
1574 7895
782 3578
8800 1925
2106 1867
4219 6245
7442 4069
554 1462
1212 218
1804 330
9758 8455
2935 2558
6648 8877
9394 2769
1943 4132
2266 5851
6723 8850
9410 8314
8834 5444
9061 2825
5511 3685
7038 8242
5714 4439
807 7113
6387 1470
4996 7133
2503 338
607 5682
9140 1427
9631 7429
3083 1730
3171 1928
4900 2251
1303 9723
469 96
2811 1018
4037 3288
5606 725
6301 8477
9288 2528
1409 612
9425 4233
7904 6578
2380 263
1333 6968
4578 8818
3496 6069
3446 8409
3875 319
1565 9336
7027 5170
8647 6598
9616 8902
3601 127
5248 1830
2089 6189
1711 5492
7834 212
303 9595
5680 7292
2613 2428
2097 7143
7250 2936
3881 8266
9562 3949
8860 8502
3276 7027
1812 8096
2377 952
6012 1727
2961 993
6746 2070
5635 5689
4272 916
301 6192
7177 7743
5994 3628
9834 6728
5741 4035
673 3723
5797 9834
2091 6630
9692 3312
3383 5811
2624 5442
6415 5489
695 8352
4028 7737
6894 4605
2796 4316
6120 4112
156 3443
7787 9719
5668 1390
2077 9580
9751 4453
1049 8606
8086 2451
4692 3166
2548 3862
4734 9302
6395 232
5435 6456
6163 1947
5742 4732
4707 5788
2818 3738
4002 6277
7393 7260
2616 8804
1420 8528
140 3806
4883 1838
2961 6387
6496 6284
8874 1100
7019 8213
8599 1849
8902 4831
3227 943
252 7461
457 2389
6783 4658
3252 5274
8499 5996
3896 4828
6070 2912
7969 7107
342 2065
5888 9390
5952 31
2182 4829
7577 6161
3414 7682
164 3460
4271 4911
8875 3296
4868 4344
3582 105
6877 10000
658 4554
651 6360
5852 2999
3252 6013
7415 68
5967 6912
1056 5526
970 7548
9662 8534
4195 449
3635 6293
3229 2
8566 2518
451 6145
6940 8712
9840 4313
2641 4075
9227 2287
6574 4806
7378 1235
5303 8235
3195 1008
3254 2664
8075 4867
1825 4487
3892 5151
9456 5248
9028 5661
7445 4223
581 7220
7803 3830
9442 8207
3730 7058
4973 6166
6828 9834
9694 8776
1008 3020
9031 4996
9850 6448
4356 425
9011 1644
132 5208
9990 9745
7519 9723
7899 5580
3798 4498
5120 5139
2743 8711
9803 771
3457 8126
5047 3394
1236 3401
8968 5326
252 9935
6120 3418
5660 9640
7011 2460
437 8063
8271 6784
9169 9605
8964 9470
3697 5352
9182 9496
4830 226
1833 5881
7086 9479
9781 366
5444 2565
5524 9833
5401 7206
7601 1748
4487 8929
9905 65
4679 4184
9315 3559
4087 6873
2104 1882
6026 4715
6959 1607
4550 1389
5916 8529
8553 5581
3378 7591
9298 7700
7700 5508
4106 7904
4952 9246
9176 8645
8458 4401
5603 6108
8687 8
3690 5526
2352 1279
7929 8410
2785 640
4708 5977
2593 3576
3635 2060
7616 6207
9535 4321
215 9161
9263 6991
2669 8758
9770 568
2426 8538
6520 3041
9591 1629
920 2422
5886 7679
9495 4561
9224 9768
1936 1961
3547 6882
5899 3407
6889 2182
8966 1711
6640 7809
2939 9033
4956 8953
2467 8518
5996 8784
7648 3074
3733 6423
2697 8444
2334 6695
600 4452
4169 2690
9725 6697
1691 7892
1232 3536
9641 1032
3213 7178
1597 3141
7150 1541
5428 279
2080 6487
7869 3052
5119 2229
2450 4368
6376 4221
3122 8795
7617 4457
3455 3758
2252 8461
9603 1097
3924 6139
206 8950
5062 9605
7548 7309
1470 5459
9182 4880
1146 5715
5217 1077
4236 4036
6522 9581
5058 9898
6612 7893
1540 568
6547 3585
45 8230
3933 6542
4501 3375
2219 8968
6372 5296
8388 1953
7472 1348
7805 2952
5120 9101
7535 8317
4018 2844
7416 7684
2636 8025
9826 4451
3665 182
4520 465
3641 3755
9480 3733
3757 2965
1705 2147
3802 7118
2555 2945
4588 7326
1745 8680
203 4021
1409 7824
3004 7876
9416 8703
9650 8599
6720 6307
2582 8205
6967 8966
2763 9250
6930 2664
6819 3689
6610 2540
7797 9448
3079 1880
5000 2004
7064 3957
9619 9940
2212 136
6566 1883
9202 684
2703 419
1964 4255
2790 8846
4559 7245
7333 5621
2736 3456
5723 5237
7669 8099
9255 9072
4231 4190
3252 8336
9828 3043
7819 7187
2996 7480
1920 3206
2689 8846
4704 8546
8772 287
3253 1015
816 2376
6023 7515
4595 2321
5359 7113
926 6826
2776 2944
6822 2416
913 8243
7569 6895
7158 413
1945 5647
1613 7991
8295 2418
1884 7994
7641 8350
2132 2974
3131 8680
3017 4787
7124 1789
9162 6967
2374 950
9639 9034
6717 1282
6261 5489
791 6407
1551 126
5585 7795
6430 3137
8045 4916
9811 3393
4984 9841
766 5564
3807 7749
7362 1976
4864 6505
6270 864
815 8849
6626 3903
6465 1814
4531 9020
297 1104
3948 6925
5995 8245
6645 6532
385 7661
6465 4617
1258 3048
9963 7799
1554 7362
3349 5642
4612 6617
9340 6678
3450 4239
34 4394
5197 7788
2664 3646
2090 7243
5886 1452
7149 7396
3774 7604
9073 8705
9855 3217
9083 9204
8854 6143
8630 7936
7443 1797
1166 2686
8539 6394
9150 494
5419 2113
3280 4900
5837 6025
4890 2274
4599 6029
9942 1867
6744 7490
1988 6744
1325 8019
4944 3767
1192 1918
9882 3910
7762 8681
7215 6544
568 6689
1114 9361
3450 5804
8591 9507
2793 6301
7063 8194
736 9714
959 6918
2314 9600
4508 649
5579 6238
6451 1796
6795 8331
98 6009
4077 2711
2902 4851
1558 9715
1244 7576
8189 83
7243 6055
1719 5573
9450 7479
3500 5815
6558 8051
2447 9055
2992 8807
9803 6777
3688 7055
464 819
8938 5790
4369 7750
2999 7264
8656 7413
8857 5201
8706 2338
430 8780
2717 4794
8260 7307
6886 3544
4144 317
1771 654
3054 3770
4912 266
2768 49
4830 1049
169 5016
4261 2719
9284 4992
6661 9393
529 9525
4073 9414
8282 5908
9016 362
2337 4621
1471 6669
3717 3945
3159 8210
6670 1606
61 557
5411 3324
3133 178
3013 186
3371 1762
2540 9881
5719 371
2740 5771
5040 3807
8805 1638
8740 9041
1819 130
7533 797
553 410
4879 7392
5095 2738
913 8705
6170 9888
2475 3025
6509 3029
3225 8540
855 7482
2243 9622
9671 2625
7034 879
3282 2239
8142 2767
6281 5835
1742 6908
1786 2659
5022 2252
354 4524
8327 2773
7866 6572
3227 7398
8512 161
6587 5113
5480 1529
9891 9166
2227 6004
6255 9794
8988 5806
1551 2211
4011 9128
3213 1848
7795 4166
1594 7571
3800 6970
4031 1671
8782 1895
6793 5
6928 6989
5779 2023
7371 817
2825 7849
8579 5761
2161 6817
3546 1684
2911 5335
2817 5177
6848 4171
82 3193
9554 9122
730 5960
7332 5594
2907 6182
5975 8410
568 7503
2992 1259
3465 2608
9954 6359
8080 1311
3698 1241
5830 8573
7752 958
1902 7510
3138 4332
7428 7113
1137 1606
8179 7807
3206 4100
8393 5311
1717 8547
6924 8610
3740 5940
4744 2947
3373 9190
5677 1471
7320 1567
9339 2084
4490 7494
8785 325
9791 4657
8178 1177
877 7017
6996 4044
39 2923
3606 9596
5636 1702
1159 5060
9090 8569
4891 1576
4031 5047
3343 8800
3999 2793
2870 3144
7051 8010
7103 9688
3653 6698
7216 1041
3269 7381
8546 7630
5511 3954
7304 2239
6151 8439
8526 1161
7416 7802
7973 2827
3245 4929
9432 9122
5438 5174
717 8556
3130 692
4384 7246
6050 7186
4540 9210
7656 1398
6547 514
8730 2664
5461 1655
4105 7106
4281 5451
6831 7931
4008 1275
5746 5481
7240 8820
658 2639
3737 8516
8405 7150
3077 1376
2536 8329
2089 1371
3200 2364
3085 352
2523 2693
4455 4302
2573 1504
2862 838
859 6332
910 4793
6748 1858
1769 5374
181 6932
2806 6472
388 8774
4534 3502
6757 3291
7957 2648
5343 848
118 7416
3153 4078
3795 8124
1338 3764
1457 8042
1621 8422
3358 3502
1145 6100
2380 622
1093 7969
769 6296
1660 6940
3772 4934
4121 5235
3770 4137
3264 624
1767 8928
8635 9004
3558 404
7371 4253
3746 7868
2379 3501
2030 5761
637 6520
9354 4995
9979 1869
6360 8651
9742 2741
7467 2257
9589 1285
8792 3083
8742 6609
3878 9637
4483 4276
571 7757
2810 5643
505 7670
3478 3387
6317 2031
9088 6393
3569 6855
2216 6172
2655 9625
8926 5104
828 2151
4966 5980
6232 8438
1455 5343
6750 954
4091 7747
1863 8697
4993 7297
880 5289
5320 6020
5562 6417
280 8929
1711 4112
2304 9842
7000 2612
6196 5204
635 3433
1634 7712
3056 1420
4043 6435
8159 7909
4635 1542
1171 5836
7007 8575
9648 4692
8843 2471
6782 9494
8109 7615
1441 7145
9195 9690
8782 5647
5408 2646
3785 3656
4368 7477
8281 3177
9875 7901
2569 8102
3216 2631
1360 4724
9808 6622
7725 3682
4650 2328
9711 108
3797 8853
9849 9931
8477 9616
4702 8458
419 6437
7302 6669
9056 8169
3470 385
942 5056
141 8465
5083 5042
3160 428
2232 548
850 7636
2353 9266
4919 665
3176 7127
3422 6104
3896 4318
3671 3714
5034 6893
4069 5349
6142 1690
2843 7287
7733 7375
4390 5782
2543 1849
976 6520
6985 4403
2131 1641
6203 588
815 7149
6684 4522
5084 948
2994 2567
9039 9144
8874 6208
8935 7087
5251 5614
1451 226
1527 7435
1320 253
4081 3273
5471 106
5770 5518
4583 5546
1064 9042
1940 1374
5578 753
69 4981
8729 8487
37 1565
8131 7786
1863 4139
3880 5720
2771 7293
1709 571
698 6004
3381 1247
2467 3571
3663 9980
6811 9519
8502 9939
310 8128
9545 8338
5069 1507
5 3663
7605 359
4176 1990
3997 9687
7398 2600
8129 8163
2477 3507
6551 6295
3227 4081
6273 1075
9031 3385
5922 2868
4943 3499
2935 9500
49 2428
9908 7325
5163 1968
1629 897
9000 6884
7999 8731
8071 4145
3762 6623
7298 3176
9937 7613
5417 4692
2209 8568
9988 5676
7179 6827
304 6392
6065 5561
9953 7724
2943 728
3869 8174
496 2356
2491 1010
9995 3696
9024 3111
7130 5051
9333 704
3077 9145
6106 1422
8946 2283
9878 8473
4557 5591
4794 7623
9393 4005
2280 3473
4317 7915
1179 48
8874 9402
1875 1391
152 161
6377 4008
9664 7135
7233 7396
2736 4910
6093 9984
9872 3325
785 6952
3071 4906
916 3515
3661 1986
3226 3606
5376 7078
7286 366
5471 8196
5662 7086
9778 6499
4644 5922
3902 272
9904 6525
1322 2350
5090 5965
966 1597
3112 609
4208 961
2853 6229
5913 814
2789 5512
6387 1366
2732 1164
330 1453
817 2459
2579 3241
5048 8087
2306 7201
2961 1718
5069 6748
7876 5942
5478 6284
5586 3541
2584 1203
8033 1063
1032 3996
9626 9764
9681 2668
1543 207
4439 7325
5860 8897
367 9094
1276 3807
2160 2825
784 1792
6358 813
5210 1078
6270 3299
6903 4874
4899 5784
5978 5920
3213 343
85 3083
1031 4839
3810 2015
4397 2488
6472 6009
1517 6110
2762 4568
5514 2922
3731 3602
7216 2961
4392 1139
1299 5352
3286 9941
9693 2345
569 2183
2751 9150
64 9462
3824 6127
931 1318
8210 88
4539 4630
4563 4782
3369 4271
146 4120
1824 9912
450 2826
5305 3774
7148 5866
1977 8510
7574 3245
4836 8773
1287 5664
2519 1655
9432 9865
5355 8110
6311 2468
2108 6902
392 3774
6077 8129
2956 3408
8800 9902
318 9949
4738 3530
3647 2730
7092 4538
9443 136
6341 3876
6058 7896
7706 6644
7137 4089
8737 9681
7161 3351
6914 9880
8137 8502
7998 7736
4859 4384
1135 2348
6238 2605
9055 8521
7164 5292
7414 5565
316 7431
4597 2553
9529 8045
5779 6394
8497 5138
4883 2478
1158 5029
5419 5996
6533 3685
7433 8458
9964 254
172 6153
9288 6813
9576 3487
8065 8462
7440 2967
7401 532
4776 6061
1786 8101
6097 7309
4808 676
5388 5278
4709 9280
1724 6742
4866 8551
8104 9360
4316 2781
4192 5746
9194 5787
5818 7837
9407 2119
2407 2883
5031 790
695 1838
6558 2112
5066 9350
6640 8498
7955 8087
2737 8357
690 7998
2752 2479
6359 881
4634 7089
2697 9986
2249 7397
8990 7452
2957 6126
3915 5856
8565 7703
8081 269
2949 1207
423 7422
9499 6576
4681 8689
4928 42
1843 70
6896 4653
1911 1918
4454 3732
2000 6030
4052 5776
2012 2816
9438 7109
3278 9631
1790 237
6263 4185
3067 5110
8811 8890
4138 7833
6114 6029
3854 6565
1372 4390
5401 5136
1790 4674
1418 4749
3314 1559
5928 3955
6994 196
5890 2701
4340 4494
4562 9107
9277 3605
6949 1935
8769 4848
9869 6235
54 3302
6451 3665
2242 141
895 1046
4465 4234
2107 2681
4572 1224
907 4831
9489 1804
3096 9727
7151 3901
8835 7228
7069 2986
4350 3032
5740 1264
968 6033
9508 2032
9097 1495
8873 7875
6766 6782
4097 9336
385 5884
3380 887
3053 4197
2939 724
3984 5468
7217 3965
6741 6647
7425 7475
8228 1514
9929 6097
1416 1225
3797 7683
1397 1910
5547 2280
2754 6338
1472 274
1925 5085
2586 4951
8382 8541
4667 7808
1721 9935
9905 3647
8615 1200
7318 5561
6090 1745
4001 639
4861 3336
9371 2739
8727 2247
7192 4138
4732 6093
7357 2579
6743 7550
130 8079
7100 4289
775 9774
4607 8666
8970 909
4142 5167
5467 8389
5180 1605
9078 6715
3952 7420
4708 6312
9164 9663
8877 2097
6167 2480
2221 4235
9072 5906
1532 4153
6773 600
5992 2037
1421 7197
1340 5828
7906 324
7060 8802
3771 6615
2964 6831
2155 7537
2930 5064
2778 1178
1774 8533
7015 6214
7390 730
7855 4201
8952 4982
7710 6053
7410 4803
1630 7313
8557 60
5711 9525
7848 457
9552 2502
9075 3533
5596 1736
2537 619
4227 5592
9713 4595
808 7707
4843 5689
2858 8866
5263 7002
3605 9766
943 1634
5661 4859
2273 1919
5844 4369
5771 993
5114 7800
3098 22
4435 5776
6694 3295
555 8028
8813 5407
965 3574
7570 5587
3885 4509
2084 2196
5995 5210
4831 4775
7010 5150
5455 2909
9926 2269
3663 6788
7396 5279
8404 5070
5659 1526
9816 6963
4354 7938
1232 6606
3230 425
133 5174
3445 4909
7780 9028
7170 3095
7695 8717
8245 4135
1689 437
6827 1148
8312 7434
28 6761
6795 1680
9068 4631
416 9436
2098 988
6808 5364
3675 1306
3690 7440
4933 8052
6989 9595
8787 1027
7027 8972
205 512
3130 4744
243 1315
9185 6882
4634 4075
1622 4091
78 8150
8756 3579
2159 9878
8495 3470
8098 3469
5814 2171
7381 3217
8645 3705
3228 8262
1471 7812
766 3032
9454 6261
3491 97
5087 6250
7005 2974
361 6549
996 9876
3659 220
5715 3442
9785 5799
7844 7809
5670 7610
8084 2509
8759 7131
8619 7365
1902 8740
8969 5002
5634 3509
8082 2397
299 8632
9024 1809
654 9361
9779 5562
2033 6453
7374 592
8396 7625
9923 1925
2992 3593
4106 3670
4097 1203
5443 1301
4152 5824
6297 8380
9922 5215
7664 6722
6404 2149
6345 6050
1652 6462
226 4390
2693 9248
5861 9682
7725 4506
7940 8826
571 6783
8353 8074
535 8340
1360 7674
2772 7237
9590 18
5325 2184
9967 667
9351 2279
8403 8920
6565 3478
4114 351
2326 251
3854 1930
3893 3889
6302 4468
7885 7304
1674 3252
1245 2388
243 5397
9447 2563
7729 7028
3884 62
5919 8749
3571 4770
6023 7586
2212 9921
3956 9983
1109 2971
3273 4354
4913 8244
4599 5581
4658 6002
6727 4349
2661 8033
6484 2292
9898 4993
3259 3008
1904 3514
2883 6069
7282 6326
4464 5269
7917 3859
5876 9086
3056 7693
9559 6435
3018 4727
3426 2299
4030 2812
665 5464
6751 856
5493 1954
9363 696
990 4026
5239 5645
7488 5460
2683 9395
9881 3148
473 7849
5263 2532
3311 9307
7616 9029
1110 5906
7315 2243
1974 8782
546 4519
4325 8342
2201 5336
7728 858
528 1147
4770 9164
8130 4645
9270 4101
5046 6344
517 4652
1857 1492
6916 6549
8875 5427
8683 9193
4507 5739
8841 1648
9909 636
8039 7794
2426 7910
3602 4325
4459 5280
480 4295
2697 8029
9393 5384
4845 5232
3779 8020
3472 9851
7312 5957
4263 1127
1399 8176
5568 4566
4886 9422
4735 8321
1443 6975
760 5243
1641 2235
1540 6164
1432 1177
4792 6930
8552 6120
8125 6833
1285 1467
3618 8769
4634 1165
6437 5762
8833 6225
736 9676
3912 2961
347 5009
4657 2448
8462 6203
3391 8329
8814 5928
8161 2206
483 5937
4037 2447
975 7697
2591 9152
5842 8180
544 9788
7532 8660
3359 1743
2205 7626
3183 8934
6069 4861
8847 4101
7698 9829
3070 4722
1976 4418
1821 8503
283 7922
5309 3297
9528 1146
9085 2413
2666 189
8696 5077
906 4317
8376 2826
1114 4632
4852 7705
1849 5048
5046 2819
907 7121
8344 3970
226 5540
995 4248
9576 284
201 408
6056 8221
6185 8717
9007 2165
2362 5183
5274 6990
4845 6675
6605 1938
8479 5932
6534 5418
353 3115
7299 9039
8211 5005
6053 9204
608 4881
3104 1084
6891 4126
3761 9592
7484 2764
9133 2323
1632 7915
7322 7746
4299 4990
6331 9916
4428 9968
1557 5378
9289 9094
1382 833
8966 826
3537 1054
512 3326
3580 8589
3377 9926
1374 8188
755 7945
8433 8394
1708 8903
9034 1510
4018 3925
1772 7345
1870 5665
9504 8674
7701 4886
3478 9417
3484 9737
3157 4488
6611 2833
7397 7063
8957 390
3361 601
572 124
3220 9661
807 2768
1001 7533
4538 2442
31 8433
7206 715
4705 9805
8850 4205
2728 9028
2936 1502
8054 2330
852 200
2485 9143
8254 8117
5368 6521
8363 7823
6426 2274
5585 3620
2347 8349
1437 9082
7280 3364
4903 7268
2791 9582
3644 955
6848 1675
9003 5488
6165 8752
515 2474
33 4873
8646 558
2849 7767
455 2874
7439 1469
6720 1264
9790 1734
4525 2613
7588 9623
8994 7508
7451 185
6333 8435
4468 2498
3500 6804
2255 722
3524 3907
2653 3823
8781 6220
6992 3336
1434 7303
8956 8181
947 6423
9964 7874
7314 1884
4204 2162
8559 7063
8365 3144
8579 1531
4116 5296
4789 236
7566 1847
1999 9535
5187 4887
611 2592
4397 124
4077 6018
4623 8312
3203 7855
8841 7286
7437 7808
4503 7138
6057 9631
8342 5741
7434 3266
2805 1377
7761 7774
2694 6481
6487 2268
8659 6806
4394 172
726 7918
4608 7027
12 5059
4716 3333
5684 9116
5078 6727
2064 4024
7631 1113
6677 8124
6931 9309
1635 2182
3489 7294
1723 1457
5009 4552
5906 1637
2633 5036
916 53
8598 8630
573 2689
1945 7272
9570 6231
7221 3878
3636 5394
8311 4402
554 5319
9433 4254
6600 2267
9413 1994
7141 2571
3770 1928
1043 8433
2650 7905
6877 7009
8748 9576
2307 8458
6693 7959
8101 6753
4257 7342
2223 9173
7279 5472
6959 3661
1267 5379
5241 974
8655 941
5175 6551
6360 1010
8286 6515
5502 5357
738 8903
8011 7119
6918 6115
7462 5294
8430 4454
9751 9444
9783 3133
315 5051
1924 1979
9019 6753
1307 2611
5105 9977
8967 5472
4390 4834
3583 1220
8931 9730
1184 8322
1187 9591
8151 1684
7315 1925
2385 2386
7618 3630
2683 6085
7761 6561
9995 7207
2547 3309
6973 2782
1798 97
3634 7111
6728 4904
2774 5693
4101 9123
683 3061
6890 4109
6482 1374
3814 3172
6653 7351
1526 1247
9091 8166
7887 9759
4618 5975
5285 757
8610 4196
1172 6372
1800 8142
4245 6621
7351 2709
1534 2447
2117 3739
6211 2594
9327 1413
7113 3582
2525 9019
6653 1605
7684 7075
5332 6085
4265 7510
2837 3505
4612 854
1674 8657
1769 1706
494 8478
6233 6174
4703 7032
4160 1925
8560 8819
9508 5612
4949 4978
9010 3183
8435 3372
2803 8365
5151 394
9084 5844
6055 9850
644 953
9020 9613
5651 2367
2859 2616
407 6029
6257 5738
4137 4711
9217 6304
4425 6147
8811 5925
6219 6436
1624 1286
1348 534
8436 9919
3381 6288
7188 4850
4397 6798
9689 6244
4338 8110
3446 8822
2885 9356
7774 615
9933 168
5382 7776
7182 6699
6117 3476
8206 3765
1289 2218
3910 6328
5488 1975
6095 4618
2640 6642
8516 2515
8708 7826
782 7042
418 4144
4456 4756
2345 5835
3456 4199
2463 4118
4585 1028
6430 8452
6686 3872
8318 9409
4367 6518
8182 6020
6627 5409
6394 8467
2385 9547
9235 1431
5036 2106
7095 9341
3493 9598
9061 5021
5850 3598
8340 9088
9326 2597
8739 569
8633 9644
7832 4931
2331 4161
4211 5819
768 4575
7633 7728
9681 8186
3031 257
9471 1368
288 210
4408 2633
4037 9071
9663 928
3014 8086
372 2683
6130 6401
3107 5590
3668 4238
9135 8098
5692 8200
2018 2149
2140 1917
1726 1643
7730 7904
6410 8591
7354 9606
2326 3047
6273 7863
474 1666
3482 5662
4912 3309
23 7757
5179 2379
3612 8838
6093 1734
7936 700
794 6548
5085 6911
6102 8871
2407 4571
6177 6454
8678 784
7597 5110
2293 6592
8185 6636
2168 3837
2062 1271
7166 1132
4257 7549
2688 1455
4845 2475
1578 3858
1344 7812
1636 4171
5717 1198
2513 2974
3674 8185
240 2947
409 7089
3323 7707
2399 9115
3217 9863
9032 2131
1026 1805
5524 2522
6668 8458
6651 4670
2764 7606
4964 9957
4550 754
1207 9427
3916 7676
142 9187
998 2039
7860 7053
7366 2815
187 7165
6823 7618
209 4135
682 6209
2553 5545
9152 9542
6831 4552
2614 1643
4354 4486
3287 7072
736 5504
6193 4731
4977 5914
787 181
4799 4916
3874 4296
4430 7281
6551 4755
7791 3280
1700 1237
4216 1752
5164 3256
8444 8105
1394 1344
900 1791
9291 9549
5890 622
4996 1005
2237 5155
5577 2231
1849 9419
2042 3363
6112 734
7848 8263
2035 6748
8656 3240
681 9093
2986 4276
7793 2531
6565 4681
9655 1367
8925 2555
6620 4647
9299 255
4987 140
4394 9205
8061 2925
4772 596
8500 9930
6604 5758
4213 5346
4694 3159
7407 4057
1498 3316
7935 4602
7467 6667
2317 9801
7070 6115
3232 3931
4276 3193
4729 2940
1512 8569
3358 3499
2044 8106
6606 6691
7323 7067
8840 4250
2353 1572
5282 9911
7230 837
8337 3445
7262 7378
5482 2987
5540 8442
5617 1870
1878 5913
4030 4376
9057 3153
1693 2031
971 9169
3064 4688
8968 4831
4271 3178
9826 3974
6280 2196
792 6672
7596 4681
926 9784
3919 2741
6205 7291
220 7198
6411 3093
7108 4444
9202 7768
4572 7709
6826 4330
3320 8320
4873 3862
6677 6995
7962 2911
667 7971
3550 485
7075 3020
7804 3617
1310 2599
1474 7913
2882 6124
4815 7718
3586 7862
7258 3827
8169 6399
2727 4947
9631 1967
2154 3131
3280 4223
737 9958
5070 5730
2946 1676
4498 8074
985 4145
5546 7198
468 9759
8879 7531
4008 6902
1402 7392
3320 4574
7072 2539
1891 6602
5083 5326
4085 5501
2737 2872
3146 4195
7791 3031
5640 6290
8056 7406
1330 2022
8718 4575
5821 712
8905 7369
5951 7343
171 7887
3592 7293
9200 1830
538 2174
3399 4712
9675 5182
6688 786
9163 8433
7896 411
1353 9456
4778 3041
8121 555
1101 9224
8797 5348
1941 3757
3282 8678
3470 5565
1955 7084
1574 3942
9410 4778
7123 3959
9427 268
7995 9438
5146 9379
6975 6509
2560 7170
4088 2978
1652 7757
7065 6
1733 2145
4916 1954
3265 2417
7920 6702
8758 6849
3684 4941
6287 8354
9940 1569
885 180
8672 6453
4796 7222
2543 8317
6257 5653
9832 7568
1768 657
7430 9292
1916 6858
6648 7252
8504 1401
995 7236
5466 6291
3642 2118
5153 7797
9371 4699
9109 5387
1007 8698
5227 3967
601 921
1315 4036
3647 6991
2899 3860
5141 9864
4775 2058
8070 3020
3298 801
3499 4775
5833 2788
9077 5235
1447 3752
4707 4321
3497 8003
4239 2131
788 3750
1140 9822
2331 2602
65 515
7745 4017
5907 5266
370 9894
7186 1475
6584 4045
4789 9782
1278 1026
6045 7771
4755 6272
2134 1383
3062 3159
587 1187
9873 782
6011 8204
1746 8384
4582 6354
3784 2214
718 8093
5523 1165
3906 2947
3122 3454
227 3864
3763 5328
3180 1300
3811 2641
3207 9012
473 9856
6053 5926
2815 7348
1582 3100
5868 3889
9054 4420
9873 2564
6331 3390
323 5639
9470 9774
9239 127
2938 2639
3467 5284
2159 2583
6221 7517
4411 3995
7950 3261
6689 483
6042 4120
6767 9112
1306 9347
3174 3408
301 8328
5184 7407
5442 5661
4134 6943
585 5851
3800 6736
3326 2581
9160 9063
7385 650
1190 5263
6897 2947
8926 491
947 1776
6316 7358
6382 5534
2440 6021
7179 9259
4536 3335
5475 8340
9215 5791
1599 8570
685 7049
906 2584
8437 7299
6194 89
7347 6778
4706 6217
2380 4813
141 793
6448 8787
7889 2081
5366 5801
7359 9384
1154 784
1983 328
3435 166
5841 2469
976 547
2269 9896
9535 6543
4723 8454
9162 5145
4573 8156
4017 4193
4079 1244
2984 2149
4911 3769
797 8754
7451 8801
6691 1145
2174 6790
9140 9180
5242 2227
4355 4411
4368 916
2852 773
4256 8743
1129 5037
1420 2267
8827 43
8506 2071
2530 7544
9562 1729
2317 5022
2573 7323
9671 6367
4885 7135
1407 8309
8284 1222
8177 6880
8999 7300
2295 1056
211 9790
6695 8797
788 3981
9392 6274
2968 7922
3131 6889
884 4305
6869 4691
793 3360
2263 9688
5741 6872
1930 4788
4350 4803
4232 9950
7197 2370
6865 9683
1800 3160
4024 4396
9639 8280
4623 4617
3272 941
1630 5345
8728 3656
8810 1829
746 6603
8702 4442
9085 7759
6102 2414
9754 2038
7350 6123
4158 7234
9086 3744
372 4137
4411 2088
4296 7327
3732 5191
5491 1767
9020 6776
4150 9080
7396 9007
3020 3719
6880 4514
3955 4288
9388 1932
9396 5660
4480 1351
6733 9366
474 5776
4715 2831
909 61
6666 6013
5767 6973
6085 7810
8352 842
6508 4798
6521 5809
690 3862
7183 570
4226 2614
1559 5408
9637 5128
8994 1388
6030 9981
7368 2567
5041 7620
4244 6087
4552 3184
3843 7173
7854 8186
8525 4661
9158 3306
5591 8056
7347 7072
7553 8492
9475 167
546 6162
787 3626
3867 3954
852 2196
5225 6420
5727 2116
8932 6218
9517 5883
328 4303
8631 9538
6716 6503
8863 263
5482 9447
3991 346
9155 7344
9264 8369
5936 8458
2771 881
1445 9677
3718 5044
2669 9536
2589 729
1241 7985
6782 4630
1327 2990
8900 5815
4195 8196
1946 6627
6747 7113
8490 4930
5965 2924
2223 3123
5712 3560
7791 5904
6144 2050
38 4824
318 9704
2460 4921
6561 7716
2843 5122
3334 713
3331 6568
3186 5672
2934 8045
4800 1645
8564 8626
353 5899
2540 4499
9244 4722
4060 6319
7556 7205
2237 8997
4712 144
3607 6600
6405 5835
8154 2866
9253 8856
7283 2978
1950 2171
8369 2846
39 2788
5877 7861
2385 8361
4698 4901
2196 7267
9184 7594
7346 3228
1237 1047
9054 7622
684 7099
503 5946
250 1848
5121 9551
3692 9161
4154 2068
4943 2110
5869 6788
6530 2733
5965 2341
1937 5825
5176 9067
1921 3601
8256 8098
9929 709
333 9415
3548 9238
9715 1863
2154 5702
7643 2229
6282 6158
9096 8081
5373 2107
1222 9847
942 2980
3510 5746
8303 8754
2054 8917
9034 7713
4410 6986
640 2005
9762 3483
565 4554
1213 8832
2679 918
8100 2136
7282 1050
6588 5943
8764 6084
8026 6750
2771 6175
5862 8148
2170 1948
3395 4954
8645 4414
16 8594
5342 8380
642 5034
8421 7406
1469 2754
1477 7012
2575 2283
4401 9768
4459 2595
7527 1429
5242 3743
1476 4620
1088 5358
5759 3542
9818 6009
7339 1963
4965 1937
597 705
9981 3371
1267 1706
3581 4391
6318 8004
2159 4584
2156 358
6472 5715
7158 8869
9507 3852
1409 2908
52 7429
7271 9232
1392 7539
8586 2042
2439 8884
7805 1359
8841 1332
7683 8499
4240 5569
8231 6976
533 8375
5622 5970
4345 8545
3761 6203
6029 4309
964 3155
1908 1741
7630 2640
5349 1106
8254 3759
9519 9863
965 2373
421 3410
4021 8014
9016 2460
1763 3817
1835 3235
5501 261
2840 784
6026 3456
5711 2351
7262 8177
5310 5026
7496 586
9857 9103
3302 5589
1011 6369
7593 574
5919 1423
3143 8809
6122 5386
2345 4013
1374 1469
4622 867
7379 198
4253 3787
6899 6037
5267 9593
3483 544
3714 4919
1904 5160
9602 5677
8619 9439
1356 741
7654 8902
7704 9006
7080 6827
1365 7383
6316 7976
7708 8337
9167 4953
4824 4953
2403 6215
127 7185
7008 6352
3275 3570
6916 4133
6071 1700
2705 3841
4289 848
8413 61
1621 7953
4236 2065
7930 5667
3098 3630
9336 6870
5267 6447
7220 3569
1970 7094
2234 9492
9534 2546
1273 7259
618 6695
7925 9712
1932 6626
5874 2006
8425 406
8973 6107
9157 2849
2791 3717
6054 7834
7513 3479
4735 8032
5876 5890
2411 6624
2083 1330
1580 9285
1421 7464
3517 2598
373 3563
3992 2751
3123 6966
92 2815
9463 5439
3003 957
842 7211
3371 9788
1678 1145
7509 6474
843 6213
4636 2618
4470 8752
892 2703
4310 5606
3666 3873
9012 4709
4840 2767
8256 8134
1019 9726
4547 9747
4738 4521
1441 4840
1571 5571
9935 7202
9442 2901
386 2713
7656 8493
8259 7375
2469 5925
1981 492
9793 5253
1842 5088
3772 8579
9543 2308
4989 9753
9639 4725
5703 3346
9946 280
7766 2326
5064 5512
6103 9642
44 2160
2310 4862
643 2090
8062 4897
4221 7321
9860 354
2128 4560
1206 1939
2855 9362
5462 2051
3972 7784
5911 5754
6905 945
7229 8300
9166 830
3602 6391
1642 6255
950 4984
701 3502
6031 8240
6377 6052
9905 9799
4263 4236
6999 6591
3189 420
1617 859
4069 4103
6836 7657
4089 4487
3682 3893
7112 2478
6800 6215
6262 1943
6614 3722
4774 2324
2727 5542
5916 5042
1383 4204
8588 7796
1641 3480
4174 2241
7614 3764
9239 8887
1993 5609
2886 5359
1426 9108
8000 9226
5644 5362
2477 2880
9710 7989
6102 8373
5831 6730
1782 7682
7371 2538
5693 5874
5670 2094
8492 7274
6958 5107
5272 2916
5443 8763
8217 5937
2993 5273
8237 1790
5353 7818
1906 6244
4478 2404
8573 784
8645 5572
6452 3923
5914 5675
7502 8263
7103 5151
5508 8064
2574 760
3041 7463
8248 5600
2192 7624
4246 3114
3399 9236
6077 7861
2535 6003
7089 2087
3187 7316
4273 1502
8925 6944
2927 2754
9917 241
2247 250
7727 6387
6376 9273
2351 5723
7990 2852
7316 2052
4853 1827
5304 7492
6076 7290
8584 3567
1522 4068
4106 9107
2023 2306
3908 5952
5299 1621
657 5289
9434 9631
1931 7009
9755 3422
4823 6018
1944 6241
7875 3472
6817 1794
2133 9407
2771 1787
4696 3780
3159 1680
8915 524
6078 9919
8222 500
8706 3091
8091 1412
8762 9675
6403 4462
7720 7786
1128 3382
6649 6783
1789 8903
9782 5799
1635 1698
3469 8754
6570 6494
6090 8383
5214 751
1862 7520
7428 4775
8533 9912
5559 6763
8348 2232
2635 1084
6302 6283
5179 588
3228 7281
3926 2452
114 9113
524 5305
1558 3636
1090 3099
1752 554
2755 9278
531 4188
8474 4455
1208 9430
782 7548
1287 5094
8585 3763
1384 2119
9268 7554
116 7512
5119 1507
4801 3958
4011 576
8176 1881
1204 1209
7616 680
211 314
3440 9689
6125 949
6629 4017
761 1318
5354 8429
2317 7081
4413 1643
3746 893
9020 1809
4286 7389
3689 3423
8738 9503
3789 890
8269 8281
6354 4699
4995 6962
7349 1032
9329 6501
2760 651
3091 5970
9041 9433
1047 3544
9453 4243
8493 4879
3936 6280
2997 8994
4842 3578
5968 6254
5102 4401
3496 7367
7096 1228
6656 4617
1454 8277
8366 5619
5615 1536
9741 2472
6154 4057
4209 1067
3257 6530
8362 602
6805 3859
5898 5015
9437 4162
9453 843
8645 1916
8091 9228
9348 8493
281 6994
1235 8165
8314 1351
4429 1240
6948 4728
9564 6089
7890 3422
2427 1709
1006 8283
1732 6064
959 2456
8926 9124
6372 1922
1435 3645
5415 857
3763 6528
4276 1383
8256 8906
7957 1714
9605 4972
6412 2903
5408 7413
1534 3487
6482 1886
3106 3896
2535 2907
5286 3778
7294 1842
1368 3954
5168 432
9376 898
844 3233
4001 3084
1092 117
8621 2394
1318 9747
9657 7882
9280 795
4430 2073
1 8037
8257 1289
7393 2389
7344 1931
6222 2224
5425 9920
2517 707
9263 6769
7933 8673
8034 143
2566 8205
3116 2842
8390 3253
2338 6347
6196 7277
6769 31
8885 8694
8906 6995
8451 498
5604 6600
1925 7632
3527 9263
6966 2900
7139 9676
2916 7255
660 3076
2624 817
8114 1968
6029 7639
9047 4984
6352 2909
1353 6078
1201 1962
451 7920
118 844
2064 334
3833 5230
8216 3359
5070 5142
8904 3396
8538 7811
2644 467
5377 1011
8979 1225
426 8067
6132 8963
9375 8879
3563 6486
7182 9994
4934 944
7951 1911
9195 3504
6286 1562
8413 9832
8939 7734
9964 7283
830 232
6676 2375
8552 8479
9554 4727
4976 6741
9856 9682
9389 2731
6378 8464
4518 7339
5308 3633
2275 8739
2908 7906
6032 7702
8282 9670
4001 2764
922 4762
7565 2049
6839 3290
3999 6989
5703 6670
8767 9928
6250 7199
1696 3761
6944 754
534 2930
5286 1467
769 7153
7928 8771
898 9045
3095 4847
7968 6120
5407 9840
3823 1410
9066 3741
9589 5930
497 8702
9710 2487
7877 2913
611 2788
9417 8648
4947 7385
9990 7439
6409 9370
2563 9557
1370 9410
4987 579
5543 4796
4004 33
2078 494
5372 7609
2664 7103
8732 3676
6191 7722
211 9187
6220 7908
6536 6314
2939 420
2645 2619
3991 582
9898 8584
8963 9996
4666 7610
1824 6168
2795 265
9219 6237
8318 9266
5034 5595
3288 787
8560 9929
7734 1358
9315 8454
9177 4564
6749 2597
3773 4731
5296 437
5591 5466
2723 9500
9452 6612
8170 2242
7222 1441
8792 7338
511 1205
1117 794
9911 5137
4467 4003
1088 8347
8922 6364
9291 8873
4251 4058
7561 3978
2029 6952
3709 2193
669 6362
1127 5880
9174 1152
8052 3519
7191 3620
8250 1446
7906 1476
1398 9077
4310 2396
5165 9665
2227 1355
6118 2534
5851 9558
7290 9308
7586 4135
9244 4576
9482 4273
1194 2489
3425 1386
9069 693
1345 8792
3292 2758
9401 2770
9864 4537
2964 5581
866 3459
2029 53
5128 2666
6045 9320
6010 3522
4221 9706
2975 9794
5076 6094
9149 5556
1992 3075
3680 6269
2178 9880
6991 2683
4865 5386
6219 8893
4957 87
8830 2225
5971 2621
4508 5977
335 7764
1893 5287
3217 3355
6335 9057
3200 9218
3259 1144
3100 3950
5496 7163
9798 225
548 143
4102 9977
8822 1067
6580 3965
9606 1214
2468 6863
8675 8211
6736 152
3944 4714
4804 5790
5478 8204
2262 6520
497 1578
1027 1819
7733 471
2874 139
1191 4398
7982 383
2918 3629
8139 9869
94 343
650 3889
3692 6936
5509 2000
1157 6801
1717 4362
3910 3022
9519 7702
102 3809
9723 4261
227 5609
8562 6348
7905 32
893 7755
723 6265
7090 7837
8107 17
7254 946
5827 6259
6183 5690
3352 3772
6129 9525
4465 4265
6508 3321
2910 184
5222 9242
9878 4988
1909 7247
8661 9570
2322 7173
2257 6748
4520 3017
2888 6421
6522 5488
910 8295
4509 9613
6140 758
7585 9604
3658 9858
5168 8595
1600 8039
5700 9246
9787 5546
4104 4780
8461 237
529 7528
9725 3408
2624 3054
9321 5248
2860 8212
4203 5552
8437 3848
8447 3404
7017 1163
3499 5286
1917 8024
214 4421
8985 6435
7803 6070
7376 988
5176 5404
8813 3305
253 297
9027 2189
886 2019
2908 9725
9117 4138
1828 1290
5972 5767
5400 3360
1201 8300
5992 8226
7895 5411
2437 7900
2390 7207
9082 1157
7159 1097
9230 9260
2873 7163
130 1097
8320 573
6597 850
627 2925
5003 5982
1140 5024
5001 9042
4929 6768
8015 2014
8902 6828
1539 1939
4909 4517
6884 8074
3599 1089
4304 6546
5381 3792
32 1618
1570 4416
1066 4852
6988 8808
7197 3314
7415 4944
7465 7391
1448 5523
3819 1917
794 6408
9945 3836
2806 4404
1792 6154
5641 9828
5768 2637
8766 1050
6058 8115
5262 2701
8047 9617
4675 7842
3128 115
1696 6165
7706 7951
6961 8125
8179 2664
9623 393
8160 4034
9501 9367
9336 9049
7877 5341
7091 8587
4485 6532
6195 7454
9968 4251
3115 5964
8414 4840
3074 7638
3133 6478
1731 7400
6955 7477
1257 8299
1426 4918
3984 330
9746 7668
9894 7174
4026 6686
6763 2552
2832 5851
195 6098
6344 3890
8343 9360
7400 2242
8412 1301
6714 9519
5122 9698
5819 4024
2103 7854
932 2568
6575 9569
892 6300
3666 5205
2998 5852
6964 8378
1599 4098
8344 4087
646 6583
7300 5390
1377 6450
576 3381
3333 7916
2040 7708
1715 9604
4852 3551
6421 7446
8668 7404
6385 1654
4947 1239
8645 168
2749 2148
6365 6698
3790 2459
2758 8461
6160 7510
8787 9900
131 2297
2350 387
4891 8152
7246 4785
5567 4281
1409 6731
2906 4287
3058 2943
1604 1635
898 9602
8378 5691
2814 426
4372 7458
8107 4159
5152 6151
43 7369
9975 7198
1503 5588
2048 5677
6932 8666
4924 7451
7236 3117
3243 5684
1499 8994
731 6448
9532 4744
7976 5147
8152 7735
1658 8334
840 1323
3619 7080
8386 6463
8455 1980
1222 449
9045 1102
3809 3094
3144 6522
1085 918
6022 7320
1949 1292
2066 5864
9329 470
3651 194
2678 2193
9606 7416
1029 6341
9697 9595
5045 8961
1763 9524
7173 7457
1466 2025
5726 7804
515 2971
2442 3052
3393 8989
459 9575
8371 5905
4593 2716
3048 5863
5444 4839
1826 6524
4278 1546
9121 4160
9837 906
8586 4232
6603 1211
2737 4588
9307 4335
7490 4519
8387 3876
6064 9186
671 3047
1694 171
9733 9072
5762 8898
3111 3692
3556 5436
4683 6187
911 7594
828 8094
8222 641
4687 3422
6847 3962
1313 2392
452 8397
1785 2315
4232 8871
770 7290
2893 3022
2159 4262
3182 2687
3419 9619
4718 5820
1596 7722
472 324
5901 1040
3834 6838
4920 677
2240 2963
1280 9661
6494 7965
1570 9080
7328 9598
313 898
7898 735
5075 4888
8597 8603
8422 5747
884 1545
3518 5751
158 1609
8689 6836
6536 7894
410 3705
4787 2229
2259 2030
51 2141
2034 3221
6310 8426
4677 3703
2686 8592
8668 2640
344 9857
3935 5511
3575 8759
9628 274
1414 6737
2752 972
3203 9874
9491 1938
6268 6793
3582 7253
1558 3556
4146 755
1446 3604
6118 3663
9799 6473
730 9982
9400 9434
132 4558
1603 5122
7547 6683
1812 1183
5872 3783
1437 4845
1997 6409
461 1177
8525 3032
341 3531
2958 2505
5118 8
8473 6899
2059 1684
1433 3623
4000 244
9828 1053
1317 8855
8054 552
4651 2352
8271 7488
4913 8827
1437 4746
1719 6823
1086 9325
2761 9329
564 5863
797 4437
8137 1224
3626 875
6324 5830
7202 928
2123 6918
7064 1812
307 6700
4228 4134
4842 9998
9636 8109
9711 243
6682 3185
702 7363
7666 6172
6609 5747
6673 3153
5124 89
3427 7167
8832 2263
8000 4380
7294 80
2568 4993
6337 3701
8542 2449
2078 5321
4954 3923
5815 7159
2737 7086
9301 2602
808 6594
8104 9615
7548 4106
8159 7800
3571 9173
568 630
8527 1870
5052 8572
526 1130
7468 6036
5336 1508
5147 683
4005 878
1194 3943
4664 9061
3082 5701
4210 9145
1939 1545
5496 6856
9975 1559
675 8085
6172 6538
1742 1998
8116 5769
8428 8369
5542 3663
6770 9806
5572 8372
69 9229
6316 6886
9481 9825
1830 1961
1093 3324
5241 5919
5065 5183
4034 2535
9247 4499
7636 3551
5567 3949
7596 7617
9636 9892
6825 6507
4196 621
145 2337
4519 2124
1690 7526
4175 4727
9664 5862
8758 3336
10 3027
3164 4255
1932 2854
9602 9709
6103 4390
5276 2961
8309 5252
6371 2034
5928 4979
399 9371
1427 6547
6652 8068
1684 4853
6471 3260
4946 5370
4470 7954
8545 8267
2972 7974
2155 6403
4387 7223
1303 8739
3591 1648
4206 5585
3269 7194
8457 8873
3613 4603
1157 4067
3722 930
3145 58
3903 6073
7904 9248
4310 8923
7350 6413
3245 7212
4113 7075
4456 7945
976 3393
91 9306
