placement model: 1slider
width: 10
height: 10
number of points: 2000
1302 3528
8422 1425
5990 1550
9102 7277
3513 4065
7976 5162
2433 5833
9253 3650
5673 7578
8328 9701
8359 6262
1537 4202
8749 9770
4992 7641
9666 4724
6909 1802
3618 8565
4520 2303
9372 3844
7668 9481
1182 5316
3220 8354
3149 7833
6068 5216
6477 6386
3883 4223
2036 2537
7389 5570
4289 8875
1018 3298
3962 9498
4660 1926
5933 1897
1604 3432
3282 9152
1397 9197
3594 6337
9755 1799
4610 7084
4936 2181
5233 1967
8712 2544
678 1295
3119 6047
3679 9285
2344 6131
2017 2143
9918 6036
591 5940
5354 2351
1518 1834
7175 4681
7383 6148
9202 6052
8174 1111
1799 5324
9230 1635
6346 4786
5705 8633
8386 2359
3704 210
9757 8831
3933 7853
5676 9278
6095 6156
7057 2893
7863 741
3642 7350
7422 9612
3764 8714
8197 3424
240 7194
9000 2296
1943 3444
7946 7388
1229 1383
2597 9839
6921 1039
4195 4868
6893 8541
5958 8591
4889 9391
1386 887
6760 8166
5260 8992
1805 3403
5063 1981
1309 4745
2392 8780
12 2121
2599 1407
5052 4537
6995 6217
9990 2133
7295 9587
7224 5372
8036 8074
1990 6699
8531 3963
1661 7675
4515 366
8703 687
1773 6172
8631 9608
6749 9429
6137 9523
5545 2686
266 112
3101 4649
57 4707
6081 9072
5238 1074
8284 7169
7424 7491
1189 8155
1078 643
2379 1025
8632 8183
1896 385
2179 9084
3842 4695
6789 1341
2892 7929
3352 8274
6418 5634
7269 5578
7118 9547
2233 4344
7211 7567
7370 4744
9648 6950
2862 899
8949 9926
5762 2662
8448 7575
2576 3451
5019 8990
8585 4348
581 3440
6771 1311
1670 2266
6302 4140
1461 6267
8049 4268
1304 4823
9286 5605
1738 4975
1121 8802
6287 9849
1579 193
4444 7185
5862 4526
2632 4800
265 6473
2564 1367
8535 9106
6445 2041
3782 1887
5231 5672
271 959
275 8495
804 2074
3537 9550
4414 1285
7318 8309
4721 2565
7215 800
2218 1877
5320 6637
1429 7535
5545 703
6631 7083
5862 7324
4001 8683
6114 5539
5962 3675
1987 6640
6795 560
217 3871
8355 8749
3042 9636
5454 9774
5672 241
5391 9262
2281 6428
9063 9217
1024 2892
6152 1569
4500 1036
6675 240
8284 7873
4684 3913
8114 8706
9137 64
2474 5968
9792 2144
7647 5758
1774 8266
7861 1455
6712 1795
8604 4384
3665 5432
2428 6569
527 3646
7365 7045
5986 4347
6463 9050
9293 5434
7435 9811
8212 2171
5472 640
3521 7733
9183 7472
3311 2510
6814 9658
4080 3809
314 2011
6478 58
9747 7082
6000 4977
9896 1170
3486 5484
9792 5298
9460 6894
7125 85
7057 5560
709 7517
7855 4409
8567 2685
5103 1401
5093 7104
1175 3022
1490 4316
6430 1648
8516 3726
608 5574
5705 3165
9417 9776
426 9025
3190 1221
2604 411
866 844
8037 3619
8692 1674
4986 3087
4500 7215
8585 2595
6407 3109
4125 413
3828 1648
6846 5422
1809 2775
2371 94
4086 9817
3571 2191
3275 7985
3851 8994
6806 7682
6722 88
3655 6006
5230 4182
7471 7822
6806 9067
409 5227
9966 3614
1292 4070
5995 2423
5709 2184
6896 3323
3714 3852
4145 638
6980 8569
3174 5384
4453 6778
8276 1184
7272 8711
2000 5145
667 4992
4101 2730
6842 3083
5109 2155
9113 5858
437 1115
8660 9304
3054 8210
9827 2021
6967 3603
5324 6314
5139 640
6291 2433
2125 8583
5059 9539
6000 4022
8285 1097
3496 8507
7165 9978
9742 3903
1957 7097
6533 1749
4270 818
1160 6749
3274 549
6180 8763
6613 9141
7190 3122
6859 730
7946 6420
9910 8127
1282 42
2743 5398
3197 1453
1367 4866
4651 2764
8155 4203
9287 4970
9359 3881
351 563
8014 6400
3957 1609
9761 6768
8614 2206
6050 5960
6846 7719
1413 2326
964 8666
2484 4834
1078 2657
8097 9203
6219 8250
3942 1311
2816 4491
9254 4560
5035 7845
5204 6046
6687 1109
9810 7022
3942 8984
2119 8193
708 9324
9656 6465
2885 1443
6793 8043
8040 3718
6912 5221
4964 6086
6237 3866
9174 3573
9594 6634
5019 6758
9254 7186
8508 1240
7923 3977
7881 6811
5512 6146
5624 8246
9183 5127
3871 2407
2921 2628
8361 8402
8139 1430
5012 8361
7111 8558
4113 7958
2712 8176
6542 617
9690 2271
4122 4796
13 9919
5665 3794
9700 5468
584 4503
8532 7490
7771 9854
6029 694
8754 2494
8726 3149
5130 503
5124 4818
1175 8437
1474 8372
7905 4103
3029 6243
7855 3540
1556 121
5159 3643
3931 6035
1856 6057
5803 5948
3373 1800
1432 3933
4338 3514
6567 1602
6138 1913
2760 6820
7986 1130
4061 8248
2428 2728
6561 3641
64 3548
9247 2800
49 7384
8332 6083
1248 9826
972 721
1686 9171
9335 7383
2472 3370
5957 7916
6045 3485
4358 7814
2903 6670
7320 6473
1018 9335
1699 2745
5143 2927
3285 9287
5264 5100
6931 5758
6844 8576
4962 3995
7560 9191
9704 1446
5290 8891
5088 7956
9069 4852
8683 2082
185 3966
824 8851
4614 6154
7218 807
764 3924
4115 1746
3353 497
3594 6049
335 8071
749 5319
1124 4286
9839 2901
931 2188
3464 928
636 1379
1796 4939
7737 7772
4946 3862
3197 8433
117 6274
7798 2457
3233 806
7536 798
9903 9236
5480 9558
1718 9800
5209 3328
9973 2107
4557 7816
1138 5057
3895 2903
5674 6435
4944 8572
8323 5343
9580 2439
9966 834
1031 4913
473 5947
5855 5894
5853 6091
9927 5792
3954 1912
8921 906
3031 7772
3071 6989
2131 3291
7142 2831
3706 726
6618 5313
1046 4101
5873 5579
7042 2589
4674 7123
4097 5135
188 1744
6908 5871
7877 5897
7773 1680
6985 8347
63 5551
9946 9025
3047 384
7784 4225
4488 1333
1221 8026
2347 7270
2960 5390
4182 3602
5774 3695
5849 3186
9087 6519
3958 4175
790 1392
3688 3824
7679 7144
4455 7748
3553 9300
5283 5727
3736 6469
9524 4567
5465 4626
3982 8022
6886 6787
4384 6709
6218 6693
2058 1373
1199 1531
4891 8884
6702 7622
8621 8123
3162 589
7203 9568
9100 6400
6164 3037
5701 5040
4114 3640
7682 512
8320 3050
6122 7775
8961 7481
3477 3068
8770 3273
7284 3261
2684 4133
1305 4359
4139 7999
8659 2050
1603 3933
1942 4350
3672 5411
4630 2682
9639 7613
5125 5289
9719 6009
6327 4949
9458 1889
8377 8218
3691 9140
349 5340
6650 4015
23 7891
3813 6872
8107 9141
6914 1691
2672 8374
4200 1332
3911 4230
739 4004
1850 5927
8001 4796
9783 1370
9875 7521
4986 5957
5331 9368
8983 4447
5977 4367
8721 8059
5338 2268
2618 3358
5083 336
2831 6003
1146 1065
5653 423
9746 7934
7017 4819
1267 3606
5413 2350
4213 1566
4462 9527
6660 5630
1907 8281
391 2901
86 7943
8545 6587
3625 3463
2986 3589
1183 7621
2247 9769
9095 9958
6424 2459
3572 9916
2591 6483
1222 803
1903 7119
9231 2482
8795 7018
6107 1989
818 6519
7785 1873
6437 349
7903 7547
7187 9317
6202 3661
3077 1492
6092 2022
235 4915
3070 4029
8875 1800
454 3107
6406 3093
5339 1536
4145 595
5816 1888
493 2008
469 3018
2176 660
4117 1263
48 5235
7068 5413
4438 8623
4141 2051
4220 8192
7193 9414
9275 4602
5385 3965
1423 6614
7784 3462
1180 146
9998 7308
5732 3895
5945 5259
6038 6444
913 2882
4435 2927
5173 9006
8730 3410
3511 2601
9631 9534
8782 6672
1763 3654
1619 1252
6629 2123
7099 8244
9143 2191
9415 6457
8477 1223
2891 6478
2277 6620
2620 5417
4766 8900
1425 6051
4388 939
7318 4996
7769 1125
103 7591
5044 571
1638 8260
2837 3818
5637 6479
1925 1777
4026 8220
1217 2364
3227 3911
2104 5591
3309 2810
7071 6236
2587 6058
1121 3062
5283 1198
720 8326
6432 4839
5480 1583
3287 4438
8637 3735
564 5058
4615 7198
1570 9103
7333 5636
6427 6455
3811 2417
2987 469
7262 8779
8277 7833
6910 3116
2075 4836
1180 6324
2089 7111
4426 4931
9585 4050
1901 9962
8316 2095
5160 3686
3549 2053
1669 3155
2428 3344
4646 2625
7554 9189
5855 5030
6764 7471
420 5428
9154 2225
8660 7046
4945 8948
6900 5071
1149 3813
5997 3055
7127 6785
1647 4929
1320 8753
722 6405
7899 441
408 1230
7293 1372
9535 4500
8171 9914
7249 5645
1272 7741
9959 4339
6583 298
1196 7493
7686 8017
5787 3826
4492 3855
1414 8766
1911 7320
5688 5210
5656 525
1596 7787
6303 7052
8396 9317
9964 9469
8140 5681
5909 1782
2521 8271
7676 8266
203 3949
4550 1637
3235 6596
6234 9736
7441 5879
7528 3356
680 2208
4446 9292
2635 122
5676 4359
9915 5373
1139 1100
3965 6137
5598 1496
2310 8409
2991 2228
2705 5656
4697 1448
8126 4309
5050 348
6712 2360
4511 6014
6658 7508
3918 4073
2651 1002
5734 4346
8785 4145
9459 6734
7861 7521
4533 385
9781 4772
3160 6378
3308 6083
6611 9005
875 6427
2810 2195
7218 8084
8148 8770
8508 8731
3063 1091
962 4070
9019 4381
1338 6718
9473 2392
6080 2623
6792 5644
8934 3539
8965 6470
9969 6603
9602 6692
4400 6335
3152 716
3108 4769
7608 9393
8629 2041
4531 7616
2675 3207
8043 4101
3231 4704
6336 3604
5114 9988
7088 3375
254 5209
2477 1124
6371 6229
8667 4786
8236 6800
9816 7952
9883 4979
6759 5979
8819 2934
9609 8454
9488 1582
3133 7421
9570 2017
3517 1942
1424 2371
9736 4614
9225 9632
9378 7223
1892 4906
9907 749
9533 7181
3836 6659
1962 457
7253 9452
1980 4371
9967 5460
7550 8076
5057 2550
6146 5009
4340 142
1206 7338
1625 1413
3196 7584
4933 5327
3620 2475
4404 4318
9592 5334
7945 2015
5540 2662
6638 2240
2011 5198
8994 1617
4976 6945
9629 9643
3272 5359
4810 4918
7984 380
3299 1251
2213 5358
4342 2466
6164 8252
1781 1679
2803 7537
2011 5687
209 8753
9879 1614
6354 8567
9250 1143
4480 2316
5785 6204
7182 3792
2495 7288
1443 9226
1367 2081
6117 1558
4841 37
8567 509
2968 4458
3233 2500
1315 9639
3146 8969
1844 6799
311 2285
4406 7255
8287 6574
8967 1761
3512 7432
9745 3926
8795 6000
6730 1290
9943 800
9053 2482
4466 7455
1889 4153
9886 4435
5499 3078
8431 6178
447 2747
9202 3055
7939 7760
3152 1978
8192 4203
8715 3705
7484 7447
9143 9931
6979 1540
2929 6411
2650 7136
9747 3579
9492 299
4641 1715
4603 99
8085 1331
6527 4790
1732 9641
4277 2032
6808 6009
775 8751
3889 7144
2169 5186
9825 4249
2218 3812
2184 5551
4363 2181
1373 8272
8365 1807
8505 1030
3484 3224
7089 3231
540 8122
4577 5822
9734 3015
2063 3575
3529 935
3900 2622
4690 2754
1354 264
1106 638
9108 8608
3338 218
6942 3689
8554 9488
8541 3175
7329 7892
8886 1862
1106 912
2975 9278
6835 2908
4124 9966
633 4347
3221 8861
7095 205
1317 8558
4829 8984
9525 8559
9599 1451
653 9737
555 9300
1293 4313
5663 3792
5605 9806
5388 7322
5417 290
6837 817
4328 224
7071 7317
7418 6908
2251 3987
1715 6480
1529 6768
8045 4527
2101 1315
9702 6501
9640 5958
4567 3664
5557 8850
4324 5434
1319 1682
8817 8099
3127 4568
5600 4572
2013 2221
8912 8054
373 1463
171 3453
6627 4793
8479 618
6830 2517
9216 4266
2941 3388
1829 625
6799 8918
5578 1997
5258 7810
2081 6938
1767 4465
9425 5641
4242 3010
5514 302
9277 5467
3906 953
4416 2096
5917 5880
9564 1514
5143 4091
1499 6464
631 8472
4971 7213
7550 8804
1668 1290
235 8470
739 6291
9477 7051
1638 713
3235 5326
912 988
7948 8629
1643 2016
6899 1096
2874 569
8890 8844
3227 4342
3968 4910
8846 5355
1132 4734
2015 8806
4469 3413
5859 8685
2014 4643
9131 9023
9415 4452
3961 9944
1829 5658
6801 4678
7000 2994
1327 6903
8309 4701
7714 5808
4159 5886
9446 3405
2883 4855
3067 6194
3489 798
5064 6189
1621 7626
2988 6195
5247 6107
2274 2234
8268 7863
7056 4424
7611 5800
8515 7567
3340 1926
6204 6980
154 7723
8883 6156
8881 423
454 3626
541 2859
9403 7438
3757 1481
7165 6793
5145 1538
3441 7136
3398 4824
9580 8876
1845 2964
1218 798
5963 7799
5246 2284
7753 9786
4150 441
2684 4617
9340 4123
2549 199
886 2655
6826 1617
8829 3894
4231 2159
4214 316
3305 5151
6451 7660
8856 1072
6245 7644
7880 9937
679 702
3960 8939
1397 419
2752 6085
5010 8630
9818 5122
7206 4533
4423 1386
2743 2396
9162 9796
9365 5492
834 2464
2606 5199
2291 9900
3855 1097
6699 5767
901 5451
8438 111
8087 6817
977 9726
1384 8127
7574 6749
2927 3857
4100 5524
661 6218
5958 2401
4735 3092
3496 1135
5005 2832
7421 8
6085 9514
8921 9630
9735 6728
171 4130
1601 542
3346 2104
9670 8797
6482 4886
6650 3109
3525 5104
8116 1858
8238 7111
2601 9519
4063 293
2895 399
1293 7009
9878 5006
5856 9477
1474 270
2396 4763
780 8393
863 3701
8820 4054
3075 9077
9969 9110
7886 6994
9164 7363
3741 2989
2211 8841
2903 6259
3328 1318
279 3963
6224 3760
3893 1950
4003 1282
5166 3917
3042 3169
603 511
9122 7207
5513 9748
6899 9843
2289 8264
2829 661
2624 1466
6601 9518
5691 361
8490 8917
2484 2939
7340 1461
1963 917
1161 7583
4086 4296
3093 8151
1582 10
3158 9605
3139 5930
1028 833
6066 2565
6944 9065
6838 24
8473 6831
2719 3093
6798 9049
1468 693
6386 7388
17 4759
9108 5174
760 6042
429 4274
7253 4684
131 9182
5370 6731
6599 8508
8016 4879
5465 7980
1278 2355
298 478
1129 5518
5852 1315
5191 398
168 9416
3490 9815
1825 4874
6347 7039
6424 9760
3626 9880
2587 6548
195 5732
3636 1043
6303 4729
1437 9643
8851 6802
2367 762
8565 107
6183 4288
3740 2903
6138 6970
7968 2704
9625 901
6901 6961
5049 1815
4664 5340
635 4458
3182 2344
1806 5496
6856 3033
273 8373
7666 1369
5411 6084
9247 4692
3320 6466
718 6873
1533 9119
2619 7774
765 6817
7824 8625
368 2258
262 4207
7600 9527
1326 4079
1206 1148
92 2457
9915 5308
2783 9475
551 5391
1354 8503
4158 9225
6315 9834
1630 9669
1070 5618
5613 4794
8748 5667
4240 2480
6980 132
4612 3435
8980 5442
6204 5178
5386 9590
3998 2655
4597 1495
879 5811
7873 8098
5862 1416
7888 9182
5766 7179
6185 7835
5448 3702
8539 9617
9616 3874
5312 3960
8485 4800
4004 3238
215 579
2861 5414
3017 5315
3278 330
5851 6107
3923 2914
5907 368
5468 8110
4301 222
7605 2288
5089 8383
9068 1787
5432 5068
2566 1702
7628 3570
2562 3777
3638 4595
4169 2292
8580 3704
8973 5475
8207 8886
3592 72
1756 2181
6728 5920
5539 3092
5971 7956
6700 3006
4361 9445
3299 605
7799 54
5697 4298
1639 827
2742 5391
2192 7456
4910 9315
1360 8385
9788 2842
7988 6200
1712 8945
2711 3236
9730 5615
1498 6402
3218 1512
6883 1122
7003 7368
3418 7381
9107 4871
1476 8649
7064 2353
4111 7030
3077 5660
5995 9805
5563 3521
6631 7655
5476 9997
6935 4568
5161 4236
3710 6171
9699 5935
8673 8065
8465 2749
4442 5057
6427 5487
1572 4155
821 5765
4635 5492
7032 8827
6046 8184
9844 6866
6552 1372
282 5500
9720 2799
1807 4679
2517 2085
8714 8498
5978 5321
1189 5750
4552 9421
2168 8614
9801 3885
1876 2460
4534 265
9320 8506
8469 771
7884 7644
5092 2078
2965 3321
1569 9726
7669 9306
8881 3782
4681 7031
893 3527
9011 606
1953 1189
2170 526
7129 3782
1081 3174
5588 2124
8496 6478
171 5465
1904 716
8965 1086
347 8365
4126 9763
1543 1761
8115 7238
2098 6685
5578 978
1520 3983
3027 6294
4288 274
4571 6719
3789 9954
6619 2980
9827 1770
7815 8551
8734 6290
3839 5650
8031 3549
9524 4855
5900 5381
3123 5716
1949 8335
7805 5682
515 8054
7108 7531
5437 1313
4925 8005
2050 8443
6718 4538
2528 825
9444 3175
1999 8987
9776 2481
1317 5121
5054 3001
9922 2516
4896 4820
462 507
391 6387
2870 6408
806 6910
7675 5248
7059 718
9608 2814
7519 8064
7178 449
5819 1711
2283 9787
5881 341
744 5216
8287 8270
2031 5011
5184 9885
5484 1186
7443 6609
3076 2956
8235 2609
4218 6441
3729 3461
892 6350
1189 5189
5878 7330
9275 7435
5761 5170
3226 5891
7754 2803
5631 7824
5198 4523
3941 8747
7169 4296
9356 9836
7307 9115
919 5230
9070 9280
4888 8096
2018 4166
3713 9483
1285 3455
5382 3050
1201 3266
4921 1460
9743 9567
534 8907
6269 9848
6425 4923
9672 4371
7601 8159
777 562
3407 9838
5568 7812
5875 3282
8694 2940
9184 7519
1734 5692
4417 2762
1999 3937
7069 2989
7187 8368
6554 1732
2984 3127
3865 2721
914 2896
5008 8549
7549 1277
6553 2075
7248 931
3957 6192
6283 7571
8718 532
247 6095
9552 9952
9061 8962
2954 6717
2963 740
5243 5351
9939 4256
7197 6660
8486 3544
8630 8345
1956 3527
9280 2403
9307 1269
2259 8367
6698 8739
8087 4803
1950 9651
895 4652
6623 3953
4874 651
5855 6100
2262 6025
1111 6541
7637 316
1145 9666
6758 9555
9752 3826
6391 1167
2837 938
9625 8424
9868 2321
5814 8571
6608 6401
6738 2326
4310 409
3303 6721
985 7230
953 6775
7206 3803
3620 3283
4990 2621
8608 1943
6546 5482
4362 5450
4598 3689
4866 2164
2875 3492
5461 123
2745 4259
2819 7675
8411 4980
3572 6085
523 460
9852 1567
5081 5460
1311 9248
8761 9902
5867 9667
5958 9462
9667 636
4736 977
5333 2182
568 9926
4348 7313
278 511
5689 9868
9027 8151
4714 601
3531 7886
991 7857
8908 2813
1398 1560
9650 1030
846 5593
2 8624
4996 6567
5564 8955
9487 2490
1452 9945
9801 8115
7011 1629
307 2445
8578 9601
5091 1826
7883 6984
316 5489
980 2529
9773 8000
2842 5414
8092 6821
5457 5321
6050 9051
77 7911
4117 1041
8317 5483
1824 6933
6445 9190
24 6911
6434 3377
3842 5974
9206 3108
7823 1321
1087 5445
9455 1490
2115 1599
7124 8335
3539 5235
6870 4986
1298 3160
3482 684
6262 2883
1114 2929
9662 1618
2797 5879
3333 1450
3666 2351
8400 313
7595 5659
1785 3677
8946 1083
1896 5894
418 5446
6518 2838
5204 843
6050 9010
4954 967
6083 6648
2737 4956
8987 6768
3969 6637
7158 8810
4992 1934
9034 776
8547 6353
1134 5473
7039 4522
6077 3922
9984 542
4702 5666
1847 5243
1500 6168
6806 7634
4614 3816
5591 3660
6826 1326
8573 6691
2188 1534
659 448
6927 82
8107 9007
3759 1106
9205 2051
1720 9369
5413 3692
3379 58
1949 8742
9871 9027
8929 5694
3820 3958
8804 7834
6435 4805
8004 1036
2860 1224
5848 8025
1021 6608
3999 577
8145 6422
8326 7320
5296 8603
7589 4620
2961 6219
785 9773
1532 4348
9676 6885
2924 3950
8259 5340
5171 5703
1364 8538
7967 4703
3291 2112
9617 2959
1686 3796
9097 3183
6752 8579
4402 2238
1405 6310
524 4940
3876 444
7806 7396
302 8281
7759 8955
6026 2383
8479 9341
2654 8474
3643 453
141 9884
5079 5657
115 4119
5140 7823
9127 3229
1438 1478
2395 56
3637 1101
7523 722
8985 4665
3181 8664
6926 8547
503 9777
2179 8974
1286 6529
7564 7144
131 4625
108 1383
744 8901
4361 7653
6620 7691
2899 729
2394 949
5561 6141
1493 6146
2428 4710
8050 2951
877 9348
6815 3278
2117 392
9813 3426
9928 8047
1671 5301
1236 4343
6948 4266
4585 559
1770 4467
1256 1740
317 2808
4706 2758
7928 7854
2400 9810
7260 7971
4894 6170
992 9290
750 6432
1883 7608
1518 9460
763 4651
3339 7194
334 6700
9388 7405
3453 5209
7160 4731
1336 3734
9863 1942
7415 9016
6468 9743
8634 3151
236 6654
5029 1228
4057 6630
1030 9815
1975 6621
9913 1792
89 903
3346 7458
2425 5619
8731 3932
5228 7808
9197 843
6461 3356
6081 9816
6327 3940
5061 8153
5805 9528
4714 9892
323 9614
2773 373
6966 7152
291 5352
1160 4458
4691 1952
9478 2626
8925 5473
2280 1027
1593 269
712 2245
7605 7976
4054 5621
819 2028
4603 409
211 5856
5617 6635
8931 1347
8749 1752
974 8147
6556 2721
496 3494
3502 2416
4700 582
9022 4953
7844 2338
2431 5
5701 9384
9229 6436
3326 1263
9125 4168
78 2633
2391 6954
8686 5341
8831 1316
8294 7064
748 7879
2613 582
8241 7031
1391 4891
632 7545
5909 3777
7313 5372
3044 9607
9097 6028
9408 8346
8876 6285
7595 9945
317 5190
565 1656
1815 4982
7536 2867
6893 8405
7005 38
6592 6394
7063 4772
9715 3138
5950 8697
7777 8682
7816 5641
5962 5862
1653 3959
3817 4092
8588 4386
564 604
3443 8344
1650 3719
4501 4682
5705 2056
8426 3069
1254 5940
4246 3567
6735 972
8533 8914
2777 1082
1794 4069
9907 1282
2456 5544
7029 7194
7477 7537
9349 2445
9736 9021
1437 7716
6249 264
8108 9920
6733 5477
5169 9543
2407 4539
4069 9146
1318 1177
3329 5915
5268 1069
6387 656
4567 454
9939 5951
6889 2432
8560 885
6845 3297
3164 8119
5819 688
2070 6075
68 6243
6480 7103
3934 3837
493 3612
3358 7163
7162 1548
6845 355
45 7268
1058 8222
9803 4939
1670 5623
7245 7653
9936 2881
5968 4693
369 7577
277 8165
2695 7080
3844 1108
6974 1745
6272 4774
5368 8295
3620 7463
2500 1176
7323 5346
8971 4668
1833 9335
8261 8743
8401 9855
2834 8909
9555 5822
3366 2218
9867 7784
2122 383
9352 3806
9669 71
1359 1374
4825 3036
8034 9280
7268 4472
4614 4543
8443 2211
9372 8792
5246 8019
7449 1642
4345 3719
7570 9549
6162 3725
4768 8370
7408 9981
4100 9311
7904 7890
7032 8754
3495 2211
882 3677
1479 5062
3645 2127
2744 9249
6023 3352
3059 7727
2069 5063
66 5198
6536 1337
4938 3770
9920 4464
8325 1446
5551 9308
7068 3303
9892 2319
9028 1837
5879 9049
2477 886
306 4418
426 4535
7734 115
9041 1104
6794 3398
138 2139
6078 9339
7065 3028
4723 4596
1745 6101
5495 8448
9771 790
4701 2019
5107 3654
1968 2218
1351 481
8365 718
8200 4446
6253 2864
6184 2608
9867 9662
8247 7824
8605 9892
6135 1152
6151 9531
6264 2810
6288 5699
5131 1513
2837 8820
1648 5411
7589 8217
4753 558
7844 8324
4694 9279
1969 7357
9243 3492
7405 1204
1745 2494
6039 6159
5046 7035
2462 946
5067 7072
2718 2814
2841 1423
7099 8890
7533 9465
8666 3501
3880 5945
4277 8714
7981 1751
6655 7400
7088 4401
9428 6998
7932 7292
2142 5724
6564 4912
7928 9563
1445 3885
7491 6217
3931 9700
3788 9053
8114 2631
3443 6838
9214 8092
6231 3590
2626 5734
8675 2085
2366 4324
267 1655
8048 291
9635 396
6324 4278
3380 4457
7256 9288
6535 5770
5277 8872
6448 1467
4556 6285
5129 4369
519 7913
1260 3413
6586 376
4796 2625
1007 2284
2178 2735
1880 1242
7386 5779
5623 1953
7221 58
5120 3292
9439 5347
2538 1558
3666 2341
8944 9084
5191 8446
1763 3586
