placement model: 1slider
width: 10
height: 10
number of points: 10000
8431 695
4882 7245
4764 605
7681 3826
7624 7413
8434 1362
3625 1792
474 6071
6178 3117
7894 3277
4113 9422
5790 1899
101 4045
8975 8925
2115 4841
2385 4604
9050 5405
7132 8439
4989 191
7217 459
1916 9499
5972 2929
2244 3440
5434 3147
4358 336
6964 128
4533 9125
1143 404
485 7114
8597 2686
9746 919
7628 1153
3602 8464
1337 4373
2066 2294
897 1602
6257 2050
1389 6411
1723 6210
6955 2142
7048 7329
6324 5335
3459 473
7453 722
1709 9147
3925 3188
2190 9661
6290 2111
6517 9974
9906 4649
6851 1974
2712 2518
5291 6481
73 2470
9264 9385
29 9463
6509 4838
6986 6937
4211 4993
3006 3488
989 5108
9317 8343
628 6504
6841 6360
2161 2983
5222 6925
6258 4028
4807 1566
1801 2621
5642 7021
8914 120
8919 8891
8363 7992
4473 8738
2242 4957
5118 9499
9602 8990
592 1308
4822 2584
5507 8544
7445 2223
1718 2333
1119 8775
7051 247
7009 4238
6818 9610
3765 5173
3377 6062
2384 1571
814 725
4787 2388
868 963
6588 249
2452 8816
7896 8521
1834 2674
4916 4930
8799 5803
6753 337
562 1572
7020 7308
2340 6322
1097 7492
669 3743
1258 9927
3233 5243
3123 3422
6800 2549
7895 1468
4287 7951
6984 7807
2955 8199
2700 9165
349 9771
8520 5666
7527 3269
2515 3262
5329 2974
1049 6223
8899 8182
9243 1147
1645 2248
7426 3697
7992 1131
2186 4577
5380 9682
6965 3627
2460 8639
775 118
5671 1542
3121 1720
2233 8297
7878 6252
7191 4943
3025 4197
354 4812
9148 3164
833 7830
8751 6613
9612 8792
8741 2701
6123 6370
6507 2464
3658 569
5529 2690
9055 5529
3096 20
7534 1824
7760 4128
4607 77
1284 2311
1178 1913
9079 6998
2600 4311
4542 3287
7366 8727
1440 5346
2296 9555
358 3681
2698 667
430 3990
7180 9010
7109 3650
8875 6094
5662 2164
860 7853
8531 6291
4974 7991
7099 6961
4716 4013
527 4143
1077 2832
3540 8471
2486 8217
2725 3761
1531 6147
849 6607
5175 3564
6252 8807
6825 6178
7099 8203
6618 6714
7944 2441
7034 3134
4242 4793
9855 1764
5126 8034
144 3079
5860 3262
8789 4261
4879 2609
7365 2881
1045 3209
4162 5241
9025 377
6971 407
3391 6831
971 1753
2071 7462
243 6195
3545 239
9650 1013
6823 2829
9897 4851
4684 3292
4473 5369
7274 6409
6971 8128
8672 8649
2273 2826
8335 4476
4026 7576
4065 7179
2373 4064
4219 6932
3039 7765
1554 3930
2920 6758
479 5360
3914 1542
1314 8671
1381 6918
1124 656
8067 3193
5780 6203
7435 1701
3722 9759
226 3227
184 8037
8857 8029
6870 5542
2657 3107
5378 9777
7104 224
7206 9011
7 3510
7746 2563
4599 9688
250 5290
2088 6327
8584 4353
1942 6452
9596 9230
2095 1034
6531 3753
7679 385
703 8815
717 844
6379 6200
9405 2577
7842 7700
3811 3512
3146 805
6614 4818
8139 3473
6489 8604
3665 1908
6697 4883
1545 7982
1527 2488
6093 1997
3901 2611
8817 9215
9953 5503
4059 7953
7237 8793
193 4843
3025 1413
5525 2647
9127 1805
4155 4222
7309 988
1365 407
9299 3569
5911 9372
5067 1776
3765 8657
9613 7978
4771 2933
4457 9601
5842 7627
5786 5550
1975 7150
6149 5082
4498 8262
1027 5745
846 7184
4367 388
7010 2731
8327 1506
4532 9587
97 7205
7455 7262
9220 6406
9096 7490
7528 6367
4526 6128
4251 2831
2534 6462
3726 1973
7371 7677
407 6798
1691 3198
6822 6768
7909 4636
7984 8193
4124 8288
6855 2578
5846 2744
2098 4932
7003 4176
4614 3214
2455 1287
4113 6634
4048 5157
7287 2707
1234 5503
6267 1134
6502 2224
5823 2597
5139 1264
7819 2292
2541 5228
7557 1462
2246 6830
1010 2374
1818 2649
7773 5550
3716 4250
5121 6165
7222 2340
4456 7846
1973 2328
9209 6581
3756 5378
5382 750
5188 1776
3541 6491
7926 3443
9582 1266
8027 4025
774 3470
6253 574
6244 5848
4928 3671
6410 4652
5861 6035
6271 8505
9379 6977
9741 5998
1715 6455
3107 1282
5461 3234
5020 1345
9285 5083
6471 696
4375 9077
9183 3552
9602 7626
6379 5343
3267 2869
2734 7346
6446 14
4693 5991
2891 7551
9963 4042
7572 366
5477 5921
1494 712
51 6366
6470 9782
994 6494
3549 9598
9037 3482
1660 9544
3208 6501
6850 6637
4595 8459
990 5091
9649 1222
8805 9389
9866 4167
1467 5918
6932 2349
7739 6144
1032 8836
5598 7944
4707 5716
8127 3384
2200 6558
4013 7276
2467 3323
4135 2920
7344 9353
6331 5932
9054 3727
4455 3812
3332 7085
2718 2201
3984 5465
4657 8228
7019 6231
2282 9819
8951 3720
8322 9101
5530 5673
1244 872
4972 1791
3273 4957
8291 257
8387 5383
9742 9666
4020 8511
8470 8098
5856 3190
3625 5627
3485 1630
905 3807
8407 6706
4693 5084
318 6773
5059 1246
3740 9083
2293 8927
997 6352
9411 420
9761 1871
5256 9056
9569 9196
7788 7330
5542 5418
3541 6386
9345 9674
3346 818
78 5617
9167 1507
9761 2135
9952 6672
8337 3289
45 3307
4782 4213
2747 3460
1900 4927
2038 1221
410 4678
754 6206
7717 371
2152 6609
4714 9959
4663 3023
3420 5169
5585 9995
2923 1468
7731 5135
9278 7650
1253 9304
6360 8570
458 5298
3185 7663
1421 1776
745 8200
8474 8549
5128 6474
7172 3609
5339 7039
4304 9512
3871 3675
5792 9545
8858 3750
3856 6218
5880 4670
8854 1562
5483 2537
5192 3260
1996 2606
6096 9646
9691 8839
9362 8827
9755 1626
5940 9732
4702 4928
7706 4624
2476 6435
2831 3303
9375 318
3125 4288
764 9442
7616 8843
6973 9375
6363 5230
2020 7058
6863 8705
2279 1783
5276 5281
6670 1883
9065 1663
7275 5272
1833 3147
8783 4451
9942 103
8557 9913
7224 9507
5443 7496
5855 775
7368 5525
2516 692
8676 6567
7413 9924
3517 4267
7875 4581
3968 8841
4362 7241
1860 5875
6889 9006
6739 2361
1762 931
2931 3154
8543 6967
954 2863
5249 2220
9926 3874
384 6430
3495 6884
6271 8341
9078 1612
137 9236
1027 2065
2307 6938
2031 3510
8776 4317
8332 4414
7130 9987
1187 4989
6215 373
3956 1663
6686 6489
5632 3779
4390 2753
4494 3675
2202 2253
780 2574
4835 3955
3296 7474
7132 927
6249 9127
3464 2727
5399 3270
1502 6168
1631 1283
6277 4250
9953 6011
6452 4243
7469 9976
2033 2163
1586 4590
3736 418
6926 7618
8470 9520
5386 629
6772 2445
5633 1449
7374 1577
3139 4851
7987 2977
1024 3012
3140 3470
4230 3705
2760 569
3994 3330
9769 4002
1864 9021
5446 8634
1956 8604
4621 1033
702 4914
8769 7257
8364 9905
2654 7791
2089 9757
8284 7048
5535 920
8022 7562
1038 3129
1356 5984
7735 1858
9090 656
8300 2017
6284 8836
1599 9497
4263 1847
3794 463
5395 5620
8643 3731
1004 9370
3586 6985
7766 7370
6985 6841
3244 2202
7428 5558
1538 139
9413 3492
8547 9401
109 1971
9240 7230
2361 4722
2566 1056
9543 4894
5347 1742
1757 537
1409 4181
3257 3615
8752 2795
864 3321
85 3967
3022 2999
5561 8211
1266 5868
1037 1738
9485 5906
9628 9198
7255 5601
2089 6110
1974 7119
4267 7312
5558 9078
1047 6992
6904 7034
9680 2450
9249 3202
2226 4660
8503 2882
3159 6043
3356 1743
1679 892
7944 4759
5252 9190
8190 4673
4774 6158
6253 6389
3351 2378
6115 3576
6666 6416
465 8119
2966 9202
4468 2221
888 8276
5018 1563
4985 2860
6071 5248
6437 9206
9112 757
1993 1591
5133 82
417 9932
7589 2755
7519 520
9033 4187
9530 7966
1800 2146
6421 843
1742 493
4071 5950
4441 8023
7123 8261
7962 865
5212 9786
3880 1186
8655 9578
7456 1311
4833 3789
9893 6294
1243 4545
7824 5793
7789 1199
2927 1301
2600 8041
3658 4151
5675 814
5287 8156
7741 8146
1271 9303
8139 7938
9470 7075
5044 126
9572 8904
3533 5563
4108 2640
7965 9677
217 9080
3486 59
4269 5577
888 5310
7399 3143
1382 6537
5554 3969
6703 3529
488 3088
8247 4839
754 71
873 6341
9340 117
1132 258
534 7367
5740 953
2224 6674
2301 7687
2142 7287
2595 4641
8773 6840
7654 803
3255 2890
5684 8810
4060 4241
6370 5781
9759 6626
3594 5565
8718 8320
1441 2485
7993 4985
5338 5562
2380 3328
3028 3221
8102 3732
1360 9005
1049 2186
6637 9531
288 6996
121 8842
4037 2247
9753 4019
4623 7842
8289 2893
1116 1286
7850 5789
1212 7362
5277 9421
9615 5511
6783 1612
9857 81
4847 9267
3616 5282
4825 6980
2635 2952
7423 5743
3488 9521
4690 1061
3889 2481
6058 6589
6202 6085
833 2247
6604 1743
10 905
3619 291
2247 4880
9807 3860
4550 5396
4656 4151
9941 4692
2027 4038
3304 3700
3690 6091
5814 9840
1018 1852
2891 5742
3331 3988
425 1685
7390 5867
3393 3416
1 9665
9299 4154
3355 1456
5057 4190
6848 3105
2243 8970
7104 2381
511 8885
872 7882
3032 4150
9765 243
961 6648
5878 9088
1681 2439
4322 8508
8447 4262
3804 848
5786 9577
9460 703
3631 3866
1393 8474
2611 1776
260 6872
7389 4638
2355 8084
8725 7526
5786 2502
5016 2829
7197 5406
4874 5614
3659 1733
6100 2089
9724 8294
1188 6601
3063 1789
5429 5688
4690 8313
8286 6300
5686 2570
3276 673
7355 3087
78 1066
8749 6908
3370 4619
5477 2529
8595 1451
6954 9923
942 3251
4643 2615
8733 9071
6696 658
6687 4403
8045 3291
9150 4438
159 6670
7812 2142
9950 1764
2220 7112
1201 5703
9954 7712
5483 65
2905 5553
1677 6361
4128 4078
6848 1975
279 4259
1620 9109
2451 4636
1163 2660
409 7256
3625 2203
13 1339
6380 4022
4353 4208
5894 2157
2076 2928
5718 8653
181 2145
5631 5242
52 4928
7847 6702
386 1473
809 4606
4684 889
827 8767
259 7910
7883 4715
8738 6321
6549 6679
2395 8719
2419 116
4317 2871
6780 4189
599 246
8282 9534
699 7141
8089 439
7457 2280
959 6514
98 3602
6845 2657
6551 6390
193 4201
2751 262
6125 9818
4977 6592
4612 4271
7436 932
9078 8065
7436 6672
4045 1756
4342 9224
6763 1055
3928 2490
2861 2333
4141 2865
7577 8877
6384 7574
5509 7393
4840 9924
1105 8292
9582 4889
1304 5968
9248 1893
4387 5512
5021 1553
5434 9896
7504 909
8385 1520
5522 5694
5467 7781
3210 7598
2720 5263
1269 2032
4508 159
6494 2439
1450 8191
9191 5204
8058 9699
6255 6186
4200 2790
1959 5865
9361 6735
5543 6160
3418 8276
4311 3382
1312 412
3099 7321
8218 4184
3098 717
9901 9853
3806 1462
2683 5156
4558 7700
817 7421
9649 2982
3462 5169
2515 1210
5527 9769
4274 7642
4346 2057
9282 4151
3979 6616
2709 4746
4748 9333
2917 8862
8016 484
4168 2747
3626 7316
2302 6230
9684 6460
6913 3963
3706 9829
1514 938
1387 5450
6789 1130
8370 3671
3887 6423
1341 445
5109 3061
3030 2149
38 7160
4544 5655
8907 2370
3740 596
3966 3907
4183 1318
3735 2135
789 2411
6601 3622
1023 5472
8329 4065
2398 4257
3474 4447
3790 5174
171 5780
3202 5134
5278 7927
2734 4101
1261 1408
4356 2534
3774 711
1921 6203
2644 5582
413 7087
6009 5941
275 3556
45 7118
9828 140
4720 1227
6957 4857
8293 3704
4657 4163
409 6078
1471 9990
6383 7814
1390 2632
1819 285
3739 3104
846 6343
7612 2054
3273 3352
452 9769
3112 747
5615 6447
3855 6382
3038 2740
6291 7279
430 3985
8091 5966
1186 5101
9754 2191
3021 2465
2504 2615
8542 2310
707 497
5707 623
4744 2285
8297 6464
3802 3526
4144 6975
2982 3608
7017 41
7636 1101
3548 3244
6473 5816
9551 6288
2235 4229
8814 339
4328 8186
1355 805
9655 9052
9400 3994
6941 892
1410 9802
748 605
7457 2091
55 1822
9543 6460
7860 9210
6614 8340
645 2465
8841 3495
1968 6868
6891 959
1248 7257
5608 2634
4384 4484
7057 8703
5306 3418
6782 2182
1 7371
4611 8827
4022 2468
5755 3498
7071 222
903 858
6632 3673
4645 8207
4990 7907
6728 2398
8027 7947
8333 8772
5302 3606
9902 2846
2918 3884
5429 7117
8903 1241
5249 976
2593 4035
1980 4116
6975 954
6542 3520
5112 406
4578 1400
5344 1170
9808 9276
7733 3720
1556 3979
2058 6232
3721 56
2571 2868
2670 151
8690 9796
7028 6734
5596 9604
5362 7648
3253 3476
124 3789
1638 740
9160 8791
6478 795
9826 9257
7 4795
7546 5149
3548 8552
8103 5472
4649 665
6185 1667
8297 6243
6408 7953
8610 1618
3642 9124
9701 8573
7747 4055
5790 7826
7739 6577
7898 7201
8299 4424
8093 5942
385 4084
1500 5103
4791 2781
9820 2504
8251 1288
1201 4694
5872 6446
4416 605
8481 7728
9218 7128
7907 3363
1160 5545
2459 695
4035 3493
7832 9267
7032 1560
3226 7113
5107 7118
5124 6081
9944 6300
5536 2500
4080 6647
6602 4968
6128 6494
5379 8604
629 6725
3140 1474
8255 3012
3431 6229
2953 5324
3332 9703
5203 8666
4892 9971
4994 5932
3461 2805
5437 6440
5687 4181
349 731
2606 7240
608 2421
8383 6659
8925 1896
9118 4889
5725 8705
1280 2982
3775 3868
9859 551
2539 7515
2014 1388
1759 5257
8342 7364
6541 3265
7115 8949
3630 9801
799 3791
5315 8852
4721 7295
7885 6919
4588 949
5520 3988
2977 328
7752 1627
5875 9105
139 1475
2324 4094
5132 60
8335 5299
6800 3245
3830 7035
3454 6759
2912 7228
1213 6354
1109 2736
8528 5305
7792 3077
542 4239
3113 3082
2933 5430
4667 2065
1902 764
7122 5316
9986 5614
407 4821
1810 5699
5409 8488
9873 2029
229 2011
4806 9272
201 5545
1715 6973
2495 7530
8057 3243
7143 7282
4239 8326
5754 6420
2446 37
2463 1583
932 6162
7671 3834
1381 7077
4407 2843
225 2652
2942 6675
1217 2453
6406 9567
2072 6465
5404 6244
9800 5136
5316 2822
8387 963
3814 3489
5416 258
8643 7177
54 7164
9446 4524
8389 1349
258 8449
6066 1687
5073 7913
2193 8273
9157 3217
2562 6411
1956 667
8694 1106
1083 97
7480 2971
42 2680
2898 6275
3421 7406
4136 5283
3155 3728
5590 2553
86 1397
6985 6087
3805 3963
3940 968
1696 9396
6608 4413
5195 8086
5353 9218
7368 8540
5853 5662
2063 8516
6169 9410
6297 5635
3467 2955
4027 811
2676 6531
2403 9998
4220 3063
5159 9584
7268 2490
6448 7542
245 421
4801 5407
662 2014
5473 8005
9443 4752
7779 1757
8337 6219
2429 7626
3655 4666
2612 4978
5221 2617
5892 5937
2616 2103
665 3431
7898 2088
3270 1802
5280 1144
6658 569
7090 599
7736 8960
388 7620
5799 1991
4301 3669
9298 7965
6170 8742
457 5906
512 7477
6815 3158
4536 4792
1722 4140
565 9306
255 781
9769 5468
8182 5702
2103 3175
6236 4450
6319 6447
3298 250
9800 3327
5130 5176
2506 2932
7695 1890
7057 724
6470 4307
223 7082
4594 493
5360 8407
2959 8365
6450 5277
73 8927
301 3638
9052 9699
9059 7838
1120 623
8697 2507
6262 8149
287 7523
2102 9633
4961 8238
405 4844
7921 1363
8307 8188
1362 1460
5459 3600
7743 601
8002 6637
9358 8903
1450 8232
2130 8575
4877 3450
2875 9
1137 292
9863 6347
6533 978
3558 7314
6272 4338
5425 1723
1878 4312
7425 4413
4729 5423
5799 930
706 8531
4857 1670
2317 2434
2450 9481
8054 3638
1625 1347
8145 4152
2962 412
7097 7739
3785 5237
7083 4791
9229 7447
5393 9995
7895 0
541 8145
6859 6742
6587 9289
3238 873
6885 7233
9990 8333
5703 3603
4848 5683
7068 8990
1045 8210
2868 7322
2938 3915
5602 2498
703 3673
5337 4038
5772 1271
8174 4324
8760 4685
3424 4177
8699 3695
8759 7129
1078 411
7229 5985
1545 8470
8148 8477
2233 3150
431 1084
48 3299
7847 736
9413 3373
7463 5143
8073 2376
8909 7262
2651 758
7710 157
1475 3721
1489 4900
7724 9432
9541 1692
8543 5780
4398 5406
6847 5157
665 9079
8551 3787
5542 2361
2163 7570
6561 7121
641 4343
4880 2025
4848 56
7083 634
2430 660
3037 980
7263 132
8175 416
9578 545
7573 1354
5489 9281
9600 1582
7615 9005
8958 3340
449 1042
4492 8341
1650 8747
1086 576
1902 7831
8508 9359
6807 547
6282 901
1262 9170
7974 5646
2615 3508
2028 1822
507 1029
7263 7836
5898 8640
2292 1784
6377 8631
1825 8308
7147 7970
1067 5895
7375 4804
6624 810
9482 6984
3310 7510
2810 1873
6447 4069
8253 2491
3672 719
2682 8778
9330 4582
4854 9596
8943 4158
8572 9496
8476 8162
9022 6873
9213 3451
7281 6827
3953 4764
3424 6305
4687 161
7923 884
3747 3062
8707 4756
6861 5210
3497 3409
8265 9807
7263 5683
2184 5601
3605 2199
3312 4490
6216 6651
8242 955
6201 4423
832 9031
5660 6596
9945 3378
7314 3560
7450 7576
9038 2282
7820 7772
7421 5828
2107 4838
7303 9431
190 8512
8048 1411
2010 854
23 1468
8363 9542
394 7083
5287 9968
1682 5405
3964 5388
2987 343
5942 2235
3067 1423
741 9163
2123 8792
9059 6488
1954 4601
5883 8396
6641 9448
3167 2903
5070 9258
5507 211
4633 7729
8810 4302
8384 9302
6346 2064
1444 8770
2287 2344
4342 302
1652 5557
8320 8854
1967 1985
5835 7353
6931 8294
7133 6101
1238 5385
6449 7752
4047 4801
2309 9797
7581 5086
5580 9416
6135 9662
8629 5066
1447 1620
186 9621
3073 5484
9665 8528
9762 4056
9678 8771
3855 2230
760 8279
4638 812
5779 8106
9419 8245
7487 1069
3430 1060
8660 9743
5597 164
1200 1000
9351 9719
1571 6067
5355 3075
4828 8175
8417 980
4174 6757
6015 253
6327 3394
1184 7404
4187 7067
6446 2017
8173 5307
3868 9818
1746 2327
1000 7642
2017 7601
839 217
9460 4665
4356 2827
7731 5707
5119 8762
8078 354
3915 2813
8910 1560
657 3997
9908 2583
8364 7415
4255 9688
3380 5419
9824 1033
9228 4975
86 3884
7866 8072
542 8576
2063 9145
7329 7027
9987 2825
9502 1974
8189 9701
3990 388
2309 7793
9839 2357
5976 6845
677 1323
8800 382
1363 2547
3083 5562
4002 6869
9377 3587
6046 6907
6358 8757
5810 4351
6660 5264
4480 7093
2962 1952
2400 7650
32 6000
6849 1722
3326 5073
2675 4637
122 3339
3829 169
1234 7312
6702 7744
8047 9561
2611 810
5128 7285
4273 6017
3567 9838
7623 9378
8216 2501
7150 5738
9169 6380
9362 722
612 1087
4795 9071
4031 5759
9647 3592
103 8538
8693 4868
4801 9047
9703 8817
2252 5686
8599 3084
1597 1212
3835 5062
1305 184
4027 8076
5113 1001
8656 8232
4175 6020
914 3829
8216 8237
2498 5175
5135 8380
7962 4731
1222 5556
538 7738
1262 6205
4403 5959
8713 8298
8856 5424
7451 8999
1687 229
3131 7529
5038 9980
4536 7957
1319 1920
1634 4368
6345 5117
2084 3125
5978 3929
8175 8322
5589 1694
5780 8410
4063 8958
662 6386
4547 4883
8168 6316
319 1393
7555 1815
6182 8073
4571 9895
7962 9873
7225 768
6568 5940
3285 5429
4829 9798
7464 4679
5593 8663
4998 8215
5736 4250
9546 5889
1888 7068
3193 1580
87 5403
2664 6137
6460 3956
1295 3085
119 8343
5218 4536
2810 3320
7823 5126
3016 6952
3682 4625
2837 7779
3694 133
1070 412
6604 7664
9147 3241
9844 588
3925 2921
956 1820
4139 8668
4231 176
150 3158
8174 720
2645 8596
4510 3955
6482 6043
537 9726
7151 6019
8538 9397
2331 1282
9920 6727
9671 4822
345 6920
5032 8790
3952 6377
2115 8566
3659 904
5953 5440
4636 5091
7387 8857
5844 8572
5811 5168
111 9898
751 5846
6625 5703
8339 9877
9869 3928
5416 4100
2086 9590
3399 1589
3263 3900
1467 5204
1925 7388
6877 4374
8224 7604
8890 2914
2586 4414
2038 3519
2090 5280
5915 5229
7644 975
3680 7792
130 3191
23 7933
9184 4254
7060 5675
7421 5511
6878 2050
6953 6638
5883 9484
1503 7980
6393 8744
3712 7019
3068 8655
6019 4710
9590 6633
8155 3163
3101 2431
3454 9200
8827 3874
6786 321
7748 4229
139 4967
5408 792
2525 8393
8654 6985
1656 2874
2311 294
8600 8719
3469 6188
5897 4613
8462 5379
954 5910
6496 6644
5496 8127
2883 9514
487 5501
9316 8120
6140 6660
6413 8020
8367 7172
4367 9652
777 9270
9363 7859
1637 7997
4202 4730
2136 8709
8178 5814
7971 1646
3274 1060
6843 5664
6106 3934
8141 8701
7018 1347
6781 947
7108 4917
4185 2287
1693 812
4186 9275
3764 7416
4864 5515
2598 3928
2083 8023
2899 2866
3632 248
3834 4298
7681 9895
5867 3151
9802 3539
5132 1846
5809 195
8490 7748
6730 3331
9179 6753
4451 1842
9680 8806
2442 497
6861 8169
6914 8266
2392 6043
806 1642
4210 3085
9319 6986
4559 3659
2866 8532
3620 2706
1243 3537
3140 4269
5535 1490
4685 1115
8657 9775
9725 5168
4641 446
927 4426
6685 6268
5278 5107
6224 2483
8735 5322
9275 5250
9533 4147
4858 5949
8709 5705
2916 5143
6552 8737
7972 4219
104 4689
8392 4793
5679 4317
7680 9789
9570 7990
9589 5699
5650 9760
1652 49
2140 9116
7810 7774
9830 6385
9449 7473
5886 727
109 1485
7711 8916
2999 58
7124 4463
717 1683
3589 3388
2311 4873
8041 5253
1819 4133
3228 7215
9734 2587
3339 1072
8766 2101
4347 6980
3119 3917
8137 3507
4102 6265
9983 9935
4601 4662
1505 9649
8587 3804
4710 9855
110 5365
4315 4490
9529 6607
8165 7047
8505 5741
4088 1902
755 2676
1741 1100
9502 897
9713 4360
9632 3250
2577 5602
1311 5372
5842 342
156 8062
8822 8544
5608 2602
2307 8668
6560 4535
2112 7923
6520 4944
8843 574
5895 323
8059 7502
3699 299
2849 333
8744 1441
8719 2529
1482 522
385 5693
9055 7494
4137 4154
9066 9010
4804 5119
6148 4117
4472 8772
912 4626
7833 7174
2035 8523
2949 3162
2179 5068
130 9752
6332 6895
5326 5789
419 7948
8226 1980
596 978
4245 8427
1054 2392
5903 2087
5643 4101
3486 4620
9513 2151
9059 7371
9102 3128
2388 7754
5557 4067
2074 8921
3764 1532
8516 1289
5843 9156
6650 652
5667 7117
3221 656
2438 8088
3375 5623
9885 9793
1036 4104
7147 4273
2461 2371
8254 1940
3988 3871
1423 5589
6699 996
2810 9331
3924 8081
5524 508
8382 8181
5645 8858
733 974
5847 603
9616 523
8074 3522
9554 2871
5342 7153
7203 7588
4465 810
4826 4133
3404 7855
2059 6924
6708 8359
4356 6968
6943 7836
2272 2078
5001 9883
715 3276
3554 5583
2430 687
8425 2370
2488 7597
4196 9553
1327 1701
5336 1706
139 9010
1239 1516
5783 536
2386 6154
3995 4070
1426 6474
2455 1216
9501 3108
7584 3604
810 8318
3745 5095
609 7369
3516 5749
8734 2820
8987 970
819 5360
4907 5701
3190 9422
6476 2864
8182 8242
999 2190
8703 2641
2234 2585
5454 8687
8409 4026
1455 6048
3925 480
7294 9453
5647 6344
5539 6164
6778 2355
9667 8737
2608 2088
5993 4654
5273 7407
5297 4689
7781 4060
7552 6951
7420 2627
9139 9202
3875 8106
7019 8772
138 3800
6387 2461
9502 4920
504 7410
8472 7354
3033 3767
7231 8815
7654 6634
1141 3291
1587 2234
4232 1118
4216 65
7942 306
9228 3725
1460 718
8993 4065
3522 499
7154 8613
5214 7164
6290 6175
7047 3691
4826 7974
2142 2439
9839 3042
5075 976
3310 6046
6349 1934
6626 3553
7464 5173
3380 6283
4418 203
7494 297
1457 6735
6791 1011
5779 8357
2727 360
5683 9024
6435 6910
5984 9366
5634 2464
7869 4640
8886 5665
1071 3697
6994 9660
7568 562
610 199
9680 8095
4299 520
5302 3064
6543 675
8044 3647
9163 7320
791 233
2126 3899
7270 772
1964 2900
4721 775
9654 5616
3459 1823
3318 6696
1638 4012
1489 9469
7203 4457
7958 4485
5880 7102
2879 3416
5329 165
4916 2727
7693 8047
150 6502
9465 1631
9371 3847
5245 7072
1498 2997
7939 8065
9167 1397
9815 2449
9079 5009
6397 1752
4504 3076
2372 1351
2275 8200
7578 2337
6800 869
6195 7196
5795 8292
5866 6734
220 2962
8882 6871
3644 9702
8502 5051
20 2799
7237 6680
713 3495
8470 2072
1492 4060
4502 2934
2963 2694
6139 3441
4727 4716
1558 127
2074 8611
9814 763
8019 7112
4920 1941
8178 5408
5593 6905
1608 484
5459 6340
7874 1662
7252 1838
2338 6335
7671 7975
8512 3937
383 9379
8617 8786
6379 734
4945 4038
5861 2816
8085 3702
5959 7853
892 3407
2037 4359
4652 9080
9788 3692
4362 6704
4977 9390
4575 4368
3004 428
8008 3825
4516 8066
286 7692
3701 360
7342 9162
6323 2862
5213 273
8058 5744
8825 2205
8617 6097
79 2031
9760 2187
1453 2883
4830 1542
101 7980
2551 2505
6459 7976
1390 5270
5529 8459
8468 4725
3321 5173
6744 7124
6139 7463
6020 8795
4514 1064
9991 1512
4170 2189
6886 5013
2398 3140
232 9074
2815 9473
94 8130
8886 6578
1149 8124
3115 5573
540 1786
3913 2269
2090 9283
3307 4870
5586 2382
6411 3295
8809 9578
2864 5275
3427 9419
6728 6569
8495 1442
550 1655
629 4258
8717 6331
3332 3043
6074 8897
7967 455
1097 9836
848 8791
4257 1806
9595 727
841 7310
7761 7521
3800 8598
5074 3608
8166 4346
7093 1681
1966 4578
4018 1261
2227 4753
1876 2661
5918 3862
2139 1723
6974 5021
9114 6391
2163 5207
5302 7847
9197 5593
1524 7595
2716 3
9895 8348
1209 4345
9377 8164
6132 758
9521 8721
4813 9403
8049 6535
4945 155
1011 7064
6704 6785
413 2457
7935 9820
2524 3207
1363 7512
6213 1644
4674 7892
8501 3965
6419 4888
6302 8766
1079 1948
4002 9050
1265 6934
3058 6406
7350 7058
9594 1093
6305 8538
649 8085
3582 9481
4996 3613
5956 7775
6502 2029
3053 5777
8814 8614
4092 8727
3121 649
3478 8884
6746 2671
4711 7418
1945 9803
5445 9295
5034 7395
9377 1842
5111 8227
7954 7046
5820 5021
9764 5062
6972 9860
115 7950
3123 4577
1062 3710
7955 2403
6722 3316
395 3863
2342 9582
9350 1987
6578 5697
2061 6414
1103 2394
403 7744
9566 1669
5400 2267
1971 5634
3502 4251
7811 3192
7905 5757
8060 3973
5783 2639
2517 286
4673 3677
4797 6507
9566 1845
4654 4930
3210 2825
2369 3859
4182 7769
3929 3279
9112 5451
8996 8328
4224 6711
5089 9472
2406 3541
5168 132
2156 8412
4581 2962
7111 1764
8039 4616
3238 2266
213 1516
3017 8920
1653 636
8937 5076
8598 1050
3910 3051
6740 6639
1671 2650
6108 4383
15 814
3949 9652
7158 8999
619 5
1100 2681
5338 1403
7170 1208
3426 3230
6594 1431
4909 2405
5033 5270
4435 765
2893 8411
5637 6458
2920 112
8614 3207
9244 9052
3541 7558
2188 6003
8366 7315
5644 8684
1934 5703
3819 6594
1805 707
4434 5006
3067 7232
8085 8076
3496 1020
161 378
1805 4412
6898 8633
936 8927
4082 3864
4348 3120
5998 4532
6128 6014
6155 4814
2789 8773
4516 9553
2336 8055
3103 5247
6425 5052
3928 4553
9756 8200
4947 8354
6558 7506
8092 7042
9045 513
7691 4521
5523 2742
2631 198
3223 9224
3721 2201
6685 862
3986 9073
1324 54
7157 7755
9555 973
3379 4148
8228 1271
9194 3598
8597 6012
1185 2369
1132 3217
1281 136
6872 5178
4761 5803
7056 6407
9433 5263
174 1847
9384 1362
8991 458
4236 5489
9000 9157
6428 5541
463 6054
4990 6463
9105 771
2651 8002
8667 6368
7861 5095
476 875
1828 7738
8822 2391
799 4070
5821 7916
3179 7575
8953 2884
8595 4781
6798 9703
2502 7525
8088 9927
3627 8511
4553 7213
640 2121
7350 4650
7932 5446
632 9633
1485 3931
7892 3644
437 823
9561 195
4967 4183
8054 3857
5453 1051
9460 4135
2465 9400
5388 2174
9107 6730
219 2252
3174 4484
5423 5228
488 4119
8932 3438
8347 4552
4607 9778
3369 2133
5271 6217
5133 2673
7290 3556
4696 9911
9280 9472
3221 1078
2503 1164
5593 5934
4720 7713
5145 8364
8292 9775
4615 6733
6167 3595
7466 4002
2060 9419
9824 6876
7534 5852
3185 3214
7296 3446
5259 8634
1788 9386
4965 4685
9989 7144
4256 9377
8959 1837
1446 2816
3836 7584
7701 3229
5715 1307
4371 6195
2611 7280
122 6505
6631 6895
2229 4142
5468 5117
9027 3615
992 3927
4264 3615
7756 1755
8118 3168
5489 339
4263 3741
3286 8795
4540 564
3576 8474
7527 5954
1815 9861
5532 3326
9474 9566
6656 4483
3814 966
2619 6786
4313 3316
7116 5284
2963 9174
23 2490
7321 1280
6290 8725
8257 8154
6032 2859
9481 8238
4499 1607
1735 208
1013 3797
3424 2590
5744 128
9194 3331
6911 1394
9293 720
3970 8773
9742 3354
54 2877
3970 3687
8121 2776
6844 8722
6942 4792
5991 1078
1565 2176
6349 5874
4577 6697
1779 1920
3847 3928
5382 671
2695 9228
4992 4158
4313 924
2464 3720
909 3748
9407 9293
4001 6271
4774 5505
2563 5807
3359 5769
6696 3066
9034 7925
473 1043
2817 934
9755 7270
7455 2403
3947 7946
9698 7084
1352 5980
1307 3847
6807 6658
2771 5895
5322 6535
3550 9963
5702 5850
3833 1332
2973 2262
1988 7990
9857 8182
8821 6635
2890 2252
1279 8414
5126 2627
8371 7883
3657 2478
1733 8673
4510 8539
661 9505
2277 1968
8059 8213
1638 4844
9603 5105
6906 3710
5169 9400
5709 6194
6503 7067
547 6432
3208 2572
9494 7916
8077 1958
9742 2118
1408 3073
4194 5311
4190 6163
7523 7052
8844 1572
473 9720
5789 8353
8121 3243
6151 7242
3091 227
3436 6905
2488 4837
7541 9981
5111 9260
1703 4890
7026 3115
8290 8767
2814 4806
7322 7566
9399 4562
9278 7769
7410 994
7270 3501
2719 2568
4702 7625
6991 4117
6253 3756
4658 7098
2281 3546
7219 5086
9495 1855
2286 603
7417 2420
5276 8557
8143 4574
8808 4229
9291 894
9241 3446
4966 6275
6780 3771
7035 8450
2683 756
892 8477
3034 1849
4829 7694
7842 1493
4754 2876
3171 2358
314 4781
2576 1877
8341 7551
5028 1695
7707 3460
5590 3930
2580 4808
3062 7939
3186 299
7212 9192
1587 2884
5156 3553
7037 1933
8025 5191
2830 6331
3591 4485
7689 8520
3280 6399
5808 7407
2471 4057
9125 3921
5123 1176
8387 3079
680 2081
5852 2389
2128 6410
2825 3445
301 284
5890 4146
7696 3146
9209 6653
6000 8963
4669 7389
7569 3261
466 8666
9832 4774
852 9606
7004 9907
9505 4245
3635 3866
6192 6284
1651 2227
1577 3986
5939 2813
5073 352
432 8116
9616 2704
6595 1728
7825 6977
2151 9636
5067 1491
2228 1707
4494 7416
9071 1627
1145 9857
3534 9772
8999 7476
7919 3647
2530 3711
6438 289
7341 8363
7026 9504
7906 2046
5344 4725
1897 726
7920 9791
6116 7114
3702 8438
1850 9632
3536 1134
9772 9748
7115 9010
9597 9977
4559 2690
3312 8429
5087 2938
6313 5116
7836 7449
8570 5101
7016 5933
4570 5235
6919 6848
4761 5106
3349 2282
9470 2495
7586 3942
8088 2771
4513 8008
1944 2627
7727 5284
75 8419
7457 6911
8560 9113
7640 8837
2001 6271
1136 9328
6344 7508
5618 272
1247 7804
3143 5635
9583 5218
1120 9047
803 1481
6 1328
3513 8229
2344 161
2864 5559
3660 3038
5459 3669
438 3622
7043 2036
8740 2034
358 6090
1481 7307
5605 4642
6867 4640
9414 3451
6077 1753
5526 1687
2105 400
5056 6502
3425 2690
2831 3200
2732 2972
5940 2387
158 8716
1469 5644
6932 1522
2831 9146
5289 7743
4862 5236
6013 2608
588 7626
4326 4606
612 9665
292 6978
4539 3020
9327 5651
5130 2775
5273 2163
4468 693
5042 2365
8668 2284
3526 1620
3123 6872
3531 6774
3240 7509
5362 8656
7835 1475
400 8479
7168 6021
8033 590
3620 8146
3853 2724
7679 3293
8494 2649
4137 9493
3950 1725
6660 2988
147 155
2552 9323
8362 8267
9637 8483
3906 9460
4180 8948
3619 8962
4740 9144
7278 4007
7243 3544
9784 2997
3772 5652
4268 9867
5702 2874
3443 4823
4669 5587
4576 1974
3510 8219
7775 1854
8307 7597
1456 8602
5942 3872
4682 357
9795 3496
3520 9459
6475 8524
9899 1735
1366 4564
4536 5838
8958 8
2678 7467
4453 6337
7849 9124
8642 3612
4637 2425
9401 9338
3113 7353
4519 6775
7981 4652
6212 8775
925 5264
5910 806
8806 2970
3524 7560
4185 6130
5035 8046
5594 6577
5180 8550
7181 8624
807 7219
8603 1463
4365 4542
9374 8272
2364 6181
7299 3093
6231 4009
7159 7089
4191 4244
4698 4023
4302 8138
3845 2668
7441 9495
4656 4127
322 2320
9696 4892
610 7936
7872 4327
9777 7738
2694 8362
6858 7815
7603 397
9121 5771
1059 2870
7036 6075
1526 5258
1666 1499
1801 5362
4067 3686
9062 692
8769 4756
7559 4693
9416 8845
1744 3880
6766 4653
1912 3272
3950 101
6725 9317
9813 7087
281 5151
2446 9444
3636 3580
4781 2753
4129 5829
6008 7466
294 2297
2138 5354
6387 8144
8880 8980
1763 1912
1275 5744
6595 9758
4616 9837
3928 9433
5631 5132
4724 3497
1370 2722
2774 4805
8545 6736
3279 3849
65 6406
6675 2481
9778 7404
9277 5522
3177 1167
9523 1750
2329 6009
3180 6016
8050 9657
9448 820
9492 6700
7832 5138
9157 9730
9732 1665
7807 3224
4756 4177
1526 3130
5846 4808
5696 9822
6427 725
4943 4975
6620 9005
6605 9800
4113 2941
9206 3155
8559 6525
785 8893
6707 4277
1551 4994
4151 9861
9448 2152
3547 2922
6062 2961
2875 5914
7344 9538
8559 5392
6636 7354
6726 5135
9560 8163
1354 823
6004 5935
2550 6339
410 2145
4387 8249
6738 2892
8309 9114
285 7136
7054 6465
7031 8196
8192 6865
7993 5209
3404 6484
9014 2178
446 9147
7716 5529
2444 1118
1288 1686
1763 3411
2488 5899
2735 4520
8993 5468
1624 7733
3568 1165
810 8838
2353 7583
311 6739
4226 8492
166 7058
6763 6993
811 4468
7605 9447
4397 727
6972 1293
6120 8937
2568 2660
5252 2919
9395 2763
1923 1849
614 3851
4336 6762
7940 4037
9724 8130
3092 1602
388 5226
5312 3306
9142 284
4223 5251
5575 9390
319 2293
373 1778
2757 8053
8943 3651
9258 9811
3995 6101
7075 8875
6283 9122
890 8194
7033 4444
7171 7953
1823 6810
9700 2209
6172 8879
4663 5700
6988 5874
6515 2460
7994 4649
3166 7109
650 7673
2059 6446
8397 1793
3928 3311
7217 8562
5013 5948
3899 3910
9079 426
2211 3438
789 9548
2737 9545
5063 9251
3076 8443
7486 1351
9786 5412
2728 1324
955 9816
1686 2374
592 9328
7267 2350
5195 3294
237 3927
6110 2449
4280 1275
6202 4159
5884 5959
3163 7294
9753 922
4962 2195
5802 8621
6888 8204
9663 5224
906 7851
2878 9078
7820 3222
9895 8766
792 8792
3652 5096
3505 3750
1964 1366
7008 1075
5194 2014
5621 5444
9664 1756
2983 9386
2049 3843
6765 9994
2451 6809
2145 5485
4509 2894
6198 914
149 7988
8540 5559
5739 435
8481 3197
9516 5065
1300 2886
7355 2589
3130 1206
1736 5664
4810 8036
2310 629
8709 3860
2250 5126
2497 4068
4785 5827
50 6118
2875 5702
513 9118
9209 8160
8484 3344
5596 4170
1550 97
7556 2847
8085 192
645 7055
8430 1388
7756 7583
253 9472
826 2737
2223 3283
3800 9462
8000 640
8328 9380
5289 5939
6420 974
3553 2665
2133 2203
3361 4657
208 2032
1006 2912
7800 7583
8014 10
8185 3707
1754 8440
1 7123
6828 9967
109 5197
424 9456
8472 6165
295 5131
735 4174
4222 9518
9124 6169
3330 131
1228 3622
5693 3429
7318 8845
9317 6051
5367 3491
5416 7330
3977 5079
8650 9447
8972 2846
1307 5740
109 2454
9440 681
5554 4920
7253 5717
3606 9869
2909 8763
2199 76
9243 240
8824 6420
691 8107
5616 9881
4079 3008
6782 4949
1292 4820
6384 792
1029 7577
1605 2320
3793 3550
1825 486
1475 4036
376 4239
2021 2581
1372 8401
4100 8316
2947 7921
1411 7424
3084 453
6943 220
4741 826
7199 8985
8373 9881
3263 5206
4767 3645
3203 9808
6405 3290
1821 5004
6915 220
2229 6538
9469 2860
2777 5092
7199 7481
7128 3819
996 9892
1381 2730
7649 2461
6434 6417
3890 8828
7328 766
914 5351
3430 7002
9898 4595
6158 3784
7297 986
8705 7221
5181 7700
9916 2572
2566 6849
2187 1347
3803 2719
4437 6642
6516 8314
4120 9876
9589 1363
3902 2864
1539 7235
6570 7080
7266 2333
3438 9199
9984 1085
1978 6611
5797 337
3648 9788
3687 3834
2913 539
3781 1214
6195 561
7407 2879
4116 2866
6389 4143
9750 2185
2285 3483
571 9612
739 335
211 8898
6861 9177
4986 6618
1249 609
1680 905
8282 466
7541 9582
6994 8003
185 6698
6921 480
6409 9379
8144 8091
6694 4172
1163 3353
9105 6816
1641 8597
7122 6147
8078 7642
6574 7448
4982 5240
7243 6339
9050 6091
1780 8618
492 7855
411 7406
3824 6327
7025 9806
3523 1983
999 143
2009 5364
8636 5009
8087 8782
9630 6258
515 2303
6735 5796
7282 2997
5469 6899
9652 9733
7848 6577
5803 9024
3566 2586
3813 8658
7578 7350
2454 8375
1822 8121
1447 978
6500 6258
2360 7851
6916 1642
1349 7553
7400 7665
8092 3690
1835 6252
6138 3044
5115 1528
7796 4531
3156 2188
2682 1270
6645 9744
2137 2294
7178 1372
8836 908
6355 8221
6948 2721
9602 1660
3185 449
5931 5208
3867 3606
3855 9765
8655 1993
6626 6092
1533 5545
7850 5515
8350 1113
6110 287
9144 9348
6700 2566
2267 9172
7819 9564
8532 5227
5089 1028
3263 1719
9842 4540
850 9691
2480 4332
1591 1443
8829 8529
5347 212
3174 4662
1817 1930
7022 2205
81 7557
9819 1672
6906 2652
6629 9763
1466 4127
6110 2461
7771 9243
6014 4451
7304 7281
7634 2168
7949 9527
2387 614
5075 1816
2602 4788
4074 1508
6684 9168
1778 8434
574 6399
5970 7825
1348 8888
6420 9030
7787 4103
7832 182
7127 490
4226 9928
6675 9350
5660 1371
1749 1459
7115 8669
9954 3909
2278 7745
2871 9409
7496 6236
2058 4988
7817 820
6534 1857
5173 9856
7574 4483
6523 5246
5915 8930
6447 3044
2497 9064
4004 1973
9107 1996
2630 4526
3605 4180
2123 3142
3412 9649
1446 3724
1899 8075
6431 5854
6832 7893
2520 3237
4521 9307
1816 5531
5574 1694
6636 3879
9078 8485
2383 2758
2569 2892
1911 2186
997 7641
629 7078
5321 4347
8206 194
2744 3873
3435 8490
7224 5559
8136 4525
6236 5575
6423 5382
7166 1667
4932 5585
7054 1924
5232 6675
2968 3559
1799 8623
8986 7666
3675 7784
9121 3293
8031 7414
56 6907
2915 5946
7132 181
8295 1982
1623 226
1062 3725
1520 6362
8276 1773
8689 2437
7439 4885
7488 1705
6935 3996
1415 8332
2386 3901
78 5889
5665 7510
5090 5789
9586 8866
5691 3144
3618 3058
5035 1284
6084 734
5122 2122
739 478
4507 3598
7056 369
5890 6830
4059 5092
9613 9462
2615 5666
168 9016
1537 7284
9836 8706
4823 8396
7938 8901
5074 4869
1185 1423
2761 4409
2444 5578
8046 9695
2310 9068
6967 4587
7096 7573
6898 9538
7356 5275
8975 1580
8820 4845
5926 2351
5090 2069
9848 4352
4375 5186
6455 2131
3980 9354
854 2570
153 9126
6531 9043
4094 9211
2412 5736
7041 255
2844 7195
9898 9759
436 8196
8132 9217
6338 5137
3368 1201
3490 7807
1338 3735
3660 7266
5920 9300
7527 5599
8328 8972
5662 2722
1212 7634
2313 2602
3564 4084
2427 8543
1967 2862
972 957
5499 5584
6232 1876
1622 7942
1742 2366
3557 5726
3011 3057
438 7420
4882 3501
1660 4464
1783 3184
3408 2597
5509 5606
8523 5434
8727 4425
2084 1790
25 7211
6001 1566
9146 7839
7401 8439
5997 8232
880 8927
6772 7948
616 7471
4213 9743
2155 9654
723 5105
6549 4617
295 4120
178 6716
7339 1386
6485 2171
1324 8858
6540 3537
9102 2544
1965 6597
5273 5295
2121 5209
3114 5186
8257 8831
2107 5356
7953 9909
8985 6376
8917 6538
8372 999
9943 733
2714 1949
3941 1887
744 2403
788 7123
6284 7014
8145 3764
720 1283
3336 3559
3200 6016
6234 5430
2009 942
2198 3322
7054 841
2953 3564
3589 934
6529 9340
8873 9887
4978 3111
6940 7683
6257 7298
9857 4602
159 1983
3650 275
4791 4131
1162 9778
9968 5646
7741 6265
8787 9615
2620 8128
1347 5966
2745 3158
4329 1978
6963 9129
6899 1799
5824 6496
3255 1368
4769 9434
9218 1275
5797 4156
4277 6911
1750 4510
8685 5410
344 9466
3812 398
2602 8509
7151 744
2076 1277
1789 4886
4233 6632
2130 2382
7207 8825
294 7912
2425 8247
7953 6714
1678 1904
5071 1665
1600 3442
4363 689
435 7299
9500 5630
96 5280
7337 8038
1777 4940
3264 4951
1112 8082
6570 489
2212 6048
3516 1522
288 9121
8267 5948
3163 1159
7840 9376
3785 4642
3262 7625
8310 1985
6751 346
1032 4668
8511 9571
4861 6142
8586 5955
1320 216
6612 6939
225 4397
3905 5523
3611 7896
9543 4028
5088 7440
4751 4877
6942 3128
2449 1135
7 6752
4648 567
4555 7549
8070 5697
5430 3233
730 260
4782 4812
2788 8144
2616 2420
6269 4816
1861 8689
4577 6198
243 3473
2037 5560
6906 7182
7340 4388
670 3620
7197 5463
2903 278
2659 6925
8150 9841
5672 6071
8360 4774
536 8578
5103 8972
7629 8992
4421 8469
2738 3256
1333 2055
2903 5132
2420 694
1967 5374
3729 5071
4619 9433
5798 2785
2266 6809
6351 6920
4966 3780
9969 4372
8862 7475
7809 7199
3238 4080
8221 7398
5574 708
3916 1609
5262 7497
1072 3537
5214 3292
7278 3594
5843 9101
3528 2269
7968 3081
9674 5337
7168 818
1575 946
9122 9227
1462 3931
3335 3367
1542 3436
7833 461
4528 299
2825 3327
9998 7965
5928 1379
6489 4817
4930 7908
8445 2785
3241 8160
4812 5333
2993 3743
5221 3648
2752 6753
3594 9923
8163 74
2962 9811
6356 1398
6082 9411
2499 857
3861 8644
1774 4917
9145 9064
2545 8862
8909 6778
7339 416
1042 7835
682 7513
4091 6426
468 9824
2849 50
2692 3489
6349 8904
2595 1609
4411 6459
8221 833
429 4079
6083 6013
8991 9020
1125 991
2474 7429
7557 2827
8541 9653
72 9521
2107 9776
5555 1392
2528 2495
7548 1211
3553 719
7993 5059
5894 9329
5096 9362
8071 8412
4678 7183
4571 4710
4392 5539
9746 7559
7646 7261
3618 7778
2363 6313
2415 369
2338 1601
7108 7442
7518 3241
6118 745
3300 4851
9444 2087
5801 8716
529 4305
7306 838
6336 4355
5106 9957
9349 37
7268 4864
5827 7464
3659 6630
9046 3602
8767 7355
9703 3806
7129 2428
3866 5529
7651 6962
2284 9837
4994 6259
7545 3469
5221 3570
8666 5900
961 486
5519 982
9942 9408
4439 9229
852 6404
430 7694
2252 7405
5814 7792
7434 6090
4300 5850
5417 2478
3241 6670
2387 9224
3879 7062
183 3447
3285 2773
2058 1272
4416 489
3780 1893
3953 5000
26 8277
2517 8504
6133 819
3366 1296
7442 8997
4243 6336
8982 7884
532 7826
4083 5840
4572 6718
8423 5155
3771 7769
1899 2752
2365 1904
1370 3760
8222 7837
5222 626
5000 1360
4457 5671
3417 8245
6716 5284
2976 6237
4027 8968
9656 6473
2209 9485
4404 4542
4175 7858
4151 5513
1337 5121
979 5492
6481 4752
3354 2678
2917 1059
1395 992
4708 8145
2803 5038
2177 8946
9139 7235
9288 7033
5477 6318
8937 3863
2335 4292
7325 8261
7403 6630
1369 1933
3231 5871
9091 8956
7236 1254
3668 6989
2462 266
2673 1892
8441 1588
5072 2618
3614 7049
4213 4208
8208 2536
771 1758
1311 5861
7332 4289
6248 9474
7446 8167
4966 2554
8261 5811
112 7304
5955 9201
5898 8726
7913 7468
2668 6360
5574 2120
4477 501
8705 3802
6210 6652
193 9008
2958 3970
7240 334
7460 7753
517 2737
2338 7925
6025 3187
8890 9479
6619 1409
7034 2829
1188 6715
2184 8561
9436 2263
3577 8074
1824 5188
7803 7292
197 6313
6513 7505
8049 8621
5854 1474
1608 8840
1509 1735
6233 9967
4097 582
4610 320
573 195
579 108
4709 4642
5098 2530
8159 9549
6610 1288
1040 7815
2543 1995
9491 6156
7998 9767
5529 5139
4752 8404
8357 781
2989 4438
3862 9592
3401 6321
9824 9569
5767 391
9738 198
419 8112
4954 4415
9876 5538
9605 3052
1146 7941
33 9939
5362 1823
4982 3193
6720 804
3471 7618
8305 7827
3297 1441
8538 4327
4984 8085
9912 4899
6018 4737
6578 8565
183 6970
8237 7691
7806 574
633 5064
638 8940
4127 6499
5079 8766
1530 1114
4459 9198
9794 2887
6529 2476
5261 5866
9446 214
9002 897
9241 7745
5225 8715
9413 2493
499 9505
2808 1415
849 9155
9636 7412
2917 6485
8816 7795
5016 5975
6421 8610
6593 5598
5571 2867
5039 6011
2208 7106
9093 1898
550 9949
9355 124
9891 7591
5796 2572
5918 4559
9463 1450
4447 216
2272 722
2111 661
3297 5794
9664 8824
2776 2022
5383 5525
5438 5078
2744 9400
8037 2499
8244 6259
6853 1582
1811 9773
5990 9877
701 9512
8324 4470
6317 8729
9884 3171
9834 8639
8710 6711
1082 7031
1504 3851
6039 8652
5447 6745
9714 5497
9332 6461
627 9237
3619 2698
2963 423
9526 5789
7741 1126
9814 1921
5179 9210
2945 2970
2309 8665
5563 2572
8670 4830
771 1461
6971 5271
1371 5610
1839 156
8913 4662
5466 4257
2856 363
294 3452
4146 9561
4337 2036
808 5691
5934 9330
891 9111
1291 7067
7993 8031
1623 7444
332 9953
7728 5530
947 6903
720 200
6682 5894
4029 3843
2896 467
3097 2965
2001 9702
3844 3615
2027 1578
9604 5222
5551 9122
9992 4923
9424 4303
7222 9501
3499 304
6351 2559
1200 651
983 9604
6456 3209
4098 6084
8239 1748
6719 9977
5196 3679
9547 5137
1779 4624
2300 7276
7461 7104
5736 2550
2021 7019
9051 5166
8048 3268
2936 7877
310 2905
8144 8988
7800 2524
7831 8652
8183 5500
6643 2164
1834 2037
6233 2905
7153 7489
3787 9808
8880 6031
33 1328
8571 9772
321 4161
4612 7104
7310 5688
3555 7413
5199 8844
7350 7808
260 4032
7212 5058
4124 1846
8868 1859
538 9181
6862 9329
9496 3192
4052 1130
4368 105
444 8080
1759 8352
8022 5619
1654 4539
1386 285
5414 7670
785 9845
9642 6165
724 3826
8941 9608
3829 7447
4149 1026
5355 6815
7936 4046
1808 7450
722 4760
4489 4116
5028 9008
5732 9395
6416 6830
8777 6609
3089 8033
7868 9008
5660 7391
933 6047
5435 766
3076 1549
7877 662
9058 1294
6998 7781
283 5314
480 2247
2366 8530
6149 4086
366 2328
2999 7158
627 343
9323 8330
4923 3532
8560 2119
1754 8538
1939 8586
3140 1899
3875 3100
736 7475
7254 5348
8033 749
9975 1958
1847 6504
6579 7068
8297 7293
7794 7753
9814 9981
8622 1946
8107 9990
4029 6091
2477 346
7957 4506
2616 7234
3376 2386
3424 4054
4555 439
9842 8436
9686 8698
9569 310
3823 5565
1232 1122
3831 9626
8339 2383
9327 4533
2221 7816
6942 5341
8770 5146
2833 231
3212 250
4113 2012
4482 264
3869 1761
1438 955
4511 5229
9885 1469
983 3750
7015 7025
7782 6682
6480 986
3368 5284
8674 245
7688 61
4401 8391
314 5147
5590 6424
3603 2532
3999 5258
8196 7712
5715 2470
6678 8795
1884 2308
3547 5381
2692 4896
2085 5739
4902 2603
1092 7744
9225 4153
6309 6006
116 3494
711 7253
5873 1776
2188 6117
6846 9244
2008 718
6632 3301
4944 8686
9702 5119
8603 8268
3388 9424
9646 5696
7269 4160
1212 8001
2170 9332
8036 2285
3710 6504
1660 8217
8115 8469
7188 4298
2554 4960
3003 4868
8462 7334
2970 1287
8509 4422
3318 2907
46 8470
3041 3294
7827 7066
5005 1635
2063 5125
3374 2478
6117 6569
8095 1849
3251 4391
3344 7680
1001 9375
8368 2978
1323 9487
2065 3084
4943 1502
8313 9683
2590 2567
7362 5113
469 4034
7246 842
8254 5178
6433 1893
2286 5436
4557 821
6523 2456
2365 718
8156 800
6674 3241
5389 461
9978 6295
175 9161
2646 2994
5141 3405
8699 6101
2419 6703
4418 2194
2361 2286
900 7124
320 1114
2912 864
2625 9786
2469 6701
5439 5615
549 7621
916 7821
4550 3167
7028 221
4088 5416
952 8122
12 6234
8805 1862
7142 3077
7872 2869
2121 557
8328 7441
6609 1704
8264 6831
4741 264
9237 9398
6273 4338
3921 2439
1223 2413
1935 7269
7768 5555
1141 4768
4676 612
2896 8509
6180 9174
8136 2661
6411 9217
4398 7948
6050 4596
7022 3864
9575 8051
5416 8894
3315 7038
5201 6701
9494 4051
9288 1142
230 1624
5250 1630
3945 1839
5091 946
3690 1244
3569 9532
9836 1350
8596 2809
1083 5819
108 1691
3294 6830
4524 8552
8722 147
9050 9714
304 4450
952 1143
5727 2698
9204 9292
2160 1055
7693 2720
7676 3274
7484 8605
5388 4470
8269 8079
1808 7936
772 3566
9073 15
2241 8758
6228 3911
7113 6282
1445 5631
728 7012
9079 3548
7534 2648
8307 8931
8359 2661
9231 2511
8903 8084
8841 6777
2 4472
6225 4255
2825 5477
7475 9533
7085 4852
9038 4894
4033 8784
1389 5505
3055 8451
4817 169
846 7867
5291 1665
5966 9944
7215 702
2332 5521
7558 6292
1294 3746
1357 9817
741 104
5859 9346
9939 9208
1999 8285
447 7618
9334 6659
4888 4259
8046 5355
502 8765
303 45
5817 9144
1704 2243
389 6621
541 1374
7937 2709
8920 6591
1735 5519
2973 1839
3153 1533
1414 2041
3190 9753
374 8820
3645 8396
8356 8511
110 2619
3315 9224
9411 8735
6905 8552
6150 9862
2988 7545
7269 7970
6729 1393
3223 4385
6338 5381
2125 4980
6044 4541
8806 6287
5372 7093
1067 270
8073 8238
1333 4133
6785 7885
3126 5838
4263 9356
7709 3337
5745 1650
4066 3490
2703 5044
7206 2016
1182 7359
9155 8491
6208 6889
740 465
8502 9421
946 9172
8995 6407
5436 9988
2757 1312
2687 8986
4598 1499
2577 5122
4234 3047
3234 9446
4830 7389
1168 7539
3415 2754
1802 5780
915 1896
2229 6509
3246 4725
758 4657
1529 3169
5042 74
8845 6594
3462 9448
734 3662
3610 6405
1055 3584
1842 5578
148 8719
6258 1572
2697 8226
9335 1769
5368 9519
3046 3287
9624 1556
8821 8063
4201 6458
1264 3307
4018 4677
5238 4994
959 1742
6762 1107
1453 261
4411 606
594 8473
6874 4346
8408 1479
529 8293
8079 40
5623 1674
3303 327
5331 196
4779 748
9806 2614
5037 7192
1080 7721
6699 4198
1410 9726
8515 2110
850 1002
1410 2133
3973 1604
1467 3216
6561 5388
7642 5040
2758 6753
727 7263
5495 8645
5025 627
1749 5284
9031 853
7241 2122
8830 5972
5833 1098
8764 9593
3394 2180
6595 8792
1232 3710
6217 9814
7998 1275
6158 9796
5617 9649
4568 1943
2950 5664
8007 1924
3327 8466
42 8580
7790 8224
8545 8618
6891 2710
3442 4854
5117 9252
1135 5074
6093 530
1214 4049
1261 2605
882 1995
292 8681
5235 9185
2777 5553
3453 7649
1393 9469
4851 286
8520 9819
636 199
2188 6910
1483 6225
8483 1342
4229 2834
5961 6236
4371 7762
5349 7351
2649 3562
9107 1822
3477 279
4022 2716
9196 6631
93 3845
6399 5937
9921 4921
836 4755
6199 4631
2044 7273
5285 7628
3104 2448
6481 1833
2060 5246
1725 3114
6474 951
7617 1383
2249 9917
3613 1569
7457 6976
4098 5787
804 9692
9094 6019
8075 7744
4266 2669
8903 8304
1799 4582
8944 8057
581 5472
767 1370
1626 4524
9583 4509
9278 4244
9060 6086
3428 9996
5274 5313
5454 8282
1082 6372
7592 3604
3631 7846
3016 2004
8781 7748
1347 1768
2793 8420
6365 5105
803 3976
3458 1556
6102 6234
1747 8919
4965 5163
1324 9828
4211 8770
9164 3133
6775 2581
6400 3677
3002 1289
8528 3224
1666 1138
6538 3807
5423 3517
6338 2690
899 3242
9147 4907
1660 7424
8619 2113
4508 8554
8843 8180
2095 3215
2238 5078
5829 3447
2152 380
6903 4691
510 6166
3861 9663
9475 5926
3045 8022
7212 2213
9008 7745
7509 2397
6948 1951
8631 9469
6745 7441
6742 9490
2712 5087
9985 5222
8214 6314
3010 3029
2445 9905
9733 2831
3912 5387
4673 1113
9195 3189
9958 5140
3999 8040
3913 3016
5892 6051
7828 6501
558 432
4431 9843
8417 3109
5179 8889
7705 3756
7216 7356
7524 1155
2532 4667
8967 110
9176 3134
174 7147
4588 8116
2045 9925
5834 1320
182 6532
4737 506
593 9281
2880 2629
3573 6755
8405 1333
4929 751
7735 924
3195 2059
6358 2622
6909 2955
4817 6639
8211 1985
6658 3351
3951 6657
6766 6730
3534 5367
6795 7094
4841 2666
955 461
6512 9630
297 3189
2372 3071
8580 7912
2008 5377
4570 2663
3671 968
8203 7366
4602 7102
6275 1713
6192 1984
2650 2057
3232 7062
2152 1879
7447 9984
8547 2459
315 9728
3238 6108
8024 6965
5706 3267
3193 7885
364 983
805 6010
6772 9879
9928 9148
4579 1488
5531 5626
2925 9282
4979 3106
4284 2897
1651 2545
9571 1683
3181 6637
808 195
870 2082
8033 5932
9937 4748
1681 9238
3831 1161
8535 8548
2424 4329
4655 7577
5643 363
8816 2152
2846 1164
4127 4190
7449 3941
7960 3055
4471 8334
4084 7232
8057 3427
2948 8443
9227 8783
8649 802
3541 471
8196 3733
8015 1361
993 8426
9107 6307
2783 2370
4837 8009
9374 7464
5741 3757
7641 9168
7020 9717
3962 1439
7331 1221
3398 4856
4569 6478
8217 2939
8125 352
9651 5480
6725 9392
2624 9242
8103 5750
3532 3241
7101 7722
3234 9772
7156 4724
18 5075
6426 9018
8844 6595
144 4244
7458 8690
4358 589
3894 5078
9943 5605
2352 1051
3746 6797
7952 3434
829 5061
9193 8393
5310 4308
9605 9122
3756 4188
6172 1372
340 4316
5310 8422
1749 7160
8191 8286
9939 8045
2480 2234
5535 2099
3113 8441
2496 2770
4061 953
9720 725
9070 3240
7239 4217
8507 8708
4203 1415
6425 3606
2560 7114
3240 8344
275 7612
9878 8264
2455 8726
1755 5473
713 9280
720 8085
3968 5813
9835 6947
5635 4824
7196 5960
1991 9670
2984 9268
3497 710
9701 7139
3010 3493
5721 8860
96 5338
683 5449
2043 860
2205 3778
6656 2006
1022 9397
8722 5976
6161 2458
4848 614
1706 4482
9183 7614
3419 3858
1263 7484
4716 2652
3563 7452
5253 9025
5832 1072
694 4607
8678 7261
6265 6195
135 7218
7596 5908
3870 480
3892 6148
769 3895
2741 2991
3479 186
3780 5115
8573 8146
6566 9572
2663 9711
5670 4875
5494 4540
1111 8249
3917 1111
5429 5203
6889 6695
5936 7323
7284 5725
7389 5998
6301 2497
4150 9247
8788 7895
4229 6074
847 836
4127 1826
6805 7180
3279 5590
1693 7139
2732 1249
5124 8246
2533 428
1574 5677
7626 2811
7546 6505
858 2811
4039 8308
6923 2531
9803 6270
6614 3507
5270 8899
1668 5405
252 8993
4591 3611
292 1172
8812 4057
8323 2205
4202 4332
2069 1998
6707 4247
9319 2774
8984 3512
1616 3171
3865 10
3345 8163
3194 5574
9062 3261
7159 4323
6638 2970
6289 3393
1848 1680
6140 2682
5115 7945
5684 7876
7474 3928
3662 2948
2754 1073
1060 9775
9914 6790
7867 6465
7662 3138
8369 6837
331 6750
2851 9207
2787 1782
744 7925
9657 9285
3228 9522
3303 2083
2231 4161
7909 4627
9663 2514
3906 5956
9978 4695
7143 4660
3360 4143
9993 3104
7870 7346
6066 3146
5271 8781
7856 1602
2851 6866
1907 4788
6598 9209
4798 1795
2965 7926
5668 8778
1286 4742
3480 2232
1828 2207
9296 325
3813 6077
5296 4901
1871 8801
6991 1579
9083 1817
502 6112
299 7750
4692 6007
5421 9770
4132 4600
1758 3843
9229 9088
8512 7315
7062 9050
5637 3601
6026 6710
1825 8734
7556 5680
8065 6024
1305 211
9210 300
5214 4205
7056 6627
8698 6997
8397 4113
7960 2507
4397 6555
2117 5811
4489 218
7209 3634
7668 8400
3544 3833
8561 9454
6104 5308
9430 6800
5297 6617
4278 9405
7662 5993
8402 3660
7604 1637
8598 5346
4008 1020
640 2688
7211 1447
8855 4486
532 6124
1188 2010
6305 6085
3775 7450
3326 227
5610 4354
2827 8390
9562 1179
4908 4432
552 9172
8160 2229
2438 9028
8074 9283
6662 910
9124 6287
1714 7012
5970 5182
5929 5224
4664 4974
4724 7485
1754 3494
6512 7428
4034 8655
5701 2066
7629 242
7593 1594
2131 2797
7646 6869
2822 5746
4674 2633
3208 5219
7312 846
6679 8624
8084 2264
7427 7733
8740 3900
2521 8948
5233 4221
242 7857
5110 2823
4473 9175
3380 3615
8391 6176
5023 9172
44 4164
4087 1865
5386 3655
3046 2467
3619 684
2143 9094
7172 5122
8325 4106
5811 8054
1349 5961
3075 429
2404 3597
7689 7480
644 4951
5331 2047
9298 2216
5619 1120
6018 2640
6355 3031
1820 3225
927 1061
8034 8923
5718 3496
9942 5100
2664 6197
5680 578
6537 2183
9907 402
4553 4891
7311 7205
9475 212
3014 3133
7435 9576
861 5556
3273 3956
4132 3356
1552 3553
2637 476
8942 5646
453 5599
621 8269
6589 5670
7519 787
144 2122
6848 1548
8341 7843
215 7746
8291 7687
7214 4286
9270 6500
2903 3446
9935 7961
3357 5872
9163 8726
3563 2687
5188 4391
2476 9915
4721 6879
8425 7133
9205 4162
2160 1722
3403 7308
5469 56
170 5443
9310 4615
7459 5101
8323 4126
3558 3695
8394 4339
4962 2963
9848 2904
2987 3059
9997 1915
1700 890
7364 7148
4312 4946
62 8394
1476 8115
1757 9997
8413 9459
9429 6755
9619 1877
2657 7975
4773 1901
6896 7832
3301 1629
2058 930
3983 4990
631 5806
1123 4762
7660 4628
855 7003
9556 3049
3401 9014
1649 3374
6561 6307
2974 2926
8138 8064
6834 7675
9248 9013
3188 3752
2270 8606
594 9334
2831 1730
7970 8297
4969 8545
2997 3754
6518 7599
3347 5670
3727 581
801 4148
4194 8915
9018 1670
4593 4997
8796 671
2688 5859
5752 6611
1449 8242
4958 6154
4815 5871
3765 9416
2522 6359
9340 5868
5679 6145
4893 927
8548 7052
478 1309
2447 3486
4555 2567
1304 9912
7370 4997
9946 6085
4301 8218
6480 4789
6287 5282
7793 8079
3484 6354
9719 6895
835 9813
483 8612
2309 5216
3348 72
9224 1333
7160 7477
6472 8201
3908 773
3100 5814
8786 1089
224 6970
5548 7776
2013 9380
8557 114
5264 6624
425 2480
5317 3992
1960 8004
4620 3566
60 8192
731 7257
5825 4142
7945 2270
8393 1431
7034 8795
650 210
1264 4175
4221 981
7507 7035
3757 5706
1372 5115
9753 4650
659 9052
8971 3755
5416 7104
7076 6953
1451 2871
4695 1145
4128 7844
5259 1568
7017 8971
5425 6764
4025 4897
1799 5985
2397 5919
1142 2887
5751 3068
3472 9085
476 8695
5020 8284
8939 807
4328 5916
64 346
7341 7783
2035 1974
5370 7926
9027 6256
9578 2224
3451 5098
6488 1842
5927 7384
8426 5954
6634 4425
687 4198
4691 3910
3065 7866
1809 3422
9439 4938
4361 8714
1084 4203
383 9193
3854 1947
8686 8010
259 4915
1555 1225
2564 9179
8781 4078
2608 8714
3570 9507
2349 6433
7766 8526
9403 6423
2090 1031
9388 4460
9822 6654
7291 4828
6161 943
6016 3360
3565 7093
2865 3033
7069 1231
944 1571
6756 4980
8998 3575
7201 794
6378 5558
6372 3152
8225 681
4352 3644
8147 284
4130 5396
92 4944
554 7534
3783 6718
5831 4059
9319 8824
3684 5604
9708 5528
3316 3761
5465 72
3061 2506
9979 5576
4154 9422
9571 9066
3034 7369
4542 8655
1321 6436
4246 1851
4680 2151
3079 5862
163 9626
6267 3359
1610 9627
2160 567
3462 4763
441 3621
1367 9095
3045 2751
6275 5602
3237 5801
6193 8249
7934 6395
8257 7760
5527 2162
8918 3302
4860 4305
8883 32
4401 2136
1844 9861
8712 1339
4986 7651
8799 3741
6647 1066
8173 4936
7861 2872
676 5721
8239 9114
4080 586
7480 9608
6070 3943
2927 7131
6767 691
4196 9840
6929 3723
1217 9752
7623 4586
8850 4416
2482 23
3154 7035
6542 403
5252 2008
536 9551
9662 5535
9363 5657
9829 4571
2537 7650
9341 6820
5574 1166
2688 4827
8983 742
2827 2167
3093 442
4454 3501
2515 4234
435 4020
9772 9637
486 8763
4827 5750
2270 7853
7671 8636
399 478
8731 2724
8697 514
2849 3632
1519 7609
3345 6186
2093 7099
804 1601
9144 2495
8958 9513
6927 4314
9720 6199
5457 9104
8570 8674
49 734
5919 6745
6632 3136
9563 2144
6135 8687
3126 3684
3768 7532
3200 2532
5463 7792
7630 843
8417 9360
4209 4706
7378 1154
8982 5340
3957 608
3567 2390
6992 2214
5666 7881
2883 6004
867 3578
3272 4711
7538 1523
366 2847
9852 4014
547 2554
9642 1192
8829 9981
4839 4699
7074 1189
702 7886
6517 488
3647 7716
6513 611
1541 6809
2264 3679
5437 4110
1231 1215
5671 337
4171 1465
404 1016
5386 2415
569 9695
3378 7041
2826 6680
6752 1330
8015 9064
5579 7938
6287 2112
9677 3458
8507 1436
7617 4987
7907 4848
8810 5684
9788 7759
9035 3321
2012 353
6408 5248
3357 3611
7116 4503
4719 4139
2427 8821
5896 7282
4443 2657
885 7777
4033 9524
6775 6089
5788 8091
6037 7941
8555 6713
8441 8769
2099 6991
7605 1045
427 4467
3275 4272
3521 5450
7485 8496
3292 7870
9303 5560
1966 3693
9996 9056
7739 6403
1722 7247
3628 9
7426 3553
6562 4471
871 8095
7896 6396
7899 4358
2870 2526
2937 2063
8396 8008
9927 701
3721 6523
7829 1870
4324 8819
8736 6951
1062 5783
8107 9387
48 435
3575 7956
5201 2265
7757 7030
9643 9553
5958 7185
57 7285
8280 2425
3661 7794
7012 5682
509 684
7360 1479
8317 2117
6933 707
761 3112
6015 8404
7593 6394
7471 4501
8390 7001
1497 1644
4057 8796
2598 2806
7852 8423
1074 5743
1426 1280
7394 1413
7695 7956
5198 3976
2276 3340
2508 6620
1077 6155
3548 9108
2624 8160
7673 6300
6150 8456
5868 6578
8251 8372
4579 8668
508 684
5757 428
7635 141
249 5377
5561 25
818 6134
3412 3110
7999 511
1071 941
5485 2083
7014 8549
4996 2972
1963 3981
8994 42
7497 4492
2514 8738
605 6549
7059 9146
5451 5899
1400 168
6974 6492
2342 3486
4963 9448
109 3188
237 4148
4559 3998
7343 5006
5157 8343
8599 3821
5335 7072
1496 6515
7392 8880
6894 5035
7077 1617
8828 7204
6119 6504
7250 2931
3175 9188
5587 401
5051 6329
5882 9129
5947 7234
7459 5454
5071 5117
6422 7959
3180 4106
9792 3235
2616 3097
9947 3865
7182 5451
9325 3969
918 9208
9825 3288
4391 519
2408 6758
1821 6572
9531 3318
784 1579
6731 9706
7789 6860
753 6741
3823 9512
8192 9248
9759 1897
796 5901
1296 1497
1574 4132
8516 1195
1720 7047
8401 7353
7792 3585
6669 4319
2322 9439
2653 1771
2924 742
5367 1859
8599 2972
2830 9513
777 1083
9604 7100
1652 9695
4945 113
6079 3248
1794 8395
2316 4137
3986 6568
7534 414
1547 7565
4726 9346
9325 1118
9590 3586
4553 9511
5724 5885
1888 6205
204 3021
7174 9041
7357 8646
7040 5246
5582 6033
5881 7909
5304 4331
5282 862
2337 4791
5316 8762
9753 1856
6353 7803
7824 2774
7267 3354
5912 8375
2495 4110
8247 6200
994 2584
7781 7618
8924 4374
413 7874
8879 2855
2109 1398
5165 1080
2582 2391
6471 7575
7536 5735
3688 3822
2219 4709
8261 305
762 3368
5350 6406
6298 3424
7460 7588
4869 4761
8911 882
667 9913
4977 5601
1996 8629
3054 4815
5131 7581
6665 7873
9074 2208
8660 3227
8097 4074
9187 6187
468 249
8762 888
3116 4029
9902 8247
9778 3930
6079 5796
8813 5901
5336 782
5512 6933
2559 9426
9907 5244
6581 2228
5254 3619
5207 1755
4917 3705
5979 3404
6305 4223
6850 9646
4853 9147
7660 437
1999 90
4880 3942
376 8581
593 9303
192 8651
3675 1427
9299 4325
4659 5576
3097 7121
4093 7627
6762 5758
5674 3510
4997 2293
649 6990
2405 3459
5241 7619
9282 7446
3652 9195
8818 1459
1469 8520
7176 4966
2611 4732
7096 8425
4990 799
3837 5359
63 5752
3321 1214
6730 5354
2202 7304
7905 3125
9070 1191
6885 4885
2414 7572
9288 9077
1021 1660
4919 6607
8686 9194
3253 5856
7109 177
3751 3353
6944 3949
7361 2847
5441 8923
8191 8510
1496 1009
858 8217
2093 2670
5709 3056
8194 1149
5824 2446
4261 1162
114 9961
8088 3765
9240 850
1746 2297
2293 6077
305 817
5609 824
8518 2114
3683 7368
5758 2457
8879 9873
5265 8316
8508 7885
9034 3391
3736 6413
5444 5553
8544 6937
5969 5592
477 6040
7551 8909
4680 3724
3662 2936
7974 3614
4967 9154
4911 680
8240 7347
363 6964
4784 2745
4252 2148
890 3537
388 3283
1456 6647
9618 3954
2841 4611
6051 6644
6624 5985
7785 3410
461 5269
7351 9965
3057 1765
644 4946
284 4627
9652 3024
8102 8430
8729 6173
6224 5123
2284 9055
1561 2071
4756 1459
3428 4462
8751 8487
589 5917
6627 6056
1566 8194
5067 5012
6035 7986
2498 1148
7350 9957
8321 6619
6247 7160
3789 534
2769 5571
9414 6287
7839 5870
3397 5108
1927 6852
8892 674
2427 3825
1215 2932
6724 9735
5309 4932
2733 2451
3351 501
7659 6585
4307 95
9016 5273
8639 1067
4932 1920
4077 3913
6762 4218
4390 5791
1992 5549
8796 3197
4359 2319
6916 7218
4948 5213
2657 3815
8105 9241
4944 9538
2111 5060
1381 6926
2449 8580
6071 5415
5296 7549
9094 8981
9529 8733
466 1306
7406 9512
9126 4463
358 9100
176 4644
3686 346
3776 7349
24 4385
6319 9622
197 4885
9145 69
9191 1665
177 1280
2452 492
1591 8436
6006 141
3754 783
5848 3966
338 7505
8307 3909
5997 4435
6 9700
9704 5590
1901 4483
4627 8045
8799 1015
5150 8550
6565 5469
6549 5111
8397 2727
8498 8694
4284 8621
3684 5227
7474 4988
7941 5985
8892 4644
9470 7752
1005 2396
6198 2054
9748 614
9642 8124
5290 4244
50 4212
6454 4889
5294 9731
8830 1802
5731 340
9015 9472
4843 8722
717 2786
2233 4095
3285 8489
7847 8298
2936 515
7404 386
8089 9807
9298 6136
7945 7049
8192 8391
4370 3376
8355 8848
7500 4711
2547 6922
5041 5689
9199 5268
4416 8948
5539 3145
4058 5157
6421 2835
9723 7596
4530 9140
5471 7750
5462 7138
1789 1981
8553 6215
9732 1965
3274 2305
9659 8777
2353 4923
7820 7643
1195 159
7135 4333
1746 8590
7553 7579
6061 2935
346 9019
4119 9068
518 9339
9081 6403
6037 4023
6269 9677
4040 401
688 9751
7182 5546
6516 5094
2521 2236
7466 7882
9419 9000
2035 2569
8503 7513
955 5731
2878 4257
5209 2908
9281 3746
5008 5950
4469 905
5479 6016
7274 5754
5048 1206
2609 3288
1010 2786
8043 374
8498 6334
1610 3414
9420 9231
8271 4411
3770 4900
449 4365
5280 8322
8367 3299
2484 1850
2771 6999
2457 5439
1684 8094
7468 2750
4448 8160
4279 8715
6278 8372
2784 4586
6366 6125
6193 9675
6066 3785
7919 2923
1710 6700
3800 4421
5925 7095
6290 276
1013 5393
8522 8768
15 670
7651 8798
3977 2340
7889 6248
3359 1792
6941 4843
2339 3505
9050 8194
4350 9353
5712 9799
3813 862
3682 4648
610 3828
126 1846
6862 4677
4961 5907
6611 5592
2519 5376
2028 9751
580 7944
1289 7724
8371 3734
3322 3667
4240 2900
9281 5346
2160 6627
932 525
2695 2226
7800 8664
5647 7713
2757 8405
7202 2351
219 1402
4669 7459
7256 8748
2964 8499
6420 2211
2337 2518
3335 1685
1202 6735
4216 4465
7813 8078
3050 2690
8876 2371
3313 5930
5359 1285
3795 5416
6636 6531
4066 4262
8414 2584
2942 9998
5903 2012
9109 7940
5758 7705
6413 6844
6842 3415
561 4853
3736 4006
1488 7519
781 972
4855 6191
2295 5712
2797 5832
1583 8180
5112 5359
2166 8162
1395 6004
5100 9728
8251 3839
4654 4086
4913 3725
9441 1130
8301 6492
3822 1276
9219 1625
2634 9734
4195 1482
6393 2935
5251 6128
8961 5145
8383 3584
2433 5846
8867 4896
4531 9609
5521 1050
7515 8788
7442 4967
4790 1410
1029 8379
9522 3183
6145 3406
7063 6767
7446 8782
6127 3638
1109 6978
2536 4425
8280 3570
2075 463
3674 7449
470 7555
712 9688
7824 5125
8293 1461
8057 3545
2774 8383
3534 2368
658 5786
6827 1678
3253 8232
116 1632
5732 945
814 6917
4452 1561
5742 10000
3367 5264
5194 4799
3678 9846
5659 454
4963 5096
9828 1997
8358 2038
7834 5118
234 7491
5379 3277
5432 4691
7326 3623
3491 4947
9805 8105
7334 3692
701 9760
4711 3501
8398 3573
2697 8021
7242 9077
2977 45
3599 6725
5794 2544
6778 1817
1968 1841
2684 4943
6086 7469
672 6243
4155 4625
3702 7086
5287 2198
5662 9280
1687 3633
2066 6604
802 1129
9913 3317
9270 8564
4086 2152
7797 3127
9166 4753
6893 8698
9021 5790
8244 1195
4579 4451
7345 636
7146 4756
3082 1803
9269 7701
8461 6042
1381 7547
4818 8282
9045 8124
12 7696
8068 9221
2412 8521
2326 4399
8430 5371
3799 9394
9835 3760
4926 8715
1350 2854
9806 7494
4827 9348
2195 8297
183 5611
4939 8595
3493 805
9331 9296
1061 7547
4859 5554
4193 3300
7653 7739
441 6045
3243 769
3635 211
1961 8783
587 4246
3089 4309
5459 6249
4748 375
9102 8832
2229 5452
953 1352
8723 3727
8108 2200
8420 1362
1539 4930
3490 4429
3764 3418
6703 1253
3493 7599
7293 4652
8862 5856
6555 5278
1519 3948
1769 4868
5330 5789
6079 9916
6294 7990
9754 5160
1003 8326
4047 2225
2811 9091
8231 6850
9695 9089
8322 9005
4063 2110
2387 1481
7241 3367
4143 5394
1319 9601
3724 5701
483 1319
8564 6336
2106 4653
4422 408
8603 4650
6840 4176
8580 7326
2137 820
3462 7243
3637 2196
5386 137
8383 5432
7994 2543
5301 8684
5989 555
5898 1891
4653 332
3324 5953
273 1151
9325 3821
7868 9615
5428 5896
5877 4084
6901 5917
4749 2449
6667 453
8299 399
5023 9757
3638 2638
9489 7201
5925 6875
1017 4167
2183 2312
9341 5941
9497 1540
497 1356
4854 7615
5218 6770
8135 8886
7794 8680
2004 4041
2402 2338
2897 3183
369 1917
480 3479
7997 7208
1720 1905
185 6000
1312 5341
2073 381
4525 8794
6403 2669
6738 8028
2002 631
6712 8222
9504 5167
1869 5792
7410 6176
2394 9364
337 5667
545 2886
8623 9152
1381 556
1283 3438
7345 9229
404 109
8125 9581
3652 454
6172 3840
6823 5913
9735 1560
7633 1231
5449 4945
3712 5880
3294 1829
6650 936
1302 6542
2878 383
3528 8478
9977 7006
2130 3595
1956 6770
5328 5609
4842 9709
9744 6211
8669 2204
8972 1086
1740 5208
1245 6596
3436 1895
2131 1873
2508 637
747 7147
4811 3117
7300 501
9740 9247
2919 208
7744 1719
7704 3661
6300 407
7434 1282
5187 9798
7490 502
3960 3254
875 6193
8525 4241
2146 259
1242 9552
1796 7379
6665 1273
7875 9822
7479 6881
1580 8480
264 9061
7268 3756
416 2304
9688 6520
8047 1379
7305 6758
8890 4953
8455 4922
3497 458
4552 3534
9952 1313
1186 3090
6522 835
7011 2247
4565 2707
8155 1565
624 9549
2595 8290
7368 9432
7107 2844
6069 5539
7338 664
1799 3343
4307 2824
9328 6380
4129 8316
5955 6866
8160 5492
1751 5406
8212 7160
1050 8713
7781 3368
359 4052
484 1568
8567 9844
7344 5922
5259 7593
3017 3451
4188 39
1271 3078
938 5600
6858 7905
3930 8238
7539 9561
8428 9691
6184 5314
9128 5268
9030 3630
1744 2575
4189 639
792 1234
9708 7650
1133 4039
8478 2429
8636 3409
4502 91
2717 7733
3733 4628
3088 6937
5541 7404
1850 4230
4810 8556
397 3331
2005 2054
1000 2191
1090 1990
1065 6595
8647 3708
9424 6243
955 5594
608 8495
8800 891
8177 9203
289 7582
448 6240
9389 2695
3491 2514
2471 4776
7034 4975
962 122
5414 4576
9450 1036
7619 1472
9926 7068
78 2986
295 9666
791 7571
971 195
4133 322
568 9136
9271 6584
1908 7439
4812 5194
3194 1208
4200 4394
2802 9185
538 7308
9010 9127
1493 3121
9786 6974
9867 7555
1721 6939
9999 1495
4981 6091
6868 1821
3824 4265
4287 5421
8340 5007
4719 7515
9650 4678
3120 9815
865 6035
4102 1328
2431 601
1821 6727
2591 6943
8110 919
8626 873
39 3688
2405 6190
8139 6548
6103 6462
2564 1113
1159 4529
9774 2032
8905 2629
6030 2052
1035 7653
8651 4595
2768 2081
6427 3090
3739 1645
9205 7878
2890 5031
5906 661
6590 9766
1182 2471
3469 4395
7896 3101
1148 1188
394 348
9437 3495
285 5365
4551 158
8618 4862
3548 5679
1156 8306
1286 7651
2254 4058
919 83
3512 1198
4543 5484
5978 7928
215 7017
8069 4536
4838 5837
3004 4149
148 7462
3908 4971
3466 1430
3091 4602
8090 6685
9514 8150
2787 2540
2981 9608
9099 5080
5918 2290
8828 4386
8454 3810
8965 8891
538 7578
4266 9298
6329 9178
783 9921
7350 322
5908 1671
3256 4234
7441 1603
4714 2554
5967 5995
3383 8651
587 3291
7830 8497
4526 8010
9710 6553
2195 848
8205 3261
3971 8820
3087 9787
8805 5561
8941 1128
1184 199
5584 6210
2590 8879
3401 1789
6355 6132
6448 6954
5415 4902
8281 3934
6937 5266
8086 6536
3554 4819
6699 3437
2334 7732
391 4716
7347 4548
6838 3406
3672 7555
5713 4408
7801 9054
6118 6987
8210 4401
9609 9601
5984 5721
3819 7888
6974 7207
2034 5868
2351 412
3736 3195
3956 2163
5228 4152
811 4198
9214 2232
4823 2528
5386 9312
1328 6818
7527 5863
2158 5220
8508 8376
2225 7668
525 1038
2064 448
504 458
5314 2981
2510 1024
2889 3362
5385 1230
5100 5230
875 3209
8771 947
8614 4656
5603 7411
5992 2259
2539 4312
378 3339
1441 3602
7387 8770
3176 1116
4660 372
6280 3451
4896 4757
5814 2277
9252 6893
8333 1334
432 37
5415 8540
2016 4456
3838 5037
9753 7271
1422 7683
9719 5610
7066 3843
2653 6952
8125 651
9344 3418
3425 1608
554 3222
764 3795
1024 9849
1452 218
6387 336
5336 7241
8914 5448
5367 4644
795 8984
6324 1438
2320 4798
7599 6931
7111 9196
235 2350
1572 3190
914 6646
2790 5639
5783 8529
9523 4951
201 2305
676 3462
3772 9667
6086 3997
7096 5436
42 3475
7924 4609
2836 9119
8139 4824
956 8605
1100 8181
5053 172
2039 1351
4764 6476
8905 6225
6642 4328
2233 2149
1294 9347
3229 8899
3153 6001
9983 8510
2286 374
8431 164
3858 518
4173 8821
6124 7937
2746 746
7522 4202
3418 5795
253 8690
5934 9670
9642 1474
1929 6811
6898 3565
7310 5157
3394 4389
9367 802
7815 194
7983 2806
4079 8981
52 3977
4683 4260
5284 9004
5673 549
728 4853
9765 6064
57 3143
8605 877
2201 150
2386 7562
3911 5361
2259 1745
8255 1530
9233 2445
6275 4315
2754 2419
8565 195
5392 1032
6933 7497
6588 4056
2054 3705
6234 1913
9878 9865
3722 304
1596 6492
3900 5034
5792 4262
5454 9316
8122 7446
8293 7429
1288 9369
3639 7141
7402 5478
3894 5736
6484 663
888 8070
9416 85
2730 1721
5510 7284
3907 1243
6378 4937
8264 1258
8358 3879
8800 6309
5774 8257
1216 1657
7013 1665
5448 3506
614 2272
3458 7356
2899 9390
1072 8676
4982 2776
3206 9515
4021 3203
6271 7359
7908 2966
3547 8737
355 5151
5667 2035
9511 3403
5747 2230
2594 7331
3740 1092
2904 4999
1678 3380
4609 5059
4645 1401
8885 7291
5296 3734
6857 2059
7818 5355
1475 1859
8722 828
6703 7066
6538 1187
870 7830
9328 1285
4553 3971
7711 4552
1481 6546
9691 3530
2855 2602
2113 4970
8790 9368
2007 8518
3734 9291
956 3368
4176 2213
9554 5170
6666 1754
7547 8808
8265 9799
9569 3937
3560 3067
9178 7515
3429 8290
5831 5303
3809 9472
7800 45
2393 4778
7548 8299
915 8927
6281 6813
6280 4916
7527 470
372 2606
69 1015
5233 5991
5078 2468
8799 2492
9241 4265
4688 7323
1024 6044
195 2699
1499 8896
4165 5335
3196 9228
9899 9595
2878 1305
5968 9961
5041 744
7352 3640
4255 9135
624 4841
2184 1038
9311 8337
9660 9403
7404 2859
2941 4152
8917 8725
9730 8218
7654 786
9493 777
3261 2789
1334 7086
2581 9460
5806 9968
3590 8486
1221 8585
9314 5348
955 3567
6255 5394
2751 7838
5946 4463
9233 8679
7239 1191
4878 8616
9572 6527
6288 5921
5820 8900
530 2333
5088 3510
6040 3288
4902 5590
5859 4285
2014 1414
6581 4943
8765 7379
2924 2876
379 9697
4471 7417
7986 2358
9540 299
1170 3927
2279 2059
4877 7766
7057 4817
1391 1607
3956 3838
9898 6192
4978 9159
7292 45
6801 518
2091 9945
3889 9204
2784 3465
4329 9753
9642 6183
1302 4025
6389 7099
6649 9153
6699 8824
7308 6553
3482 503
7436 8045
1208 8565
5758 5678
7578 1249
5547 1729
208 175
639 564
474 6962
1243 3186
1143 227
2326 1734
4485 7071
1192 8147
8785 2317
5068 5395
4426 3307
3503 3829
1622 9618
6157 8379
3799 9539
4309 8217
2672 7317
5655 140
7740 3022
1658 2381
3607 8134
2034 288
3633 333
2351 7581
9436 1664
7502 154
2953 3101
3508 6920
5343 1652
1977 6622
665 2348
8182 6122
4418 533
9866 1266
5299 2298
918 3912
6032 8690
877 129
7301 7147
4383 3770
4490 4729
4570 6248
6152 666
7894 2487
1435 8230
3035 5489
4338 7289
2212 4610
6898 7455
9600 2369
1515 7552
398 1877
8938 168
9836 9344
9864 5860
6690 180
8296 6022
3418 4595
3262 847
4895 7893
2200 5940
6121 4836
3803 7576
7129 2551
227 8990
7537 8160
709 332
5400 2653
5163 8406
9517 8726
4685 6979
7878 1373
4706 8795
2284 4869
9990 9463
2237 3582
7089 1786
8846 1617
159 2516
1202 6097
4802 69
1215 9139
4496 5440
1549 9706
7076 4156
8753 4729
7210 1780
2964 6242
8397 5979
5116 5389
7843 8767
8818 862
5560 3203
1526 3350
3351 6934
5875 778
8245 4016
3922 7309
1153 8631
2365 6475
7884 8353
8185 3166
455 9334
9053 8554
3831 6600
6664 3695
4026 5676
6271 6521
3762 688
1802 5529
7941 8040
3831 4084
6015 2063
4498 1115
6775 5183
2413 8974
741 8209
609 6151
7225 6310
8071 1290
1451 1134
7071 9129
2251 7162
3723 9811
2308 251
4492 9071
7055 8902
6228 8122
585 507
169 5818
7298 1947
1172 5981
6106 8064
7019 864
1430 1811
4764 3259
3718 9403
6437 6057
4390 754
773 2133
7872 2499
7599 5912
7179 965
6628 2556
907 5228
829 916
2122 9924
748 9567
4023 4717
667 5626
2280 7577
2601 8534
8801 807
7981 6768
1963 4781
4085 6712
770 1637
3411 9640
3273 3284
3840 2098
4271 7266
7057 7745
8237 8164
6664 6600
7021 3290
3210 2765
6978 8178
7061 8615
4020 223
9097 6317
3383 2342
6439 624
4157 3540
5093 7654
9202 7673
4237 8994
1658 5834
2685 3518
8313 3927
6350 4745
2007 293
8804 3708
9582 8378
1696 1059
7755 9533
1579 2564
896 4095
9225 1961
1319 4943
1878 5654
1301 3054
1880 589
8503 3482
1710 5514
7454 6681
2733 1204
4034 461
502 3648
4565 2957
4625 2997
8905 2867
7501 3606
9970 5820
8124 1040
6031 7712
8017 6676
9098 1316
62 4620
7847 574
7435 1609
6017 898
3151 5077
5017 3605
5354 8784
7784 9571
7545 6760
1518 2874
6266 5158
9199 8935
8320 5578
450 2035
8109 8973
9433 6607
498 781
891 8398
8305 2079
5611 1157
9071 4425
3372 8054
2044 1320
6094 3665
9590 6423
7328 44
991 6215
2263 8288
9321 3998
3130 9691
5479 3641
5259 1800
5034 6057
9169 7990
7508 384
5985 8349
4897 9526
5087 5333
6463 5572
3160 9420
5284 5901
4958 5919
6520 6207
6676 7598
9156 2199
7531 6408
3246 7241
7016 9232
5564 2809
4687 9283
7960 6749
5995 8291
1702 732
3360 8626
1539 9671
5464 1428
7357 2718
3193 6789
9955 4294
5994 768
1827 7835
395 7965
7344 1995
7512 4214
9235 1617
6092 5365
3042 6843
6937 6767
9418 1726
880 6696
7264 7932
3549 6865
1802 8094
1090 2939
6816 1352
7438 5103
4378 3547
380 525
7108 4732
2191 2052
6948 1804
8084 9112
6603 2960
7264 2579
4060 9842
9243 2205
5913 9188
9438 2054
9627 2941
5517 2557
4080 3510
8142 1745
773 293
6815 4610
4010 1608
6472 910
662 1162
1699 3446
7499 9148
5830 1613
2007 7234
3852 2638
4774 5038
4569 5814
6631 8061
1411 7516
283 7704
7118 3444
3475 1703
3725 805
4613 5922
3821 4259
6739 4443
1842 2058
9012 9643
8767 5257
8835 3449
1519 3683
432 7350
6770 2996
1299 3523
3912 6369
5748 9535
3338 8084
937 7018
1769 123
4071 2287
2576 7458
5885 7173
8884 7354
5034 6998
9229 1
2405 2292
4768 1911
9424 3637
5803 8045
7334 738
6215 1206
9313 605
1007 9485
994 1520
1956 9722
6095 9329
1690 9498
1249 9954
4696 903
6948 2655
5071 2766
3625 4966
8344 1006
6722 6566
9970 3956
2786 52
3125 1411
209 3506
9856 8951
5223 192
4755 7958
5354 156
225 879
356 1127
7576 9650
6711 726
8814 5179
1159 8856
4028 7949
4112 7277
3013 7225
5498 4450
2150 2753
6156 5972
7918 3580
5979 5882
5182 5761
994 7352
3310 5047
9055 116
9584 9208
2101 7498
197 2386
239 5645
8133 2560
4834 1571
7974 9625
5197 8091
2160 2805
752 6142
2941 1851
5537 2255
5323 666
3392 8455
1902 51
2064 5307
2501 3235
5321 1530
2689 339
7145 1576
2841 5931
10 2847
6983 2102
8776 9017
9980 7439
3891 258
2733 4192
3529 6172
9782 1931
1729 766
7120 6567
1069 5046
7330 6799
9976 9863
2246 102
6036 4992
5717 242
3905 423
381 203
6116 3607
3566 1162
8117 3926
1327 9661
6190 4801
5387 444
3216 1818
421 4233
6796 9932
85 7155
7418 487
2276 6131
4261 5774
9424 4995
3935 4911
4965 2966
2498 8884
5080 4229
6930 5770
8658 7678
4131 827
947 2021
2762 3010
6602 9184
6249 4103
3392 3856
7974 162
3281 1165
1427 2098
4478 2357
8804 6939
9900 2894
509 7435
9206 5198
8837 3107
1201 3179
1556 1870
6987 3770
7447 4897
5954 9366
1480 6374
6112 4332
6360 2800
6365 4935
1482 6397
1641 7980
6992 3390
366 6
7869 5655
7710 990
9621 624
5371 2575
9427 5197
830 8033
9222 5426
3443 1667
1268 2657
564 9990
7341 9886
9720 5620
3003 1261
599 8120
5378 1381
9289 4578
7075 4806
5006 4514
5103 2628
3537 9491
3681 2647
4379 5616
7270 2873
8081 9225
2402 294
6579 8209
7724 1806
1498 4774
8191 4338
702 520
1264 9946
5736 8070
4336 7442
6083 1075
1959 1383
2771 4668
2422 4144
5809 8914
3651 5280
7335 7671
8762 2877
4389 1019
1390 4327
2434 8505
6112 4257
7165 2250
7829 4825
550 8363
2802 2938
8751 3231
3676 3818
9104 9400
6124 4256
1058 7453
4567 1536
213 4126
5450 7971
1305 7147
1384 861
4759 7439
2203 8914
8773 2047
3319 3827
6785 1397
6160 412
417 6545
5823 5935
6347 9653
5593 44
5000 1884
8657 5403
7010 1746
1833 9338
6858 5366
3623 710
2514 638
2937 9438
8685 8123
3993 6164
5384 4173
8104 6873
4828 4379
4639 1163
7491 7656
1127 999
7016 2073
856 1950
1253 4513
6769 4763
4403 3918
1312 3101
8735 2902
3201 6737
6694 6983
7559 9175
7679 3414
6938 9175
7505 1347
9010 9655
4868 6593
6538 4762
3629 5224
4770 1343
4996 5486
3566 774
7064 6685
7549 8669
6649 6647
7050 7643
7692 8287
2012 9456
6350 9430
4136 8797
5821 3610
5091 7565
6323 8249
4820 5080
2883 6456
5851 8246
8041 7346
5601 9538
6344 2462
5528 9515
2583 526
1284 7015
6860 8241
5576 7271
8263 6619
17 6472
9834 8279
5050 4268
1677 8985
1627 5016
8111 4723
4106 6939
4304 7527
4860 1910
7386 7639
4861 1945
4578 3195
59 9465
2888 6339
4087 4491
8533 9553
9767 1832
5838 3552
6741 9745
5936 4525
5629 5004
5701 5952
5578 8410
4710 889
7473 3536
7615 971
8375 9163
5558 5696
5952 6095
5357 2682
1436 3025
5573 805
9593 796
250 204
9270 5144
3433 4347
3686 4018
7503 4772
3620 4937
5392 5735
6714 3793
1219 7194
5113 4941
5841 1720
7930 7853
7474 2334
7386 3364
611 7151
6652 9197
3527 3870
7992 4133
104 6522
1061 9505
8884 4851
1491 9435
1748 6718
9856 2741
5478 3838
742 8715
7549 4669
6877 4767
2941 3936
828 4697
7194 1219
5022 5513
6494 1113
5714 2903
2545 7975
8199 5429
4224 4249
8056 6654
8775 2914
3413 2627
9479 4204
3450 682
9435 6747
1131 9414
6007 8193
1931 6319
4009 8028
6618 2471
1896 6106
6121 2232
471 351
3747 1413
7250 2897
1351 9270
6390 7004
3970 8906
4236 8553
1617 2682
3866 3060
9588 8389
9973 4400
9544 9073
3086 1308
6029 3294
3003 2616
6381 7547
4578 6169
6780 4286
3790 25
6119 9193
3915 775
9252 4657
5172 6561
9031 8473
2247 5151
6098 6806
540 2599
4243 7963
783 9739
4468 1319
344 1675
9641 491
3514 9834
4841 3723
4049 2455
1112 4088
557 9050
6780 5766
5082 7309
3821 3882
8883 1834
2489 7569
9385 2223
7385 8541
3501 6779
5593 2256
1062 1581
3242 2753
904 6555
2097 3745
4055 3684
5474 6831
1021 6763
5178 3250
4660 6734
2532 6705
4700 8197
1945 7508
1958 1888
6492 5960
9872 6509
9565 7437
2356 7951
4271 972
7756 3815
363 519
1278 767
5464 2836
9597 7752
3794 794
7435 5600
4402 4930
7036 1731
2683 1765
3852 4523
3496 5421
3181 2856
5794 5942
4960 9603
7965 5817
9069 5395
9849 9259
6097 5282
2582 8179
6249 5890
1091 4038
5204 4414
1454 9036
1234 4953
881 3568
1029 748
6117 4904
1632 3179
5225 8991
3167 2002
2929 3396
5652 3474
7749 5567
5889 1662
5773 5925
8420 7758
9920 3703
998 8038
9088 2621
8257 7732
6859 8417
3513 5083
648 5707
5527 8593
1896 9881
776 6356
7333 5087
6683 7319
1525 3963
3404 8771
5856 5700
3378 8776
8550 368
7743 5296
7303 9330
8864 8920
1502 5733
6180 1803
8610 5247
6415 8014
1345 9299
8209 9274
6955 3432
2570 8087
9787 9656
5496 4884
6991 1009
5813 9899
7015 4528
2531 4439
2062 3544
3410 5977
9552 5689
1589 1651
7590 5210
8186 1395
3126 4773
2121 1973
8248 8073
4520 6208
6672 2026
2185 9415
7315 3238
4578 2354
9240 7359
358 3277
8396 6199
5153 2531
6779 4833
427 3699
8498 6046
9573 3435
1021 3697
2438 2580
5732 8296
9628 5354
9789 4234
394 2048
6198 2145
8844 2071
8093 7461
3599 9248
1617 8417
8758 9981
7736 9387
8033 8209
8275 9736
1358 1587
2772 7902
8979 4364
4123 907
3773 5178
9091 4389
5654 8962
6313 1755
3009 2774
4826 3998
8193 5588
783 5106
1592 3270
5295 4083
7983 4847
1105 2538
7360 5545
6116 7346
5111 3111
406 6
1278 6391
3639 1157
4272 9198
6593 1514
9208 1255
2164 1820
8829 1400
1524 1586
4946 6108
7476 7681
9596 4433
1229 7021
6838 4379
3796 5580
1022 1488
4721 8077
643 9693
8563 9516
9599 9216
793 3074
1526 1570
7523 1322
5609 1409
7508 2295
8831 9798
7195 9297
1374 3011
3472 158
1398 3976
509 6860
7009 200
624 8812
6535 5459
6777 8531
9211 7975
6262 3330
4707 8867
3493 2268
1449 3456
9520 6455
821 8549
7487 1697
7282 1360
8765 2038
9096 7615
3625 8862
7903 5993
1054 3351
3034 1179
4089 3888
4730 6851
6885 3792
5515 2869
4489 3635
9619 3692
6504 8797
4293 961
541 2844
4713 5953
7326 6311
799 3677
2810 7878
8862 1806
4773 164
5534 2834
4552 5878
4316 2952
3181 8341
8422 4777
1768 5156
6991 3781
4681 8986
8900 9673
192 7636
4484 9644
6497 6013
2 9320
3442 5371
275 6661
1170 134
3407 4357
4249 6756
3787 909
5950 7070
2839 5833
8957 9813
962 1900
6021 113
5765 9721
2258 1306
7872 5670
9493 3289
2981 4404
2904 8313
9308 598
8540 8188
6953 2238
1446 9840
7938 2982
2188 1715
5353 6572
9844 2303
8701 1516
728 4879
8926 7677
8834 4591
8248 4539
1261 9901
4292 3174
7022 8728
9458 8517
1582 692
9517 9113
8910 9809
1692 2992
8194 6366
6721 146
5015 8242
7853 8755
3434 9617
9544 7465
1813 9086
3194 2535
2072 601
7759 7996
8842 6613
8761 6702
3113 7279
6267 834
8816 1644
8333 840
267 8165
1914 2949
3126 6480
923 6317
5616 2211
7987 166
2790 3965
7004 1428
4007 5641
2467 2778
5035 2998
672 2160
1744 5452
9398 9573
4200 3325
8635 6883
8556 7923
8602 5446
1954 1010
4268 287
3008 6684
693 6845
9768 9508
4560 1956
1836 8827
1736 6423
8627 2644
1403 3020
4979 2237
2669 2650
7721 3118
3772 5924
7353 4588
7096 6798
6975 584
3825 1789
8440 3630
4809 3188
2419 6847
2699 8305
8657 841
8809 2948
2417 6614
3781 5900
5753 7436
3085 3166
3957 369
9018 687
5139 4355
6979 2678
9817 5878
7519 9289
9816 6153
2716 3193
1948 6374
4506 1436
1465 3825
9244 3752
3726 1608
3758 3293
3561 9221
3809 91
6544 9488
9830 1464
6911 4133
2661 2712
9364 1913
2726 2597
313 4402
8417 8790
5379 20
625 4121
7224 9501
4179 7990
9237 8174
8431 3802
7417 5190
1330 9746
5044 1568
8049 2110
2464 8113
3708 4750
9238 6636
1041 11
8762 6181
4701 6899
5498 3080
696 1505
3224 6991
4668 8873
1683 4933
583 6425
9525 5518
6822 4628
2744 8432
8288 1449
9972 384
5047 2525
3296 5342
8716 1230
2306 1848
1053 3184
1099 4175
1018 1784
165 2617
7988 1283
8119 1501
8225 8713
9659 6956
9666 8514
5046 3501
2730 6797
2619 2955
5292 5368
2089 1621
9895 7242
9519 1118
9267 9732
1953 4475
9998 2122
6928 3185
2306 4117
1192 7910
2982 1596
4090 9739
5579 1571
2426 4115
8514 223
8273 9837
5631 830
8271 7088
1954 8767
9035 2375
5454 6890
6331 2427
5908 3340
5967 6794
8971 3589
3546 7060
5571 1305
6260 9035
9884 8852
3420 8997
7350 9931
8944 7726
3669 7722
9441 7140
5724 1759
5162 7081
6154 7339
5885 9936
1735 8827
1988 977
7664 854
4323 8281
2421 4290
333 3005
8325 532
6817 2588
2873 352
6970 1103
7498 1987
2476 7256
5205 7870
3174 3840
4936 5952
7346 8986
738 1663
4845 489
3909 1432
927 9135
3802 714
4651 1725
7299 354
7760 8247
5796 3145
8587 6597
803 693
1493 8594
9882 3974
3034 5405
2410 2018
6951 4578
4792 3950
1246 8368
755 4711
2623 7102
2658 8206
2370 7799
2812 563
8762 492
8255 7250
3559 6866
3990 6177
2223 5648
7900 148
2269 7473
1536 1577
9260 24
3584 4255
301 4363
1212 4431
1634 3778
5383 6380
3516 5967
8756 8991
9194 5080
9876 5107
8302 5083
3726 531
7304 1023
7170 2008
6552 8629
9272 8740
4761 5921
8521 3300
9416 189
9396 2258
6706 3564
5783 7314
5160 5187
5372 3154
7871 4098
1847 5929
9854 5508
9420 4137
3107 9798
2223 6761
6637 7861
9084 415
6589 1777
5419 5508
6614 92
5536 4500
8062 9442
8531 3603
3151 5134
4040 2240
5509 2424
2406 1214
7999 2661
5625 5323
8943 7217
6126 4458
307 9754
806 165
7870 689
3466 5198
2488 7290
378 8940
9920 8710
9691 118
8509 4121
3430 3030
1599 892
9634 9910
1557 5563
6536 9597
8771 3706
2425 455
0 2105
484 3294
9971 1034
197 9057
4825 3003
4884 6508
493 6344
3011 1120
5180 482
2630 5385
3667 8545
5300 4794
1968 7690
2484 7877
4280 4431
1668 1558
8849 631
8511 1677
8890 5907
9123 1803
7126 635
7352 9990
9230 9243
6689 356
5867 6630
4304 4240
7180 5354
2682 4045
326 683
7849 3805
5989 5715
1894 9511
9491 9034
619 3053
5578 3031
9436 8092
7383 364
322 181
9867 1238
4896 1847
2553 5129
8839 6972
1670 5291
8970 6662
216 5140
8387 6205
5018 9175
5233 3845
4515 2867
5534 7476
6084 9004
1312 760
5212 6432
7614 9732
2114 6995
4963 6928
1037 7609
678 46
1020 8267
4748 4858
8609 337
3075 6779
8859 8159
3717 706
3539 9824
9680 1608
9358 1618
7868 2450
39 5496
9055 1765
1745 3278
4184 2932
8218 815
7613 2874
735 5810
3080 1509
3901 5209
3832 5299
1042 6900
8388 443
7283 6158
6100 4898
7891 4007
6762 9723
6096 2694
4272 3875
5919 2690
9419 5205
2418 1622
2185 8568
2552 1964
2134 8055
7571 5760
9441 7056
1218 1806
7 7695
8717 6572
7450 6035
543 7948
6721 6857
5705 5385
5102 9642
8094 3651
6344 1366
2262 1237
5065 5646
4492 5324
6985 7387
9284 6023
4129 9548
5626 9572
2207 4612
6092 1186
7480 2563
6856 7129
67 66
4121 953
9433 4145
7990 4347
1336 2908
197 3521
2152 8201
7665 7191
1598 8793
7267 6027
8141 9873
6702 159
2058 5098
5902 2594
4330 7728
2650 390
6817 1026
2913 8154
1500 6067
8290 5932
4894 6924
2268 6442
802 2449
7814 9039
7825 7740
871 6309
3934 8945
7825 132
4392 8988
6729 5998
4939 6256
2183 3801
2675 7708
2504 9236
1260 6690
9032 9774
4021 4399
8581 9256
4721 3422
8207 4414
6795 5165
5539 5721
7901 7659
3487 6256
2661 270
9885 238
5232 9218
8893 1118
4578 7507
1278 5624
6177 7714
1258 6942
8360 7814
7995 2503
3055 3913
8561 5391
3979 5350
1011 9285
4960 4956
7965 4809
5263 2331
4405 117
9722 4368
9038 9209
2314 3349
6489 7756
1911 638
7999 571
4017 5108
486 3826
7810 7486
3357 4225
5698 5445
4906 9235
1904 3087
2539 4666
9923 9458
8772 622
1317 57
4952 865
4569 2834
1640 9483
4270 9321
470 8698
8404 9858
6162 2035
9937 7547
3444 4930
8203 4939
7302 9467
1129 5846
7940 2803
6392 9209
6368 4520
3679 6222
9734 28
6298 9745
5126 7716
4213 5915
9175 9454
8991 2371
8014 3760
4558 3976
1941 9114
3383 635
8403 6680
3574 1287
2127 9052
3926 4042
7879 8415
2050 8608
9564 5049
3099 3704
7842 4261
4833 2760
9147 3984
6969 1989
761 8936
1135 8154
7531 6272
9886 4716
4786 6688
5899 2181
7788 6949
96 2333
6198 1071
9660 5258
1886 9099
8178 8885
6975 6886
6244 2863
6626 2566
4773 2490
8713 7047
4015 9550
3449 1005
4620 940
4229 7287
7472 9677
6719 9201
2793 9902
2255 6113
257 7746
6543 3171
3860 5925
4132 5551
3625 3177
9100 4728
7711 8178
5821 6282
9969 9
931 4951
6683 2612
2922 2580
506 9240
3506 9515
4598 8155
4268 4417
1995 8005
1497 860
2723 938
2875 3019
4644 6305
2019 3851
5895 7644
1676 8728
1073 4336
4348 210
8911 701
6074 2983
3292 1692
8984 9529
4704 8015
6853 6478
7149 1745
2278 1083
310 735
8187 1669
9407 6622
1606 4277
2622 8660
7543 700
2455 8778
721 6129
9194 7154
9517 5430
6293 2041
6787 3295
693 50
9584 7462
6688 224
7886 4695
1562 7980
2883 2294
6853 2366
9083 9068
2392 7369
4178 1387
4888 4680
9490 3013
3565 8620
7481 223
7040 8261
8964 3714
9811 2887
748 9594
490 9791
739 8646
7509 1952
5063 1017
1337 9691
4423 31
2608 7556
6304 3127
2973 6384
104 5922
1477 6312
6435 1328
3118 2101
9256 9499
6679 7668
5571 2676
2394 6475
4400 2952
9579 519
7635 5512
8748 8029
8073 5302
4727 9371
4290 1620
1943 1479
9692 9089
2081 3545
6489 7147
1740 8427
7678 9181
1824 4397
7255 6073
9398 408
70 7323
995 5044
4876 6955
2457 2864
5296 9400
8592 3045
2279 5352
7707 9097
8968 1169
5127 9675
6517 5840
6522 7822
4648 8416
7126 7647
8846 9572
224 7789
202 1273
9295 6865
3006 1675
176 6726
928 5118
8112 4070
3124 2108
9422 5840
3345 1897
9106 3098
1452 5862
7990 4615
8429 9604
8578 6696
844 4173
6885 7010
759 2628
4915 6748
2487 2774
6922 7965
7331 2314
4338 5971
4945 9028
8400 1734
6987 3814
5153 2549
1802 4444
319 1773
6179 3960
2418 7982
845 3429
9787 810
6173 2600
4185 5854
6209 4309
101 7385
9735 6867
956 9404
7124 1699
2987 1226
8098 9484
4459 1630
9088 7208
2927 9059
5012 593
9303 1220
9940 1973
9965 8320
7279 3466
6736 977
361 783
99 3226
3192 9373
4610 4367
420 1500
7946 6668
1147 3701
4524 6458
6672 1493
1318 8588
4683 6700
6459 8514
6143 2819
2167 7327
6440 8321
1517 4804
976 7565
2341 6889
1542 2460
4961 8255
7025 4506
2715 7971
2665 5000
2893 1118
3042 5510
2190 9331
4971 8089
6684 9408
5562 3148
8361 9808
9525 8642
5499 4355
3241 994
8544 7673
5396 8622
9905 9819
9661 8047
1370 2800
4949 3461
9066 9698
4088 2583
827 3312
2856 2545
3458 7513
1145 8809
8412 7603
692 4549
4561 2407
4375 4790
97 9817
7925 964
5465 6962
1170 2575
3087 7140
6510 7961
6288 2408
2334 7874
8991 880
4006 646
7453 2682
2173 5037
2973 9217
8616 6802
6431 958
6118 2594
6638 3883
7445 9080
9761 2866
9701 3884
6781 8847
6271 4854
5688 3322
6080 8271
2520 6090
9661 4244
6254 3414
9817 4162
2362 5922
4603 6220
7013 8652
168 8782
3038 5539
6791 1114
4364 3597
7330 1875
1920 9012
1306 3171
5551 4571
8106 7230
3698 2943
5683 2699
7667 1011
4841 7637
8055 6587
9523 5492
2959 2105
629 978
7067 5144
2350 1217
2241 4206
8807 7028
2686 7547
6735 9373
1479 5315
446 8959
4567 8475
9692 1770
9977 5771
9955 350
9143 5014
7762 991
4389 52
3401 6392
9925 6406
1947 4169
2588 1133
2575 5648
9031 1486
2116 9151
2986 7764
2653 9742
3218 2284
1931 1642
9280 3341
7446 3197
7807 3421
3832 8159
6592 2136
2258 760
868 5477
2510 7774
5061 2620
8759 2959
7061 2196
5093 5232
6179 125
5306 2276
1755 5983
9919 2639
2826 7741
3488 5831
5034 7230
1768 3592
8351 3177
4099 1435
1016 3877
5038 4621
7760 9554
7258 1853
9566 5691
9521 2683
3104 2653
3165 6405
8094 4024
6073 9204
7557 3068
5551 1923
8193 9656
4024 2590
7265 2969
1032 4128
9929 2457
333 1022
9722 2321
3948 2671
5689 9527
9603 171
1666 9182
5612 2092
7638 7993
3164 9271
9317 7512
618 5912
6324 7248
3207 2970
1394 6547
2155 5575
3156 5643
9038 6995
1558 4070
3531 6595
5887 7399
7500 3803
5797 5105
8501 7255
768 8317
6948 4209
8780 8907
9886 1847
6759 1288
1545 9914
3713 5171
4618 8227
1164 3975
1071 266
605 6356
6914 6503
4069 512
7603 5705
36 733
869 8400
7968 1056
7843 3313
9587 59
6722 4433
5570 3752
6052 9556
7368 3254
1717 7675
4534 4939
483 4236
8438 9926
6356 8189
2740 8021
8867 8470
5604 6928
8561 5016
4180 8095
4898 2932
8140 6903
6148 2181
1365 2588
4753 4423
3244 598
3716 5622
575 4514
2211 3077
6784 878
7023 1470
7053 4552
2137 1163
4662 4808
2960 7577
3994 5323
7288 9470
7245 2928
9406 8377
2955 8334
544 1263
9453 6461
3211 3408
7785 7564
4100 8739
5479 3288
6814 4091
2170 3371
394 6178
4241 4375
6516 8429
3042 4147
5751 4031
8941 1756
7066 1810
8375 1143
7157 6722
9762 406
9333 2842
9898 4246
5502 6673
9505 1072
9242 3485
4051 6908
5107 8283
5989 2303
9933 7949
7024 8379
9875 6995
5615 6612
4685 9617
2684 6106
9836 5142
9639 598
771 1479
651 9000
4503 6713
431 640
8723 9343
867 5988
7742 6590
8318 5789
1169 1764
6723 1839
3615 4385
2828 3761
7877 6583
3631 5400
1191 2538
9064 9541
788 4203
5162 5107
8280 2921
7473 1936
9026 1673
1882 5793
2121 1157
5742 2632
8229 3466
2423 9382
68 5297
1134 6410
343 4402
7557 379
5218 2990
8881 5048
7754 4210
1689 8948
9667 2908
4492 5884
6836 5808
8456 4729
6691 5257
3626 4391
6820 4812
1460 1198
5398 9182
4132 3681
9540 2079
1127 2976
1937 2121
8246 2528
1699 4669
2759 3880
8533 2906
2361 8345
9701 4548
9067 7436
487 5577
4705 2080
5233 9657
609 4883
1007 7115
6241 4662
8200 6361
3961 2630
4117 3371
3588 3960
8914 8769
1932 4553
4303 4534
1138 1111
3651 9161
1036 3075
1951 81
872 9133
4717 6435
555 2611
5500 8730
4052 8075
4785 4118
3486 6760
4336 7522
6768 8667
4502 8571
8239 3258
7358 5674
4488 7335
5812 8263
6118 285
5068 7853
1644 108
8442 6470
7483 870
3330 7711
2411 5913
3504 3853
2963 9799
7313 4712
7203 7628
4035 7734
7779 686
6825 2362
6668 3614
5928 3593
6504 7716
3801 7616
8849 5959
6257 5869
9150 4955
5680 1080
3611 9833
3753 4010
2262 4484
5016 7560
2654 9572
6550 4831
1526 7147
7375 8185
5083 5320
4932 2992
4426 5979
8868 7572
3454 9565
3068 6615
7047 5042
1307 7915
3267 2839
5184 2443
3745 6641
9040 2325
1324 2710
4947 9703
4432 331
5832 3336
6220 2260
266 898
6 2916
1776 4539
2528 5989
1355 8006
9655 9540
7060 6025
9697 6045
7623 5475
2653 1092
8401 4421
1371 269
1384 4287
7882 39
6046 2964
4538 3167
9370 7256
4224 2864
5009 6887
6511 9082
4000 7626
7124 5695
1583 2888
2318 2413
5059 8360
9202 5588
1308 3755
2305 7945
5991 2152
4699 6981
9443 6081
2701 8797
1231 3651
1089 599
6023 2921
8835 6686
2646 9628
8925 2601
3544 7434
340 778
7599 5892
5340 817
8776 4610
2833 5985
1604 9355
2540 3243
4145 7668
5389 4385
4304 8301
1074 9255
9022 7786
3965 8828
1662 7391
4250 2250
6219 1624
7913 869
240 183
1366 8772
9604 3156
8982 3529
2178 3754
6688 3526
5793 6883
2177 5708
3141 5506
2815 2863
8829 7323
735 5049
7540 2816
6206 9946
3281 9942
6889 969
6331 7003
4611 3858
7473 8517
8798 9010
4233 7593
994 4243
5256 3446
4978 5131
2628 9839
116 777
783 9563
1927 1802
2682 2860
6419 4334
5936 6598
9613 2875
4323 5946
2127 6918
6289 78
8661 7986
2476 2752
8091 4392
2579 9498
1528 9774
6231 9310
4685 882
8567 813
9611 5419
1619 3193
4124 6330
7909 5873
3221 1191
4955 5220
9263 4845
7886 4442
8077 9597
4271 7911
2775 5234
5935 5199
5544 2460
512 7792
5678 977
2753 6497
1731 9196
8908 6956
1792 4471
3952 7266
8416 5638
1223 2994
4557 310
4903 9090
1671 6795
5893 9392
491 9165
8723 9971
2454 6812
7521 8354
1110 8816
8922 5407
207 512
4023 1953
858 6431
5956 2271
8374 7306
8684 2913
864 8240
4050 6143
4066 6872
5910 4965
5181 5065
1064 5390
9312 7421
8603 7208
6605 5280
6468 1910
2565 9309
5497 9821
1984 4618
3026 8871
9909 9230
3047 9811
7093 3734
2184 684
7625 7874
7832 4903
6672 1491
3027 5183
1586 1227
6453 4068
5418 252
6287 6528
8042 7451
2972 6722
6023 1010
5027 6309
9384 6382
2509 2870
9217 6720
4351 7954
7624 5771
2856 568
4649 977
4647 6188
7423 8425
2488 8823
9724 3990
9644 8254
8479 8956
6950 2766
139 1169
4539 6464
8393 588
5862 7715
2283 1222
283 115
4865 8167
4714 5078
2826 4168
3865 3501
7248 6580
5233 8887
2832 4196
5112 4360
3161 8872
8738 462
695 8967
8659 8013
9542 476
2952 209
4371 1359
2176 6585
802 857
3265 7975
6458 143
5251 8516
7816 783
2934 4397
1994 438
5571 8873
8170 4958
8528 6025
6249 4237
6499 2199
562 4764
1983 2879
3103 7389
5705 9817
3732 8835
6400 6208
7923 3553
7615 4146
3030 6405
136 5634
7979 5320
8600 6270
488 3934
6305 2787
6145 8607
2225 8846
8363 6739
2765 9149
3875 4020
5583 8197
5270 2810
2328 4828
7330 760
9824 1030
6918 6420
5999 5576
5889 1319
2474 7253
1587 5939
1061 797
6722 4915
9002 1166
8923 3791
6924 7681
6837 1071
9325 8272
8767 2149
6226 3149
5850 2048
2290 8653
8140 647
597 8236
188 381
3893 8358
4362 3000
3813 946
390 7074
8596 2567
7162 3743
7952 3885
8387 540
4742 6455
9178 5720
4191 3904
7869 6930
540 8132
433 5484
9619 4415
1543 7995
3299 4781
736 399
956 3334
3233 4222
9351 3602
5391 5629
3569 7733
4504 8012
1280 2897
8893 5955
3464 6359
2695 1676
1436 4924
6011 5701
7177 7147
4924 3030
8655 3721
3303 5741
6205 5963
8725 8808
6746 2847
7558 3355
1453 2515
2122 14
5402 1382
8010 1625
6445 6431
6842 6000
3785 7349
5428 1087
8456 732
6980 7705
4894 1055
6382 6385
6861 8621
4940 7464
946 9489
6397 8517
6170 4842
8314 2828
5823 5480
4871 8799
8343 8675
8312 9679
3936 4900
5868 4982
6195 1165
1446 2338
6573 2407
7227 3972
5641 8678
8691 9963
3439 3022
3250 5146
280 2893
852 6384
4993 7820
6900 1611
1059 2390
3717 4921
5309 8027
7507 8395
3258 4225
318 5238
6084 6203
6815 73
2661 1555
4921 9731
6607 2205
9965 9776
4536 4078
3558 3773
2081 142
1573 6380
9646 1330
5530 5055
2842 1801
9357 8136
8599 187
2951 2876
5066 1115
1133 1183
9782 1456
2927 3886
1756 3717
8974 1398
6605 7046
9826 1932
1302 3702
2490 3807
9050 2290
4506 8046
1630 6065
6073 923
5341 3985
6051 8722
9006 640
6973 9417
1692 8828
3572 7335
7541 1132
5129 1558
303 245
4993 9547
251 970
1977 3313
6823 2813
6571 670
1478 9189
5118 6885
3371 7568
9856 7398
6273 529
6261 5934
811 9336
520 2376
9539 1794
9944 9273
7370 8893
134 3303
5796 5406
3644 7016
5352 6648
6829 3131
1361 5067
2255 6269
2082 8472
291 3173
8918 2577
958 6693
1971 5251
8776 760
152 4013
6785 3072
5127 2243
1097 3128
8198 7136
9579 466
7352 9340
2525 7811
1895 270
7860 5506
9246 4366
4250 8112
8770 3653
8644 7902
8760 5266
3845 1666
4272 7511
8524 3229
7179 8797
9187 9970
9432 7351
4942 134
5063 8143
4686 9051
3396 9844
6837 7056
4381 2769
1868 1191
5550 9678
56 4415
3195 500
9163 8691
3929 2464
4579 7140
5289 1057
7335 3804
3892 2347
8794 8016
4505 5238
5176 9053
9943 5758
8990 7003
7119 8412
866 6678
6958 4237
2181 7096
4019 8997
6500 5458
8213 7621
2752 8085
4985 9697
5511 9611
6115 3850
480 3476
7013 5598
5000 8164
3174 2623
3957 7324
7465 4723
7648 547
2682 4814
7827 4008
1719 5344
1658 1945
2447 1184
3182 4705
2528 1846
7135 1973
5932 4238
4561 5414
8199 5017
2645 5906
6313 2022
2101 1901
2426 2381
5425 3307
596 9858
1916 5505
7483 1412
7543 8552
3829 1159
5620 8215
3562 3669
6918 4373
4410 3169
8358 7058
9740 4550
9885 9733
9437 1487
3789 6429
1770 5375
1516 7059
9980 6043
9976 5076
8371 6871
9364 6224
3464 6843
8249 5769
4251 6374
453 7840
6067 7557
1010 3735
4764 8767
9019 5908
2466 8901
529 5319
9658 5449
3744 9381
5762 4712
4691 5982
5697 1259
9350 5205
7870 6231
6507 7747
3161 4401
8520 9994
3221 8603
1355 5020
5007 9599
1824 6448
498 4389
1561 4411
1950 7311
8269 5265
422 1892
3622 7847
5080 9583
5082 1615
1578 4100
9438 6332
1133 3606
8245 7638
3114 4944
4752 5709
7404 3757
5009 8100
8705 2722
2546 6628
2373 9840
8053 7543
1704 1917
3716 9616
7457 7872
2543 4100
2704 2559
8651 2135
931 908
1137 2974
8183 7382
8081 290
5007 9321
7722 4020
2692 8431
7603 741
1699 9123
4473 6448
8971 460
5886 7657
3643 4489
8858 205
4131 7411
9899 8135
4447 7302
5795 3391
1826 5679
3113 2185
8727 1239
9539 4017
5676 7428
3077 8446
5975 7713
4992 5237
1745 3187
4800 2136
6427 2392
2409 1722
1189 456
6845 8041
4741 1896
1259 3350
1613 650
7282 5664
5519 7633
3869 2410
4291 505
5386 8502
8883 2371
9632 1335
8256 27
4956 8054
5563 7591
4784 877
212 5488
8004 490
3621 3936
206 3647
1730 964
4798 5624
1298 7062
8160 6787
8887 4290
9019 3419
1766 2002
506 7564
9770 4915
8141 2842
3901 9682
4577 5950
8433 8606
918 8054
1208 1121
399 7359
4328 2427
8955 9227
9991 4440
3692 9181
893 5643
6802 2479
3831 8708
1063 9961
55 1401
3209 7125
3167 1437
8481 6815
355 2023
9107 5764
1474 3331
7379 7910
7899 4508
9771 5796
8692 7245
2710 1136
1480 2022
265 6961
790 3617
487 7465
8416 6071
2307 3496
2969 381
1891 4233
4845 4613
2927 9120
813 1503
524 926
438 5546
9766 661
5131 9925
8346 8468
982 4897
8498 6744
9527 9668
147 8466
7832 234
2677 5165
5237 9433
2590 6945
5728 4695
569 8661
3299 7321
4972 930
1244 8585
3434 1565
6600 7234
5344 8458
5691 6726
4137 1633
296 1622
4914 3809
1148 2065
8358 7680
2892 4299
8682 114
2744 2124
6649 2752
8877 3682
3316 6282
6906 5213
1442 7370
2836 801
1529 2873
1587 3548
4877 6436
6782 7742
4640 3317
7 3888
271 871
7124 5050
4498 260
1519 5400
4285 4969
5944 9725
8294 2644
394 7769
7384 3461
3874 6318
9227 1173
7131 4202
3239 7297
3876 833
4462 384
5364 8991
2380 4902
6408 7162
2018 5959
1643 6371
2873 4435
5083 9107
9059 8634
772 5945
1923 1673
5047 7723
2974 948
2963 6099
7272 222
3687 4619
9816 7965
788 8258
4321 2727
7254 9756
5230 4294
7741 1989
5824 3408
1128 7130
6492 925
3318 5762
1550 7017
5782 5731
1155 8621
1013 2481
4067 5565
1169 3682
8549 875
4887 4400
9738 4011
9625 3624
4589 3270
8794 5316
1782 7972
3889 3290
5368 2975
9657 1598
8379 1863
3328 8521
5297 1686
7435 7602
8799 509
1829 9822
3542 6019
1457 6847
2070 817
5053 5864
1470 407
8089 988
1353 5446
536 7174
1226 5734
9776 5284
1642 8148
8413 3505
1487 5121
1502 7334
6312 9351
2700 6752
5554 5329
7648 4467
7574 179
2077 8014
8777 5304
5259 5903
3498 9397
3389 3513
3128 6494
4569 69
7595 3257
2739 6658
6162 7746
3911 1847
8285 4042
3462 3595
1603 8763
5254 108
3647 6725
6680 7650
8801 9719
155 3928
9732 1021
22 390
6467 1151
1430 5924
7486 2894
7792 8414
7916 8116
5620 634
1289 5873
603 9307
1502 6389
3474 3338
3848 6485
9439 6801
7922 8046
5767 3691
2428 7582
4306 9794
2652 984
7876 5336
3969 696
6201 8500
4117 2450
8260 7684
4800 3126
2230 2872
9530 3937
4395 9952
5317 4673
955 1911
5330 4139
384 6892
9541 3529
8802 9495
5827 205
8264 1066
4960 8112
8196 1257
2596 9629
2858 8091
6950 1204
9421 5802
7241 283
1502 1107
6430 8268
7726 808
650 2632
721 1522
3804 2894
9106 2086
5833 1754
223 8260
1136 1170
3452 9204
5352 8554
3015 8737
1787 181
6670 2243
7970 77
7026 8656
1690 3005
8211 1746
9319 9338
3970 4269
6319 5534
6207 7461
741 9295
2786 9412
6928 404
3176 4152
555 8829
9620 3711
9133 9340
2490 2650
1508 2991
8870 8765
1650 3311
7890 3936
5541 5200
7478 5627
6175 2991
8702 1846
1332 1667
5371 2472
5850 5720
798 7209
508 7642
2530 7250
7414 384
9807 2724
9767 6566
5755 689
8793 1811
6069 1816
1280 5741
3065 9020
901 2302
8626 7710
7453 7140
6005 1944
6945 5788
9062 9015
1340 8122
4400 5300
4517 1954
5032 2254
1583 6830
5194 5886
3965 1243
4398 1518
9099 428
1696 7597
1388 8349
149 3010
37 5021
5537 6991
6585 4677
3764 2936
9171 9446
238 2450
3635 9265
6612 2709
2867 6386
7852 9796
1999 1622
2516 223
6000 9594
4659 4635
2794 2238
3172 3682
4734 1384
974 6241
719 1948
3825 6571
8036 2925
1211 1219
4391 3359
295 8340
1547 137
2636 2111
7736 9412
2613 6555
6520 9046
4980 8030
6440 543
206 5507
3320 5560
1261 9878
9401 8221
3804 2167
899 9360
1802 7034
4917 5858
8591 2809
1526 1668
8690 8012
4486 9365
5805 8721
5020 8840
3543 6037
7233 1081
3682 5050
4798 8695
1897 9291
3256 7703
1166 5420
9933 887
6712 2536
8869 5176
9986 6888
3379 5375
3 9230
4059 230
8774 9394
8088 6100
6534 4554
7507 7606
6717 1164
8132 4853
9952 2945
3781 1231
6549 6180
6637 1583
7998 8511
7889 441
8989 7481
6024 6956
9748 1631
6626 6552
88 1128
9913 586
3225 2202
7049 6621
3953 7575
7423 3358
37 6164
8227 995
9046 36
1127 3153
6785 3908
4142 4193
3828 8384
8204 7705
7255 5279
5258 9727
8773 5745
9556 3070
5206 654
4489 8695
8592 5636
5795 1142
8474 8268
4034 3395
7978 9078
8848 3292
492 3924
7270 7615
6732 523
8821 1010
5164 3312
190 3410
7340 2418
3263 1924
910 3373
6959 6436
2065 4052
6407 9629
9770 9487
8044 5095
8753 1321
4879 8733
6929 9315
8955 1150
1411 8199
2466 3456
1922 9336
7782 935
3234 9570
2703 6267
3536 4870
6180 8589
2796 2168
8681 3545
9398 4120
4170 9475
6190 2550
4161 9760
6394 4618
8190 1687
5151 4411
5440 5806
5078 9189
668 3522
1311 9161
6341 5522
3310 9823
8630 913
4978 4042
5905 4493
3765 9020
5985 3436
2284 2294
7965 5563
9119 3501
3272 6464
3725 8892
2770 4292
1880 425
3268 4014
356 2996
4208 9141
4892 7703
3339 5948
7218 1505
4175 2084
3007 6943
7791 2904
595 6003
7521 1533
6395 4020
6175 7063
6131 9137
1817 3773
7272 282
6054 7098
1933 7920
3864 9746
8735 4194
275 9818
7162 9617
4766 1246
2681 6507
3894 665
2180 2756
3012 3783
4706 3785
8401 4393
4534 8079
9266 4516
4779 6490
4844 5952
5537 276
4523 6044
5097 9500
1256 5897
9278 8541
6347 9551
2208 1467
2869 9935
4043 3807
1588 6016
9583 296
8944 663
8404 5198
4958 8726
6665 9324
7029 4845
8518 686
8781 279
5265 4136
21 8874
1507 6156
9921 6726
5383 1937
8190 553
9822 7332
5011 4906
8902 6331
1854 5609
7596 408
1496 133
2679 3733
6115 92
6773 8065
4276 7627
5493 7600
8524 8790
8729 4582
185 756
1701 132
7025 4903
1619 9113
607 756
7580 6702
1708 4229
4627 9536
4185 6751
9057 8396
9318 2027
419 9713
7679 8080
8593 7153
401 9568
4135 4839
779 1688
9848 725
7995 9135
3003 5663
2137 236
9609 2346
8044 5929
8941 6536
3536 5479
9763 6070
6349 2300
8105 9084
5576 40
8028 4256
6206 4381
2192 7448
4860 3351
1524 3817
8333 9380
1208 3266
9109 6434
5238 2818
1154 4917
8941 1478
6818 7538
2503 6449
4206 9871
9746 2002
2997 3956
3680 6893
4349 6136
8187 3199
4628 9041
5542 8115
1058 4653
3030 8158
5150 9898
9414 998
174 5821
1158 343
8916 6079
8092 3577
3920 1882
7971 5915
8587 4612
2822 8807
7753 5650
9837 9834
4715 2739
9860 2112
7461 4212
175 6301
406 9679
4225 652
6131 8042
295 4920
6378 6024
9064 5640
2200 7149
4605 8020
802 3036
3296 4729
4380 4510
3266 4615
2074 2146
3068 8266
881 402
7096 1897
5496 3119
6942 2752
590 1384
1270 3275
8676 963
2542 4547
5151 8567
6082 8012
8016 3217
1456 5197
6458 7323
2286 8741
1535 3531
4896 4152
744 9044
6590 8116
