placement model: 1slider
width: 10
height: 10
number of points: 4000
7278 4474
322 3292
1066 8356
890 4330
7692 3887
986 7945
2854 4339
4229 5363
6047 2288
4446 1525
3378 5620
9283 3915
3357 2810
8631 3346
6359 1966
1020 8701
2966 854
4223 5506
6147 8963
6996 7979
1281 6921
6293 8107
266 6946
3649 1142
5935 7127
1184 6191
5976 7007
4447 7268
9743 1698
6116 9336
505 7397
9699 6616
4653 6179
1579 870
2515 4053
8142 7206
9026 922
5716 9562
443 2945
6196 4259
1389 7232
1134 2672
4234 1067
381 7416
4369 5892
8147 2631
2937 9458
7245 6940
9389 2159
776 5811
6195 3568
5942 3425
6503 7112
2748 4313
8994 5462
1276 197
6781 1777
1382 1999
4414 2981
8670 7122
520 475
9377 4394
5057 1438
4300 5700
8921 9712
7626 9756
7638 3784
8717 2054
4663 3271
5847 3671
7815 686
8377 5014
397 2176
4321 7916
3942 3369
6783 8532
3550 4618
2095 6066
5404 9783
603 819
292 1466
8752 5410
6772 8698
1543 7018
5325 2050
9756 9127
4667 2190
4089 1348
7702 1253
7808 3460
1574 9390
983 2806
293 994
778 3316
8545 1286
1020 766
9360 175
8506 1971
8184 8554
6790 6860
8021 5846
8880 0
1583 3118
6788 7980
3807 5810
8800 8864
622 6362
5046 1271
413 374
3937 6863
4002 2319
8647 8048
9785 5796
6067 577
6793 6862
4280 4771
636 4365
7639 5241
3475 9912
5829 7377
5327 2040
1764 5264
80 2932
4219 8319
3148 8845
2717 1517
4628 9919
4175 8658
7250 361
1343 9198
7853 336
890 8936
7928 1791
8299 1532
9940 2650
1470 843
2467 6903
4096 8774
8135 4714
5498 7574
7034 5077
4660 2092
5077 9371
8271 8333
6463 6034
4265 1495
8706 5329
1823 7761
2915 9288
4125 4235
989 7883
1948 4435
8573 2039
1457 7440
2323 79
2450 724
7410 9436
1472 2136
5819 3254
2766 5231
268 1883
6830 2652
9308 1698
9406 7277
7822 2561
708 5876
1998 9102
9977 5812
6413 4176
4417 5059
5752 2337
4248 556
3288 8445
2310 1480
9325 6423
1400 26
2076 5291
4637 102
5833 2876
1170 9941
8441 5896
2165 4985
5317 3440
1917 8646
6291 599
7856 2685
1151 532
4025 7938
6876 3078
6805 4554
763 9801
4834 4412
8223 121
450 3808
2919 9934
8109 5137
4414 1107
3393 9420
1223 3338
1117 1877
3312 8547
2589 5561
4555 2507
2995 8069
6269 1045
6451 5918
6936 2735
8212 2185
1088 414
7647 363
293 1611
1165 7647
3478 5465
6475 3829
5171 8081
269 2602
2831 3870
6502 1166
4991 4580
9540 8255
2857 3681
8051 6747
2369 4025
8092 4238
1460 3264
3634 5597
2515 7960
6663 1695
2675 583
7881 4670
6390 4409
3874 3495
2276 7450
1442 6548
1374 4015
9404 9844
5755 9368
8504 5331
8162 4405
7893 3864
801 5670
170 4021
5975 1080
3446 4658
6860 8925
6770 2720
3260 1753
1295 6697
2819 5073
9199 2287
6972 5313
5691 3780
6418 7089
3186 359
957 9622
4622 5207
7540 2338
7371 7144
46 7958
1406 2631
8301 7965
2524 4435
6423 2048
7285 4978
5785 1245
5593 5112
9313 8354
3359 5190
4353 7909
833 5494
5774 5955
2624 7747
5294 8568
8527 246
4785 8146
6339 6736
8771 845
7574 1020
5213 3887
6234 4248
5056 9825
9082 7123
9040 5642
7959 8178
3204 8716
6619 3192
2551 3110
4188 8640
9555 3724
2008 4697
6852 522
9984 3309
1790 1094
7037 4748
2916 6436
6668 1557
1725 1709
301 138
3048 5482
2045 2708
2003 755
8200 9483
4767 4582
2970 7363
1973 2356
3852 2455
6201 7430
934 1549
5417 4545
53 3919
1177 2427
4665 5726
2807 9939
6215 6618
3181 5771
2514 3677
6402 4336
3609 2864
1718 5286
913 7411
6055 1078
7718 3443
3506 4134
7597 1693
4304 833
1110 336
3673 8192
4225 801
5520 2333
6310 4315
9627 1640
486 1093
7482 606
6488 1979
8101 5750
9205 7498
5738 7712
9408 8336
852 9287
9549 7586
4937 3859
8098 6091
2550 7033
6938 6732
8843 8532
3885 6133
5129 8551
1327 85
1088 4846
2513 5435
2217 8277
6123 6071
5176 7754
6801 4432
4827 1718
296 7978
7436 6317
3709 6886
4453 3538
6571 5094
3785 7856
9350 7859
5717 1733
9106 3614
9835 6937
5716 566
4822 1131
3336 7296
867 9462
267 9407
8246 1133
5998 561
3830 4310
1437 6292
7234 8507
9198 1708
5191 3866
8921 1135
1380 3564
8862 7219
5652 4835
6456 4847
640 6374
1407 2737
7292 1734
8424 5194
3871 9489
5937 3556
228 5066
1684 9271
973 6878
8409 66
5361 3390
7462 8858
6749 8522
7574 3975
847 8776
9563 3183
5212 2992
8107 9254
8599 9832
3548 5189
89 3382
5921 2314
4742 4981
2468 3441
5481 9622
954 7712
2006 8941
1506 1375
7985 7158
770 9231
9916 2846
3321 3356
7885 9567
8016 100
378 8290
134 1462
1519 4616
7574 986
7282 6686
5259 4022
8688 1497
1095 6222
6849 1864
4198 9713
1391 3839
7994 930
5418 7062
4763 6161
1966 1285
3370 36
8897 4119
4647 2193
1595 213
4587 1443
2854 1255
9446 3959
1751 9876
9712 4220
7887 4850
8296 2627
1275 8197
7257 2909
10 4490
5031 6427
5288 8711
6607 5914
3910 2803
5277 1721
6741 1992
9680 7717
7043 3523
2751 8918
2854 1746
7918 804
8202 801
4524 3087
6179 9541
1813 916
8294 6947
1659 5394
8500 6772
2427 5485
1918 9339
3379 6392
3921 2198
8787 988
6449 5892
5890 4473
2831 7262
2138 6470
6168 7929
5011 6328
8940 2362
8829 7289
7951 4398
1950 3318
5324 5789
1757 8953
9349 2830
6050 1953
1252 7444
6301 4311
772 7971
7672 5034
5762 8368
3842 2836
1342 2214
9673 4175
93 8092
9389 6519
8494 8634
81 4852
6047 6348
4778 2582
8782 4597
9772 6236
9997 7176
2107 1292
9800 2853
3317 9365
5033 161
6436 1617
4280 7004
8919 6362
323 293
9814 237
3913 9129
7562 322
5307 6388
5970 845
3809 4577
722 813
634 4833
7424 689
8976 2233
1774 4630
3027 9240
1165 2784
6581 1865
2718 7603
1459 9235
1224 7585
1667 1630
2811 8136
9232 478
8914 3310
6355 4952
4242 4333
2740 2984
282 4095
7987 7508
9277 1549
4991 9536
6207 4589
9547 1141
9767 9794
7407 3654
8821 730
1701 7388
7428 7478
7179 6763
4353 5791
8071 2924
6481 3464
8407 2017
9833 6364
2280 9072
8552 4796
7329 9676
6329 6732
6343 9508
3274 8598
2619 1689
9471 606
5808 9293
9559 1841
243 8922
2310 565
753 9760
2418 3694
8993 1444
5282 9875
2119 6427
4614 3731
4557 4861
8935 2562
8388 2278
3294 5548
892 3016
4147 7017
4838 3124
1496 5065
6100 3159
5741 2274
1540 5598
4075 8968
3031 8101
1250 2108
8710 8248
3887 4998
9921 2254
8643 7634
655 8165
6499 3762
29 8277
8471 4938
4468 963
8992 2600
870 8701
8658 4550
7859 3447
129 8479
458 6896
5607 7250
5347 2249
5999 4496
2631 2929
9350 8104
2547 5089
6608 7370
7274 7062
7299 3774
7649 916
1537 5104
6438 5111
1839 745
321 134
9663 9045
5983 236
3858 7855
7811 6436
7146 2552
4015 7324
4830 1555
6368 7989
6068 6799
7545 5522
7555 3811
9181 2048
323 2835
1294 8268
3318 9714
5598 7672
4500 2768
2207 747
4132 8625
203 8105
780 5776
6836 6371
3972 8651
8406 9061
712 3868
1045 9542
5913 3487
8704 2242
4714 9637
7306 9733
1989 8609
530 673
4528 1761
3510 2622
7280 7550
9991 4597
6764 5283
7543 3801
8407 9757
101 4733
6479 579
5533 7945
7609 1478
4733 3104
6871 279
8106 288
5355 3411
4497 2710
3476 8501
4133 5604
8728 4446
3320 3560
3100 9579
4454 5860
3360 6270
6389 7159
3158 7711
1831 7939
9142 8966
1011 5000
2531 6376
2108 8223
7109 9440
4046 1149
5618 52
3394 5888
9661 9837
4198 1091
3145 6114
6903 1537
9473 887
5511 6552
9441 8244
799 9015
8497 510
6568 9602
7631 6939
6025 3605
8818 7320
7032 1558
5243 4198
8457 406
7079 6404
7064 8337
6826 5995
3088 6740
6233 748
6119 8927
6760 1512
8638 1921
415 107
6712 2399
929 4867
5609 6016
1309 1299
1907 6777
7437 3504
1996 9892
4234 4203
5334 8382
5854 224
9734 5679
4934 4551
9944 1041
8141 7043
1276 9009
3909 7584
6586 3573
2553 971
6159 3841
7065 3787
9528 5653
1292 852
6495 5455
2349 9095
2048 296
430 1333
5625 7210
1707 3696
4096 2734
4512 4818
3777 5960
5684 4921
6247 9559
152 6785
6296 7830
8634 2605
2884 6563
3953 3103
8118 363
1850 4120
54 1429
4569 9099
1225 2990
7319 4399
4167 9664
5497 3389
7849 9298
3890 4988
9678 2942
977 6265
2824 9806
3744 8590
3687 3995
4373 5241
4208 159
8562 4445
9183 3849
6217 9730
3353 862
3449 2851
7206 5235
7550 8705
6639 1063
2939 9186
7254 5931
7761 8895
975 5492
3589 6625
4355 496
6494 4882
341 8684
6395 1967
8416 1152
4949 6451
4795 9176
8353 3812
4091 1527
3766 2499
412 7914
5843 2446
1839 1185
6813 5013
3663 4010
8291 1598
1257 5066
153 3557
3152 8498
772 620
1842 2508
107 1318
903 9495
4845 602
9121 123
1781 5157
5706 1762
2486 437
1040 1974
8222 5522
7479 9646
4701 7505
1826 1928
7490 8329
5325 4302
7128 862
9832 3447
8069 1873
3398 5634
6750 3519
2801 3756
1214 3612
3673 3071
3403 3843
8440 9426
5602 1246
6905 4099
9842 3141
7277 7005
5979 2866
2260 9350
8337 1175
5358 4875
6351 7746
7128 1003
1069 1114
2829 1306
2169 7255
5676 9075
1387 9662
9641 4640
3632 90
1217 1527
9936 3026
285 3398
2352 6763
6818 4962
2936 8850
7396 4273
7850 5560
6873 3088
2225 5904
622 8674
6623 1051
2771 5406
9087 840
8387 6924
119 8699
550 2977
3111 9993
4906 5764
4044 5321
327 2683
546 8405
1184 6343
637 6037
2439 4271
5523 3307
9761 5248
2796 1011
1452 5653
5172 3917
3805 8939
1335 8745
2100 238
601 9060
5173 298
7177 7974
3776 7539
212 1617
2851 2350
6536 8801
8821 1312
17 7756
9834 1575
9895 8159
2002 945
6410 3189
6567 7579
8580 1648
3636 6151
6133 8135
6476 789
4394 2848
9497 7515
7848 4665
4169 8282
9265 7653
3593 6289
547 4847
4473 9999
6249 2634
1121 1879
6247 9511
4164 6715
9267 3876
1890 7323
5336 9834
2868 9394
9877 1447
8537 6343
9606 9760
3519 496
5212 6101
5342 1590
4028 1160
2366 4190
659 1813
4264 30
2149 3993
596 4780
2292 620
5752 7573
8956 6445
1087 5570
2349 2530
1469 6812
3329 892
928 653
4062 3518
7633 2485
5772 6435
7731 1884
1836 328
1741 7549
7428 8054
1169 541
2795 4702
3640 9630
3129 8842
8901 543
8694 8829
7442 3411
4819 1178
6876 1496
9369 9366
5438 7880
683 9488
8627 8131
1231 3222
7579 9214
4742 589
754 8609
8958 345
2774 7447
490 1434
112 3031
6562 4416
2671 9953
9043 7673
3897 6989
7074 2858
4881 6197
7026 8633
6436 3178
2103 526
3944 5836
5629 2197
3699 3692
2782 6771
178 8656
6706 9926
4809 555
191 2495
1079 6696
3145 4622
3007 7462
8164 5626
8505 2159
1775 8738
1108 3225
5472 2965
7694 9081
6317 345
8072 7738
536 1495
6524 6008
6023 2259
4883 6237
4158 8945
8835 3295
8250 5288
1646 8989
7625 5345
8956 5680
5141 7464
1508 7874
5333 8037
9747 4102
3368 6082
7949 4725
3127 5175
555 1420
128 5775
2258 9361
3160 2972
3773 7968
75 5547
2465 6876
200 1942
2350 6416
8239 532
462 5030
9574 5805
7165 4438
6931 1922
3609 4040
5264 2345
9824 6521
8293 3149
49 4486
5444 5980
4619 5359
3033 6990
4676 2396
8941 2425
1295 2534
187 2298
5976 4597
858 3330
4211 5841
947 2125
2451 7520
8477 5424
8298 3836
111 4941
6612 4847
9836 8363
2842 6134
4255 8099
6089 3978
7400 4765
1793 9312
5883 1551
3509 3
7855 9243
2914 4427
6910 9791
3363 2873
937 4048
723 3741
9220 9367
1833 7109
1041 9347
724 672
2617 1395
999 615
313 2233
4757 6437
9453 7219
2728 1656
6676 3566
6100 3866
3331 3896
6148 3869
5663 4694
1325 4568
8500 1625
255 2712
943 5921
5822 4356
6009 4857
2728 3661
7573 2335
3902 7904
680 7182
9964 8845
1183 2365
4796 4878
3817 6652
5692 5322
9974 5220
9790 3512
2994 1915
9622 4496
1163 3555
9540 1269
7070 2601
5981 4150
2978 2959
4512 3825
1987 6404
7838 993
133 5425
4356 339
8123 4038
6927 2159
5711 3287
3819 474
8349 8321
2158 3261
9408 5079
2760 7701
6691 2622
4299 981
8080 8084
2018 4391
1376 9052
9356 7
3821 5018
4542 8746
4551 2051
6909 4385
4262 4932
4927 9026
8400 4815
8575 2468
6870 7721
880 8264
6071 6752
8798 7121
4428 6459
2876 125
6072 9740
6694 9496
2920 4566
793 5632
804 9283
8177 1441
9244 1364
6692 7434
5917 1499
3935 4923
3336 9660
5248 6448
4952 7159
9247 4345
5128 164
224 6963
7408 3040
5260 8977
5332 8350
7660 1003
9628 5029
3537 6762
9592 5763
3933 6318
657 9018
3494 1779
7780 501
6392 8755
9657 2383
9500 453
4490 8338
2864 2494
4622 6574
7944 7467
9452 6650
2430 3069
9546 7132
8033 2846
2949 3402
2806 6728
6805 518
1291 3883
1808 1276
1722 3497
5617 9106
1106 7730
3796 3224
718 4305
5450 9381
7628 1767
3989 4709
1495 1292
8189 3377
7299 5691
3827 229
3972 3466
9524 908
7015 7092
3735 5697
7501 8532
3426 8272
2536 7127
7535 5837
3257 7034
5762 89
3511 3697
2363 5916
3033 6034
6358 3191
9304 9097
2381 5397
4347 3061
6450 5592
7240 182
5767 3699
3024 3825
8633 35
8420 1833
6203 1649
8212 5053
2370 6777
6637 178
8913 7684
5240 3212
885 3175
4479 4083
8374 2894
1006 6805
7918 3306
5079 1460
2548 1793
3514 2762
2867 9603
4946 7742
7361 6012
2310 2124
8493 7622
4094 2690
3508 6991
373 7242
6340 6002
9751 8169
614 999
6222 5626
7716 9108
2884 847
7141 2999
1731 6704
2222 694
5909 7356
7066 4911
361 4598
463 4422
4020 6689
7157 5248
824 625
6774 7410
7510 9930
2255 4382
5766 1088
5522 8916
1838 5843
2710 4741
429 9630
8456 1255
6471 413
3584 7914
7046 7138
4851 310
9201 265
5746 3205
6485 569
2372 294
169 5726
625 3024
4227 3638
7998 9984
2659 2078
3929 5472
3713 1078
5045 9687
5168 3167
9908 3265
477 6928
7037 7366
3833 162
1848 5221
5002 2098
957 5570
2847 5875
7445 3665
8601 1885
7127 7614
4160 2269
2229 5047
8180 8265
5728 8930
8547 9221
6620 5248
4224 2144
1508 5853
8328 4684
2357 6240
7289 8323
7532 1108
2186 1861
1187 3213
4533 2833
635 2962
8255 9029
2539 588
9041 6355
7757 7665
2409 2229
7460 7428
8390 1757
79 7056
2347 5137
1383 7308
6755 1802
5197 5287
9957 1898
930 5651
2913 8194
2816 2505
2068 6787
756 7198
3555 6239
3540 1164
938 1035
5963 5093
6544 9877
8061 995
1000 4626
1234 8448
8237 551
6759 2127
5190 3531
504 1090
9233 1920
3207 1274
7591 396
4057 6557
3991 2385
3579 2082
3718 9270
7713 476
9095 2403
218 1423
4030 4570
8291 1773
5831 6488
291 802
3975 3431
4361 3121
3177 1685
3856 3320
3890 3034
8088 4317
9404 3485
8475 3788
7212 3468
4221 7930
8277 1234
5662 5898
6234 1521
6892 5070
3429 3338
3683 3217
146 4821
4295 4699
6890 6775
1382 6658
4375 1676
8840 314
2467 4217
7731 9951
7802 9627
8404 108
7748 4367
3617 1195
149 5995
2521 8121
6859 531
5112 9373
7587 4947
7860 9826
3189 8772
2986 5896
6704 7362
3985 6019
8921 8350
1387 6186
5489 9201
7869 5269
3016 3238
4421 4402
1636 864
7437 9513
3903 3309
8812 631
2492 1480
7493 2741
7058 7804
4472 3903
3049 5799
6727 1793
3127 4208
8514 6663
1240 851
9410 8427
4008 2023
3563 2978
6684 6353
7700 5270
9507 3901
7490 5744
7324 9059
3258 7246
7200 5293
8304 7442
9828 9444
5967 6542
1353 5279
2785 8940
7044 9175
8750 9730
500 1363
196 1398
8845 4175
4848 5378
431 6503
5059 4121
2211 596
7038 8859
8691 5394
660 5777
8289 9810
1306 3670
3129 23
8309 8526
7588 8117
8676 7691
1373 8777
8496 3821
4611 843
4883 7129
4438 5701
4008 4825
2093 3381
5003 3724
8808 5443
4490 5544
4214 1165
2048 9439
8413 9394
4378 2863
221 681
1983 4005
8677 6414
6053 8870
8936 1691
6683 5525
2057 1929
5694 1116
4915 1621
8317 3722
8004 7588
8281 3596
7853 7366
9057 2548
1503 5620
7123 6106
9920 7717
1978 5266
5919 4290
8411 2758
2646 1812
6919 5587
8093 6749
2455 5260
7959 2339
2990 8353
1097 1686
9394 9097
2939 7420
1148 3963
6064 3798
3654 988
4993 8621
6609 4992
3564 6657
2620 5316
7772 8895
1014 6894
118 7045
2549 9147
3748 2926
8000 327
9646 6947
8876 7591
8253 9838
5198 8431
5769 3786
9685 9909
6874 5926
6983 1911
2709 4923
2621 7680
8489 547
1166 6002
4995 9724
3514 9696
8527 7432
1674 5120
2405 9721
2597 1455
1421 5192
2204 8362
2040 7126
5517 3553
6317 7124
9926 7691
6945 2224
4907 6456
5078 1421
4541 5613
2464 7793
6484 9096
7844 1203
3081 3293
1311 1587
4184 6886
7633 2956
4941 3232
7817 3738
610 2863
7059 8244
5145 2096
8880 9644
8535 7312
121 5717
4533 9958
6095 8017
4496 8599
7860 9758
1655 8452
7210 3125
3202 3259
4644 5837
2421 9765
9519 9369
3051 1654
3319 4776
9707 6986
2638 6109
7343 4215
8527 7876
9839 2049
4423 8466
6169 4101
4172 8751
6322 3585
1648 155
3771 4866
6195 8631
4257 2875
3499 1724
7018 9394
9979 5766
7547 7307
2712 3691
9703 2065
5605 9707
3117 4333
871 1679
5086 754
498 6527
8723 5036
7136 5268
1364 4907
7383 6176
9000 2930
3961 1827
8759 7040
2657 8969
6980 9738
3214 7317
4083 1292
1771 3830
3210 8499
2668 8998
869 9796
9428 3856
2778 4430
7664 4446
8263 2944
3996 4947
8253 4883
1698 7749
9689 2133
2763 9092
9056 5421
9321 6568
7004 8495
4362 6694
2226 8803
269 4368
1076 9326
3856 3331
9482 8005
5384 9964
1982 4072
6161 4052
9912 4180
3605 9602
9169 238
4785 3248
4506 8347
7184 1768
766 4670
6792 2210
4680 2757
95 6458
7376 40
1380 4527
3750 8636
1157 5039
2636 2414
7010 5810
1133 2854
2565 6510
6231 809
6832 6531
5056 3511
1389 7546
6608 7472
2631 7498
2195 4142
7450 9961
4516 9623
9402 5876
3971 7459
5784 6304
3017 4017
9044 6161
5091 6184
2806 519
3613 4532
8433 8107
5769 9559
901 4312
883 5416
7092 6328
8658 9885
686 1183
3145 8949
687 8080
4217 2240
9992 9994
4916 40
2560 2926
4396 5344
8094 9535
9639 6148
7455 381
9733 3032
9600 2218
8214 873
3648 4286
7794 7238
6530 5263
6586 1004
685 3253
8531 1503
2504 4507
4296 837
2881 4756
1211 3218
797 4258
9821 1582
56 9495
88 4579
7275 7597
4404 1322
3952 2782
518 7269
6959 5508
4027 8771
4646 526
3992 3650
9839 7346
1855 227
7850 8603
2727 7787
8807 6728
254 7602
4195 5352
6890 303
5500 457
1913 705
2607 284
1056 4603
8044 1239
5745 7055
4762 3230
5249 7432
172 870
9194 4283
8665 1617
189 4513
1485 7336
5066 3638
458 5028
910 322
506 1262
2292 8823
6298 7107
309 9761
8928 6255
2707 3515
2571 756
5958 8857
1953 6643
3437 2428
7538 5828
7550 849
1509 5146
9724 4525
1604 2499
3429 2203
1568 7845
9598 59
5687 9896
1634 5076
3769 5528
9846 8097
5863 2930
3245 4756
6293 7146
9471 5992
3584 3252
7556 3943
1608 2219
3786 7387
9335 4254
1345 8940
8505 6221
6758 7847
2750 5982
3194 6713
5989 5835
5272 1247
2577 3852
4920 3909
3620 2361
7934 4924
8321 5683
9493 6883
742 7549
7163 6001
9591 9860
4726 8713
2301 9685
7470 4204
200 535
2978 9244
5740 2480
5925 3829
4761 9425
8270 4026
2711 3167
2046 2006
6318 9065
5916 3072
6404 400
4844 4649
6471 3613
2528 804
3811 6593
2157 2979
7465 5660
6542 4394
3991 9059
4504 5957
5180 8161
7714 76
5262 1361
2961 3813
1226 7296
5263 6429
4259 4678
9430 8608
3330 3814
8657 4791
6306 60
9726 4693
209 1872
1789 8201
3472 9149
7315 6356
1731 2162
1678 519
9108 9261
6591 3438
681 6449
751 6500
48 5324
7163 2098
8493 8956
8181 4367
4896 8474
1409 7679
237 5733
4986 3061
9787 9476
8058 8403
8864 6574
3128 8024
8036 8264
1936 682
849 687
5811 7720
11 1314
9328 5328
6994 8905
6239 1912
817 9491
7173 6259
216 6230
8963 9956
3926 1280
7010 1609
349 3526
2370 5777
9705 2910
7875 3659
5373 3459
663 6622
6148 9419
1279 2824
4116 6608
1865 2596
8408 5247
8514 7328
2219 14
3242 385
2398 1753
6552 2280
3798 9698
1115 8453
7485 3299
2453 7258
7918 5578
9916 5498
365 2266
618 6973
4321 901
8910 451
9840 215
2284 7370
8379 3065
280 2912
4477 2175
4888 7232
4708 449
6429 4022
6535 6745
1414 4472
4895 5667
4106 799
9736 2782
7684 1580
507 1422
6174 706
4596 5962
366 3245
3974 9201
6396 704
4115 5925
6419 4359
9030 9778
888 6455
8469 3348
1470 4711
6074 53
2549 2119
3257 601
69 9781
5109 2416
466 3434
1884 2934
9096 2187
6429 4792
5554 1000
8914 6736
2850 1818
4670 726
5511 6113
5429 2726
5018 6969
5631 9820
3758 3462
844 1182
969 7703
6217 4902
6642 5081
5633 51
5964 6896
8873 6989
142 7805
1612 7840
8935 2447
9689 4018
5170 8099
3346 4470
2424 4171
8161 5855
2795 8423
2012 3847
9375 3852
2127 7666
8307 7461
4190 5215
9989 4174
8604 7360
9557 4043
6777 2395
4644 2902
9790 301
4929 2335
5378 6393
49 2458
4331 1283
2672 9810
2898 2635
6556 7568
5798 9459
5621 4996
8467 6083
1181 6135
6894 374
3164 4202
1873 84
104 5091
1397 9272
9467 9134
6121 7869
9639 8093
6144 8872
8491 4112
7962 1487
2772 9857
4573 171
3419 3982
8955 5612
9892 1690
1450 9940
654 6691
4060 6183
4139 1386
3614 1794
1476 396
7423 8441
2615 2956
2506 9238
6594 3388
9153 5953
8559 9660
5675 2292
6304 7265
7414 633
2668 7413
9137 8308
7614 276
383 1363
238 2118
210 742
8001 847
9694 9982
4875 5942
2622 2755
3554 6648
8605 3440
8036 5907
5731 4396
58 266
5554 4921
7685 389
2643 4529
8042 6743
5343 7833
4378 3721
8093 5691
4526 6209
5884 7898
7193 8352
8669 1602
7782 6956
5983 6874
4826 2840
6914 836
9897 8780
923 9046
3916 9051
5979 8608
1686 3333
5758 6419
466 7324
6232 5418
6144 8560
8076 9184
9688 8324
2270 1150
2644 7458
3354 8923
4005 6503
8204 3366
4443 3487
871 5969
7319 1514
2601 1899
2105 6560
927 3952
5177 6478
3129 3931
4905 7667
8789 7344
4971 9497
8520 47
5512 2880
1642 9288
4870 6649
9645 8206
8868 7484
2954 9473
3403 1246
7143 7019
2202 1856
6678 547
8228 9988
50 8187
2029 8200
2598 1960
9912 7331
619 835
5552 7421
4796 2466
916 8082
3386 942
8293 4286
7584 6939
296 7883
3271 347
1564 2356
9963 1763
8556 4158
6941 3645
5415 8273
3269 1496
7659 6800
2906 7915
6297 8679
8732 6007
9845 5532
1648 2247
9465 9081
1122 8279
7130 632
996 6866
8623 433
16 2413
36 3588
7335 6051
6798 676
7551 192
4966 8938
3435 9288
9770 3472
4072 869
4435 8917
5096 6309
2296 3738
8188 3878
5242 4982
7387 2602
8723 3679
6226 3753
9813 1323
7623 2752
9328 8161
4248 6677
3304 8562
161 3564
775 7104
9446 5027
2688 7171
9212 3150
3561 8133
6152 5778
3546 7899
578 989
8857 6053
8846 5758
1721 8052
1893 8250
571 154
4454 2489
4885 8124
9673 8130
7075 6509
6016 5893
1342 3371
420 695
9181 5995
4749 7398
5861 8602
5803 7586
153 1193
9252 7622
865 9624
6821 6147
1893 8695
2874 7486
307 9337
9076 5409
2077 2751
3122 7297
1930 1322
3874 9055
5781 7885
6580 9111
2184 5655
2400 3574
3091 8830
2083 7559
4895 1154
1311 6842
5459 2921
2065 847
8039 2961
232 9914
8805 3313
8930 7218
104 6586
264 7339
5057 7840
7081 6086
4660 9336
8849 122
4477 7382
619 702
1565 2634
3908 7749
1544 9976
9458 9515
4455 869
4526 675
8502 3993
1136 4454
2100 5638
4503 3128
2160 5126
5062 5162
1552 1054
781 4180
1020 8914
7153 4243
8826 6519
381 1845
4218 5112
9961 9728
9364 2208
9948 4947
8594 9382
5007 2945
5267 7238
2703 7438
7851 2752
2483 6337
8614 528
9618 1148
1765 2779
9054 3118
2549 5071
648 2909
7474 4085
8509 6506
6471 8588
1632 8811
547 982
8459 7751
6801 4121
2190 3337
2623 2122
711 7599
4806 1101
1360 7414
8263 5188
4926 8533
4199 1299
6047 7295
4656 9574
3906 6839
707 7027
906 9525
8171 9640
6330 2618
6971 201
457 5701
6723 9598
5958 9709
5556 1495
2264 7086
2469 6895
1931 5667
7171 3727
8002 3016
1982 9259
5837 3825
8710 4951
3794 7189
9301 1848
8867 4637
6036 6951
6104 4239
4602 2044
6860 1782
736 4538
1981 4274
8503 867
5090 5041
4533 9563
890 5600
6357 7145
4448 7006
4587 5435
7399 4571
7627 5455
8611 1087
4074 2365
276 9944
5177 6554
4580 407
2992 8544
7563 7619
1388 1938
5215 4891
5345 7931
915 8032
9957 2873
3838 6191
41 8628
1068 252
5987 939
5461 1418
4560 6143
2389 304
5731 9106
7975 2051
78 9909
3322 9970
2461 6204
7351 2415
5116 1051
7044 9610
8358 8013
545 3616
6297 7080
7759 9058
9847 9914
4911 3913
9496 815
484 752
3078 7904
7757 1675
202 7648
1740 7692
3488 7698
8433 4071
472 2496
1293 6605
3266 544
419 9966
8096 6448
4892 1554
227 2948
3849 5450
2330 8395
6089 7221
9011 3938
3234 3995
5122 9914
1039 6793
4890 5033
370 2085
3423 4612
1312 4851
885 1177
9144 2047
4831 7535
8782 3550
1164 2107
1478 1492
4715 9865
8422 6267
8516 2599
2373 5107
3158 1479
2170 2023
8384 516
1513 3622
9794 6236
1567 9840
2893 433
1889 717
7177 2037
6951 2169
5524 8648
4692 8144
6461 5045
2281 4118
7809 9869
7926 9287
1277 5306
8886 3560
4417 5249
1874 1392
2973 5484
4563 4331
760 8410
9812 3271
3127 483
4106 1780
8375 1517
7028 3938
8865 8052
7417 8912
4292 2680
6260 4044
4231 2454
7886 2076
1067 8258
537 9084
2013 7209
5448 9061
6691 6133
8762 1377
8840 885
3154 76
4112 3616
1258 7965
9799 804
566 3649
9067 2745
5735 2727
2448 2287
3711 5056
7488 9459
138 2268
8008 2517
248 6977
1071 8094
6667 6900
535 2103
6123 3573
7103 5770
9396 9013
1929 6127
3533 451
1879 9508
3369 4735
50 167
1811 6470
3621 3
9763 8418
8921 3276
2473 3951
5515 8078
3080 9874
8550 9730
8037 7213
4099 4441
4535 687
901 6115
8958 2719
541 1881
2234 6266
3222 2777
312 1741
7087 1831
2352 7253
5410 1787
8872 9905
8953 637
395 9658
2879 7577
3769 6763
5207 4498
5858 9094
8312 5485
355 3640
364 5727
9083 4292
6018 2495
278 2490
3422 1266
6243 1275
6003 8970
3149 5839
7744 3039
5329 323
785 4884
6031 9531
5461 3269
219 6718
4687 1793
8113 1105
291 1349
5784 8772
2487 3666
34 7379
6467 5294
5645 9605
7238 5318
282 7175
9846 315
9747 9088
9679 7741
3936 4157
1665 6241
5187 8620
8632 3055
5027 7832
5281 3924
2309 1019
9857 2036
9097 6487
4629 9125
5160 503
8065 4012
4827 1263
9544 5598
639 8328
8500 9475
7770 3960
8759 8068
7868 465
5568 569
6219 1398
3009 8029
4002 8065
6400 1973
2382 7187
6531 5638
2376 9168
8863 3719
6492 7645
5128 9938
5143 4241
7721 8222
6883 9832
639 3783
4180 2964
2514 4263
4258 7000
7152 2266
6372 600
1803 2579
2563 4935
6104 2648
2714 7874
7512 77
9055 4756
6968 277
5992 1856
3327 565
7745 3774
7899 7541
3039 9462
4544 9792
9450 1060
4218 3855
2307 7195
3507 3127
852 9156
2177 4049
6959 2119
220 7760
4585 778
3183 7193
5501 8384
8054 1829
6513 9957
385 8944
5586 8152
3682 359
3889 8248
7691 4488
4045 226
5650 3115
4677 9781
7366 277
8127 9050
2313 3974
431 3182
807 6489
2997 2386
732 1321
3037 8968
2558 9025
6134 3461
1013 3840
7943 6106
322 1411
7785 5160
2801 4266
6636 5131
883 6395
5429 2009
2279 3893
2525 3748
4055 8551
8221 1524
8517 1617
9324 4322
5377 5799
4102 4438
9596 1561
3052 1263
6662 1694
3527 1402
6043 3267
6120 9879
322 8558
3236 7764
3713 1146
4194 1637
4050 8868
9384 5283
2995 8583
6665 8911
9599 7361
57 5741
175 5711
565 9838
2934 6373
7778 9572
2785 1703
4844 4838
7214 3052
7860 1602
4273 4585
4029 2473
1771 4422
9936 8970
1736 3366
7778 8440
9682 2994
9599 7958
5013 9672
8125 2168
6288 6135
1354 688
2568 6384
4772 9906
6052 9839
7679 9974
7829 860
6509 8586
5178 6630
3650 354
4981 1622
5867 1269
3031 1077
4957 9443
747 142
3038 2507
2958 7755
8943 8326
4942 3589
8379 3767
7367 7519
5619 7810
1819 1515
6305 2414
6144 884
5897 8598
3307 6591
1802 5805
5087 8661
8864 3711
8037 3277
3276 7657
9912 7148
1183 9103
5325 4536
6677 9416
965 7446
2659 2750
9989 6561
8259 5687
4452 2281
8946 774
3594 2435
4968 2760
1671 7103
2914 8676
135 2652
5328 9019
8917 1267
1267 6869
702 8660
6096 9333
9446 6981
702 2852
471 8852
3342 8770
5303 1307
2294 3258
4096 7173
2254 4943
3778 2791
4448 3020
8482 1586
7590 7807
1446 1963
6052 1600
8636 9995
8858 8190
5544 3602
2809 9052
4913 7135
7056 8230
9133 1059
3810 484
264 5008
8080 1519
5966 4360
4354 440
4064 3364
6313 6718
4413 3383
705 8510
7245 528
3732 4099
3986 5593
1253 2825
9968 5454
7063 1821
468 4039
557 5438
6373 7525
1855 7644
3094 8999
4964 9896
4470 3833
6595 4728
8245 2630
8961 3021
6251 8584
6685 5473
5051 4566
6606 9696
5962 6868
1066 5636
6665 2344
1274 6636
3584 4023
9858 3486
3939 7478
3512 8795
5244 54
6389 937
6655 8478
5143 7736
5840 8588
8104 490
8521 6798
5092 375
2611 1146
6570 4504
8199 8467
3597 4669
7741 6276
5309 5699
2031 1835
3311 4164
1350 3745
5666 979
8406 3554
2679 7897
8173 9918
8993 2032
1960 6525
5042 6351
2964 2837
5958 4243
2080 1618
906 337
5724 9081
6093 1057
6530 2024
7279 3051
8977 4204
2108 8432
5252 8434
1485 6089
6141 198
6930 9708
1323 1228
7443 3464
9805 3341
697 5383
8434 1974
9966 842
3253 4856
2715 4831
7406 3856
2623 4655
8280 6416
275 1517
6381 7963
1516 7961
4173 1398
8628 7409
3524 1148
7739 7974
8689 1107
3085 131
5609 2895
9947 3148
8140 1697
7095 159
8383 608
8417 2422
2523 9276
9746 2809
9567 9362
5353 8270
6963 4907
9894 5847
6299 8311
7444 1725
3307 4663
3089 8382
7834 2401
2904 9806
6307 3493
4852 7612
8159 7488
632 6136
3176 2529
8719 1718
424 1841
2397 8493
6352 9022
7407 1889
5627 5880
6787 7808
3160 9719
3796 5663
2039 817
1462 8011
7045 8655
5395 871
6209 9784
1001 8494
8194 6933
9508 8789
2914 2638
7066 7455
7279 7497
6039 4927
6000 5871
3182 5209
7979 6929
9921 1324
3412 2938
4114 3170
8851 573
6744 7492
9485 7762
758 9798
2930 4623
3856 255
3258 3511
6735 6194
8529 3384
6668 1683
813 4042
5945 4676
5240 8205
6615 758
8359 2366
9524 3692
984 9097
1838 3789
6737 3077
8826 8077
559 1669
4689 4560
2153 5096
7265 709
8238 1373
7000 4136
7543 589
8792 1322
8180 4013
8910 2144
9411 9396
4263 8069
5879 8613
23 8138
1860 6273
3164 6530
7643 8821
4510 5581
2834 8790
4918 1036
4850 293
9256 3469
1260 3626
7667 8557
8193 9313
9879 3715
2127 1145
4286 1545
6460 7585
1373 8267
7045 9717
814 9171
793 2806
8073 925
3674 7742
7674 4167
7548 2740
9057 5799
4279 5702
777 3949
1402 3578
8417 4561
3604 4289
681 6465
4417 3176
2781 8003
7501 3718
8555 6374
3802 6390
8090 1534
751 783
7450 9269
642 9416
7680 592
1026 7242
8716 2843
6396 7737
9592 9698
6154 3768
3330 2117
5660 6486
3152 719
123 9967
2116 3881
8347 6898
9110 4892
6658 5392
7973 595
8396 6552
5366 5650
6504 768
9158 1228
4317 1085
3686 2554
1281 2163
9284 2364
9500 8273
3020 4883
7578 1482
6367 8820
2658 4915
3145 3505
3073 7533
9974 9467
1287 6752
8128 4120
7183 3389
2059 2811
4420 8102
3192 6721
310 3341
5971 6019
9801 9884
2461 8476
4041 6718
4833 2433
1618 3045
1618 5884
3894 2206
5571 5009
5145 1653
93 8532
4279 348
7346 731
3024 1147
8590 2223
1950 7651
5060 3936
2711 8161
4979 9987
1157 2863
7819 9906
5732 8141
4830 5991
2455 4199
2266 9332
6449 8803
4051 788
9695 4150
6329 3427
7640 4578
9602 7338
5262 5071
9621 5632
8128 4558
5416 7692
923 8933
1911 3775
8634 1263
4801 8257
8988 5967
7895 8363
1910 757
7943 5
609 2557
9158 2585
8315 3814
486 9834
6910 711
1987 2787
6123 6290
5795 4739
4702 8413
2843 1287
2953 221
9153 8608
3832 3373
4325 7189
3332 8864
4121 1119
3192 6398
5347 8524
1240 4910
3638 1895
4796 5428
8262 7130
1462 9445
1281 1837
9770 9467
7534 2893
2488 5534
1647 1174
5202 1693
2755 2278
7418 6842
1352 8460
5737 8358
8581 7000
9593 519
4961 1516
1186 1787
7678 8186
2246 7544
7638 3014
23 3921
7161 2887
5986 2568
4057 6695
4098 7403
6870 6156
1619 4141
9268 7510
981 2951
7409 9977
8661 6513
1423 2526
6578 4006
6135 1066
6292 7207
2380 7527
1692 5333
6070 6116
5175 7129
6126 3732
2918 965
8266 4269
2334 6877
9960 2905
8678 162
5922 185
433 768
8447 5605
9027 9133
7088 8767
4286 3961
6905 8883
2253 1929
42 6280
9117 846
5804 7626
3759 116
2224 5849
1358 8705
1111 4867
1223 9861
5835 1237
178 1980
8683 8291
7025 9817
1911 8081
3095 9893
2004 7568
4029 8509
6712 3066
523 3354
6932 395
7980 3356
4434 7726
4430 2895
2484 1790
5885 4480
4011 3829
4184 1837
5620 62
6587 1514
874 3147
7583 2357
3016 1088
2246 5018
7492 5360
9826 8872
2110 3893
7503 2798
8329 671
9450 3067
1503 503
9805 6551
1091 6872
1972 4952
8447 6747
712 6443
970 6317
7216 1758
828 7474
5788 7266
7689 4029
4919 4134
8908 6738
8863 7621
2161 204
1075 4714
22 1262
7182 6774
4849 5364
9125 7444
2178 6549
8198 3263
7095 7319
3471 1993
2691 6689
4296 1660
8640 6186
4290 1585
7936 3805
6454 1654
1268 8491
7794 3126
8522 9825
766 7591
6356 4763
7810 8813
4881 5746
2867 2497
2069 6305
3093 6021
7183 8484
8463 3709
569 2514
9090 2777
2600 5354
1053 492
8932 2374
7222 3192
2189 7120
6054 7639
7585 4940
6461 9945
362 10
3036 8296
2148 1562
9323 2815
3164 7780
4539 5148
6325 2031
7617 1420
2895 1215
6563 2884
4053 6220
3075 7952
1002 373
8012 9153
4430 792
7521 298
5090 7731
8862 2257
2009 6636
8224 5594
7119 3198
4875 7031
5206 280
656 9683
9916 5403
9202 3359
1376 1043
474 8074
6190 4616
3409 3577
8311 9266
998 4994
128 6185
1199 6187
5648 5747
7205 2880
3271 7814
6470 6880
6944 1772
2576 3916
939 9798
958 5251
6392 6041
5546 2070
5549 1228
1255 7278
404 6334
8880 4601
6014 8613
760 9700
6592 9226
866 1366
4727 6739
587 8879
6777 6365
1913 5514
2 7644
8897 8586
8828 9324
1907 8376
4324 3171
4830 6296
2771 5237
3428 2897
6736 114
5258 3542
6650 3411
7034 4128
8598 8376
9735 4354
5494 1580
2102 4682
7974 3792
7617 8141
3627 7679
358 499
9525 5493
2024 3413
7361 2363
9555 1668
2732 576
9264 7229
8698 9679
8130 1357
8075 7965
170 8965
6412 9893
4676 5268
6776 854
9139 2636
5546 2003
25 7601
561 888
6527 6220
9239 1582
6557 2752
3941 4318
5958 5377
2153 8618
373 1466
3119 5500
3705 8873
44 9086
5560 7686
7399 7577
2642 9325
1635 7805
4284 4210
6718 4492
4995 6292
9234 7335
9907 7100
7079 1901
1775 8498
8440 6767
3254 8255
6892 7601
3347 499
5398 1009
2291 8292
5305 4993
7694 6057
8336 3974
8511 6257
617 1883
7851 5447
8374 8853
7830 6789
4322 455
6464 1584
7624 3319
9233 6915
8927 8329
9147 2614
2648 8407
2771 4602
4204 982
2701 3317
7916 8648
8197 3709
7685 7477
5474 2752
448 9355
5430 5216
647 3404
8139 4370
6634 5189
8347 434
8800 1116
8768 8402
3948 1656
2375 7317
8078 1901
1028 8238
8006 5547
7076 4540
7708 2587
4285 3107
8227 6474
1423 6443
4473 4086
6710 5155
926 3907
1710 6704
2560 199
9306 8016
4717 8017
6250 6530
6472 4242
1034 5551
6203 3357
88 868
2703 792
6005 7102
1957 6596
8354 6106
5777 7036
34 3619
8932 5507
1273 7223
3979 3695
7477 1722
6335 4442
3172 6224
3697 3629
8206 8560
1271 8716
3087 3504
2736 3721
9707 4660
3256 8645
3336 4868
2613 2300
7727 4608
5001 1811
1110 8819
2032 7084
8135 8343
3476 1416
2797 1875
3231 7322
9515 8633
5595 2633
1658 8841
8034 9880
5423 7877
2445 5552
8695 2744
5258 4293
8686 7588
9293 1384
7170 1906
437 9504
2889 9251
4689 2668
5596 3623
6013 3245
6338 677
5042 8508
8256 1460
5175 6402
2735 251
2705 3858
6628 2206
6344 6425
9133 6607
896 3955
1600 6972
9425 125
1792 458
9584 9119
7855 9030
1976 2639
8298 2220
8663 40
9324 7740
6839 6596
3792 8505
9932 8411
6041 912
9946 9659
4889 3099
8255 8502
8292 5395
2976 8301
2149 6242
1225 590
2124 2236
5699 2486
5945 2796
9705 1337
2460 6994
1798 1487
8947 4236
9918 7620
7028 256
8821 6278
5439 2039
6051 2156
4668 2349
4035 1518
4537 3057
8993 805
3179 1975
6715 5043
2726 3998
4007 4884
6988 9974
1755 9898
4347 9576
327 7739
9919 3048
9124 270
6583 1779
7980 6592
9830 6405
6253 9103
847 5586
773 1707
6260 7300
1382 7031
188 4067
6648 5686
4453 4005
7529 5974
2679 4162
7063 3101
8462 8163
5731 804
3207 7424
844 1853
6902 9467
2627 7761
5756 7459
8527 4965
2560 8741
1495 6694
1604 6684
2549 5719
551 2344
4649 414
1026 3509
8025 8069
803 9150
9573 3640
5720 5425
2708 419
8167 3650
4474 9560
8296 387
2556 4051
7406 6064
5653 1150
550 1249
3583 5902
6285 1438
4015 6441
285 4945
2294 6425
6623 8516
4956 5032
3740 7617
1201 3727
7287 9560
1228 3253
205 6253
1966 2020
4705 6399
1186 3645
2677 9813
2660 7173
1921 8873
1238 6588
2721 3230
3825 5795
7253 9733
48 9636
7952 6851
7216 9820
4048 1080
4865 4435
4995 859
225 8211
1108 4708
5401 6039
9311 3361
7101 5725
4033 1184
7014 1173
5954 5902
3660 1089
9564 8336
6338 2756
1773 2818
3223 4252
5418 2260
4903 796
4514 476
7009 6383
8302 2847
9945 7391
6951 9229
2657 7481
9865 5830
7097 744
28 5178
3964 1340
7591 1969
4950 6307
6081 8514
4430 7962
4086 8010
5457 8587
3498 9892
3389 9894
6316 9355
7421 2320
7495 1
6551 6510
1452 7898
1441 9432
4844 2575
8805 3516
7731 4957
7734 7541
1719 7690
3102 479
1534 6497
3411 8459
9848 5680
4656 636
5477 9914
5367 7278
7976 5005
9408 9898
1777 9239
8665 4111
1794 4249
4569 5493
1354 9931
6969 4263
4312 9257
6594 4987
7219 8471
9559 9470
7961 318
7022 7073
3155 2689
4084 9215
2786 3385
5752 9777
9109 2766
1408 3216
7588 5331
20 8646
888 7962
5357 2942
9673 9912
2435 7329
2560 4614
5026 7925
8114 3186
17 230
9999 6301
8924 5940
8928 2810
6608 6764
2480 1186
1589 3419
4462 5188
3849 5216
3335 4048
6507 4087
3426 2096
6581 5808
8281 7856
6869 8145
240 2481
5466 4880
8543 1654
3476 8909
2225 8605
2642 9591
2132 2189
6444 348
2553 4423
9208 4982
8855 301
7466 6265
6939 9867
5439 5759
2177 5999
3578 8930
8837 2174
6679 5310
6998 2270
5605 200
8769 493
6213 3819
3441 2735
230 9573
4863 5469
7205 5132
4645 595
4715 1440
3883 4017
8750 6003
8800 9062
5821 4557
9179 8787
503 5195
1812 6291
844 4634
6625 2919
3116 4517
4938 1036
5931 7727
3255 8571
7336 9296
5277 5027
9178 7589
3493 7887
5285 2144
9938 5126
9203 5912
6614 3564
4966 9003
3995 5047
9701 3976
9147 6230
5123 4002
824 2571
5300 7769
6639 4040
7424 9035
8865 6492
5581 9051
7379 7249
7988 4273
3144 4758
4920 2107
1695 6427
8739 5290
2925 6887
7079 4803
2772 8064
6111 5433
1394 8049
5043 4893
1231 4635
8416 5527
9017 6458
1712 1459
5137 3866
5511 6140
4082 2883
8056 8241
694 1672
6781 5836
9803 6893
6317 2788
8553 2797
6659 5728
6698 6206
4217 2621
3096 6820
8434 1596
2880 7275
9847 7411
2310 4584
9240 1334
9531 8227
28 4722
6484 4212
4750 2945
2804 5850
6974 6655
1499 3888
7891 51
5230 7848
3784 2498
7876 2699
1219 5745
9290 1991
3343 8089
5363 8795
7025 991
8217 6215
7904 5122
4883 9991
1859 2142
33 1297
4113 8652
1874 8238
1943 5803
2297 981
4002 5082
1563 32
2636 791
6983 2402
799 7306
8724 4155
4432 1865
9543 9750
2322 5770
3153 3496
9751 9449
4255 8891
2562 1806
8722 898
2953 5579
8576 975
4719 8922
3236 2145
507 4770
9978 5291
4549 9361
3274 3103
9206 7175
6577 6503
9634 111
9921 42
8137 6864
7066 4618
7357 3342
2122 9224
5636 6887
408 6574
7634 3675
643 8012
3836 7349
2656 5543
989 7302
6361 3774
6083 339
2576 139
6954 7223
2923 6123
3998 3188
9576 677
8146 7182
9599 9956
7351 1670
6948 8226
8310 1729
3865 6260
7878 8622
488 5683
4184 8522
4385 2050
1040 2855
2256 2438
9099 3933
8634 1882
7704 7111
4675 1729
8765 8787
5544 2835
6199 3852
5748 9455
7580 8493
4180 1239
365 54
815 7892
2551 2943
4982 3606
5684 4738
4968 6675
9603 3770
7513 6149
8990 9727
390 2187
6173 5263
2392 116
2108 8944
5132 8469
7951 7811
1465 552
2009 7623
8937 467
9253 8467
8009 4548
2732 9548
8692 4747
2343 7558
409 1608
6288 4851
1404 4813
2673 5877
5625 493
364 2660
528 8141
5782 1557
367 4648
2227 8552
5658 3246
8798 9733
1005 4340
5038 2036
5592 4316
345 278
313 6309
3407 6853
6855 4552
4380 7431
1066 831
1679 1051
5379 7698
400 2755
3051 1116
5489 5878
5451 4337
8800 1684
7582 931
3517 3414
245 6046
6071 7317
7846 7473
7856 1712
344 312
6530 8747
952 1122
7609 7046
4455 4732
5996 4031
310 93
5913 1607
3706 6217
4265 8352
4216 5600
705 545
7389 3633
2130 7252
7868 3105
7554 9361
214 2060
8302 7532
8494 3865
3942 1669
3768 9678
7121 546
8837 4799
4652 9375
5683 147
2487 2478
8395 5172
9737 1482
819 6172
1270 343
2326 8887
5215 7503
3160 6430
3624 1136
3332 3208
7967 3586
3275 9302
7511 9663
4128 7536
3404 6200
1668 4107
2824 3044
76 7979
7153 4102
1717 3626
5598 1373
9633 8831
3005 5967
2277 1238
2378 7490
7335 999
2672 5948
3730 3265
4439 9410
4752 1036
5855 5747
6603 3210
8579 2860
1920 1700
3855 4474
7117 9472
8503 875
5545 3508
108 1320
5834 9347
4075 130
6984 8990
5132 8352
8268 5733
3364 5086
7343 6912
9641 4999
1918 9726
6323 8012
4516 4527
8023 869
3908 4656
5518 2525
2101 1956
7609 2373
6586 9268
2388 7876
5463 3926
3038 1094
2207 12
8180 8788
3919 1087
7591 540
2535 5889
7214 7340
3182 3278
3060 8150
2314 8301
9989 2710
2991 3058
9894 3911
6333 2892
7352 32
6475 3950
9399 6308
8991 4819
5951 7211
5158 4162
2500 6943
3180 9851
374 4071
4882 4508
3827 4861
1273 7465
3036 4995
7154 3988
2150 4213
3253 4287
1749 6489
1854 3664
7777 6713
6409 2480
754 5509
6677 6982
9035 9527
3850 8333
2312 7614
9925 3000
8483 1303
2451 293
9597 2858
1387 8493
6948 973
5263 3344
9256 4876
7310 5300
6689 9111
552 2045
4398 3529
4690 1791
2111 5305
6632 4235
5926 3679
1393 3104
5757 8569
6453 6736
1365 2722
1356 3166
3834 6982
4465 5333
7445 7249
1277 2010
3100 7448
3888 9889
7917 5729
9353 4178
3158 3109
5048 5544
3126 6205
9059 8854
2520 7952
1858 271
4353 6787
4882 3634
60 5067
9072 9150
4112 9344
8514 7483
3429 8243
2382 8136
3444 2947
8088 2178
4544 8595
4439 7757
8857 4565
6676 1411
2667 1072
2939 6300
4180 8801
3824 90
1327 5596
5214 5113
6411 2962
8211 8437
5919 8525
2039 8417
2416 5609
2377 6622
4025 8831
8639 3482
1992 6010
9371 9968
8307 2945
9115 6739
6299 3349
7022 8545
9994 3132
5685 1186
524 7405
4231 3814
6896 2037
1487 2483
2886 7230
8233 2547
7006 317
4225 6432
4587 7525
4308 4704
8909 1487
3930 5881
2382 7440
9975 5163
2881 5138
6519 9107
2640 70
4177 955
2188 6093
355 4821
664 3148
9636 2741
4285 5004
7015 4065
1790 5349
3976 3056
4925 5200
5549 8209
9204 9958
812 5557
4077 831
7434 6510
1935 191
718 618
6251 7469
163 9314
2747 9434
3493 2284
8885 6806
5085 396
6566 3323
3251 1726
1813 142
768 6505
8939 6571
2861 4274
767 5217
22 9797
1798 6428
8879 2948
7774 2483
1898 5061
471 4912
9653 5036
753 8328
644 7975
4258 7684
1477 5696
4966 4752
1031 9201
