placement model: 1slider
width: 10
height: 10
number of points: 100
7777 2786
5932 6329
4724 1134
5616 6277
8657 9001
443 3176
1958 6521
1693 1043
676 8349
4227 74
7563 6291
71 9719
4661 3523
8057 5053
7360 6447
6959 1169
8440 1594
9556 837
2812 5829
7798 2501
9244 3856
4346 3101
8360 7224
5002 9533
6590 2469
9273 1067
9189 4778
2298 1776
941 8853
3180 7724
5496 9954
2164 3173
5020 4051
7425 5161
4258 3477
1207 638
6694 7858
2221 8355
4988 2469
1903 1643
2594 932
16 6313
9584 3655
8325 525
6725 5423
7229 2537
5013 2553
6231 6781
1445 5531
6355 6712
3793 8379
3147 5645
5951 2001
6577 2858
9793 6522
1288 7314
7927 6129
3136 8949
3982 8395
8650 6503
2768 1885
7930 9980
2901 7937
159 791
5769 298
9664 6995
8773 1383
5924 4564
2469 6087
5404 8620
1246 2076
8346 3473
7597 3438
6867 9970
5154 7719
7080 8415
1862 6231
7467 8736
7058 3949
9048 9690
199 5951
7333 3777
9699 2865
8185 9628
5651 1536
7602 5567
8040 1866
4950 2436
7784 6444
6663 9366
253 1883
9749 6293
5677 1249
9567 6091
2272 1488
6901 5013
349 3912
3311 1051
8858 2885
9655 2308
