placement model: 1slider
width: 10
height: 10
number of points: 5000
1000 1924
7959 7650
8555 3609
4549 335
6198 2524
5471 2128
8700 8441
8774 1438
5354 3855
3327 3019
5407 9954
3561 6385
6001 463
184 1665
9652 8304
5714 8261
5007 4850
1096 4009
888 7789
8101 4525
9353 1770
2595 8998
7316 7363
3221 7606
3122 5968
4388 9531
674 7579
512 9095
5074 8370
2461 3055
8402 6689
9312 7979
3496 8105
1976 5676
7111 1556
5085 8519
1409 2744
3061 2396
7155 4074
429 1771
67 9509
9498 5053
3706 631
9870 3873
892 2461
2439 6537
2186 9137
3183 2883
9589 8241
6924 7642
3022 6086
1914 4073
4225 6502
3511 7430
1569 1687
1937 4041
1706 9812
6506 1471
700 329
4000 7536
754 9723
9743 5222
5485 8781
439 3193
8304 1977
7179 5320
5103 1915
6250 4429
473 4322
471 6532
9899 5102
3805 2633
8048 4547
8806 9804
1360 3443
5526 1895
6563 479
9733 5636
3851 2456
9453 3707
5435 5480
6151 547
1602 1570
6200 7460
2194 785
128 6415
3185 36
7131 6878
5936 7876
3476 7782
1356 8602
1131 8373
6401 3980
2464 416
6860 8159
340 9459
1116 592
9307 5937
9091 9882
9514 9605
5987 7649
9929 3986
4720 2153
1846 5073
5334 7892
463 4449
5408 6286
4907 3710
5000 7374
9059 1787
8780 9616
1211 3600
4024 9362
7002 6893
724 8388
5601 9659
662 3812
8151 5003
5493 7967
7917 6146
3052 6817
3064 8833
3095 1490
9544 9634
5730 2440
2707 5708
7354 8308
1886 5997
6290 5303
5547 7804
9766 555
4862 865
9866 4423
9941 4158
4425 1793
1946 5588
4555 7701
5735 8484
4911 6889
2019 8824
5694 1146
6711 535
1245 62
3180 1510
9765 3489
6123 9893
2421 7408
1972 869
8137 5822
4093 8105
8192 5746
6000 5368
7471 4719
2058 1754
8736 6674
5369 3296
2228 4184
6139 9381
7564 7047
5533 4543
6835 5360
4055 3739
5827 9487
4995 5337
4848 4120
6936 8303
7468 8840
2574 454
2095 5606
3107 4252
3022 6099
9222 4826
5682 8880
8332 9486
564 9914
2796 1143
2334 4057
8823 8803
314 1861
5434 8372
4414 5520
310 6817
4091 5788
9287 1003
6777 147
1208 8215
5736 119
9890 6258
658 2913
5059 3392
8043 3515
3152 3325
3869 6250
7897 6585
5990 4845
8517 670
5391 532
8069 1633
1316 3054
9688 7374
3975 5804
8541 1590
6731 8142
432 1500
6631 4178
1828 6608
3460 1839
2702 3399
6105 7829
6190 7461
6209 2701
3242 505
4407 5446
6933 8208
2503 3064
9916 8987
5470 1505
1850 4948
16 979
1321 1613
2663 1898
3450 6626
9671 6875
774 79
5513 9449
7356 6911
7468 5779
1474 8075
3319 6651
6305 5883
8308 4886
4997 5308
9509 8114
4357 5208
4726 6478
4890 2291
6746 9046
323 505
8887 9151
4031 9808
1805 6390
7632 4365
4000 3390
4821 3410
9173 1117
9728 3936
9199 7869
2620 6616
1024 2710
725 8463
680 9285
2190 3460
8730 9732
3914 5166
9147 1771
6911 8834
1001 7041
6293 569
297 5490
1082 6041
2788 4651
8410 6364
2558 3562
2788 5093
7076 7231
2431 9985
5544 4883
3166 4314
4941 1707
3175 2400
6149 9525
2449 4701
7754 9502
8719 6551
7404 6726
5572 7197
6257 2421
8176 9234
6646 7010
5845 8817
7790 5498
5381 8565
9765 4952
1181 5053
5288 387
8814 2410
3402 1733
564 1902
3178 3077
6783 1806
3059 2467
6360 785
1441 9099
9756 5966
1436 5644
8279 2132
2750 5780
5446 6614
5822 6836
6865 2514
9567 3232
3544 5690
3489 9045
7296 8026
9975 9378
5252 7050
325 7323
2516 6448
3011 8829
6535 2636
1671 7071
4595 9697
6157 4943
1910 3913
727 8549
4053 4894
4718 5258
3514 176
7196 6450
7392 2545
556 3806
7009 4132
5110 1833
6788 8878
7473 3533
8535 3844
7353 257
2908 5261
1192 6843
6298 6133
927 8809
6791 9761
9550 8854
8562 4037
825 2562
5623 3956
6871 8951
7059 7900
8123 4550
8591 3727
9887 8792
7303 7901
1176 2533
9898 8650
8303 7217
4111 516
6197 5934
8130 9079
3287 8208
4945 4208
9358 3954
1576 9265
9968 2273
7155 3178
1749 2734
9537 7685
8895 9617
6096 2192
3771 6094
1451 5512
9694 6833
5902 1126
5672 6438
4748 9121
2537 9897
7170 4755
1232 3968
6734 7398
609 9526
8554 6126
4711 2295
8648 7413
1444 7073
8073 8550
1585 8116
6405 5264
1924 8341
3362 6019
3721 7201
2906 7015
4299 7452
5270 3595
1806 6491
2053 8663
6234 6768
7439 8164
9067 6829
4974 299
2390 9953
2374 3222
156 4171
7035 2275
5826 7511
3098 9254
8783 6779
8045 1446
5454 1805
5713 5811
4374 2885
4192 654
133 2981
907 5560
4215 2324
4710 2718
4481 9624
2975 9068
349 2414
4512 948
3251 4154
4997 8102
7142 1742
9268 4364
5807 7936
2787 2581
4642 771
3341 4578
4070 6410
1876 2875
7411 6546
1136 2880
8705 4319
5062 2421
9551 9255
6706 4698
159 1287
5099 9550
3924 8948
56 2253
7433 2428
1556 578
1397 8869
1351 7539
4920 3125
7617 1651
5994 4810
150 7036
4298 3067
2542 371
8644 2402
3706 1282
3844 8959
9783 6255
9842 3561
2545 8937
7604 2694
5025 1017
312 8604
5847 5308
9502 165
7517 6342
9766 4211
8804 675
5004 5369
2768 9858
4470 4353
479 2200
1836 1773
7917 7498
729 2965
6215 2291
5445 5476
3311 123
3775 7982
3912 4284
3627 9249
4644 2643
5159 1031
987 8597
43 744
9987 4371
8340 524
1169 5279
6930 943
6534 248
2296 2503
9931 6473
1186 1368
7111 6950
6864 987
3290 8990
2614 8996
415 1732
2025 2888
6457 9338
6175 88
8704 8850
4391 7253
8403 2729
9935 2657
470 3258
3047 1371
2339 8198
2996 2061
7956 1843
9856 1699
9861 2426
9006 1161
6623 863
9942 4550
128 580
7927 1252
2064 844
5618 711
4912 3699
579 1189
6521 1856
7768 1060
7403 9633
9282 3067
9417 1386
4999 7945
6743 6220
3148 62
4637 8365
6688 1110
2633 7851
9530 9880
7059 3051
4826 1298
4810 9417
7651 5382
3494 7282
4322 2273
9438 4257
5276 9419
3230 3751
317 8040
9663 7995
550 5106
2860 4712
7147 9629
2051 4101
4298 9017
2029 2568
6978 5717
9448 8249
7612 3313
2632 3380
3462 8019
4949 5751
8692 3239
4229 7124
2139 5057
2392 3896
2516 1345
1889 123
8041 1717
4593 4409
6883 7284
1829 1230
785 1382
2989 2144
9196 6200
6348 2826
146 5284
1910 962
7512 2139
3589 8369
6359 1653
8190 2746
9502 9111
5296 7986
1184 7624
52 4043
9075 1335
5098 541
957 1513
9998 9943
4033 7557
822 3659
9841 4053
9664 1668
2919 7643
6927 9324
5078 5263
311 1813
4159 4178
5955 3316
2126 8848
7069 4248
3820 2179
112 7634
9702 1104
8738 9158
2496 7983
4590 5748
3078 1088
5894 2415
7854 8077
6161 3650
2689 6471
4782 297
8653 988
6428 223
8718 7176
2067 4841
7920 4764
631 8228
7916 2303
927 4319
9996 895
4069 6751
5454 4654
3031 5456
656 9008
8825 5013
2076 4347
4487 2201
781 4680
136 6708
9049 3153
1399 4123
3595 1451
4218 3697
7132 7871
6205 6691
3275 8396
698 311
5912 1260
1956 8132
1627 5670
8693 5722
3270 4
7568 3424
9091 2041
6418 4010
6950 7026
5116 3512
5905 4020
4233 7649
8121 2012
4874 3720
6693 8702
835 7080
3938 1519
7224 3064
4419 9723
5287 5861
26 6257
1878 535
4219 935
1120 9087
7538 5772
2094 1961
7947 1487
884 4992
3863 5631
7604 123
5981 815
3987 2008
9611 9621
6763 752
2362 19
9667 8896
1498 5920
9558 7124
4940 5935
4540 9623
3469 5609
289 9322
5987 1044
4832 7979
7336 918
2427 5164
436 7964
5320 3143
5992 880
983 2167
4755 6138
2185 3049
9794 7388
6649 1970
7887 6687
4475 8983
4188 1353
4665 9298
4346 7167
8025 965
4147 6709
2422 9914
7756 3105
3858 5664
6458 864
1027 7255
9767 749
511 609
2174 2104
7179 4715
7574 3456
472 1204
3468 4021
858 6316
765 3833
3081 462
4682 603
1458 9658
81 7574
1684 5237
5887 6480
6504 5832
5072 3176
3438 2461
7426 6256
7874 7069
2550 1576
7007 2532
3412 3670
7522 6449
4864 1408
2341 6257
3047 997
4085 4896
57 9819
5751 5865
400 6899
9852 9792
8625 7899
3831 1789
9314 3779
1759 5747
4463 3276
3991 8450
9403 9662
5055 1955
1362 8631
9779 387
3761 9505
343 4366
3049 9158
3316 6381
9171 6145
2779 6944
370 6864
9286 9313
6900 1618
4891 9707
3198 5465
9740 9905
8759 1747
4575 7384
9192 7000
6651 5895
6630 6797
2365 5625
3051 8886
3593 6184
5184 9960
1514 845
3143 5359
9775 5854
419 1055
8122 7474
547 1267
6377 3650
8438 7036
4412 4463
5157 1671
7820 6163
8533 5090
134 1879
6389 9027
3981 2882
3080 4711
8334 523
2205 1302
6781 8056
2115 2322
5802 1032
5061 1199
7194 9899
9512 389
5923 2868
5082 8790
8461 6835
3926 3794
7474 4650
3032 3650
4931 8671
3128 370
1204 6057
9421 5860
6338 8139
158 7486
7920 5749
9867 7801
5243 608
8278 4429
5162 1515
8895 2465
2330 6719
8722 160
4148 3052
8607 3742
9815 412
6948 6884
1295 4206
7112 8692
8821 2504
885 1697
6317 4625
2896 3340
8597 4925
2691 1723
1701 1473
953 5503
4447 9540
3570 644
1638 7462
2949 5589
6155 5377
1301 8839
753 4895
2821 3164
7226 1519
9970 5465
42 728
2965 575
2688 4707
2190 1340
2961 3899
6129 1218
9624 7175
3569 3402
3348 8248
8431 8349
7426 3614
3905 161
1691 846
7151 3596
8055 4855
2384 246
1592 7813
3041 6281
8 5852
2766 600
1724 3126
1668 5363
7038 228
8422 9
967 5088
2704 5737
3204 8231
8591 5220
8693 6081
7961 178
9880 4830
4574 5545
699 3654
4852 1271
703 6603
9898 9180
6227 528
8195 8638
7396 4468
4916 3450
8537 8569
2599 9165
2365 8963
2970 1437
1834 7797
6251 6191
6272 6240
9305 9259
1165 1399
3770 2165
3955 5081
5257 3747
2450 9210
2185 9294
8712 5367
5211 4390
1789 8140
4928 8276
7264 1261
1867 7618
9802 4876
1787 9269
8796 3416
7270 2944
8026 3689
7200 7480
7636 2726
7474 4600
9886 4446
8105 8756
855 8
4916 4405
1424 5221
7516 614
7361 5377
3725 3457
10 9711
7542 263
7634 3318
6476 1169
768 6189
8975 7237
3183 74
7119 3980
5018 3522
2801 7707
1448 6046
8238 5543
8985 7430
227 8106
3411 5951
1554 7648
1744 2670
5414 1391
927 5000
9589 4571
4961 3779
1679 9118
689 502
5937 8004
2716 3464
9230 9931
5405 9628
9005 9043
9691 9907
8245 1640
9860 7269
9015 3285
2054 34
7319 5035
736 4995
9714 7757
5092 6639
6787 6037
1640 4889
8370 6130
1679 1280
141 2149
8545 30
4958 1277
4870 6031
8610 3503
9321 3292
3379 4380
1415 8985
1579 6024
4620 4716
6157 6144
594 5176
5083 3569
4280 8466
7828 1025
1735 1533
7883 9219
9067 8110
6848 6146
5019 1038
3351 5363
6398 4592
9486 6596
313 681
6419 7621
6024 1934
3842 445
5457 7147
2138 3168
6555 4209
971 9936
2309 5183
9209 1066
9325 1316
622 9660
2597 7384
8489 2882
3687 4746
329 7766
8519 7546
7159 6685
2751 5817
8849 8827
1400 2797
6007 5821
1927 8562
1677 2335
6677 3429
2811 5716
1092 4278
2434 719
3362 9622
6506 5341
318 3430
2045 3606
4792 2707
1302 6550
654 9355
141 9909
9364 3662
7153 7464
6837 5594
1513 2923
7717 6434
7887 2174
1118 6290
9779 8004
9799 8306
9765 5273
9302 1476
3932 4973
7603 7158
1025 5402
7354 8424
7611 7965
7316 306
5622 1026
6142 9387
3465 6767
972 1104
4579 2226
7947 4395
3261 8395
9359 2097
8587 6575
9906 5778
5313 2251
8065 7937
7170 9785
5762 4278
3651 9718
8185 5819
8745 5326
1412 3262
9399 1276
2697 468
2603 9775
6350 6708
205 9185
8077 680
7516 4265
4274 483
6233 7940
834 4568
4143 2046
3984 5431
6060 9235
2788 9083
6466 2012
1325 6891
9261 1985
5414 3070
1115 6807
4496 9094
4524 7053
4651 7598
4035 2542
6799 8129
431 7698
7838 8576
1120 3596
327 1718
6162 6496
5015 6210
1467 6345
3019 3744
9628 3155
3911 2817
4929 9593
6693 4513
1681 3182
6165 1440
3201 2722
115 8610
9534 2059
1491 1972
1921 5445
7226 7029
5770 7581
6485 303
7131 4078
2134 3069
4276 4850
6542 41
7685 8611
6887 9715
8364 8645
1535 5381
7217 728
7540 3898
2432 619
9905 7823
915 6026
4531 3861
6220 5836
9550 9589
931 6396
4986 3719
279 2794
9429 5331
8394 1606
9867 1520
39 834
927 2046
1787 1007
4403 6049
4270 2252
9834 3469
2291 6428
862 8431
8422 2303
8458 4169
7098 8012
6361 2948
7145 2066
136 7694
5106 5269
6382 3245
135 6512
9337 102
7312 8136
6919 4894
3549 9915
8554 3600
8689 7609
1259 3020
9403 8248
7737 889
488 128
4246 1164
7915 6462
4115 9699
5565 7715
9490 9214
5558 2500
4554 9948
1812 2397
2199 3124
2559 8905
3066 1624
1225 7090
2495 3452
3169 1759
9313 1243
3123 8723
3611 7198
67 5439
6837 6935
5955 427
8362 9318
1194 1397
7482 2863
5338 2718
3651 1384
1767 6261
8096 8759
3016 3014
5453 2743
6058 7428
8412 7967
9444 2022
7499 7785
2255 442
8039 3475
2593 6777
6737 3523
1764 129
9743 1201
1055 7396
8553 819
8685 5085
8051 5325
4311 3549
8520 1838
5203 7582
2595 3118
4456 7185
1471 2090
8585 512
7225 8696
5377 8884
7562 3449
7293 7973
1730 9993
4943 3706
6387 530
8057 7578
41 7435
2816 75
4127 7988
8410 1753
8329 2312
1845 6323
1943 5307
8334 1116
7055 4198
3888 4668
1886 8541
2523 2539
7637 463
995 5284
7390 2064
1762 5932
9125 2573
1575 7495
3395 6487
9876 3886
6880 9661
8184 6233
9212 5795
1184 2547
8481 5569
8600 6004
8807 3283
4379 2648
4535 9379
7475 3374
2346 852
2556 5526
5361 3156
3665 7337
4786 8118
7413 4777
6278 9677
8172 6253
1657 9798
7714 5602
4641 1483
6177 1832
340 6419
8143 4370
6216 3434
9002 9157
763 9144
83 9152
1156 1350
9477 267
7491 7948
8893 6399
1577 6948
3635 2333
8718 9829
3345 6095
4316 633
8307 3748
2125 3873
5832 8713
5438 7774
2603 4784
2861 116
187 1716
4662 8918
8699 8640
1452 7499
8017 9324
2910 2567
8508 1468
1241 139
6595 8654
6082 5860
7030 6118
6363 1409
1380 198
8342 4225
3567 410
1438 205
326 6875
7781 1435
7311 701
8862 4043
9928 5656
1547 7316
7099 5901
939 4853
9613 5058
1954 5485
3883 1318
5461 5948
4652 4106
374 464
1911 8103
3619 8728
3309 6483
7802 1699
7986 7396
8473 3640
7981 904
81 4806
129 3063
637 8703
444 6598
1248 4195
1451 9007
1653 72
5067 2176
7873 4606
4346 9222
6713 2523
9502 8629
9123 5990
202 2631
8082 7467
4441 9380
2735 8154
4825 4401
8022 4246
3524 8291
4801 4181
3307 1079
1813 7084
702 6471
4244 5912
7060 2838
4136 3793
6676 7824
8153 8909
3667 2973
1166 1620
7999 3933
3227 438
9608 4189
1307 1463
3022 1349
9921 2277
7329 9298
3176 526
7730 3055
5719 9248
1038 9104
5093 6700
7836 2557
5587 3891
6823 5222
8879 8338
9910 5847
8970 8502
3417 2342
8247 1926
7193 65
5737 1590
9279 6029
1894 9521
3100 5517
5203 1202
7302 9700
2896 9608
6721 3804
1586 7665
2501 9877
8315 5586
732 5635
8824 5996
7476 9889
9796 6950
3745 7918
1489 6428
950 5868
758 42
5519 8975
4777 5797
6661 5284
5817 5409
8987 9249
4649 999
1230 3609
8074 3823
6386 3946
3300 9612
4802 979
5438 159
9513 4302
3634 3263
2257 1290
7572 2489
4584 7903
7382 1824
5617 2226
5473 7912
5970 8456
9011 1254
4700 945
2481 5611
5013 1121
3877 5635
3029 6123
8373 5774
3673 3103
5732 1414
9103 8288
3439 3239
1064 7886
1381 6447
7679 5612
6808 4691
462 2272
6022 8435
468 9162
1684 4384
3918 7972
973 3658
6370 8703
1156 1106
476 3353
2541 1219
6142 1987
4015 8234
1951 5682
743 8060
967 5082
6153 6042
3330 9883
7439 4745
8679 8571
8057 1232
2950 3392
4767 6201
5759 4510
7070 3628
5047 4365
161 3860
5429 877
5229 6807
9606 6261
3958 6529
4573 6896
2068 9262
8894 4485
573 4246
4949 9431
3925 4708
3664 4777
3576 6949
2133 9135
4099 6969
6349 4275
9768 4288
1298 5480
1509 3125
7789 1902
8029 6072
5471 9864
2536 5818
6710 4806
1048 4347
7725 2538
8942 3492
5045 6859
1237 7875
9580 9546
6476 9203
7983 3865
5439 3581
8362 5290
478 4836
6715 4220
6998 6884
6901 8599
4014 8544
8574 4627
9679 5274
4028 7985
6499 8903
2434 3444
5302 5528
4117 9511
5188 3786
9114 3098
1615 3236
849 4403
6520 2713
598 8759
4237 85
4827 158
2897 9237
319 6004
5928 2604
2774 6461
3584 4452
9473 5612
5518 55
331 9745
656 8578
473 785
2458 9735
7183 1025
853 7328
1633 8021
5815 2995
9931 6982
4020 8355
116 2347
1908 2783
3480 1962
7749 8587
1596 1982
5693 9172
6748 7483
9477 1337
7213 9270
9637 9059
5037 253
5187 6782
3695 1290
9483 7144
5454 214
6128 3259
1795 9397
967 4430
5535 8929
9605 4559
1691 7874
9349 1496
9259 7248
7839 3271
4020 246
5927 1813
6829 1389
758 5821
6840 3054
7124 1645
8696 8173
9857 9891
7198 2211
6771 6188
4573 8317
5066 5553
5457 5337
4245 5111
426 4291
4908 2359
6638 7960
5582 6034
6714 7505
5312 400
6870 6060
3683 4082
4103 1199
231 9221
4042 635
8787 3116
1230 7643
5415 5171
1609 3196
2230 4684
9024 9610
7764 862
4781 4305
728 3235
4351 4845
5639 7968
9635 9148
4114 3751
5978 2338
5822 96
2068 7735
7208 8752
7711 3162
9908 2854
7275 4324
3165 791
8819 1104
1438 3168
7996 8847
9001 9698
7254 2597
4265 9967
901 7372
9209 448
6658 6402
641 5478
2798 5266
4655 4087
8325 3748
893 2505
3469 5170
3102 2078
6834 3921
3936 1059
1729 2553
1703 708
7258 2125
3833 3387
9959 3701
2850 897
7268 4133
9347 1695
6926 2521
5494 8351
9449 4592
1750 5076
4365 5522
3045 3570
5853 2056
7648 514
696 7947
3182 3116
7305 4393
5672 8126
6521 9831
6314 2045
5403 6017
6941 8708
1726 722
8292 1508
2589 8698
7551 4226
5600 2340
2728 416
9534 2349
956 1509
7018 7869
9739 7861
7780 5356
9594 7492
5548 7947
1808 5119
8246 5319
5968 3401
4945 2001
5309 3912
9339 7656
1923 813
6249 8546
4477 9812
377 8245
2835 1462
4759 4852
190 8745
1692 7262
1064 6843
7443 3243
2486 4761
1136 7120
9582 9931
2042 6356
3190 3347
282 7427
1807 7563
1896 1231
7598 4388
3206 7042
6855 1212
6892 7302
1270 6868
4063 4536
3161 2946
8104 7851
5706 1119
838 6153
3388 3336
8317 3676
3719 9686
1912 6815
1433 8460
6744 8875
2885 7276
5110 1483
1898 5606
6817 9301
6854 1912
2472 948
8510 7596
8 1470
457 5721
123 396
6809 1607
9447 1349
144 1531
7682 3509
3527 1045
5286 8028
8225 390
1436 3390
3837 7840
7090 1892
7354 9943
1404 4062
8380 1034
2145 9991
1842 759
2639 7477
9962 2568
8551 9682
6286 8470
159 9635
1978 1463
7355 5633
4212 161
9389 5868
2350 5668
4216 8173
2679 7849
9641 592
3974 3866
4027 9843
5877 777
337 9179
2186 2226
8209 7972
3859 7040
1586 4518
4836 1252
420 6745
2535 1992
4980 1121
7050 5975
699 4372
9228 9037
9763 8727
9222 1543
1472 9669
8238 3260
9534 2480
6050 131
8796 3291
7940 5530
6379 830
5751 3449
6794 4281
4877 909
973 5870
178 8457
1612 4788
8069 2516
6972 2222
4906 8454
1248 2911
905 8275
5574 4679
6954 8090
4515 7742
6453 9551
5611 8481
6009 4809
2849 5575
5855 9811
5356 2639
5152 2588
4729 5905
5786 5135
5231 5560
3681 8663
7473 652
2593 5037
9009 3481
4775 6935
6929 3534
6239 1334
4461 3356
4410 216
5916 2668
9036 7566
1658 7294
9366 6678
1578 3595
9237 1611
2810 7287
661 7186
8940 1239
7784 2533
1571 2714
8008 5281
2600 8106
7248 1786
6655 9646
5390 2206
9406 5430
2981 3411
8738 9023
2109 2678
8298 3986
5828 9213
6124 1887
2998 322
4893 9416
3388 277
5686 9253
4887 8673
9531 5412
1045 9655
2154 4255
563 4099
3721 9466
5436 9171
8745 5681
5473 403
8407 8623
2754 5452
4132 120
9483 3127
3752 8266
1935 9249
3008 9085
3707 9816
1643 3672
5120 9583
5396 4292
7758 7520
953 3807
944 1128
1363 3813
6517 671
7371 6325
4165 9966
4282 980
9885 9627
2241 5810
4911 1492
1644 9978
2247 5035
7684 3189
3600 8220
1138 2998
2654 2166
3889 9379
6078 1255
978 7572
5559 1176
4014 350
7394 5143
2974 842
9231 6723
198 5856
4963 6788
5980 9394
9715 2118
7630 4949
9264 3009
9066 9997
2257 1586
3610 5857
7900 2747
3536 9886
2237 145
1557 6604
9461 9404
7817 8588
6371 1827
7789 8013
4038 2115
2823 6410
4881 3241
549 8926
915 8190
3444 5584
5731 4054
2266 4741
8928 8201
7652 2056
3740 3133
6000 4935
4930 9286
5463 4277
2352 8251
2728 8106
304 3291
8362 3252
9487 6027
5437 9077
1637 5374
9126 2023
8488 6669
2198 4586
3107 6828
7379 9176
7834 5257
7557 4461
8214 3662
1085 1101
309 7911
7760 3118
8803 3501
6798 4933
6539 2484
6746 8862
451 8206
231 4607
8953 8358
2678 1848
202 8299
1154 1339
5823 3447
9914 1221
2746 8736
5797 6361
6742 2382
9212 9178
7966 3071
6592 8986
964 5570
9966 1209
2593 9001
7798 9985
8294 1941
9500 297
9367 1476
5785 7400
9636 6254
8998 7249
2290 7911
4392 270
4513 5229
1070 8704
6697 2757
4823 6122
8781 4069
5727 7684
3024 1267
9463 9936
3456 5922
59 8946
6414 6672
8805 9754
290 4600
8428 2813
5773 3620
7816 5792
4781 3095
6772 5893
5047 5521
6001 2694
6775 8368
5098 7048
3467 9793
9213 8642
2194 5161
3194 787
932 3311
9129 690
3087 4474
5502 109
4768 5884
8389 8724
8636 896
7329 8231
8336 6060
5142 3828
1077 5550
1343 3900
7814 2251
5987 4245
1957 5225
6688 3759
9501 1681
1732 3666
1582 2507
3347 9113
681 2542
3830 3702
6328 4582
634 9750
1537 6019
981 7447
2505 6291
6880 8540
4016 7200
9088 8398
9131 7565
1783 3786
8512 3639
366 980
8477 3415
5809 2570
823 9741
9690 7627
6601 145
9245 3376
1611 293
2457 8038
1903 4116
7863 1811
1177 6698
4259 3386
1956 7897
4341 7780
9875 2565
4634 7723
7693 8447
9867 2800
8105 9234
6580 9033
2217 1691
6926 5846
157 4256
3826 7855
8264 7026
5385 6826
9560 6133
3904 9531
9958 5716
1498 8062
7228 7623
8043 1831
663 4692
3524 5506
9484 9473
5455 6453
7978 3555
9936 2634
9600 2124
7602 8717
1683 8474
2682 3720
3102 6994
3504 7594
4265 4560
8789 7711
5288 7412
7928 7479
700 3390
4484 8926
2579 1386
3722 9621
4916 6136
9548 9114
1708 4365
9977 6507
6316 1596
7974 8734
2457 3804
7567 964
2241 7629
184 9748
2818 7668
2 5419
5855 1171
6375 5686
2355 5916
3415 4929
6284 9815
2255 8606
9743 2277
8561 1638
3864 815
9064 9641
7800 9286
2835 7437
8983 3225
3827 8985
4923 7326
1793 6263
563 9724
5218 5257
3245 9557
135 2905
5908 9819
8182 8911
9246 6405
2808 83
6344 9796
6527 3551
3453 2050
9296 3941
8978 596
3132 8869
7820 5987
9860 5678
6208 9356
5553 9972
6739 5671
458 8916
494 1301
9453 5736
4371 6563
4382 5805
3467 1804
2010 1536
8672 1018
3630 1029
5468 5786
8069 7076
5950 3415
7853 7598
1240 7903
3080 7583
9433 4903
7337 4310
204 1546
7950 4669
6660 2653
1640 3881
5597 3937
5071 6273
3171 6995
7278 2386
3861 6403
1022 4389
3754 7540
3858 8381
9186 9179
4117 4734
99 980
9901 4093
8828 7397
8104 4986
8309 6568
7563 366
2457 9503
8171 7748
5101 5995
6724 8115
8973 4074
9667 8568
9401 2651
2234 9880
523 9343
4498 5072
1182 5753
7816 394
252 4223
8830 1771
9089 670
8710 5016
701 2256
375 7885
1143 7445
7105 5763
7416 6582
3917 1086
1713 1763
9362 1512
9193 340
7782 5870
1082 7895
9494 5565
1771 3106
5368 4215
176 6090
6824 8411
1953 5717
3486 9704
6388 9731
7322 8254
1347 2286
8440 9384
976 2937
6664 3944
6280 1603
6855 5562
3447 852
2167 7205
3710 1053
3460 8959
2391 8650
5009 2250
5287 1201
5593 5146
8044 4917
4708 8013
8555 792
7045 5472
5010 7502
722 3090
4328 391
415 5371
5777 2012
5270 5761
1592 1892
4688 8285
6902 1145
7742 2448
2410 5437
3667 1633
6484 4126
5838 1038
931 8011
3078 6514
2537 7624
4882 2889
4770 7695
7360 6243
6780 8580
871 9988
9847 6737
5846 3346
476 7173
4505 4909
6989 6052
2084 8810
164 3422
5286 162
6548 5266
1535 9175
2972 2610
5724 2418
8238 472
4856 5305
7950 451
2403 4549
3492 6038
5150 701
7830 5115
3972 3868
153 8912
4869 7789
971 6136
2060 1081
162 7243
8639 1783
5511 5219
6749 9203
3262 3083
4909 5184
149 1936
587 1519
905 3203
8730 8458
3834 4834
8358 7767
7556 2838
3704 6319
4710 3334
2105 7082
5369 8396
4928 8381
4834 5869
8747 981
5585 5179
8578 2662
4161 9863
4089 3448
1941 9255
2759 1332
1634 7864
5832 8212
3437 3668
7297 6464
4766 5973
9757 4461
288 1867
6357 7193
5871 934
5817 3291
7046 1658
1824 1064
6841 7536
7851 3941
9017 1825
3246 6091
8588 2238
3513 6311
2438 7015
4546 8125
6642 8264
313 3945
3596 5785
3663 3227
6573 3898
1915 4970
6633 2977
4384 1579
9982 1492
8227 947
25 7490
5365 8881
7389 8962
451 8899
3150 862
4921 6193
8221 3775
4487 1847
8882 5001
8866 2717
2575 1091
9946 6743
3992 8010
9708 5751
9434 2688
6184 6489
8924 5860
1637 8015
8262 1435
5974 1749
8470 7556
19 667
1159 4418
4799 6402
1097 9787
7188 3165
4283 1614
1809 2712
5090 6053
7474 3589
4978 857
2207 1018
2991 5319
6391 7754
6829 7452
3231 342
4732 5264
3188 3534
2872 5930
5442 7635
3110 1984
2885 1042
988 371
3451 6946
5708 5198
847 5115
4020 8857
9030 1288
9279 6166
249 6422
3882 5069
943 6101
1616 3430
6927 9389
9271 4214
906 9020
4548 5023
1089 1628
4033 5129
1161 2879
4273 4652
1753 8842
9138 4515
2673 8796
7938 9049
2862 2548
109 3571
4602 599
5550 4651
2891 5882
8759 1873
2165 8179
8847 9814
7020 6681
2722 472
7586 3329
4797 7408
8432 873
7118 2935
9328 1611
2688 1484
1457 6842
9485 6457
1252 3578
7615 8327
7747 2386
2970 549
6677 9036
8421 6526
9386 3248
5053 4848
4181 85
338 9311
933 1426
3403 8236
2802 7292
5833 6726
6545 1663
2878 5025
3461 2882
9 8960
8031 4686
9321 7664
9809 5595
6999 8215
6647 1018
2488 3823
5172 7213
8871 1309
3982 9049
1559 4898
3778 826
1698 914
2476 2414
7487 5357
9654 3508
9129 2815
6740 4403
4433 7370
3631 9659
5181 5880
3607 2505
1988 2431
6941 7956
1068 4566
8939 4211
656 7997
2833 4624
7125 627
7211 3086
4113 5302
9065 2469
3595 3713
283 3800
5152 4732
1010 6656
2054 9098
1795 9558
3846 5865
2642 4748
6819 4821
4897 6074
4160 1861
1694 1988
1167 7185
7329 1024
6368 3895
8795 1939
3771 5789
3947 2550
8948 5004
8499 4965
8029 7074
8101 4462
8292 1059
2866 2991
1509 2737
7548 6840
6843 9323
1262 7043
809 4555
5838 9627
4429 1352
993 1797
6121 9223
9639 6921
9947 6780
7694 8168
2850 94
8637 9990
6628 1144
2112 4906
840 4960
3716 6454
1598 3361
7617 1214
2949 6035
2067 7185
4342 516
3918 7785
6062 848
7139 7616
2120 4871
7965 7469
6653 6272
1257 2933
1973 2152
4061 768
9511 6441
6969 98
483 8093
1034 6936
5022 1335
5717 5043
5036 2206
9521 3467
8357 2608
4995 2984
7886 5041
6215 9163
913 5806
3165 9340
7243 9200
7342 343
1593 6388
778 2393
1729 4473
2248 4377
9355 8507
4646 48
5271 2102
8843 1822
2127 2662
9053 6234
7550 2231
6475 5804
2100 6917
5149 7753
3766 9742
7948 1514
6959 6856
5511 8550
9772 2696
8417 7444
6375 8583
9645 6467
5027 9262
1429 2626
4721 8194
7204 4039
4919 1968
1757 2841
7636 724
6993 5953
6734 2463
1019 9070
3901 2047
7910 8588
2762 263
564 8499
3005 5581
114 7713
8589 6988
6773 357
3560 2723
4468 8881
4122 3411
4774 8956
4962 3189
9962 4898
6022 9387
5431 1807
6085 9395
7698 7594
8248 8162
573 8239
1658 4640
5522 3087
6153 3391
7394 7439
1758 6844
8980 170
602 2286
7286 8917
1243 5683
3193 1165
7420 5545
7526 3601
657 4728
1620 6044
8904 4091
4374 3229
9542 2294
723 3296
3186 8454
1629 9666
9075 4602
2796 6908
9930 9286
1391 2961
8293 3506
2096 4770
7208 7889
52 8888
2397 8279
5081 9519
9421 9985
3824 1730
605 7360
7813 6723
2014 6150
8425 1680
7082 7078
8958 279
6455 6973
4859 6073
9899 1406
4771 7212
3140 869
589 9768
9018 7787
6068 1572
8998 1227
519 6407
7754 7274
2272 8859
2167 7248
5651 2046
3653 1423
7290 2387
6906 4787
5244 9435
5654 4244
8217 8348
1888 4364
4421 3557
1130 5804
4562 1604
1285 1122
4620 2030
3393 1626
3106 8822
3261 8397
7627 589
6209 7554
2653 15
9488 9861
7512 5844
7071 688
6493 8437
260 9220
6716 1455
2917 9212
5784 1535
2869 9583
5076 2098
7786 7245
9418 1565
8101 4985
3751 5000
1135 6831
218 2770
2981 6990
1425 863
5798 7253
5304 1884
5272 2455
5059 1545
8228 442
549 2507
1818 4085
3645 6084
1554 9194
8218 7369
5815 1667
5454 5976
3615 6592
8684 4208
5480 5175
396 6371
5659 5155
9966 4718
1808 3899
4714 1409
812 1318
4891 9007
7205 4646
8226 1498
8971 8396
2222 1467
6049 4189
1823 8204
1631 8629
727 6579
3955 5560
9215 7063
5678 2979
3309 6573
7405 5911
4082 5215
7502 712
2430 2106
1450 338
7015 6570
9424 5060
2181 6541
2572 5916
9490 1202
198 4056
3947 562
2172 9251
5710 6211
5609 7783
3836 5853
6184 6518
6659 4498
3048 8639
2042 3247
7825 3150
4175 649
8894 5253
6752 580
7148 5844
7356 3707
6142 620
7585 1579
276 7676
1430 1859
2399 6764
7119 5982
1192 7532
5838 6844
7928 911
6180 8360
3047 2604
4199 9739
7048 3670
6105 7937
4002 3617
6768 1935
78 3084
658 9477
5627 1255
3035 5793
7905 3071
4246 9250
3805 6564
5882 6169
6996 9549
8939 4236
2387 2779
5410 2133
9502 6860
3199 2251
5258 4034
5897 8051
5818 1992
5345 5370
1636 5504
6358 5266
589 7065
3563 8215
9997 139
7782 3631
2319 2286
7505 6276
581 9232
4807 5335
1441 5872
4457 5357
4621 3004
2441 8908
5998 9856
4626 4230
7133 6048
4640 1365
9485 5280
6793 6449
7653 3610
5723 1124
1358 5585
9091 8068
9190 9269
1075 19
6339 3993
7788 859
3914 6126
8210 17
7929 4519
8678 3617
2204 3229
3800 8973
6819 1228
263 3461
2937 4320
302 8662
1368 8247
5251 7296
9369 261
7635 2847
1585 5913
5852 8295
8211 6396
3623 3454
9390 2784
7723 7903
3659 7376
2351 6928
5543 4077
8986 4869
9589 5742
6351 871
1935 4981
1860 7009
2159 8604
793 8719
7239 6649
3848 3817
418 5278
29 7077
8355 5950
3826 6977
6556 6036
3493 8187
7761 6829
7645 2612
2743 7178
7869 3710
204 414
389 9419
3716 2794
7386 8607
9507 5001
9662 1306
8688 2906
2178 4942
1093 9203
9999 8352
4371 5745
4743 2693
8779 394
6745 1231
2888 807
973 103
7711 7825
640 8582
8298 8737
5077 7525
8352 765
8636 3151
1845 1415
3376 8954
1210 7571
4607 4809
1329 8013
8650 523
960 8985
31 8030
5664 5799
4613 4084
878 2637
1385 364
9593 2087
8367 2514
669 6159
1547 7747
5156 5893
196 428
1542 2650
3505 4833
2842 6690
2656 393
3572 2282
2600 3926
1291 7286
491 8282
6924 6369
3866 6077
565 564
3419 4306
7766 6276
3296 3360
3137 9647
6618 164
9911 4683
7817 1938
8558 9822
6698 3075
779 9169
2853 8175
8528 847
6522 7895
3463 1426
8339 5442
7053 6021
3170 3327
6032 5088
9874 7475
9542 4159
1998 5034
6291 6425
2339 6737
5964 1409
4168 2669
9631 5990
8524 8525
5014 868
2063 8023
9144 2984
5129 7718
7244 9021
8883 7143
3278 3145
3793 4377
4812 6025
2184 5617
2352 7142
7092 6300
6958 2146
2706 7584
5311 6229
3212 9920
2278 4695
9244 6320
5796 6710
8996 4576
3086 930
4536 2692
4088 203
4230 4299
2298 8063
3906 2309
2284 6589
9204 9177
4388 194
4633 2780
8498 2637
6410 6827
2841 4488
1087 2583
2825 795
1353 4781
467 8159
6555 2252
8984 7120
981 349
2964 7214
1497 2484
5442 3346
6256 8654
3295 8514
3994 2978
6808 7946
3953 6027
8990 6543
2342 8910
7322 3194
2922 2669
8580 9279
8029 7441
6778 6813
9984 6434
2847 4999
6692 8298
7770 7599
6713 8707
9641 3359
2357 2629
9687 3660
3388 7745
6623 5601
4012 5386
9592 6335
8074 4579
7975 4098
4556 4083
1718 3826
1839 5973
5151 7407
880 8585
6945 4006
9388 2630
2614 1923
5479 6948
8607 5782
69 7921
2552 9291
5025 3209
9292 7117
2623 542
3905 3787
2998 8152
1568 2461
1350 9216
3863 2738
2231 4100
5349 9621
2981 4220
406 8499
3492 2389
3517 1947
579 3649
9282 7386
8788 5757
529 1673
2407 4421
9713 1733
8473 6623
3259 6019
7098 8190
3568 337
4872 9619
8782 2754
697 2075
9777 5168
237 6508
8332 251
874 6842
3162 497
4220 2583
3657 2761
1485 63
4438 7643
2654 4597
9081 8307
8195 3184
534 8888
4359 2943
9517 6199
6325 9721
2253 9418
4201 757
6219 6555
3673 855
3521 7932
5359 7966
9291 7705
6695 4322
608 3798
3962 3631
5460 6273
5581 502
2677 8677
9468 7696
238 529
3824 4878
8411 4633
4227 3172
9418 6616
3829 4657
532 3284
1928 1209
4683 5873
7988 5140
5690 3079
5231 3905
7229 5388
5591 4932
7552 6513
4232 2210
7383 8840
7526 2038
6724 8674
3793 5657
9908 3029
8860 8903
3446 5934
4985 1115
421 7881
8638 5850
4261 2481
6750 2233
5244 3780
4826 1205
9927 5391
8640 2539
711 9659
9941 6422
1027 7504
9316 5800
7363 1583
4967 2707
312 589
651 5205
557 3316
871 1068
2578 1414
9772 6585
3953 8745
825 8215
2642 5786
5895 2130
9107 1045
465 3107
3735 9704
1408 5490
3536 3175
2234 6495
3111 1268
7197 8769
3319 3839
9766 9655
2759 671
933 1784
4729 890
7383 2124
4945 6369
7710 2051
2378 101
5226 8418
5025 6894
5755 6295
1315 7839
6038 5675
4600 5513
4830 9693
4148 7379
647 9790
9596 4565
1561 744
9427 3844
7641 1860
9426 4978
5237 7266
4676 6015
9646 2571
8002 2875
9143 8921
2192 4959
4180 1604
4846 82
374 2485
4790 4255
2625 3024
9597 3896
9616 4079
9235 6274
354 4406
4239 758
8264 131
9789 3416
6121 4188
4905 4359
9212 3514
5784 9747
3344 1492
4676 8794
6614 9086
6242 429
3284 9145
9478 1262
7635 1868
138 5057
3790 6334
9065 4437
4914 1437
8093 5873
1358 9946
1966 6870
8485 1644
9263 5493
4986 982
80 1682
2536 9968
2524 8282
6582 3946
6748 732
8611 7882
4547 7718
1962 9941
9364 9645
3883 9868
593 9719
1335 6961
1218 553
5737 2243
1128 9100
8672 7800
4720 4522
9671 1681
4920 9947
1492 3400
1843 3815
1975 3728
6982 829
2445 5446
1807 2949
7981 176
9444 1184
9232 8433
667 2116
4426 6580
8489 6199
4165 6889
6213 3601
3191 4870
2958 2783
3722 9199
2329 4625
4537 2797
8311 6193
7516 1201
7266 4978
4030 9692
7289 2434
3644 7686
9326 4794
3039 7837
8313 6913
9104 5440
8398 3527
2911 526
1635 5915
6371 489
2205 952
8974 3063
8406 266
813 1030
9806 4219
4563 3365
9220 2347
4052 830
9191 2346
4173 3330
6078 6083
909 4586
2319 3428
2453 9695
2466 5015
8350 6888
3677 463
4140 5235
2505 6539
8386 9914
4136 9649
6027 2362
936 1552
3739 638
10000 9396
5128 7437
1788 8974
6481 6601
6812 8168
5394 9277
761 3594
6330 5141
5176 8692
975 5429
2495 9425
5538 8712
520 4736
3822 4098
5516 1963
1415 4319
3811 1836
7043 6552
129 4442
963 7022
1485 509
4401 3345
4088 6850
9381 7764
4332 1213
5826 7931
5239 6899
7121 7987
6132 7817
6123 1537
6264 590
9991 7617
1989 2596
2722 9510
5659 1598
4449 2725
8688 1970
3239 9404
602 9562
6267 2157
1521 6292
3084 7176
1208 1604
5394 9263
4283 6042
33 7866
4342 6898
8986 1524
6639 1714
2771 7990
2307 2972
3335 3708
7166 6702
7842 4138
2948 5440
8818 8591
7040 8008
4872 6447
5744 1734
4566 3964
896 7384
7264 4681
2029 6429
230 9679
596 3388
9710 8231
834 3295
7593 1128
9277 3346
1308 7205
735 4409
5258 740
6331 542
5793 8282
1723 1554
6451 9023
8401 3620
9829 7476
1934 8844
5597 7642
7913 1436
5730 6523
9834 8670
3655 1075
8439 4611
9769 9052
2820 9971
782 7361
304 4311
7000 4575
5483 2211
1211 8781
2636 7740
1864 6696
668 5521
624 9382
587 5809
3557 5678
1128 205
7636 5483
1584 4811
4316 4807
7994 1400
822 2193
7498 2225
8990 5398
5284 5679
2637 3716
4716 4867
6401 9788
667 7879
8730 2404
9024 3996
6295 3068
1425 2073
9393 2221
7734 9730
8443 6963
1147 2552
7644 7784
4336 618
6017 5661
4901 3686
8197 6792
6962 17
6931 2517
8352 6401
9563 682
149 4658
6424 1636
4259 9555
3964 387
8523 5173
3857 3049
3655 1290
5501 5105
1389 1789
1405 9635
9467 1677
5209 5783
6348 3073
4636 9978
3583 2766
8712 3838
8541 2564
5373 1085
9275 812
3053 2926
668 361
4511 6512
5655 4482
4355 3194
534 8588
4981 627
6940 1781
2507 2136
4333 7837
5016 2764
3644 5634
1515 3694
2979 1696
5107 452
5174 2783
5790 6939
2747 9922
3208 8160
660 1048
2116 4823
8061 5468
1554 4767
6405 414
5315 8639
8228 8247
89 3252
4718 1055
4684 4754
6897 8241
7168 8302
3706 9455
1481 67
9745 8304
2453 973
9387 3435
2687 809
69 9391
3540 2421
7049 1749
5887 717
9552 7384
9328 5176
3971 8177
1672 9462
6682 7063
9428 8257
8414 2054
346 3940
1381 5835
5509 9241
1746 7203
4633 223
7106 3588
2639 5212
1818 3056
8562 1445
3 1867
6316 8690
3575 1905
4205 5619
6243 6592
8254 4442
534 4770
5086 646
4999 4245
3226 679
912 7883
8981 5023
2162 8313
6930 3184
3266 7055
4628 6176
4823 8513
3168 3070
4869 9291
6901 3051
5634 3240
6658 6620
9959 7117
8055 9518
5873 4574
4420 5589
1808 7419
9871 5397
5458 5806
3353 8325
5528 5543
9273 5082
8066 1257
8477 2364
3951 1913
6171 9816
1026 577
1674 8675
5737 3766
8344 3069
5910 4435
6529 385
8755 7720
6466 5826
3142 2327
5463 1947
1428 5341
7170 5536
7564 500
872 4313
6148 7348
614 368
6553 611
9953 7873
3687 5049
7825 2240
6290 8701
3166 7481
4205 1356
8301 6372
3265 5325
3678 7378
8593 4630
727 7362
4468 5309
816 4352
6631 2713
9395 9755
2170 2301
863 3086
3120 2479
8979 1934
1453 3571
3219 5462
7717 8171
1875 4849
5555 4791
9581 5478
6968 9939
6716 5646
6467 4361
381 5703
1029 4345
5747 4614
5605 4922
2720 4918
6375 5944
5823 548
7010 6117
4821 5402
3165 3800
5882 9179
3169 6356
5683 3482
6266 9406
9397 3149
3677 8148
948 5591
8683 449
4760 3869
1191 1150
8237 8258
819 9765
4449 2781
4881 5019
1110 7154
3922 6909
4758 4021
1386 7603
6897 7729
4558 3174
2009 7940
5139 5004
81 4289
6662 6923
2436 187
4678 3117
8028 6733
4001 217
8018 3056
7965 7437
2850 4233
6850 2080
9031 7517
356 9299
5877 2275
5055 62
6611 3943
2907 287
7752 9169
2364 729
9299 9856
3112 2458
2508 1553
7698 9654
1150 5333
2529 8628
6023 1446
1423 3797
9319 8216
394 5111
9100 925
3730 5284
2153 8922
3369 637
9969 453
7527 2421
1709 5894
6975 3474
2703 6713
8522 5880
4716 4250
8283 2113
6391 9762
5442 3587
1616 6849
1814 1223
9404 2751
4242 2412
2358 3531
3984 4631
2621 7804
6773 3343
5957 663
9315 2354
6081 2098
8002 4623
4282 3042
9153 3778
5617 2584
6467 9308
8809 1149
8904 7686
610 4825
5532 884
6848 4145
4451 9991
3134 5516
2103 6655
4417 1389
3277 8387
7784 4879
1961 1598
6834 6995
7969 5784
6885 9252
3287 3760
8351 1249
9467 7102
8736 2968
407 5407
9040 9217
4441 8701
6722 9274
1693 8244
5189 9952
2593 1214
3660 8168
990 6957
4052 7835
3846 1897
4269 3080
5939 6755
4184 1104
3162 7039
2442 8517
2900 6648
8913 9576
949 1781
2950 9189
5337 2980
4546 4003
8859 3496
4273 8880
2556 578
2060 5753
7135 8754
9014 3611
9340 1338
3580 4146
5501 5503
1410 4793
5244 8119
4637 1852
2587 5241
700 3383
4202 719
5837 840
7014 4547
5782 9910
4022 249
542 2756
6016 5535
7824 1635
3310 1283
3459 4536
6722 2782
8982 5242
1699 4659
4831 3025
2497 8554
1370 8590
9942 6921
2053 9279
7442 6667
3181 6204
5429 8496
2779 505
6263 9656
9123 4274
6832 7285
6052 5044
7841 1063
1062 6506
4802 3582
8887 8168
4184 3577
5943 3181
7149 3878
2963 8818
4190 4277
3651 5741
350 4587
4553 4864
6741 4354
7840 4352
8719 5933
2087 8429
5228 1734
670 5846
1643 8549
2563 1776
1637 1271
9376 4098
411 2814
514 959
2825 1039
7081 796
6499 5543
8444 8958
4145 5895
8118 7357
5455 9842
6312 2357
9252 225
3752 291
7720 1519
4424 1387
604 8186
170 5816
1493 6853
2903 4238
9286 1161
968 1254
3357 4723
9260 7932
6203 9342
7787 8896
6423 1864
5167 8307
29 9150
7857 5089
6298 8796
9034 5053
2788 9187
1476 3086
2478 5000
1236 972
7614 7647
5797 9687
5761 1891
876 6290
9882 455
8445 4752
3448 6554
6820 5842
270 6958
7105 4003
2865 3000
1026 684
7235 3061
627 3954
6235 1429
4054 9167
6566 9135
9576 6481
6081 8302
4365 4277
7676 2820
4413 8719
2990 3948
9202 1828
8280 9212
4806 3841
7205 1652
9050 9908
3929 885
1915 5303
1824 4851
7416 6258
3892 4936
6584 3670
2702 200
2940 6968
2435 9297
1401 7113
3873 700
347 3964
8533 2511
6121 1111
3760 9952
7922 2205
9559 7101
4457 4660
8488 4155
1127 8702
8611 5276
6343 1662
3465 5294
9390 4664
8736 6482
4329 3747
4182 5926
5135 5880
6945 971
4554 3050
7842 5417
4726 8166
3581 6807
1630 5676
1011 6505
1904 1237
6152 5949
4395 8868
4757 9798
360 2017
1123 5357
9463 2074
8537 3755
2665 6595
416 8973
8529 6096
3548 2480
5278 5779
8852 5778
4439 977
1035 7397
6071 7278
3546 8098
9233 7351
5967 6116
9590 3287
2160 5567
2776 8476
4249 3767
3564 7204
6462 683
7756 162
2480 7296
1255 5399
5662 8233
2611 6253
7366 7564
2264 5439
3494 3452
2177 6629
8487 7749
4728 154
3937 2805
4042 5116
2728 339
236 4988
2870 1925
4244 7442
6553 6598
9072 4631
184 5508
5251 7707
2697 90
7374 7023
7768 4644
5217 5074
7056 2130
1157 1901
7493 8844
5795 8757
4741 1483
5530 5080
753 6718
955 943
8148 4643
8428 7426
551 3273
7561 3435
2733 7103
6704 7312
4893 1457
7519 3377
6555 3416
8373 4910
1897 609
1357 2433
7016 1621
1328 7127
8924 2580
1158 4181
7654 106
9620 9777
2458 7445
8591 3393
8230 2037
9706 9567
421 4878
2265 6945
4957 261
6331 7622
5207 2775
5159 3427
8994 2647
1380 8626
1586 9048
9239 3103
1646 9475
7160 6800
3543 1830
9330 8245
7409 3373
1745 6719
387 5667
8600 6525
6659 5900
8626 7425
9764 1600
932 6151
7852 4517
2130 8088
6094 5384
7988 9749
8016 936
7028 6590
415 7647
5866 6261
9344 6703
5393 2640
3983 3202
6770 9704
6486 5863
7518 1040
5577 5311
3879 7214
872 8830
9862 677
6413 2404
722 8171
1195 6754
3458 3968
6232 5235
7340 2800
7554 6110
3456 4858
1991 9592
1718 326
1484 8866
5379 3303
4543 8780
3204 1371
6770 7513
745 9960
9393 2289
4779 2685
667 912
2122 266
8743 3511
9035 8725
1349 2886
84 5274
8928 2316
6118 8070
3074 3405
640 316
7668 8527
3834 9427
9262 7045
3898 8194
656 2589
2361 110
3309 8905
9815 5172
8020 1365
4379 5591
9482 3601
8954 258
4556 2244
8316 8870
2743 8666
8800 789
8926 6439
5131 5075
6724 1653
6583 9214
6134 2353
1441 7196
8121 4010
589 7924
8636 3261
8675 5001
7054 8252
2039 5937
5340 5468
4375 6603
6343 4263
3436 7835
524 212
4113 2845
8799 3184
4612 6921
6729 1941
7646 4832
8998 6972
9223 8154
5629 7387
6297 5613
3085 2143
6845 698
9971 309
8578 356
6715 7888
2825 3722
5189 1341
617 8798
3798 6435
7275 1454
1023 3808
2198 9054
8902 5719
5732 1370
2374 9643
5201 5612
8510 8302
8631 9887
8620 7109
5572 4036
1980 6710
5113 5323
1177 1413
8401 5241
4022 8142
7704 3716
6222 1058
9999 5076
3060 6872
8743 6121
3273 7213
4643 9428
327 3487
6502 5020
8425 4072
4311 8826
7358 7373
187 6307
4647 7818
7645 8121
9380 6884
8048 6021
9916 4827
787 2355
7346 4541
7626 5680
6243 9391
4219 6106
7892 7899
5086 2355
5218 2770
5766 2368
7759 4503
6236 6860
8956 8203
2563 3690
2981 8451
6136 4169
7189 6758
4490 7935
4088 3070
8201 8252
9610 4593
5449 7055
9457 6274
8985 5318
168 8971
811 2304
4738 7337
7305 9049
8621 2678
9312 3975
5744 8074
6057 1434
5470 4541
4538 9736
1886 4698
2080 120
8230 3766
7345 8253
5901 1766
8918 869
8161 2484
4629 6747
9503 4533
9910 3703
5120 421
7350 3330
4993 3808
6728 3307
6039 4563
2022 64
1534 6268
7748 4706
6318 157
9160 1085
3188 8429
3877 9655
7380 7896
3854 3737
1511 8009
4086 6252
3786 9808
5967 7504
657 7280
6853 4700
1847 3830
2373 5268
3077 1184
8486 3445
7949 8654
5495 1952
1570 8339
4111 1745
6976 4785
8200 3905
7998 4630
7455 8354
1832 8646
9651 9686
946 9535
5674 8327
9538 8832
9628 7666
447 4870
1073 3952
9908 2701
3670 108
1660 5734
6902 3024
5239 7840
3235 7831
7749 374
6196 9287
6654 7325
1267 9120
2865 398
5458 2060
449 8166
1933 3331
1599 8244
3273 5855
671 1421
6758 552
3983 1332
1700 5451
5171 5691
2709 6561
5564 7284
5873 1912
2186 6725
82 3796
9707 1934
1567 5013
8934 1606
1412 1178
9849 5979
1093 8167
7724 1904
6046 513
6492 949
4763 1035
9545 6767
2957 4537
2969 8017
6996 7464
8520 4387
7662 3319
2210 7009
4186 8600
9458 6310
7850 5540
636 6599
340 7813
7681 9174
2222 5264
6356 4121
7679 7308
1320 7623
3195 8955
8433 1246
7882 3348
1022 5392
8062 4793
755 7976
7770 1405
7794 2407
6919 4370
2246 467
7510 5592
7065 3477
6270 2572
60 5384
3391 3479
9447 8400
6467 6327
7233 3820
4960 7602
1766 4421
5296 3184
4180 9689
8951 200
7482 8792
7051 9698
1778 2298
4184 3771
4581 4550
4446 1959
4589 9
91 9087
9619 17
590 5327
9835 6392
8902 6759
397 3373
8811 4226
9392 2771
2306 1273
7863 9215
3885 6546
9026 5454
8553 326
6263 5725
1146 9063
3844 8472
6794 4799
419 3909
9815 2841
2540 5662
6111 4905
9909 2327
7170 8559
4758 935
3905 8754
8997 8990
74 1448
5289 9961
1903 2447
2559 1159
7953 3445
877 6084
2602 9037
7536 3778
364 3810
6445 448
5340 7526
9411 4613
6570 3441
2770 7211
5977 9053
4611 6268
4669 8668
6357 2151
7904 1712
1219 9005
4770 3740
7451 8569
1079 9914
6355 1776
469 6529
7778 2952
2627 6
9071 970
8806 4642
2126 7348
1670 3228
7959 6237
2314 6376
4241 4194
4383 1262
9190 889
4448 7053
173 1838
2044 3751
6430 6888
1110 8835
1560 8191
9946 5415
7330 4757
3169 2664
2853 8734
9207 7042
7667 3002
5873 4313
6113 6409
198 4609
335 6532
3143 5200
6070 8330
3956 8913
4970 8675
2239 8216
9265 8597
9405 2776
5080 5894
3457 2414
3194 3789
4491 2279
7855 2436
9037 8987
7010 2009
9724 7805
2595 1333
6090 7131
2376 5742
121 9952
9246 7744
1051 9174
6997 7047
6049 7261
3369 986
5915 6598
6226 1122
6801 1294
558 5283
2217 8176
7962 8011
4283 8844
1252 3177
1879 5829
985 2243
5600 8477
5790 4717
8081 3539
5134 2608
7653 2947
8878 2030
4300 1364
5207 7771
8388 5483
4188 8036
4835 2786
2894 6843
435 508
1448 1243
1854 7737
9674 1413
5303 2053
4657 2588
476 9184
8925 5161
8261 696
141 604
35 2058
3838 5269
8432 8988
4003 328
3237 3350
102 5504
1397 4388
8877 7464
3258 8685
3569 3624
6801 4578
587 3096
9248 2299
3671 3267
9867 6631
245 1730
7328 7360
8149 6779
6026 7830
3692 9563
626 7969
3368 9919
8404 654
1449 862
6558 4470
9138 8682
2346 3703
1729 4052
5507 5207
1902 7548
1040 2826
1891 5234
3838 3359
6657 3078
4670 5110
6030 9045
49 6149
959 3647
3504 5958
8598 3319
1361 4373
9460 8880
3130 5511
6520 9671
6161 2678
1670 4893
2822 6359
9311 1205
4688 7435
2962 4329
1439 9575
8484 286
1794 2875
324 1610
1884 7947
2909 158
4180 3035
6923 2410
3450 8769
680 9796
9981 673
8424 6104
1837 2885
1916 3385
1262 9262
1830 8638
7825 3378
3834 7902
3870 8606
9528 9734
4348 3916
9895 1886
7060 7169
3343 2557
2267 6051
5484 4449
8768 2858
9968 4820
1461 5212
1500 9654
6558 6961
3829 8928
7802 7755
3520 528
1757 1972
4020 891
7231 6830
828 8597
3046 1903
5486 5557
6915 6451
7215 8877
2567 854
4845 7972
7830 9569
8304 9549
4842 8805
9494 6289
5195 9770
1411 5305
9858 5648
9263 546
7552 1615
3931 7153
415 6107
6240 4966
8213 5559
5037 6387
3511 2428
2232 2778
3566 3422
8693 3428
2235 6211
551 7497
4457 8000
724 8681
186 9709
3310 9054
8275 2910
2845 1260
1206 4263
7943 165
8155 7840
294 6650
2150 261
7986 5730
7874 5388
9023 4489
3919 5567
3922 5664
3826 4023
766 151
1619 5256
5064 8046
9490 7472
1872 2396
2348 1747
4033 8364
2226 1547
2820 5432
6120 705
3597 4007
6983 6466
2477 3572
2039 2219
4795 199
9023 8932
6274 7742
3283 7447
5913 9405
4769 3029
2219 2287
4132 8287
1812 338
7279 3659
6499 7374
3730 725
298 6265
72 9497
2564 6882
4675 355
5451 641
1566 1037
7467 2695
900 9492
7652 4035
7986 6412
8246 8474
4257 806
4486 5680
3979 814
3603 5061
5906 3201
7966 2943
2224 1133
4745 7045
1550 957
3527 8680
2691 4685
5683 1894
7557 849
7013 1707
8738 3280
3929 6959
7602 329
5190 4001
6411 3971
3310 1002
6769 973
5987 459
3319 8250
7759 3590
3798 1702
7883 8534
1641 2205
8665 9092
1348 8543
4722 4518
9916 7123
9530 3676
7602 7225
9020 8126
9067 1990
6556 3561
7103 1814
9876 9725
2707 8015
2761 3735
6639 5849
8819 3608
2964 2023
3637 7010
8631 2690
756 3652
3355 4756
8726 5376
8137 7285
5491 9264
3055 2107
4536 6959
4962 2150
1765 3926
9526 3031
6595 1176
3266 5738
2660 6021
6543 8033
8456 1803
5754 8829
4070 4968
918 9224
3768 5942
5074 7122
7484 3280
3838 5426
8917 2067
6259 5258
8230 4503
6495 1228
8032 1162
5758 4442
8761 1284
5490 6956
4901 202
1005 1643
5317 4815
6028 6794
3588 5378
8047 7662
2836 4388
7371 9074
9189 5532
4595 9601
5088 4834
4732 7811
9856 7182
6275 2857
4506 947
7801 827
5677 6660
9811 4697
2550 1666
6975 7181
3778 5558
6075 5621
8943 2591
5358 7621
6370 1722
3894 1586
9694 8691
7300 3216
3338 8357
7262 5193
9077 8535
3652 7436
7869 666
2898 9036
9017 7207
4330 5271
1332 564
2755 6123
5756 3433
9415 789
5110 2247
2150 2136
9345 8719
8890 4202
2700 5318
6832 3910
5489 3144
5016 1940
5130 4039
8757 9773
7482 3461
320 1687
661 8222
7489 5771
2613 5763
6645 7645
6619 854
5624 4354
5464 8885
5110 3546
11 4057
1325 4626
3312 7678
5689 9307
3169 4783
4979 5136
5830 3636
6635 7968
2391 3073
9172 2292
3932 4487
4118 4403
1583 7735
4716 787
2515 3898
9695 2614
9403 8098
1451 9759
7747 9174
680 2052
8085 480
8610 1845
7761 9385
3896 9672
933 5421
4783 5401
9562 90
6990 9129
1584 2290
2558 8291
507 8398
8329 2294
6065 7937
8641 9436
6815 2537
4921 3387
1195 1428
2466 8290
5047 3598
4769 7841
5009 1290
229 7939
152 6357
9531 9980
8255 1161
7290 7715
6528 2843
7382 9935
3179 53
6857 5085
7672 4053
5270 661
1819 6112
5540 5971
3182 1811
6040 2633
6252 4657
13 6698
378 8148
8839 6584
5193 4268
1753 4537
1453 5886
8564 8740
6686 4759
7666 898
8598 5685
5279 8054
257 774
1180 3658
6928 5784
6676 4279
1466 3274
2352 4890
6713 5690
7423 1732
4096 7697
7242 3067
2115 2945
7993 7675
412 8760
2651 5745
3944 6539
5997 6499
4441 4355
243 9740
1594 9782
2502 2016
378 3265
653 6699
2726 6280
6122 9131
377 6236
1782 7645
3964 8316
8708 1079
1479 5492
933 3260
3742 3616
9264 8329
7305 9138
7788 9605
6383 291
3667 609
7401 1284
9117 5331
3018 302
9917 4657
6261 7675
3091 2169
5503 6821
7604 4991
2815 2654
8888 3771
5578 3799
7217 1508
8728 2150
8304 6580
9387 4977
8037 7294
2486 4924
4625 7110
5130 5985
9283 4276
6735 9900
2900 2745
3715 3505
2785 5519
3454 2129
9829 1161
2342 7734
8745 9857
8422 1760
9347 2022
8382 118
8935 2990
3800 5328
1396 6692
7829 2314
5437 923
7808 1669
1312 1616
3283 364
8507 4194
1103 5208
3343 5507
8736 3593
3326 9842
9290 3848
7075 2242
1730 7669
2386 8
6234 3797
2770 379
2148 3272
1954 7308
8888 7124
5311 386
5562 6396
5294 6668
2084 8236
1178 918
7231 3191
5586 3589
2621 8801
68 4096
4307 7000
5282 3581
1508 6979
7410 9193
4537 5033
6971 1769
2759 4893
2477 5646
3752 2646
6249 2061
8485 4642
3956 9456
5621 3149
5578 8943
2050 9820
2229 7040
9765 2763
4260 1390
2053 3189
777 9551
201 9721
3907 5772
537 2995
8173 2062
3610 3509
3966 542
9484 6606
2355 9235
1241 6237
1195 5415
2567 48
3227 3763
9040 2830
8920 2073
4126 2355
6663 2218
7193 8202
3324 8266
4853 8878
7469 1822
116 6863
9313 3004
3270 1862
6046 2959
3243 1961
246 979
4039 2084
4779 3885
9999 5223
7927 3807
6329 9528
9521 3020
4416 4344
706 9531
86 2140
1648 4835
6991 2648
3987 1029
135 9603
3984 9704
9242 8819
3135 5120
3788 8710
2284 3883
2697 8962
3165 9924
3519 7173
6096 9258
2528 2870
4660 2506
2975 8198
7491 827
9295 1526
5999 4710
7305 9084
8362 871
907 1475
5019 6743
2664 6569
1649 9829
1147 245
4989 1956
8145 3376
37 397
8516 9919
7740 4452
4291 6314
3282 2062
6599 8211
6590 1015
6848 6892
9062 5309
2212 8971
6855 4090
2988 3765
7853 3818
1907 2079
5927 2689
34 3665
4392 9560
3110 4026
1739 1750
7154 3397
6698 5149
392 6763
8443 669
4275 6045
1316 2838
9373 7307
4165 5290
1653 4004
3015 3547
4947 8813
1151 114
5461 176
5066 810
2903 2941
3008 4394
2980 9645
6114 2831
3848 9448
9965 7774
369 2914
1093 6311
3159 4390
696 9227
7195 6854
3526 1026
8468 4045
6509 9368
2722 6891
3765 8886
5580 3839
801 1408
6244 5306
6431 5614
5947 6693
5572 3048
8826 2635
3868 1948
4357 1357
3019 5306
437 8444
2896 9230
5312 9034
310 2814
1692 291
1979 4339
3416 9400
1328 7333
3109 5968
3734 8446
3645 4001
5688 148
7408 8252
4547 5937
2058 2473
3440 4329
7932 9035
9605 1380
216 7819
9269 3404
8011 1787
3155 1991
2648 6905
2013 2026
4283 2318
981 3452
396 9216
2039 9284
183 9861
2704 8134
3858 1894
8626 5952
2270 3491
3514 8041
2774 666
5943 3108
7278 5526
3028 8988
7962 3766
3350 7295
7039 2523
3772 2069
3062 1918
2836 7425
7962 375
8063 268
3230 1269
6653 1340
5439 326
7980 4025
6704 8277
8662 7653
7321 7720
9888 5845
12 3380
654 7903
7512 7280
8181 122
9582 3335
3699 475
8170 4056
7873 7800
6581 9757
5862 8853
8632 3741
9647 7955
2686 8045
1860 2927
780 5228
4892 4178
776 4686
6534 6105
7816 1740
8366 5384
4518 3957
7249 7746
2926 3334
3346 233
7178 2335
3057 1172
1424 1243
9079 7758
9963 5757
7950 5499
1441 6977
2407 9416
1793 8708
9556 1272
981 9831
2511 9102
9680 3699
273 7285
1655 4243
1089 8004
30 8721
9342 3795
1773 7120
2334 9493
9273 6861
3528 1517
1941 7663
4812 9141
6446 1168
4685 5873
2650 6042
4508 94
2476 273
8727 9199
5440 6771
291 5101
8546 8253
5251 8853
8387 2924
7460 5192
6270 2206
3467 6878
2959 5569
