placement model: 1slider
width: 10
height: 10
number of points: 3000
597 1675
6307 3156
8449 4965
4038 8265
6459 5457
404 1025
6339 5192
9212 1709
597 1000
3146 4607
4862 4142
2777 4539
8003 3921
208 8668
6082 5467
3993 4651
2098 6869
3772 4207
4748 7698
330 260
8720 1313
6509 4294
4667 2582
6936 4507
7796 25
1021 8369
9513 3632
9341 8610
853 9705
3156 5913
6016 7617
2626 4225
597 3633
3916 5055
9971 615
5622 4747
3455 6736
5722 9229
9190 6608
3034 9624
8854 3030
549 3259
5746 4749
3996 2674
5195 2770
8669 6242
463 1015
3961 7095
5535 581
8095 8934
8819 3827
6327 4201
9544 3180
5468 2294
2388 4256
6693 502
2302 6551
9245 8768
741 4694
143 5703
9700 5672
935 399
4870 3080
3160 3461
8130 263
7957 882
6128 3376
296 180
3691 7096
689 5853
9028 4491
1870 4692
5835 2547
4548 4560
2036 7493
2653 6190
9324 2101
5792 4909
4247 7502
4209 5788
2598 9314
9331 5539
8438 7163
2748 7960
6883 173
3938 551
6961 7437
1677 2032
4325 1754
3098 2994
9940 3688
5586 5440
8085 4741
2556 5241
2783 6106
6950 6985
8103 6170
6320 4556
8335 686
6739 3322
607 271
7425 3222
3246 5990
8820 7168
493 8130
5664 1658
9731 8276
4059 4600
5280 8945
3017 2195
4804 9735
3244 1640
1006 4204
3518 7635
4709 5809
4991 2311
3256 1333
2342 123
6645 6391
3674 877
5357 1464
4184 7805
2620 5765
248 2166
921 966
4425 4896
7546 187
1064 1666
8248 359
8567 9528
5562 167
4845 6181
2779 7242
3366 9043
3603 8332
317 8318
4983 2277
2501 4021
4149 5862
8528 2498
3840 6649
1990 9950
8897 5998
998 659
4079 5641
1493 5782
6218 936
7655 1456
3035 7567
4377 2070
6430 254
917 8935
3280 8882
3888 8265
4695 7795
4233 8442
8314 2981
8115 7683
162 2931
3491 9707
6546 1913
6878 92
9433 8684
1800 576
1493 2994
157 4606
3485 2073
9229 1683
5051 9382
9074 3743
3958 6272
1477 7133
671 5738
680 590
884 5246
9988 4951
264 966
6532 8618
8994 2218
5303 5513
9015 7344
5516 5874
810 6547
6964 420
2106 7731
7895 6377
9584 4955
5904 8709
2032 9207
7374 413
1585 1719
7329 7514
5140 5124
8710 9159
6032 4062
350 3973
5568 123
5481 5777
3387 839
2351 6779
1265 8303
8718 9049
1658 4484
5296 8602
4776 1648
5768 899
4163 6840
312 4467
7197 7216
8192 6363
6595 863
8739 2018
2144 181
2712 7783
9995 5349
8836 4232
4629 1592
2951 3554
3044 4905
7358 5676
4301 8706
7900 1338
342 945
6830 3406
639 9846
7798 9369
9104 2725
9977 265
4016 2499
9792 622
4502 8485
8264 47
7218 5781
9256 2888
8404 8007
285 1293
4819 106
2320 8819
1183 5855
5201 6439
9818 5764
2493 3620
6129 340
2611 3088
9686 3048
1816 9257
958 8565
4283 6339
2889 5778
9555 5824
4116 3953
3902 1086
9088 300
6037 3455
4705 6903
2660 2298
1138 2324
2452 9350
9882 5688
9096 3980
8284 5165
4399 8263
7424 1559
9442 4104
9678 9272
7925 8804
5074 6604
4703 8123
8408 6526
8561 4409
1699 1905
540 6230
2666 2071
8505 1325
2605 9255
9965 7122
4864 4899
3789 7099
5016 2029
3615 3998
3599 1085
4279 5091
748 6723
8131 1147
3684 6232
2257 4925
9195 6525
1833 3313
7281 8406
6547 2601
1375 2315
9674 8338
9862 1686
2094 2953
2098 3045
7892 1038
9551 2091
8147 6068
5621 1308
801 9022
6376 5827
7939 7540
4727 4839
5655 9805
1142 1353
8262 2916
7666 3809
8369 5451
8218 5726
2857 3887
3705 8655
8095 8144
931 3438
6662 2084
3095 2027
4452 3967
3523 1080
8682 3379
4008 6544
2219 9345
9384 8948
8385 5534
3812 3339
3017 145
3603 2551
4720 4388
3643 2392
4644 7042
2021 284
2057 6977
6701 8231
8400 1036
7990 6482
5824 7911
4127 6464
1850 9010
8419 4866
5886 4603
6702 4197
5451 1116
1008 1769
5655 2345
5783 9460
1948 2477
1211 791
6217 9231
3877 3640
5764 970
4356 5949
1118 1887
9551 1059
3180 9409
3641 621
635 8523
2928 1232
5364 8148
492 925
8046 4938
133 3658
9218 7355
5524 8047
721 7327
1297 1367
4842 9487
8102 2987
7122 7336
6498 1146
7639 4056
8543 4563
6358 9724
573 2968
2822 2864
4103 1288
9475 2204
3305 254
4436 1565
4587 2488
5605 6702
5418 2032
2629 982
9205 8335
4359 6863
7680 5035
7319 8678
9140 8285
8061 7401
2411 3168
2847 6825
2740 7980
8762 2200
5258 8277
927 1576
2882 4415
6588 7448
4182 1464
6797 3333
4691 6046
1448 8065
8837 7006
4737 2119
7133 9372
4517 8048
3161 4479
9840 9303
5535 2400
4006 2816
5854 7691
4181 1086
5187 2793
2902 1283
6017 5186
8 4038
5124 4286
2264 8891
9692 2477
4460 9419
8030 818
2039 5726
4524 4173
9684 6788
1434 6799
6850 8173
1083 5379
7656 8879
778 7767
6537 1123
2851 9451
8803 806
6458 1917
8609 7458
4976 2272
6367 3518
3148 6183
8547 8904
2677 3854
9274 5361
3682 5804
6039 7256
4485 2569
6920 9909
1955 9108
9939 4573
6307 9139
2779 4592
5496 6281
4488 8873
1842 1996
1142 6089
2780 840
8327 7552
914 3913
3390 2443
8598 5990
8526 878
6460 89
6028 4068
8115 2950
8538 2062
343 8294
8191 9953
6221 5571
4788 5453
9249 4889
5798 8923
4146 3186
2329 9494
8457 3266
5120 6538
1081 4975
7203 7626
1620 4815
8727 8730
6950 1813
4920 9766
2855 3386
3659 1988
212 536
6574 283
8268 2182
2449 9606
4047 2291
8892 3102
1454 1745
4428 20
5267 1829
832 489
2969 7193
5186 439
1025 8316
6121 7009
692 2732
5620 5464
7451 7668
8093 2943
6388 1549
9751 7325
4251 6427
4063 7826
4885 2475
1491 1577
4773 8612
6682 1488
8067 6730
1303 6978
205 6935
1959 1056
1191 3237
2902 8714
7968 5158
4149 7037
4130 6724
4051 3095
6122 4418
1066 4374
6527 5587
236 854
9399 3411
4065 5642
7712 9849
1681 9817
2263 9089
8262 5708
6176 7964
9838 500
3875 2620
9881 7049
6940 2360
17 693
1913 4761
9465 1061
2732 5023
2359 331
9251 2594
8463 747
2933 3287
7174 6610
3895 9557
4202 2276
3477 5832
6717 2067
5127 425
8758 5142
2791 7949
3019 7801
1356 7267
8871 3663
2956 2124
5875 180
8379 1751
8664 49
1660 2063
3058 7490
6630 5132
9742 1137
9982 1892
8015 8072
9808 6687
7521 3755
215 6913
9076 4209
4873 4842
2932 2797
591 3757
4304 338
8910 4556
4546 4059
5832 4907
6374 3457
1139 6382
1134 26
7604 4023
5470 3965
3058 7715
1822 3523
3874 7701
7603 8196
3490 2620
5613 5076
499 1727
6050 7748
880 2072
3344 4195
4916 9962
3232 8055
8100 4053
4945 5187
5492 2972
7072 5998
1379 5033
4513 5130
9557 4093
5415 4040
8936 3991
1796 7791
6566 4618
7625 1999
3345 3337
3891 2704
4156 5961
7433 9385
1659 6490
3407 2034
7165 119
5915 8242
7163 5380
8554 935
127 6308
1213 619
4114 9788
1290 5953
5539 2702
5307 9786
3493 4105
2703 3211
3552 6113
1580 3520
2730 104
4701 7564
8691 7753
629 3792
1390 2950
2659 7379
3460 2470
2787 8888
1779 2592
5104 6342
2264 708
1202 6096
6721 7582
3243 2495
6088 8984
7155 4313
8002 9255
9861 3318
3255 2409
3966 3770
1665 9344
5181 5123
6349 8735
544 6609
3119 9323
3961 4257
1536 8171
3199 7791
1764 4852
7726 5877
2173 8642
6315 1508
8170 7506
300 1166
1499 1735
9577 1268
4094 294
9160 7838
3487 8192
7977 7648
4398 9381
7057 4073
4307 7472
6827 4705
6166 2719
5684 6390
5102 4502
8339 7685
1168 5505
4257 5534
2872 9049
1840 5515
2605 4929
7674 9730
3839 3119
6639 4804
3309 3899
9786 1158
4202 7376
6855 5006
9779 5076
3055 9859
1738 3094
5233 7675
1717 2239
9015 2702
3771 5383
4108 5295
1206 7884
6909 8041
8264 7382
5142 4028
3674 6903
4647 6162
9716 2120
4100 1803
656 6178
9444 7154
9139 4483
6471 8878
480 4067
3685 9554
4389 2788
493 8250
7105 7060
3427 2818
5143 4783
1884 5349
5748 3386
2844 7935
267 3701
934 455
4116 5707
9681 7939
7407 5569
600 8415
6633 7537
3677 8048
2965 3420
7627 5393
9320 2707
3360 7511
7210 2148
1414 7957
3040 7683
9861 9793
8147 4043
7007 750
2677 4631
470 7625
8028 9007
8508 2461
8445 9655
7016 7207
58 4576
7978 1901
2499 4008
8218 2844
5891 1971
41 1902
6929 2163
4711 253
4621 6914
6638 4936
4405 9275
9858 5049
3450 8194
2869 2039
419 8226
414 7129
2014 6306
7600 5362
7580 3696
3278 1367
4171 4190
8519 4182
7873 1242
3231 2137
6201 637
9185 1553
82 4128
6780 7184
420 6775
5423 126
8951 2823
2821 6771
5905 9229
1607 1186
2307 8065
2799 130
3713 6867
767 7022
2746 7806
3273 8012
6877 7211
6605 5307
5169 6867
5382 7739
75 6336
4298 9322
7856 7843
2320 1178
1462 4236
4766 9365
1138 2614
4452 2624
6201 8471
8873 4875
9311 6104
1596 6720
4154 5927
3434 3778
4038 4355
9721 2075
4767 5878
9876 747
8622 8803
1016 7079
8172 7454
2635 2132
4062 3122
6463 1068
2450 286
2675 4831
2927 6100
5704 6667
871 7356
7141 878
2266 8910
8046 7897
730 8777
764 2488
1197 762
9814 4473
1277 7233
6269 8195
2921 717
3385 9934
1888 9667
4178 3517
9026 3084
4091 5842
9242 7558
2860 2498
393 9659
834 2429
8218 2336
4864 3809
404 5514
3079 9370
1328 537
6261 8348
2618 4119
2623 6458
3233 7363
9441 6110
706 9736
5029 8813
3041 9304
8058 4373
6963 1157
5252 5026
3718 2188
8817 9446
4279 3364
31 2608
2442 6452
8388 6389
3687 5793
3330 2228
7114 392
4099 5691
4374 8064
5962 4299
9408 6936
7875 1868
2770 6501
3477 7342
4190 723
100 3762
3573 5179
3099 8308
7020 7912
9546 6768
1214 7024
8537 5373
16 1662
3715 394
6099 4843
9029 9023
2151 9711
6898 7123
5620 6606
6083 3343
7110 1476
8919 7071
2385 8106
3351 677
4395 4303
5093 7810
5002 3967
5948 4832
1388 1194
24 9713
3851 6156
8093 6256
7486 1432
2739 5716
1793 4740
4135 3233
6537 8576
6631 9244
2070 9557
1801 3308
6643 5121
7866 9489
7025 3626
1768 8018
189 23
9573 4107
9006 7007
8430 8574
4266 8055
6669 9064
8244 7400
21 1697
4969 6011
5428 5555
223 274
7301 1367
1949 6496
8124 4334
4888 7000
2069 1785
1178 1692
898 2521
5401 146
441 3558
5564 7387
4672 5648
9544 8773
1251 9518
5636 4005
1326 6855
1410 7210
7727 6514
6019 5216
8291 1247
9880 8078
9542 5442
7442 4784
1440 2547
6008 9659
8803 8477
9776 3796
3238 1622
6204 187
6148 4137
2479 614
7590 8143
9269 761
4101 2937
8173 7402
8490 6218
2206 1543
9423 1778
9297 1192
5294 2089
3390 4146
9176 935
790 3069
5029 572
2833 6244
269 3200
9456 3320
1196 5514
7239 1709
7743 4468
4043 6841
3287 2376
7502 6048
6797 5090
621 3440
893 8239
4849 4361
9066 9453
110 5155
7745 6066
2235 4497
600 8473
8226 61
1203 3399
2846 1541
6691 5895
7048 1079
7039 5343
7384 3594
7133 646
2777 1269
4490 5821
8702 6895
4469 9312
5345 9190
9083 497
3735 9769
9392 8730
8166 6879
7240 2672
7206 6074
8490 3205
6270 9161
4326 6592
4223 7746
7000 2300
3937 4866
8053 7029
3412 4418
4041 1408
1227 5891
7246 8712
182 7699
4985 6831
7210 3299
572 1698
8847 943
7908 2109
6659 9343
7888 6580
8178 6383
2076 8148
940 4920
5505 1332
9975 3112
7517 4569
4160 1202
7723 7291
2751 4388
7354 4416
367 7465
3996 4460
10 6158
1510 4709
6041 9106
6320 2844
2655 8696
9324 5769
1355 8187
2680 9024
4495 6933
8862 6913
1614 1342
3666 5918
2604 3139
1761 2163
9554 5372
6375 8739
4495 3405
77 9528
2351 4821
5212 2156
8922 9761
4315 9463
5118 338
5420 2930
1747 7359
6339 6324
2592 529
8048 2289
1087 1523
327 5501
5952 8644
5285 303
5984 8257
3727 1874
4022 9836
8954 4883
7080 6826
3614 7807
6330 69
8317 9443
9850 3225
881 45
4620 6063
1609 8543
1898 1932
5475 1265
6267 6654
67 6354
3021 7180
2340 9310
1536 6079
7646 2503
3774 4990
5317 3483
3231 6920
1545 9794
3348 120
5094 1387
6143 874
3344 146
3171 3320
3882 2705
2609 799
5375 7925
5953 6452
6986 2343
3281 2792
1782 5786
7001 7095
7567 3556
6821 7579
7252 8485
6724 8757
1330 2971
1276 79
4577 9915
352 4588
112 6422
8082 7323
551 4938
9920 9012
3330 6303
9203 5996
4390 5524
1925 302
8410 9472
9147 6090
490 8209
9666 9664
2067 6391
1543 1315
8042 9741
852 5385
9472 1646
2759 5766
7179 9025
8990 9147
9399 4187
4868 9810
782 5234
6210 526
9982 889
8182 5113
9215 9605
6115 4169
8297 8757
7065 7069
82 6764
196 6833
2477 4925
1068 1044
9264 1317
6365 65
480 4524
2130 7449
776 5986
3596 2030
301 4684
4794 106
3491 5727
1639 3067
5548 5047
1030 2805
1546 5581
6832 4082
1118 727
8090 292
1111 4273
4609 8292
6200 2972
4139 577
3512 9996
4387 3948
4020 6076
5101 4512
8849 3138
239 5967
6669 9467
5982 977
4654 5969
538 3455
3298 5393
4884 1844
3118 5758
8567 8632
7353 3374
1993 4237
744 5699
2446 3428
8030 2197
4199 9725
9621 6537
5237 4406
2981 397
5580 7427
6080 6982
5391 6840
1464 3829
3398 9545
2572 9103
4694 7610
2106 1722
8116 9792
7713 9385
8276 7073
1229 6955
9275 1602
4612 285
6352 2657
2862 1541
5205 3663
5468 7363
4136 1029
5249 5000
3785 8055
5260 5711
7901 5920
3838 6911
3666 6178
34 9528
5178 5588
7398 1917
2189 7136
8592 7170
9328 6362
792 2522
9925 7822
6445 2482
9234 9865
4189 5905
3101 1799
4579 6630
3366 9690
1590 4618
7698 5175
5680 8125
9222 6549
4342 1625
6517 4067
7257 3340
300 3089
8253 2357
8612 5072
3485 1448
6756 6330
8788 9582
3869 1285
747 5188
7822 8252
308 7884
2680 6815
666 6073
5566 5428
4017 7052
7339 2359
4705 9259
5848 3183
9680 660
987 2380
860 8504
6275 1296
103 3800
6308 6559
9116 3944
5414 8204
2435 8668
318 4412
559 6654
841 4346
9643 69
562 4773
7016 1403
486 5992
7432 1107
280 7600
9764 5891
7528 5274
7959 3644
8339 7108
7417 1387
6282 3445
6694 8400
684 9174
3182 7295
4294 2057
1559 6245
969 1879
6799 9951
3445 8599
3406 5208
5691 7976
9848 1851
2537 1306
7834 1350
6353 549
5765 4137
8894 9333
5893 4232
4892 269
9291 8877
3642 3562
9609 8641
1403 4505
5697 4524
6287 2743
4704 5231
8139 9105
5559 7806
8903 4894
1390 684
5374 5563
833 2228
1980 452
1450 2312
5777 7855
1841 2789
8654 3000
8955 7006
6735 3454
4391 1428
8573 456
505 7850
1290 3523
7073 3990
7799 256
3882 1290
7755 8186
1303 4545
7890 2080
9365 3282
7327 5283
2680 5776
8814 5615
473 6750
7229 8122
5462 1857
3484 7578
392 874
1324 5433
7626 6251
5372 4662
7432 3034
4405 1827
1191 3277
8664 8347
1303 9000
3593 8726
5608 5875
1140 4511
3840 4546
5478 6639
7367 4226
8233 6590
57 2236
6002 3327
9535 2592
2023 3720
6696 7384
8788 5007
3876 9503
2912 1265
4931 3865
1807 3634
167 5687
9121 4488
6095 1062
9244 8995
4337 608
5108 205
2528 5442
3786 8001
1178 7997
6773 2891
4214 1596
9667 5788
7027 7097
4717 457
6356 1715
5823 4018
6711 8681
2497 1989
106 4172
3884 3879
1109 1465
3167 4820
8535 3202
8623 569
3242 9764
6858 1120
9845 9009
5978 6751
1848 4261
6652 6786
5312 7246
8052 344
6805 9839
930 6111
8530 8858
4767 5850
2724 6785
6530 7054
6461 4152
6484 9230
2279 6368
7467 9164
1597 7870
6260 4303
3075 9448
4996 9883
3638 5336
989 2246
7886 5972
640 9520
9935 3381
9673 9339
7220 879
2003 2643
9437 3731
7831 4837
3195 9221
9219 5589
2076 1378
9951 2529
27 4499
4239 4489
9294 2427
5851 3159
4631 5623
9060 5065
3871 5843
9896 8963
9385 7341
6250 2315
3972 2076
8796 9223
9126 8539
5151 3077
501 7201
5258 1393
4238 4039
4272 9904
5600 4222
9248 1215
8410 457
4317 351
4646 6696
4103 9117
4567 9695
5988 1140
4911 5564
9229 7111
5696 2731
7323 39
1871 1554
6908 9263
8265 8171
5778 3365
2042 807
5137 8577
7665 8711
8765 3702
1123 6417
2305 4307
2718 5831
1220 3998
4838 7600
7118 2360
7867 5512
8723 7384
9501 3935
3747 1762
2327 5256
5670 1288
3451 4475
8697 1303
6719 9927
3051 9779
3109 9043
3653 119
2951 6214
2342 4719
5336 2460
9467 9355
8818 6150
2036 8761
3824 805
3284 598
3288 4843
6132 2010
9671 2628
5730 5884
759 2415
3891 363
5151 8987
6356 7860
5851 330
3344 2558
3660 1995
267 8531
1497 4058
9040 6501
7853 197
969 3855
9213 3103
4671 1154
9873 5609
1250 2852
9874 454
9059 9918
1249 1531
6248 3284
1555 7253
8871 8359
5631 3218
3830 2488
1590 7446
6562 4766
4310 589
3186 415
398 256
8826 9583
1007 1420
4668 2413
8814 1451
48 425
8340 8906
7561 5470
7300 9411
9418 6743
9351 9577
637 6180
6614 1747
6847 7044
7046 2616
3533 3100
7666 4573
4047 6045
7775 4889
280 8139
4616 2047
9748 4930
6358 8577
3747 4232
877 0
9759 857
9102 6659
8548 9950
7381 9638
4125 5654
9886 4929
1142 3352
4958 7093
1473 2943
8258 9985
895 1031
8131 2823
5455 4658
1723 6430
5291 4639
9004 9729
5050 901
390 3209
5552 50
3681 335
9851 4238
6810 9707
2525 6061
6958 9769
917 7409
8764 6638
3762 5159
2964 9311
5462 4168
6207 5611
3111 7881
8913 6302
2150 550
3276 2158
7314 9865
6730 1609
262 183
3407 7261
7332 6407
4169 4572
1660 5170
313 2953
4100 9153
8177 5547
9951 4892
2581 1382
9167 6501
6169 61
7061 7700
3976 5233
479 7113
7570 6270
3603 9653
3534 1898
9820 6562
4075 1895
7800 3082
3941 7901
540 9431
83 178
8919 1471
8933 5520
57 4971
8546 711
4254 2925
3518 9565
1117 4364
9234 8873
2160 8362
9183 6070
6665 3605
5022 4325
5465 9678
1446 1558
3641 2495
150 5659
5864 5851
5156 8591
2693 5136
8614 1543
5320 5547
631 8462
9330 5145
5842 8947
6585 9489
686 1862
246 5536
1255 1180
7226 2513
7650 8180
6804 508
919 2607
7017 6620
3651 6890
5194 6392
4720 2859
4120 2538
7705 365
5007 7021
2375 7696
5590 2777
3979 6624
8412 3944
8966 8987
7217 1890
7601 2724
889 7527
7256 6361
2722 5948
7354 1343
480 9065
6627 9140
9562 5924
238 6489
4649 5249
943 8287
5369 9005
1190 6957
1901 316
6137 3454
3999 2924
4947 133
5710 516
8898 8967
822 9814
8432 7372
7608 5493
6918 9847
6586 4751
5177 1284
9689 8230
8 2437
6512 2028
1190 6386
7793 3965
6804 8916
8394 5940
9818 635
2441 7450
8502 9995
10 2733
5792 3733
8526 1776
1972 5332
8357 1096
4963 4064
8975 8719
8472 8403
7132 8845
2020 4991
3220 5666
7250 1902
6591 1586
560 1033
8051 9725
4442 366
5841 6564
4661 7921
6774 4973
1256 1232
7268 4338
4173 3016
6793 1319
9948 1086
6414 833
4074 2809
4466 2017
7962 4060
6658 6224
7771 5741
833 3357
4825 8781
1664 6538
7498 6151
3771 5069
4946 8541
8320 9708
516 1698
5640 9115
8479 7858
758 2442
8845 8427
673 7022
2656 1006
5468 4014
661 6646
5871 9142
8445 1798
2135 891
1959 4156
9265 7859
8139 8426
9238 4428
5894 2211
7353 489
9304 4623
7787 3910
8956 2147
2316 5366
1246 6323
2512 7613
5199 5815
5493 5335
2670 8053
6943 5980
8986 4651
1564 8158
7262 4392
6473 1795
1939 490
7991 371
8269 7693
7433 2742
3562 4272
5470 7552
3232 7537
3525 1842
603 1984
1979 8532
8912 6529
1879 516
3076 6321
6949 6834
3740 8766
556 8714
1842 8486
9973 6368
8871 7622
5867 5871
4383 8133
1583 5784
4308 3351
4997 5946
8277 5770
2216 6027
4031 4085
9781 4510
3107 846
6715 3933
3933 6695
7981 9413
9947 6343
6880 3301
7340 9677
9269 6295
9078 4592
2607 8842
5108 9748
9025 8901
593 5334
4275 8564
2431 7271
5469 551
8673 7135
2447 7
2015 9639
4738 2840
8823 1865
1920 842
1566 534
1492 518
5031 5874
2342 1539
7754 6269
736 7123
1500 5827
1632 4744
945 1038
1078 8546
212 4293
2148 3841
1517 7972
6772 2016
836 6470
4286 8265
9075 1646
3444 4692
5823 3765
7693 383
5414 5438
1738 2639
8927 8063
7781 5386
840 8464
3173 4982
1615 3654
1433 1019
1814 5801
7036 2613
438 9867
8742 5677
4584 7081
6455 9445
5801 6654
6676 3354
2547 1860
3034 9702
4223 3335
2592 8470
693 6600
9366 907
5287 2053
4513 5259
3560 3135
5258 5308
7836 3160
7193 4041
832 4502
3357 8130
4531 9612
153 74
1211 8043
4210 1269
6002 1732
4903 4018
5448 6847
5540 2352
5921 3343
8407 6591
4965 382
990 2544
135 9923
2817 2571
7361 1945
2560 3693
1348 8009
572 5855
9662 4852
7451 2673
7308 4472
6047 7729
1755 1504
1850 6221
5946 6871
6356 3117
4270 3854
7516 2620
3181 66
3548 8382
5518 7979
8775 578
1952 1712
7468 4747
9729 6495
4689 102
5451 4253
9128 2898
5942 92
9825 6536
1056 3450
1813 9423
9033 9231
9394 3536
1491 2351
3566 7492
2066 7025
6344 4794
3057 4783
1187 1746
4952 3588
3814 608
6223 2888
3576 7005
310 3641
3773 4276
3840 3552
5034 1267
3263 5040
2149 2001
4363 3209
2486 5813
7919 3979
867 1976
5863 8494
3067 7288
1676 8765
1777 5173
7837 8726
6995 276
515 69
1035 6371
4155 6392
6286 471
3258 1026
9686 5475
1478 433
7641 9326
9679 914
7199 3040
3230 3751
9198 6565
1410 8955
9330 6267
8188 5378
126 3247
8049 3844
8795 1642
7038 3392
8120 7327
3829 8039
2347 7421
602 3226
6747 3542
3298 3820
7319 4951
3692 5709
4761 6433
3224 6573
1611 7360
1560 2902
225 2484
3954 142
3583 5920
4751 5826
689 4814
4629 3675
2864 4852
4323 3942
3922 1442
3584 7692
4356 9654
4284 7336
483 9939
9264 7124
5702 1253
1444 4971
2977 7952
9370 7543
2503 7082
8584 363
5859 525
6740 9894
6203 4567
3096 3189
605 1400
2951 846
9077 7403
733 2952
1645 8750
7954 476
7785 9837
4278 909
8905 3254
276 6590
5910 3831
8777 6687
2553 5133
6413 3302
3836 8990
8007 2738
4719 5555
7076 677
5902 9892
8268 807
5135 2226
8938 9533
5123 2657
1389 1075
1999 9482
6942 3879
6256 2291
5023 6553
8683 755
8151 1397
3149 7426
2357 795
9755 7984
3721 4722
8871 6002
5801 788
8921 3018
8605 5719
1629 9744
8713 1114
838 8868
6825 5769
8021 7626
4800 5014
3609 6439
7973 1163
2864 5004
9179 4891
1439 8905
2197 2138
3129 2909
137 2373
7422 1513
9499 3631
1180 9077
4427 2682
1333 6613
8018 8153
6542 4242
6305 4049
9070 8250
3180 7960
3904 1818
5945 9088
9725 263
5066 8703
4278 962
3714 7282
1105 9005
1969 6153
826 7902
3014 5409
4093 3644
3379 7828
9700 3171
6834 4152
6524 8389
4238 468
8253 5766
5288 2604
7832 8006
3685 2348
9767 8648
5467 4509
4741 5658
5189 6811
9671 1251
5177 6051
1829 3015
5099 8540
9027 6965
7483 7337
8060 1366
2202 6055
3143 9650
8632 9160
9223 5369
3479 3074
6676 4320
314 8286
3505 7247
4031 3013
7247 7648
437 5781
8627 5245
5446 808
1864 5196
2882 4657
5192 4991
6889 6744
4359 9045
7382 7146
1504 3672
9755 7656
5179 5748
4558 9072
3744 9672
6660 3495
2200 1986
2241 6643
2125 4291
7170 2247
9741 5675
8666 9918
3411 6617
8788 2284
5174 4058
202 5623
3029 5113
6166 9320
1704 3291
3341 9921
4211 5885
3611 3341
409 4992
7090 2772
3626 5603
5069 9897
4727 7541
2795 7831
3940 252
3881 6139
1355 8939
2459 9216
4673 1103
7382 993
5559 1133
8423 9669
6812 6548
4787 4211
6861 8355
8750 8724
71 5961
2778 7589
2752 8581
9917 8933
8005 8096
8372 1658
8818 5822
1665 8350
3251 2818
1400 6368
2780 5113
3150 9774
2968 8670
5314 1101
3538 8427
6423 2650
9909 1897
6390 1998
6649 5350
965 5761
2975 5078
6511 3194
523 8160
7469 2012
5861 6
8011 5668
6604 2157
7346 8518
3060 4665
228 6449
2873 8116
1480 8999
5676 8826
2129 869
271 5416
1695 1109
4894 6103
4757 6130
6706 9784
2246 6191
4790 5438
3486 7970
2385 8920
7442 4330
5560 9793
8003 9536
807 2841
5323 219
519 8254
1569 6947
7489 734
9704 7306
5625 2044
3939 8832
1994 3080
3365 9799
2654 5382
442 1337
1852 8305
3899 3513
9822 2242
7233 4416
928 2445
9331 1553
907 2882
1672 1661
4913 5470
2648 8599
9188 3342
6773 7410
9989 5579
6250 3734
3891 3560
1407 1942
1808 7139
3372 7017
3676 6181
844 335
8410 8857
2494 8632
9624 3166
9953 1388
7474 5030
3981 677
4952 2854
5536 9645
3988 9157
7612 8542
2932 9607
482 6321
8017 7724
6877 2551
1385 8353
4466 5641
1369 9349
5820 8596
4749 8324
2943 3475
9703 12
4191 1067
607 9141
1011 9991
7275 5036
8691 1061
326 9464
1697 2399
8181 6560
8100 9262
5474 3664
2910 358
962 8605
7607 9720
4142 8026
3063 1927
1630 6278
4692 5240
6337 2162
282 9060
2472 9035
9772 5733
6025 6923
9545 9700
4802 213
8078 7231
7207 4003
2780 3453
9509 9318
3093 6388
4539 2005
5551 4271
9213 6459
6498 7237
1362 1437
2560 5513
7979 1830
3320 6844
6150 6012
4604 2585
7045 4684
6826 8880
9296 9749
1531 1199
5701 8220
5297 6400
2507 8678
2407 7760
623 9362
1618 6562
9136 941
9863 7708
3357 8831
7503 6196
6624 7449
5526 9271
5531 6317
455 7724
6470 4378
1699 5227
4925 9529
995 8688
3763 8729
4592 4184
1227 1156
4620 6538
4090 8580
340 2814
7512 1801
6804 7671
1497 6249
7068 284
7617 2154
8470 4629
7306 3649
9726 9882
8484 3123
5983 5236
7701 122
3809 2875
1472 1351
7540 284
7951 1391
6427 9856
9649 7155
6945 979
3483 6194
5025 1778
5911 7669
681 1488
9386 9527
5911 8978
2202 4411
4406 9901
1849 93
3266 2361
2615 1783
298 7405
6125 2717
919 8226
5157 7214
8057 4529
4612 6431
1811 9741
7131 9151
2164 881
4700 5509
5057 900
362 3587
939 3764
7530 5176
5902 1482
434 3253
684 1368
937 7804
4788 1425
2800 6904
562 4151
3374 5215
9665 1172
3208 8645
3984 4104
2411 2733
2744 9233
1393 2205
8619 1646
4370 7186
5538 7709
2601 5768
5459 6150
2725 2453
4377 7402
5843 3253
8711 5679
9580 6590
8948 7415
7157 4405
7398 3165
9532 1661
8970 2239
732 6652
5594 1214
6718 7649
2038 422
6300 903
7967 7905
7781 6326
7183 6305
8723 1242
4745 4873
1827 6409
8673 6189
718 4667
1949 5802
9481 4644
3562 3521
361 6855
3667 578
9531 6750
3853 4562
1637 6066
2489 3601
7200 7582
2441 4412
4167 9662
926 2213
5367 4197
8137 6892
286 7410
4820 3251
4574 9673
6046 4204
3206 3339
7706 6278
6696 9708
2178 8644
9919 5474
8967 1349
7344 8
2561 5386
9150 6581
2149 3030
3893 2171
1769 6750
8274 395
704 966
3177 6940
5510 7669
5617 4480
1196 7191
1773 4323
4980 6780
922 2317
2129 37
4620 7244
4499 595
3806 7091
2247 8303
3544 1892
308 7179
405 4873
9695 3057
4049 1766
5793 17
6379 4814
5130 8878
7725 675
2823 4772
5900 8842
809 9187
8634 1260
3848 3670
7805 8508
6910 1958
8779 3247
6365 7390
7289 7430
35 1665
5877 2031
2566 598
1612 7889
3239 947
8586 8200
5643 7154
1400 4814
8233 7064
6545 4488
402 6099
5761 5594
9752 8703
3271 5080
5208 4399
2262 2093
9334 1936
6144 5650
6999 9383
9639 2422
4193 7462
5471 7633
7005 8503
7477 906
1589 7354
6127 4478
8989 5873
695 1970
9457 2009
6180 1519
5527 5277
7450 7117
9643 1049
2162 6661
5422 5282
8279 872
6460 1900
6011 5113
4739 7384
8859 3072
5556 9581
8576 8122
1694 9003
8934 3595
4254 370
3554 3395
5918 3839
8162 4127
9677 1958
1153 3177
8563 8636
614 1725
8450 8280
1576 9063
1927 6567
7325 3289
9959 4997
8846 9109
852 8451
8041 112
3986 1768
4374 9950
8498 2139
3700 3500
1497 5841
5759 3131
3127 661
7926 9069
6490 9043
5540 4018
424 8352
6773 3160
3535 2767
3781 7879
7334 8849
7347 9266
7814 5671
7359 7923
9562 2467
3745 6136
4460 2803
3393 9681
9830 3114
299 9826
3104 7645
253 7371
2508 4862
1217 6276
7006 2483
5433 983
1568 4024
8293 890
392 2316
9674 8413
2213 1420
179 8808
5996 9870
5836 9387
9019 1565
198 7850
8203 2395
1864 3301
3398 7780
9634 9652
7020 7719
1715 6367
1987 579
1723 8794
4911 7343
9778 7012
8962 4878
5876 9313
7090 1642
7406 8327
9916 1557
5268 6662
9281 5107
1345 54
5537 914
7482 5832
7973 6538
5035 4149
8625 3244
4911 8460
8968 4063
2693 5134
3005 2968
8967 1554
6931 5374
2498 9414
6976 3074
811 1275
1673 8818
7933 888
3851 6957
7700 8644
3794 784
6001 6238
6164 4751
2114 3246
4088 1515
419 2180
8768 1267
9730 1474
7087 810
664 3818
5160 7213
7301 9804
8191 9963
7634 4709
1865 4540
2519 4494
50 554
6947 3233
6945 1065
4604 1386
3197 9337
190 5207
223 6129
3223 7352
9339 7754
9733 9172
7782 1600
6234 4197
8749 7684
8393 1138
5547 8986
9300 692
9976 5750
6837 8337
6342 6732
4222 9529
354 5763
6415 6473
5552 6175
7613 8631
3892 1524
4292 9428
6887 6246
7045 6139
4842 9771
3041 260
8888 2553
4625 9900
6513 4893
731 8281
571 5674
635 9258
5135 7596
9688 9244
4415 3075
111 6522
764 737
3705 1965
5151 775
7316 7059
5283 1429
9148 7613
1225 242
3134 6900
9790 7532
1015 8127
8415 2734
2389 9430
883 2445
8936 7678
1183 5826
2244 3358
3171 946
3520 3702
6037 1349
5014 9608
4072 6309
1120 4236
2757 9363
552 7802
1969 6979
238 5070
682 5730
6698 6300
805 6956
545 836
9384 3614
4246 9563
3087 365
820 6900
6068 1639
4579 6893
3009 3782
7112 4754
5239 9129
8559 3447
6596 9601
1158 580
2510 7870
8680 1534
4780 7795
7324 6681
5007 3290
1937 9844
3834 4414
7189 6931
5851 2951
9183 8572
3906 7755
4773 1366
9717 3780
3844 7720
3543 6909
9970 8268
2715 9554
4947 7046
504 1818
7018 7849
1448 7162
9907 5975
393 5304
893 5255
1359 7315
6085 8268
4364 8839
7318 290
1351 8451
3832 2240
3375 6154
3905 3852
3059 2054
1386 8539
6616 3629
9622 4843
7606 9011
3206 5290
8364 1348
7656 6422
382 1731
3023 2711
5240 1437
8021 6175
5149 8525
1442 1231
6006 3562
6791 9680
5799 2638
6672 7343
9077 8005
2468 9702
6859 7318
3605 2233
8240 702
3899 8971
906 2277
6839 5192
3245 7105
7535 9475
3789 6661
1977 2077
1244 9521
4048 1146
6252 352
4468 3009
1731 623
4990 7498
845 737
9276 443
6626 8198
5266 3902
1353 4511
2899 1655
9073 4705
1076 8128
2704 4185
3654 4437
2604 8947
295 7990
8982 5135
5127 6652
8551 8269
353 262
5776 920
544 2670
2507 2545
2658 2113
837 3441
7049 5381
5175 9522
8829 216
9166 968
5427 6691
3674 5417
1496 2474
7422 6384
586 4055
3169 7104
5249 2192
6960 8832
1962 225
4643 3605
8427 5420
9127 1271
5970 7529
1556 3923
2210 8381
1193 1328
1526 9967
8716 5290
6864 5039
6531 8461
3009 3231
1688 9132
9851 1784
5866 5863
2627 5761
2258 4009
5314 9309
3312 1100
5733 1219
1143 1695
4990 6805
3710 650
9511 8621
8901 786
42 4180
4076 7428
333 9297
4755 5660
4644 6967
5858 5703
8688 157
1896 1631
1893 3711
487 5008
907 5042
5111 2324
4256 8812
1862 8642
6493 2843
787 1218
234 2702
95 5595
2817 9472
4104 3527
5982 2235
1183 2259
1870 5611
2590 3320
3538 4166
9503 9552
370 490
5122 8021
63 4808
8652 6471
1933 1097
171 2785
2749 3791
8526 8485
4274 5377
7385 9197
2681 3561
9156 5010
861 1118
1658 4244
1252 1860
9189 4684
4805 4605
1992 3319
6197 8924
6795 610
2879 3495
1028 2051
4157 5298
7317 2142
744 9624
6057 9632
7729 4473
3127 5105
4419 7203
8264 3927
6988 9056
8549 9687
1187 6676
2483 8362
406 8397
1955 3115
592 299
1474 1495
2410 7213
3550 1754
1306 1336
1089 4192
3741 3750
7163 9452
1483 3200
4242 7274
4449 6167
6701 8199
522 2259
1677 3137
3550 2
549 3633
5917 1035
6160 3283
6793 2433
5470 3777
6741 3778
4230 2755
6742 4752
7028 7130
406 5388
9908 5410
8992 4438
8918 6386
8752 8206
8844 4945
9805 4966
242 6978
3266 2884
6669 5086
4250 9982
7678 3837
6978 6070
1287 8132
1642 380
8075 7796
2793 337
9982 1043
837 3426
5877 1935
6401 2691
4439 4133
9827 3896
973 9196
9641 4094
2415 3725
1169 3764
3503 9976
4831 2910
4814 1937
67 2768
2452 4111
7393 17
6680 1926
6104 9006
9172 7361
454 9398
3513 3648
9498 7596
8097 7075
2988 1005
3201 8025
8492 2253
7593 3475
3164 3824
4070 2272
8715 1440
6458 322
1300 7975
912 6741
2123 6901
5804 643
2057 6025
6018 3421
7014 3594
7699 5144
2562 4995
7875 7419
3209 4820
9531 5658
4355 5060
3921 4504
8380 1965
2123 5910
431 5401
8561 1453
9873 9078
4878 9105
2386 6502
1571 5464
9407 5194
7397 401
4296 9117
1550 6416
5529 2019
3264 904
3651 5181
9960 1577
5251 1487
3028 423
1584 5374
3701 8553
945 7819
381 5958
632 7268
6585 9730
9582 3810
6911 8868
1965 3982
1053 7955
820 742
649 2451
4928 5697
5377 5364
7108 6389
7834 6532
1879 9359
5213 5684
2566 9719
2546 4711
591 7493
1007 8690
1963 8144
4225 3374
5305 1625
5120 2718
5694 7729
8356 6647
5531 4454
241 7252
7014 1534
4180 821
5469 9582
1174 8547
9547 4338
4019 3193
344 9903
7096 6131
9328 1336
816 7112
4280 3394
1312 6021
96 9537
2756 2336
5525 8413
7486 8356
5553 7233
841 1422
1120 1558
5053 3913
3666 9949
6958 7348
