placement model: 1slider
width: 10
height: 10
number of points: 2000
6831 2446
5347 4142
1965 1271
1322 6653
9434 530
4139 2755
8600 9689
6324 8170
8332 8807
6293 978
9969 8208
2747 1332
2572 4194
7972 1990
1563 3142
8781 8684
6426 9989
902 4301
5698 4708
6108 313
8340 8812
2310 1671
629 1921
2123 2853
4580 7028
8477 4960
6633 5100
5939 3663
386 6293
2792 3477
1693 5946
4025 9933
646 7286
8153 2217
7457 2640
6596 1458
9685 5503
6460 3558
1149 7887
1166 9046
7382 859
1503 8281
780 1860
8067 2785
1459 9995
2923 7306
7461 3471
1041 808
5129 4672
6663 420
1489 4228
3713 1042
895 5140
7184 5578
7727 5449
5262 5802
7591 7699
9027 6718
624 7823
6089 5778
4689 7411
821 1635
4843 8077
577 7966
9742 3772
9345 7542
7681 7715
4634 9579
746 7231
7341 2755
593 7128
3757 568
3895 6823
8254 5086
850 4580
5882 9262
6982 1259
8037 4469
4272 3404
2052 680
4506 325
8793 4664
1282 4917
7525 8799
8576 9408
4629 5025
4423 5001
6679 8718
8003 2788
9414 4399
8922 8658
9607 6213
8456 8469
6970 3205
9918 1314
7003 5038
7149 2795
973 1771
3216 8516
9141 9148
3194 7548
2358 8309
2788 3112
2701 1360
3589 8322
154 4599
4653 7714
5656 7744
6268 4273
4195 6568
2756 8030
2259 5827
318 2388
3966 2400
9561 1151
5676 7277
7314 975
9028 430
5409 959
3598 9519
6914 1156
6198 9956
9554 3412
1118 1928
189 5334
7541 2963
1776 7221
9348 9854
9606 4455
8769 8328
6520 246
3025 9859
3203 8937
7216 838
9366 5387
943 2520
1321 53
7337 6340
9162 4541
6275 849
1548 8310
7839 5839
7563 8810
8112 8743
9549 2732
7305 9792
3623 5310
1316 8266
2470 4275
2871 3641
951 5597
3269 6968
7562 8456
2856 254
7454 67
7325 7053
8911 8380
5675 3283
6179 8451
419 5381
8823 2932
766 2204
4382 4149
4424 7495
7505 7354
1920 7390
6834 5953
5565 9437
1946 4524
6431 8859
7776 6048
7679 8544
2908 2222
2436 3490
3888 7794
6575 6587
9756 7460
5820 2603
1360 2894
3661 2095
2165 1484
4866 5250
2825 7400
8471 4786
1568 3095
6400 8144
6001 6354
3479 654
5376 7061
8398 6275
1584 5048
786 4128
7381 7888
6898 5039
3375 5565
5798 5278
7956 1162
904 924
2401 3333
442 415
8264 9609
2291 7534
3566 1296
9351 9148
4812 8697
3755 4130
8564 6787
8374 1615
755 2446
476 2263
7921 4933
567 6739
5480 5831
401 3583
3519 7207
4695 6565
7065 2036
2421 6049
2669 2009
3610 1728
6826 4270
3528 8790
5857 9009
5680 3527
2464 6840
6636 8918
6074 269
5831 9611
1404 5607
1675 1424
8416 4061
159 7343
1233 2761
7398 2492
9662 4374
2411 6017
8507 3479
3754 4632
9511 2064
8847 3699
4856 5003
7047 4393
5476 3209
7054 8833
6243 256
5489 5019
8507 1015
7295 797
1909 4437
6333 2215
9195 1697
8697 253
6473 9191
9075 9836
2074 2194
7940 5244
9433 1863
4374 4146
5471 6488
4757 2594
5564 1836
6197 4708
1679 4346
9246 7865
2652 9155
1012 8465
7312 5105
3779 8081
7505 2683
5715 7474
515 8286
7029 7385
7824 615
9719 1956
4672 5863
8185 9634
9357 8296
3647 5239
4154 6966
2998 8451
2056 6054
3227 7743
7350 6380
5435 793
4793 4384
959 3768
5288 4236
5526 787
4593 8273
3791 9300
3789 3968
6336 6941
4878 2442
8186 7751
8246 7212
8654 8526
2389 6342
3538 6094
6077 4078
4230 1006
8355 5439
4049 4031
5961 4131
4335 9312
6579 5644
230 9044
6455 7442
3033 4712
6724 1667
8871 4444
8956 8716
3213 1598
8139 3214
5701 356
4075 3807
550 8017
4722 909
9054 5187
4642 5823
100 2854
734 7292
379 525
5959 6825
3219 7309
9593 1863
2669 1426
6061 2896
9740 6604
9055 8189
369 158
4773 1018
6847 6533
5550 1616
8254 8086
7503 7546
2869 5221
6096 7692
5534 6987
8736 2725
7903 4362
8436 8933
433 3556
5026 8097
7524 9553
3715 3218
2309 1460
5196 4750
108 9305
2436 4287
8998 9111
5947 4675
5027 1137
3620 7887
387 9698
948 5668
2454 4981
5528 5321
8565 4920
8721 378
1026 7009
7029 2783
4011 2279
2651 9861
4799 5847
1206 9592
546 9117
6118 6020
1619 2176
8202 6082
1316 7660
9375 6344
4086 6849
7098 2982
5554 6878
5972 8257
2144 505
4148 314
5300 5238
5827 7556
8086 1912
5756 3578
4932 5780
7730 6910
2820 9321
1241 5006
9352 2433
3304 9747
3844 408
4731 2939
4119 9171
4998 2662
6915 5392
2566 8732
3581 5031
5002 629
3831 7835
6092 6923
4800 7761
267 4386
1304 9515
7439 5880
9771 8907
9179 2234
1318 278
4434 5604
7290 3897
1676 4641
278 5909
6664 7376
4038 6949
5489 3070
1323 4814
8499 2732
6810 621
5512 7109
7727 6844
9701 5396
9550 9625
8334 6995
2138 1429
5495 5898
7077 9682
8461 6183
2072 5084
6036 6406
6392 4770
3388 7320
3058 738
5687 3051
7874 7734
1439 7210
6412 1205
5280 2463
3441 3103
9225 2320
2338 132
3752 8995
7372 8947
8569 6979
8545 7906
5756 5346
3821 3060
5104 6385
2538 4426
2356 7257
4240 2621
8932 715
6369 8337
2556 6943
116 4457
632 7424
9498 2079
9379 6067
8828 1585
7246 2916
5456 7555
8821 7222
5354 7566
5413 4612
6943 2098
377 2962
8571 416
8256 8930
4739 2232
2450 5954
3877 4445
1400 2309
2279 7213
424 8281
6977 5601
3711 4849
456 8336
2541 5010
9676 2033
6728 727
7784 8780
9431 243
7092 307
8232 4914
1121 8024
1998 5603
4334 3430
3394 9564
7979 5596
7478 2227
2390 8162
4380 868
837 3700
3689 1926
7948 2367
9861 7852
1647 4762
7324 5644
7598 9470
2805 9270
7276 2189
6449 370
4652 7102
2654 9205
625 1836
8054 6899
9365 5066
2972 9817
1540 3783
2667 2258
2125 9116
6613 6902
2296 3675
2193 9460
6181 3386
2540 3487
6218 9132
1560 1445
5779 9422
4032 3251
9256 3647
3561 5842
8226 1742
8459 6929
7902 7103
1776 4266
6354 2614
169 422
6412 1327
5090 11
1216 1318
8542 5767
9878 3982
2358 4843
6417 8929
1110 4436
1033 4914
4192 7962
4989 9256
178 7132
7698 6250
2752 2406
4406 8256
2846 858
5647 6397
198 4465
5049 2353
2183 1832
6972 9301
4514 8066
2856 790
6657 4005
5758 5312
3369 7062
2022 7834
340 7475
8752 593
8558 7074
4295 9006
6561 9665
3595 4637
2405 7950
4168 2660
3285 506
8090 9027
7896 8752
2153 3856
7501 9151
8149 9685
3366 4918
4702 5628
4856 6329
276 8797
6887 1558
6568 2598
9814 5298
9928 1077
4594 7362
4077 820
8088 9524
227 8006
5700 9662
6824 5087
9048 1230
4182 7231
7708 9621
3735 7120
6999 5111
8460 5734
4419 2814
1462 5534
8641 6675
3895 3109
69 8294
6948 5693
6002 806
3090 4874
1383 2959
642 7777
6506 5316
6220 1951
7961 1037
3819 8486
6175 5330
6097 7982
8393 3360
2496 2072
4789 8134
915 3253
7900 526
9453 279
7232 4914
745 1202
2398 3872
2311 3597
6423 5521
2906 3682
8536 6431
7677 2626
2343 9414
1863 2673
4301 4127
6084 5924
7355 8519
9792 1924
3196 1435
9870 7134
5393 458
607 3405
6730 9398
6044 1702
6662 1732
4618 8985
58 2952
1866 8693
8955 7287
7684 5475
9820 6737
5344 9081
1820 393
409 1955
5917 1715
8322 3978
8591 8004
6604 7024
8677 1864
1224 9210
262 7361
4912 9806
4816 1868
2537 8197
4311 4418
2347 8085
9416 5612
5794 5878
1481 1759
8273 4161
9513 248
4861 2514
5038 6244
5877 528
3481 8717
5113 2191
2282 7779
2278 1989
7878 1764
5337 5292
3243 7856
2091 7446
5693 9592
5718 9964
520 7845
3335 2057
1286 5573
1863 5898
4281 5780
3617 5970
5185 5662
4196 1712
4968 4450
891 6203
5963 5524
7188 7935
1892 2548
2715 6519
4419 4095
5130 83
336 3047
8635 8389
9846 4887
2401 330
3871 955
2323 1350
3277 233
7233 3193
9619 8037
3389 6854
6383 4567
96 4889
2073 6798
1083 4282
2013 8813
6478 5194
3206 4193
4860 7115
4473 6043
31 2221
3844 5010
8909 4267
3907 4410
6853 8555
3530 7841
4250 5046
3142 5847
3236 6888
4560 4634
6046 4699
1688 863
8931 248
7113 6811
2814 160
32 7269
137 229
9268 3115
2845 3530
8420 3343
4946 3838
9247 827
5519 9034
9915 9549
3244 6500
9869 7665
8721 1371
623 1097
2621 9543
7462 4869
9478 7916
2982 619
7652 5222
914 3639
703 7322
9440 5799
114 8109
8180 5633
3337 8864
5253 8004
5993 150
6469 7656
7230 5634
1982 8753
3471 7373
2898 2327
4693 140
6350 1388
6716 2295
6297 7400
2658 9160
3111 6780
9057 9661
2377 8529
7973 1843
9039 7210
978 7004
2222 4549
7672 4343
2685 4701
9762 7896
695 5179
6710 7208
9643 1441
780 2006
5014 4990
8538 3724
9467 6530
8742 2904
9414 8933
9205 3559
8985 5734
3697 5817
6116 6721
4952 7315
8825 9023
6322 707
7636 9730
9823 7690
8814 752
2248 6035
2843 8664
4023 1342
6901 8935
1554 9741
9529 180
1890 5288
8481 2578
4010 1247
3323 2801
1986 8703
1254 7052
3186 6908
9643 9027
936 6761
7198 8919
5405 2020
6466 669
9481 6975
2195 2827
7409 3709
9426 4590
8593 3629
1844 8476
3002 7130
377 8936
9077 6643
9013 5503
7794 249
9649 548
6356 6728
5978 7503
214 9835
477 9459
3550 781
9916 4108
5737 6963
6809 7913
4132 6221
561 6599
105 7257
7832 5912
4173 2363
9291 5898
5950 5610
4423 5389
2525 2066
9181 9119
8847 7990
548 4860
6872 662
8609 4523
4635 4255
4935 679
5770 8271
1976 4504
2310 4135
5441 8510
1946 1284
9308 2675
6802 79
9751 6558
6625 5828
5398 5714
5878 5159
6726 9758
4146 4759
8848 9250
6803 4868
528 6525
2496 2072
12 228
2325 6597
2965 1250
9117 4194
2012 7635
5065 8722
7024 9229
4798 99
5471 4548
4717 7855
9905 3937
4278 7526
6244 5226
8243 9048
3352 5320
8775 4181
873 8427
8418 5836
6023 2306
8749 4468
3509 4522
6428 610
4247 9623
1452 7487
3408 5584
1649 2987
4870 5304
8712 1620
8783 573
586 1637
4598 7009
9675 6445
9014 2337
9756 7403
7427 1163
6975 2381
1086 4432
1527 9334
4482 7169
2655 5153
6567 5823
3405 4888
2913 5887
84 5053
8678 1112
1736 3984
3583 1434
3650 3732
8351 4632
9650 9126
8825 6032
2067 6648
6783 7316
5004 4104
9192 327
5925 13
5354 1598
7193 6858
8353 5102
49 9412
2860 5252
5109 5638
556 8734
3885 1822
1099 7243
6837 5207
5112 9802
2522 3377
5590 3070
1605 8499
3706 8252
4010 9233
6176 3920
2059 2474
5943 8642
8577 4916
8442 7330
9776 4065
6018 5921
5592 6518
5250 9765
1441 8459
9363 5098
6161 2044
4309 3900
3891 1514
9756 4997
4255 6145
6256 2631
8372 6840
866 9506
9879 1979
8562 5245
5390 1859
6859 5020
2013 5762
7381 565
4577 8327
9135 1877
8796 4351
6761 5235
9855 895
4580 1605
9435 9026
1950 3666
2552 4691
3655 812
1861 5418
2937 2740
697 4869
9790 8376
6182 8987
7383 4592
3809 8589
5320 2628
8504 2297
6317 9490
4883 8046
219 7415
1491 9238
9174 1972
2571 5019
6371 4623
3079 8170
3280 8779
4441 5375
7136 6301
4227 1834
6419 5858
4120 9228
1801 5492
4795 2939
7126 6428
3810 2244
5509 2048
1482 9838
4440 7321
7472 3704
1660 4483
7856 5142
4989 7335
8889 7310
6187 2157
8129 1765
7263 8161
161 9540
8310 913
1845 1993
1262 5435
4885 8197
1636 8029
3302 410
9597 6258
6281 2362
9610 4611
9455 6065
579 8606
5277 730
2543 656
3466 7287
108 9295
6233 3771
5351 8678
512 4951
7059 2447
1208 444
9573 7160
9928 8927
256 9022
55 6520
8887 7029
6104 7411
4896 2296
8797 8151
8049 5947
8481 3463
4354 9731
6506 7852
4514 5806
7679 4027
3300 4182
1875 4451
1023 3333
7848 9031
3769 7832
1083 2367
1891 3389
8582 8447
1016 3570
5240 6897
8773 5791
5027 8214
5533 5506
9717 3868
4207 2085
8891 2469
4280 4450
8523 5684
5065 2859
2706 5491
6276 9447
7856 5424
3028 7651
2289 6621
4082 6476
9676 3298
5841 6240
1350 6289
9554 5409
1391 7896
5862 2789
7443 9069
4258 1051
9731 9988
2905 7298
186 1087
5159 9878
6437 6940
3997 2742
2219 5249
9894 241
9927 8941
2189 4349
4284 6437
6235 6422
1402 5538
7165 7583
9701 6515
5905 7221
1505 862
4809 7366
4364 6711
4283 8047
2559 1473
5280 8757
3407 3449
773 3803
420 9951
5321 9733
6903 7783
212 3482
8764 6924
8333 3283
5054 255
3952 5394
7826 5036
5685 5613
6235 9060
1176 2615
6326 7354
2102 4898
5109 1088
8779 1878
92 5831
1063 3551
6968 2600
4761 1661
3507 7649
6475 3610
6886 3972
6646 9242
4617 9975
7245 7123
3038 3241
5370 2127
5535 9572
4254 6357
8042 6647
9327 1240
8128 1107
2370 4973
4236 7247
7412 8015
797 9246
960 2407
7530 6498
6898 5422
7053 7013
3264 6861
838 8814
3768 9635
8072 8874
1192 3257
4496 1217
7117 7475
6792 470
896 3841
2722 5350
6071 9447
228 1505
3497 8661
14 9087
7864 3293
8747 4858
5720 6825
1800 3687
8862 120
8959 9290
5869 350
7535 3268
6114 2774
5176 3063
9753 3454
4715 4019
4619 1374
7120 5310
9469 2057
8308 179
9495 5279
1110 390
6382 2931
2795 798
7625 434
2612 337
1947 7800
1715 2145
5912 5304
4218 18
6580 1144
3738 7062
9359 1790
4870 4769
6619 931
8081 3850
9772 4344
4394 7515
6448 2070
6340 4026
3005 5765
6530 943
9815 1957
5287 2785
1707 4540
3093 8895
4000 5204
6236 6604
1642 6137
1327 4933
7644 1362
2111 7814
942 6276
6299 1291
9608 6465
3548 962
4231 7724
9940 2211
8899 7619
755 8800
4926 1858
2961 9091
1430 6356
6288 2051
8126 1162
9600 5100
7077 9349
3438 8787
4064 7089
6902 250
8373 7471
3086 1806
9323 9313
6532 5409
7869 2786
2374 1989
5218 3432
9227 2934
2886 2883
6540 589
2662 2652
6466 2164
5848 7987
597 5567
6903 1840
9473 3178
3485 6059
7537 7383
6106 5769
7444 1988
6595 1446
9082 4661
9326 9325
9397 212
3490 6569
879 4411
8067 1251
7199 5329
2470 3346
1581 2042
7613 3014
1363 5239
1806 9486
6330 1426
794 557
5541 9980
7752 7012
1960 3874
9609 8931
7706 9698
4244 8877
3165 5838
1488 372
4269 3775
2735 1875
2210 5272
7636 6057
6276 3857
6058 7127
8419 6373
4251 5901
8435 1706
4939 8900
4438 7000
5450 6817
4413 3843
7949 4419
4978 8147
656 1982
5403 1074
5862 1800
783 3838
3070 9737
9972 5129
9864 9295
3337 1608
622 2429
8701 7790
9047 1556
9420 5081
7668 7770
7144 565
1952 4490
6782 2161
6172 9965
6548 5757
6945 6346
9013 2073
2645 2532
5485 5353
5331 1729
4764 8637
3670 112
1018 277
4894 6859
5059 4772
555 8913
7954 5178
7073 6356
980 7387
1541 2918
6836 3832
8091 4807
1046 4631
7717 35
8584 2359
3984 9937
8503 1285
3884 4388
2805 2363
1077 5765
566 6296
1907 5652
628 6778
9803 1155
8727 49
9621 3878
6478 6189
8798 1760
5581 1915
6778 2349
7161 6745
1344 5570
1110 9126
61 4925
5498 8408
2717 29
2836 3206
8418 9802
8715 1498
4684 4605
9830 3471
5347 9707
2163 7771
609 3745
693 9992
6098 8623
830 5138
8453 6090
2277 2844
129 5776
5872 8375
822 84
5910 3039
1872 8311
5855 9514
6873 4614
9306 8328
8077 6622
9717 9769
521 8413
1389 1714
5794 8811
3084 6918
6624 2456
2024 9479
8843 8500
5174 665
3588 8285
3696 1050
3250 4589
9636 4107
9018 155
3957 140
7159 674
4214 877
9475 6286
8601 3101
8921 8556
5374 6008
7567 786
1232 4270
1544 9732
626 3576
2654 7438
8315 6713
8242 3718
3294 4626
4080 2399
6013 1064
6650 1536
603 1330
4258 6893
59 6211
4774 7668
3145 9740
3187 5566
2142 9906
3668 2055
494 9960
5116 2380
4775 8631
9184 3248
2181 8197
4034 6207
7496 5989
8388 8540
5396 7375
954 9254
4785 8911
5876 1891
484 6310
6327 6156
2685 1884
8604 770
7191 9420
8749 2991
7489 6605
8430 2803
32 2420
9250 9657
5231 5553
5050 4545
5332 5465
4082 246
7961 5359
5323 4007
693 4270
7379 917
1380 9109
376 9071
3329 6935
2326 3038
1825 7826
4183 7487
4109 4207
105 1231
4370 6218
4218 365
8062 6967
7777 6528
3636 6748
1065 5598
7459 6883
524 5953
2474 9075
8075 7102
280 9584
9966 4389
5313 239
7726 347
600 1013
5626 4055
2724 1192
7271 8594
4121 1572
5912 767
3515 4722
3897 9418
8288 9479
3107 9859
476 9962
2846 9674
4628 7571
2301 6494
1823 7461
3641 1820
4424 58
1650 3982
560 7934
8570 53
5141 1317
7390 9769
5686 1343
7376 2156
314 5826
6013 4007
983 2468
7184 2717
9913 1953
9939 4066
8517 7697
5479 8095
6891 9773
5834 850
511 6988
8235 4055
7759 5173
5572 1474
310 4171
1631 3049
1580 8193
6240 3404
7685 7806
6701 8858
3883 7929
7398 351
1390 5653
248 4555
1538 2439
5811 2062
6616 1372
5461 9855
5830 7630
1913 9870
6562 2724
5127 937
7614 5013
2940 9813
5025 4496
6742 1894
2849 4863
2761 8861
2490 2046
209 9276
7271 2747
401 7795
3543 9033
5673 6350
9498 900
2226 1449
1050 7150
6373 9056
4017 3441
8130 5571
4926 2812
741 8457
3255 8467
927 5249
2499 6690
7546 8183
4956 9840
1041 2435
755 4442
1160 4878
7144 2627
538 4576
6436 3832
6821 5441
798 2886
8446 9206
2683 3672
6909 4341
9486 4869
4841 3045
1401 3680
4175 5106
7769 2066
3924 7485
6400 6290
2397 1286
819 2364
3027 4413
7282 506
3133 5184
6926 3679
3484 5652
3065 5665
7396 7466
6140 6571
4221 4947
3656 6156
454 8481
7061 8049
5064 957
4498 1232
4938 4774
2328 873
4829 8853
3346 1664
5051 9533
8695 683
2402 7162
6892 7008
5237 9990
4435 951
3231 904
1176 6572
7545 9274
1979 6378
4595 1495
6634 3696
6737 9397
3420 4777
5285 9530
5694 171
6212 5366
9521 6313
5486 7566
1794 7154
2882 2661
5543 2859
7797 2932
9073 9062
440 5515
42 1191
9256 3331
9083 2116
6955 8889
3660 7198
3849 5493
276 1110
7927 4840
9955 8012
4219 1944
7766 7267
2383 9638
561 3305
3233 649
6709 9651
2297 7159
1924 9247
3398 3107
1591 2411
9202 8436
9376 8646
8259 3592
731 3095
6228 2246
1696 2449
2746 4963
3976 3123
281 2355
2050 5048
1380 6269
7243 8022
7477 6153
6641 4499
4552 3095
9792 3198
6251 9454
2422 2762
6610 5370
4303 7362
252 4923
9887 4796
1401 7908
4715 7783
5412 3788
9297 9634
8499 1288
3273 2628
4117 8897
5659 4050
7155 8430
9745 7068
8424 3692
2441 8569
46 9603
9736 7852
732 4338
4978 1259
119 8385
4647 2515
9738 590
5571 4028
2943 5067
1620 3346
5741 4974
5299 264
3633 3075
7951 3003
7709 1188
8575 1205
734 5251
7203 705
2354 7519
2169 6380
7227 2420
5082 4219
9072 9761
2867 5989
485 689
3735 6881
4244 9561
2097 2113
1824 5922
3661 8781
7784 9540
5690 8555
5772 3349
3212 1809
2245 4858
7843 4455
3800 5070
8021 7177
8311 600
4860 9603
5351 8052
2496 5764
2094 2922
4923 2258
7644 4573
252 5063
4374 5421
3158 894
6018 6619
6340 2389
9951 2215
3318 9858
1905 4267
4988 61
7364 7766
6408 1731
1574 755
7955 9930
7514 1668
8167 8837
7482 7245
1740 6765
4665 7909
2266 5046
4613 9776
1727 7111
9062 6144
3840 7782
8657 4160
4447 7703
1710 524
2849 3308
4637 9373
3609 4351
4086 1770
366 984
1016 9695
9952 6211
5314 3015
1546 9339
3635 7752
8025 3822
9109 4113
9097 6719
4965 4259
7117 240
9816 5612
1453 2491
2890 1973
8670 691
7577 1825
7117 4056
6878 4680
4287 9453
8710 2817
1445 3847
3047 7846
5271 7749
9406 4310
2620 4826
8335 2857
2317 4670
4866 2630
9632 2542
4136 3431
5632 6511
6194 45
9669 3296
1640 3495
5636 3041
8859 3195
3224 1542
5227 5122
9595 5325
5331 4240
5348 7335
3723 9127
208 9206
1937 4942
1416 6584
1890 4269
2008 8519
9761 6537
6581 4030
8145 4217
4099 1727
5264 5539
6800 7176
1320 4801
2634 4100
6047 5296
2434 1038
9353 7556
8562 3343
7527 1217
8887 3184
6782 4118
439 9786
9845 2183
1253 5845
4024 1810
5203 5677
2781 1193
1500 9150
6809 5728
119 6824
1388 5282
2687 7607
1357 3894
7352 9188
8076 8418
1119 8528
8501 2865
9526 8596
8204 6251
2824 1059
9257 1005
9847 4223
2924 8747
7838 7535
8219 4200
6603 5617
9050 9623
8723 7173
9465 7388
249 7429
206 4360
9109 1817
1225 5051
6474 9075
2405 4308
7042 3257
4986 3475
5034 637
2095 3373
5624 3425
3141 1670
6129 7977
6637 630
6978 6551
9465 9093
6021 421
3022 9198
3397 3172
3433 3235
8115 8960
155 3706
7962 9596
9026 9313
8691 6850
4881 8806
9508 7486
1554 4144
5350 8530
6906 1167
1692 1143
195 5561
5154 7682
1556 725
6336 5344
4756 6893
4637 5207
1718 5350
8937 7663
7270 6956
8171 2510
1772 2674
9987 3626
7314 2779
7874 3104
7289 1732
5017 3541
4243 6560
378 5932
9123 9269
1196 432
3629 3559
5714 4240
9034 2522
1130 9123
8440 8373
7679 6341
1844 8767
3182 9281
6803 7028
5421 4974
2840 8202
3355 528
3798 3336
4220 5963
6410 371
9725 6733
5784 1788
5099 4614
8457 7900
7949 6196
8613 8483
2550 9995
8423 487
317 2060
6052 6167
6373 2122
9683 5331
1139 3788
8847 602
6248 6211
1373 2421
489 4419
4217 289
4381 6637
9286 6254
7088 5560
1513 8685
3875 9161
5444 2894
8497 8487
3876 7196
7481 7495
6219 6845
4518 1098
664 9257
4594 3018
4239 4241
6671 7082
3015 9783
1664 7927
5672 7797
9223 7344
4506 9221
2482 8092
4922 8786
8613 8524
3148 6661
4786 4308
8318 7254
5535 8890
5769 8340
5116 9654
3123 2500
8967 6649
7800 5702
8509 8435
9556 4828
2431 7511
3784 1667
2043 8405
806 3519
1006 8660
6881 370
1884 5835
5652 5878
2118 417
2627 1852
1763 6164
2721 5295
5293 1916
6639 2501
9848 4152
3879 9854
5794 8296
6088 3247
2474 2778
6939 5896
8163 867
2996 4615
8528 9999
1942 6303
1610 2504
586 6428
9443 2898
7356 6785
19 1502
8714 3675
2648 4597
4043 4854
1427 5294
709 3236
6903 5183
6359 220
9561 6276
2622 3574
7002 2175
2802 9892
9140 3319
9467 2033
9404 134
7354 397
2324 1337
7836 8637
962 7425
6577 3060
5803 5583
6247 1335
2372 1802
4780 2500
385 3301
9253 8563
4475 8044
1326 9713
7710 106
647 1829
9830 1334
6213 7905
6893 2840
4402 3674
6272 3341
4925 6678
8806 7628
7051 5551
2123 806
6399 7890
1672 8033
4639 1214
2543 1883
6969 398
7614 4295
71 8973
6468 8255
8904 3918
6320 9645
3958 9413
3577 5510
