placement model: 1slider
width: 10
height: 10
number of points: 4000
4139 5668
6766 5939
7417 6609
8103 8397
704 5924
6805 4582
6425 7322
2869 4845
5074 3565
258 6274
6692 5367
487 1757
7618 3158
7677 7204
6239 1205
8326 5120
4794 3169
2884 5943
3741 9758
1590 1063
5801 6654
526 4691
1269 9068
7188 3288
677 6931
9647 8036
8923 5865
6677 1729
644 4293
8543 6877
2024 8495
8320 6731
3284 5848
463 5107
9237 9964
7646 6803
683 7304
5424 8102
4603 7723
2916 621
515 61
3796 3780
6499 1651
2953 133
5482 8433
29 8748
9585 8590
5033 5533
1067 1551
6119 3956
3876 7056
5540 9894
6091 6149
2656 5461
7635 6098
7385 1834
8854 6800
7456 8837
6830 4553
4960 3808
2507 3667
4732 769
9460 941
9094 6303
1653 4410
8815 5616
9169 1996
1255 493
8684 5586
1722 5534
6472 724
7714 712
1470 6765
1050 6695
961 8988
6081 7672
6459 6032
9169 2832
7324 3113
683 7475
8849 1415
6416 8195
4935 8037
7093 5788
4610 7820
4175 2584
246 6709
7768 9875
7220 9994
7564 6955
3265 2666
7523 148
7029 5228
7945 6064
7676 2813
1429 5175
2784 3751
3946 1112
6650 4467
6481 4088
8013 2443
7946 3171
2159 7321
963 9723
2592 5609
6394 1384
5147 8264
6443 2734
9576 6575
4531 2639
6214 9756
2411 4847
8709 7510
9176 326
8359 4742
4562 7470
5307 138
489 9543
7360 9476
1011 9048
1278 637
9750 7466
6379 8925
1145 1610
8068 8094
2918 3275
3597 6912
5526 8821
1295 180
9110 8147
6452 8606
9666 5770
751 655
1088 5215
7731 7278
2493 23
6533 5712
9917 156
2010 3837
706 7554
7368 4323
6025 9583
8813 3897
7374 3979
706 9193
7984 8956
985 9860
8538 1759
781 1900
2800 7145
4746 6345
8697 7834
4406 4479
7642 2784
4970 4707
8425 2431
8138 6569
2735 2816
4412 1060
1518 2968
7373 6056
6572 5044
1922 2422
1181 4122
2893 748
6444 8199
1296 3813
9293 6331
8009 8959
3531 3715
3454 4878
2182 2956
349 9356
5732 4166
2538 5146
2882 5850
5850 4071
7722 3349
1989 4394
7032 668
4326 2206
4056 8985
7728 5211
1099 7218
299 182
258 2525
9419 9604
4278 5624
8770 2204
5251 4350
2402 1747
7537 3957
5184 4145
4462 8301
3535 8915
5522 4200
6331 163
1437 2674
3676 4143
4373 1656
1736 1279
3261 1145
9589 9300
4788 9547
3051 7512
866 3003
5896 9858
3194 7970
33 1342
8307 872
6035 1886
1476 29
5325 4576
6252 4942
9382 8862
3222 1697
8341 8100
6665 4285
3970 6003
2912 7103
4120 8172
3717 7637
4312 8545
5974 1191
3387 5332
7778 2426
3070 7770
4945 5191
962 4913
4886 5932
4350 3960
8114 3657
9356 9626
7757 6371
6626 361
2807 4892
9175 2707
2457 744
3895 8238
6257 9628
7856 2309
6069 2942
96 8144
6707 4109
371 3703
3886 3007
4163 2073
4333 1603
523 2788
1504 949
2631 4853
2439 9721
7937 9211
7936 4222
4802 587
7895 3357
7184 8102
5427 5177
232 1016
5256 6384
8276 8469
2388 4326
7174 8979
3242 3817
5163 4774
4988 2535
2882 1681
5672 8707
8004 9875
9607 8374
1495 4090
992 1889
566 9358
9677 4136
7964 8739
5354 739
4234 7859
654 2875
1210 6473
6185 2666
968 2405
9582 2543
2816 5619
2508 4868
8374 1751
5388 1601
4935 9958
9718 521
9049 9415
4338 3540
2059 8670
5378 2301
5798 8468
5064 2796
4338 8074
2180 1545
2030 3345
7053 8430
6376 4542
4954 646
1629 5327
1812 3487
6814 2842
3157 4631
5283 2193
2419 3871
6634 3753
6523 4174
5384 2751
3479 467
9721 5766
7250 9013
312 6490
3256 8388
8457 5206
3491 985
7571 8922
8604 3713
6194 7951
1079 3578
7498 4122
5727 779
2976 6351
8741 1683
6067 5284
781 9908
2933 3737
3820 4612
7546 622
5422 5568
4339 9486
2955 672
1245 6656
2590 868
6884 605
7488 1835
2824 4464
4587 1875
3278 8356
5748 3661
9128 601
8620 5536
1185 8054
1646 5000
1808 2422
1530 9917
3218 10
1030 2840
5955 5709
5081 887
3699 2146
2596 3915
7026 1160
3195 5757
658 9597
8088 1907
9998 5619
9047 8499
6148 4204
3179 3223
4301 6680
5201 9700
6886 5393
6846 5834
4919 5185
9618 7555
3331 8509
4822 3572
6165 6820
4432 6876
2217 4533
4395 9324
7122 4473
9201 9169
5558 6922
3886 81
7651 6789
2712 3485
81 7429
3314 3528
6927 914
4610 5194
4098 6637
4324 9637
4084 7682
8279 5109
5843 176
8799 3446
1807 3705
5285 5000
7176 3209
1164 2972
5219 6883
8555 7937
4221 2399
593 5680
2342 9449
7249 5855
2600 9280
7067 4456
3922 9585
149 9868
9536 2340
3454 5702
9567 2204
4226 4900
3797 1017
4080 1981
4111 9165
1524 6992
5802 3281
7650 8751
3781 2268
193 9947
7509 8371
6274 6464
8845 8982
7323 7461
1804 3196
6088 9503
5738 5262
11 4829
8651 247
9701 7152
2670 8048
910 6754
6917 2667
5249 7080
9249 9000
298 4157
3092 5738
3445 7525
4630 2706
3100 186
2386 4361
8564 9298
9498 5122
5442 6117
9005 5609
8163 1238
3551 2457
3952 8759
3075 9545
110 1553
2594 7377
8719 5026
762 247
512 534
4064 2542
1826 9454
9065 6426
5342 601
1737 5612
6319 9210
5146 4718
3290 241
6006 1006
6930 1249
2250 6976
9048 7762
1863 2031
143 2488
187 321
1136 7993
2683 1454
7935 9861
7378 3264
9394 5746
8795 377
6548 4162
9524 8628
450 662
4419 5030
341 6200
5715 9510
7706 5823
8995 667
7211 3375
9134 3868
4485 8361
2845 4657
8434 3426
9292 8962
7907 6112
4938 2913
9047 1550
36 7596
9948 4372
516 5531
2900 4645
9411 4568
7888 1871
8978 6257
73 3475
9986 3807
1264 6586
4359 882
9329 830
495 9082
3528 4877
2118 6511
8818 8752
8102 2318
1330 2187
521 7207
2209 2557
2023 3429
1908 1569
8639 7698
8761 6820
5741 6025
122 975
8413 290
7153 8416
6052 2470
9246 709
7287 4181
9756 1556
2562 9325
8895 6366
396 4800
8290 5278
9665 2024
2814 6600
2644 3985
536 529
7464 8752
6164 8462
9820 5919
8570 8969
7055 4358
4079 309
4893 5604
9778 6292
1213 5975
8585 5140
6642 7030
5830 9808
7095 5480
2399 5160
3928 1975
3399 1129
8251 7554
9472 4266
5127 3613
201 1587
7304 3183
8150 9526
5758 7414
9750 121
8446 2059
2794 2826
1435 6015
1819 5436
6566 6127
9135 3580
3307 9407
4553 7526
3506 5320
9529 111
7755 7472
9180 5883
6844 975
707 4498
8148 9759
3154 1766
7743 8949
8698 5904
1547 6536
8673 1389
4571 7238
3184 6387
5208 4991
5389 9182
4230 2146
6613 9944
2302 3950
2568 8980
6664 5429
4912 2596
9958 2928
2718 885
2664 2435
2750 4029
9463 6121
7726 3175
9769 5525
6918 2022
8722 1136
3818 1931
3979 4222
8705 7801
8236 6429
9003 8403
2060 4738
2261 9176
5867 7484
3092 223
4028 5008
4378 6576
6896 3035
2393 1460
3511 985
3270 7600
8843 1760
5783 599
7974 6744
4054 6492
8013 9491
7249 3582
6646 7194
8704 6427
1626 9485
4447 5819
7390 5401
3063 7122
6542 4071
4876 9014
8793 2718
4068 3672
1983 6817
4664 1750
4336 6403
895 7399
7567 4257
5208 9659
1324 3863
3604 5282
8020 5118
1365 1428
9477 831
3549 5061
729 4114
980 4151
4441 9620
1922 9833
3334 6440
3383 1091
884 7285
1395 725
6702 4157
7777 2325
7346 4352
9294 5726
5082 8313
1415 5867
8533 8223
9287 9662
9741 9169
2751 9438
6031 7110
120 9749
9278 4450
4625 7189
3793 1246
4870 1068
4445 7707
9995 4412
3568 7919
8061 8580
3513 5558
1914 1956
2128 7006
6057 4293
9642 6035
3730 1415
5444 4456
9623 7339
8560 8237
6681 5676
40 7121
6369 1224
8069 8657
8298 1997
994 715
4149 3363
2669 6273
148 5569
1819 4717
9646 179
2341 1626
219 4936
6110 7472
2612 5395
1812 3094
5162 4364
8376 5999
3251 7023
675 1445
3934 3866
280 405
8241 1768
2265 5292
8672 184
8740 204
7807 6952
4617 3482
3634 2831
7114 8729
2181 8860
1815 304
8206 8614
302 2177
7903 3559
3212 6988
4234 6138
5746 8312
4635 7731
1463 6297
8320 5848
4875 5271
3244 5040
8158 2622
6331 5907
5700 8320
7502 8575
3965 4842
2697 4157
7671 3330
7926 7459
7106 7062
9485 4556
6662 4358
3641 4083
4188 2919
2719 1699
4364 7692
4856 1098
8577 2963
9466 6711
7970 7971
475 6959
9686 4757
5436 9242
4492 3858
4560 8923
7566 6359
968 2494
6338 4016
7377 3963
2135 8169
6563 6292
7077 548
9803 123
9283 4766
67 9470
3197 3412
7410 3445
470 750
5470 7778
6476 9854
1383 9340
613 6149
8328 4702
698 342
1733 5847
7178 359
9133 3092
279 1595
4842 7790
4364 3775
3763 8341
847 1914
9170 8261
7965 6523
5103 8664
4228 4874
9203 9454
967 2350
3568 8410
6792 561
1010 5807
8663 878
9234 5512
9827 9356
1250 2324
9227 5641
3163 5178
1328 121
9336 8638
7390 8656
1826 5221
6710 7625
2373 5300
4099 1209
3579 9558
861 1987
4366 9471
9106 965
9119 93
5717 4368
4600 7183
7718 1720
136 2798
8287 9539
3276 6896
7084 1291
6655 6527
3332 1129
3023 1514
2432 4617
9253 2267
968 27
4155 1681
3477 4549
3908 4215
4059 4042
5324 595
1732 4026
714 8339
2339 2820
7088 9256
986 7233
3262 9950
7220 9021
7623 7677
8592 8311
6030 6735
1842 956
1507 8253
4097 8257
117 2465
5364 5136
4002 6492
6582 3065
7630 5354
5294 4571
2573 5792
646 4752
8737 4681
3258 1027
663 4259
5330 9835
9120 9315
4203 1718
7293 8763
6511 1612
846 6214
4486 2573
5207 7784
6857 9976
4341 6003
8934 3005
8100 9670
8812 4390
9622 8756
828 3228
4609 4917
2615 9594
1664 1093
81 2137
8549 9308
9760 936
8354 513
7136 9417
9882 2240
1657 4733
4445 3415
281 9660
2503 6866
5092 5164
6419 7916
2144 2184
4155 8526
1196 3605
2854 6165
5782 1535
433 910
1998 4643
1694 2163
4258 61
6107 1655
9023 4102
4051 6321
9968 6583
2978 9813
9405 9197
1229 2908
7929 6379
1750 1056
4760 4215
4491 8137
4071 9523
6463 6962
4494 8286
4594 78
8610 1957
4248 827
3116 7620
478 9325
891 9520
5167 7189
9160 3237
4692 1079
1630 5117
4141 2955
5466 8898
7462 8360
1738 693
9980 3852
9845 9365
5260 4368
804 8716
5391 4778
9581 2057
9628 468
3630 7352
8760 9639
5119 2275
4650 7107
4965 4185
3519 9074
3944 3628
5172 1576
2206 4354
8649 8704
1347 6222
5206 7685
5851 9043
3675 7674
6512 1847
9280 8414
5729 6125
8873 2093
7951 371
8668 6936
6546 6801
7454 5015
3961 4349
6433 8889
282 2841
1586 2564
5253 5350
2274 4064
1545 2515
2653 224
9481 635
1613 5343
5778 6107
4206 5856
4480 7373
87 3832
4757 7073
1036 6706
9855 8636
5861 7527
9916 7021
865 1352
1898 9345
9200 8486
1749 8811
9505 7871
4857 3573
9388 8918
3735 6926
9226 7048
3139 9480
9931 1734
5367 3674
3517 2512
7877 5264
7260 4335
2134 6264
4856 6037
7194 2111
5053 7115
1491 4102
9554 1871
4637 8783
8028 2118
6096 7881
439 425
7226 133
5121 9155
8928 6753
9761 6859
7777 4773
6584 4530
9563 8218
8560 6947
2742 5760
638 9151
9205 7381
5968 5914
8349 2834
11 1419
4221 2525
5504 5837
9872 8813
4796 4932
8275 7492
4082 4858
471 7751
1231 8873
7222 7603
2703 1691
210 192
1567 6883
5021 850
1131 5969
8992 913
6622 2245
689 5630
6960 6785
7684 1842
3124 4890
8607 9923
8484 7442
3794 3177
7103 3158
2883 3765
7520 9536
9965 6123
3889 5482
1677 7419
7965 9306
952 159
5408 7360
2938 1893
2358 8083
9563 5662
6567 2219
5694 725
9400 2093
5995 4106
9472 5894
2806 4714
7130 1811
9325 5319
9672 8683
983 1603
4306 1618
6302 3281
1764 4860
8194 806
911 665
4783 7772
85 8176
8274 6709
5240 374
5925 1355
4432 8562
1335 3237
6459 8864
7442 4160
2793 9646
3041 3455
6631 1516
4717 2832
6282 5991
6720 6125
9595 6430
7046 906
7885 4467
3245 3746
7943 3645
7038 8549
2854 3969
4828 9974
9737 6900
1467 6832
9066 3641
6605 7996
5564 7720
4601 8537
5913 5259
1759 1444
4993 7236
8813 6165
4090 6541
9272 1836
2314 8288
5247 6489
6186 6852
1606 4360
1215 9684
5104 5688
4922 1758
281 5130
2456 3228
9323 162
542 6340
5911 1132
3804 4198
5589 3045
4187 7142
3127 5429
3584 3316
7896 8360
1874 6067
1458 4518
4008 2883
320 85
7836 3869
5181 9630
1748 857
7642 9988
1838 8949
2493 2436
2291 9349
4352 8894
6226 308
7098 8028
7850 947
6922 3228
5552 7882
7571 5190
4297 3108
8790 6177
5975 6309
8547 4600
8257 1075
5875 5927
7759 1561
1693 7984
4479 928
1010 4129
9553 4794
8149 4437
9677 5399
3879 1741
691 2825
5312 1028
7734 2850
3566 2660
1912 4221
5640 4330
2124 8189
7857 1090
3138 1416
4750 4931
2469 2984
3453 1494
7331 2592
11 3889
9620 6386
2355 5519
1422 4886
7598 2821
1541 5828
6339 4654
2552 9139
5749 516
6711 8286
4753 9475
6128 2679
3556 1070
1834 7455
5602 6165
7456 2692
7754 2576
8098 3001
5086 5757
8551 928
5429 814
2150 6407
3851 6765
931 1616
5369 6747
3234 7419
2855 248
9881 7549
5361 1122
7792 7925
5157 5039
6773 7885
275 5707
1154 991
6872 5981
7190 8194
9963 3301
1365 4881
1269 2909
5571 3142
2382 9030
7169 6032
5337 5684
3945 2818
5319 8654
5810 4653
5948 8207
319 4662
134 5779
439 2522
4551 5563
5917 9977
5763 7194
7039 8502
6639 9051
9 2791
5188 4444
331 3766
4556 9703
3481 3294
9079 9633
825 1314
9853 7084
2316 3955
590 5890
1566 1240
7909 3025
4196 5583
5736 7247
1834 4724
4381 611
3156 4104
1446 5581
9142 9710
9440 1536
7559 2167
6442 38
6126 3577
6012 8005
7315 3543
9657 6883
2939 7636
1834 3591
4429 1763
5995 5537
2960 95
4800 23
6291 4650
216 3748
4364 4391
8041 1300
8330 7305
6906 1284
6511 3622
9578 5432
2779 7634
2306 8692
7515 7939
2343 6442
5792 4392
591 6134
8164 4604
4067 3138
3088 9964
5686 2156
6743 9954
1798 8906
4590 6489
4624 815
4467 4287
9215 4477
4924 695
6139 3263
9329 3388
7722 1921
3516 2782
6386 6902
848 8314
7740 3667
4639 929
1437 9647
6723 5339
9337 8313
7673 4754
5109 4194
2587 5457
7702 4242
7875 2996
844 3034
592 4178
4319 5528
6887 9660
8851 2708
3196 1766
986 294
8642 4266
405 1677
1392 4869
530 3028
2265 2041
9454 7094
3147 9975
2940 8534
6448 9741
6717 1295
1291 9102
2030 3800
4505 8036
6144 5332
4236 2103
6409 6668
1527 2543
4063 6222
1086 4753
8089 5850
5090 6043
3914 2370
702 3806
4503 7242
8954 2962
1698 219
3230 778
4269 7799
936 9025
6479 6772
1404 1466
3331 8002
5403 1733
2808 3824
9815 6262
3888 7655
5066 757
9586 290
9992 8761
6385 2157
7804 955
8404 3239
7295 495
3713 8866
1641 5671
8870 1456
3638 7182
7208 9197
6295 9713
4383 5349
7234 2238
696 9836
6293 3823
2240 9156
4200 7485
4600 3544
5641 4900
9696 1542
911 9605
3092 389
5984 1310
8706 535
7779 4966
2761 4319
2098 3163
9369 2543
9959 9131
9258 3261
9523 8497
5960 1055
5226 2608
4256 2282
6731 4883
1099 6455
2261 6571
76 248
9492 2018
771 4986
6968 1924
729 7223
829 6566
6477 6815
4216 2177
3041 4763
9600 8666
5152 9915
5675 490
9857 8715
2923 3597
6438 7490
9272 703
6504 4812
3102 9475
1346 3408
2481 3453
9372 5373
6877 1253
5754 5472
9283 9006
1831 1359
3438 8150
3049 259
6320 5691
7762 9968
3636 2125
1587 950
8690 6215
6574 6553
809 6279
731 3550
9160 7771
6911 2503
872 4526
1917 469
7815 4834
6713 2103
2744 2518
5828 9872
9141 4328
4508 9167
4625 5779
1436 519
4290 69
8357 9324
9923 9644
1460 8278
996 4587
6633 8444
1741 1366
5966 8643
29 7214
765 51
3081 3122
6425 9768
3004 7967
443 589
4551 2259
669 331
967 1848
4862 6531
4048 6789
6733 1511
5803 6829
9473 3818
5081 6102
413 478
2748 4041
2866 26
2864 9264
8396 9349
3602 3508
7421 2561
6437 5878
8054 7540
4548 5151
9159 8188
8608 7106
7651 2439
4205 7194
3472 2744
2388 413
6529 7279
1145 8707
8615 3044
2859 8107
5600 7786
1676 1096
2444 8577
6336 2893
8718 4304
5117 1310
980 5715
9167 7605
8271 2586
8591 3958
2201 5547
624 7647
8707 7561
3434 3440
7194 9680
3632 6777
7435 3121
1258 3576
8578 4711
9535 3483
224 1115
1636 1821
1573 3490
5550 5275
7227 3150
7117 2061
8758 8178
6243 4652
3131 37
4648 6854
8554 4341
3727 7424
4205 2160
6381 3075
8787 6692
6369 4826
1528 3375
7175 7578
2536 1108
1517 1335
6294 4823
4544 9335
1661 3787
4217 8942
386 1780
123 8894
2504 5892
9087 3812
3037 151
999 8726
1015 6254
6838 2884
7882 4515
5163 1638
6259 3506
2012 7339
6948 8930
1860 6821
8238 2799
465 8851
2938 3134
773 5199
9955 44
2303 9318
9250 8271
6927 4468
9118 2201
1270 2219
9363 460
4966 5067
8053 5730
7419 4144
6595 2314
8561 3567
4877 1091
7260 9280
2485 8228
5952 7127
2032 7897
8267 9405
3422 1539
3850 8717
5348 6736
6090 4609
9066 5995
7667 6560
3441 6828
6572 456
6278 303
4717 582
9604 8519
1647 5178
5166 9226
6039 5990
5172 3465
3778 7919
5036 6324
9575 5408
7338 1086
9309 1479
953 3689
8160 8022
2965 7743
7446 5069
125 3074
8837 6032
4527 3173
6808 6886
8430 3285
171 1804
7061 4848
6429 3697
5419 4570
8371 7671
8604 5299
6023 9985
5811 6279
1504 560
2599 9367
6288 2222
2265 3711
9050 8323
6026 1140
2036 9137
5429 735
9052 5279
3907 235
8074 3266
2937 2046
6268 3274
7741 3057
6262 5502
8965 2049
8991 2947
2136 7554
9386 8324
4618 4837
3027 4600
3022 2824
5980 2662
1812 8610
8189 8064
7300 5540
32 8106
3800 3070
9180 2458
6691 7938
7123 1982
2787 7291
6039 7156
6726 7475
422 6960
6150 6244
4253 3010
4634 5783
1802 791
5598 7607
4173 9622
8229 2350
3584 5712
1468 7696
1179 9257
6317 2522
9310 4049
2548 675
6216 7269
9214 1556
814 4460
3496 9867
1877 7005
3621 7422
8789 8932
3671 5505
7270 7433
2548 2730
6945 4156
6054 5413
1841 4359
6930 1280
7584 350
3431 5893
1312 78
7070 5533
8659 5045
5905 4931
6680 1148
1908 6294
4752 639
8347 5108
7679 3661
7492 8858
4415 7705
607 9239
5394 3410
9524 8934
184 7307
8214 3496
6212 3164
8190 1260
6845 6062
7040 6755
7795 8645
5154 375
6995 47
4144 3294
6989 7740
2517 2332
3974 4144
847 9251
8392 1909
9281 9637
7002 8435
6713 2824
4975 9658
3794 2053
7623 736
1985 8059
8414 6014
5866 4152
7894 1072
6445 2525
5014 3855
888 333
7407 4649
9607 3493
7329 544
8732 8410
478 3252
4412 2018
9943 2803
3447 3721
2658 4563
59 3572
1612 5750
1337 5001
1426 9162
9367 5889
2642 8333
7531 4809
6460 6295
7884 4948
6841 4314
9155 6859
5445 7875
3543 7456
3467 218
2945 7368
3164 2141
1766 9018
5194 199
2730 1258
6297 8969
6750 9996
4234 7225
2065 9586
9229 1194
6721 8409
5855 8277
3246 1683
4157 5064
3081 216
8153 177
8811 9026
1171 6385
5169 3002
5867 2803
9613 8560
1165 267
9093 5390
4360 6332
9100 7341
1236 3213
9748 7570
2541 1546
334 9904
7575 2170
5775 8321
5593 6782
3327 1960
5063 1899
5944 6274
181 5927
5551 8731
7309 4694
7641 1874
3908 8759
5095 296
5137 2592
3259 2815
2551 2530
8623 893
8063 76
7108 3443
9332 3227
1041 6020
4210 3042
138 2532
4265 7271
8899 9595
3235 1753
9290 9496
9333 1100
6728 6109
2960 8849
2137 7799
8759 5415
2082 4877
1561 6931
3768 8126
4985 3211
7953 283
388 3438
1218 7337
7784 8392
997 8438
4426 8742
3447 524
1178 5988
2810 9838
8406 7398
8782 3860
3479 6666
8779 4947
7111 730
4873 5979
2572 1824
2757 8159
1684 9143
268 7209
454 1382
7915 3690
7367 3161
5194 5249
8732 7708
654 5632
7163 6769
7887 8390
4340 5768
6833 9211
3938 2868
665 6627
9302 3338
6383 2418
8931 50
821 9636
6876 4172
2520 1048
9946 1888
9271 8002
3680 4016
5912 1258
8255 1753
701 8155
8291 6795
8829 6754
499 8153
2350 7700
9257 2883
4185 2744
9200 4551
8995 2926
9957 3924
3357 5595
9570 5550
845 3781
109 9463
4146 9135
1737 5216
7463 9801
2766 2306
7870 2114
6841 169
4042 5987
9784 1868
8063 3013
7233 9863
4875 2653
7579 9550
4061 8835
2630 6658
9834 9448
976 2334
8323 228
4506 3920
3764 2567
6635 595
9439 9847
5907 5254
8743 3946
2298 109
8516 2741
481 7735
284 7863
4676 2436
492 9937
6249 6062
414 6229
2502 5037
3349 7620
8140 6474
8531 3404
2413 257
8262 1590
6534 7460
2692 8142
8817 8090
9479 3712
2055 490
927 4891
3576 5270
360 7436
5477 6281
3162 3251
3944 1939
172 9911
4998 6990
9779 4703
5002 4693
1493 2223
8382 4331
9396 7497
8313 6219
4157 6178
2204 3055
3693 8199
1300 5677
5798 9063
1045 1835
7804 3763
3967 2432
180 1936
6995 626
5659 3638
622 8240
4560 793
2130 9230
7008 5360
496 4688
792 1673
7344 3558
5451 5302
8777 5496
8637 4146
5502 7069
8972 5417
9436 7871
5309 5522
9096 8916
3959 8281
7229 3094
3944 665
7662 723
6129 5807
1999 5740
27 5788
2228 6506
9812 1237
1650 9395
350 7405
9397 7965
7057 1323
2637 1838
5674 6598
9160 7250
3800 9949
5393 4771
118 3804
3945 649
8712 19
8288 2844
7953 6165
16 3780
4504 3781
8086 6007
6508 701
8426 6606
7885 8955
6563 492
8552 227
6961 2181
753 4298
6210 2128
5711 291
1700 6233
5549 7823
4273 4551
2643 3489
7249 3805
5873 64
9035 8114
2840 3629
8002 6125
1628 1727
8367 9376
3535 1659
9550 2652
227 2351
5833 4966
3384 2936
5022 5034
3928 8077
5111 4103
1914 8889
8882 6504
8358 8841
9503 3380
7960 3623
5054 7946
548 6461
7092 9652
7485 4885
1138 4809
5169 345
8994 5011
8791 9927
5511 9177
7895 4785
4800 3017
3325 5405
1507 9336
5607 6603
2500 1941
6520 601
9967 5244
2906 7941
6523 4839
7216 8489
840 4826
3300 9941
340 9870
7958 5875
3226 2052
4027 7303
4687 3132
2259 271
4313 111
983 1562
4171 2387
4581 761
93 438
8630 7822
4796 3285
2841 6657
4685 349
8771 5675
98 3693
4354 9573
6021 1328
1189 9586
9628 6091
7547 182
4807 850
6743 3612
9894 7903
1984 9692
3668 5193
3738 597
6716 8370
3438 7785
8091 6991
6409 960
6808 5134
2394 3142
9397 6074
2761 379
9135 4340
1785 7775
5361 9118
3432 3602
9224 9698
2321 2886
697 5800
568 1219
6197 4422
6794 8428
7401 4749
111 5780
7427 647
8456 2701
5986 2746
2731 7514
6788 9875
4300 4335
317 1587
2155 5914
1166 7085
5347 5396
3696 3817
7258 5599
98 4045
7027 902
1020 9053
8236 4007
7782 6828
8583 4958
5389 1809
8737 5862
8815 7818
5810 776
4356 522
177 3413
1894 7757
2040 6293
9954 5550
7205 6136
956 2082
2366 7213
8019 6023
2475 8724
9502 8037
7339 6131
8789 4370
3267 6563
4108 53
1277 7127
3032 6228
6158 7086
6576 5390
4455 412
4185 1313
7385 3353
3258 3113
6755 2439
990 9942
2898 444
8389 920
1603 3620
9097 1539
7484 6515
6720 7681
8345 7384
1617 5087
8721 4132
1732 8810
5263 3604
5556 6114
4228 2436
1863 1721
6901 6414
1073 7897
359 3505
4089 2491
3143 8222
4183 3210
451 4925
189 7740
5606 6716
85 6941
2401 2354
1441 1852
8568 1454
5577 1828
7042 9334
6546 491
2463 1888
8416 781
862 4982
305 323
7063 827
4290 8186
2106 1280
2704 7423
8612 9818
3625 9799
3198 5794
3580 4644
8682 6880
1752 8423
3716 7150
5021 1174
3326 4779
8443 2984
726 348
4659 703
1495 9027
1180 1348
9342 1475
8816 9266
3474 3683
9123 9635
7534 1723
6024 4267
9514 1914
8530 3987
6549 6192
2804 5856
8807 1442
3832 7854
8370 8987
6318 4192
7031 2189
9254 3343
907 9486
938 7433
3604 7266
2265 4434
8162 5860
4796 2526
1031 2181
9515 9346
5153 1963
1031 3377
1664 8057
3625 823
1403 2877
3054 7504
5485 6303
3140 3610
6118 1587
8328 3841
4224 7383
3291 5214
791 5830
5348 5807
8381 5067
8009 8853
551 2064
4939 5208
4365 505
2437 4675
1615 2123
5814 6528
1243 5245
5834 1153
5266 8618
3400 7216
590 631
5433 6371
5816 250
1311 6910
8220 1062
9964 2289
8707 1922
8501 3365
5250 6483
4203 7956
3352 9501
1539 371
7261 2911
2017 9204
3870 126
6849 5867
1012 855
4247 91
1102 2814
7870 6140
8354 3578
8667 5183
2742 4391
6706 8683
6086 2432
7488 8150
542 6452
6820 8075
4089 5905
8580 8226
3893 4221
8443 9808
4513 316
2130 6510
2684 9889
7829 4648
5293 9312
3075 248
7602 2729
2838 1639
7309 6998
3795 6000
3944 115
4072 9006
1773 1280
4754 4152
4868 4323
1227 9092
1769 9201
9127 9660
6542 941
9655 6027
3575 9801
1635 4667
1092 6381
7206 2400
7103 2112
612 461
753 5162
3319 1978
1553 101
9394 168
3943 9738
5616 2847
9038 2389
3829 6018
4200 2373
2253 3472
6224 7596
235 2862
8981 8077
5951 4765
214 8219
4478 3451
7520 9145
9861 1860
6336 5933
9675 2687
6699 8030
8707 4450
7133 8078
5968 2112
3924 47
1087 4153
2503 2301
939 5509
5773 1228
3450 6569
5317 3667
3974 7615
8262 5653
4147 874
9839 7126
2788 7092
3598 4228
7810 453
3705 9290
9671 7688
8368 3142
1072 5895
231 6763
9014 2068
5661 533
6477 9333
8446 6463
7987 6314
978 7922
4892 3857
2613 1035
1990 3215
3073 8966
7847 8640
3294 3324
2794 6637
1750 785
7219 5630
3888 6077
7785 2683
412 47
2595 8781
3474 9196
9238 6348
1006 428
7811 5490
9967 3264
253 8784
5267 5339
572 408
9768 8777
2237 4121
4337 7071
7357 2247
8676 7289
9082 6801
2757 8885
7013 8393
8382 3191
6758 9660
7020 7332
3039 6817
1902 9516
4824 2029
4737 8824
2392 9644
3336 8285
3083 1224
9949 6990
8678 7249
9501 3372
122 8311
7592 6042
7480 3465
2537 1908
6879 4397
4189 1910
1717 6440
9967 3802
9528 1966
1908 2725
2834 8733
3599 7728
5618 3092
6338 8966
4697 9901
7757 3527
8604 8431
8435 1791
6045 4797
3005 5728
4956 2007
5440 579
3330 7420
481 5596
2568 8866
4652 9631
1927 4968
6074 6803
2613 5326
6461 1342
4834 7293
1553 2489
9954 1975
89 9177
9515 1370
5032 6833
907 9388
8112 9400
7159 1371
4528 4710
8041 9772
2538 2103
2104 3672
5404 9231
6266 1882
7355 1436
5083 6983
294 802
6362 6746
9316 2989
3567 9344
1911 581
1372 6421
9251 5003
9699 1738
1323 226
1291 5246
7294 5743
9980 9205
4358 5817
2676 3267
37 5496
4936 212
9419 911
1942 3678
3197 3685
4600 2585
8246 6603
3759 2131
8718 933
435 5078
1409 8589
5685 7611
1862 6426
7207 1556
151 2702
5279 6019
12 1050
7070 4702
505 7852
2495 1009
1413 2117
5077 8642
2872 1629
709 2132
9558 6131
2579 7166
3563 2060
3754 4263
2127 2456
9510 5818
8196 566
8359 9697
2908 8370
8985 9287
5763 4747
9274 2762
6415 2076
5080 2238
2647 8121
2200 7652
3208 7278
1627 5676
737 58
6603 6935
9697 2993
9770 2812
788 6108
5566 9050
4794 927
7060 1739
5564 6153
163 4238
1851 2116
1578 7770
8315 9830
7488 9243
1988 2237
2166 3316
2994 9763
6021 3434
6046 9379
985 2905
2943 8325
7552 6349
5088 9898
4861 6952
6930 8186
1513 7074
6554 3056
258 3671
2340 990
4700 4771
8827 1489
7968 3941
9639 7948
2847 6647
694 4450
7026 2606
411 1457
3455 5489
3801 2104
959 2099
382 8247
9290 2
7911 6439
4096 6766
3494 1047
4808 4802
3897 5250
5660 3354
7152 4565
5248 1254
2546 2462
4846 7440
5721 6648
6332 8983
4740 5346
2771 7456
8186 8784
1888 5947
1227 6605
9366 2450
8313 7854
7884 1447
9152 5454
3009 8572
3099 2896
3561 7678
3123 5491
9899 9740
6451 1956
5534 9748
5047 1174
6197 8689
1568 6181
7587 4330
8526 3952
757 3482
1549 348
6713 2600
5557 1906
8759 5582
3197 536
194 3405
3495 8403
401 9700
666 4094
213 5640
7024 3445
1227 9957
9258 3721
7392 5362
626 5474
3543 1740
7285 9534
6822 765
5084 2099
8007 7959
680 900
9417 5613
7842 7540
754 6408
6264 3105
7444 4474
6189 2074
302 8737
1427 2656
6434 855
5803 9568
9189 7139
4648 6201
6829 31
7351 1633
9254 3560
240 6793
2911 8870
2304 9358
9348 2807
9706 2954
1717 9716
4795 5204
8253 2322
433 1198
6645 8850
1199 3874
5653 4485
2644 3333
4462 1785
6338 9448
5218 6530
8315 4639
3187 2870
1097 781
9354 9332
9226 3117
8375 2932
4891 9559
4659 605
4090 3244
2359 5906
2395 3931
7592 7632
8677 8608
7559 918
6588 3654
9017 5746
7979 8450
8375 2881
2423 274
5000 399
4215 3307
2670 9473
5460 2615
9048 3048
3588 7954
8059 2185
6677 9049
2139 6773
9931 2576
7575 2627
2316 4304
594 7929
3135 1616
792 5591
4248 5101
5131 1930
6599 6429
9268 8364
4521 2833
4120 7038
1234 3117
9976 3992
5084 4760
175 5496
4277 6312
7062 5866
7265 9005
6617 2948
8940 323
7206 4978
8068 6095
4093 4934
6267 3774
5253 5495
1981 5604
2182 2834
4560 5752
1218 6458
2761 8689
3660 3708
5118 6757
1333 7564
3727 6597
6473 4259
3454 5948
8656 8500
3549 5266
2757 1114
7814 1840
5574 7599
615 8840
8476 935
6137 4511
5145 1083
8616 3850
7786 3274
4696 1667
2639 82
2304 8056
9045 5973
9599 3158
9467 4963
2027 7980
7287 8142
6057 8937
4133 9849
4834 7806
2444 7277
358 5738
4248 5955
3243 5899
7088 4436
6097 6774
683 3647
5653 1939
6467 804
782 5039
5272 9484
1632 1905
6849 7163
5571 352
2366 5951
2618 1405
547 6187
4502 4265
4616 6758
8559 5209
1247 4148
5547 6885
599 1635
154 8534
9755 2851
2153 8602
6123 471
1484 3634
7402 9654
7079 4893
1370 6970
6204 6925
384 2568
1273 678
8585 1837
6137 957
4551 4793
2741 2460
8771 508
9893 7357
271 3996
7415 5639
3774 6058
5557 3240
1029 633
5014 7336
89 726
81 6826
9190 8177
9326 7138
5343 4343
1536 3161
6170 2325
1312 2619
1235 188
5538 2401
6133 3290
6579 376
8065 1085
4048 2767
1613 6515
3649 4821
5558 8798
900 3727
7107 2217
4479 7422
4850 7164
5035 2342
8497 7535
163 7364
7579 365
6687 896
8652 4863
5495 5177
4520 6115
8464 4715
1998 5292
5237 8064
475 3426
9506 4678
2702 1643
3187 5740
7852 6006
5998 2188
5073 5443
1729 2136
192 3063
1991 2601
1358 6517
9522 8029
8594 2983
9850 2202
4200 418
215 1952
597 1006
9497 1205
5240 3078
8853 5369
5290 1745
7915 3900
6463 3658
6102 1036
4477 4121
8404 2055
4413 4321
7329 3762
3802 4662
9392 4821
5354 4712
4285 9065
183 6302
3596 457
9688 38
7764 5994
9870 2715
1403 8496
4360 1747
6612 6983
4446 3893
6727 2878
9387 8273
4140 2836
885 2550
4522 6409
7325 8494
3869 5184
8374 7692
2761 7095
6390 4721
6518 6951
5558 3620
6895 4230
2380 6354
5144 8373
6067 343
655 6061
9235 6965
924 4590
6445 7409
6233 5164
120 4808
1661 3264
9674 9995
9319 701
2457 6377
9112 2631
8830 8606
5923 7944
7294 885
9676 7479
9632 1280
9379 1692
5874 8772
557 9962
9632 1589
2827 8179
1699 8587
1909 729
4818 6276
5678 1255
3045 3809
8232 2963
2673 5888
5859 6495
4326 5410
8064 7334
8908 1681
1043 1666
7678 43
8513 1296
7177 2512
6663 1282
1993 3031
2082 4075
1887 3462
8682 8344
8098 5375
6047 4394
2092 7960
2592 4451
3956 682
9357 6757
7121 4609
4889 9758
3479 318
1269 4583
2217 2534
7368 979
9829 1823
2103 3560
4193 6428
5719 7128
4250 7194
5341 4382
7318 8881
603 6
728 9232
5486 1625
7009 8361
9571 9779
4110 26
6262 7414
4034 64
8581 9621
7372 3779
7904 9722
2493 8119
9089 3619
1906 4430
6894 9559
9492 613
4361 423
251 5676
4504 7101
8848 9825
396 7005
5234 6883
5933 6355
3499 7727
711 6426
104 9360
1714 1367
7335 8384
411 8675
566 9392
4850 9635
1930 8206
805 678
8628 8389
4244 3896
583 1618
5003 1050
4488 930
3120 9300
3033 1121
8997 9426
7101 4055
3826 8373
6199 3963
3378 432
8407 1723
6598 2643
6841 985
7109 1853
7916 7706
1393 4050
7798 8176
7102 8402
3264 5096
4067 3135
4174 8147
6029 5417
2352 829
7560 9282
5331 7023
2005 5261
7258 6745
2995 2935
7617 1668
693 9512
2713 8149
9381 418
7216 1261
6264 4422
5853 2575
8212 5703
4846 8746
1538 7622
5422 3870
639 7231
3296 1210
7196 4413
6696 4047
800 6782
9280 3650
1980 1722
5828 9006
5763 8444
323 2364
5190 536
3110 9423
8595 7423
6773 5420
1545 5463
8816 7481
868 8936
9889 7667
1174 3777
9035 3912
8669 3921
3843 2559
6570 523
33 7849
1176 3725
2938 1404
4456 4843
5065 8933
3368 9129
1021 5696
2287 3629
3849 1617
9992 7685
4902 4348
2462 4490
1844 9399
6497 2418
8150 8422
4212 5892
4530 8121
1078 5849
7725 3675
5396 5762
3469 8415
1635 9478
3406 5473
3097 9707
7 9506
9584 569
8090 23
7600 5880
3325 120
2263 3170
6600 169
9434 8445
136 4527
7286 8096
590 4649
6252 346
6279 4496
5049 263
5116 190
7766 8279
5422 2888
3364 4528
1127 3000
4722 3993
3530 9759
6853 5337
7947 8857
4388 2770
5594 8725
7378 1044
5676 6888
4319 9495
8035 1
1419 865
8641 6086
3006 8296
233 3306
140 3428
4501 2458
6600 125
9271 371
8969 1320
3118 4133
8564 4235
4657 4889
2619 3549
4566 6309
3223 1041
6606 7189
2595 5757
8063 1308
7247 612
6049 2937
3407 932
6579 1552
9111 1240
4483 2114
2659 9652
1517 7024
9358 3405
7043 4367
1974 2762
9945 3856
3775 9856
2393 6353
2080 215
643 817
1780 8269
848 1911
7950 2569
7112 1588
2 9179
2289 9521
695 5752
3964 5378
7957 8989
3978 7834
2243 2513
6868 6743
6650 3598
6621 3232
3331 2161
460 8667
4508 4520
4686 7448
4577 6957
6668 2281
6127 7308
761 5269
8324 8560
9958 8078
1074 5187
6214 4481
4400 3849
648 5901
7267 5680
772 1652
5834 4763
3477 3885
4436 5686
5654 2048
7045 2917
8737 250
7919 857
4455 5130
6741 9283
1950 8088
367 756
7088 5728
8133 637
5527 1516
9604 8750
2713 7019
9119 1271
3908 5891
8299 3383
5229 370
5107 9775
8283 9961
2807 9714
4337 3457
4665 5796
6046 121
8113 5240
1605 1164
8138 9467
457 5863
1872 7155
730 4346
7855 2874
6309 2830
2333 4253
9370 5383
8377 4199
217 4749
3147 1342
3434 8472
2548 7172
7712 7051
7423 9550
8418 7573
1472 4489
2287 8723
3723 720
6170 4895
3160 2957
1256 9606
4343 9768
6371 4605
6093 3179
9509 6908
7233 2114
174 9020
328 2219
8856 9633
8521 7340
2787 285
7710 410
859 4150
3194 8163
9867 3404
5787 9832
6223 3736
883 1397
950 5886
7333 1862
19 3700
1988 8180
8874 9083
9650 1443
9060 2875
6031 1149
6789 136
9493 5381
9519 6771
2250 2587
3039 9456
3512 2852
9993 1100
1242 4362
7942 5159
8661 2800
1027 4013
3495 6102
9581 941
3935 2357
5317 9372
7639 3620
3046 1227
4565 8509
5584 8049
816 8404
6476 3172
8379 784
5943 4261
8869 1158
882 100
47 6599
1128 3102
8583 5289
2721 517
2277 2425
4823 8892
4173 3698
9115 1032
6304 4575
2574 6299
4188 2
2114 4488
4021 5419
8097 3146
6832 6353
2250 4088
6971 8388
3046 1072
2904 1064
1021 7539
7272 1122
5761 9041
8988 3976
3773 7243
1366 8980
7545 3804
954 5705
4181 7523
9138 9818
9491 5982
6567 304
7077 6299
5027 7439
6270 3397
5916 892
3622 2197
8400 377
7712 7083
7485 6995
6096 8745
4124 4268
5973 374
1131 7315
4101 1090
4097 2367
305 668
9868 9965
7429 4671
5223 9246
1492 2285
5773 2710
2769 8191
1126 634
4304 6995
5084 5094
243 7531
7442 2164
2652 56
3395 1410
5645 8663
8233 3274
8839 47
7458 7414
6608 3555
783 9197
1781 5994
5323 3782
4146 7677
3323 3211
3530 7880
132 7387
4022 7593
6976 4825
5009 831
4663 7098
4152 7716
2376 1690
2058 8977
3177 1073
2734 729
3499 9329
3054 453
6863 2637
7621 4397
1751 5538
6711 7318
2210 7272
4332 337
5086 4877
2997 4080
1757 2256
7270 794
930 1515
1488 9881
7559 5228
8683 1187
1994 164
2784 9346
987 7082
2793 7451
5131 51
1489 684
8962 8471
9970 1142
182 1626
4418 1352
4370 9409
4601 1796
7609 5497
1494 8652
7539 9356
4477 9032
2194 1720
7331 102
1500 7498
4301 3288
5179 5604
1959 5374
9043 1921
1192 4786
5509 8581
3100 4756
4049 8004
1562 7758
9333 1591
9173 6789
7521 9756
7808 8059
9873 759
8266 1177
361 5829
2251 9794
4989 6691
4346 7355
479 5405
2492 2256
3140 4507
9939 9184
5545 1585
6542 6168
7332 732
5385 494
189 2961
9392 5023
7707 9259
6710 4022
8720 5183
4781 3853
8617 7479
5478 1237
6598 6805
5983 75
8408 34
7433 6061
7885 8405
5471 4439
3344 9194
4019 2966
4448 5844
8017 777
448 479
2461 9201
1011 2176
6372 2857
517 7011
8617 1803
8830 489
6570 8869
8334 1527
3420 8096
6773 3477
8954 9283
2613 8464
3393 3058
9410 28
4277 2757
7827 4654
4880 7478
6826 9098
9169 6123
6800 763
148 8694
6851 1191
3466 5472
6364 6378
9395 5212
6301 7785
3870 4429
6255 2546
523 6575
4882 7746
3315 8966
6402 2071
4640 9145
2928 9559
4443 1689
8681 3582
2047 2217
6443 6215
9557 7203
4749 2880
4075 6064
2376 7700
1648 9045
7596 4850
6013 9985
8721 5586
1798 9296
1800 1617
6686 4526
2736 5900
5608 1707
8571 6011
1501 9202
7018 2870
831 5370
71 2029
3686 2513
2608 6442
4357 7488
6514 9934
2676 3634
2737 2741
8942 3257
2682 3770
6276 6893
5390 1003
3214 629
4675 451
2394 7851
1670 5112
1707 3643
5777 7761
9339 9673
3535 6827
8938 3825
2899 6654
9945 7282
637 146
6881 3494
6267 2008
7228 5299
6662 1112
7471 5767
5824 5435
2870 4976
8465 5185
2629 8166
2415 9735
5525 3434
3426 5044
4457 8344
9737 5412
2721 3307
4194 8214
3267 4454
1122 4108
8274 7555
7622 7127
2442 8416
225 9994
4718 3995
3241 3985
5616 8807
6756 7551
1151 6130
2852 7064
7602 6726
4274 852
3638 7312
2500 8773
7532 9643
6253 5952
693 3057
4945 7631
8905 7567
1170 2106
1118 7617
5233 2204
5766 632
6116 281
845 9061
3195 2426
7491 5884
6107 6973
9965 4943
718 6153
2322 1859
7234 5065
5189 9970
7450 5329
8994 3085
2873 4031
8501 9255
8006 8819
9429 9722
9495 2289
2399 8483
4508 7087
8765 3536
7345 8080
6309 4327
8193 9052
7010 282
4868 322
5125 4722
955 5352
7594 2750
1798 2492
6069 4767
7564 557
3280 4248
5336 4584
3629 85
8174 8082
5115 3898
4005 1876
805 1729
6672 5035
1912 4407
1123 9905
5653 502
2878 5734
8747 2453
1584 1296
5672 2236
4932 5541
8012 3447
6753 8533
178 1988
9046 9485
3329 4526
9525 7055
5771 2823
6601 6863
2567 6180
9794 378
9134 4231
8037 6262
9289 5411
3252 3642
5739 9394
4880 5238
6640 5095
4229 132
2955 6779
8161 2496
7488 1748
9712 659
1406 5425
2904 1317
4684 5942
7262 800
2434 7214
1344 5705
8805 2518
5152 4646
1276 9602
7501 339
2589 2855
5333 323
8511 3743
3619 8508
2772 1607
703 6675
7739 7227
4795 7805
2492 6335
3714 7959
7252 6115
8527 5868
8592 4271
1978 9790
7018 7909
6968 321
5131 9775
8016 4697
7090 9687
5600 5101
6186 5245
594 2368
6968 115
3242 8278
9820 8398
3716 2960
1011 3486
7710 8581
9515 5778
8841 1638
3812 7364
1890 8591
4037 3909
121 9514
4738 5827
4176 7311
7444 4781
7230 9769
2606 5395
685 4530
1395 6872
2267 1082
8945 1056
4361 9461
8451 4343
2842 8658
6578 5892
6862 3291
4553 6648
9083 7191
7805 3738
2398 6377
6858 8702
2067 205
9665 5542
8730 9440
3534 8519
5352 7519
1354 399
8720 1527
3730 4853
6305 1220
1188 487
1960 2273
8159 5487
1776 397
2288 3497
7752 353
8381 4396
9261 4741
8675 9966
3736 9114
6505 9028
8044 261
1294 9160
6814 47
47 6177
6722 3127
8915 4790
590 5311
7012 4682
3439 5225
2299 5133
4687 6666
4478 4670
1089 9970
6662 2273
4196 4107
500 7244
2878 6084
6623 9960
5902 6524
7393 4842
5848 3473
6755 978
8132 9617
5282 7180
7733 7998
5136 4922
8405 8825
1413 5211
6454 7180
3065 6265
6817 3119
9524 991
2178 1224
6849 9954
2871 5608
5971 720
1789 6975
5405 6489
1566 5471
7666 9430
754 5739
2706 524
2319 788
483 3899
6825 657
2834 4133
1641 5705
3906 1331
4051 9345
43 7712
6253 7332
4667 9838
2249 1099
2382 6382
5538 1927
6980 7878
4868 3783
9390 2656
5340 5607
5065 2801
7451 4339
2822 3675
551 8754
6958 5524
7050 5508
6046 9639
494 8780
2511 9811
9864 7734
957 1304
6969 4122
5632 9784
1362 9437
1517 925
7638 9707
6561 9696
8415 109
1469 5168
8014 9403
9390 1525
9625 9016
8579 99
1425 878
1646 8840
1936 7432
8339 6161
6894 3484
2418 1378
1657 8871
5720 8373
5490 9421
3661 7825
1199 8998
8569 8726
1544 3444
2875 572
2881 4806
153 5610
4337 8488
1490 2032
7092 5197
7165 725
8441 9779
9821 7975
234 4601
6863 1674
943 4528
691 738
8460 2390
7129 2720
8936 8028
1278 5385
1402 1419
8796 1516
1963 873
232 9985
6376 1824
5726 4884
2238 9127
9087 2966
4418 8909
2241 8969
7837 7654
4017 2668
7571 9764
5218 8011
6385 692
3475 1172
7175 2740
6617 9608
7966 2257
8482 9308
155 5767
7656 4780
2402 7192
7820 3273
1599 2933
2495 5449
235 9543
1687 9480
3101 6077
7273 3747
6083 8496
3432 5619
440 3361
1471 9961
4814 4104
2614 2856
2568 8690
3681 873
1987 3399
9437 2675
796 7969
5483 4175
3941 5422
9055 1293
1189 1518
9243 4958
6276 5071
2423 6877
4955 8407
9739 6085
6947 8063
3978 2180
7933 5821
3552 7198
4783 512
8627 1502
7674 3604
7834 8738
2986 7218
8325 6483
7411 7031
1090 9166
9930 1669
639 9944
7545 4022
6418 5268
1 9023
640 5237
3480 7455
5108 1533
5121 8881
4099 6610
3829 5928
7854 8563
3226 8401
270 8227
4229 5026
4485 7108
994 2988
8021 1211
3815 735
568 8448
4163 8448
3845 8804
8104 6537
9309 3798
8719 9303
7093 7611
5956 8082
1941 4260
9888 6970
315 462
9328 4741
4661 9194
7288 5671
3420 6686
3954 9972
7692 1799
7565 1255
4775 8515
4056 6828
2619 1540
9387 4483
6304 3290
8237 4384
6589 8218
2640 9429
5782 9413
7282 8273
7719 1603
9924 2293
6939 561
7733 6079
4997 1146
1149 6632
4256 7824
2159 5113
3148 4061
6204 7678
8118 2709
1909 9128
4203 6374
8061 6494
1538 7349
7084 6441
1834 9610
6151 4547
3012 8287
5132 2431
789 6556
666 615
7977 5834
3464 8664
7038 3174
1231 7892
3295 6586
9265 7415
8984 501
4532 1271
7104 2837
1132 5975
8660 6537
4033 9917
387 265
9690 6271
8163 1751
8396 6600
5770 608
3275 8303
160 4254
1633 4430
5200 9479
1975 227
6835 8288
3888 6822
906 915
3193 9362
5039 9272
5240 101
8639 5290
3418 2335
2101 2914
2571 5461
3977 4141
2734 2318
5942 5102
9953 7803
7788 6203
6086 2424
9280 2310
2540 1490
5114 6920
3893 196
7398 2113
660 768
7739 4888
4155 7406
232 4274
8622 3364
3547 9317
8049 2891
2020 5176
9435 8270
7852 674
2555 2449
5653 5804
5244 1762
1698 2702
260 2118
4049 7182
5998 6289
847 4463
6326 1204
5630 3938
2026 9724
6779 3464
1640 1586
4022 160
9519 2900
3347 1734
653 3274
1914 7922
3084 5633
1914 6600
9681 4125
8170 7526
7762 9084
2825 1805
2063 5861
7144 4964
5131 6608
4762 5556
8382 3561
7923 9603
4710 4454
5689 8716
5901 8839
6515 1365
7687 9960
3519 8667
8425 681
4957 5636
8560 5814
1309 9162
8144 8887
2896 9065
834 9012
9058 693
8775 6361
376 8043
5029 500
395 9010
4185 4223
6068 8600
4365 9249
4272 2113
9552 7489
9493 4163
6665 2480
525 2255
9618 9439
4354 3309
3108 5181
1841 964
7142 5183
3802 5908
9970 9580
4110 3791
7400 5234
9457 9159
8480 9953
1349 9996
2184 6971
5457 1065
720 8227
8441 5910
8686 8233
8245 4618
1629 4947
7740 4843
5852 59
7474 4796
8963 6507
6342 7989
893 2819
6231 7588
3354 680
131 9062
1984 3072
18 3513
6743 972
575 9589
1215 4403
1212 8717
7762 6447
426 6833
9655 5723
2727 9385
1304 1443
9746 1251
5018 7650
8309 2139
7903 4961
7251 6857
7437 9413
228 6153
9021 6233
9266 4320
7386 6432
1057 1188
1440 298
4618 2431
3261 5100
6079 1051
3844 5570
2736 4479
1115 79
3405 7743
824 5720
2347 172
2744 6317
6398 6093
6238 6799
5391 4509
7223 3840
7917 6968
8289 7805
9327 5860
9673 1569
3326 770
6338 1435
3903 7307
4520 3427
4050 917
0 4957
6239 3121
1013 5690
7982 9810
2103 4305
648 6859
