placement model: 1slider
width: 10
height: 10
number of points: 500
4243 8120
3653 7972
2690 4873
2296 3165
9010 8936
4266 2607
2955 5924
399 9763
8495 2461
5098 83
9573 1856
8030 1926
9389 305
2217 8437
4890 787
6146 2717
9092 6894
1903 8266
7881 8990
8703 2646
5499 3696
4924 2215
8922 4339
6352 2228
1986 692
7646 9489
7049 9381
4975 6284
6771 9234
5681 4438
3539 9504
1488 8155
6811 9312
4716 831
4984 6850
756 7565
3519 4993
8628 2070
2 7942
7110 2779
8421 9627
543 5107
9137 523
1646 2502
4400 809
8852 1645
5494 6219
2444 6316
8727 5619
299 4009
6526 185
5158 1007
7209 2526
4602 4319
9136 6018
9545 2474
1952 2668
622 4247
2603 8524
5702 9173
9252 4760
6994 5594
71 6208
5460 7002
2107 2219
6319 2255
5585 7370
8710 9333
8854 911
2332 9168
9972 3106
280 6225
956 2
2110 218
7324 1702
5968 1266
8200 62
2474 3219
8270 2308
9545 8913
796 4413
4902 7647
1590 7192
4159 6951
4832 8051
3730 5166
2628 1397
2410 5337
7557 1384
9991 5407
1507 8751
1644 4076
6991 4044
5491 529
3984 1248
1425 9454
93 5278
4127 8923
266 6955
9341 7969
4380 8213
7182 9640
4608 4954
8063 4800
1635 5474
1649 5534
9237 8308
3048 6976
3548 1316
4675 3113
1930 4016
5248 1893
4 8452
5206 1058
1038 995
6190 9061
9453 104
8028 792
3811 2688
7357 9185
758 8859
4227 4499
3077 1037
1691 1622
4335 1873
4016 9040
928 4105
4901 7332
9676 9569
310 9076
1979 1951
6217 4125
6886 1969
6564 23
6258 5386
2624 5200
6615 5134
6659 7219
7445 8397
980 1490
3530 1900
1558 7717
1013 6247
947 6248
897 8466
4647 949
5274 335
341 8122
7602 7846
1962 1916
8079 119
5065 3850
4711 7493
5205 7401
683 472
4721 8572
8686 611
2715 7899
6327 6104
9483 487
3526 4930
650 336
5037 7924
127 5569
7835 8940
1298 7517
7805 5147
4159 2105
4807 2044
2285 8851
7606 8867
1819 9333
1668 992
5634 3437
8857 876
8844 779
3550 6459
9234 513
2132 5944
7548 1530
7626 5339
1514 8670
1011 4156
8966 6883
4368 4126
5559 444
6812 423
8102 3392
4750 6870
7327 9263
620 6102
8856 9038
3439 9122
5786 7763
8391 5532
7159 6762
9307 6059
8228 473
6432 7483
1038 2188
1702 6172
5908 8868
2022 7112
6960 6180
989 5113
7470 6949
2082 1340
4938 7132
8530 8902
9379 8883
5393 5285
316 9814
729 1716
9816 451
5150 4675
7764 6824
5323 5822
2996 2417
5327 170
3002 7070
6361 8724
171 5512
80 4509
2004 2457
6891 3297
8383 484
208 4084
1782 1583
6446 7581
265 8473
3971 9743
9051 877
3375 728
9339 816
2006 595
2332 1060
588 1913
2144 2748
5531 6531
5508 1514
3034 6038
4210 8142
7635 9974
1812 1722
6095 9401
6340 3145
6552 84
7035 3818
4614 6455
671 7556
5471 2303
9445 7927
7501 7720
2584 4818
2607 3907
5555 8514
8036 6106
5973 2661
8502 3258
8971 1864
6600 4131
333 2441
9891 4477
3637 1585
3012 2198
9441 2268
1092 3525
7120 2649
5630 8564
3053 1665
9784 6383
5338 2793
8708 7115
3265 2403
8594 358
4490 3257
9184 6606
0 413
7113 1147
7506 2172
2317 4037
652 7642
9379 3965
1735 4022
7560 370
1223 7378
2812 9203
7030 5701
6478 1753
1074 6023
1574 62
5494 5408
6437 2590
5632 5580
4957 4488
3362 3164
7737 3946
8328 8225
242 4137
5694 7120
716 2220
4612 2679
4427 4875
8648 781
9487 4076
6866 11
314 3653
4170 6322
3864 5089
5162 5421
9361 3970
7402 3775
3599 4466
8715 1695
5997 6956
4290 5077
7121 4729
4113 8081
9456 687
9362 4005
9294 3597
471 4031
3526 4652
7543 7800
5493 6225
2103 3525
5734 6314
8886 4051
24 3125
3318 9479
9179 3629
2200 5285
7450 4775
5621 4975
2109 6101
5651 2333
8048 3019
3821 9393
3589 2440
9774 1186
2822 8571
9959 583
919 9697
5581 1498
9227 5055
6187 8659
2957 1300
6620 541
6918 4042
2465 1762
4059 235
6287 8656
3404 7681
3162 4704
482 6836
8286 410
64 3772
1075 395
3635 7797
6949 8973
5799 7094
8654 3038
8282 1137
6784 5934
6246 5348
923 2866
2728 690
3539 4318
8977 681
1706 2653
2479 6486
1481 1108
5230 2492
9138 5035
5326 2701
6504 5089
3332 6499
979 8557
8486 7222
8413 6246
5112 8927
1570 2847
237 806
7092 5689
5731 182
1207 97
3425 4309
1505 9590
5367 188
9754 3593
5913 847
9876 2446
8714 9447
6300 6768
1641 4658
9067 4999
698 4838
5180 4078
9752 6184
4836 3636
6066 6495
3452 296
5972 7520
1712 3658
7450 1036
5909 4053
9434 5609
8275 1522
3287 5615
7681 8986
3519 602
2935 7980
2338 2760
8286 4725
9864 5074
865 6435
1766 6472
3301 9736
7409 6602
125 2827
4335 1421
9366 8753
1559 4142
8091 1980
8394 6292
9369 5240
6791 1643
3326 7655
6754 4364
810 9840
159 4900
2650 2819
8926 1137
8682 1007
5160 1785
9115 5358
6665 9467
1086 7381
8676 6616
9337 357
7570 1774
3933 2579
424 6997
7768 4206
1353 9185
3949 9553
6891 9368
6680 5559
4598 9180
163 735
3602 8564
1399 7241
8340 9911
7901 6700
5022 327
382 8365
3791 7871
7511 3922
2393 2702
3749 4598
6752 995
6201 5862
7689 3247
7987 2122
6454 5222
9424 7273
1737 4932
3707 7230
5446 9266
8938 2791
873 2068
2966 9097
4210 7412
4864 1820
8674 7432
5367 8100
4932 9805
6352 4261
9140 1935
7856 3692
1999 9946
885 5220
9679 1373
8199 5371
4165 7542
8586 6536
8852 0
5393 6165
3821 6230
4729 1485
2221 5920
9443 8176
1661 7565
49 5995
1218 4553
8489 5723
5416 3696
9325 3742
9568 9513
3222 432
