placement model: 1slider
width: 10
height: 10
number of points: 10000
3932 544
8456 4522
135 90
8466 2021
2364 2294
7654 5482
3255 744
5775 2467
3019 9753
1366 2207
9083 3113
98 8542
3365 1087
1741 939
5108 9529
242 4653
5191 2687
413 6650
8217 5964
5370 4075
94 2455
9982 5060
777 9446
1526 7074
2775 9487
9412 6701
2183 8626
789 2557
7537 1578
7155 5751
1819 3808
1688 4475
9968 5231
703 3570
9840 6703
7757 5929
212 6997
6563 7349
2856 1693
7959 9349
5129 7447
2884 5525
124 4510
278 9247
9599 5238
2589 2766
4613 6975
948 1450
1111 5427
7851 3494
5347 5886
6371 2189
9466 5316
1762 2775
9211 7975
9346 5072
3399 2593
217 9347
9490 1417
7401 7701
7839 5844
1464 9116
4360 5018
5786 9841
9237 5174
5532 4046
7696 4
8038 9482
442 6801
6078 5416
9778 8842
9455 664
9545 8870
7817 1746
3425 8323
711 6874
7226 5086
547 3752
2167 3554
5027 8176
3803 2567
5822 1263
4218 3204
7873 5174
8583 7324
9322 7437
1698 8709
3073 2414
3113 4795
8717 1373
4134 7481
2446 7144
423 8566
9223 7606
4441 8117
4365 7598
2588 726
9939 9532
4414 9276
4040 911
9127 751
2066 5704
1305 5464
8864 8276
1687 9508
251 4110
2713 211
5014 3381
6576 9600
8855 8063
2436 2030
1983 2931
2120 3763
3911 9217
260 7959
7766 8246
9568 9618
1604 2042
6200 1452
388 7618
5754 8300
9848 5374
8193 8680
8881 7166
521 5494
7072 2621
2439 7958
1934 6898
4757 3636
4557 4937
8045 1010
9948 9408
9270 7081
9520 2486
3568 4369
5736 6542
1861 7071
3491 7501
861 8305
8448 8539
7127 2771
2944 295
1257 8772
735 7513
4228 4662
175 8309
3116 4446
6082 7498
4029 1618
3371 3467
3811 671
5363 6799
3436 407
9134 543
1318 4584
4391 9192
7524 91
4691 9899
6563 593
7245 8152
1971 8387
9339 5578
9559 3872
9875 8433
2147 3379
5910 2767
7424 384
1283 3069
8474 1029
8831 1676
6328 6198
8785 4862
6595 5352
2624 945
1494 6836
760 9980
6398 878
5240 2041
4126 285
785 5092
376 1247
8675 2807
8389 3669
9252 6213
4950 6663
1499 2986
9526 8847
3930 7854
6491 205
8353 3888
9471 3871
9491 2435
1172 877
3218 491
5254 5606
4707 3313
3843 846
119 5432
9983 9391
3033 1559
6724 8468
9070 2974
8743 8597
6535 8202
1799 5154
8720 6792
1745 1866
8484 9504
4234 136
3218 1444
4285 694
5916 8079
8646 6321
631 2375
9608 630
870 3967
2294 3611
9491 665
3271 516
9860 470
2504 8531
2975 5326
3422 26
8985 2414
1263 200
4565 4975
931 8438
5345 1941
8365 5421
1504 132
2829 922
5935 6488
6301 844
5246 6954
7988 6960
4704 2963
9313 6736
9854 1186
3467 9952
2681 4757
1856 7076
6935 6958
35 8339
600 240
3201 893
9725 3442
2563 9083
9074 4457
5823 2963
5988 1650
2141 1001
4586 2882
6429 9364
7264 4117
3304 7880
6809 633
9436 8807
4322 565
3074 8686
5940 7505
9396 4913
8160 2017
6184 3327
2468 4897
5723 8420
5973 9967
3954 4959
4379 9440
1959 1889
5075 6658
1910 383
6133 4156
3922 3646
6464 7778
2707 387
8173 373
2311 4276
1771 3285
2352 8153
6069 1165
2035 7804
7792 1611
4712 9943
6329 998
5929 563
2387 6028
3049 8317
9122 3858
3819 7395
220 802
6907 9076
6116 6769
2903 7287
794 4510
5377 6907
5641 946
9571 4708
1745 3623
9377 9705
2106 993
7383 5951
6726 1360
8207 1992
8067 280
6167 1200
9278 7773
3083 7537
4669 8721
4708 7247
9653 5707
7406 824
4246 5050
7315 8456
2166 765
2775 3936
424 5854
2020 9752
7987 957
2820 2326
6420 9019
9970 5918
3110 4649
5721 1945
7686 9594
9151 7215
9711 6636
6273 4184
7737 1310
1160 3625
529 6904
8128 9672
2659 8933
9507 5716
2910 1544
4904 932
7102 1943
3578 3201
8775 6363
8545 593
4772 5726
4186 4169
7591 1767
9511 6428
5067 2196
6405 7994
5327 7815
3339 5014
7849 670
6292 5390
1804 3385
6764 4750
2522 2599
5963 6064
371 3526
3592 3936
9043 3878
4873 4636
5073 1477
7872 6847
4491 3853
3904 3168
2848 3111
8938 4434
6448 5023
3554 4302
3107 7544
5244 5761
3159 4830
9764 7254
1402 2495
2384 5566
9785 854
513 6699
7328 8843
4610 4384
6773 6079
2635 5124
7858 3853
9343 364
3034 6663
938 9580
9328 5445
6240 1650
5857 3123
5034 7018
4783 2885
5260 1779
248 7641
1768 9273
3107 517
4942 3147
4426 6904
5701 8114
2319 4306
7068 9934
3022 889
8413 6342
1478 4453
9073 5661
5260 793
7556 696
5338 8946
195 1310
7589 2832
8173 2179
6786 3268
7261 565
8024 1963
8846 2136
2270 6008
1260 3901
1980 1558
4899 7880
2083 7537
7094 8237
5700 6558
1826 278
5216 9959
2813 9603
8469 4188
2750 233
2281 3088
4871 8583
8418 465
8318 510
3556 7686
5127 640
2934 564
1395 6734
8616 3849
1728 9020
9694 7940
8149 8558
3164 2952
5923 1516
6995 5967
1363 1438
7417 5459
1990 5867
9082 2524
7132 7686
6098 6256
5779 7941
4767 4483
9785 7166
4631 4888
2547 1272
4976 7172
9318 5118
4003 9791
271 3873
9467 2616
2571 3925
1893 7735
7793 8852
8339 8617
6651 5140
364 5603
6715 3341
7991 7234
2347 9733
1561 6675
5228 1525
9470 2495
6242 2531
1835 1868
5704 9895
3199 4618
1099 5717
1046 4320
728 5237
7763 2969
4572 1896
2391 3933
7409 2690
2133 4832
638 3847
7519 2268
101 8502
4179 5
3757 528
7104 5322
8920 8818
2609 2635
188 6047
3070 1081
4578 9816
4813 2102
2151 2322
3474 546
4267 9930
7818 6082
3421 7593
693 3168
9270 4735
8840 9997
7951 3190
7127 9220
2752 8365
8577 402
8130 9604
9937 6419
8538 6353
2669 9875
2958 2205
8571 8048
411 1812
4001 9687
7575 530
5381 3632
8061 466
9416 3695
2465 2861
2226 8648
9774 8325
7849 9911
1630 5429
9059 912
3052 6901
5486 6798
1466 2138
4188 3234
3687 6444
5758 9174
2240 9972
3646 415
9403 4597
8223 8110
1317 9672
1936 6790
6513 4237
3793 5667
8940 7280
3927 4282
7307 1481
6390 6317
1008 4951
9864 5422
1643 6642
9448 800
4450 745
4590 4373
7479 4533
492 6426
2514 9001
1167 3449
2703 2703
3312 1803
4781 2526
4900 1478
729 6444
2440 8501
3688 3790
9627 1963
9799 5473
6191 430
2202 7597
9200 1335
8311 3612
8294 540
6669 9514
524 8335
4799 222
1232 1367
9529 3441
3800 4907
9218 4430
7603 612
6780 8410
2404 3616
5236 2712
3682 5982
7431 3316
9644 4089
1152 3770
877 3540
4438 7950
55 2289
4391 70
4380 3866
9285 3075
5033 433
7235 6241
9606 6383
5420 8155
9911 8873
4267 3185
6081 8543
1729 2176
2980 9800
4383 6816
278 2482
4731 3637
2174 4253
9057 1629
9981 3618
2523 465
3590 1955
1139 3008
1010 7548
319 54
3763 7450
3587 3762
4217 393
4831 3518
532 2035
5285 7255
7919 4296
1489 9694
8628 7176
750 2496
5958 5311
1262 5978
7539 5638
4201 9746
4869 4621
9766 4435
992 3362
8870 1045
6924 8445
1098 4743
3638 6506
5079 9101
3034 4846
741 9716
2297 7984
7436 1879
6974 5845
3063 2033
9626 25
368 8403
4295 850
9166 778
9846 1772
9742 3363
3134 6033
799 2561
3331 2376
819 2897
4135 8858
9677 2983
8808 2316
1677 6156
5311 6655
3884 342
650 3024
6148 4542
6370 2545
9923 6730
5872 5127
5859 9541
7627 7443
5675 5544
6914 3643
8889 2257
8528 3602
7349 6203
3359 3610
3295 9623
2487 6445
6342 4575
9456 7264
7976 7102
8378 963
7139 8712
2205 162
2518 1493
9674 1641
3034 1236
7001 6842
4657 2932
1366 4223
3616 4374
3722 7542
3857 2871
8578 9333
1796 3767
7152 4445
7672 2640
2654 6052
9526 4460
1805 3932
7826 8114
684 6563
1955 5095
3535 9539
9956 8582
2794 3988
3637 4763
1899 558
2116 7369
9750 2525
3876 7317
5741 4966
4309 4959
127 4801
2241 4290
8755 4042
2674 4872
8783 850
9693 1437
4538 636
2532 8959
2728 8767
2914 3099
1308 7157
5470 6588
5228 2312
1013 8190
5422 679
9932 75
6359 9201
6747 5080
7546 1378
3579 4120
8387 4529
7980 6378
7563 7100
7020 3599
7152 9205
4285 1870
3973 4256
7276 107
1227 608
8592 4744
5509 8333
2659 4255
5541 7846
165 3223
5575 1216
6508 4346
8967 3263
2794 1047
5825 9909
9504 8545
5444 7816
1383 2780
3883 3121
3739 1700
5855 725
3018 8573
2526 4640
398 1391
5997 2372
5382 4672
8969 1424
8684 5932
7061 2072
2019 3276
9511 5445
6053 7978
7470 2531
1190 6938
3039 2737
7496 6351
9641 2662
4587 9
5154 9296
9813 6086
9404 2478
6766 115
5131 9135
4630 8000
3889 3600
1848 7658
9751 8925
8561 1907
6749 5258
3842 6500
5260 781
721 6995
9911 2197
4613 183
4968 9977
4655 4083
7069 8994
4663 4814
9581 3964
3397 2681
1837 4064
5340 3839
4175 5743
5712 1263
5553 1904
6234 2066
816 4151
1254 6828
6261 8527
1409 4508
9597 1508
6605 6842
7028 8199
966 6261
4360 2117
8740 3640
9498 7208
4806 4922
8569 7218
104 7601
3494 9180
1754 5956
6139 810
5958 8039
5099 1722
5989 597
7795 7555
4064 2172
9239 9567
5370 5895
406 8375
3636 4200
3322 6132
8120 2932
3819 8625
2174 4680
5582 5979
2448 9050
5245 5343
8527 5986
1044 6079
359 1536
2777 5888
153 3483
7364 6241
7603 9185
4048 3473
2308 3848
800 4426
2987 5147
548 639
5822 6751
4061 9039
2969 7078
2885 5772
3881 2086
7061 7865
7221 6520
5308 3805
3214 2090
7043 6018
9692 1578
5314 4919
1797 3326
5419 9333
2619 4536
4782 4041
9622 6868
8481 8964
8342 7719
4315 1936
4686 9713
9468 9345
7328 8237
5084 3464
205 9316
4222 9267
3255 7092
8238 3857
305 2070
2636 3748
744 2476
6402 7117
6645 5777
3186 2530
9510 5525
5163 7662
1172 451
2008 5995
9430 5466
7910 6138
6964 473
7811 5270
8141 1642
5406 4100
784 5030
6034 2893
8814 3715
4367 6344
9948 2419
2248 6979
4923 1420
9085 3432
7044 8097
2321 6261
2865 3035
8493 5886
1444 9691
479 1617
1586 8893
3185 6426
9506 5514
8324 4786
9686 940
6452 7421
7517 2405
6852 7511
3895 7452
1841 7752
4112 4333
5991 5359
874 9411
2327 7181
8408 1630
8036 9360
3363 2145
6101 5735
3097 4917
1793 4722
2266 3895
7167 1658
3080 7037
962 4263
8343 8724
9204 5270
8415 9181
5536 8602
1884 2750
146 2275
5610 5233
6068 6669
8612 3413
1639 3837
1263 7281
9211 2718
7060 1052
1210 22
3640 1350
2171 6557
4020 8506
9728 3789
9288 8594
3290 2813
1822 9908
334 2458
201 5175
2460 2703
8037 9810
5244 7590
7451 8076
8002 1967
3674 5620
3235 8113
8915 8571
4309 5571
1749 5120
4547 5651
1925 2018
608 1242
4986 8778
9821 9100
6159 4471
4951 7754
4679 4277
9762 5532
8546 5309
1032 4466
8677 7054
9556 123
8225 8674
4602 8055
5506 5128
3775 1495
6664 8466
3332 6148
2272 1208
7805 5268
8906 5835
3737 100
9382 2541
9993 1488
424 7505
3025 9329
4092 6253
8676 5340
2426 1360
3408 3515
5386 326
7536 476
6671 8203
4044 9826
796 6355
1710 5127
5046 748
3414 7146
2850 4335
1454 4167
4339 8636
3798 379
2439 1518
6205 2525
8131 3284
9946 1541
8066 9618
3139 598
6371 6200
6607 9395
953 7859
8069 9011
4180 9348
5777 2185
1378 6220
1578 6179
5960 5103
8330 6495
4621 7514
2350 5207
1177 6520
6406 1068
3149 537
4992 4465
8993 141
1957 1045
7533 4618
672 1323
2464 8053
2320 2520
26 121
9210 7593
906 338
9695 3553
8776 7013
7018 3733
7349 3091
8075 4883
9224 2481
3546 6516
5457 1012
9152 9652
3295 3095
5565 7635
2290 2980
997 7014
3392 4186
4506 3422
8025 261
9801 2810
3450 5740
1767 161
9362 3135
2199 7828
8000 1382
5414 9554
3448 3571
734 3222
4565 1314
92 5767
8356 8673
464 5569
5729 6504
9849 3382
7283 9371
2979 7999
1717 6724
1145 3590
9897 9033
9043 7898
6881 5188
7519 184
2878 8781
308 9457
4219 4880
9505 9592
7252 4943
8417 7146
3435 5427
9520 9689
2647 3318
3767 8736
6615 8869
7500 4978
2788 5592
425 9214
8007 6319
4736 7864
2478 2870
7779 5079
9876 5600
3861 6821
8498 6265
7676 2835
3573 3322
5146 4417
5571 3287
5070 6912
2190 926
4177 7292
9863 5673
191 1479
2899 6225
559 359
38 6758
8413 503
711 4255
2746 108
5530 8636
6456 7080
5383 355
7034 540
2391 4064
3351 5219
1183 8435
3045 1514
697 667
9606 3727
2792 545
9688 5164
6356 7437
4498 5770
2584 9326
2695 7978
4693 3870
1735 1947
1015 1870
3274 7715
7432 9539
9615 4076
1595 340
3361 5163
3533 4671
7894 505
8704 2109
6332 8582
9195 5213
838 2046
6628 3446
7628 3312
6049 8803
8364 7163
866 8487
7404 8870
1067 6626
4600 7661
2978 6737
1438 5465
1955 20
6140 3855
130 6204
7452 700
2584 7106
8778 5749
3686 6984
9198 8652
2584 5817
1972 6120
6909 5211
3134 1892
4359 7335
592 4374
8400 8538
350 1567
4675 7941
4737 1940
6490 6708
762 1926
4083 8144
8589 9355
1111 7951
4287 843
1142 2541
2418 1357
6151 3246
6992 658
5447 6009
2156 872
5763 8993
2204 8250
5937 1852
9857 2596
5215 644
6902 8976
4613 6131
7536 4646
6413 3947
9218 724
1287 2574
261 1126
5047 1400
1102 2904
8246 9990
337 5590
5953 7873
224 8078
6278 4070
7198 5765
4263 9436
6991 6530
3724 5811
8160 854
8918 1000
9902 7232
6372 1146
6070 7194
6919 5216
3546 4284
2447 5391
181 6320
8696 6931
6130 377
2286 7006
3164 5736
9216 1756
2973 4827
9268 469
8984 6901
846 8491
4691 2506
7350 1533
9262 3565
2845 2236
992 5158
5347 8586
4936 2426
5423 5686
6407 7331
9184 6707
5440 1005
5758 9983
738 7259
7346 3999
2581 9924
7741 2376
6983 6081
6631 2157
2278 6556
1772 7465
6229 4848
7395 3634
4722 7013
8204 3341
8225 9719
1010 612
6536 5192
9388 1315
1339 9716
1407 9447
9985 7840
3610 1
109 7247
7491 7121
5248 785
1083 8582
2151 6444
7045 705
707 5773
905 6455
2270 5460
3544 6469
1987 3289
9177 3795
7510 5498
7246 6672
4740 9643
4806 8586
1862 5076
2390 3276
9261 4363
9386 7910
3048 3739
9041 5036
1328 1956
3661 5012
8100 7211
100 5443
4754 5663
8822 4251
3895 7026
8189 1396
9876 757
2488 1186
6154 2473
1574 953
3372 6020
1504 4850
9237 8326
3544 5326
7316 7
2364 3064
9627 9456
5521 7491
8370 7884
3675 1670
3127 1524
4871 4222
9779 6981
295 7076
5814 5536
6164 8695
4293 1541
585 4471
8679 7524
5436 5886
514 5636
4860 6617
8614 4059
3769 6959
6686 9520
219 1261
8384 717
4665 9171
7049 4118
4720 701
5067 6089
5468 4794
6320 5141
9360 9034
5889 3714
1013 4832
5212 5428
7628 2834
2636 9948
9250 498
3848 5155
7384 7504
5339 4800
5113 4979
2167 9018
2608 1597
3261 2933
6865 7336
6510 9014
9183 2539
6586 292
9925 390
4095 4800
9597 2059
339 2453
30 4411
3132 2777
4164 2570
6022 6215
7183 9734
8778 6349
6138 7167
3581 5044
7771 8656
8680 8787
4530 1348
4038 7056
2069 5665
3450 4797
2605 845
9218 7077
5250 8489
227 9034
3414 5107
222 113
1774 2974
2294 6174
286 9123
1403 2511
2455 1242
953 5773
4959 1484
8804 2132
7511 7912
8669 1458
2624 9543
131 3720
9962 3015
2153 6929
5277 8374
2517 8119
3513 849
7331 9204
8654 7167
6965 2933
2119 310
176 7520
4914 9812
261 4418
4025 6158
1746 5158
3204 5930
4679 5443
1590 8549
3138 1496
8883 4917
8895 2390
1535 8553
9688 170
1751 7482
6633 9526
1620 1730
9909 8313
954 9833
4733 2249
9188 6675
9056 9348
628 6016
7019 8432
9252 7297
7537 7431
3030 1356
60 7115
2646 7541
6821 2775
9663 2970
8820 2761
4793 5966
3292 1924
1261 7493
5636 8297
819 121
6850 731
8096 5960
5330 9369
2035 9242
4753 5637
5524 1017
4133 3440
3125 1438
5676 2727
9165 1811
8145 6786
1382 818
8117 7939
8633 1512
3372 1293
480 8445
291 1866
7083 9575
2200 3845
8460 4764
7576 6797
9129 6802
7836 5805
7629 1703
4721 5799
4000 1359
6557 3097
3164 4317
4538 7673
889 8183
9749 709
1086 7555
9932 3328
7287 7012
698 8621
1246 4468
3889 6798
4477 1410
3399 3792
9358 948
2879 2731
4411 7217
2982 5845
7601 6410
920 416
5768 1091
3411 547
3660 3273
320 7471
7979 3223
3414 2983
9228 3146
8315 399
1316 5709
3936 1477
4626 7263
8577 34
1532 6718
7567 9642
8024 6762
9602 9527
9869 1661
4643 4952
4946 8292
8269 2325
4841 3541
6300 9511
2221 651
3538 6526
9718 8973
2393 2496
9598 5823
4596 4129
9686 2763
2767 6756
8314 9123
2632 8268
932 7486
5385 8863
3013 7269
1518 8289
1397 8107
7773 1095
8908 2318
9837 1803
7178 7468
4652 9722
4278 716
5872 2850
3072 2639
3319 8563
3643 8563
4500 1139
9028 2388
8723 9624
5572 6283
5750 7529
9192 4990
5456 3499
4890 798
4325 3807
3117 6451
4233 7729
2886 2677
5867 9864
5936 7200
5902 7766
1441 9377
9536 6358
1954 6320
8985 3104
5476 6415
6782 3924
6997 8791
3205 325
9475 1219
4351 2705
2087 7897
2738 8302
9153 532
2137 566
2498 6022
3128 4610
2161 3213
2237 579
2238 5855
6140 2614
6960 3873
154 6899
8641 1608
3450 2459
4689 2775
1768 2035
798 415
4478 3828
4260 9066
3764 6026
7528 2050
8363 1441
8790 4316
9953 1826
7792 495
6361 7120
5743 8240
1993 929
1418 4824
7655 8397
9244 1632
3788 9344
539 4616
9828 3066
3098 4023
6437 4208
6218 7612
3922 176
540 2669
6267 916
7683 287
8853 9021
6171 8826
7765 8675
8656 1037
8517 8858
1129 9731
583 8771
5277 6811
9644 1046
7629 1428
2829 5364
1860 41
2377 4378
7074 6326
3163 9147
552 9947
4604 1824
973 6922
658 7201
3190 321
4323 9384
2760 1135
4991 8278
759 812
7109 3105
4780 22
6638 3949
132 7641
9540 2722
8879 9000
5563 2907
2488 774
2851 2608
9457 5760
8906 6189
1536 2559
325 9538
2090 6586
8683 6046
9560 496
9548 3278
934 4409
8593 6177
2780 6758
1787 9730
6294 5589
7963 3210
2567 3934
3566 8204
9637 2012
3684 6534
1691 1288
6342 3115
7654 5426
7083 197
2571 1072
1247 1960
7456 3951
3446 4305
7695 8623
4819 8154
6037 6750
6923 2089
5055 6164
1103 881
2759 4333
1298 3652
4201 2537
8967 8420
8925 8335
4358 9471
6468 6238
7641 4814
3071 6970
3452 4436
5333 7551
669 9319
190 2481
6934 9213
7384 9386
4098 4122
111 1466
7276 6008
1649 5657
4822 6431
4788 3032
9109 1605
9922 3308
2593 9412
7482 4215
2296 6218
66 394
4349 4528
8886 3297
2642 5782
783 7531
6689 7859
7166 7759
1310 4820
1738 7715
3735 8115
2412 17
4696 2949
5294 1408
2437 342
18 2376
7709 1409
5343 1589
5304 3320
6707 1812
7864 1508
5375 7253
4226 7007
7266 9259
6805 3330
4300 2723
1419 5105
5571 540
2680 9027
8455 3135
5810 969
1257 7636
9035 6366
7679 2921
7400 224
4240 1591
2822 9718
5063 5661
4928 640
4588 480
1752 8340
6418 9174
6989 5821
3938 2870
4289 139
2262 1494
3979 7867
1351 5203
4582 9480
9090 3799
2906 1541
5391 9327
4077 7692
7650 1726
5937 5244
2884 3497
1736 6642
9477 899
3506 7016
7308 3370
3226 5786
4830 5818
7209 800
588 8692
5534 2737
9361 7901
5145 8503
8699 5116
6107 41
4972 4833
8759 2460
3831 5915
9709 3723
6278 6647
6226 2054
9013 6960
2950 2106
9713 3609
5640 1151
8539 7834
6374 7581
4498 3338
8963 5641
8670 5332
7094 9231
9328 343
9551 9484
6785 9232
2171 3300
9877 4143
9210 9355
3485 3184
9077 5702
9267 7478
8489 251
7845 7375
7791 1642
8429 7433
5648 6522
9198 2615
3965 1371
5371 4551
425 8451
1600 7602
1266 7937
7129 6582
957 8463
6073 533
6215 9455
2446 4428
4757 7446
3800 78
6292 7509
3458 3058
8154 5290
6599 6922
2140 3925
5086 8088
7357 4660
2301 5392
4547 2073
1265 9003
8506 8846
1352 6102
8248 8903
3512 420
7101 9051
5007 8340
3785 9791
547 7554
5924 8569
6867 1175
8706 8907
7922 4006
7569 6717
2949 1253
9173 1694
3481 1659
7527 1798
4496 3539
5751 2464
5022 5181
6759 3406
9483 4054
6404 2297
4249 4733
5308 1320
2304 2174
7329 3278
5445 4272
2617 4647
3548 8238
493 1863
7566 5438
8839 1678
4436 8571
3841 2875
3322 2325
2480 5689
7034 2561
732 8353
7296 864
2081 3183
5630 7602
9981 4091
2699 7386
4361 9616
8102 6544
397 271
1260 3293
3955 3850
4023 2686
6819 385
1353 8310
9592 4263
7202 6304
1939 3586
3784 4727
3733 2557
1387 1405
3025 4082
5904 138
7698 3946
6768 8331
689 4657
1554 5591
5399 3127
659 7495
6069 5095
8440 2843
5606 3907
8736 3099
2773 3759
4652 8956
3290 1828
5061 1346
3759 5981
9330 3450
3145 4085
2825 1917
3234 4049
3864 9106
7129 165
7964 2170
6198 6286
3594 5963
1064 1275
574 8124
99 7123
6348 7409
7069 9814
7584 798
5536 6363
9772 7643
3513 1760
7056 7870
9968 8120
2106 8804
7351 4752
4452 3115
4969 8914
2914 698
4447 6350
8439 9676
5901 8809
4818 3571
3678 3845
1411 394
5758 7329
8747 6922
6797 1115
898 2289
5722 3055
6693 2429
7363 7472
1580 8791
7813 3066
556 8723
1196 3067
4389 9232
7659 2395
1580 2722
631 3089
1794 385
8338 7005
8613 9877
4492 932
5901 576
6557 2669
7784 3640
1664 8692
2182 1309
8039 4565
546 2369
4896 1165
565 8359
8336 7216
683 7275
2274 6358
3030 1841
9928 8862
9236 5827
6393 8499
29 4933
9023 5840
7778 3204
7312 3642
775 1154
396 1818
668 1197
6217 9709
4785 6149
482 728
5995 7164
4569 4614
4304 1305
3097 3916
9271 597
7407 922
4202 7026
8767 1688
6320 5438
2413 9366
4462 3815
4968 9691
9789 1936
9008 4819
7033 899
28 2746
1408 930
2743 8538
7091 4293
2185 9843
9765 6614
5420 1267
1891 2720
8666 9936
7625 2452
8804 6433
5253 3803
8206 7221
5023 9050
9192 481
2657 1071
9028 5440
3225 1818
2828 3927
796 4253
8269 6331
3513 2487
1755 9325
1129 6075
9446 7118
9181 4536
3164 9639
7673 9757
7909 1527
1344 3852
3371 1127
3070 4271
1249 2591
9826 8670
9897 9373
9058 7810
8312 5984
6222 8503
5364 7847
659 5938
1974 6555
1612 4857
6252 5445
2348 5073
4922 3066
6850 5065
3439 2776
9129 9048
8495 8573
6663 3790
619 9170
3077 8159
2519 9253
1136 4664
7753 6526
9677 4269
632 7376
4039 6570
3215 3858
5265 7725
2146 5820
8243 1208
2058 1879
47 7404
6537 5593
603 2230
3791 1724
3629 3524
3769 8770
4646 7116
9605 4873
8078 7258
4449 8583
2304 7717
5717 9055
3226 6906
1497 5023
8441 1834
1193 6269
3840 2692
6571 1693
4500 5406
3404 469
9255 2458
4573 5670
6466 458
3239 253
1911 7055
8881 2998
161 7981
3744 5167
5444 7464
6299 6087
1628 6633
8075 2469
693 7862
7126 1282
2589 7897
956 3625
1154 973
645 331
6566 3331
9570 1150
7258 8539
8743 7962
2391 2042
3939 1096
1402 4386
7541 7590
2481 2129
5496 1802
7615 3435
3491 8518
3661 606
8201 3469
3075 3652
7019 5096
1782 7620
2610 1286
6390 6584
7748 5885
3024 5022
1680 7586
2403 18
8082 7989
3176 1261
7373 2206
4388 3852
8804 8524
4888 3649
5091 1815
4495 5320
5124 2780
9035 9711
8241 5072
1774 8259
2570 1273
2339 640
5203 9530
7200 8972
832 7538
5073 6170
5669 2942
728 4543
4259 7256
157 6546
4922 2089
398 7604
41 5420
4337 6189
3435 4254
6661 9594
3585 6715
8767 3077
2478 4444
8447 533
4810 5673
9363 479
226 228
9844 1598
3255 2995
8767 8233
9263 1268
4912 3003
664 3522
4111 949
92 400
8167 5771
2366 6116
1328 8071
1182 8894
7629 4824
9346 2220
5600 3240
7700 9841
5186 3092
7385 1234
3816 8451
7415 6996
6438 3035
1050 2717
366 35
8446 3237
3738 4587
4299 4731
1993 719
1517 6154
7654 305
1426 8191
1246 2830
6283 5876
7856 9624
4900 7456
2893 2340
9555 9780
6558 9210
8305 6468
7808 8967
5365 2430
6946 3815
5664 1925
4928 7745
2911 2238
3958 4648
7570 3079
3550 862
7117 7606
6268 1778
4041 9051
5282 7636
8207 7158
2417 4913
5368 7654
5198 1702
1219 8981
1925 6719
3986 6786
5973 2502
1912 8125
1369 4579
7669 5234
4285 5371
3937 6614
9126 9232
228 9802
2755 852
6715 8877
2135 2963
6529 3566
5542 8835
5455 4507
7374 2592
2282 1526
8079 3006
2253 5048
4032 914
9611 5057
4678 9966
507 7092
4792 35
458 1340
8038 4386
7033 822
3712 4414
7300 8616
1566 2948
7864 5639
3181 706
8561 6462
584 4159
6939 6518
1286 5556
9244 391
5455 2590
843 585
7527 2370
6592 1677
1812 6558
1091 9718
1708 9738
692 8713
2352 5623
9694 8024
4078 9433
9808 1478
7915 739
8753 4767
4181 6834
4300 2952
4209 3760
8817 9524
9532 534
8107 6688
8000 657
4933 4831
7977 1236
1899 8051
7176 8431
5317 2741
9140 4079
5858 6553
7633 7250
4277 1891
812 998
5140 2391
5205 3998
3805 9827
8782 8515
324 4531
1418 2213
4423 1557
8581 8681
301 2260
8272 1986
2101 6805
3443 7557
446 9962
7897 5790
6963 6483
9491 2836
7598 2965
7822 6782
3601 5678
7732 4209
9296 3805
1344 8235
6108 5598
461 2298
3393 3678
3412 664
1572 6050
184 6623
4666 31
9704 1258
9129 8809
6689 3767
8537 6251
8475 565
7183 5389
268 5076
8670 7828
8643 7989
4566 176
8015 740
8591 5555
9894 8522
6758 9382
126 9031
6428 2538
4843 7794
4471 47
4528 6624
7357 2639
534 5656
4575 5115
6770 577
6839 9289
497 467
1615 3124
715 3253
5320 709
4830 6921
381 8071
8281 2233
7373 7992
976 3080
2077 5897
1334 8371
7658 4808
1034 7715
1523 2484
1074 3739
583 7029
4986 4023
6412 852
6347 1191
5552 976
4566 5760
6537 3350
3036 269
2848 5788
98 6177
2132 524
5513 4413
4203 8410
7223 6559
1348 5697
2541 5163
9651 2127
3107 3387
9265 6667
650 6403
2276 1312
6629 6790
643 7299
2445 5269
8252 5082
1669 1048
5337 6143
4253 3837
2287 8803
6355 7748
7478 17
3245 3806
3522 7292
9186 937
1649 7557
8381 9827
7956 5149
4446 7238
1774 8422
8717 4723
5972 181
8128 4237
4497 1757
7545 8189
389 8335
7456 2383
6264 5741
817 3372
8487 8815
1496 3923
1934 5948
4161 2494
5451 4146
1448 787
1761 4720
2041 4686
3712 503
2566 1387
6591 7969
733 2725
9062 3292
7324 1980
250 21
8007 5744
3324 4970
2158 5743
9563 1821
227 249
3277 4865
9824 7121
6773 9867
5299 1441
4203 4181
2746 5007
5047 7268
8462 4581
1787 8273
4555 2814
2873 3000
4675 205
4800 4739
3903 2283
1241 2395
6756 7994
3390 6510
4025 1340
2065 3018
1753 7521
6838 7081
5707 7585
7551 5112
8776 6518
8614 5096
7397 6299
9692 9244
6552 2517
4394 820
4446 6890
1032 1527
951 1414
8798 6846
2527 373
4776 9649
6912 8665
6131 12
8394 193
840 2268
3951 3438
7108 3896
6392 3679
9727 9227
7554 4643
8797 8056
5277 9855
19 6610
4509 3519
9529 9822
7414 214
1565 2197
6921 3507
504 5806
2657 150
1876 6765
9491 6735
282 9075
17 7436
3108 6944
1010 4919
6536 6253
4568 3834
1250 4152
2682 3060
8730 8547
9266 3761
5421 4266
1698 1754
554 3405
1322 7306
2387 1116
9649 4389
6204 898
8356 7701
400 1237
8215 3337
4621 5908
9419 1970
455 4388
232 2539
4730 6938
6271 5072
3034 4608
311 3656
3690 4363
6 8068
2127 4668
8740 9197
8086 5788
7462 711
9928 2556
9655 9999
5614 72
8931 7194
1197 4691
3743 9801
8957 9953
2771 5019
6465 9162
981 3435
1687 9824
5640 8293
8371 6670
9865 8973
3980 2397
5803 6020
2241 5268
6022 9007
5220 6430
6819 2612
2781 7238
1356 5906
9913 1578
9499 1761
1375 6691
5019 2294
3131 2406
5521 2195
8929 3863
5274 1926
9435 9342
3256 9318
1472 5299
3233 2387
9372 2498
8024 87
1704 9979
5756 3452
1307 7275
1808 4268
4008 8794
1426 66
8939 4300
4792 8877
943 8647
2751 1229
674 1191
3971 8946
6041 3527
8905 539
4377 433
4285 6431
446 4744
5718 2660
5858 1700
3375 9079
6099 2463
7898 1319
4312 2986
1378 541
8020 7938
5411 2172
736 1859
405 3784
2007 7962
3365 9174
1519 1233
2932 2235
1590 5832
7109 3702
2835 1103
6174 1289
799 2627
3597 879
8827 3870
709 6438
813 7013
3031 4076
6309 3801
8848 9713
4362 4904
3838 7743
4506 1158
723 9742
8945 4060
1555 5456
6970 3832
1318 8637
6797 852
6938 3802
4673 8435
187 9161
222 1375
7071 1798
7964 97
2896 4201
5615 2910
1263 9635
5505 3394
2346 3768
9447 7202
3538 2805
21 7465
8421 8554
8276 2011
1081 5140
1100 3768
3530 8711
1669 8408
5301 1237
3970 462
7650 4722
4117 7976
1126 3247
8630 4443
2475 9931
1350 6282
3730 8722
3879 192
2546 8731
8824 3802
4926 7721
6544 340
7747 2111
400 350
3751 2055
9730 8935
6305 619
986 218
3611 2170
9873 3988
1775 321
9865 1859
4441 7809
6330 8622
6913 9530
7121 7115
7619 3273
8249 6297
6610 4647
535 414
3875 2132
5825 1977
6872 1829
4173 6830
7717 8897
8422 6479
2824 1382
6872 2942
5958 1481
4439 6488
6489 1545
3129 4421
7929 4529
7406 2157
1458 6210
410 5193
4124 7196
9468 8995
2255 7256
8868 4663
8286 3073
6759 4714
8661 5331
7820 1836
6388 7795
1368 1693
82 7012
8683 3887
7473 614
886 1717
2972 2168
8064 9716
7831 7724
4415 9404
9204 211
7226 7056
976 9174
7413 9908
604 1354
1335 770
5079 5570
5828 5843
2282 761
9071 737
2954 2720
1384 3958
8907 2933
627 3612
781 7265
4847 3219
4309 9189
673 8428
2802 8258
4891 2194
987 4742
4049 2946
3632 2950
4503 8453
6678 9710
4560 7847
4860 3181
7424 5258
1769 154
1648 9092
8511 3818
6180 125
5510 2057
3740 1889
9314 1292
8615 9715
3469 5876
6028 2449
7449 4439
8331 687
3634 8827
6122 728
8725 3786
8626 3404
4983 3855
334 5527
5366 3483
8496 6671
8041 2765
6523 3775
1115 9352
7536 1852
2377 8376
3707 6504
9120 3727
8958 7168
959 2744
2037 796
6237 9369
6568 3437
5106 5414
2042 3574
453 6185
8100 8405
3904 8727
5356 442
3705 7465
9239 8021
515 4465
8243 2401
9230 3750
406 2784
8393 8547
6307 3866
242 7762
2948 5756
6570 1184
5609 1885
5963 7790
5678 2304
2930 7849
9731 2889
8280 8027
8328 3592
1718 7452
7087 9760
8081 8409
268 6773
7654 3915
9185 8735
4182 6940
4181 1573
6540 1835
787 8412
2074 1287
4 8238
2412 7558
8503 2863
7557 1705
8382 9976
6190 2481
8894 7786
7098 5831
6867 6615
73 7105
8188 8125
440 5944
8171 1933
3154 784
1051 2006
3372 1597
6714 9262
8213 3838
2237 1864
2787 6259
8892 1684
6114 4132
9658 303
6117 7421
2707 1259
523 5660
8302 2122
1021 4546
5788 8468
5674 9794
5299 3373
6767 8061
2546 9488
8172 9381
1299 9269
8479 3888
813 8843
6449 2526
4472 5125
8688 1949
5148 9270
3659 1771
1598 1921
3767 6827
3804 6543
3834 2664
6601 2995
1790 2141
23 2859
7818 1411
4943 2837
6849 5279
3739 2778
3502 8996
918 1531
5862 5121
4432 4944
6575 2687
3726 835
2811 1977
8310 8726
2614 5454
3320 6160
4930 7061
7858 5180
6034 5315
4518 4722
5626 7742
6987 5546
1728 9409
2898 9000
9719 4393
4723 8885
143 9780
3486 6134
4819 7283
3709 1432
5244 5619
4654 5457
7733 7119
7675 5742
5619 3907
6758 794
5572 4420
2861 2295
9743 9336
2695 1959
4742 6272
2143 2436
377 8061
305 457
5472 3238
9091 1153
3274 8800
4907 5643
1556 7635
8255 2990
7152 7907
8242 3848
7543 2659
9523 1604
1739 7640
786 5250
1571 8792
4223 2294
2368 4705
5955 8516
5797 9162
5157 4190
7184 9725
3259 1170
9686 3910
180 3747
4336 1407
840 5209
3962 9410
6580 8896
1763 4124
7613 7031
9576 4597
1257 445
9625 3726
3390 2694
575 1289
1520 6134
5410 773
3875 4240
3634 2502
2018 3678
6296 4798
3416 6789
5047 5748
8782 4676
8032 7642
3390 1768
9517 2480
8482 1456
7234 8632
1905 3222
2000 8822
6331 8232
5531 2247
4955 4181
4394 7770
642 4684
7803 8254
2681 5720
5322 5914
1374 6775
6154 4712
5231 1757
1562 905
4289 1432
3194 2320
3928 1487
3788 7024
7296 6620
4985 8220
1164 50
4336 2812
7459 664
268 4921
8345 4758
1945 8819
9192 9506
8561 2093
7143 3475
9791 5326
1600 976
9962 4220
8211 9456
1539 442
9262 1856
6002 2442
3889 2036
8970 9792
2417 1332
2884 2718
8769 968
1883 6347
7205 3704
5530 8059
3546 386
8502 7863
9563 2441
1283 7229
8569 2970
6728 8840
2174 9610
1011 3762
7226 9060
9168 9280
7016 8066
4596 9463
175 5696
5121 4146
2904 4910
4382 4161
2714 6609
6936 1920
4581 2950
7285 1740
5378 7945
8648 8907
1764 4975
5656 5302
5086 9062
2155 1661
9156 4963
4417 7370
2007 6574
6765 9284
5092 4865
3643 7999
169 1841
958 3264
7920 5723
3189 2566
6375 8278
6049 2122
3368 6410
5769 3688
2418 461
2573 7125
1025 2743
7458 6224
1212 7944
5387 4990
9749 4276
8086 2816
4419 6616
8784 4320
3645 1644
916 8335
6566 982
9254 4132
1379 320
2233 3926
3500 9119
1166 1107
9112 6971
6879 2702
2251 9584
6741 6618
3471 9856
9509 7880
1259 2049
4545 4988
9887 8201
9723 1215
1354 8809
2614 6925
5808 1211
6858 4115
4811 7568
1854 7987
598 9540
7459 5763
9093 3753
2207 4774
8227 3300
9035 4428
3560 5125
3094 4327
3205 4631
3494 8254
9720 6666
3453 3991
2361 7385
4953 3997
4044 4675
2439 849
5977 1751
975 1025
2145 3777
9778 3734
2137 1895
9735 1266
8109 1131
3654 5811
7190 1133
7395 68
5279 5509
2150 3975
7851 7642
29 1258
4788 7658
2879 2104
6531 2202
793 4612
6691 9564
7309 536
7686 1054
1294 9121
7106 2255
4440 2406
325 1294
5385 6596
1795 8016
7492 6365
9681 4067
2020 1435
7976 4274
3083 845
1132 1082
7245 176
8214 9574
8824 7693
5294 1708
1855 9727
1657 6986
7354 4964
1700 1615
635 391
9438 5239
5091 8152
6217 6123
6112 8979
7846 4894
488 8208
2372 2086
6480 9397
934 4604
4051 1466
4449 9500
5709 9292
3947 1361
3941 8803
5230 2165
7 8840
1740 6060
369 1235
7108 9626
4774 9707
9857 6163
6717 4236
226 3148
2312 9533
2580 2124
9721 1316
1222 9314
5900 509
1270 4924
2384 382
6330 6906
6044 4927
7787 7358
9286 5627
6856 5206
459 6949
9527 9253
8897 7709
5735 4923
8073 2937
2456 2826
4488 4266
7996 7124
3409 7516
6592 5824
799 744
4992 4480
9430 9218
1882 590
1919 7208
7632 37
9345 4734
42 6801
378 8433
1651 4085
2515 2639
7246 2502
5503 9773
797 5441
9012 7014
2742 8678
232 8883
438 8281
1464 9050
92 7043
9518 9723
6675 5483
29 9572
392 3916
1039 6087
7082 6040
3867 3419
5177 3448
5456 8265
4433 460
208 6
8742 2647
9023 377
1245 489
7326 2086
4487 4417
1159 363
611 4117
2282 6655
9336 8545
2901 7366
7655 6759
5256 7278
2591 7270
2910 8816
3592 6874
2214 5623
9265 5863
5956 2226
9076 6230
4216 3820
3515 6951
5656 8348
6180 8958
4684 2200
8278 8593
2026 2818
4008 8028
5870 7084
9657 7178
8798 4682
2385 6619
5426 7611
4325 776
8337 6826
7644 8267
6454 6432
6522 3852
4303 2373
3572 1134
6454 3825
9563 9919
105 9476
7980 6519
3201 8448
1733 9690
9970 5675
2111 6518
9071 6666
2892 3565
2368 180
9623 3555
6238 4045
8906 7456
8091 5211
2944 7162
5832 9402
9568 7974
9448 3053
1602 1442
6552 4113
4481 3929
4946 3307
7798 4798
194 9515
4748 6976
5025 9793
4785 4412
155 4565
5447 8903
1041 3079
284 7091
4251 6667
9847 1188
536 3765
5044 4921
4808 4594
3337 3681
3053 534
8585 408
1990 7441
6975 1102
529 2077
7034 1332
1262 5669
993 2886
1824 4370
6233 5555
2907 5335
6180 7576
3223 1211
9592 1930
8692 1962
6238 6380
6805 8146
8917 2158
8189 3395
9091 1499
5159 3821
2231 4185
6080 6224
2066 2028
3622 2517
8901 2138
4746 9353
6175 6445
3971 9932
5040 7310
5106 5480
4952 7443
4764 3412
5488 7815
2290 6975
3961 3111
8345 6611
8712 2759
2185 9245
3181 7621
9152 3946
5474 6720
951 8909
9840 2492
528 3570
9889 2148
5941 6461
4164 2209
6685 6075
3943 2580
9384 4317
4139 4577
7997 4652
1462 5560
786 8203
6174 6068
3672 526
5625 2721
9023 6872
6040 4521
4398 3141
2872 4615
5818 2339
984 9288
9059 9331
9195 2848
2278 4411
8097 5030
5913 7304
8812 1628
5606 2115
5792 8502
4562 839
8931 836
1508 443
9902 4682
9473 9615
2244 6347
9285 588
9048 7559
4044 5755
4138 441
2361 822
3709 950
5648 8001
8647 5778
5882 7153
2849 2799
8767 8503
5519 5894
6874 9886
1281 8457
3501 6551
7540 7362
5648 9758
6859 1278
8632 9646
751 3363
7767 968
6060 1401
448 7355
5981 3880
5214 2813
3695 7046
1058 6433
8005 9182
5118 2124
3266 6589
5390 1426
4854 1082
3277 9421
3020 378
172 5197
6443 8044
1329 6441
1330 1824
2225 4071
8840 5673
6673 5039
2892 2750
9139 8046
353 8809
3934 159
4474 2122
3945 5256
4815 2075
5898 2109
9664 4188
8574 7762
6054 4280
1881 4685
9572 3148
3434 1515
8807 6425
7401 5058
8028 7835
6205 6320
5704 9394
8874 304
6443 6477
8637 2650
4719 4121
3880 958
5470 8121
2611 4553
9891 2402
6964 9166
3380 3095
5477 8896
3792 1696
7418 7209
4824 9704
9325 6578
4529 1337
3787 7216
2439 8244
8032 5449
7468 363
9997 4798
74 2146
6229 678
5462 3737
8506 1986
344 4294
9528 1985
5304 9728
2668 5425
1195 9923
3123 6680
8406 2143
8840 5401
9270 1794
8893 2321
15 72
8157 1843
3757 1853
8998 872
2001 2414
3108 3381
7561 826
9592 3584
8695 1203
4898 3623
1422 818
6747 7789
3162 6351
4708 8482
3107 521
1134 4843
7876 8398
7819 7322
4983 990
4401 9484
7103 8459
5755 4737
7988 4803
629 3647
8275 9325
4133 5529
4162 4360
7806 3664
3872 8335
7724 6344
7728 1282
1213 4180
4094 2735
9343 8121
9148 6355
697 9368
1372 4032
4488 2134
8123 5871
9550 3441
778 3280
7202 5948
5487 469
1670 8839
2830 2222
107 4576
2205 78
9418 9321
8651 2110
5724 3788
2130 4089
5773 8370
6123 9944
1482 8961
7434 7060
9929 1254
6681 8148
2408 364
8476 8960
4195 3426
3551 2432
7569 4044
8730 3636
2762 5382
540 9620
5198 9016
3669 6114
5624 972
7957 5424
4546 6820
2338 9339
1064 3423
6651 1338
5624 8085
852 9460
6053 5846
1408 7108
3153 1719
9825 7140
6944 3857
1020 7165
4629 4109
952 413
6729 73
9747 2611
281 7052
3834 8434
9652 4716
970 9428
8456 9021
8807 5521
6723 7676
2145 8504
6248 9414
3173 4854
9307 3852
248 8663
8435 1701
9031 2343
8097 4679
3082 8662
147 9342
6420 8781
7858 4534
3917 8205
8183 1936
2657 4794
6176 4333
9706 6249
8112 883
9138 2241
1628 1495
9396 172
5417 4614
5607 68
3953 3246
1775 8966
9008 6943
1208 1451
8442 6056
9429 9610
4112 8880
2850 729
6189 9035
5667 4468
7740 5534
5693 7924
4447 2162
153 784
6561 6560
5708 976
5195 7825
8074 3386
2384 658
6594 9287
1650 9035
9530 8164
2267 812
7147 4685
3438 3577
4724 695
8402 9320
2565 4468
7064 5497
5001 9905
509 9651
6543 6570
5379 8866
4410 8257
1927 4409
4633 7850
1849 2810
6534 4427
8726 8783
514 4945
3816 9264
3443 3903
3864 2161
4786 77
2711 648
4013 4603
9785 8463
3250 4818
8599 1001
3854 1623
447 9640
5114 7066
8267 2989
4784 6947
6300 8538
3506 4923
9830 6580
5895 1557
160 3317
9981 9879
1022 9119
2822 8669
2948 2732
3655 5089
4116 9344
549 4615
498 5476
8625 1566
15 5600
6131 1364
4625 3406
1257 6038
848 930
2154 8293
72 3964
2883 1032
4781 604
7291 5592
8358 1688
8697 6170
302 6208
1068 6786
9402 4549
6377 6041
5644 2262
3474 2293
9528 4236
8312 8039
5097 8142
5209 7942
3959 3424
6803 464
9400 4965
1736 3801
2514 5464
7734 6946
7788 8032
9700 6212
3017 3216
3974 7541
8436 916
2107 3
663 2034
727 7013
2588 1078
1879 8251
6409 7957
3875 1445
1089 6638
1936 2288
8846 5219
4462 6270
3852 1568
7904 8041
764 892
8152 2092
2018 2081
7074 7623
9991 8729
2792 723
4042 9546
6280 7719
1677 8207
6114 7060
4637 3444
4188 1626
3132 5243
3004 1620
9516 224
3032 4426
9786 4392
8581 7494
6016 4585
4268 837
1795 4359
7237 5816
2142 7792
8238 6349
8890 3990
8893 4065
2781 9922
5551 4662
3421 9523
6613 7644
6348 3085
7312 8388
8894 8017
3724 2219
4673 4366
1085 106
9422 7629
5662 1862
2003 9882
4661 9508
3460 2589
4983 7522
6304 9921
7772 3911
9370 7
7855 8778
4826 2966
4131 2572
1064 1336
6580 4348
1190 7695
9035 7814
1656 5718
5710 4394
1766 7819
370 5924
6682 3409
2150 5969
7872 2037
7313 9850
4411 6652
8903 3040
3698 8398
4524 481
5596 6788
5031 1823
1778 5321
5965 2729
3050 4221
3432 5696
8018 3994
1146 5255
7926 9216
3021 9110
7135 887
8819 6851
341 3370
869 4105
7580 4601
6841 9188
9884 7145
9525 3634
3005 8199
544 7562
4467 3888
752 6291
6857 2337
8876 1
6178 6545
1679 5652
7534 9940
9500 564
4300 7351
6083 236
7900 8531
1257 9179
3957 2904
4615 2332
3886 5476
2142 568
9357 3075
5554 9969
530 6315
9424 9661
8425 6975
1519 4220
3415 4306
4802 6405
8074 5383
6858 7459
952 5382
3419 3789
7489 2716
8909 9451
1549 7816
8704 5905
7969 83
9450 3217
2091 8727
8826 4079
491 38
3798 8550
1174 359
7566 8523
7055 7068
4318 2914
9782 4150
4972 816
9505 3509
1714 5760
9034 5868
1494 9663
7187 8319
1639 8465
1779 8039
8313 2333
2178 871
6088 5567
1913 2521
4754 1008
5940 210
8048 3037
8351 953
4355 1279
6125 3282
6146 4946
9305 5912
447 7739
3934 7572
9153 799
8419 2957
7885 1191
6742 3873
6102 8408
1027 5740
2323 5121
6066 2639
845 4536
4176 712
1409 3447
2617 1372
1994 831
3489 8129
328 2034
9625 9429
6627 2479
653 4525
3593 5073
3941 9585
3862 7146
8964 9369
3681 8091
7930 3460
9309 7393
8843 1614
7092 7419
9384 9848
163 8222
7915 9587
5895 4642
7958 1130
2019 898
7362 2273
1828 9512
2848 8689
3421 3555
1278 7766
5760 5820
2406 6954
4887 6655
5790 7902
9475 6007
3792 5686
4513 6375
2519 4795
2357 2694
1853 5094
2491 3938
1882 3815
904 4211
322 1866
9086 2247
3170 1441
7803 986
9031 2024
7295 3073
7906 7941
1251 8458
5498 8036
7521 49
2039 3626
8221 7663
7274 855
906 7974
7434 2232
634 3416
1427 3065
3764 2143
84 5455
6988 3333
9952 6806
8146 4949
2057 9863
6649 8705
2990 7380
904 7603
9927 7064
4472 4203
2814 981
5423 2407
6832 2257
5994 6819
8178 8741
5193 7322
4017 7453
3746 3840
9467 3441
6046 7191
9591 3948
426 8313
9694 207
3646 6110
8952 7992
8783 8938
9147 9859
5147 1832
3809 9770
1219 6419
1460 7656
5337 7181
8708 8683
5224 3468
9521 1437
9371 7392
159 7763
6831 8591
395 1400
7090 9248
2807 1009
1598 7406
1590 345
5814 6274
3806 4999
4565 4560
1490 2269
8331 3694
8554 7469
3659 9391
4440 5220
2405 3739
9978 3282
6563 3117
3306 9507
8079 5995
229 2706
4880 2374
4106 7735
5451 2838
5351 6742
5420 7528
8975 2949
8298 1224
8609 4036
9375 791
2163 5001
1169 7236
8739 6226
1762 8801
2511 1922
4351 8764
8902 9555
2766 3032
5771 4051
8521 6550
8457 8119
9502 4966
6521 2024
9359 1736
4321 4380
3572 4075
4430 4490
2348 8446
9874 3370
7836 8048
5646 644
6040 246
3695 4243
6288 9637
4709 9461
8379 4851
2390 1621
4902 67
4775 9754
9060 1113
3160 2580
2075 4519
3946 530
88 2592
4791 2809
6443 7881
6367 4872
4232 6671
5029 703
5740 9081
2876 2510
327 7490
9819 7700
6351 1484
5972 5224
1549 522
4775 9182
1756 6296
9952 4671
2775 4308
8056 217
2497 1310
5218 5732
3077 8509
1881 7981
308 8430
5985 6659
6566 4389
1356 6183
178 2762
988 6524
6998 71
2000 543
6605 4571
4528 7975
5490 9505
5525 7329
1316 7272
1755 9849
5015 702
9034 3597
2324 2755
7026 4795
7660 5653
1269 8358
3714 7259
4575 9916
5711 7635
7493 2864
6134 7193
765 6352
3642 974
9840 647
4409 7715
8736 7287
4312 9644
7003 905
9624 9796
1406 2045
6311 8811
8845 9007
3019 7778
7198 6891
3438 8801
3995 4051
6438 8805
1476 5376
2023 479
1310 3377
9097 8712
354 9003
2706 685
504 7461
7677 5362
7971 8780
4696 1842
161 3868
7759 6496
9688 1304
2860 5892
3506 3347
2296 8695
4885 1802
7620 4438
1770 7373
7947 4534
9369 4718
7648 8043
8280 994
6180 8071
9983 164
5374 8803
4328 7550
8733 1141
2820 1700
8994 8901
6659 5110
5855 2606
6703 1646
4594 6375
957 325
6656 5841
4507 9512
4717 6699
8434 3825
1018 8254
5019 4999
4029 7314
3958 3143
7508 1432
6213 3421
2556 3095
7976 200
9528 2735
8303 6199
237 3245
9123 9978
9992 923
6211 3713
5692 7335
6313 7880
1057 6130
3878 6642
696 6424
5408 2344
6250 6908
7782 813
3654 1011
7676 8806
1340 9224
1541 264
124 4776
3031 6883
8508 6969
4547 9710
3658 6733
6224 2754
9226 6872
8607 2576
1507 7284
2893 9013
6811 8704
4502 4558
4600 2223
4976 9941
8383 2164
5318 6810
4425 4108
447 8623
7147 2959
6136 8149
9843 2593
3367 6562
9791 4582
3812 4831
3779 2397
8381 269
9859 9864
2811 3933
19 7272
1138 3328
9094 1280
2979 1716
714 8073
4042 2438
9604 457
762 4413
3796 7971
4676 5097
1960 1663
2404 6603
8548 266
7471 3999
2534 2681
4618 478
9716 3104
1715 7375
655 2299
7508 5031
7990 8054
7277 2476
97 8137
71 8508
6581 3154
9480 3568
196 8464
4613 8035
6811 9531
6529 1048
8607 6242
6603 2966
6690 9693
130 8727
7487 7693
8369 2287
8763 4922
4592 983
5768 7931
9633 7072
5438 4238
9180 1183
6953 1199
7130 3852
7985 7316
7105 9713
841 5315
6800 772
4062 3135
2310 2895
7343 7408
5834 8024
2997 5153
4120 6040
2250 8354
8975 922
8083 8231
6154 9674
6043 8099
6206 5409
1312 18
6583 3098
3625 6946
4706 6182
3383 8068
6370 7083
2346 3987
8682 1417
3883 3667
6551 8905
9655 5412
9944 745
2881 1670
1874 5167
7445 6098
3085 3805
4993 5064
7097 7483
7501 8773
7188 4050
3889 4964
1790 5266
1287 8688
3788 3023
9087 8547
6739 5416
8338 3428
8161 8370
9304 7508
7958 7307
3792 2153
4585 1275
6588 4638
7261 8389
5124 5497
6353 2948
7432 6906
3767 2260
7452 6879
8629 5073
8793 2486
6814 8286
6699 6050
8794 402
7687 3747
853 7152
1170 1151
2280 2947
1838 294
8702 1656
9044 7182
2003 1017
489 7040
6113 2591
2573 4173
2458 4278
2204 7408
7147 4890
9230 8924
292 2076
3331 8878
8211 854
412 9265
2080 8201
1806 7315
5266 376
8865 5765
3219 8061
9811 4785
5615 3876
3481 8705
7575 8026
8459 3287
2641 9757
8144 3412
1330 8371
2369 3205
7705 1683
5830 9478
7640 6561
6977 2418
3849 1560
7214 6225
4067 1923
8988 775
4707 2178
698 1810
2060 1165
4665 9559
2171 1537
6044 1183
1054 5112
6599 6081
8098 4888
9607 9334
1227 7756
1411 7431
9984 4507
3348 6884
2307 9778
4009 970
7630 9596
8282 1921
121 6576
3826 7494
7496 8883
6830 3513
6245 175
3250 9473
6588 623
9438 9018
7839 5298
8537 6623
5323 9758
9219 146
8427 4565
691 8695
8220 2691
2440 5342
8106 361
4787 42
8773 1715
8805 7210
1325 915
8091 929
18 3271
5535 1499
97 2240
2264 327
8045 6483
7803 2893
2382 9232
5333 8141
4160 7817
1462 2660
618 2595
503 3613
15 6953
7627 746
3609 1563
40 1683
5016 4470
2008 6916
4420 9755
6781 4727
1005 7369
4046 9463
3740 5112
1405 6384
3131 2462
6107 5049
2201 995
5915 6641
4720 3758
756 4054
9407 28
7619 9900
4749 3828
5734 2929
9858 7843
295 3585
6634 947
9319 424
2045 4552
5034 3663
6573 4340
5162 640
7499 7005
8823 2074
717 1736
7397 3311
4307 2203
1902 7814
8053 2684
1417 763
6823 3620
4357 5600
8490 6372
7725 3498
9916 1348
5918 5435
3665 2915
4430 4524
3391 6775
3642 1745
7882 6847
5563 2956
5679 8351
625 2971
8060 566
3842 7597
131 1794
2844 290
1783 8601
3957 1822
214 397
298 9887
7532 7556
2735 4327
8833 5312
79 8230
8761 9163
5087 7203
2347 3628
7949 7429
6470 691
2943 9407
2430 604
1339 5591
3998 5217
6677 1595
2385 1757
7283 8671
1089 3142
801 3698
8585 3294
5466 3768
9847 3596
4352 5291
7023 6909
466 6794
4733 715
5592 5445
1768 1848
2362 1049
7073 4606
7380 5892
231 6596
2500 3214
5759 4440
5094 1127
8186 2160
7826 6309
5187 5938
79 5647
223 4597
7710 7261
5573 7806
2986 8116
9765 1381
9835 550
6979 8390
4791 2637
3610 5930
572 5945
9006 7511
884 8005
2224 912
7550 1468
5559 9621
1650 8064
1437 5627
7096 3734
7152 676
7299 3637
3559 6603
8008 4570
1338 8788
3016 218
9373 334
6447 6393
923 1311
2109 6276
5136 4860
9074 1096
4172 1714
2009 8747
3953 947
6600 3966
9628 3380
9281 8493
7356 6
8063 5328
9031 1422
8044 4505
7066 7174
9376 3145
369 3643
1571 6019
5290 5915
5077 7241
3375 4265
2715 9797
1191 8219
5988 9064
529 3010
1595 5270
6019 7916
2158 761
5980 4301
1860 9443
3133 9337
8352 3705
3763 8765
6373 1220
1524 9488
1171 9733
3450 7801
4297 8306
8422 3494
1319 5373
9839 2201
9538 1382
1672 3388
3878 5281
3771 9104
2964 7105
8837 3519
3070 2518
7235 4468
9881 7334
2973 7723
4448 1843
29 4369
3951 8318
9453 3403
6467 7545
2445 6240
5987 866
9436 3926
9212 1169
8470 9629
804 5202
3637 1364
4616 7672
3809 444
6494 2583
1689 5178
9113 6713
2758 7833
9359 8924
4722 6367
5659 5327
7015 6466
9971 1907
6622 9282
4819 2399
7408 4337
6556 8623
3792 6290
9616 5702
9131 1464
3993 4150
4558 3197
8465 6531
2416 2315
2855 3591
1074 8299
6266 40
2259 94
7250 5554
3030 1415
2603 6253
2458 3526
2616 2834
6394 8634
3935 5306
2465 3119
2269 5582
2669 9435
2923 965
4316 5333
9779 3618
5232 5010
5223 2003
1819 3412
7424 4946
1356 8422
9568 6373
1826 4998
5956 1209
3282 6183
9156 4228
4288 1225
8008 7962
422 6413
8274 4760
9000 597
9206 1176
4748 8028
7111 7288
6576 2089
6774 3332
8075 8162
4201 9986
7747 9284
6627 6304
8050 9351
5927 3686
860 7073
3631 5245
5440 7733
7616 6665
3383 5581
5808 371
3851 5811
1766 4869
4487 7719
5637 637
2580 5257
6619 8457
2214 9174
7352 9998
9077 1044
2071 8041
9311 3208
4906 9318
5430 5111
6716 5283
6853 185
860 105
6242 2855
6973 4726
7725 1287
4363 3936
8825 1087
1611 3303
1399 3697
8230 3362
3771 621
1443 2233
9251 1730
9946 1091
8687 8809
8170 704
2249 640
8111 3391
1785 4026
4040 5616
2346 9043
5883 860
5687 3609
9536 7768
4567 6453
8241 9200
3803 345
1860 8184
1684 2010
4047 6382
5020 657
4833 7048
5695 1611
5124 7139
1067 3674
4439 167
2349 6073
2909 5637
9683 8929
7057 1744
3089 1256
8257 3099
1543 3168
4775 1841
557 2677
9762 4941
421 3134
8030 2111
5119 118
7175 8988
6234 1416
5781 3063
1049 2000
5480 1421
7450 5295
5885 7248
3434 9574
425 3482
3297 7010
1601 7059
8460 4814
2408 6681
4766 3218
9966 8546
886 9368
6281 2091
2919 12
2035 4673
8066 3743
3807 6500
6597 6982
6310 3266
7687 7607
2511 684
4065 1574
8571 3480
1505 2161
7599 5076
5528 5051
9067 7731
4727 2874
1723 238
3306 200
9236 1388
464 7605
6281 625
305 7369
8589 2747
8535 5897
1711 4976
5338 4054
3238 6890
8726 5427
4008 5424
8245 7044
1416 4931
7794 8568
567 765
6459 4414
4904 8768
2403 1059
6524 6423
9938 1504
3322 202
5809 2768
2006 6766
545 8203
9083 9860
7272 3906
7840 5731
3767 5595
4964 9484
462 7518
1700 4041
961 382
2269 9961
2610 7981
987 6116
6027 2176
9084 9944
5513 5134
6309 8091
1056 299
4070 451
5313 7270
2775 3385
5087 1729
1715 9184
1657 5730
8076 6697
5722 9759
1231 7835
2241 5663
4738 4100
6514 9064
5159 2
622 2116
2900 6907
7389 7679
6343 9605
5100 6359
7550 6659
7054 5610
2154 744
7630 7827
3242 3751
705 9434
707 3020
8160 7931
5263 4648
6771 3030
7486 9128
5684 2888
1625 5214
161 1060
2490 7723
4219 2675
3046 5522
9111 3364
6041 4814
2836 4432
7759 4558
8395 7639
7274 8570
3662 4682
8321 9279
598 9491
1519 9929
1675 7355
9474 4217
1496 9451
2582 3243
2971 6516
337 7306
4904 2322
3387 4703
7262 2883
6903 6255
3882 14
5517 9834
499 3807
5052 2753
7537 3202
6402 8425
5373 7992
4358 7311
729 6981
1460 5031
9668 4325
1471 5784
8813 4703
8526 9615
4510 5562
2074 3800
1001 1510
8891 6208
2726 2005
6346 3115
8491 8245
6337 6010
6981 2988
1152 49
5253 7572
5699 5687
6766 373
4818 5299
9916 9534
5634 4128
109 6483
5779 5786
8352 9661
6362 215
6079 7800
7654 1511
9023 1586
807 5309
4574 4786
1965 2645
5383 2163
9158 7708
430 594
9355 8250
3192 9769
7711 9934
8045 777
741 2470
1635 2327
7184 6537
7670 5382
7973 521
4998 4886
6340 5001
9635 6662
7720 1544
5695 9743
9460 8030
1855 158
259 8402
1504 1975
1623 7059
7747 5027
1866 871
2626 8511
5182 9137
3729 3466
6503 7266
3148 4498
6406 4807
3253 8157
996 6950
7555 4210
8002 3726
6189 9365
5389 1567
6897 1157
4548 1739
3288 2646
5882 1322
1450 1023
8780 4546
30 4565
3073 6249
1357 115
1450 5341
9816 636
4065 5765
4078 4530
88 3241
6174 3507
9687 3059
1916 3131
9341 557
3022 255
9892 1936
4963 3855
2906 1718
5042 4124
1998 6692
6506 2558
9536 5702
9427 1234
2482 2036
3829 1460
6552 4813
2905 8747
3681 8580
5463 7617
7053 9716
1527 7903
8045 3613
8655 4266
9255 5379
5532 5134
726 6786
869 12
3560 120
8491 7360
9465 9692
2166 6774
8337 73
5556 6129
1062 8202
3075 7307
5244 2713
7983 9986
2235 6099
3375 2058
6885 8705
2300 3915
6809 7384
2136 1279
8107 1401
3217 6625
6703 3413
1508 5544
7224 9182
3802 1195
6593 9307
8009 2304
3800 5313
9098 1685
3945 4434
3617 7830
4534 5845
2082 2470
5818 3142
7620 7350
8788 4313
3854 3550
6328 5797
1118 2240
1453 4141
5463 5641
7371 2698
8699 2714
8472 7445
1954 7838
3595 4611
2923 9340
5733 1801
2437 3596
3861 9135
2596 9441
3371 967
4697 2375
2670 4955
8948 83
5105 1344
1503 1994
8909 5226
9508 2886
1790 8942
3653 8360
5795 8485
4253 1965
9273 8013
5321 5595
2923 3721
454 9688
6412 6968
1824 9453
7537 1077
5013 4793
5723 2044
6236 4426
3163 8960
2338 2165
4904 1490
7287 3085
7679 1996
6514 3582
3373 4401
2043 7055
4154 6828
2867 7045
3537 812
6962 7071
7612 7632
5350 8227
9203 4419
7110 7112
2259 5278
1496 5213
6132 9287
9326 191
2888 5443
4127 9914
6179 584
7773 6853
4470 6855
3396 7955
3068 2173
1500 8800
4892 8683
3754 2484
7171 1179
3704 1464
1197 8630
7160 2360
7473 4017
6498 4266
9673 4477
7593 581
4962 8026
2168 8363
3042 8555
935 9093
5053 174
8711 6328
8097 4406
4625 6602
8383 4117
9270 7623
1108 9913
7009 210
5048 8154
1858 2477
4408 9404
8568 7673
8434 6292
9124 4136
2330 4276
1488 3629
9687 2365
3511 2146
9546 5955
8977 3064
9873 6947
7360 938
6834 2556
1174 7635
331 4597
7718 5645
3707 9124
2081 2444
2568 4772
1231 5466
3579 962
1440 5172
3373 1461
5 2153
3571 8631
5703 3751
9783 6689
8178 3833
1811 3966
4082 3418
1487 9700
6261 8646
8810 8892
6972 8103
24 4315
2792 3950
91 4407
5129 2626
3470 2647
8442 3667
2520 410
8354 4219
1755 3831
2106 3797
2608 5527
3598 1878
6885 9930
779 5340
6407 2650
838 3727
5407 4032
2671 657
6282 7739
298 3404
5734 3970
7800 3353
3816 4037
6606 3113
1633 535
2393 9933
2548 2169
8177 1162
3717 6894
2652 2822
8987 775
8697 1281
5037 115
5173 414
1543 5297
6633 7922
1639 8986
4502 228
3614 2170
8728 7187
4071 5816
9575 2565
755 923
6626 2092
6360 1000
9286 6533
782 8207
1683 6666
4002 6495
9383 3556
8015 4317
8346 4968
291 9308
7742 3186
6614 9096
1774 6943
1455 9394
180 7575
992 7697
1449 802
5414 9052
5684 6653
293 2822
1886 6531
6818 2467
6291 5671
8979 5157
6706 2171
1637 9275
981 9351
6047 9274
2571 7570
7684 5973
7201 56
1706 8934
4494 7978
2715 4088
7465 433
9617 7301
6584 1315
6830 7558
3737 8564
7138 4112
4648 4472
704 4280
5673 8151
9930 1288
8798 9715
872 2381
6284 5783
8439 3373
4028 5270
5534 4460
1199 9989
6380 9708
9778 4263
5102 4310
6097 5445
8570 4367
7264 8840
1830 2535
2814 1001
438 1099
6743 4040
6545 3211
4014 2668
84 6013
7412 6591
3225 1647
5513 1056
1084 3961
5610 890
3919 634
3344 1236
1539 2655
2720 436
2226 943
4559 2182
1874 3273
3783 4754
7668 1495
4924 5539
2353 5195
9388 7017
1495 901
4019 4617
809 7800
7251 8940
2116 3446
2444 2420
8811 8991
8947 9753
2484 8911
4058 6908
2137 5058
3984 7417
7707 2467
5785 9799
3062 8649
685 8369
3048 8584
1519 2261
4650 2892
3807 72
2583 9937
8072 3932
6981 1092
5539 7783
2583 5981
356 5814
3043 838
924 3024
5717 6296
8424 1797
2036 4251
8357 6382
9545 3762
6531 3997
8432 5498
7276 212
3094 2184
2887 9671
7702 6089
3604 7775
4264 2431
2923 278
9625 7976
2718 8194
8970 4899
6433 3137
9645 2025
3630 1690
3525 3340
6114 2887
7742 5727
7781 3137
4832 621
8856 9804
2669 9341
1916 4460
9038 5000
6007 769
9362 159
277 5964
2049 6210
6681 8000
32 9854
7130 6146
3115 9315
7809 9491
8010 8626
9085 6873
24 8814
8639 7631
8693 8587
1727 3195
4937 3414
8949 4015
5814 3984
2689 7021
2973 8528
6927 2834
8124 7026
4710 9858
6083 6822
4232 6437
9222 6660
293 7724
6189 4943
4892 9074
2384 3789
7846 4373
7820 4986
4402 2241
1886 5682
9002 4701
2894 5364
2397 8403
4444 3537
7016 909
3737 2575
183 1006
9250 5531
7075 9608
5282 215
6166 3019
9546 8095
6979 4021
9286 3554
4194 9819
8875 135
9340 7162
1282 9246
5777 366
980 3812
9906 4414
5469 3318
1976 3621
5630 3660
6656 1748
2127 6816
3581 2220
6593 1031
5144 3156
6208 7958
7732 6156
8766 7318
9987 1007
5402 5099
3262 4961
9771 4780
7527 6091
6754 9173
9831 4009
1841 5500
6090 5090
8005 8850
6184 9723
3752 3565
630 4504
4711 4841
2474 5912
4736 4571
5287 1352
9748 4267
8606 5396
2564 2330
9788 5587
3462 8743
5392 6488
730 5968
921 5488
1375 3531
3157 4114
6001 4703
6948 5941
9999 6931
8267 3178
6787 2436
8110 2767
9228 6320
3423 2122
6236 9821
9319 783
2232 8578
4586 3183
2188 6666
3441 3208
3740 5970
3608 3655
4365 8477
9043 4257
5110 7116
4835 648
8641 9337
7698 8960
8483 564
7065 564
4459 5708
9938 3312
6950 7430
6848 2687
1615 5955
1593 2812
3027 7526
3586 4846
1462 8327
3166 7044
6889 5317
8440 4642
4120 6195
8895 3296
1347 2935
9243 9176
7582 5480
167 9198
2208 2647
285 7227
6258 5548
3649 7665
9506 6396
90 7758
9747 2614
7684 9657
2637 5120
894 1090
160 9838
1593 9052
7483 7158
1037 6085
3453 2875
8704 9169
872 7615
1892 2253
5412 6033
4807 3718
9183 237
5298 9557
5234 2093
9579 8472
995 9143
9893 1941
2800 1728
4546 7400
8528 7538
3265 8853
3487 7854
5696 103
5417 6226
741 3016
4375 8978
3776 2541
3728 1282
5690 983
436 5558
6404 2415
4340 3974
7392 1264
1955 5420
544 8999
2125 8554
3960 1030
8275 3935
9924 1923
3956 2672
1971 5114
8011 5007
8004 7334
5460 1344
3585 6340
2440 1678
6701 4467
9557 7111
5258 2013
3264 1113
5943 3037
3824 2760
9774 3659
751 5250
451 2099
3519 920
2697 7903
6561 7854
7147 2329
820 2690
221 7795
4274 9668
7356 1714
2995 2224
9789 9546
4 1615
7705 8059
4210 144
3953 2990
4437 2907
7575 7468
3930 2130
3336 7980
7611 3161
9205 7679
9968 5584
1086 3345
662 8879
9663 108
1270 2833
3186 770
9243 1572
9627 1921
2170 8211
6767 967
140 1299
1928 3543
5206 5261
1604 7752
7963 7897
8572 2741
9383 2914
2635 5648
540 1427
2627 2080
3455 6233
2363 1940
6403 7537
5278 6886
4334 9418
5104 1281
4444 7148
9885 4235
124 4201
8783 7843
9782 8724
6843 7325
1166 556
4152 399
779 8619
462 7491
8754 2967
3533 9539
8200 7730
9020 6890
9836 54
3346 1657
196 7923
645 9297
3205 5126
5949 7383
4256 351
2705 865
3159 5767
9458 2361
230 4570
7194 4099
1982 4370
6662 504
6046 9438
6858 1123
5447 9379
7585 8293
1603 3857
56 4954
9984 1453
4789 9842
8799 7130
3744 2106
2669 395
5174 7568
9939 9134
356 6420
1860 3669
7858 5301
2829 1286
1425 8846
2538 7015
1727 4107
2161 7581
4035 3786
6836 5122
3609 1624
8302 2788
1859 8129
5524 2637
7281 7519
8233 1369
5204 4854
7361 2105
587 5744
1966 7565
5017 6294
2351 4639
4198 1148
3516 8784
9578 1769
9327 7349
8516 1650
7711 3619
2100 1180
238 2330
9276 3678
193 2362
6362 9722
3151 2496
6018 9318
8838 6014
4225 8918
9451 3836
9820 1123
5302 1627
3733 9466
4367 9148
8684 836
1177 2011
2175 1380
4652 1614
7471 2640
6644 5789
5743 8979
9559 233
6923 937
4312 3166
9085 1969
8710 3678
28 7809
1840 3954
5240 7895
5330 5395
1164 6561
1279 3023
7114 9941
999 4401
6400 3143
9242 1164
3072 4717
3458 9039
2638 6281
3471 7535
8232 3963
330 2098
7674 4445
9038 4410
2303 7323
2207 8006
148 3149
4243 5568
3982 276
6714 2998
3875 7951
1529 7027
3000 1624
3744 8229
2827 9004
6852 6242
6599 3616
7722 1647
5593 5254
9967 6414
8979 1442
7247 5946
4120 2636
3928 5820
9615 1543
6778 2190
4513 3594
6790 8096
3018 6383
2195 3114
4292 3813
808 6349
5654 4323
5829 4623
4173 6969
5633 593
2830 7325
9909 2833
657 2395
6708 1420
7240 7879
6918 7684
9774 3902
2550 6868
552 8130
5517 243
7320 1800
503 7147
9812 2068
1100 5206
6950 3150
1415 9233
6240 6870
7993 8824
6927 5256
854 7086
7741 7457
7342 4987
4067 2326
8992 4530
126 7334
4117 4931
1398 5063
7036 6148
3250 7499
6148 2989
9075 532
1243 2677
1385 3535
4166 7156
1338 7405
5522 9903
9338 6881
8940 9301
236 6108
73 5394
4549 562
5366 8286
718 8825
4524 5639
1838 17
9464 3575
7029 8931
2587 3712
3206 1495
897 6033
4254 2410
8525 6185
4388 2568
4362 1216
6292 448
7463 1625
6730 9645
3722 4332
1541 5338
7604 1516
9454 6361
7670 2644
9522 9714
2402 1443
4604 6132
9753 4552
4816 7333
2464 7057
3041 3244
6459 4949
9817 3525
4295 7859
9899 2994
4347 990
5588 5404
4357 6976
5127 3625
4650 9986
6060 2351
6961 2326
4287 9115
1141 3416
2949 5998
7712 7599
4523 7050
316 5962
7626 1446
4059 3307
9402 9051
1341 1371
8618 8302
8994 7225
329 165
8495 1354
6171 436
2792 8224
2687 6083
1000 1083
1116 9648
9031 6578
4524 4593
2346 5544
235 9629
6441 2701
5580 7693
8918 4226
2369 9177
8500 7844
8487 4477
3522 9743
9995 5337
7655 91
1476 956
9298 9052
5134 6515
6762 4861
3209 6530
2743 6844
9922 4509
6872 9789
4540 7950
6986 8505
9787 7433
1939 5941
6688 9518
3717 1338
7228 9979
9530 8013
9622 5757
8023 7343
3274 5873
9996 9812
4291 1292
8044 1302
6325 828
5520 3410
4559 4676
3835 9264
5521 5007
9112 6674
4292 1405
644 4578
5421 1160
9520 9038
9245 2265
2155 2929
9107 441
7976 4884
611 9766
7409 8424
1859 4057
1933 9385
6925 2434
1520 5434
5773 4828
2904 3639
4986 4120
2143 3322
8780 258
7207 7745
3391 2277
7362 2462
4205 5737
4213 5138
4873 2126
8056 7611
282 2918
2266 5271
9884 2620
5597 8529
1101 1493
2554 1636
9941 983
3329 1520
4413 4335
46 3929
85 3003
5841 3899
1098 5437
6929 5962
2051 7083
8288 7719
9044 2581
4703 4787
9284 3013
17 7382
2850 9187
4478 3296
9706 1201
5636 8109
347 9979
8168 5122
9113 4306
3217 8536
8770 6909
5077 4465
4757 7629
716 667
4046 5915
9628 3436
4089 3400
3267 1638
2219 6547
1236 5000
1609 5240
7262 1051
6888 6016
1338 4836
1912 4414
8894 6800
5811 5293
2247 9705
2668 8187
9193 1319
2501 3899
5204 6007
2908 7953
3347 1358
5646 6232
3452 8357
7129 7381
4852 6914
9528 526
691 5048
6744 299
673 216
7998 9536
1167 8127
3362 272
150 6697
8769 3650
1999 7958
2582 2927
8187 5206
5822 5295
7001 6725
5594 3167
1032 1851
2697 5487
590 2892
2125 2045
1231 1520
8403 2912
2484 283
7554 4188
3572 6864
2643 3066
581 5585
2885 9288
9019 3084
3483 5556
2629 9961
2732 4999
9423 5400
1740 5120
9709 7852
7919 2829
9270 9892
9922 6271
8117 6371
7587 5550
4002 4732
7424 6543
409 9124
480 9749
7554 7991
1351 7815
3951 5306
947 8273
6751 7279
4934 9262
2128 4438
4468 5630
9913 4954
631 4827
9084 8346
8200 3776
6726 8993
6985 7413
1438 2774
8358 8487
9672 9518
3960 9969
7022 7740
6171 1148
495 6373
7139 8367
559 7952
1322 6961
4052 4652
1857 7646
6163 6651
4602 5430
6598 9653
6375 5838
3207 1588
5939 3191
4298 9562
7772 2802
1092 5404
5778 3942
4219 3428
9458 1299
2018 9433
8180 8026
2408 7507
1090 3842
3528 4592
8297 5608
651 5564
6189 6810
8085 7359
7791 1053
8289 6907
6964 959
4966 5371
9627 4740
8708 4921
3498 301
6309 2114
7977 2943
4317 5795
6780 6021
1888 8420
912 3180
3940 6287
6420 8129
8868 5284
6453 6633
1123 8319
1890 3894
3600 9731
8924 1879
2432 4915
7883 2631
2254 6863
6329 792
651 8979
7758 3242
3358 9318
6147 91
9095 9539
277 3888
4053 4653
4548 7693
4543 2753
9102 8345
5849 4459
7139 4494
2144 8592
7027 6521
6196 5873
6141 2712
8587 8824
1999 597
7939 6050
6589 6628
4237 5235
58 6630
1231 2384
4523 6322
6927 8803
1926 3150
6430 9829
6516 1507
6905 4229
9666 4287
31 1110
5532 3235
8286 1482
5635 5214
6368 4515
7578 657
7005 4489
6416 6448
8989 2392
2218 8784
1152 4640
4661 1910
7028 748
1300 3699
1582 791
9209 8894
1130 4734
5117 656
1362 1286
5788 5563
2146 5813
1770 6871
6744 922
4440 1679
3215 1286
6386 3170
7034 3046
6198 1511
8733 9962
8305 307
3966 9394
7099 6131
1123 5362
1245 4589
4275 1511
4856 3199
1708 4123
9193 5951
4813 6550
9695 4303
3241 8197
6110 1190
7444 4610
1520 9161
5250 8219
7332 660
5033 732
5539 8071
287 2454
2115 6134
6659 7939
6045 8423
5334 5431
6262 8859
6500 867
7481 2179
1966 4005
3649 4729
5897 3534
7502 935
308 1879
7366 8976
3940 9440
4700 7576
4573 4878
3850 5722
4670 9819
880 2651
8344 4120
2939 2403
2384 1055
2400 549
1908 3443
5406 3924
6641 8174
4830 7799
6845 9935
2418 9443
1332 5499
4428 1926
7936 4726
2346 8549
3341 3595
244 6297
3382 5537
8629 212
6297 9645
937 4843
4431 3669
6521 4150
6366 5223
3897 4637
5933 7724
3802 1069
4915 7359
5287 1635
2198 2554
7985 2474
6699 6020
5919 9602
2192 8729
9432 3701
1175 2598
6174 2118
3415 896
5109 3740
2809 8629
6156 7072
7350 1942
4851 2100
4979 5685
4635 6915
4029 5347
9768 8061
9605 6501
9404 1125
5803 7193
1578 6994
5243 6373
7921 5808
2042 3360
6052 8130
5038 4021
8594 708
3853 9112
612 1257
5597 9302
6380 7083
3991 384
4731 7678
9694 5414
7620 8703
9653 713
2381 2070
5421 7561
8907 3457
5884 7294
3868 8493
6828 9221
1921 38
2572 5072
3865 8255
258 7731
9552 1232
2995 5602
7527 4682
1457 9924
1878 8774
9707 6567
2737 6824
6024 9379
1694 3442
375 2024
9432 7130
1634 5628
5671 2475
9845 2460
9659 4249
3343 4696
7391 9296
500 6895
9230 5982
6775 7733
6235 656
1295 2771
9788 2355
7031 8035
3087 415
8211 8317
1976 9400
9109 9306
5075 679
7199 8744
4586 1094
1946 3541
9974 3473
6466 8052
262 4509
1445 7932
8377 9894
4287 3397
2096 7033
5054 409
2216 5623
9613 5866
8409 3219
4410 6339
5811 4587
9538 3649
5375 7684
9345 3079
5798 3043
8215 1921
2853 293
8096 5099
3546 8139
5192 2047
6294 6719
3394 2791
5946 3294
1671 7912
1385 3277
1507 3606
893 8602
451 8482
4314 4194
1399 609
3867 4033
5909 8221
5049 2294
3111 541
4735 6007
1035 3883
5146 9043
5808 7998
4060 2893
7497 3706
8162 4591
3544 6260
7336 2721
6452 2246
4093 2399
1446 9807
9018 7743
3085 1380
3289 1722
7961 1325
3399 2643
6249 5220
5296 5775
9532 8485
7130 7218
9076 5108
5133 9913
5593 8744
1984 8084
4214 4302
6566 9802
376 345
245 7034
834 5031
9330 8993
5031 7311
936 4370
6299 106
9410 2133
9084 8980
2746 7261
8251 2647
8378 6929
8820 4106
9240 6082
9389 2838
4940 4544
4667 5919
6439 6776
8017 2277
3822 2176
3524 2633
8508 4073
1740 3990
1298 8904
4789 1838
1948 6915
8286 4833
1536 6434
2406 4919
1321 9994
9377 2885
8014 2725
4333 3095
9302 7294
259 741
1314 7186
6815 1734
4745 7925
6551 2153
7794 7141
3397 5768
7805 2502
720 8942
1852 1719
6792 8270
3686 2933
5823 7909
4782 3057
8664 3911
7451 9387
256 6755
7704 5895
8240 9641
993 3242
9701 2707
7314 8291
2666 1010
1338 2961
243 2087
4095 2230
7207 6072
3128 2813
1133 506
1147 8256
88 8746
9463 4365
9767 1237
3611 3123
5596 6361
3326 6659
4441 1302
1946 4525
1240 9712
8306 3910
3103 7541
4897 9091
7007 3157
6196 9265
2442 3383
987 6458
318 3679
230 9869
7028 898
6787 4182
4400 1559
4823 7056
1517 9663
7422 7111
3269 2983
242 4028
886 3674
3385 7923
385 1310
7375 4316
752 9115
1078 3078
6650 4380
7885 9552
2143 9828
8971 4976
6680 1138
839 6052
7698 3411
350 8026
8267 4602
1025 3699
7856 3040
7475 1594
633 5997
8895 890
2254 2494
6254 7320
8134 8905
5345 8283
2639 5518
2102 3173
866 4512
3378 8834
1582 841
5860 3541
2760 5564
7454 345
5468 2830
9544 4329
270 5289
8241 3752
8961 6743
4764 2378
9271 3828
8858 7818
2205 1313
976 7089
4401 1311
3071 7451
4291 9915
9461 1027
5712 5912
6449 9840
3469 9923
1607 8868
2395 5567
6585 2891
2768 5336
7538 1339
3941 2352
287 1338
5865 124
4576 5868
1731 9006
6922 5271
2703 1170
2126 3312
5571 3976
7883 1628
8357 2485
5190 207
4845 7416
2018 5467
1828 3690
7948 9509
1600 2961
387 8549
2864 5660
494 7273
3124 9767
5152 4738
1666 8114
2528 5240
612 689
7516 975
7580 2844
145 3216
9863 7641
316 4659
7555 6321
6414 2162
7983 1889
3708 3260
6685 75
8553 591
7709 8679
1789 8936
5114 6721
7853 3918
9782 132
382 2127
1483 2699
2385 402
185 4563
8288 1526
154 8863
4946 2714
9569 6615
1997 2763
7409 3865
1029 1308
6716 4765
8627 4995
7846 4305
1641 2518
2882 7024
9339 255
2445 7227
4432 1937
3556 4079
6725 1152
5031 7332
3966 543
2495 4086
328 4489
8270 7089
2044 8574
4426 2959
6091 8148
3256 3336
6984 7075
3821 9510
8717 2683
7269 3114
3887 3129
1834 6635
4990 2113
9727 7030
1184 6086
4056 8967
7568 2551
3529 941
1224 3844
3276 227
405 6536
3902 3831
1919 5647
5913 3348
8696 7371
5095 6464
368 9860
4353 3549
2292 1395
4117 7799
1323 2547
4057 8620
7872 3466
3377 9194
1285 7163
7037 6305
3749 3134
650 7452
3016 3426
9215 8408
4257 2632
3638 9915
2593 9102
2231 7956
7064 3139
2902 7921
6663 7678
3903 8100
1295 3522
3727 7889
3012 1140
4812 2340
1321 9105
7931 6146
9260 1485
5877 1877
9951 9297
7637 1571
8740 8939
5742 6567
9663 1105
1322 3093
5728 3347
7824 2623
9071 5882
2882 8191
6134 9386
7695 3905
8232 3218
4887 2943
3459 7073
4841 657
575 8913
6958 5352
559 7049
2620 9743
858 8848
9571 7341
6385 991
4615 431
6323 5441
6584 119
5183 6852
5209 2062
6072 6227
1423 918
1656 6217
5337 4724
1448 2067
1687 6875
1253 6278
3059 4258
6802 9633
2208 4922
7451 3882
6466 3640
7598 3524
9446 9075
7806 117
9608 1077
132 3476
9775 8706
1413 1658
4317 1772
4079 8675
6793 6830
2889 8010
3775 558
6956 2539
767 5580
361 9614
1729 1312
4189 7278
4271 7843
5618 584
7846 5706
9357 9811
3956 3401
3139 7921
7485 873
7491 756
5211 6947
5140 9307
5711 4118
7833 9290
6587 7369
4585 5903
6907 2090
1564 9022
5461 287
4036 9669
4758 440
4573 82
6881 8368
4077 5039
2110 8399
3619 5580
5605 5864
6815 6663
5802 9517
2568 935
3687 9640
8299 1700
9431 881
7129 9525
6278 5912
5565 2229
2322 6376
5904 3032
4801 9604
9123 3941
6088 7546
5984 7523
734 8902
4547 3053
8279 780
3525 4168
8504 7171
4007 6959
8794 6490
5120 9467
2852 1324
8001 5127
2372 2827
3610 1372
3101 2118
9343 7649
3136 5190
8962 9576
9215 9966
6539 8118
1249 359
4164 7923
5722 2993
9584 462
102 1324
9688 8713
4346 7386
8620 1001
9610 1502
728 4613
2006 2797
7822 9341
4397 5058
155 1636
9200 9707
1426 5231
8618 5330
8213 4905
2980 1016
2136 5080
9696 647
2077 8543
7631 5002
3725 8353
7980 595
7865 7665
7623 5398
8840 8849
8325 5417
4859 5500
5854 5215
8243 2459
2264 1769
8384 7794
1781 30
3258 809
172 9389
5105 4333
187 1721
2040 1187
5759 2857
680 4552
1649 3744
2209 7208
8390 1349
3800 580
4967 5754
4630 2186
2554 5233
3709 2592
9476 4599
3460 1477
7523 6232
9418 6863
1081 2068
647 8510
2781 7774
4034 212
2881 4403
8787 6596
9017 4216
3329 3966
8927 109
5532 7545
6224 8874
3181 2881
5032 5046
6592 68
1736 7114
6151 9930
3128 504
4672 3825
9368 6745
6116 3698
3405 6662
5971 4897
3545 6987
9838 3026
8635 8033
3607 3221
1934 5597
3446 6429
3535 7500
8764 5615
4555 5827
1262 7052
4361 2014
5841 2044
2815 619
3753 2290
3841 6367
3142 2537
824 5066
7522 360
9279 9798
8140 6728
2036 7762
3906 361
1083 3313
7756 7458
7657 2822
9224 5912
9887 7797
4514 1014
2587 1744
4537 3773
8863 1934
5117 3022
3815 8036
6367 1618
6731 7498
9275 6826
9691 9177
7076 6788
9139 8166
9389 1236
3828 4623
9508 6576
3613 7928
6022 6274
9118 1096
7394 6966
8073 9955
2921 2378
7892 19
6876 5929
3956 9936
1484 4641
556 2068
9136 5054
4065 5588
8300 7855
1805 7644
3167 5271
7586 6610
7351 5865
5122 4937
1476 4745
6126 6199
8210 647
8407 6272
8293 6863
1258 5594
7083 1931
9378 3093
3596 3863
6121 6071
3902 2678
9912 8469
8862 9409
3663 1869
334 2805
7744 4734
3966 1104
6872 9186
9892 6447
8967 3007
761 9944
2793 8032
2352 3843
6843 6971
7571 4430
6453 3830
7306 1294
7589 9203
4101 5212
5152 9379
1135 1265
5220 1850
4627 3722
5125 9537
2949 4910
128 925
4428 2842
4429 7839
9334 4804
3345 9113
3708 5435
6927 6298
9146 9027
2014 427
2804 3246
4725 7466
5580 4274
1511 9278
6150 5809
2105 2523
590 3615
6133 3528
2249 5374
6550 6710
7343 5735
9901 8451
7841 2112
4694 1337
6240 6779
2993 1282
6295 1504
4999 8768
7972 6730
4827 132
1250 920
5019 1792
5804 7524
483 9115
9885 8457
6962 8580
8717 8324
6940 9586
9725 4263
9439 620
8888 2260
6986 7697
9804 6139
6913 1862
9219 1890
9345 3161
6530 8279
8484 448
177 9880
9350 6378
2150 6370
3898 9228
1562 3821
3993 6532
4934 7169
8046 7335
9059 3300
5295 4766
367 6082
9256 5031
4125 8979
4379 7238
6735 7747
1948 3638
3459 1225
8803 273
108 4337
2983 3337
4307 331
4176 3121
4655 1300
1178 4235
8113 6846
9553 661
5816 3942
5862 7950
1929 6873
6059 1652
2031 8793
339 8886
2863 6081
3324 6756
8374 3668
2316 4517
6282 3309
8314 8897
9778 1283
4003 6254
9373 3108
5309 1032
1443 6910
211 3084
7250 1311
4995 6297
2537 2021
4795 5677
7345 7914
973 1117
7038 3442
8551 1404
2008 7843
8543 8176
5596 9110
6154 3014
6635 2755
8863 2504
5625 3793
8788 9630
9366 6797
6808 8178
8650 3415
5680 1089
1000 1201
7367 4345
4212 874
2799 844
6277 2151
7364 4135
2117 479
6838 2789
7723 9560
4135 2031
8885 2100
9931 1431
5597 6545
1491 3737
5633 4669
2873 2938
5006 5718
8967 4763
6581 5547
4340 5809
938 405
6354 1719
7748 6765
2701 8752
555 2646
1165 652
4595 4271
8725 1660
1627 7144
5307 3551
1936 4940
6230 4288
8527 9946
5074 3971
3186 8997
5080 2425
3459 3575
6324 3462
2985 8506
8750 1034
9900 6272
3003 3339
7976 6163
4637 9882
3847 8428
9521 3312
1556 9331
9679 2035
7284 6802
1725 671
3090 1061
8938 2992
6043 1465
2712 6038
9671 6406
9261 2968
4412 3597
2586 3178
2116 71
5417 3201
2813 8581
3931 9712
351 7147
6967 9755
3932 3185
6544 1028
774 6601
2712 5352
840 7252
2875 203
6869 1492
5076 3939
5034 2111
2532 8134
6085 7551
1154 1657
9178 8086
6423 7533
2618 770
3043 6194
1847 4392
8865 3285
8629 7294
1875 3548
2471 6168
5346 4648
7368 6249
486 6097
2178 6844
5352 2433
8101 3782
7049 9564
1548 835
2619 7153
4697 4603
22 5564
754 6535
6796 6393
6667 8926
148 3112
8117 3360
6878 4830
6045 8433
5587 5203
9688 1655
6653 7923
1789 4090
4574 8578
1553 9277
2820 4434
1682 7761
7903 9159
9245 2669
8343 7727
4340 1984
1935 740
8399 9126
5958 8560
1609 7362
9770 645
2554 4131
8790 8850
5766 1301
2291 2366
213 3572
7365 5807
7907 985
4953 9082
2007 9359
5711 840
1830 8616
8531 6889
5693 58
9904 8443
1642 7750
4935 8313
2415 9506
7497 9256
8706 8477
6606 1940
559 7396
2599 9659
111 1347
3465 2768
8640 530
9644 1138
21 2540
8969 3392
1303 709
9687 4903
674 8081
2638 1083
506 4805
3092 8937
3006 5444
5395 5349
9914 6892
5807 3176
2380 5092
8651 2194
1445 2464
3306 4038
9847 4108
5776 1966
9816 0
2714 2783
6145 1392
8625 6024
7831 472
6949 2583
4450 1358
2840 7525
3936 2473
8023 7256
2965 1504
2721 4117
7327 4260
1042 8425
3654 1269
6462 2008
6851 8904
6532 3613
6729 1323
1986 6081
9782 4133
8740 4550
109 8356
6097 2567
698 7409
2911 6494
635 7443
4292 2336
9687 6357
4032 6855
8732 8852
2223 9242
5946 4816
4183 5173
533 5492
6816 9190
9016 8088
9537 5832
1121 8233
987 1697
1874 7029
2942 9281
3300 8732
4543 5234
9891 8741
6197 8715
1584 4214
8149 7223
4756 4596
2291 4860
4441 7364
6738 1202
2636 695
1178 6310
7138 29
48 6436
7834 7323
4299 198
3539 6001
338 3361
4192 3477
5697 9990
9362 6864
9751 2276
7325 1258
2999 2084
2778 9162
7696 4214
7291 5585
8963 2526
4164 2720
3144 4302
7989 471
1521 1614
9687 3309
5393 8366
4911 2343
7772 6743
1261 3948
7252 4304
6845 8883
8565 9581
4139 6628
5002 2543
5284 8136
6412 1585
1708 643
5332 8632
3449 4012
1351 6472
4443 9135
7097 8170
5471 2515
9751 6066
1458 2865
6546 6984
8029 5143
2620 6931
3589 3737
6369 8144
540 2227
1793 6448
5458 3670
3646 3613
5550 587
1064 3750
1076 1826
3059 780
5602 2217
5174 4190
7892 5739
2668 1605
4227 1364
4439 8709
6231 353
2836 3356
7383 9780
9827 8690
3595 4471
9797 5498
5756 6007
8305 5822
3359 8163
3638 9158
1848 6396
7390 8806
8283 2209
8809 5222
1396 4454
8435 6755
4450 187
5118 5672
1557 269
9432 7201
9112 3274
8316 8018
8051 9821
5990 9232
8546 3829
9931 5504
5397 9051
8348 6990
8523 3489
8346 2558
3763 1616
7570 1451
8060 5822
1813 7648
789 3938
4336 3863
6061 2348
7864 642
6307 2333
7455 4122
4195 1379
7952 3813
6486 4499
5976 8497
237 7850
4377 4497
5070 3760
5014 8257
54 8315
9831 6571
5283 1143
2647 1140
7268 4343
3737 9277
450 9032
3772 6058
1470 3616
222 2899
3747 3421
6547 2411
6451 7878
1451 7710
1207 6315
9575 2549
4125 4279
4359 1617
1052 3184
7436 1249
9835 6856
4331 1435
3166 5745
4664 6882
6713 5932
7861 6621
5734 5734
5655 6455
6828 4355
7937 6658
2489 5316
5625 7368
996 4606
6235 1681
4394 288
4765 2929
4343 4019
7297 4357
4776 2306
4838 2138
6181 948
5387 1873
8884 348
6013 5577
370 2450
5760 4261
3048 4956
8053 7687
3258 517
2889 9216
6220 6963
9345 1332
1712 2705
4060 6110
1046 4696
7925 4228
4868 6154
3798 3625
1043 6336
4609 5982
8063 1933
8254 7946
8789 3356
7461 3608
3072 5888
1215 9834
4565 3292
5992 6110
5282 7460
199 9509
2316 4858
9759 5097
1861 5295
7239 4009
8326 3822
2770 2275
6781 7884
7746 5528
1161 368
9347 9258
8884 3791
2754 1666
8571 3559
8776 9763
5758 3421
2891 7278
1454 4423
5294 3780
5828 5049
8646 5553
7414 9778
1781 6560
2166 1726
1735 7371
33 3438
3721 8686
2133 4582
3485 1021
8891 3300
5385 677
3615 3972
4466 8437
8712 4346
1550 4542
5905 3167
9949 380
381 2501
730 456
9159 1148
7180 4506
9825 2010
5373 8666
9646 2067
6112 1993
7599 7819
5357 4370
6827 7764
5554 6073
4725 8961
8821 8124
6267 9325
9407 1654
7891 9730
2686 9648
7897 8207
7242 3856
8681 8846
3008 2402
661 2145
7020 613
3458 7153
3318 8484
4635 5373
8222 1424
4060 2808
7104 2634
7222 7939
7810 5850
3129 222
848 5190
8294 5188
1904 7437
8948 3126
3391 6017
8713 5450
8487 5852
1087 6611
6640 9471
1665 3858
5189 1218
3128 9419
5316 5894
1040 2132
1280 2551
3561 6556
6309 9249
7044 1117
9582 7989
9518 6620
526 7924
5889 6181
794 9900
4502 7613
3207 6397
2177 5768
9865 5299
9835 721
612 1995
9197 4585
9018 890
3535 2433
4640 4905
9490 7350
1003 1496
6553 4502
2861 2103
2928 8718
5514 5113
3727 6321
215 3065
5414 4284
820 9306
4085 4391
7943 8314
5200 6655
8901 2083
8958 8654
814 9216
7100 8476
2328 6618
2763 1054
9104 5488
1981 9032
8575 1663
4706 767
3759 2464
2705 8583
523 6912
6851 9368
6979 9993
639 1598
5936 3124
6992 735
4020 7341
7399 6394
1779 3947
4641 3252
9281 9579
7721 542
6880 6825
8310 314
773 9538
3223 5796
8423 6271
9211 6612
5328 5493
7362 3850
1195 9853
4634 5418
6978 3819
4786 9446
4627 3325
8600 4838
2463 248
1009 9436
5129 1499
7066 9420
651 4206
9588 3457
8850 1326
5263 8601
4159 9420
4544 949
263 2641
2507 7024
4801 3450
3811 5160
1990 2281
8774 2369
1798 2735
2964 2592
831 3269
7293 3433
342 5229
9147 4851
2955 2743
1573 8392
1726 6199
7517 9424
5129 430
3021 8947
8797 6441
9154 5195
5846 1333
5861 5694
5076 7352
5349 8775
7589 4360
2053 2882
7739 9675
6687 8162
7275 1617
6052 9002
7254 3773
3424 3833
6471 5012
7585 8171
7501 6781
6975 76
7872 1358
3498 4349
326 380
8031 5411
5772 854
9136 7134
4312 2098
5523 5112
5463 8059
6345 2294
5855 8428
1729 1052
3726 3217
690 2466
8311 5140
3337 8050
5851 7134
6735 6773
2216 6485
5768 6768
8693 9545
8225 1566
8428 8045
9957 828
9550 883
1204 3016
9714 8175
4872 2426
9944 3755
6734 5395
3193 8506
8851 1807
9229 1624
1995 7669
9945 3035
1573 7835
2731 6534
9189 8788
8226 2489
7688 1425
7942 5201
1736 4634
6400 7243
5447 7818
9113 2708
5437 4982
7458 9555
2105 2416
487 9688
2928 5647
6600 4151
8856 4237
9526 9495
6678 72
3393 3244
2008 245
1756 8156
6267 4706
8316 920
4877 7101
2910 6188
772 2726
8725 4408
2074 6528
3952 7424
9691 1004
1110 2372
1854 7080
4889 9304
7212 1625
5750 4058
7037 4334
8982 2242
8830 2225
761 4192
1541 8048
6218 1153
903 6712
5779 7072
8521 3099
6130 4174
1806 8700
1294 2134
1241 6824
2670 6709
918 9643
3901 9428
1294 5951
3876 5373
2252 1129
3791 214
5921 3825
7071 3117
1672 1637
4318 686
7844 6314
5781 9280
9560 9292
2193 8011
2623 652
5479 8605
171 14
2032 7115
2943 7012
8587 7640
8556 7587
219 3688
6052 7730
582 2271
9159 6495
8215 8489
4459 7012
7360 7780
6935 619
2196 9317
5606 6841
4971 4679
8800 8294
7073 959
6355 2004
2616 6971
9149 4919
7032 1498
4950 6357
8959 8269
6213 1232
1625 9560
8916 5278
8480 1905
6764 6319
3004 9961
9320 5973
6334 3893
7124 184
1173 1078
8156 3380
4223 5546
6062 8103
6799 1808
736 6206
5829 7020
968 349
4952 2962
9892 3167
6972 890
5 3687
4100 1804
6841 5221
7549 3805
81 8006
773 9053
9153 6290
9495 1376
4597 6504
8700 660
4267 4484
1825 8959
1752 2536
5136 3276
8405 9543
4540 7288
6119 8085
7820 2688
4644 4594
6231 3605
1935 8736
2759 1505
7732 1092
2294 5937
2059 295
239 3081
6829 1489
538 5643
7216 867
1611 85
5376 1765
7109 8602
1590 5793
5198 4378
9405 6874
4230 884
9659 3540
3119 9417
7999 9319
9771 1112
5893 2579
4794 1554
591 8941
2222 7805
509 9013
624 8808
1160 5474
6742 2334
6361 4476
571 6759
9854 1026
9525 729
3539 7121
6709 7750
8872 2645
6481 5417
1101 6686
2688 7161
5446 7837
4748 9246
391 6566
3883 8332
4810 3249
8878 1282
3786 9760
8417 6294
7726 8301
8271 8069
9762 834
839 6484
3012 3338
685 2025
1362 4852
6828 3047
9300 5407
4438 8120
8896 6749
1572 2776
5691 9365
2109 5909
5006 2811
3798 1591
1370 5111
2675 9040
8613 9964
5586 7824
4520 3396
1123 8061
1042 6083
6624 2484
7339 4805
5340 9466
3479 2131
29 4957
4656 5299
3836 7398
4065 1787
7085 200
576 4513
2092 2379
2015 3445
2389 7415
9112 5669
9496 8605
6362 4975
6706 8855
9771 432
5049 5991
8519 418
9737 2712
3671 9566
4414 1795
5330 5339
5402 2955
3615 5136
5414 1815
4808 1074
7931 5165
9499 618
2846 7818
2330 1054
1149 6869
1041 2340
8309 4708
806 3673
7483 7100
964 7388
4829 7634
5421 4393
5186 9694
5978 4743
3988 3667
3933 6271
9219 9452
464 6094
1173 9262
2544 9835
1765 6854
7277 7510
1142 6083
498 1474
2675 7167
1041 6124
4405 2606
7955 2803
800 3177
9843 9019
2855 5310
9567 2745
7091 1134
9723 4478
1084 5790
8771 6211
4260 9203
9530 7307
2113 665
749 972
919 2660
1880 7533
7235 7395
39 3350
6108 5693
7511 4331
5543 8349
239 4541
6143 7796
7110 4217
9167 8340
961 4730
1487 323
7235 9822
5202 5160
5028 2014
2891 5359
8864 2596
6055 643
2649 1859
4966 1701
9667 203
5468 7759
5324 3936
1110 5228
3564 5325
1469 4013
1552 1783
1159 5986
6630 4306
4150 8306
9135 9409
2618 9300
6895 350
4653 6192
2397 8781
1665 7575
9632 4393
1479 7668
1429 9699
8462 8727
3405 8511
1947 1105
1070 6655
7051 8103
7921 7462
4514 5779
3112 5059
1022 2168
7934 8609
9549 1875
1372 6385
3039 3462
4244 2602
2043 4508
6277 4993
9454 6571
3436 4194
5973 1202
1340 9288
2585 4819
4953 8184
8280 3866
2737 3364
3414 8455
7632 3708
1763 1908
2884 6143
7733 9831
7694 510
2412 3110
1772 7780
9493 6803
9952 8658
7156 3275
5467 8401
9158 9753
5337 6375
9168 7597
7574 4391
3398 8908
2119 8814
2737 3482
356 2284
3064 4489
8552 5799
9575 3603
4038 3449
1406 1234
5420 3080
8289 870
5986 2299
9834 9247
4606 3218
9884 9465
5390 7990
8230 1608
3248 2538
7448 3261
4669 5700
5040 710
1112 5384
1843 6643
2224 8793
4250 9264
3920 1768
9358 1413
2945 597
5072 9410
2570 2485
2907 6330
6479 4961
6096 4181
6845 69
7528 286
6284 7054
6593 1392
275 4189
6256 9688
3452 740
9589 4194
4378 8800
6016 2523
3899 5580
6866 5164
2894 4946
4502 9446
8565 3375
1714 4397
4224 5809
2958 7968
7198 9115
6325 5977
5253 2113
3594 8302
7617 7089
1964 7019
6907 5009
9760 3443
6187 4221
8400 3186
2546 6208
8420 4800
8666 480
7541 6777
8305 2222
9989 4744
6308 5784
1307 9859
3678 4631
6862 4553
2556 200
2839 4674
3353 4583
7463 2591
1764 1296
9799 6375
9254 3409
460 4774
5995 7160
7177 9591
2451 1796
8638 1667
8422 418
6592 1261
3755 8537
7339 8975
4950 8865
1807 8182
5625 8412
5467 2890
3726 5718
4776 9769
8122 1578
5706 1197
3776 5681
2923 7018
9490 2696
9939 3294
2949 4805
1038 2524
7544 2381
6336 6426
5992 126
5331 6252
8300 4094
9685 527
4184 1329
3815 2540
6680 5987
1162 9570
2137 2496
72 2656
8988 2377
787 735
3300 644
2866 4511
3538 4629
9988 7383
797 7106
7202 8106
9722 5275
8288 254
5463 5431
9234 6882
5334 5165
4812 3230
9626 5586
2244 6952
4591 1004
8564 1289
2331 8300
288 1274
7142 7847
80 3315
3772 7090
6650 6630
3596 9920
7859 406
4544 8606
4617 6104
5402 2809
9497 1925
6208 5510
1667 3340
8145 7321
7714 8590
8472 952
8405 274
516 7982
1762 4396
2603 2849
9740 9420
9871 1007
3218 3636
101 1639
291 2263
1431 9500
195 8095
8836 825
5001 9464
3543 2820
3388 8907
41 5423
2775 927
3814 7254
8714 6262
698 8229
153 1215
7201 8092
813 2326
4354 42
1933 2376
5074 1715
9667 3863
8343 3695
7997 7738
3761 5791
1378 1334
5890 171
3344 6997
3419 3250
5934 6766
3736 8568
5308 2058
7917 4847
8623 9227
1260 6583
8229 7888
8177 5193
7247 952
445 7603
6010 6046
8517 9965
692 4664
4527 6160
6101 3380
6407 9263
3025 8016
6907 7789
3318 9209
7880 8521
2184 3610
2960 6908
2088 9962
1453 2116
2999 56
4368 6738
5183 181
5768 9613
2874 7350
8729 7046
6630 3551
6358 6504
5965 2949
8427 2820
4965 8673
3742 192
1295 8588
8707 5561
3623 5530
8138 3015
9171 440
4220 7492
9239 3393
5185 9034
2347 7432
4567 7919
8091 5124
6706 4743
6625 6696
9635 7007
9526 9174
8072 772
4395 8206
9334 5960
4366 324
9331 9947
1097 2670
4306 5111
3597 1051
2226 4595
5397 5281
3467 6917
1022 3970
9945 3915
7862 227
6683 517
9458 776
948 8438
8449 1433
6592 2925
661 9272
6978 3733
2687 2494
2965 4533
3488 2607
4480 4804
9377 1919
3475 7954
5346 8747
7754 7195
1791 2883
2414 5669
1933 3349
8394 7908
1855 8706
6554 6218
8220 4433
3 2941
7449 73
171 8134
4703 1975
7281 7954
6855 7075
2421 8514
1071 8685
267 1373
2105 2039
2735 6094
3218 920
2718 9592
4469 9065
4704 2005
6110 3960
3776 7945
15 233
7427 4782
1830 7557
832 3750
9422 2616
8068 3116
9217 707
4116 3256
7339 7480
4874 7064
468 7851
2335 5366
1626 2260
9221 2058
8322 8138
5207 3310
8012 8250
2532 278
8993 9249
414 777
6582 8749
9577 2712
4177 9709
9450 6700
9212 1051
4988 8590
8593 4963
4865 1884
9063 5495
2190 7416
2678 5290
1442 228
981 9543
3549 4474
4687 2834
7083 5992
1463 325
5621 6242
6094 2913
55 7831
8070 1758
7599 7602
426 454
2853 7718
3295 6160
9556 860
4627 7551
3822 6630
9656 635
7174 6818
6838 8942
5958 4761
6330 2542
6916 497
1069 866
8049 8904
5820 6724
6187 4756
3786 8959
9334 8905
7571 8197
7918 3087
5248 804
7948 1332
203 2012
4373 7828
6781 9712
6444 3170
8633 9628
7623 1718
9293 2959
8829 2351
1649 9623
6272 5046
2395 1256
5391 2059
6519 6188
4658 8634
9636 4964
8679 8820
5684 6712
2218 2718
2575 2879
9944 2064
8332 9836
3438 4811
9555 3762
2910 668
5550 7556
4327 4985
8979 3411
1477 6047
6896 6911
5920 3446
8380 3936
408 8112
814 9161
7266 2760
2927 9774
4634 8924
9257 5774
8582 5430
3051 1509
3143 1142
2448 6373
1899 5704
8990 3804
8988 5201
2810 1226
8536 9339
9640 4561
8471 5799
7044 7278
3870 1197
6325 7942
8222 7140
2342 9043
8653 4120
3435 3935
6192 3319
1797 3402
3146 4541
6201 6155
4738 8527
2927 2609
1488 3797
5065 7541
9470 7132
9019 6489
8781 482
9914 9532
7176 9494
9491 9477
9646 5268
3575 6614
7477 9281
80 8522
1252 6330
3200 6772
3005 3539
5766 1676
156 9767
77 2207
94 4075
7992 8102
2857 4158
2793 9058
7337 6304
1765 1989
9149 1006
6360 2990
9926 5982
316 8440
5566 9240
2334 7229
5680 4113
5468 2033
8322 439
5532 5812
1540 3993
2287 8272
2506 4336
6536 2064
6492 2137
7598 8422
729 3288
7640 4455
9830 5569
6299 5175
1591 1862
2968 5546
7340 3171
9560 4167
4679 1653
8286 298
1574 5621
1768 7481
4133 8078
2304 7455
19 6499
7832 7631
8116 7200
5101 9642
6602 9608
4452 5394
342 7199
7186 7084
3311 1894
9881 3901
1829 3196
468 6987
1863 4203
7746 6813
8023 9826
8844 5712
9480 9355
6990 2230
7231 1164
4543 8681
2368 2742
9324 3988
8115 9566
9791 7424
2089 3832
5158 4970
701 161
3167 365
8772 8268
1931 7669
4707 4277
7687 4190
8759 5619
1436 557
1792 2414
9626 4663
3064 2509
866 3145
7705 542
8521 2778
321 4126
3087 9390
6671 1749
6142 9766
233 2766
2870 5291
4047 6272
8720 5087
2459 4392
9631 1655
1344 8150
4010 9343
2702 9328
4800 6428
8221 8899
8536 2836
4882 8065
3486 4871
4164 9949
4093 3523
2709 6107
3992 5541
2859 6931
5657 9297
7512 4337
6569 599
2715 926
6372 6882
7627 6811
4016 2677
3409 6981
3300 783
5514 7909
1753 4978
5756 7778
2421 7468
5628 3139
1862 3261
7360 7797
1145 2279
5419 7272
8390 6091
6079 4781
2187 2570
2692 7524
1382 3079
7574 7382
205 3132
1568 5432
2639 3521
2700 1891
9026 9049
5673 4717
1643 1125
6783 2719
4143 1591
1013 5382
4888 7083
7027 1650
2663 7690
8698 7627
8390 9437
4335 5359
6156 5913
5218 2229
345 4542
5831 5940
462 7852
2486 3523
5268 1155
7141 2376
8301 4801
7060 4900
568 1414
1341 9533
6864 7592
9675 5168
2281 7819
6858 3182
5835 2192
9546 5457
9006 4777
3490 8049
924 9582
1653 8155
9694 5905
9451 8182
8929 8785
1979 9512
2745 4272
6095 8459
6167 4144
9892 4766
2546 7331
3596 6847
6798 4994
4359 6770
8846 5656
3271 2404
2305 4308
6008 6803
9747 1030
1468 4163
880 4784
5034 6935
6616 7279
55 4769
3924 2854
387 801
165 8254
5688 7841
6328 3163
7680 7285
6834 1133
4911 4341
4408 8471
3754 4355
7690 1227
839 911
7830 4800
4685 7972
4616 1163
2844 7826
6487 5828
7525 4545
4135 3604
1863 9219
1721 7628
266 9568
7517 9049
5093 2328
3630 3246
2482 2955
219 1749
3982 5928
2197 4382
9369 5499
7581 1586
5125 5321
298 9139
4891 9075
4118 1410
6776 8242
5752 643
3169 7062
1007 2352
3672 7472
9611 2385
7368 6350
5606 1145
4678 3715
6840 8656
6900 2264
576 367
8452 4760
4073 6552
7710 3494
7630 1737
3782 693
8397 7542
9020 9256
7272 6699
5838 944
8077 354
5606 4364
7083 1499
2914 9352
8130 5907
9073 759
2509 2117
9614 3736
4643 6234
7622 6066
6957 3292
2358 9007
3817 7482
3641 7235
6035 9998
2156 8793
4888 6902
1000 5061
8138 6129
5751 7834
2720 4579
4239 9042
7741 7200
2651 1108
6684 138
8257 2033
9816 7027
2179 4240
7379 3832
2651 6494
7289 363
120 2519
6530 7479
2406 372
3968 2181
8124 4723
879 5335
6958 4265
8328 4758
5180 4287
9433 5840
8389 2679
5956 7910
5628 8868
1616 4523
9818 4540
5017 2507
3693 6037
5580 8762
3924 7455
3319 1188
2322 8591
7370 3644
5214 3797
1210 3344
3125 5618
3048 6112
7553 3769
6518 2225
6532 4919
6582 6430
1705 2589
5799 4102
3897 9212
9156 8425
2271 897
9058 7182
9394 5099
7260 2361
5037 1817
6688 6944
6762 1503
2631 6227
6035 4144
8889 5562
3620 6712
6401 8454
3188 9815
7007 3600
6721 135
9656 7911
914 1965
4463 2305
7222 1753
6960 9591
405 8578
3001 5831
6573 9843
7205 3696
7804 7909
2839 3927
3296 5026
2153 9359
6961 1458
8824 3087
741 6145
5971 5255
643 4586
6938 3244
7008 4946
5796 8408
9983 6260
9003 2888
7925 3211
6824 3600
5100 5034
1917 1806
9649 6944
2375 2093
673 7833
7591 4984
1642 7418
8170 4996
3155 8334
347 6424
9778 7210
7719 7384
4781 9748
2664 4995
3834 8779
7499 9957
6626 5153
2694 6024
8361 9291
6980 637
4561 5488
9470 2680
7897 3341
7909 2037
1302 9492
4371 57
6358 3514
1221 5293
841 4025
4905 5449
6836 8362
9668 3917
7583 7097
5690 7385
1043 1915
3404 8510
7408 1393
1291 3444
5713 3467
1322 752
5394 4060
6399 1976
2964 3541
5950 397
7586 5610
4457 4575
1160 4905
1885 4313
3501 1930
5295 732
2555 8445
8357 9102
4525 2055
5237 678
8785 4109
2932 3603
5182 2921
7459 3028
3928 5932
6997 9330
7947 1853
7721 2533
8568 4589
5454 6270
5461 2588
3430 9503
1533 1594
2975 9569
6394 8607
1750 6467
1751 3721
6287 432
2989 2253
5016 6794
68 8220
5329 4379
5369 641
5215 7678
6652 1923
3621 8467
4135 858
9668 9544
3466 1118
4853 3736
1291 2551
305 4835
3231 9991
402 6344
6650 9902
474 3609
2071 9616
3564 4652
8100 5614
2674 9052
969 2345
3712 106
6458 9262
434 2116
7752 5227
8417 4294
220 5771
4648 5204
8107 2969
1781 2778
2234 7045
4970 7835
4071 2242
2209 6507
7485 9556
8086 8288
3137 2864
3030 2775
2497 6856
6521 5374
8992 4901
6258 9345
2631 1861
2565 4325
4991 278
1284 7371
8431 6973
2617 5808
1102 487
2446 6210
4256 554
11 7169
3578 8906
9968 9411
5500 1995
2080 8695
1537 5915
4727 5020
8078 4558
7849 7068
6781 8109
2423 9921
7241 3957
5922 9310
7462 159
6061 6744
4884 349
8624 7126
4144 6401
5670 9738
611 8587
4399 1343
6980 8825
9170 5000
9899 9643
7084 134
5796 755
2540 7162
2692 1657
1045 9345
649 9327
331 4940
3728 1012
1368 1166
6387 7686
4522 5284
7955 3733
8742 4952
5837 8230
3677 164
8481 3477
601 9436
4669 9715
9516 284
929 9012
5338 3911
8465 490
8575 5345
3896 8595
1236 8723
9468 1726
7873 6451
6910 3452
1160 1760
2819 8576
7860 7615
6408 1678
6159 6462
1522 7238
3516 8107
5475 6439
1526 5721
5784 7243
5707 4039
6084 6555
7894 940
3068 9572
9015 1158
4383 8804
7990 6560
8617 7199
6022 4693
6861 4609
7244 1593
313 2971
5097 4941
9831 2085
6321 9547
2145 8830
4035 595
2395 3665
7515 9589
3070 9391
9898 9758
4304 4835
1689 6007
3760 9984
4688 1770
2027 5175
9980 733
7158 1526
9028 1893
3161 3807
4193 2553
2209 4745
5884 312
4361 1620
7103 4320
6851 2851
3244 2199
2674 598
874 485
9587 5606
1201 3707
8672 6014
9527 787
468 944
7348 1868
8649 2224
9698 2657
8990 8880
9400 5311
6858 248
9787 6389
6484 4654
9158 4832
8167 8641
6282 119
7664 6714
6917 8487
2389 7094
2582 4943
8767 3680
8810 5376
8251 5614
9094 2782
2942 1811
8870 4912
9893 4799
3576 7781
1639 957
6271 8157
7986 1273
9980 2678
4062 727
3504 1576
2339 6014
2840 5391
8963 8472
9899 5698
2296 1509
4700 8272
4428 9513
8842 6402
3599 3376
9633 7591
8393 5451
9091 7105
2958 2116
7753 449
2603 9849
8119 5662
184 179
2227 3506
7414 4884
297 8400
3661 4891
9275 6935
8739 439
7686 9569
7248 7422
3710 4775
2837 9987
2646 3514
9949 2092
2163 7823
5158 4548
5830 6330
8073 2316
3782 4178
8720 7188
7384 7622
3337 9138
5099 4687
2205 1386
7956 1360
1312 1986
3135 5601
985 5325
6571 4886
8901 8530
9527 4142
1019 2271
4296 8113
7834 641
183 8926
6377 2456
9958 5343
612 2302
9802 3146
9301 3486
2867 7263
2439 6495
7006 5731
5918 733
9971 5264
5082 4449
9462 8411
3102 4782
6718 3233
5190 6245
5400 4050
3408 6520
4498 4569
3800 6644
5003 8132
5221 8790
2473 9717
9225 4164
8093 6165
9290 5896
9961 5466
8255 2713
6485 7528
3275 4914
4117 6196
6969 6303
6497 6145
3341 3792
9376 2351
4547 6639
1471 5156
8325 5244
746 7359
1959 8524
6111 8297
5860 5297
6511 3760
8902 3967
9444 4259
2179 2077
3358 6519
3433 6949
9275 224
7006 9082
8219 6424
6301 8003
713 6884
3732 8040
1500 7821
2499 9171
1272 9159
2772 6654
3299 8734
869 1297
9154 8181
1893 5731
942 8216
5440 9014
6990 2758
1912 9209
6824 2729
6998 8971
580 1493
6060 3886
5742 3231
4154 4914
4345 8305
8232 2243
1246 6006
8000 8623
7566 694
5135 4511
4761 4883
2675 3181
7518 6904
6571 8987
948 6561
6410 4085
3620 5821
3578 3258
8916 5937
9547 6499
7934 7814
940 5137
2760 8340
3367 2832
1755 12
1115 8423
9791 9925
7095 6086
1143 8073
4968 4593
1948 7167
3367 2209
4594 6154
3279 5897
3417 5160
8418 6806
6620 8620
6237 8889
2985 972
599 5538
6440 9774
1127 7138
5667 2765
4415 7874
1235 1566
3988 525
5612 9
6892 9604
3183 5459
687 1192
9534 8558
862 8241
4073 6594
9453 9660
6485 9358
5945 9980
1467 2756
7342 8689
4790 7711
7922 3008
3253 8026
4917 5297
3872 570
9881 1153
2089 2609
9889 609
767 2858
1614 6393
738 529
4225 8715
7973 1157
6116 3055
9957 1183
1774 7821
6530 6930
7987 1015
822 6676
8348 2070
7246 9387
363 2891
4788 5986
57 1070
7616 41
2542 7092
4586 7485
7679 2806
6472 3273
115 5821
5091 2054
8216 7392
8772 4575
6233 7209
9239 9643
8034 2931
2504 3480
2784 5423
7795 404
340 5004
5842 1447
1451 4552
5095 4357
7824 2078
5195 9843
3213 4639
5950 2362
7179 8303
1740 59
8225 46
7853 9837
9484 7973
1325 3440
2364 8991
6819 1492
3228 395
1430 1772
7160 2061
9758 4662
9624 2624
6114 9980
7101 3847
7475 985
2350 4776
9929 5263
5745 9668
662 9261
8024 7028
6363 705
2205 2926
3013 5460
6666 9199
1601 2951
9030 4668
7892 3436
27 6833
5131 4790
3677 6277
6968 749
4750 2198
9004 4061
1495 5672
5384 218
7475 1030
7247 5881
8899 9736
9885 7074
5844 3469
3594 2936
7427 8686
7894 2066
3317 5624
7888 2041
8384 4973
7084 3822
1535 2300
9758 9860
2988 2596
113 7709
8872 3762
6856 6542
5662 5711
4778 1136
7305 6333
9341 4804
1222 9687
9409 2299
9523 8492
9303 2439
6390 7540
8577 1205
3961 6902
5629 7457
129 5373
3186 7079
803 5635
6840 9493
6030 8754
5465 1817
8466 5234
4437 9812
5788 3033
5358 4237
6412 691
6423 3519
6896 6112
2881 5034
4029 8764
2806 9093
8926 3178
1933 3119
5517 9147
5474 2888
4292 838
3033 491
6289 1446
3207 1246
8906 9698
2599 4550
5646 86
8755 6373
1961 2243
8655 340
1329 7553
2171 6000
3147 5453
1001 8443
1681 8037
1971 1782
9396 6973
4786 8308
1993 5574
3005 8142
3576 6879
9138 7635
2711 3813
4770 6948
678 8380
3906 9591
9380 5919
4126 7260
4861 8839
9979 153
3670 2894
2308 6679
9979 4759
1403 3880
1004 8933
1281 5667
729 8534
2310 2939
3351 8153
4362 6118
3520 8295
49 9403
6479 1140
4873 7329
8255 7284
1058 2074
7477 6362
7128 3670
8494 1057
6535 7037
2075 8759
8098 9305
2153 8559
3608 9914
4613 8981
5176 6164
3145 2308
2879 3315
8147 6092
7562 330
9512 6396
9168 5780
3851 2992
4244 8529
263 8812
7762 5037
9306 9829
1558 1637
9740 3176
9077 5536
1807 2170
3019 2344
4686 9730
3116 3000
5298 8158
7364 3292
6432 4942
7159 5718
557 1724
8323 3059
3407 2823
2839 1615
5448 5798
8582 6906
28 7518
9174 7121
1628 6521
6670 5801
679 949
3361 2588
5124 2795
843 5686
452 9563
9852 8883
2177 5056
1822 5972
9553 9403
2882 5541
7447 6700
417 2705
4309 2475
9923 178
6082 8548
6375 1955
465 4902
8806 5712
1745 1529
8894 6479
5854 4383
2604 2108
4385 4014
3170 8272
451 3173
9740 5345
2114 7687
3423 339
1179 5444
7774 2351
821 8869
3879 6221
9034 4919
4147 8382
3504 3928
2251 5892
3935 7052
791 9637
6675 8560
5790 2603
6145 1836
5438 2051
9522 9423
5027 304
5579 1410
3025 3160
2356 2700
107 6897
663 7926
20 960
9728 9512
6810 6158
7735 5584
5557 8476
7122 8583
5063 7345
9759 7800
8586 9767
2218 8246
5997 3635
9307 8013
7499 6986
2082 2887
4827 4469
1056 1918
9037 5082
3021 6505
4969 8729
9103 9675
4962 4425
8879 9549
6892 1394
7959 2689
4624 9050
4111 2021
7033 3874
8477 8077
3529 9859
4350 6107
228 6908
9826 2959
8577 2316
9489 3372
3580 3374
686 7681
4648 838
299 4386
4757 3165
5512 4640
2932 1460
8591 2676
1425 7356
7138 1186
1343 8448
1853 5197
887 6455
7209 7317
8178 808
3436 2767
1132 1984
9285 6317
4485 1237
5352 2844
782 1718
5063 5608
169 7818
8964 2510
7686 7190
4080 6525
8504 5070
8197 7838
2138 2364
2569 98
1188 9199
9218 9465
1936 9417
9910 5720
6868 3098
9879 2784
3452 5303
6205 2339
6502 5989
8093 1610
5541 1517
823 1923
7346 8431
7276 869
7205 5713
4769 4028
2375 1049
2599 4956
8194 9434
5480 1605
908 2546
2345 9986
9184 8972
4626 636
1541 3943
8976 9356
3560 3630
7408 5729
769 3995
7655 1472
9147 7493
798 1476
8330 2747
666 2880
8789 700
905 38
772 8711
7413 1169
7543 5154
5678 9034
1288 1258
1983 372
3429 449
999 8392
3832 1972
4150 5025
8516 7848
6714 7916
694 1493
1763 6144
6352 2511
3258 5303
4543 9395
1261 1057
4144 6233
1744 8381
6264 1584
9401 2331
9556 5118
8711 8377
9665 2921
1962 9641
7929 3828
230 1130
2191 9651
7631 723
5665 8292
2932 5774
4190 8591
6135 9523
6790 7476
2028 921
8606 9701
3711 9630
5176 3267
7485 924
3455 7151
7970 8748
5260 346
9121 8202
2814 7291
3323 369
606 1523
1723 1202
9867 7050
8286 2833
7754 1265
5415 7729
1765 8499
4795 6345
6620 6778
7225 1478
6267 8246
5885 4889
3522 315
6918 3942
9732 9901
9765 6884
970 5757
2125 5874
5636 550
8936 7587
7381 6469
3725 9434
8483 9654
7064 7575
7189 4864
7129 9293
9725 3556
9159 8497
9305 3463
4416 7633
7491 1307
7789 6682
4006 7354
5689 8062
7182 2349
8332 21
5993 6881
8640 9260
5323 1265
6744 5446
114 5917
2282 3303
8786 6204
9466 9492
5075 6182
3807 8377
2649 8827
533 5188
7978 386
8390 9046
2776 7097
4694 7843
2990 3083
4656 418
8586 6150
6569 5108
5516 6629
486 1242
2529 4995
639 422
6283 8009
2954 4352
2099 7170
1839 1560
8654 8640
8998 922
8294 8633
6920 8770
5797 861
6186 5388
7543 5651
1842 739
1756 8274
1933 4452
2054 3795
9799 7731
3365 7879
4147 8174
9039 6518
8656 581
2972 9979
9738 4836
5054 4286
9816 8653
9584 2088
1541 1178
5683 264
3044 4476
3002 6011
9545 605
7082 1834
1655 8516
486 6701
5142 3967
3227 942
1945 3114
9364 9837
5871 2936
2551 6681
457 487
8941 5432
4684 9525
5651 4622
9603 1665
2809 7955
3915 165
8874 4407
5999 3191
417 3648
6029 6642
6468 3789
7685 385
3434 7226
6245 6761
9835 1285
9070 8154
7943 7177
8927 2935
2009 638
7384 3831
6769 6879
5928 5453
2958 1010
179 8580
8974 9988
6359 5023
7986 5654
8419 123
7965 5864
3443 9922
8297 8887
3748 1457
4496 5283
4232 5052
6629 8072
9735 4129
2191 1802
7268 2389
2783 5695
9279 9866
3598 6924
4325 7931
4324 2936
2956 1204
6191 3798
6287 2200
461 4044
9805 4652
433 4216
5739 5758
5738 5415
2742 1528
2321 6100
1156 8051
1206 9472
429 7266
4707 8511
5817 7762
6685 1623
5373 8193
4204 3435
9299 3897
9255 3409
3590 8975
7501 5034
2559 2926
5879 9619
9101 7247
1100 8561
8713 9888
4069 2861
4346 4316
6118 1957
523 1882
9501 8506
9682 6183
6558 198
1884 8261
3854 1942
4260 9787
4141 7335
938 7603
8905 7981
4140 4173
4582 265
920 2956
9402 6010
9468 8332
3062 4342
6455 6182
3672 9840
8072 2019
426 4021
9529 9081
9771 9113
5285 4682
4247 4336
5685 6992
1462 741
288 9162
9659 8807
5514 8511
8714 3989
3192 4931
1562 1120
1972 3655
5483 320
7723 3885
6189 7781
9904 5477
8536 1145
1119 3754
3618 5326
3610 1275
7567 9953
9271 9909
3150 8783
9600 2076
5183 8771
3734 3777
7397 2406
5154 2840
2912 4186
3352 8121
7878 3575
5413 5286
2215 1265
4194 140
7671 9397
797 6719
955 2005
1217 7724
9243 5003
9288 8433
517 4642
3345 1759
6487 7033
5295 8875
3427 4447
9862 5202
5290 5730
1280 4439
595 2099
956 9182
5821 9144
9662 9952
2284 2950
8335 3927
2355 5015
2119 3660
7984 2724
581 9081
440 3906
6836 5083
7230 4608
3859 8283
236 9247
1849 8361
6176 8737
3497 352
197 4719
8071 1661
3265 9924
218 4687
4165 7143
8323 17
2740 3519
2887 2009
6149 8007
5186 4506
9868 5041
312 8978
235 4421
3235 5130
5750 582
2561 994
1627 8779
8373 3189
3724 108
9528 8987
5669 4998
118 2703
3560 1676
2495 1776
2629 7189
3983 6935
9087 1518
9921 7878
9234 8842
5401 8640
4157 5756
7923 5799
9463 1800
3619 4114
9867 9946
3209 8998
5894 8258
4634 8380
444 8072
1748 3903
2322 4520
3268 7917
6598 1260
9706 7817
8044 2673
592 452
9378 9238
5537 9495
3110 6283
4101 2841
1224 4773
526 7534
4175 2650
8888 7005
8181 9768
5972 9761
2037 7154
8186 1139
6520 7800
8270 647
6198 8728
1959 6725
7299 9140
9181 5653
1548 8296
7674 651
9700 5352
347 1091
5457 704
1133 9575
5090 7545
9526 9227
7569 9913
6666 2539
9374 6580
8368 3917
317 8122
6269 7410
3205 7503
1537 5165
6812 3320
9985 4198
32 6469
6948 2040
9958 5827
1009 247
1747 9349
1088 5782
4308 9983
1345 9149
2111 626
5253 7618
9987 2732
7619 5868
4337 8658
8749 4815
8994 7291
398 6127
6906 2814
5466 8825
1932 9627
6581 7003
3856 9045
2894 1461
1736 8596
3408 5635
7998 4817
2866 6357
6656 9641
3163 7694
3785 6275
9013 9077
6561 7413
2685 9179
2593 3676
6122 2982
1044 2563
6983 4456
4576 8754
6445 7629
6846 603
3111 5652
7219 339
6802 662
1605 1290
6225 4701
633 7412
1651 3532
3135 4800
9294 7387
5684 4565
636 8797
1506 1342
1489 945
3345 2120
5526 9256
7269 4412
5177 2788
1386 9267
5865 140
9826 5691
2345 5319
1291 2246
5236 3859
1341 3502
3273 9718
2522 6089
1241 1055
9713 2839
9214 3174
6479 3803
3975 440
8319 4444
9520 8438
6729 5319
6466 2543
7579 6193
956 3528
9091 8813
5765 8609
2088 1787
174 6461
749 2762
1967 1622
7473 8612
431 7626
8630 1358
5291 1798
8901 6495
5608 276
8198 5019
384 4918
9483 7556
3445 4624
9501 1490
7266 6674
9989 6605
6527 7881
1653 4690
4419 1886
9792 1126
1963 5991
7646 1153
9216 7128
5290 7361
9811 6323
7117 5176
1296 3520
4889 2830
8011 6214
6652 8518
4746 8271
4106 7293
871 182
2657 8796
1469 4976
1518 4318
2837 1668
3206 2727
3254 3861
4299 5832
4463 4092
8033 7515
4545 6271
6249 5032
8605 8926
2556 8519
752 7237
4185 7860
8461 2579
7554 3768
1492 933
6056 6704
1840 9868
6961 2426
2021 596
2281 5957
8974 5584
6715 2770
2950 884
5937 1257
3272 5278
9227 8751
8692 2279
7334 4590
6830 1871
6642 6745
886 9941
1253 156
9716 8139
3459 3059
4091 3399
4168 1238
7501 9636
7703 2886
1543 7156
351 2363
753 256
1641 4240
9403 776
2764 4095
4165 725
2876 3442
2612 782
4325 9226
1934 4766
2920 796
6096 5523
3515 2581
4472 7153
6617 2590
445 9365
3847 206
2614 6395
6109 9537
8644 3474
6822 6070
2003 6999
9617 2283
2341 8357
8868 3932
302 4525
847 7059
7239 4000
2304 8560
5184 8254
6895 6829
5223 8259
640 6258
6737 5628
1230 3003
394 4057
9494 9974
726 9959
4211 6729
8304 1954
815 4787
6388 311
4643 7101
3064 8718
5104 9996
5475 4700
243 2267
5094 2677
2001 6457
1892 2406
4169 507
1045 2526
3100 6231
3576 777
3174 4958
7803 6061
160 4810
3205 6795
2931 7776
8526 7093
8554 6052
5541 878
5945 7129
3685 2466
1705 9512
6473 2526
6743 9870
8067 6097
2862 7639
6304 2559
5593 3629
8712 6797
5921 4005
2423 7043
440 3452
7373 6910
6346 5899
3695 4820
7100 6867
4805 6233
450 4745
6932 5027
5717 7209
