placement model: 1slider
width: 10
height: 10
number of points: 500
7894 3092
6355 4793
8189 5548
2561 1523
8967 6011
7806 9205
8186 7753
9738 2492
4820 4569
7999 2790
8202 662
5082 186
3333 9042
9360 7614
7634 8727
909 6166
7159 9988
30 1051
1859 7352
1953 2018
8007 1848
2465 4918
688 8528
1943 5363
3416 2695
8732 1618
9930 5720
7662 4475
2554 9874
9348 1561
630 9023
1053 7957
1761 812
3523 133
835 6169
8952 5891
9456 7487
1750 9743
3089 754
5943 4327
5233 2879
2957 2226
1159 6873
8485 455
7556 5207
5196 2064
5584 7565
3032 9598
6134 1924
430 6589
1080 3641
385 4496
6001 7385
2381 6637
4957 6448
8913 9901
5142 2009
8023 4337
3221 1604
8563 2576
9206 9544
6057 629
6425 9037
6565 7492
3726 9660
768 9610
7187 2649
3156 6358
3935 7033
427 6052
4699 1621
2077 7631
5430 8816
2658 625
5112 5646
8806 7731
2697 6856
2638 14
3363 2176
3888 8761
5128 4119
1349 6028
4882 3881
1131 2525
3617 9218
2118 2816
5053 2232
2688 1257
1936 6716
9172 1996
3084 4885
9082 9928
3444 7335
452 895
8232 4084
5152 7811
1990 8591
4086 6722
2990 3253
8884 1388
9157 6474
529 8425
4458 5019
602 1300
9114 2481
5207 3870
4753 2560
7940 7045
5394 3818
2006 5510
279 2919
9856 2738
7082 5564
193 3002
7914 8331
864 4090
9475 112
5211 1960
8055 613
382 4982
4880 2841
6844 8706
9336 4485
6857 794
4446 630
2579 3777
8335 3973
4098 9787
704 8754
1262 3783
3271 3291
2544 3722
8490 3412
204 3449
8044 1247
4013 6837
6961 2449
9282 9200
451 8303
8861 5577
4607 8891
4105 4516
2652 8598
7736 3505
4865 9562
7800 3190
4641 747
537 4153
3696 9450
7124 2609
6952 2615
1693 7762
275 4774
7148 8764
9473 4128
6237 5780
2237 508
158 7237
4845 4317
4662 5547
8915 9715
7803 3563
1458 8335
1279 3515
3196 7547
7750 5514
2487 8960
292 6837
487 1170
4940 840
9281 1706
6380 930
2338 7577
336 6674
1303 5200
7399 9423
856 8587
3768 8265
6005 2282
261 5016
4067 8921
5641 919
1776 8006
1956 7630
4829 1208
3549 1384
1384 7732
8877 572
4971 5756
6302 8642
6274 1671
1879 9067
6766 7650
9912 5704
7454 2778
6261 8775
1240 9710
6211 9273
830 8115
185 2574
8135 2434
1533 1826
6789 6099
7480 1105
4900 2948
6270 3050
5170 8021
9852 5452
8116 4493
5470 9801
5330 5015
7261 9338
3717 7798
5061 7705
6771 8650
6872 5026
4474 5485
1948 8090
2652 311
9187 8484
6556 6176
1972 8419
2316 2406
8278 7831
6759 8176
8788 8769
5976 5410
7078 3821
6382 5397
8845 7566
5299 5499
3849 2250
6076 7650
5952 5093
35 3481
9029 4693
3058 5814
7004 8436
7059 9334
2664 1144
3100 2221
3903 442
8893 7252
540 1532
458 8955
53 5238
8973 5691
7087 453
7829 5905
2016 661
7577 4132
9193 9963
4304 9139
7811 9430
9491 6414
7384 9676
5964 8647
5913 6349
6767 4986
7526 366
3454 69
4296 493
547 2197
8326 325
1515 6139
1818 7160
3188 5784
2630 207
9878 8043
9817 6599
3553 2239
5830 5194
2521 2293
5248 5087
8337 6481
6791 3091
847 1027
7952 7106
2464 5834
3420 3523
5789 1780
5838 4691
1319 2379
8378 673
4090 7116
2357 4171
8674 8832
548 1445
6679 2603
5751 6038
2554 5591
409 1678
3521 8351
5842 8587
5148 699
6708 8895
1842 9375
216 6458
5263 5090
6473 4130
7554 6998
4252 6305
5319 1914
5945 829
1141 275
6229 8954
8505 6396
326 7155
1464 7924
878 2299
5778 9966
8389 5756
1328 2873
8512 3689
9714 5280
9792 1846
6880 291
3534 9120
1874 6389
8429 3746
2538 2982
3477 7677
972 587
9201 6340
5662 7077
2137 5194
7580 6116
2542 3261
5513 6968
9149 7424
9330 9060
3647 3607
2043 6146
9046 1811
4754 5157
991 2538
7638 2041
4643 5712
5086 3389
4468 8745
3365 9072
7816 8884
3593 4577
6238 4140
1775 671
4695 5265
7508 7995
8992 6671
565 9858
6491 4787
7333 7018
7421 3482
6310 1459
2820 2047
1182 2462
729 8581
8259 3309
6821 9351
9449 7057
5714 5205
6089 1787
7717 8651
4922 9400
4741 9713
9369 5784
5684 6839
6054 789
7928 1100
357 9831
2426 9178
684 7433
4343 768
2093 1793
2596 7365
8740 5825
4196 5604
3230 8776
334 9797
7757 7011
8528 4536
4911 5185
8679 9025
9560 6257
8580 81
7150 2876
7838 1047
6293 4866
2017 5738
6352 929
3752 1217
86 8381
6614 627
6555 7447
5882 3278
7977 3426
683 8188
578 4266
6992 243
336 9206
1891 7624
6779 6341
191 860
9387 3864
1778 6642
515 2912
8588 6315
1528 8934
4804 180
4242 6766
4342 1686
3839 2764
6645 5366
8454 9364
4368 4652
8191 5781
7554 5541
1897 9564
4234 659
7355 912
5754 3852
9886 3854
3341 7102
4393 2781
2759 2116
5470 3556
4794 7123
9362 3356
4859 4301
928 745
4169 3233
6874 3825
7559 4675
2169 2858
8699 3330
1781 528
7538 249
4055 3716
8669 1906
1943 6198
5613 6818
7384 7868
9104 2223
7653 1793
1748 7781
9548 3042
3572 615
7761 1055
65 6684
456 3654
2308 1388
7190 8174
8029 6639
9448 6867
9630 9769
281 2166
4669 5631
88 9685
6753 4813
907 6491
3773 7119
8602 5463
6572 584
7342 1805
7172 2734
7035 9233
8352 6462
7771 6365
4810 623
3418 4736
651 8676
3286 1250
9917 8215
6355 2485
4463 6238
7678 458
35 3169
1594 13
5364 1734
877 8181
8716 9937
4504 5462
9467 2598
9169 9041
8792 8917
5299 8688
5915 4063
9667 5368
8794 3284
5737 6521
4429 5709
6984 2325
5470 3776
777 7737
6075 4516
9245 3942
7989 8987
2398 3092
3427 2501
6031 5430
5987 2227
