placement model: 1slider
width: 10
height: 10
number of points: 500
8849 5936
5190 4830
6204 1596
4410 7951
1537 7675
9453 8265
8510 5798
6859 5036
879 5980
7949 4717
4976 7864
6451 930
3935 2608
195 78
5879 2531
68 2225
2608 7805
8488 6364
1247 2906
4045 8579
1799 5490
1016 2055
7390 8098
737 900
3930 7925
8049 1732
4006 3415
9710 8157
1208 2107
2326 3549
1470 4322
5404 8957
2481 6871
6484 3470
1014 8712
6380 8904
3923 2554
659 5557
1647 5179
5268 9575
3042 7395
4057 3249
357 3698
6678 2477
5182 9354
358 6066
4627 3631
4423 5955
536 6483
9031 6206
6457 9293
450 5819
4916 7242
3567 1719
9672 1139
9770 5865
6391 3490
7777 667
781 3647
7732 4743
8064 6686
1869 4094
2816 6707
3088 6111
7876 2893
8082 6812
4515 4496
2730 1279
3929 8159
1176 5042
5053 8228
8799 5838
6480 334
4664 8495
9591 9191
950 2658
5644 7782
9591 5989
9730 7913
3631 3299
8850 2983
1487 2183
1228 92
1064 122
447 3369
9407 7774
8962 7293
9344 6720
8293 8561
9193 3811
2151 5548
2587 8946
8285 2725
4097 8472
4860 6527
7776 9970
5458 204
7847 876
4044 4391
3708 1991
6469 1612
2840 7759
5570 5271
9024 2622
6276 5130
9744 6047
8465 44
1043 1590
9573 4559
5127 353
6315 6621
5787 5339
1857 3000
527 2199
319 8170
2400 40
3497 6461
6519 3086
5621 2572
2378 9033
5577 1477
2127 9300
9943 5489
4672 8472
5864 3378
4139 1343
96 4800
7690 3278
4211 9147
4429 7417
2735 2511
221 6261
8178 4148
8747 5183
1545 5663
8831 9955
6683 5826
348 8545
7332 9281
3289 814
5199 4402
9174 704
5516 9548
301 1570
4857 2033
4153 6134
3198 8208
7139 5821
7453 6137
4454 4183
699 5905
3370 5928
4593 4839
6012 1803
7007 6628
4933 4362
1817 7439
5377 944
1666 1120
2509 4891
5507 6635
3623 5042
5249 4517
1731 7015
5463 4090
9181 7994
822 6808
1820 9917
4803 5651
1501 6664
5547 5114
7677 5419
8444 5602
8529 327
4634 1937
5582 4826
6470 9279
3355 8277
2835 7628
296 5687
4999 9493
8092 871
1349 4938
170 1713
1815 252
9437 7176
9741 1571
2167 9150
1355 9740
3924 2421
3207 9425
6720 4637
8135 69
1015 7234
8506 3874
1540 7011
2408 3047
4914 1131
3062 904
767 4563
7647 4489
5495 6864
456 1828
5849 3978
6345 7929
9211 8894
6164 1416
2644 5338
6197 175
8663 8566
6963 7337
8044 8803
1085 9534
1433 535
9543 7751
170 2007
4290 7856
8380 7418
8159 8808
1104 1188
7677 9807
9718 761
1255 3503
104 3141
8363 622
7759 7353
4094 4602
9669 4414
6805 3702
9517 6357
1090 6632
6382 9193
564 3940
9821 7295
1574 5255
1766 1147
9681 3564
6218 8197
5758 4739
6286 3918
3268 5956
5105 1358
7191 5776
5530 1031
6551 8240
7278 7335
8253 5932
9269 5771
7994 6955
9836 4735
3962 7550
5248 1395
2615 495
4871 9007
5663 8988
1798 4653
7986 5470
73 4110
9570 1011
3080 202
567 2882
4461 170
67 9920
8215 6894
4057 6225
2407 3883
8084 2911
9813 5445
4414 9553
5613 6621
9729 173
5195 3614
3993 35
6506 6287
3471 986
7688 9220
1916 5707
9762 5828
1966 4423
4944 9294
8746 9624
9133 7337
5453 7154
8344 6505
6967 1535
5546 9890
6858 3441
6456 2733
3097 477
8142 4133
2749 6685
8930 211
5909 6193
3558 1206
8581 3881
4648 8921
9752 4459
3272 2675
8137 7216
8636 2781
1053 6909
5078 5030
3162 8218
4160 9233
207 6221
9039 2470
9325 9632
6613 6070
2103 2331
731 1328
7925 3394
4834 3278
9787 873
2158 7038
2778 1003
8585 3848
8979 2052
7821 4073
8352 4678
122 2534
9154 6176
121 60
3151 8330
7121 3136
1676 5940
2928 5143
4234 3097
4111 2577
5777 6487
9956 8238
7668 8948
1873 5139
3222 7436
8811 8091
8205 7456
7353 5921
9675 6478
5893 3836
9032 6432
1133 6081
7908 6635
2380 7943
6831 4850
8464 847
3869 6748
8042 8317
3907 1500
8194 7302
5692 3227
7711 7416
7073 359
9302 4009
3031 1794
9787 5257
7151 4412
1892 2440
9100 9564
9691 3503
6970 1842
2188 2463
3503 818
4553 8502
2276 2696
1727 4168
9821 7826
4363 3646
1540 9528
5031 5826
6457 5030
2725 8321
9306 4723
8677 1778
6893 1808
9755 4352
3530 5652
8725 976
5046 2299
9469 6746
2672 9402
4658 2211
5750 9269
6103 2014
1505 4493
4025 6742
537 5437
8010 9247
5993 7553
6290 2781
7821 1633
1343 7705
4208 3295
1504 3628
1051 1110
8712 7253
4772 6293
7956 8384
8069 3655
1628 9084
8149 4481
933 4144
759 5088
1258 767
5312 3902
3830 4285
8148 7761
5386 9317
5588 3118
35 8173
2561 7498
2447 1278
4678 468
1334 2299
707 5344
7650 7091
1081 3103
1332 9455
9320 2932
3930 4954
9273 8356
926 2284
8257 9282
1291 6543
4814 2112
2367 6466
5338 165
5947 4366
8784 9262
9381 3343
1049 2951
8873 6189
95 6219
3233 4121
5617 9217
8310 2015
2136 5469
408 28
1943 5334
6349 9509
3711 7727
1307 7644
4004 1210
7677 7440
9866 6407
4482 9590
2700 8252
5247 384
7959 3443
7928 8325
1622 2377
4878 374
2403 5311
2247 4291
7175 8909
8873 2815
623 2812
8393 6894
7238 5522
2878 7117
9810 2097
1070 8289
2979 5771
2404 8655
7422 1966
5762 5043
9477 8624
2365 5301
3963 6906
8887 2673
1596 5172
5512 3878
3067 9495
6499 7083
8770 2108
1441 9464
4183 4723
9867 3639
3125 6398
8737 6285
8678 8636
2673 3195
7075 9955
7784 4601
2412 8574
9412 910
562 1231
3685 7828
3591 7558
2378 27
7064 9209
6643 1869
3305 2594
3321 7451
4185 8974
9911 6825
1952 9273
1927 6402
9112 1365
9082 6136
9713 5671
7615 9738
