placement model: 1slider
width: 10
height: 10
number of points: 10000
3267 2038
1832 3997
5423 1039
1129 7991
5126 4293
2990 6923
3556 2608
6149 1388
54 931
1737 3647
4388 9887
3848 1613
4793 7417
4698 6689
1161 1999
2360 1666
7172 2154
6680 4471
2391 4853
9932 7511
3856 1370
5945 9611
413 6141
3238 6554
607 1760
3923 2350
3344 1977
1795 5025
7869 5217
9402 6392
117 4175
3309 2551
2616 1043
5926 5244
5334 4914
7922 1745
391 6016
7864 7553
1818 5331
1585 4263
7088 7683
2757 2369
9040 7662
2663 8253
4949 3523
9421 4370
7827 6279
7989 2330
4577 6518
774 6218
1862 4469
1975 2494
7455 1562
3462 4511
4539 323
8679 4230
6656 7117
5089 1365
1076 3115
6076 898
2896 8756
769 7578
2454 5327
5240 1492
1873 9481
3463 1781
6313 5699
3173 8385
3549 47
290 8492
6658 3067
2166 8469
2333 6309
7047 9099
5518 5518
9809 793
9640 1435
8442 8170
1872 8491
9576 3817
4312 1889
7236 9061
3488 6268
4789 5848
8363 2240
8147 9784
4782 5783
1472 592
3462 6503
7812 3473
8573 3157
5146 2355
5817 145
2854 3579
6203 265
9872 7604
5852 8744
3727 117
8070 7569
4060 6600
2273 5176
6998 6660
3298 8549
1765 6027
6056 9813
9514 2749
4118 3068
1821 4545
1360 2415
7486 1126
7714 9109
2228 8556
6646 2741
2373 5658
8307 1221
9261 4541
1708 5476
160 3299
517 1832
8575 3934
1124 9145
7216 4046
3607 3748
9156 4415
9727 2897
9079 222
3298 7353
4958 3601
3442 7082
2171 9430
7882 5268
5036 2516
501 309
7447 5401
2960 7241
2774 8870
4142 2492
9187 3583
1754 9867
6216 2539
9846 9975
8656 5791
5703 7753
6033 9741
9071 4442
7238 160
731 2598
1803 4353
2507 2428
382 5663
981 57
5002 9648
2570 3301
3733 4454
6292 2098
9948 4695
7595 3008
9433 2882
138 2051
8111 4213
1213 9207
7321 2896
1463 1504
1533 6971
8347 5171
1862 7134
1564 5691
6162 6532
5608 8912
4628 1146
3124 639
4126 3550
9768 1002
8975 2886
6895 7552
6845 8035
4470 2727
9614 7469
4662 8960
2243 9944
7572 5976
4901 7761
6475 7312
1814 9649
8469 8556
336 7454
481 9414
8498 3244
3205 5280
2407 4692
2124 8362
6656 8051
129 2914
8497 6058
3737 5380
4738 5735
8981 1219
6666 6511
3696 898
8865 9565
1104 8359
4484 2345
6229 4209
9508 5144
2779 8840
7086 6693
5240 3731
3187 353
8879 9324
8491 8122
4641 5553
6865 3753
7751 684
914 5514
8913 1640
1864 7362
2255 4450
2414 6733
6734 893
5260 3368
2002 3481
8192 7244
7156 9888
2625 2482
1730 4574
2875 1215
4420 6248
4142 8933
1788 407
7329 1932
2432 8835
8764 6341
3280 4016
1700 8928
6733 5346
9546 1008
4568 303
9414 2797
8837 9958
2399 6817
1261 3162
5455 667
5016 7074
6839 7114
507 3849
4361 5289
18 8771
4488 5986
7725 7042
6649 2642
7694 7231
912 683
1872 6176
7092 8324
4004 4662
1044 184
4367 6008
743 3842
8566 1273
4275 885
5908 6096
484 9322
2119 4305
5910 344
2789 6140
6243 8933
6130 9914
3833 1421
5096 8178
9105 1463
696 6052
6022 7911
198 6795
9650 1919
4553 4243
4366 3984
9952 9629
2363 6885
1580 6320
4083 3314
7301 9965
6565 1528
2849 7394
508 9772
108 316
7051 274
6955 2752
6664 2772
5134 8221
8911 1621
4371 454
9909 294
9735 4732
9036 5736
7160 8105
8902 2269
7645 1293
9081 7262
9422 5817
1163 9691
1648 1887
9838 9911
6946 3689
2953 9785
8151 4980
1146 5869
1277 7138
8747 6787
9192 3110
2765 4769
8622 7386
6367 3360
9139 9363
4272 8455
3636 3157
739 460
7508 5409
7744 161
9715 1403
3998 8667
2777 9410
2139 3402
9089 6094
2485 1159
664 3076
5294 3126
9496 8153
1859 9108
8627 6161
1257 4237
9735 9496
8974 2798
5504 271
7954 9416
6744 8477
9413 6772
3250 7575
3977 3801
8965 1770
6244 2150
5406 4307
516 8066
9174 4145
3429 797
9336 2171
6596 6244
7497 9424
1320 4849
1707 593
6004 8965
9966 7806
1577 9626
9142 1978
6275 5924
7115 2719
8719 8556
8811 6268
6708 3768
3821 1088
7050 113
3160 2638
5696 7611
7495 2972
7582 2837
4652 3382
215 8325
7461 2516
8447 5286
2180 9518
3055 7376
5036 4560
1194 7033
8290 6503
9858 9757
9817 361
9690 4012
2322 2632
6747 3835
1072 4994
5420 3245
1575 5262
4075 7145
8639 7953
1743 1334
7870 3617
9264 40
7878 3270
9427 9545
5218 3232
6232 8153
1907 234
3698 6816
7309 5402
9771 532
5467 9598
5462 722
8371 9380
9717 2389
1061 9898
7429 5775
7435 2825
1239 7531
9265 7516
5460 6149
1573 7141
2228 2322
6225 6206
5389 5134
329 4451
8655 1098
7848 9654
2010 8078
2509 7883
4293 9546
1477 2400
5215 7414
630 6964
3458 4419
9062 3449
7744 8636
7480 524
4589 9853
4690 4899
1149 9091
9170 2748
7693 2233
8151 2008
6261 9543
647 8530
1568 6618
5287 1129
4652 375
6726 2468
9286 4117
2280 8267
2932 7784
3476 3272
6828 197
8495 7198
7709 4349
254 1357
8718 6513
2237 7450
6906 7064
7574 7789
2499 6155
324 2473
8605 2610
1029 7421
5487 6031
1805 4608
1153 2694
9241 7836
4830 7819
8595 6045
5096 2310
4518 174
9744 9096
810 69
9234 3504
8033 9533
8298 2731
8950 4001
5278 104
9129 4510
231 2630
9826 473
431 8141
1521 4729
2569 6176
2866 9844
843 4581
8485 8644
6902 6343
8047 9111
6449 1558
5888 4792
5484 235
3692 3170
9381 3167
666 5298
4897 5316
3313 7182
5858 5199
5441 639
4803 1156
6819 8509
2492 9193
4178 4068
7526 5681
8339 7648
9458 1316
2590 8749
3457 9371
5351 6194
642 3235
7407 602
9411 1415
2343 1835
5810 3944
2955 2883
7729 425
4903 1979
3487 7956
5877 7474
1892 1785
9456 658
1604 6566
2022 7668
8199 5058
4957 8045
7519 2401
9970 8692
6779 4862
2151 2511
7951 7169
9109 4872
6782 4103
5697 7515
1424 2312
4768 6837
1789 1227
3845 4314
1946 9544
6623 3046
2509 3665
8270 961
7556 1832
7021 3037
215 5669
9125 8660
2148 6220
5834 9146
7162 7190
5533 960
93 2379
7792 4184
2252 6694
1844 5977
9116 8562
9731 5927
2082 77
4642 8831
4139 6972
2215 219
127 5986
8669 6270
8834 4469
9788 784
3078 3826
4972 2792
9286 5220
5070 956
7097 6736
8935 618
338 6787
9374 2919
3813 5244
6006 141
1347 4973
8215 2910
2026 4726
7221 9277
886 5063
6032 2931
8502 7023
4550 735
9389 6228
6875 8243
3418 3487
9297 1899
7632 8234
3596 8501
9675 2507
7814 1184
2895 7594
7767 1604
729 516
5252 4368
587 5757
5478 9132
6442 5572
4093 972
1460 4356
2389 3543
4254 9546
2879 614
8176 4754
7084 5959
4245 8008
442 2467
6742 5940
1624 1233
5047 4071
2921 2218
9137 4328
9326 1524
1629 2036
6684 9122
6657 2722
5976 9707
2231 2402
7967 8580
9737 1607
628 7432
5791 5501
3971 1756
6772 8329
597 5880
1991 8676
875 6818
8883 3153
4306 6856
4445 3098
6609 3201
6958 6062
4557 6743
1080 7602
6928 7868
5033 2725
6514 3371
5262 8470
3791 4127
3940 9026
1263 3258
3496 3060
5881 4308
9187 2476
4949 9129
56 1056
6441 4866
7349 3599
7161 8884
9628 2669
9139 7005
8206 4665
390 2874
8863 1585
2270 2070
2405 9935
1237 6983
846 7317
3469 4499
4105 9621
8130 2712
566 2788
5285 9553
9210 2855
369 2423
8248 4887
8003 3248
8520 5562
9145 9226
3499 1056
6910 2004
9689 5903
7743 3555
2999 3820
6068 1857
2966 3423
7516 5680
5126 1219
9903 146
6379 6377
9188 915
7039 5598
212 3587
2785 8712
3540 2553
9242 6655
9225 6131
2484 3820
1648 8236
1188 5426
9829 895
4431 5540
2735 1884
3544 6551
2720 6315
7550 9493
4972 7440
1599 2729
2087 1134
1164 2484
7501 591
1852 6711
559 1621
695 690
1042 8993
6303 4822
4573 906
2900 3983
5089 3194
1668 2812
584 8657
5448 4115
3438 6011
3538 6600
8499 9211
4355 6474
328 4326
1531 9778
1593 5125
8741 2854
5224 6723
8778 5524
729 9500
2938 7179
6185 6938
2065 7735
3436 3258
2222 321
6767 8611
324 3320
3403 6380
3346 9378
9996 1011
1695 2366
5768 457
44 1254
409 6589
7660 5703
9353 6092
8783 3183
5350 1192
1810 6367
9618 7399
3450 4492
8506 9442
5442 2734
1658 7344
8030 8953
6168 5943
8875 5644
5112 671
8439 1428
9186 6660
7241 7151
1498 1478
2664 8134
9910 7250
194 5905
1396 4856
219 8112
6114 3449
3071 1916
8488 6797
1041 2659
442 6434
4234 5033
508 5168
7718 963
4353 3862
9752 7561
837 3539
4065 1830
3543 3387
4161 5621
6530 1179
5798 3291
5794 8581
1351 9879
6467 8369
746 9017
341 5503
1094 7260
8603 2182
4236 6852
1551 7201
716 8340
3171 1944
5548 2478
7459 6123
1950 5437
6847 8893
5182 5107
3704 2127
5667 7065
4950 7841
1859 9950
2606 6197
2805 724
6130 1473
2362 299
8329 9363
7017 8285
7902 7732
2105 2783
4700 4972
9544 2751
8357 4409
3633 7344
2373 128
7255 9729
4450 2472
9187 1705
1018 6207
3130 4600
8934 9331
1655 7592
7957 8556
7160 6686
7055 812
1150 2546
1091 5496
9584 1551
2519 1959
339 9079
2872 6485
9412 7389
7550 8527
7355 1355
658 8185
1557 4517
4045 589
3460 6296
9044 5588
7011 4074
5689 4365
7681 3640
8445 1215
5078 136
8331 1598
9748 9969
3132 3373
2281 2293
378 3746
4048 6250
4404 2978
8769 6326
1123 2312
131 3381
9790 4031
4457 1478
5061 6279
1967 9729
2362 7055
2838 8616
6055 7737
6384 6694
4533 7998
7050 120
1494 7407
5098 8600
1503 2987
3806 2689
403 7803
9217 5904
1557 9625
6224 3359
1868 1189
3991 6598
6782 1804
7213 3644
61 1057
28 4988
7940 5757
6645 9891
3132 1143
3830 2327
1854 5106
9295 3472
9042 5282
3900 2763
2444 8137
4506 1774
9584 8642
4459 9087
2305 8048
2753 984
8314 6787
4136 9746
4209 3285
3508 170
8795 5602
851 6922
7895 1878
357 996
504 9509
5076 8310
8269 1580
5985 4994
173 7101
7846 8588
4655 527
4140 7639
2733 4476
8940 3037
8274 5550
9286 2532
2660 5460
1678 3159
1969 1905
9057 6314
7639 5565
94 238
2516 2972
2852 2984
555 3121
1974 1190
3537 9363
7562 702
601 8828
5126 2132
3327 1715
9033 6410
5143 5859
5 5721
2924 1582
2869 7898
9105 9665
6813 5241
4905 2830
3232 1790
862 5921
1602 3080
9271 3380
1397 949
4567 1523
9486 5874
8871 1964
8449 2811
5309 8684
6913 5337
2811 4385
9376 7931
6299 3871
7568 695
5895 6464
1203 8687
2484 8362
2972 3072
2335 3108
3261 3487
6899 5469
4105 9004
5486 5001
1849 7532
8771 1848
5666 2443
6318 7858
1647 8982
8999 7460
3475 880
9944 1035
6630 6812
442 9422
1344 2678
6024 4015
5361 1940
2015 4168
4863 4771
463 2453
2780 8257
1413 1905
7497 1781
604 2531
4983 4467
4065 3425
3792 198
5966 4128
7905 8106
1057 9891
4380 9939
358 2475
4714 5707
2307 8570
9246 9968
7795 7245
5179 3965
3835 2286
7992 3326
1743 7082
1414 0
6387 2087
5370 3595
3626 248
4496 6865
2371 2292
6906 1604
8149 7184
1383 1996
1671 8487
9755 2410
3553 7044
6561 103
6220 4651
7018 9347
6027 6379
9564 9556
8512 4553
5371 1378
4771 9773
7497 6592
9378 5647
9113 2633
4601 6517
9710 9130
9259 9059
5089 4731
6127 7077
8563 8757
9243 391
4910 925
7763 8715
557 9608
6101 5355
3071 3836
1265 3949
4319 2837
6661 1223
423 7371
3631 1390
5712 5760
929 251
6649 5906
9376 2936
2141 4099
2202 8380
897 3189
6435 2422
5543 9649
7603 836
2228 1877
1220 4185
5583 6565
1921 1544
4367 1786
2188 609
8471 7007
6256 7752
2524 6873
3605 3220
4054 4026
4842 1469
7036 9371
3159 8488
3453 1899
3714 904
856 6187
4512 1934
3103 9177
9594 6755
5039 9383
8301 6729
3391 1268
459 8577
5067 9011
9094 746
554 2408
9582 4684
1590 3269
3549 87
9222 6945
3035 3810
5001 408
3583 715
5800 4947
4049 8552
4687 6830
2477 5588
6545 867
7604 2571
8624 7423
6107 2262
7514 6219
6510 4023
4247 3791
3813 9726
8252 9913
5281 602
1375 5662
7665 4544
4851 3714
7906 2577
7648 4974
370 7303
9861 8762
1866 2348
1020 4166
5394 5533
8058 8414
3196 7926
538 2791
4619 301
3977 663
6233 6255
6869 7841
5774 2976
7479 6290
4086 807
2368 1116
8877 9057
5141 3934
1130 9386
4705 957
2861 474
3886 1877
7545 3391
8669 453
2899 6647
3705 2593
8006 305
3502 4751
6240 757
4035 9321
663 9438
9217 73
7499 5376
7604 6492
5554 332
5195 9788
421 5006
7089 452
6608 3520
9214 7092
8211 8138
8084 1983
5787 1500
2706 5500
6652 9282
2706 749
7253 2862
5091 6833
4444 6763
6039 4557
9087 6590
56 1000
4371 339
2284 1522
8016 5453
4620 4728
881 4352
9569 4362
4811 4088
6501 9993
6844 3537
8722 221
3908 3943
7477 4856
3513 9355
6937 6151
7451 2828
4201 627
4970 3594
3486 3252
9317 425
6959 6353
4360 8075
2137 8779
6442 8219
2999 5958
1065 4248
9562 3501
666 469
5868 2251
8426 5883
4088 5042
6019 2690
2528 9884
5455 4011
460 1554
1006 8021
2457 9697
6470 5040
5577 1521
915 141
4269 2305
1569 2715
3585 1910
2382 9614
1948 3371
3181 8901
1890 9548
6079 2462
3821 9303
9090 4217
8537 8262
5531 1656
8299 9653
6658 9730
3848 8495
4239 5490
5113 3909
3173 1288
6361 2318
494 585
1273 8695
4646 1429
7617 8136
7412 1794
2563 4726
6946 16
379 8898
669 5407
4245 7573
9461 6889
8863 786
4393 1270
3807 9854
7522 1503
8734 2658
2458 3843
3539 6394
1920 1722
6682 5165
3747 2479
758 6576
9647 4348
7170 3086
6617 2084
6742 9185
7999 157
370 6004
3869 1506
7032 551
9162 1868
926 7916
6031 7475
7510 230
4733 3456
2290 526
7022 2407
7796 839
7758 4767
4488 7219
1397 4136
6833 3116
121 8464
6333 5225
2704 2560
2830 6944
4882 8498
5342 9323
5395 4370
2572 8523
1352 593
137 7576
7160 2490
9230 3818
2682 3104
4217 8517
7418 1442
5656 8150
9884 7876
2074 4606
3362 2484
835 1427
5998 8030
2245 7890
114 2002
4126 2599
5699 5051
2686 854
5508 4564
4196 4146
360 1670
4476 6470
6214 2716
6740 2864
6987 2931
1267 1049
1223 2095
8108 5315
9642 8197
3303 1991
4253 3745
7102 3501
8032 33
1103 5241
2513 2307
297 3282
6850 7921
7153 3075
717 3968
8217 3196
5743 8751
6389 2490
4995 1833
6513 2690
1799 7079
9378 9481
8117 3943
8620 7051
8057 2840
9563 592
5962 296
4661 3219
6171 7391
1075 1324
3332 1353
5503 1467
7468 9905
7333 175
131 6481
5908 5593
595 6248
4511 3814
4119 8093
9449 6949
6225 4633
6896 7218
9791 9439
6084 3132
7146 2622
4537 8365
8490 5437
6964 7351
2785 7761
2240 4798
4374 1415
7048 9098
1284 5694
9494 9469
5103 8970
1447 7126
9928 2844
8503 4637
4875 2651
4155 7191
1614 310
4117 7834
5094 4732
4306 6936
7101 4305
1411 405
8170 3833
5096 6020
7843 1935
6224 6986
8798 9160
3421 4159
1550 2535
2365 6947
2459 5194
9046 3274
6295 2315
1492 61
6237 8908
8868 4313
5118 9495
6119 3638
2037 7317
5395 1005
3693 1759
1964 8181
6799 2285
5193 622
4317 2338
6246 6348
4362 915
2044 3825
3872 4373
4459 2689
3362 7284
3850 1587
4953 6187
4954 6470
7196 8085
1620 1203
6165 5471
1045 8292
2322 3981
8325 7309
2283 1623
4533 8187
4850 5165
8482 82
6867 6201
7882 5155
7501 8725
3423 2074
3343 134
3408 28
7971 1559
8828 2018
7434 8212
3436 5094
9800 6786
49 9490
5666 8374
1554 9935
1723 1036
9459 8384
3114 697
7984 4076
4486 9662
3504 1582
8386 2721
9303 3565
351 560
3521 4639
4452 9063
1159 6059
2503 2881
344 3823
8121 287
4045 572
9723 8685
821 3890
7905 4283
9961 6326
5110 1730
63 917
4093 5038
241 1848
2413 952
336 7523
2634 6673
6607 1825
3288 3502
3053 2818
1742 7915
2285 3560
5449 1094
4518 9636
6995 1129
3645 9833
1359 371
3885 4325
6225 4380
7608 5459
6932 7771
4110 3592
4596 2300
6779 7632
9809 242
516 339
5378 8501
7176 8416
9497 4215
5931 5951
1196 3989
7848 7629
7372 146
1127 3822
4660 9884
2641 2885
963 8624
1849 1746
2001 2193
4772 8159
1770 2683
7638 163
424 9697
8872 3460
5660 9692
2984 3033
8153 2251
1184 3464
3369 5762
618 2546
9105 8719
2639 9821
8489 3018
2002 6551
6768 7423
4564 8140
8081 7867
7862 6324
7933 3277
263 7864
6618 359
8312 7426
427 3489
6773 5961
7258 3020
3722 6581
3588 5441
3131 1205
5095 7218
1271 2089
6521 7058
4645 2191
5195 9092
2612 8061
2760 701
7804 6750
7193 1595
9371 4662
6050 6608
9773 5822
6917 3274
1376 639
9739 4330
2008 373
7424 4914
9549 1194
9061 1646
6306 4624
9960 272
720 1802
2654 1051
6681 8886
3771 6271
7893 2722
3496 9845
8444 6038
4071 444
1329 9583
4352 3660
6922 6372
8954 4941
9385 9640
4020 6180
1461 4188
7104 5441
5582 2436
7346 8397
5249 7134
4072 6664
6421 1535
4457 6253
3473 4488
6792 2438
3438 9065
3745 7187
551 9292
7911 2146
9264 8299
743 169
5962 3597
7580 92
3942 5889
5081 735
3492 4670
9525 7534
9323 6319
1978 4039
2752 633
3521 8545
8621 3246
2653 8070
231 642
7904 6860
4848 7161
9885 8359
1120 400
149 5109
8544 3195
24 3582
8956 1906
7981 2418
6333 5731
6269 5240
2135 6900
9051 3476
7334 4619
4675 9936
736 3515
690 6408
3143 1882
9708 9185
8121 1559
613 2058
9728 5388
8121 3970
3382 5771
9153 7814
4527 8097
5288 2690
2996 7334
9984 3512
4304 9327
8461 1230
1534 9550
3096 9394
3616 3621
9967 6046
3497 8212
5125 4388
4217 1192
4628 5353
8975 4805
7284 977
1495 1225
5526 1738
6201 2308
6771 4460
309 9472
7996 4194
7937 3698
2359 6079
7499 4752
5574 5187
355 2246
6937 6251
1656 3608
2651 2897
1614 9837
4229 9355
9053 5693
8822 3343
5036 1113
6063 6239
1852 5040
3859 8848
4947 9684
3445 5485
7570 7930
9558 1549
7497 5273
1323 2493
6408 245
9852 8550
5677 1537
2467 3981
6756 8343
3966 4654
2311 4726
9485 5257
9430 2595
728 3745
8812 1548
3943 7641
2127 7700
6130 9649
4992 6760
4184 4226
7267 9291
7898 4336
2327 5134
5241 1844
4677 6431
7294 2908
570 9425
1492 3661
6767 8984
4712 982
6379 928
8010 5544
9039 9893
9288 9798
7141 5759
7730 2855
4378 6145
1403 4684
6036 7690
8512 4693
6191 1096
2574 7624
7432 6322
6812 5003
2747 2313
7830 5042
4992 3802
8005 2631
3008 7382
7678 6735
5684 443
1161 8872
4159 6350
3801 9841
7550 8068
9439 3813
3529 7945
397 7538
1860 1409
6115 9958
1076 3762
7277 5713
3527 7192
9507 6014
3787 7860
5070 4201
9956 7620
6844 982
9687 2142
3609 5584
7588 1638
4683 7170
3098 1819
365 6094
9227 6474
5599 7626
1945 568
2728 3099
9192 7817
8632 4505
5252 930
5477 8118
4885 6256
4890 8825
2349 7442
1764 4647
3602 9702
9535 6899
2572 7439
5691 5719
7572 8545
9749 701
1086 1350
8763 2670
5232 9609
2923 2110
6547 8372
2415 7182
4668 6511
8190 1815
4106 3228
7671 2852
1187 7790
7270 5528
3922 6489
4913 1442
5311 3329
8405 3980
7762 958
6964 1748
8706 9628
2456 5206
2046 55
185 6378
1470 6963
9227 2204
2665 6667
1685 1895
8675 2556
2438 6904
5465 9737
6960 9113
3431 9244
8974 528
9247 4959
2541 4668
5903 1755
9396 2549
7073 7991
5704 5485
6580 5400
713 6232
2564 1059
7505 8671
4562 3672
143 6737
1328 287
4221 9666
6921 8229
553 3466
9850 3528
4583 4234
7033 8233
8232 3459
7287 8511
8563 8750
2983 8237
8259 3445
2623 6010
2936 1769
937 2587
1738 6095
1749 2004
2236 5685
1231 9566
5078 6621
8386 6722
2216 1487
3409 2096
9585 9832
8813 9746
1566 250
8208 8139
2295 7834
4735 2557
4394 3240
4434 6635
7102 3448
3390 4630
9996 3281
5283 4839
7134 6236
2913 5098
3679 1842
2341 3652
577 7315
3529 704
6097 3007
4297 5225
9512 6663
4084 443
7215 1410
2460 757
369 817
6000 8757
9326 2430
8922 7633
9081 9449
8762 5747
2768 7239
7885 8510
1171 3586
4486 3061
1289 8792
8373 1632
7507 7019
3509 9487
6890 5569
5530 9117
2385 197
8444 7844
842 6060
6418 3582
8896 4525
898 9755
2529 7118
7195 3196
5503 2151
4774 9229
5814 8539
4629 6103
7808 8330
7077 3361
5268 6356
5570 8335
8391 1383
4804 2082
578 1637
2063 2896
1918 6606
7554 3428
3461 8471
1730 1402
5121 265
3693 5375
1598 5978
3440 5824
7084 7210
1312 3967
1451 4065
3806 1495
3687 8276
3184 6042
914 4845
2820 3530
3846 6624
5276 2778
210 1202
8033 8295
4272 5311
8779 2758
536 3924
2867 9006
6079 6013
43 7241
3117 6805
8773 9971
9219 6097
4904 802
1794 3830
8078 704
8116 2512
1838 8318
4373 180
1950 5834
6775 5922
7455 2812
5241 1507
6101 191
1184 2108
4548 3187
161 9007
5563 9779
4004 1120
8742 597
8646 217
2360 1069
107 663
6986 3187
4556 5379
5767 2612
167 9379
9167 6962
2625 3666
6711 3433
9999 6905
44 8596
2556 4149
986 3318
9588 3965
9959 7303
9120 3246
9166 8872
2066 7668
910 3223
4307 5309
2084 7533
695 4593
8287 2223
5353 8250
4726 6104
2895 4508
8449 949
605 1936
2080 9375
6980 6564
7059 7178
8772 8131
1433 8696
154 1302
457 6960
5795 6211
846 8019
9405 5881
993 7798
7425 8441
3271 2063
3846 3918
2528 2038
5438 6301
9305 6153
9753 3571
960 5972
8251 8515
5128 3703
1121 3471
8382 1030
3033 5872
9903 9870
6318 4038
9135 9881
6708 8728
9067 7062
5886 2926
8479 3367
9059 8624
9873 2414
1908 6469
2810 2285
3162 8535
2707 8888
8311 8361
291 5419
545 1970
5196 2465
5975 9259
8119 440
3650 6302
9249 6074
6069 7947
4084 5494
8996 7226
56 8906
5568 4405
4245 5341
4315 7079
3189 5229
8397 1186
3885 4349
9536 1974
5881 7082
4359 964
3847 6922
5015 951
2971 9941
4517 9012
8776 4632
5147 4294
1025 2469
9213 2999
120 4958
8511 7471
3931 1099
9695 7512
1689 2143
6197 413
2667 946
9606 7820
4292 5313
9313 5201
9991 1264
1217 866
8992 256
580 8011
9708 8912
9633 763
4417 409
7180 7547
8126 8102
2235 1169
6150 4094
4696 2268
7387 5392
8191 4405
6473 9212
4190 7649
6914 70
7825 4634
9354 4766
4285 7106
6520 4753
2480 8095
7303 6623
7671 7126
8108 1815
7926 7007
8696 9780
8123 3131
2357 6329
557 2395
2493 7883
4147 2065
7480 2881
1056 1909
8232 8434
6920 6639
8798 8334
887 977
2489 4947
5849 3657
1001 1493
5250 8985
3432 7914
9336 4668
8270 6367
6762 1161
9094 4319
8315 2861
2833 2424
8068 2154
2761 3621
6541 4271
3744 3504
8092 3485
2886 3300
519 8565
1665 4073
6198 1917
3496 1231
9991 335
8618 3334
6269 8577
1488 2324
8333 7413
6933 7282
9406 4716
8591 3867
8036 8210
7808 2755
1586 3184
960 4574
4325 8669
3900 9176
9350 7469
2393 2169
3577 167
6206 2155
7875 9718
3772 5801
9179 3244
2884 236
5323 6049
4929 8432
327 5672
7955 1681
9800 7186
7574 1420
291 5284
8250 621
3698 6976
6360 970
7234 4017
2715 617
6909 3429
1795 2940
7540 3363
3730 8677
2637 5090
3231 1162
7849 9177
6065 6324
2401 870
6155 8277
2992 4578
2982 1785
2201 3937
5225 5766
4055 6253
9946 5308
5925 1048
7348 9665
7229 4191
6504 927
5709 5360
5929 782
600 9540
718 6341
2619 4861
7945 5758
9834 485
3805 6579
8715 7049
4324 4237
1681 4892
2753 7411
7022 8872
3432 6211
1316 2532
1678 162
1641 6861
6894 6766
7542 2828
8200 1957
6925 2481
472 1864
5527 8882
738 3739
1123 204
8537 281
1924 7301
4561 2737
2295 8586
443 4691
3272 3646
5859 7986
6155 5254
611 7907
7006 2053
3304 9410
2109 3547
2989 5596
9538 9092
8998 8908
6189 3830
6625 4976
8811 7274
8256 1740
9968 2266
546 3391
5595 2342
3718 7407
7522 4305
7557 2939
5803 408
1648 5707
1490 9986
1552 2597
3116 3160
289 105
5331 1426
9647 8847
5604 9215
8478 8958
2334 8324
2347 3827
3042 8124
2448 1445
475 5438
5841 8595
877 631
8911 6172
3641 5068
9526 8776
9203 8238
6039 7739
5039 6088
9998 7656
6104 6769
7328 2570
6328 6053
6676 4889
6987 7527
6731 2165
3865 2457
1664 5104
756 2924
4905 5336
2895 7720
744 1215
1964 9496
7010 1177
4531 5721
1016 1444
4199 4261
8280 5983
9134 4573
2653 868
1077 9895
8954 1714
9568 5857
9277 8912
1461 5969
7733 8288
7683 493
3160 1453
3520 4602
1167 5360
2766 5561
2151 6688
6031 4410
1136 1174
6821 3667
8314 477
9535 4741
7429 9377
2781 6614
3150 3160
2470 4158
2435 5735
1873 5408
1371 6713
7800 47
7579 6657
7621 9851
9728 2962
6271 329
2426 8522
3495 5655
5313 2402
6981 8112
7438 4834
8651 9723
2447 5308
8048 9604
5427 1050
8449 7022
7321 5686
539 5571
7633 8984
1352 1452
7952 1504
5927 6455
9819 4923
9383 6397
8609 6499
9648 5648
2934 1495
6650 3115
5320 9556
5655 5396
8229 8984
4711 416
9300 9006
9972 2619
565 2607
7594 3587
8460 8275
863 4060
6701 7193
7319 9282
6040 9031
3346 9947
514 6449
1123 1046
3292 3171
9989 3525
3936 5475
7587 6363
6342 9060
8718 2064
7710 3805
6680 2068
1200 1927
5010 2988
5214 7498
1927 2210
5532 7246
9419 7658
6114 3304
498 9514
5106 5171
4657 9528
4102 9805
5415 5277
2299 9101
6590 9454
1619 777
4792 9460
8768 9068
7628 7641
1996 3001
4622 5702
7658 2557
9127 831
9393 2616
7022 1233
7803 6140
8351 2541
898 3328
3593 1740
4263 7842
9906 1978
8014 7098
7126 5949
4863 8334
8999 6232
1883 4551
651 1638
5431 1460
8405 9450
6975 9305
8897 6293
9126 3462
1241 9147
7097 2962
8380 3048
3632 6717
2609 9351
5529 1773
1107 7498
5452 1985
752 9646
7803 7991
7661 9758
6361 8483
4461 3635
6326 8433
5690 281
3460 1065
4605 8482
594 5243
7702 8551
9571 1424
2732 4703
7995 2096
9351 2771
6454 3621
3185 4805
4781 9312
5114 6718
3017 8732
579 2038
6937 3921
4805 3782
1424 5263
1059 3493
3152 2935
9037 7375
9126 7750
1322 9034
3274 5285
6648 2315
3162 8440
5736 6327
5697 1810
1507 6836
5362 1643
6459 1776
9955 6744
9858 4679
1840 5392
2632 1434
7578 6073
8663 1544
4276 6393
7946 895
3394 1009
8392 7951
7976 6168
1691 3328
6034 8934
1103 1000
3980 6859
887 6103
5961 9986
9279 5757
8683 8745
2603 9709
9016 7497
8766 3217
5961 8312
5111 7438
6362 5780
651 3753
7682 2664
2861 7091
2110 8756
4956 9352
7649 4751
6219 3317
5443 7047
3607 3772
3356 8484
7325 669
9180 5062
199 5039
7184 9050
2770 2615
4217 7879
6467 7548
8491 5712
8820 1670
1718 1654
4608 6944
2364 4216
7564 8000
8234 9626
2702 7455
8588 3726
2664 3147
8339 5527
7662 6443
522 619
3059 3542
4849 1993
46 3684
3747 3611
9708 5558
6151 82
411 336
2722 1551
3071 7455
6345 9645
5011 9850
7834 1574
8746 5842
498 6006
1888 463
8413 1171
9748 1357
8332 9198
8184 5696
9326 2631
2098 8205
5407 1512
4102 619
2150 6174
6766 6280
4816 924
9795 5578
6462 6211
2378 2162
3256 4098
6865 2331
3684 9100
3642 8805
96 8549
5256 7192
5820 349
1661 3954
6731 3403
5829 3716
8831 947
2173 5451
6962 7025
6243 2592
210 5890
2976 2370
4133 1618
4918 6996
3873 3871
6419 6517
8315 4048
5318 5583
4449 3942
6002 804
1763 5411
707 6003
9887 4354
6222 1894
2471 269
3478 6221
7229 6350
2627 7356
7807 7775
5802 5534
1300 9869
7095 4632
6971 3889
7542 242
6233 357
4256 6775
4236 9546
6411 1373
2981 124
661 9599
7485 447
8848 505
9126 3164
6944 3249
4050 199
9410 6052
1404 2623
2086 996
3852 6333
4364 9798
690 6277
8109 5639
5327 125
4625 1639
9076 124
9592 1264
1009 375
5177 8987
2147 8435
4981 2895
5774 9738
6068 4907
5731 8702
2038 6669
5779 7198
7720 1638
1493 6950
7600 470
2084 8656
7976 9128
4217 9418
9711 4964
4332 2231
3043 9884
9170 6262
6806 6933
3063 5034
1559 701
1388 6353
4322 4638
2409 3915
8087 3640
8680 478
1767 1003
8399 226
4024 8251
6481 6197
5233 1244
7543 4474
204 3687
2122 3141
5569 6634
1789 8733
8100 9253
8034 9498
2402 704
8100 4385
5147 1805
484 7446
5934 3074
5049 1095
6502 9361
3920 1069
1199 9767
3951 3679
953 4613
5500 7656
9922 7807
1000 1164
6363 5712
4490 2925
7263 8730
1579 1095
1994 7130
904 9146
3136 4361
4434 1417
7080 4413
1903 7425
7214 7749
88 7709
7374 1348
4559 1856
9741 3609
5017 5366
1670 7435
3455 9168
7239 4836
8439 2483
3881 3624
1770 6066
9013 5012
4407 3965
3692 3752
6058 5841
8901 9044
2590 6578
4404 1520
1282 9222
8463 4467
3709 4419
4589 9140
1997 4088
2437 1494
8314 2017
7767 483
6447 4679
3074 6356
6467 9585
5950 3636
7731 8569
724 2613
2728 6746
9605 1387
7459 2962
3337 8516
4643 2393
6902 8746
6358 745
9695 1234
7663 7442
2560 2282
2231 9117
2031 6927
210 236
5660 6346
8454 8938
6246 9805
1366 4120
2298 2863
5041 4204
8668 8304
2678 9075
2566 1212
4567 8805
6968 7707
7667 5184
973 6444
3284 5484
6376 2000
2680 7538
5237 5215
2180 943
5635 3486
1529 2703
3577 7030
3039 1356
7098 5020
1188 5908
8312 4293
1402 4838
5851 1683
9346 3542
8990 9056
1093 9429
998 1549
6829 7772
7236 8853
164 9973
556 756
9944 9419
3699 8009
5430 4665
1611 165
4125 426
8433 7869
7650 117
7425 2923
1692 3406
7991 2851
3826 495
4723 1696
5238 2928
5970 6898
341 138
9387 4440
5431 5753
4644 8
473 3263
6543 3619
1337 1570
4778 8384
545 286
2776 3105
1099 4922
9886 4500
183 1727
8918 6621
663 2643
6575 2665
9380 2008
5322 8876
7892 1501
8371 8650
6867 551
8201 3319
3274 2604
1306 6724
5763 1946
821 8504
9954 2274
4395 4916
6525 1973
5201 8168
4598 2893
1046 1609
2547 1342
9572 5305
8701 2164
9697 6355
1304 1671
8902 3676
4744 7856
6358 3844
5793 9548
1991 9127
9991 666
5742 9205
2938 1102
5207 2423
9028 6472
5101 2156
3205 5795
9309 4287
5870 8889
595 6595
708 5423
9015 5836
7507 4838
2943 890
1711 1212
6899 9056
6303 3533
4058 7763
4539 2964
3183 9766
9255 5637
5944 9684
1042 3457
1937 6977
6332 1425
8991 2514
4148 8544
9295 4312
6714 8010
9148 5644
5555 5223
8709 2619
1116 3304
5744 9760
5312 6363
9859 9340
6886 3975
2674 6077
166 754
6328 6153
941 1220
9559 3650
8299 4845
1409 811
4020 6348
3643 5407
1840 8097
7878 1703
1263 1287
5804 9111
7915 8708
3786 1781
5671 2870
2919 2417
2426 2208
131 3494
2986 5168
2099 6157
7239 3370
1197 5556
2403 2986
9239 570
1038 6722
3869 3274
6773 8965
4344 7051
2547 4541
8007 6901
1032 6835
7319 4580
8701 3037
9367 2768
4352 6985
8017 7662
5236 4289
7495 4745
1075 5839
6433 1563
3780 1510
2757 354
3256 2444
864 2044
9180 5253
6471 5934
250 2407
4985 4358
2515 5770
9375 902
4670 8966
5786 8341
6790 6745
6912 3963
5194 5699
3726 269
1561 2434
1550 8410
9511 5976
5359 3739
9120 2104
608 2791
5786 3867
2259 328
5222 4216
6032 4872
5679 1933
103 5759
4143 9703
3877 3399
4110 9172
6614 3079
438 6999
7013 7586
8618 7691
8518 8118
7279 6165
7765 7309
6688 2661
5191 2153
9951 9081
8715 415
5518 7688
8904 4812
7107 1163
7135 8606
5671 7913
6117 1611
9897 942
5048 4130
3382 4613
3119 4563
1400 4307
9049 7085
4720 4812
8011 7766
6599 1941
7704 6166
3527 7172
9869 8495
922 9581
9579 3091
3404 4304
2324 5048
3742 8469
8936 8032
4788 5518
6737 1405
2532 4839
9584 2064
2722 7077
9050 5319
3984 414
9608 5273
2275 3999
5178 6247
3081 469
5432 5463
8797 5209
294 9498
5269 9949
8319 9532
9483 5239
4610 6359
2888 3973
4514 8356
1731 4908
4544 5919
3869 4594
4849 968
8210 9091
3266 3425
1223 8230
6198 2056
5397 752
1215 6914
2305 7452
5805 3598
4856 5086
5551 2013
365 5952
422 3129
506 862
7408 3653
4445 4757
9530 5195
2209 4520
1570 9563
831 1452
149 5697
7016 8263
3414 2688
1859 5670
2501 3232
4121 7289
8417 7058
2340 1702
671 7030
5807 3538
9091 1330
271 9503
7475 7617
1020 7028
1252 3203
382 8436
5850 6833
7978 9330
6458 8904
8084 1049
4673 2412
1774 1469
3763 4913
30 9428
8817 1291
3284 2075
4625 6165
7384 7431
6465 2071
7061 3254
2018 2293
3955 4954
4095 6247
4531 5881
2675 6655
348 7970
9517 826
9673 5815
9723 2244
1204 2407
2314 7465
7941 260
3870 5919
9503 6746
6492 4840
5477 2592
9678 7964
7471 620
8241 9422
1078 8629
389 1550
6369 5078
2310 2542
8015 865
1742 8961
2625 2878
1970 4154
2043 9012
7154 7815
7805 7950
2536 4425
7519 5612
3575 6588
5071 3769
4686 6319
4882 2403
5148 6146
8992 9177
8417 6509
6369 8136
4982 5955
5945 2624
7632 5824
6460 1797
769 6088
5159 1466
9420 3744
9796 8332
8934 3742
2862 1576
9503 4591
6606 7901
6706 9640
126 921
9054 9017
2716 4437
7470 3684
6983 6080
6587 6456
5059 4137
3197 5992
8018 1210
8597 4526
1830 7978
4977 7222
7311 6698
5013 1641
1942 6951
3133 1326
5462 2349
9537 3331
764 9557
5118 7307
7265 7930
5880 2311
8752 6047
8802 8927
5270 654
540 558
6816 8358
1753 6299
1297 9313
3992 4999
2835 8991
9634 4052
8607 3814
6097 149
8441 9631
4574 6362
4341 2172
4136 3822
1383 5866
5979 1825
2853 234
2135 3538
3117 8668
1941 2452
6409 9530
143 5963
9616 5691
5245 3167
1431 1484
3681 4594
1476 7663
1655 8969
6561 940
2810 5356
4372 307
1485 4315
3355 5186
8126 869
4462 4025
3035 423
1684 3507
6011 2204
8663 2337
4412 1509
4487 7060
8213 8534
5175 8771
3824 5927
3514 9269
2852 7101
5328 9391
6207 2310
8998 5279
9525 841
2767 1811
7554 4317
451 9563
2011 6879
2283 5864
9797 5191
558 3249
7772 6489
1232 4257
1361 1703
2761 4104
5833 9847
5698 1269
9659 8438
6451 3695
8188 7639
7448 4428
4410 7480
9966 4079
4601 1189
7376 9521
714 198
4700 9553
2497 582
5498 3478
8381 6795
4720 9019
4416 7526
5074 3671
203 9670
4376 3868
8642 393
5568 2915
9014 3268
8767 5966
7383 5717
4627 41
8870 5770
2673 2303
4808 2719
7011 7707
1952 5024
9118 2980
8076 5245
6349 8537
4647 4689
5116 2874
229 773
8131 7205
4789 6927
6710 277
1242 6677
2369 7795
6082 8589
2001 8043
2258 4080
8789 4008
5609 6475
9760 9167
2120 4428
7431 7844
573 7446
6840 7391
3982 7028
8170 1355
9828 8629
6756 7138
2824 7100
8623 7123
7388 6984
1688 182
2941 7139
2769 5654
3108 5426
3994 5198
9107 5695
8998 8481
4393 3226
7227 2079
9624 1954
2351 5849
3844 8528
5126 1099
4348 4807
554 6685
8223 2051
6176 6600
7450 2431
1333 907
102 917
4978 718
4200 3685
2732 342
1746 7021
1025 7431
4534 8578
4816 6586
9666 9102
2066 9993
4241 2505
4017 864
3621 5868
1119 3889
8572 4834
5229 1873
4694 9993
7830 5451
4702 7990
728 8303
2221 6528
8702 4593
3135 2709
3140 1992
8405 1153
9050 6345
8757 9621
7520 8121
5249 9709
7933 1348
9838 2045
4451 2410
1925 7154
8857 4159
9042 8526
4694 7586
1672 172
3904 6562
2295 4783
4547 3707
3533 1377
2575 8905
1507 9834
3673 9155
1441 6671
8439 5336
6628 8923
7644 1486
3525 7340
5569 4092
6826 7518
8975 994
9023 4432
9025 7117
4888 1977
7194 1147
8411 4114
2903 3086
5482 5760
976 2184
7106 4844
7846 645
3729 6324
4860 7265
9795 5625
1165 8426
1934 2611
6891 4778
2275 4768
7141 7774
2364 4824
4241 8127
7617 9969
2479 9788
4231 7931
6209 2450
466 8669
3113 364
9534 8228
7495 5988
7031 1127
4741 9516
5555 9132
1840 1100
6918 1230
2647 7564
1634 9437
6983 9899
3579 5081
9427 6779
8079 6435
5080 6909
7143 1205
4015 141
9314 1472
4532 325
1389 8689
5804 1963
8971 1071
8954 1469
5608 567
3747 4679
4546 135
4880 9770
3496 7262
4146 3481
4544 5694
5096 1203
5852 2215
8732 7121
8308 5828
1876 1489
9108 7788
2555 1212
8899 1409
3126 122
4874 9891
1585 2995
3805 4541
638 87
1215 6599
5299 6701
8703 7624
4232 9438
3630 588
1088 6460
9855 4534
4240 1430
8399 6548
2110 4432
2054 3736
4797 2812
3489 901
4995 4685
8934 2360
4344 1285
7324 5342
5558 1307
4086 6197
1723 9517
6479 1053
3011 1579
9315 9800
8447 1802
5397 1682
7427 2506
5014 3348
8161 312
534 6473
6908 8646
4968 2388
7924 7583
9832 5929
3151 5637
5675 3188
4486 7023
5969 4545
3343 8377
1641 44
3978 9522
3230 1683
5457 8547
7667 5318
7834 6754
9318 5872
5622 1723
277 6502
6891 6194
8400 2084
9737 6770
6013 5191
9258 5621
9412 3106
2715 7941
2132 132
5379 8979
3949 9117
8995 4002
662 2120
5657 262
1927 9332
2201 4655
1229 1232
129 7474
2110 6039
7418 735
3273 7622
4725 4940
3303 7255
5402 5841
2904 2602
1356 4237
3749 2963
2598 5339
9726 6682
1736 838
1590 3089
9667 9549
6021 5111
7486 3238
2883 9999
5822 4140
9484 1557
6710 4927
9972 2362
9746 3693
9927 6149
1200 524
169 6300
9662 6854
6550 3113
9134 3167
3767 516
7529 134
1521 5083
5426 731
862 176
8398 9845
8342 4633
7320 9931
4635 9348
8878 7542
3575 2035
7544 4624
8624 7707
1593 5160
8944 326
6791 820
3434 4700
8147 8675
9927 6865
3299 5249
2862 4411
2630 3938
786 6649
6713 1038
7614 4725
4399 7133
7650 5362
4257 8661
1809 3012
6798 6480
1387 9651
3972 2395
1768 9020
7494 1389
3021 1027
6625 7533
3062 1742
9348 3416
3391 8702
4450 1784
9827 3033
3171 1568
8175 1072
6305 5841
4313 157
6850 6120
2443 4850
2308 3
6971 8271
3124 1097
2318 411
1776 7421
7233 6584
2582 6202
6067 1281
1292 2780
8171 2136
8352 3994
1665 2101
1073 9265
8308 3641
9643 1107
2161 7763
4972 5950
9311 7558
748 2933
5462 5705
6223 4237
3351 312
5055 5819
9926 8419
6607 2092
4694 318
8222 13
2252 373
8687 7851
5704 1941
4778 4768
2235 2220
3599 5413
343 736
7615 8556
9925 508
2117 6029
1993 1784
2730 6942
7876 8705
1220 916
8607 3557
7081 2231
2061 1368
5350 3133
8865 395
2312 3542
2087 5313
7559 4893
3222 3948
2191 672
9217 1090
9876 8655
5170 8886
5642 957
7378 9001
9087 6391
4448 6112
6749 754
6877 5940
2580 6007
2282 663
3526 9802
4637 1450
569 7029
9225 9890
3767 4113
8474 2167
2963 2022
8419 3879
8019 8569
663 4945
2445 6997
2736 8507
147 7431
7848 3250
5117 894
7179 9258
4936 5611
107 1524
7705 9031
5930 2278
3548 1050
1359 9313
3843 2780
9162 891
2647 1558
6648 7607
5775 3159
3431 7348
1344 4169
5177 9190
6251 5076
5236 8011
5623 6522
4808 488
4280 180
7195 9758
3973 9452
440 3592
3688 1522
7196 3398
152 5419
8621 7179
3042 501
253 514
6591 9562
5347 7384
9421 414
4790 5314
6066 6259
3806 6597
3924 1263
353 8205
4566 8753
4732 6508
5559 2991
8544 3013
7703 9855
5081 5349
7431 7810
1597 5309
4838 6209
7600 6459
3644 7147
1340 7642
3089 5425
3015 2348
2728 2325
1452 9587
121 4743
1100 4372
5703 2826
3371 1595
2871 9005
2485 153
3055 4202
24 8983
7054 1327
4166 5572
8695 5805
1199 2542
3806 6359
3004 9327
1108 212
4585 2640
3785 3670
7929 4899
1774 2534
4071 7387
4464 8530
5609 9267
6927 3006
6480 9874
4283 1158
4939 5125
9054 3162
8281 3613
7497 6752
8247 6023
6880 4528
6156 2492
1698 2971
3063 3035
1362 2338
2181 4812
1826 7622
2045 8973
5138 5758
1444 9565
1790 7127
5488 821
9978 1226
9516 1400
1272 4407
9207 8945
2173 7110
2455 9373
2898 6828
4044 875
1550 5989
4622 3359
5481 7759
8293 99
9611 6934
8531 8633
6160 35
3540 7214
2644 9619
3538 7025
4192 6597
4747 4801
5328 3012
8063 1014
6646 8581
7121 2917
491 5686
5524 5786
5303 3798
123 4395
4640 9670
68 6945
2950 4150
6364 1202
1095 8628
8105 1000
4801 5728
7250 216
4855 2345
8543 8706
1516 4874
3378 1995
4005 8878
9137 5570
5507 5448
5441 6524
6732 9940
4836 2808
5337 4037
6617 8207
2157 5420
1882 4199
6247 2370
6622 9387
6153 8558
766 5583
4286 6378
3774 6918
3104 3379
3782 7545
7630 8623
3747 9575
6980 7698
5390 7873
7376 5365
9664 9291
7119 1006
5696 4215
5506 7477
4589 3903
298 3684
8031 2594
4514 3437
390 3028
2144 4839
3702 2246
6372 48
8612 456
1843 118
3648 5490
6428 2886
4311 8463
2723 2042
7210 4019
1077 1722
177 6849
7096 2109
5149 4322
9657 4688
3472 3974
8097 9575
7756 7971
4150 7917
2774 2088
6703 6294
2430 9672
8692 4719
7335 1463
7025 2152
6582 7285
1162 9063
6689 1037
7871 9734
4274 7617
1564 2311
1499 110
2683 2733
6845 7351
5750 7919
9863 8711
7206 4623
8268 4639
5856 8239
2463 5471
7513 6429
5930 5747
4507 8146
508 972
6850 4632
7141 2100
6613 1721
9735 6873
6634 5304
9862 8635
7651 2761
6212 7087
9514 6146
1994 907
2235 205
867 3247
6331 1340
8508 5277
8472 1918
5131 6789
5550 5013
4018 3050
7753 7754
734 734
7332 9309
9747 856
7326 4730
5251 4728
9755 9236
6187 9749
4998 9586
8432 4166
5046 6407
7828 9805
4125 7248
5932 2611
1298 3009
6220 5421
9456 3924
8077 196
2409 9984
8810 3720
6009 2367
101 4913
292 6593
1619 4648
4498 2118
9463 2039
8124 3054
6331 8142
9498 8682
8614 1849
5777 1578
4004 4396
3744 8123
9700 6345
9084 9989
5816 159
7067 4548
3890 4690
6317 2185
1915 7708
3942 1438
3177 3447
9501 7807
9162 8871
8961 2093
2068 8329
4145 2250
8595 655
2780 1809
1627 345
3417 224
4667 3436
1778 2581
4091 7774
4363 4938
6276 1705
7100 202
5876 1501
956 5238
4942 9579
7287 1551
7512 6427
974 3581
1485 9799
2312 8672
5212 1162
3311 447
9232 8402
7550 6054
6172 7476
2276 497
3384 7273
2780 6037
1059 6588
2667 1265
4781 4771
7497 9426
877 5060
7466 1165
3476 5070
6077 8562
7017 3654
2731 4523
6712 5085
6229 9039
725 9372
2846 7149
6669 785
7096 8205
427 9731
8726 4900
4442 8278
6996 9459
1224 8962
4244 6277
722 2581
3732 8872
3505 5007
194 7996
7099 2574
7509 9247
2199 9275
1724 5387
4737 7114
8131 9399
5150 4126
775 6263
8734 3742
8302 2330
2675 3949
1785 5609
232 5138
6346 3227
2955 4630
3617 6569
9890 8456
2098 2375
7452 6098
1686 1928
3538 2285
8116 6703
5369 9146
5296 6933
3644 7306
3456 9297
3388 2488
8375 6137
601 9269
4399 7062
3751 5977
5732 8112
1626 9067
533 3101
6679 1590
1312 996
1799 7358
9266 4390
5196 8343
6303 1091
9397 8735
7922 5527
9189 9034
591 1181
1415 8548
5298 7523
6365 5993
3236 8838
2214 5243
3998 6182
1404 2829
8223 5453
3986 3162
5038 4624
9731 5657
9016 7379
5103 8891
6348 7248
8379 7639
8965 7840
6563 9558
6498 8310
3457 4811
9859 3152
8763 6148
5758 1159
9025 6802
9229 2751
8356 6522
4890 1637
171 4607
9876 5429
8565 1119
6897 156
9824 8961
7277 5187
3429 2940
2360 5485
138 2323
9939 8293
6280 419
103 9946
3891 4016
5378 6528
5811 3205
2902 5332
4064 1408
2008 6529
2253 3976
3515 6858
9156 9067
8866 1747
5698 5724
4397 6951
5658 4515
1137 6076
1141 1902
9775 2892
6228 3248
9088 9636
7488 3799
150 9680
7808 2197
1927 9283
3232 531
3162 3554
3584 2047
2516 6415
4918 989
6465 6346
1651 4499
4899 6744
6524 3624
8375 5907
2140 5211
9021 6539
6393 9233
2295 2432
8101 2502
9186 6963
1963 1435
1727 3299
3311 4913
7483 5569
9061 2020
793 6464
4248 4302
4393 8125
3710 3462
3917 9059
7485 7281
4091 5217
1425 8525
2324 9222
6842 8868
747 9932
7543 8059
7550 5102
7865 9196
6032 7736
9482 7046
9603 4140
7365 4193
9475 7485
7766 4081
5172 188
7844 9980
3281 3575
1067 8699
2065 4962
2367 5948
4483 9759
6386 2262
4871 3789
1166 8205
2700 7899
1333 127
5700 5282
5379 1295
9983 319
592 7105
9114 5556
2636 6537
2902 561
7498 5616
8055 4348
459 8929
8386 2461
1567 6683
3324 994
9553 9819
5915 8416
7601 3698
57 220
6660 4547
537 5504
3841 6033
5986 2692
5089 7655
8808 837
5401 8264
1799 4590
34 4668
9924 4319
6326 7829
8696 7763
2118 3813
5258 4527
2601 9087
2719 9378
7188 7913
7964 8371
9342 1427
5438 9573
8337 9873
1705 6668
3144 6361
5236 5157
1235 8721
296 8786
8043 6226
2053 2351
8056 4054
1246 228
2838 5323
7148 6000
1474 4877
4982 1123
1092 4514
3265 4575
7752 5124
1724 2920
3149 8747
7727 4678
5259 2684
311 7024
5339 9364
2084 4361
4490 3402
2998 323
4500 9847
4907 3978
2233 4416
2858 7289
6814 1121
5404 4491
9555 9032
5823 6209
4887 4502
5153 3922
9880 9918
8482 7748
9309 925
3568 1348
5314 4105
4029 7232
464 2811
2128 9335
7447 6577
705 7975
3855 9708
3138 6778
6540 1965
5360 407
2780 1823
4962 3366
4083 2061
7855 414
4395 1537
3026 4903
2557 9602
169 7870
264 2996
5751 5199
573 8591
1820 9318
7981 9214
8021 8095
1700 7401
4510 7434
5122 1157
2061 9289
4315 7346
3545 223
8992 9167
2975 965
2462 2245
9132 9658
9428 2977
4296 5268
1157 2828
3153 9986
9059 2042
9531 8282
7001 7437
281 3284
5796 6647
5922 4966
360 8692
7100 3733
1377 9198
9503 1408
6717 1154
8897 5450
835 2024
8885 2690
6776 7270
3350 1715
415 2518
1872 1037
9552 7513
2096 6549
6824 6907
60 2823
4353 6449
4520 1604
796 9408
3276 3864
5470 2765
8153 7400
7278 4730
4149 5451
4363 9800
3978 7371
1586 6367
6255 9467
4941 2818
7174 1074
5491 3786
4819 5442
1884 9052
5129 8328
5274 6807
7335 1276
14 5119
2248 9490
6577 8334
6408 9940
1574 9724
8381 9021
7201 9566
1453 9635
6062 4414
2855 9631
1181 5226
1835 3928
8688 2651
9934 6431
1259 4001
6686 3924
5918 3725
3733 562
4883 6794
2722 2400
4792 9642
2899 8095
6158 3446
9430 5815
15 2024
928 41
7091 4303
252 3967
7526 5537
3320 7270
6406 6702
8602 4291
1944 7916
9314 967
79 242
9290 3539
3799 2194
8713 5762
1253 7497
5631 7315
2014 5950
4550 2168
7307 7945
7180 5945
6695 6618
9216 3810
5766 6714
603 1166
4413 3664
3008 5465
2489 3404
6327 5992
2721 7850
2334 9792
269 3139
1408 3325
2880 95
264 263
680 5536
2743 4812
1368 1511
484 8598
1824 7019
5875 2518
2906 7446
2088 2246
3524 2571
2796 9356
5922 2054
7618 1554
9328 6678
9018 2766
2543 6587
3508 8876
1045 1043
6723 4312
8562 7856
3245 1165
2537 4294
3197 7484
3293 1607
5661 5070
1219 3528
7588 8307
9884 485
159 1803
8579 8471
9857 2540
3717 7942
3080 6061
5275 9564
7141 4199
5221 4198
5953 3201
4629 4410
249 4381
7606 3620
2170 97
9487 5929
5760 2300
1820 291
778 2030
5654 8542
1048 1628
9595 9820
4060 5804
7032 5074
4730 5264
5775 7208
5719 307
891 2542
1403 8328
5578 8749
3482 7827
5975 4032
6300 4989
5305 3921
124 6914
1483 2054
8993 1815
8700 99
6419 6363
1568 9240
832 817
2728 5909
2120 6014
1617 4977
1422 4176
6349 4007
671 9434
5218 4758
5494 7953
40 1882
530 6949
377 4061
6744 2919
7595 1566
5117 5583
7825 4960
3710 9971
7914 3854
5555 7784
464 8902
1092 5290
3542 8070
9854 5174
5040 6329
9150 8134
2333 8639
1668 6198
4366 2984
9470 799
5210 6446
4374 3339
1743 5890
9957 7902
964 4435
257 1789
3346 3558
9551 6929
4508 9441
8533 5959
4788 9110
978 4708
297 5525
3913 4228
5210 6131
1897 9954
1581 1006
3791 5590
5033 2875
6416 8988
9567 511
1519 6148
2312 9190
7833 7303
537 3977
3955 3481
1895 6277
9808 173
2874 18
6440 2446
7549 1594
1155 9271
4202 5547
2523 4054
5233 9171
9332 7468
9554 7370
174 7958
9462 7273
1281 9194
2455 2731
383 6949
2447 8728
8431 9396
6883 3375
9177 8346
2388 2069
7016 9058
7206 3633
9553 5280
3868 107
4705 8386
7282 7118
8212 3732
4194 5489
2353 2556
7056 3490
6769 4327
2007 4918
5799 5774
6033 2311
2592 5675
3596 3734
6152 7668
4015 8537
2654 8491
4656 6858
4804 8052
9753 9168
9786 6506
4365 3341
907 9302
541 3044
8976 3928
586 6714
8736 2535
1017 6637
1883 3193
7518 1865
9677 7512
5288 7348
6959 7695
7639 1694
9399 3454
7686 6765
7373 1958
1458 9877
8325 1201
8882 187
9381 7639
6085 3399
3016 9208
4892 5128
8438 853
9180 9739
3406 5002
9565 3127
7649 935
378 5776
8737 4685
9506 2020
8997 4922
7518 3129
1799 5244
3180 8682
4797 2279
9465 506
5089 1610
656 4307
7407 4750
2085 8639
328 830
2296 9491
6346 5441
4288 1204
757 1077
5764 7924
3210 8753
346 3749
1451 419
4075 6025
4370 7789
8629 327
5209 6307
7719 9877
841 18
6399 2769
1830 5832
708 1095
2978 2038
3821 6444
3816 3462
9053 582
631 827
7430 6886
7741 2811
1871 1643
4367 1207
1819 3706
6622 1376
4523 4134
961 4410
8693 7915
4901 5283
983 4984
8709 8147
7959 5423
9630 2216
6196 6574
894 4151
2687 2941
1955 4018
7627 2020
1178 8820
4950 1295
4769 339
9103 6093
6062 1147
1546 1475
7795 94
9877 7389
9109 5128
5573 4586
1046 5656
9450 983
882 7419
477 3542
750 7720
400 7061
4996 9850
1782 7730
3396 1512
688 4957
3880 5842
2284 4960
7901 158
5719 809
7928 3171
9507 7862
2068 9925
2449 5875
5479 1328
1472 6907
5217 3055
1796 4913
7976 9790
7309 5883
3518 5743
3441 1959
7694 8493
2945 5569
3268 9139
6999 2952
7819 7912
3659 1726
4504 3847
7990 8844
7523 4596
5139 5467
1825 1581
5356 9775
8373 3397
730 4681
4708 2010
5713 4031
5327 7178
2986 7234
2589 5661
1467 7266
4291 404
1219 8131
3576 6416
1044 3847
6487 9617
9739 329
8915 9951
910 6785
1042 7144
2331 1780
6226 5018
7821 9924
9772 995
3981 6582
5620 775
498 8760
591 7222
8837 2468
6626 8518
6614 4849
592 4196
4688 9155
1988 4209
6002 6643
1932 7006
911 4009
5432 2950
4443 3716
1338 7073
1445 4372
9480 1815
7159 6022
3211 838
8982 7600
1748 6152
1641 9907
5523 8230
9381 3175
7001 336
7977 784
6585 5387
6268 198
4608 3265
5784 4217
6588 3511
4391 6598
6222 4884
4062 5458
8101 9271
3678 1115
710 9147
2444 8926
6764 828
5678 4966
4572 6223
4099 1181
9522 2335
726 4279
5042 1
9037 6137
9767 6754
2681 3253
4784 5558
7503 2442
2875 3678
1943 4299
5432 6903
5559 1335
1633 8689
5967 7349
7326 3773
1618 4717
7770 6851
3890 9890
4577 6471
4516 6125
1481 7243
6264 7280
6929 7339
8790 5290
3238 1696
8573 350
8335 2084
1378 9697
3880 8887
7836 7859
6357 8364
2515 5324
9576 3784
2139 4883
4350 6084
3380 9956
8206 4382
875 5518
7141 6703
4924 3962
4681 2961
4142 7460
2254 5714
6069 6335
5929 438
1122 4207
7798 1416
9453 8804
8859 1647
6379 5999
8023 3324
6535 401
7715 7556
7510 6107
6656 6602
7373 5778
7286 9323
4264 4930
8556 3609
3559 7604
6593 2166
2460 8692
4274 4593
6484 3791
6135 5034
6359 8442
8882 7887
4024 1670
2863 9437
7005 1147
4814 7895
2029 7724
6139 1884
4741 9691
685 9776
7669 6312
2376 2247
5129 3908
9213 4994
7583 7020
6779 8097
5920 267
3302 6408
6581 5102
8882 9583
7317 6030
7104 4719
5803 4713
9688 8962
7722 8964
3492 1351
2252 8579
3515 6535
3552 9230
8987 411
3516 5778
708 5049
1034 4302
8425 9238
5218 6630
346 1015
9243 8294
6049 2499
1175 3553
7842 4873
1888 2698
2636 8052
2139 2437
5201 3801
8425 5143
783 5874
835 8124
9462 6414
6199 8096
6648 9063
7657 8797
6660 8169
4164 9370
6025 8702
9853 1355
2760 1297
784 6513
9508 4825
1637 1574
5610 3173
1772 7698
5217 7770
4486 7890
9812 2642
7633 5447
2258 1676
4109 9978
4165 149
1681 4698
4422 7934
5870 7832
7793 5616
3574 5811
3404 7855
5106 4113
5749 4856
1754 5000
8178 4386
7387 2957
2482 9879
362 9268
9733 1376
6198 1922
9254 2902
5210 400
4692 209
3110 9538
6749 7749
5699 1188
1835 563
3826 3437
4251 8742
2499 8982
7535 6075
2195 5696
7309 1464
6191 239
4277 3450
9628 4891
4768 9253
6169 5137
3573 7277
9937 7963
8928 8937
4458 686
4021 7136
8828 7419
9291 4854
4285 3664
1515 8059
3284 1092
9998 7791
8311 8271
1993 4255
5336 970
9566 9512
2871 5153
8054 1499
3280 2530
4713 593
2866 7259
6710 4796
4418 8084
2329 8465
4617 6888
6058 619
5483 9808
5796 6492
8059 7733
9159 5448
3192 4455
3180 8726
534 8826
3343 2622
748 6823
5465 9282
8887 5084
7148 4866
1075 5978
4263 5474
8535 2573
2759 1181
1112 9478
5257 7385
6383 6984
7368 764
4160 4514
9342 6437
4633 5252
9690 9615
6561 7956
7203 1032
9719 7879
5515 2046
3045 7544
2380 2154
3449 353
4827 804
1517 2956
1127 1276
6177 7051
4040 9776
8276 5073
4824 913
91 5240
1205 1550
186 3309
3103 2790
1197 441
5724 9707
2913 9078
101 1163
2912 6624
255 1710
3905 8204
1396 8832
2980 3863
2707 5049
4067 1605
6711 9537
6673 5295
1822 5420
4103 1101
3985 3877
1175 8244
758 2477
5710 8435
2050 9649
7479 157
8232 3193
1361 1051
2538 2942
2611 1355
3912 3507
4761 8573
1993 4118
6488 9919
6993 8546
888 9791
6637 4108
8987 1761
5110 7651
404 3052
1117 2928
5494 6383
8224 7522
1505 3680
5027 1438
9763 7689
2381 7507
5018 5034
2047 1156
5946 4323
467 9110
3994 5026
6083 6951
361 8317
9730 342
4855 9860
3344 6389
3732 7835
9970 2976
2736 3951
3764 9844
7179 3092
8437 9357
6973 9151
8736 4644
1481 5108
4945 6188
7094 5845
4945 2153
9793 7912
1732 3133
6545 6817
4929 5269
3905 4189
6355 236
3095 8632
507 6723
3669 1378
2043 6437
6985 3886
5096 5152
6763 2214
503 779
6134 2154
2735 9553
6822 78
1762 7603
1832 7926
2650 4876
2522 803
9957 2161
2686 8948
9093 2058
1138 5148
6872 9164
4413 9327
9073 5978
9992 9194
4465 309
7794 8983
6542 3889
9038 3364
3137 2020
1113 9421
4516 1007
7308 553
7004 1594
4110 802
6848 1278
7095 4047
440 2793
9123 6388
9777 8126
7340 6329
4880 2652
1084 4940
7762 23
3589 4698
6995 3415
780 9202
1263 7263
3187 2899
8707 2473
183 3323
1869 1384
7310 9899
1944 3278
1655 3786
5004 1182
8545 6018
1962 1812
1477 1064
7545 8404
6795 6915
6084 1440
4508 770
3842 13
6540 3287
3325 9733
6616 7545
4971 1489
1110 574
7811 9794
8003 4717
6610 3036
5990 2236
6693 4077
9418 4677
860 8171
8230 8306
8398 6555
9436 2297
949 7855
6250 626
9253 174
8399 672
709 3489
7336 5942
3690 1981
551 6206
6220 1291
1464 3588
6794 7358
872 5707
4157 9111
9068 9291
3786 645
7730 9371
5381 2395
6626 7786
2684 1902
6698 3730
5780 8538
3833 8653
5283 3026
4534 4283
5554 8543
8927 9242
2551 4899
6819 8251
9932 803
7182 9303
2933 4839
6007 2691
6470 6991
7628 8406
8055 713
7793 6626
2901 9716
9683 9666
3807 4928
7811 5431
7039 8688
868 1575
4216 3837
8937 7297
9519 212
2118 1360
2308 560
3473 6224
2670 2122
2718 4503
1126 9860
6063 3434
5176 6292
6706 4287
1238 1980
7628 8249
7418 9580
7515 5673
616 2455
9503 4540
5447 306
5445 9167
7304 5130
2787 5048
2012 2128
2633 6020
1582 1386
51 9308
4380 9014
2722 4170
5437 7168
2445 7590
5850 297
5670 415
2216 9665
8092 8262
5220 4362
2920 499
7452 700
4335 4700
6519 2069
8611 4425
2455 9559
3633 6126
647 8180
4256 6250
2309 640
3178 549
5825 1059
6119 2455
2451 377
9008 6034
9197 5575
7333 5502
4182 3123
3118 9100
664 1836
2299 3629
8891 9988
3894 6598
925 2191
5354 5900
7895 965
7378 771
3710 426
5491 1502
2114 3981
2446 5412
2235 3288
8185 2843
3565 163
658 1386
2860 4275
5858 2220
1878 9576
9476 2601
7149 8250
4330 2673
177 3239
4756 9097
5048 7128
8713 1366
1142 2626
3061 3749
5611 2974
6790 1821
7742 9765
6949 4839
5120 8597
9383 4078
538 5145
4977 5293
2037 9091
4691 3905
1680 634
1503 5144
5764 6432
4536 4579
6065 7905
9626 4817
6321 1735
3604 6503
3473 8215
5198 891
2087 994
1764 7848
5329 9410
7445 3131
7193 8459
1254 3668
5357 1579
9205 1725
9456 2556
6023 6281
3716 9135
8406 4428
4544 5109
5235 9640
9363 9340
306 5827
1124 2436
7116 8
5341 4837
5056 851
9098 3387
798 6573
6286 683
5676 3737
6609 6466
2401 7210
9046 594
4677 7899
7836 2203
195 9437
758 2940
7423 254
5210 6629
9602 7530
1375 3897
1339 482
8172 1099
3461 5195
5820 8450
7953 8031
8366 905
4449 1293
4186 5269
3609 9900
9639 3130
5011 4134
6330 6844
370 2979
6638 8775
7395 8282
1259 4117
2857 8738
7313 7864
8285 8960
8431 2591
7853 8393
7569 3233
6631 8620
4343 9098
1825 4617
1919 7167
4458 5263
3456 1368
3846 7078
1715 6733
9928 911
6858 4941
2127 3883
12 9240
2821 6407
6824 1045
9414 2192
1069 4418
6431 8351
3200 8524
2774 2162
6477 573
2608 1297
4579 6976
7631 7210
4088 3569
2886 2811
1319 8402
5753 3550
3774 807
2115 6398
2057 5746
9998 2947
4436 6518
2629 2667
3143 2328
2827 5467
492 5675
2932 9418
4047 4909
2183 5648
5132 1349
5323 5555
8656 2560
4287 2100
262 4566
9425 1734
5481 5617
8315 3977
6526 9828
4604 6236
9035 3521
8886 7055
2207 7477
9939 9007
6205 9436
4481 8576
8038 4193
2189 2365
678 4303
3692 1166
1718 6753
6499 8401
4532 6521
2388 2843
9156 2922
1474 6600
3217 6633
618 3812
391 7305
6720 6156
9172 289
8797 220
9269 1278
8082 231
3918 2286
4636 3186
7234 3427
918 5844
9358 7879
2734 4725
6400 8134
8027 7638
2335 4725
74 5444
9150 3274
5629 8899
1452 7264
8739 6753
1009 3043
5956 8207
8554 8980
5637 7583
2227 2561
8323 973
4559 9911
3330 7591
5013 6082
5687 4585
2115 9037
1859 3212
3754 9788
8533 776
5299 9505
1690 9276
3986 5409
2092 8126
6386 7932
7234 349
6727 6241
5403 4559
6570 9415
6926 5046
786 6145
9481 8277
4109 1485
7007 9757
7141 2618
4248 9860
6254 9083
9509 5740
9393 1970
3237 8940
7793 9521
4231 3749
8470 8971
6910 645
2219 3779
9861 1336
8483 5573
4201 7858
7984 5282
7280 4577
3569 1567
8996 8538
2360 3533
7107 8555
4980 3980
5981 5844
7302 9494
4810 6915
6189 3783
4132 7612
7979 6588
1568 4414
8024 615
6612 2700
5912 7989
7798 3544
938 6348
2322 5964
4542 4170
7904 5884
3721 3176
6782 4934
3354 4741
1081 6420
922 9868
1920 7782
2332 9342
8472 7611
2113 4892
9379 7806
6858 6078
8659 395
7561 3076
6344 1728
5750 3377
4061 7671
2469 8999
321 7492
48 2786
6219 2317
4003 7870
29 2845
4567 5570
2353 5173
1771 8826
3258 7273
5311 7787
9885 7826
7756 8063
6947 3970
543 1792
433 7254
9496 1448
8261 5405
8102 3558
2592 2897
5943 9361
6248 3669
9764 1344
1847 4994
2102 3936
5012 8934
3455 3791
420 7726
8199 1399
7683 6479
1183 5352
893 5220
8435 8396
2148 205
328 2275
183 3241
6309 2201
4879 4393
9830 7434
3887 5080
6391 312
6250 6049
3679 2498
9940 8363
616 4673
4867 6728
5900 1826
557 1997
5384 8768
9112 7620
8378 7030
7891 185
439 2147
3598 6903
987 2352
3610 6961
1112 9142
5494 2878
6761 2170
5902 7860
849 2912
1494 2824
7838 8881
4453 7483
9585 6026
1827 9839
4527 888
2734 2902
3055 8867
4386 1110
9717 7160
8149 2211
5184 9508
8275 3799
2483 9292
5768 1462
5252 9239
484 7621
1106 3355
4286 3516
7831 6298
5899 3881
3746 7249
9756 8257
162 9194
512 7723
6356 7642
8500 2966
7866 2310
9702 6400
4674 7273
1046 1958
2885 3103
2676 3074
3135 4405
5712 7981
5048 6679
5516 2250
2227 199
3729 6305
3824 7403
3882 3761
2268 8964
6512 8996
749 6948
7317 8216
9147 2341
9825 3913
4325 6250
6354 5569
2932 9776
6766 269
8025 3230
7727 2836
599 6538
9693 6523
2012 9556
483 3965
6257 4977
6994 920
5239 723
9625 1910
9369 7569
1260 3509
6070 5299
6623 9042
6012 9498
2627 3637
7477 1457
1513 5499
8978 7059
91 1052
3531 2536
3205 4988
8021 1019
9037 8150
7664 1491
6886 1882
5535 8527
718 3403
8281 9293
5174 4344
5682 6282
3374 4777
5993 3144
8126 8225
9978 39
4270 3279
9715 3619
2966 6523
2058 1295
5163 2973
3912 7762
5964 5596
5532 9614
6650 9547
2907 8915
510 7666
4797 6044
6066 5627
1460 8473
9253 2719
5326 6925
6586 7072
7792 4212
5902 1702
5861 5549
3322 1313
6865 565
7161 507
171 6199
9499 8453
3359 4891
8944 6927
3586 1576
8633 6890
6359 1302
3327 1811
8241 4638
3719 9311
6559 9235
616 4370
4963 7222
9559 4851
3589 2158
4645 1960
5733 4068
1093 914
3358 1343
1762 8079
6597 3944
8761 7410
1153 9789
9579 5066
9818 9978
7203 5322
5928 2679
1855 6437
7855 1855
1112 4056
8069 48
5871 9979
8805 8903
2022 6574
4670 3941
9899 7043
8637 6118
1864 4683
9307 1167
7902 8211
6502 4475
8578 9722
6802 5246
1342 8183
9745 2225
4890 7887
8593 9773
8774 792
3796 1873
5069 4555
2648 7788
3079 4081
1921 7731
5383 3877
5936 9578
1962 2277
1018 3417
4147 6739
7927 5952
8165 8965
8456 9777
5842 9980
6887 3991
8895 7537
7106 2304
9075 228
5531 3020
3815 3535
6184 2591
5534 3582
5611 997
4910 4591
1269 7271
3185 277
2540 7040
7611 510
1406 5923
4102 9
8354 3888
312 9502
1538 2990
4236 4699
5432 3525
503 3415
8377 807
1420 9967
1439 6680
5513 5025
5732 3075
8134 8998
2852 5510
3381 5997
1286 8159
508 9431
2350 2168
1495 1778
2185 9517
1230 7501
4580 6124
7068 1991
939 2947
7620 8769
8383 8337
8255 4144
2802 4841
776 2175
7709 2744
1871 4310
4272 7028
5855 1155
7634 4175
6349 7385
7076 3798
5743 8507
1557 6611
3667 8981
5155 2292
5885 3136
7998 9267
2956 24
6193 5540
5591 9743
6713 1910
2880 5028
252 9389
2968 1701
5210 1015
3514 741
6561 1676
6875 2031
3859 317
3196 6647
1943 8433
4689 6771
9750 4045
4652 1196
8266 474
5045 7057
4832 1695
9874 6063
7420 394
3487 8001
2346 5198
3352 7612
6667 1001
7209 3843
6578 3438
3128 6881
3497 5632
3863 8014
303 6368
9174 1116
3054 4504
9412 6784
9301 7109
3149 2539
9530 2584
8730 4261
9296 6631
5018 815
1725 1932
9652 7172
5113 8622
1540 356
6129 3093
890 1990
2776 6748
8617 4460
7646 1614
41 384
4771 3199
7787 4055
4644 8
5599 9335
4684 5820
230 6359
8062 2836
2807 2247
4539 2439
7427 9732
7816 633
6769 5802
4887 3076
4889 4278
9212 3703
8658 8085
2052 7409
324 4024
985 2120
2429 8165
6450 3373
8448 7
120 2641
339 1621
4399 1935
3801 4414
1466 910
9494 1318
2524 2503
7873 5056
6393 8681
8053 4263
5329 9222
7231 8889
3554 127
1583 6337
1208 5957
5969 5975
8348 1794
9836 7592
9667 5842
6579 8639
3713 5536
8671 7965
9807 2733
4729 1844
185 594
2107 6153
9393 4039
7509 256
454 7859
7382 7249
3306 6783
6715 3408
4755 1208
6902 8141
535 9204
4674 7815
6136 3758
9203 8137
6884 9825
8657 7868
9315 2029
5245 9433
413 7839
4970 3539
9871 9402
5113 2678
5781 5596
5186 2725
6298 5346
3189 3427
8499 1163
219 1970
4025 864
6731 1849
7162 5518
2065 1452
5212 2477
4573 472
6839 7421
9198 8985
9154 457
3122 5283
3943 6815
9453 477
4958 2153
4952 1224
4333 6048
7359 441
6541 3850
6981 9210
7152 29
2957 2785
6552 9378
7992 4828
2342 4470
9996 100
7268 5434
787 1433
6906 8143
1077 5351
5317 2561
9291 5637
6248 3714
6830 2365
6329 1652
9440 6068
2078 4798
6965 3977
8297 942
814 573
9204 4975
7483 7497
2468 1044
4926 4632
3860 4732
7824 7167
8124 8829
554 8037
4143 945
8182 4606
4746 3628
8686 9783
1193 5313
680 8980
2922 3245
3391 2393
8075 2222
7211 7267
593 6744
6709 5606
8554 8733
5889 858
7215 8116
4946 1286
2450 3480
5289 731
7484 4318
6041 1307
1592 2009
941 5767
9813 9395
9860 9398
7094 2706
9217 848
8698 20
1731 7436
4377 3744
2328 8568
8060 6626
8814 8010
3266 1941
691 3797
3479 4101
9376 1370
5604 5987
2828 8536
9098 9422
7977 9790
5712 1100
2334 7545
1914 7179
7091 6990
6923 6208
8309 8576
2372 665
2556 5998
5184 1813
3318 9856
4820 9290
8349 5655
2198 3430
9455 5542
4615 7433
4274 4837
2767 3027
9006 2212
9093 2001
2067 5079
8997 1680
3669 4573
7965 6197
9718 4246
3484 3209
9915 6010
4801 7478
7017 6204
6623 6076
5437 7729
3946 3026
1047 4181
7563 9730
3665 713
4755 6540
51 5503
9259 2281
7090 2466
6131 2526
5723 4593
8840 138
5806 5513
104 1509
2513 1854
3248 8879
1422 5284
6024 4181
6662 1316
5071 1238
2797 3659
2934 7874
3785 7101
1517 7786
737 1457
9693 2059
1938 9579
6169 916
6641 6557
7014 9495
9649 5164
1507 8842
6693 7773
9483 3503
6582 6759
2739 6744
1495 5220
688 1319
7995 8836
4630 111
7848 2282
1746 8300
8890 1921
766 9595
2767 1447
6102 6189
5964 4800
8651 214
2621 4802
4946 9785
4562 599
7345 3546
9129 1244
6425 8043
7871 4479
2967 4748
9519 8413
4017 9332
2860 8548
5276 8136
5325 7186
8950 3889
5525 1481
4544 8059
5911 1321
6310 2165
5323 3038
9715 5800
7459 3390
1912 1994
6250 852
8201 743
2017 2380
6875 6612
920 6472
2954 5966
6695 5908
5731 4764
5555 7778
1706 3216
4803 5138
3852 4550
4312 9504
5616 4932
5890 1531
1648 5765
8436 2860
4706 6637
3277 6740
4889 8208
7673 3237
5417 165
9935 4783
1668 1603
617 5201
5335 4255
2422 4237
5966 9007
9336 2633
143 54
9146 5002
9502 2357
3729 8698
7816 5950
6045 1119
1980 5353
9031 6069
1823 1322
3964 2159
9125 9991
4451 6867
1943 5882
228 7791
5731 7161
9332 5249
6892 9291
9508 8460
9117 3758
2623 2406
410 1922
3355 1991
9737 5772
3858 9023
9720 1587
5767 8553
4129 2916
5403 5785
307 9493
7662 1061
5595 2863
3606 6611
9394 9069
3711 2970
6152 1247
833 2757
121 4772
1025 6977
5802 8389
2556 118
1233 9814
723 5788
1112 5804
3134 434
1459 3074
8248 9036
9266 5333
4599 8169
5888 7485
3521 9791
8754 255
5744 4027
8175 4008
8669 289
4690 7031
289 8131
7424 4746
9979 7532
7868 7084
4057 120
4979 2017
8774 1775
3363 7148
7713 3296
817 6458
3682 4064
6587 4673
8872 3511
9230 5326
3043 2238
8051 5113
8666 4372
1335 2989
6458 1198
6012 9234
2498 5258
2339 1652
66 4992
8416 3197
6212 1667
2432 9625
6455 7727
4389 5378
4290 9532
8801 5821
2604 173
1286 4455
4742 6992
6261 848
6707 3653
9791 8607
5376 410
2529 4322
4321 2065
5937 9986
1212 6760
5505 3308
3623 6858
64 6762
5883 3386
6369 2648
481 937
8737 5942
7082 7002
6016 9326
6631 7913
7202 5316
2792 8286
6275 8298
3912 7525
9672 517
842 9021
1942 4009
6084 1182
4884 2779
4770 4782
5437 2470
3274 1361
340 855
4912 7962
9119 1629
4102 6732
5906 1030
6942 2251
3185 7466
1832 5218
4978 7637
3336 2706
2891 6900
896 5403
410 1590
4372 3027
3089 4484
4438 2157
4560 3073
520 974
4279 2224
5516 3733
8070 1681
4840 9652
1896 8630
1229 5714
1074 5347
3120 1087
3151 1207
1606 8467
5016 4708
5738 1662
2282 6846
8363 8120
7364 5520
3251 9394
5631 5072
6263 7066
9047 5355
8100 9997
8502 710
8829 9371
3969 8509
5273 6865
5036 5843
9887 9648
1172 4842
3502 862
9471 8213
4628 6284
7217 7550
5118 5361
9405 5278
1680 3413
1774 8418
9392 6819
4396 5186
4610 3071
8765 6768
7922 1145
7683 656
8424 6007
3478 6081
8672 9701
1805 9849
574 6850
1967 5669
3017 7993
2591 271
1812 5684
1684 940
1101 2107
7611 7336
7533 7000
2319 9562
837 1410
8753 4284
5112 3000
2859 551
7157 9487
4834 4963
160 6481
6375 2041
9962 7945
671 872
1229 4120
3386 3573
9429 7551
2135 5603
470 8478
2539 3813
5168 735
7257 2299
8072 4933
6694 3097
862 5295
4947 6207
9 6476
274 1171
9661 7602
534 8433
9568 1659
6923 6292
4262 8008
6118 6478
9159 9711
5413 6161
2700 9179
4388 4379
2296 8647
1589 4380
327 6093
2211 7074
7523 3998
886 5060
3508 1768
9668 6176
9294 4088
7826 3752
6868 7418
1128 1439
8678 6755
467 3345
7529 473
91 7977
8973 271
5186 5186
1547 7987
6674 326
8574 7010
3391 1890
241 3482
7764 4625
8213 4070
3162 5220
5052 565
5563 2713
6481 329
1692 9884
58 7110
8325 2146
7889 964
1900 5939
4671 6726
5784 9605
5405 5619
7756 560
8171 9515
6666 8723
1679 2866
28 8687
3658 4515
6295 8971
4459 3480
5832 613
4103 936
6632 6629
1140 5339
1886 8948
8426 5546
1679 5356
4719 3056
7741 7715
8557 7238
5692 8230
1491 976
1125 3937
6661 3113
3220 4894
4550 3141
5702 7013
6598 1743
392 4091
616 6766
4484 6976
6202 3952
5566 4789
2021 4989
1759 1828
1139 441
9984 5728
8946 2927
5742 8027
6541 5280
3621 4505
4672 7350
3480 4553
3683 3162
675 5550
4974 379
8277 5224
3359 3466
6814 818
172 2654
8887 191
7239 2803
2713 1804
9215 6124
2937 5504
2166 8378
7607 5846
8508 4573
9122 6998
1977 9196
2324 532
4494 2854
8616 1970
9876 6576
8536 9209
4574 4084
2629 5193
6344 8839
2698 7660
832 6647
9323 6935
6331 8355
5510 3880
5569 9793
1265 1251
5234 6536
7641 2757
5843 6081
6677 6869
9785 4738
1914 6732
2908 581
1201 8638
7595 5997
5057 7412
3172 9145
903 7993
3787 8622
1155 7035
2663 3954
6337 355
1949 9404
3367 8837
9333 37
2140 5877
3450 2880
5388 3939
728 7449
3071 4739
3939 7216
1639 9881
5405 6484
1382 7254
8266 2816
8779 1535
5654 9565
1850 6661
8455 7436
9500 9441
884 8920
303 5410
817 6765
6974 2286
1282 2211
4930 3671
6407 8948
917 6627
4490 6168
3376 7367
1833 1404
8276 7340
9826 4774
8150 2106
9003 4330
8932 7906
8900 5709
8967 443
856 1949
1581 3850
2413 4950
2188 9328
9915 6777
433 1935
6849 549
6003 7161
4378 6722
1962 1683
4048 9515
9900 963
153 1760
7318 5266
1110 2392
1215 3660
9123 4956
6291 9267
7336 9178
6382 8172
3611 5601
2087 737
8288 5148
5594 3239
3177 6093
1387 9331
2724 2265
9703 2353
2751 8853
5715 1044
874 5184
1438 7339
5889 5822
1748 691
4438 6666
316 1916
3853 9167
4631 7584
6127 9744
9487 6683
3502 7307
9332 5909
3119 683
3399 444
1643 126
543 8928
474 6313
5282 1638
1733 1907
6621 7696
2132 8815
6590 3157
7283 4864
2214 7255
2277 5397
6656 1245
6830 8343
6330 9610
1983 2559
6825 1745
2586 355
542 261
5209 7177
4367 8458
6772 3396
6117 6332
8010 3716
7880 2450
1651 772
5211 2051
9815 388
5017 6341
7306 6494
9134 1103
3351 9630
1455 6064
476 9156
1064 1154
4567 9422
3071 1432
1359 1491
904 1576
6797 2230
7484 2098
5209 7187
5867 1917
1373 5414
5233 1573
5534 6204
8192 1734
8253 5098
4598 1622
2172 5630
2559 8713
7970 971
5136 9642
2914 3718
4525 1331
5876 5484
1375 5484
2042 5192
7919 7732
4007 670
5108 4856
4921 3679
1769 7794
542 4165
7703 800
947 4413
3967 6101
5560 2734
4814 7640
4093 516
7713 5733
6457 4256
73 5301
7379 5445
9131 9203
8563 1768
2718 8088
1123 3963
5995 7524
2759 6489
7060 9668
5487 661
117 3734
3120 5595
5923 4188
5660 2608
8888 8550
2364 5988
6369 803
8001 7132
1361 9642
8308 2204
4903 3216
2460 5579
8865 4185
8257 9287
3793 7108
680 1383
2962 5275
4832 8327
704 7915
8206 3564
3317 447
1064 122
6867 932
5833 1155
7699 5158
1336 6860
2726 3175
8395 8002
8147 8949
7293 8684
8115 1394
4121 7612
9050 3925
2150 9801
6746 3464
742 7556
8698 2267
91 4410
2233 670
4204 5194
9218 3767
680 7100
8826 8277
4126 9749
5095 6563
4417 8489
2839 8794
6671 8791
4673 8792
9613 1954
6883 633
4375 5388
7314 2971
7830 1309
5457 7245
5532 1612
6251 6398
6524 3521
4975 1098
7123 9072
8215 4638
4702 2740
7768 4399
5982 4085
5066 2796
8789 2896
4582 6438
6920 2742
8881 7827
7729 6821
606 7298
2600 9171
4601 6368
7172 280
5674 3751
7543 5236
8626 4138
4589 8500
5765 6167
2075 8270
2995 616
6500 97
5835 5947
6566 2355
3730 2731
8988 7704
7103 6803
5405 9300
3948 4517
1106 4203
8992 6943
2714 6691
67 5548
2007 3453
384 4840
7023 2967
5126 6623
6888 3064
1792 4000
7127 475
6991 6645
1502 1367
2076 413
8882 7775
8548 3180
7941 6269
9154 6717
8537 1536
949 83
6780 8792
1336 4988
6876 9567
9100 2857
9811 7695
4833 7516
438 3190
6683 1391
8998 4593
3554 3507
1925 4919
1321 553
3432 5754
7428 8846
5133 7691
6935 4918
4370 8537
9256 3717
4099 5414
7518 5218
6157 1647
4276 4955
6796 2608
4870 5912
2379 5644
7898 6132
1156 1733
7762 5960
2399 3754
1789 6857
9288 8015
8650 1356
6517 9974
7007 8425
1953 3866
4265 1379
2897 1315
4934 9738
5382 2442
3111 1276
4577 1881
5931 1581
1561 4910
4644 1004
7059 2124
1886 5137
9944 344
9767 711
3847 8143
8475 6564
6263 6102
5143 5819
5983 1918
1120 5572
6095 3135
8765 4190
921 8531
6505 1923
6696 8022
9201 9631
308 7468
2272 3796
7903 8940
9842 2178
7649 3889
2327 7717
3777 4845
6795 7963
6757 3918
9197 5524
9194 3892
6161 9943
2791 9914
7180 1605
6676 5072
4627 1500
2109 7423
4535 8040
2237 4379
4613 6812
8986 8856
1569 7380
7260 9688
7536 5272
162 5259
5513 3557
3566 3009
3929 302
3473 8990
3229 4725
6520 6714
5405 3160
2951 7981
1724 10000
4143 154
3416 4611
7140 3046
856 2314
4469 3580
907 2942
5887 1740
2363 4815
4504 100
7165 2535
834 1450
8208 7671
209 2075
4637 7056
4045 9904
9319 8728
9543 2567
149 1657
1511 8913
4136 2229
1547 1627
3307 8942
2967 3146
9039 2865
5707 4526
405 6065
8378 274
463 6979
7076 6831
4481 4676
1854 3545
5139 9965
1271 4870
1738 7722
3042 1790
6595 607
7168 2992
5570 6340
1692 7841
7547 1435
1015 9952
7984 6314
2493 1458
1487 2150
2424 9265
6357 7780
559 8575
598 2888
389 4783
7437 7736
387 4484
5940 9637
2610 5696
2452 5355
1955 763
790 2407
653 9395
197 1649
2930 8250
3881 630
2664 6960
5318 9412
4303 6679
7208 6566
7951 2729
1583 1782
8454 6634
4378 4350
9703 9011
983 1485
7449 97
6832 450
8718 9923
7834 9387
3354 7682
4455 564
3362 5570
2856 1682
5647 9973
6383 8897
9861 5762
5686 4177
2177 7313
1650 7613
2615 1504
9887 9774
8974 9988
2348 4612
3886 3843
6799 1336
684 3852
4634 8664
1693 453
8763 4585
3116 5609
4137 7392
9264 598
5876 4352
5288 4006
5911 9319
6776 1501
3739 4262
5051 6188
264 1864
7622 3051
9722 953
8047 5741
9561 4044
4078 9963
8064 8851
7664 1657
8320 5208
8523 2040
3385 8487
4698 3146
70 2618
4629 6984
7488 3834
1288 5686
6412 257
3120 3540
6547 8497
7078 975
2462 6418
8583 9428
8018 7946
9634 7499
9549 947
1411 5090
4907 4995
742 9182
5622 7332
8371 7808
49 5229
6951 5278
2424 6399
3586 5945
4207 5857
2376 1595
5515 18
4834 4320
8936 500
2345 1611
2104 6327
218 6682
3135 8690
8311 7963
5037 5513
7110 8300
104 5739
7838 6445
22 776
553 9664
1468 1170
3150 7199
6056 3093
119 9446
2116 15
58 7469
7372 4967
3116 6187
5281 4195
5859 6823
7456 1118
1176 5947
7622 9931
2690 1015
5819 8407
9256 7976
8247 7796
70 3651
9249 8938
5165 6909
2688 4063
2757 3395
2031 4205
3995 3349
7363 555
693 3106
7170 8227
2032 6419
7675 2679
8889 7075
9374 3313
888 5990
381 2795
4502 9398
9659 8925
2564 5180
7924 2498
9366 7315
2487 1485
6411 523
4295 4303
34 7573
5094 5632
1543 52
8970 9730
3548 397
1951 4142
9840 483
9589 4323
6190 9355
391 9058
5567 5303
92 6830
6264 2713
8492 3713
8131 8575
3979 3178
4003 7896
2358 5903
1596 4825
4817 2750
927 321
9366 4497
6961 9207
5955 3582
1412 1135
9353 9341
4549 5194
9932 127
1110 480
8145 2534
2090 4172
8534 9592
3211 5995
7268 4337
9797 2778
678 4581
9936 2854
2147 9696
2260 2486
344 6361
3462 7222
7625 1987
3112 9989
6136 1906
107 5473
1990 117
8952 9513
4151 3403
521 9080
6070 9811
1495 8134
8043 9199
5991 6606
3014 2963
3350 3878
1329 2614
7593 7067
2115 2568
6074 1106
8504 460
2216 3
5574 964
2476 7645
9363 8791
8952 467
5844 307
1628 332
7192 3351
3175 8122
3051 6891
6391 1325
5118 9397
4768 1978
7710 9251
8099 8362
2774 5444
3631 9525
8766 6608
1564 7533
3907 8502
8486 8602
5289 3982
6066 251
8420 6568
5713 6776
2415 7589
4793 3123
1591 3520
1741 4985
4376 5797
519 3656
1883 6231
2414 2809
3031 8971
9059 3509
1425 6303
1432 9618
106 3554
7533 1159
272 2099
6999 3604
3609 4996
8589 7635
8919 2660
8653 4767
9124 3056
2457 3471
3233 4663
3641 5339
1433 8856
9726 116
6329 5169
2098 6531
725 948
6611 5371
8913 6038
4496 4508
3612 7851
3246 9106
3880 4654
7048 3615
465 3758
1630 7992
9818 3945
3652 2669
6871 7137
8834 475
2656 7774
7413 8316
8447 1173
3718 8130
9444 8127
306 417
8069 4619
8551 1267
662 1973
9776 6571
4910 5039
9672 8407
3155 6851
784 9889
5678 6691
2288 1884
3030 949
5344 7362
9344 5299
7261 5391
6864 8487
9895 3081
8072 7553
3092 3827
3127 7087
2780 1801
1063 1424
6847 1140
7028 6722
7998 2589
6439 4206
6050 7328
9928 9988
4367 2951
3154 1531
6505 6316
2751 607
1853 1569
3761 8445
6522 8053
9918 6197
3266 8481
5450 4355
594 332
6376 9147
4387 5995
1149 2716
4195 4133
8064 54
1669 9341
7058 770
7019 5821
3578 7015
5209 8446
2633 5249
8114 4663
5074 3487
1363 773
9749 6743
995 5536
6426 9540
9153 5798
4561 9632
6199 1633
7852 6234
4896 7539
6027 5273
6096 9689
6231 9377
4114 4361
96 6864
2442 7254
3249 6796
6692 5880
291 8231
6011 5445
5974 9487
1141 1844
522 3219
6667 6121
7040 6791
3986 8173
812 3408
5307 989
5023 7254
3859 1298
3385 1124
1383 5160
2410 1054
4687 1789
9736 9227
7673 6052
3883 9430
6150 5815
4343 2953
6018 1780
7657 4521
2272 9902
6972 8652
7856 723
3620 8507
7124 7388
5372 3157
2065 2894
7639 8762
4497 6577
1392 9738
6435 6377
9887 68
8609 4204
5409 4424
4331 6554
5089 6303
2732 9848
2317 6356
5490 3280
3891 7050
3284 7413
5408 9773
8532 8126
5901 7079
640 886
943 4808
5326 8313
253 43
8813 8638
2257 6387
7223 1372
8399 8721
2435 3232
3628 5794
5894 5944
2134 8224
7986 904
6216 2424
3437 3935
5216 6785
2808 1047
8638 6418
783 6584
4871 6590
5190 4762
6189 6382
3097 9417
2911 6994
2789 7816
7025 8184
4993 5456
6404 9277
8199 5877
4570 3224
8582 2508
8697 3268
126 442
7610 9876
2103 871
7476 8829
5335 2711
4133 4426
4192 1115
9684 7397
1158 9489
8504 6096
2190 1109
918 6069
6396 481
5160 5303
8177 5996
7660 8743
2329 2719
8326 9230
4327 7195
8168 6338
8365 9502
9908 1602
7926 1570
3163 3520
1592 714
1891 1100
4875 1705
674 790
3567 6761
6547 4191
1184 3855
4599 3511
8439 4206
1181 3531
1849 9432
2914 9630
3736 8715
5259 6513
3922 9712
5198 8669
9744 7491
900 8931
5149 7164
2962 8447
5147 1673
8471 6817
8173 6106
9213 1214
84 4678
5349 7678
3495 9049
2378 4928
5948 2441
2105 156
4600 1963
4588 7979
7393 4335
1800 1523
5468 6660
194 7311
8440 3465
410 516
1855 1387
821 1685
8991 9581
6123 7014
6776 8568
482 5179
2879 1295
5238 3489
2499 7601
6773 1696
8455 9905
6217 1459
1691 6270
1957 736
6122 272
1557 3756
6846 1466
1718 8811
6389 3248
3424 1424
6332 2222
5768 1226
3398 9884
7920 2150
232 2115
5387 2481
6561 4142
581 4768
8863 9619
3974 6790
7418 8884
8106 5666
661 3252
1211 4645
9345 4527
5432 6553
1998 513
1554 5633
9781 2192
9292 9102
4039 2543
7062 7740
6082 3712
7676 3664
7623 9782
5996 6924
5646 1240
2083 2988
2324 8608
2825 6791
3839 6664
9050 1006
8380 8612
6654 4430
4417 5310
5330 2671
5002 3435
5854 3176
8425 4721
8236 6496
2609 7199
723 3083
178 612
6145 4915
231 8269
1568 7668
5354 6825
576 1670
8851 9545
8847 9969
4953 2086
8769 457
6883 5985
4318 6805
564 9386
4214 5740
6645 2644
910 5873
1403 9340
725 3693
8200 2282
7761 9521
6606 8282
692 9373
4826 6751
2642 2032
5014 4590
3046 2045
1149 156
4084 6117
9007 3975
8922 4817
4896 9143
1284 9201
5621 4944
5474 2131
5032 9069
4335 4848
6540 9286
4131 9876
2902 7402
2268 7471
7111 4603
9472 6825
9210 7343
8835 9410
4408 3848
7544 558
4923 7225
764 1091
1702 2746
7673 7359
1848 9454
6440 3846
8426 7740
8382 4386
5295 6405
7506 5016
5611 1133
9622 3111
810 2093
4339 2557
1775 892
7266 5246
4911 1949
2133 6798
2024 5622
5445 6687
6215 7012
6717 1572
2364 3143
6509 2955
1739 7656
2212 2570
4968 135
3028 1660
679 9555
5905 2097
3468 8497
7712 1493
9596 5370
7405 1442
2788 4856
9535 6157
6006 4463
4996 7341
1628 2490
341 6203
5425 2490
5069 2205
6688 1729
2726 9238
5281 7262
1903 1627
469 4420
8608 9472
2917 1581
6310 2002
6263 360
5629 97
8047 9520
7913 5759
7991 8517
8136 3760
3605 2106
5873 2621
3724 5914
9903 7974
2434 2798
3590 1120
1946 643
6073 7422
6087 9320
871 8775
8762 5162
2904 5536
2400 4238
2006 4630
1125 291
1283 4742
8652 5720
7896 8500
2425 2152
3392 1488
9081 5877
1039 5389
9714 6570
2824 329
5620 465
4150 9363
7883 8387
6103 1125
6577 249
3973 2233
809 5481
5717 3615
1492 2088
5814 6181
6014 7668
5216 6650
4069 1455
9220 3441
1372 1964
821 381
5605 3672
4252 9526
7548 6558
3974 3811
847 5723
3298 3940
5440 3407
8572 2149
3653 1702
5435 8527
4932 5111
1685 5226
257 2075
1397 6704
321 5124
9605 4678
3428 9787
3943 7232
4444 2927
7310 4920
3571 2965
5845 4917
2136 6081
7351 541
4933 2517
5759 6422
3704 3968
7223 1102
5324 451
7837 9706
4796 5966
2518 5160
2985 5511
5866 4774
746 6749
4409 4871
4470 1427
3221 3288
9096 2081
2433 2512
1236 6443
2719 5504
4306 4802
5258 4939
6460 6379
231 3412
9308 3049
9967 6037
4723 7251
7302 8908
6035 3605
993 1855
3903 8336
8132 9990
7923 7486
6844 6333
1096 162
4009 1867
7301 3301
67 1685
3169 8237
2782 2304
8469 8916
7875 6508
4213 8654
7992 1276
2656 3403
3509 3221
1966 1323
1769 3722
5005 4916
6984 2131
7079 9261
2884 3098
1596 5019
1551 6468
7214 1404
807 6943
9036 3360
5969 7092
1098 8612
8054 6743
5805 6389
6564 489
5746 9941
6599 3372
2674 636
449 3414
8868 4246
6445 1563
6938 7484
6664 1409
4690 7843
6532 2447
2017 3191
8464 2928
515 9942
7027 1206
5532 1944
8570 2956
4976 8294
8005 6456
2477 4324
9088 5564
7999 1708
8791 7339
5356 1103
5616 4538
2750 3643
6455 6907
8344 2378
1416 547
1270 3098
405 2409
122 7640
497 8609
8853 248
1136 3585
9941 6980
9843 6397
7809 7037
7322 8251
3946 7678
9682 4199
2638 2842
3282 5948
452 5423
2601 5221
6904 2281
5040 6912
94 8996
6343 1343
6045 4704
9819 3757
262 4096
685 983
3522 5008
5719 1542
9816 8230
2934 3643
4156 1840
2743 9918
1557 6398
8756 7973
4828 4297
6909 204
5117 2249
5720 4477
6124 608
7142 6006
6420 8681
8060 9996
6929 4581
7139 7485
8045 7806
4495 3789
8359 1315
9149 5656
483 1777
4297 2090
3601 5797
2179 6935
8850 6223
3031 9774
4082 7365
2670 6236
8956 6457
4416 6874
4031 81
3463 4499
2938 2134
9949 9798
4967 8946
883 3396
8014 5939
5365 6762
9803 2471
2743 2083
237 3369
8966 8437
1737 20
3464 9481
775 7004
9108 4987
9201 4459
3728 5628
5828 4138
6329 4058
838 1294
4298 8553
1702 9204
6316 8572
8212 6141
7692 5165
5566 8433
6863 7611
3933 6989
9591 3553
8297 6355
8597 8645
6400 5491
2962 1575
916 5021
6168 3022
8417 9260
7876 1222
6290 118
1636 9320
9054 8361
4781 9216
1454 1531
1658 5519
7703 6445
5646 5125
4810 9904
9531 4436
632 9008
3268 2550
8693 2607
551 4554
2804 2559
9975 8180
8448 3371
8168 6835
6234 666
4540 7039
2640 2951
6195 7206
6794 1242
8996 6038
8295 5718
6804 6815
6297 1296
2753 3861
2512 3721
9791 1714
4580 4501
9766 4052
4782 2357
3252 5460
1614 8989
633 303
9095 5860
6922 6228
3575 3658
533 6753
9950 6504
1332 8308
9174 1459
9974 7135
5015 8296
1973 4025
8152 9813
9285 9417
3573 6192
5927 6620
8131 2270
4406 9484
3581 2017
9989 9132
7580 399
7001 2276
4298 2850
2636 1459
7392 2316
8340 6017
9273 2686
9569 5319
337 5857
1737 7143
7225 6513
7779 5211
3861 3612
7785 9306
1703 9198
6843 3799
7535 6746
4877 7927
1622 5031
2923 2106
4515 9823
9080 618
5538 7230
5624 3601
2662 9284
8058 2930
765 375
6873 2048
3548 5195
5442 5316
4169 5924
2606 5780
5043 2542
8297 6036
6559 9391
10000 914
2426 7199
3794 7687
6223 5068
7772 6733
5141 895
7726 3075
4845 8037
1382 396
2411 2448
2069 5503
641 2811
9317 6654
8136 4974
7549 1239
9420 2118
9874 8857
7020 9581
7793 3190
4275 100
9146 857
6870 8483
9277 3594
5020 9597
1191 6023
4890 9666
4356 2049
9906 4080
1040 4083
3264 3414
7572 4274
7451 3
8733 5312
3898 5101
3778 9217
7157 8236
6289 915
687 9670
983 4677
4278 9105
7892 4575
8730 4833
7667 9532
1175 2182
2581 2646
2935 9110
1093 8525
4524 9858
1488 3134
5554 4319
9365 3547
1044 2751
7825 2222
3292 4230
7102 2055
2563 6264
3711 7310
7812 4690
546 6163
6225 7899
4163 7846
5659 7198
6753 9003
1932 4566
6764 4593
1730 2472
7434 7373
4073 2885
3345 6789
1566 305
4832 2658
8254 5606
9932 7335
7359 3574
77 2581
8425 4542
5251 3715
4478 6735
6383 8768
2575 3855
1766 63
1437 8889
7109 6303
112 3072
7264 856
9877 9517
2543 4179
259 4670
6713 5814
91 5006
3102 3395
8612 6957
7402 9754
6804 8600
9567 570
1986 8037
4149 4629
1040 4127
6463 7544
4824 1264
1598 9591
2479 2120
2753 5457
3375 5748
6234 6273
9693 3089
3766 7887
9827 4161
6416 1407
4272 6667
5253 7234
2687 1049
1434 7987
5515 2057
3752 6711
4908 9457
5332 8311
2898 2350
2013 8133
1274 1365
7955 8925
381 3589
5682 8351
6405 8016
2977 276
5923 1503
1330 9592
2162 1193
9200 5631
436 1157
3793 9832
5433 1343
8909 5099
1444 8476
1698 8851
4038 8207
4589 3802
4851 7262
9341 7280
4158 2316
5576 6988
8805 2844
8127 5222
9578 4578
3544 4172
1431 768
639 9685
6076 1706
8677 116
1646 5608
2063 1441
9008 2230
3116 5705
1907 5663
2241 2018
2258 4571
7852 9782
5624 7185
3296 7455
7278 8654
5110 8866
7211 6639
8345 420
979 4951
9548 9591
8849 6563
4002 2214
5356 4150
4772 8322
3924 4455
9653 518
9143 6442
4570 587
1616 6692
759 5054
319 538
5382 266
5516 3880
8287 3724
8638 9266
2410 4515
5488 1837
4102 9766
2716 8297
915 1354
1302 5763
594 8321
3049 198
4324 5485
2691 8186
8797 8399
6468 7859
1137 7986
5078 2181
1834 9322
6711 2192
2168 7277
8992 1832
3874 1599
2274 2574
4666 4633
5580 6366
8545 1955
9731 45
1280 6289
5160 1246
4962 4762
9567 7122
896 9799
9198 1474
5272 6250
2205 7623
1851 38
3394 7685
5815 9999
4897 9463
5267 1705
8717 7505
2782 3709
1488 7897
1968 8662
141 8151
4013 4667
5938 1610
9039 3348
7281 1985
7865 366
193 1694
8325 2173
8900 1801
2253 921
2233 1708
3884 8374
1279 9331
6035 7932
5718 5384
9653 6630
8823 5539
4940 1286
3664 5590
5422 8954
1282 9030
6342 2579
257 2931
850 7911
2472 8080
2205 7415
6768 6347
7157 6264
2976 2315
4112 1081
7478 6229
5404 61
5836 3117
9593 5833
8881 1463
5290 5734
7491 2394
4922 5057
3981 8146
6083 7382
264 5328
5256 1290
7485 8662
3893 6826
7111 5353
9383 1859
2538 9072
1741 9628
3816 9190
8690 8380
4282 3776
7647 9273
2553 269
9600 7620
6688 6981
9837 3679
1065 7335
375 2451
1955 9782
6672 1977
1701 8861
650 6985
3674 890
2954 9653
2800 8889
1111 8741
7605 6355
5080 6428
4471 8709
89 5700
3297 6521
3855 905
7097 7256
492 5799
4333 1793
1725 5503
120 5625
5497 5681
9300 7473
8759 3562
4017 1690
6353 1814
8871 6758
5213 4356
9597 8923
5204 3372
9842 2052
9957 4610
1755 5657
2977 6770
2294 3901
9033 604
7829 3381
7972 4
4692 6113
9667 3115
8108 8652
4855 3905
6222 619
7634 9877
7187 964
9121 5154
3472 443
3864 4998
566 4972
9192 3603
8209 2486
4665 8415
8549 2714
6465 24
3262 4862
1129 7773
4784 7332
3015 263
6477 1935
6683 7037
3132 1798
9338 1177
6610 2933
5807 9207
2265 1905
5568 7693
489 1419
4186 3509
846 4974
2281 939
3684 4106
2435 7215
8593 9
6952 4081
7801 3128
9756 6572
7656 1363
2258 2112
434 4292
4774 7198
7928 1028
4248 4000
6318 6275
893 5498
540 2122
6096 7790
6965 1726
5589 9114
9120 4344
5460 5131
8511 603
2982 9377
8913 3884
623 3882
8509 9881
7882 2682
1684 7644
4919 8265
692 5959
4093 5974
5209 2634
951 6221
6784 8209
9476 1644
6974 5746
8312 4388
9108 8236
414 3761
4919 7321
7299 16
6102 3634
715 819
2204 733
6340 1396
1156 9156
2517 6042
4565 250
7605 4869
5671 3023
5202 3356
3695 3127
3138 9647
35 1982
4473 2344
993 7634
5858 1427
2416 3501
6005 9734
6714 4027
8830 6784
4293 7862
2430 1098
1634 6946
8822 3675
5825 7595
8438 1961
5646 8341
8496 3166
158 7204
9184 9874
3484 474
9155 5329
4661 4833
7885 9545
4221 1090
7877 464
8114 8727
3290 6948
273 2227
8651 3114
2850 8550
9463 1630
4161 6331
4690 8965
1758 2564
3443 3845
8248 5823
8084 7329
3715 3009
2216 4324
9044 928
5242 8154
7476 7172
5620 6040
1820 8265
5574 1674
8405 6172
238 8361
641 9400
3760 725
6942 3057
8111 7382
8147 4500
524 8595
2778 9999
6837 9408
5509 8976
1728 2331
6386 7750
2888 7546
2061 9499
2322 618
9188 1500
9281 6943
1806 3874
5117 6144
6476 9039
4931 7509
4589 4956
5641 8700
643 8077
1899 5319
67 1329
9254 9404
8024 2276
3838 1107
3021 6586
3351 4193
2970 992
9576 9868
9819 9969
7790 9430
7437 3561
602 3837
9905 7738
9995 1446
8147 4710
1879 3099
1059 3353
8601 8017
320 600
8657 3723
3452 7890
4110 2745
2538 66
7469 8168
3000 962
1183 6790
9751 941
7262 8534
4568 2359
8013 6337
3441 3153
4868 4023
9066 3156
5076 9781
5329 7707
5444 1100
1425 6075
5637 2980
5405 6366
1822 8366
2946 7423
589 1347
3717 7415
6514 6434
3481 67
6727 7304
2518 9486
6100 9418
3524 7740
4694 2257
5874 9319
8158 2126
7436 6246
5497 4
5206 5851
4195 3527
1786 2257
9889 9654
3551 1433
7114 2550
7107 2084
4117 9150
3307 4521
1488 1204
863 5922
6180 9873
8375 9417
2985 2047
7747 4991
6769 1453
9768 8762
8516 1262
3270 3847
3085 1684
7455 8619
7469 1889
4994 1547
6517 4570
8510 1224
5376 9772
1205 1030
3333 6619
9489 1163
3763 55
7164 4005
1640 1115
2367 1098
2299 3740
1969 7038
6964 6960
2338 7618
5798 2213
5961 2691
8855 587
580 9213
3373 749
982 423
4675 1700
4832 7654
4685 2499
3873 1978
9678 4278
2013 9002
2441 4014
4344 995
3782 9808
9017 4985
2477 2194
2215 2257
1406 1854
6753 6188
8148 5231
5156 7502
3399 1722
2726 6074
1816 1474
8842 2676
7606 8461
7192 4085
1967 5672
4246 8075
9146 6893
8969 6613
2002 6359
4159 9442
5141 4922
924 7196
3472 7656
8407 5648
7808 1064
8689 949
3161 937
86 4384
4346 1954
5087 6387
4320 3842
1816 4913
414 9872
2363 5236
4487 3105
6270 4027
2904 3386
470 600
1285 9963
7065 5243
2211 7716
1545 5247
3351 8299
8357 9381
578 2093
3569 1230
4569 2061
2512 3308
4892 3294
1248 5230
7763 5241
3836 2833
1658 4603
4940 3206
9975 7651
8037 1032
1768 437
546 693
383 3172
9351 6485
6391 3180
6019 1362
4752 3736
8514 8609
9980 9964
7945 8585
8422 8705
3252 1348
8972 4930
34 1548
7541 6705
7143 3880
1751 5558
5849 4344
4738 6191
9696 178
9195 2344
9811 7795
6371 5917
7669 8340
1871 7175
4903 8236
3565 7451
2993 5008
8148 6779
2396 9929
1080 9461
6233 7868
9592 9838
5688 9448
7164 5095
229 6506
9334 9844
6655 4560
5687 2334
9870 6942
4382 8314
8894 8578
6608 4899
40 9579
7652 9369
7979 4252
5390 6567
8983 5454
5343 4950
3215 7708
6899 3963
6597 7922
4751 5023
3740 7328
14 1354
2768 8027
3351 850
2875 3554
6023 9441
1125 6797
9576 1447
5108 4997
3280 719
9350 9633
5034 2910
7127 9640
5686 525
7162 7456
3205 6483
7506 2426
6792 2724
8688 5487
8016 487
3008 5821
3357 2637
6745 3697
5792 5902
2744 1138
8738 93
5034 7639
6209 2090
5055 1755
8131 1893
8333 6012
8920 6487
5067 4036
9917 9994
4973 6952
8292 9213
2600 2026
2069 7712
5373 1584
984 9984
2350 6803
6624 4791
7904 7359
8487 8661
7592 8819
6275 7366
5390 8005
9091 5787
1495 2407
1275 2964
4749 2549
186 9270
8820 5339
7473 272
8407 2115
1272 4315
3228 2565
6028 109
7285 6560
2872 1648
909 1123
2283 380
8137 4511
4140 2428
4147 9489
1897 6262
4214 6176
2784 948
3127 7172
8630 9326
1412 8313
998 9781
7465 7523
3232 9179
8720 7999
6817 5686
1563 5469
9079 7095
52 8607
7339 8924
6997 1525
4750 5197
6664 8079
8046 9861
7025 6370
2945 1799
2560 9188
2307 8823
5165 9853
5224 7601
6459 4444
8819 7237
7764 8671
3564 7770
2557 9787
8862 6372
678 2582
3043 7009
63 6606
2222 1767
8770 8123
4728 1953
5186 4889
2305 6774
2501 3181
3670 191
3205 4314
8578 600
2681 9183
4468 4424
6825 5789
549 6048
826 716
2820 2131
5350 8185
4943 7920
9913 9020
749 2231
860 8786
1547 727
4278 5700
9317 1291
748 5749
9676 2354
4779 7921
5978 2186
6770 463
4312 4264
1813 6429
6284 8474
739 3158
640 1960
462 3451
1307 9162
3960 8375
4921 4517
5051 6039
6200 1473
5134 432
8929 7598
696 468
7229 1316
8078 2536
228 5657
2909 3580
1887 2317
4972 4101
7950 3267
3385 1125
9117 246
1682 3433
3079 4695
2003 9176
1705 4429
9841 6775
9901 1221
1881 6005
2565 9752
9983 7301
8349 2229
8007 1801
4217 8663
629 7328
9887 827
7397 5632
7904 8660
7704 6595
5341 5510
88 931
9418 9694
2616 2474
6746 1767
9626 5572
5389 4638
1376 2134
7495 4035
1518 5478
6601 7796
5276 2635
5418 6078
8463 40
769 8781
8451 9401
2300 9110
9631 9428
8568 3407
9389 3997
8729 2288
2494 890
8042 7653
1873 8840
3196 4626
8825 1424
1086 438
1174 9439
1935 8406
9440 2271
1765 4800
5004 3747
7070 7780
3430 5675
248 3610
8787 4851
4306 9928
3520 7120
5267 3208
6513 5316
4198 2070
9411 2959
8833 8038
5494 1611
3053 1118
4182 8279
2281 5652
6100 2721
4443 4284
9051 2400
752 8714
5495 2382
4149 25
2635 9938
9134 5209
7185 6155
2996 5604
2420 8144
3246 7443
3128 9410
9729 9555
5169 9349
3770 2202
1236 6104
9085 429
7445 4231
9130 7691
1516 2082
9833 3931
9377 6767
4877 817
9381 2771
6106 5593
3596 9153
8579 3749
2380 7200
7874 4179
6082 973
2089 7809
8129 8186
8883 5846
9177 8815
1594 1280
6271 9074
6414 9885
7103 5442
529 2485
5300 2999
515 1214
359 4895
6110 8811
9117 7507
9857 6102
3013 1805
897 9429
2681 5884
5594 1794
4909 7895
3720 6964
9742 5869
4572 3740
8306 7225
5149 6846
4264 3341
8371 6326
4368 4038
2998 988
5183 6138
9014 7809
7428 4559
6778 6995
7148 1170
1771 2259
4530 8506
5147 3793
5723 5581
676 7743
1832 6298
7355 8543
210 9266
4392 7084
9564 5074
1174 7822
3072 7117
2390 3559
1931 5788
5208 1356
7301 1115
9581 7274
3777 8814
3588 3087
1223 822
8682 1692
8442 6898
8074 2004
2778 7972
6098 2462
415 4562
8035 1708
7035 5606
6288 3736
8054 8241
5385 6305
3167 5426
995 5759
9120 4749
5134 1782
6660 8746
5695 9578
828 4212
6717 7031
3335 5239
9423 5005
522 1188
3836 4518
943 2049
9857 1127
3891 685
4402 9912
9611 7833
9645 2420
6913 5406
8393 1732
4938 8089
9016 5434
7669 9830
4609 4763
7310 6508
260 4206
131 4446
1726 525
7634 5550
2041 9013
777 9629
9834 3985
9744 33
6557 3184
7833 9895
7405 9244
2956 7574
8535 1755
5638 9410
2263 2143
9748 5956
1531 506
7783 1950
1453 1624
7279 2651
7282 1429
9651 7172
6500 8481
4744 686
9944 1528
2103 9216
4203 6663
6812 1404
2262 9582
9257 2347
1459 6346
8675 6886
9553 2734
5858 5385
5488 7670
9969 1118
5271 535
434 1276
4791 8271
2786 7003
2475 7348
3425 691
6116 5874
2489 664
8426 1804
8229 9080
1601 9592
5563 4043
6078 7592
7266 2218
8222 40
9944 3349
9539 1654
226 8088
8397 4396
9141 2297
5479 3252
8976 8800
69 6014
8347 2647
5256 2790
4433 3357
2985 5978
6821 2606
938 171
5209 999
6775 2651
4944 2504
5602 6021
6774 2694
2435 952
6393 4589
906 6816
6627 7429
3625 7906
9519 4796
1516 6610
5836 4621
1739 326
9326 2825
9824 6327
9154 3924
9809 8235
4586 2675
8757 9941
8609 5223
1496 8582
5409 4427
8143 7441
2456 2605
4842 1689
5489 457
6109 1598
2829 6731
6842 5706
7253 1612
6535 4232
80 6393
6967 7207
5918 9713
3947 9854
3624 6869
5447 1254
4877 768
7411 5315
9085 5488
7540 5609
4079 168
3424 1468
6870 1176
6911 9270
3532 4519
6331 9435
4991 6220
2466 5518
5097 2056
4903 1248
978 8595
8002 8993
8860 2556
1695 862
2506 7679
8241 6963
5025 7182
7315 1775
3469 3992
760 6691
2588 3799
2691 321
1812 8017
3500 7416
9471 7653
4892 6647
4076 8733
7588 5927
2606 6975
2465 276
3550 7038
5247 7809
300 9670
4088 1905
6563 5419
2527 781
4888 3659
1043 5526
4472 8065
2249 1332
1123 8721
7051 3876
10 5484
5002 495
3842 4340
4268 5372
5329 2508
5991 7029
4786 2306
130 4997
3849 2408
8202 3291
941 4248
9351 685
6945 2449
6386 7986
9537 4867
7278 6585
8625 4560
5791 4518
6525 3044
1041 5714
7677 6342
7394 1713
2930 4847
7183 1081
4496 6971
6611 4007
9542 935
5366 6222
2545 5835
3993 8201
4920 6553
5716 9516
265 4346
9767 3826
9740 3592
2380 5473
8973 4689
6843 6239
7990 6636
6787 2385
9275 2448
6488 5772
336 1587
4659 5938
7564 260
2442 4712
6309 9727
7046 1808
7879 6213
3856 7082
9123 9705
4598 3256
4764 9410
2274 2421
2637 354
6214 5719
4214 1060
7414 2740
6938 2119
7738 5617
7892 8636
5674 3037
9318 3384
1517 9345
2702 7251
4927 4406
4464 7504
351 6936
7393 9846
6534 1772
4212 880
7389 8027
2021 1332
7869 8005
3265 5268
1068 1514
135 1907
7122 88
3406 4499
1685 5155
2768 3279
1954 3908
4676 1675
7607 3476
4841 4652
8947 7606
3957 5720
5719 6593
3085 951
9443 6898
2049 6200
8609 9629
6253 5255
3793 7821
7721 5493
9478 6891
8494 8261
521 1736
9453 5600
2508 1302
4789 2400
427 1133
3885 1640
6555 1137
3186 7271
3061 3013
7682 4150
9309 2815
7553 6983
349 5419
2543 4218
910 4657
4072 503
3109 3553
9609 8162
5046 6125
2524 4874
1134 9887
3924 8095
1156 843
1753 5871
193 5751
5354 1428
9241 2457
762 7892
8530 6064
2770 8451
6055 9546
2177 3003
179 275
709 6727
8541 9621
9581 2647
2357 5952
250 3071
6173 6679
5475 3584
1599 6550
3301 2159
3943 3775
7976 2731
7368 3172
8564 7668
7627 9017
3266 7492
4461 569
5839 8545
1667 3156
5756 7750
3803 2097
1640 5887
5385 4462
6896 5441
7927 1286
5463 9133
3085 7073
1122 7914
1209 2539
3360 3023
9548 9903
8634 459
5906 8741
5316 6144
9915 3298
5522 6913
7938 9813
3795 1779
8331 4009
8324 667
421 9933
5448 6212
8701 633
8526 7173
3215 509
6796 1026
121 9486
2021 9534
5934 5196
215 44
6009 4142
1662 1819
4677 4518
5411 3956
4523 1377
6143 5177
5931 5832
2134 4837
1566 8388
7532 4697
1177 74
5781 955
9966 4069
3650 5861
688 7310
4088 8162
4796 8683
2503 6662
6597 8500
3502 7330
304 971
3958 3879
159 7251
5686 3491
690 4908
5043 1969
4470 3621
9143 6486
6761 2535
7215 162
1274 604
4310 6527
3849 5784
38 9614
3466 5431
1945 3949
1606 8912
5557 4960
5790 7495
7137 946
9181 954
7381 8888
8578 8601
2594 9791
737 3490
3057 5494
1927 7599
4827 7939
4637 4929
6879 9117
104 214
934 5777
6696 1104
311 8779
5654 4055
7130 402
6278 2818
2736 1180
8610 6430
153 7271
8367 8675
5108 5393
5852 5278
8919 59
7737 6415
4530 9924
8025 7274
8880 5963
3561 6848
3446 4224
1677 4303
5247 7284
4910 8950
7215 8403
7765 8227
7151 9785
385 6584
3409 3596
7798 5249
2891 8495
3498 3298
9132 6858
5912 3541
1377 4538
6509 4000
1784 2155
2092 5883
3048 7345
1349 5035
3032 6162
7359 2525
2333 6826
726 174
821 4900
1951 2671
4594 7873
8926 8150
4851 8495
3548 5119
2153 3141
8627 2181
3987 4784
6898 967
5587 3266
3423 271
5735 8603
8922 2187
3209 6526
5946 7526
8869 7236
8053 8356
1652 9838
5131 3507
4991 8230
2741 5524
5150 7013
1896 9875
1722 5466
7456 2898
82 7108
8125 6294
9022 7938
8242 9519
5794 896
4364 266
9119 5816
1848 3050
7971 7583
4083 7338
8493 80
4052 3529
8245 2681
6390 6867
8768 2578
9837 3488
2111 5915
7618 3680
8435 4827
4026 9155
8042 2948
3535 5206
3086 5891
6726 593
2704 7060
4980 5529
7905 4316
4949 5553
9259 9792
969 2744
3446 4723
3553 2366
7551 8424
7529 5055
8707 3199
9829 5219
4206 4050
304 733
397 9668
8285 5354
8673 6838
211 7456
471 907
4692 3290
258 2505
434 4369
5606 6425
9864 5808
8979 9277
4038 3030
2809 8989
182 9494
4237 2129
7193 9390
6650 112
7687 2545
1367 1364
4368 5738
988 7839
7492 4803
3745 3124
5206 5304
9652 885
967 5646
3911 9821
4465 9545
2406 9406
8498 2646
3513 7272
9062 1064
6911 3614
6151 2633
5865 5169
2144 5421
3788 1617
7243 7581
3278 1407
5139 337
6925 9844
6585 5527
6430 9426
3018 1781
5727 6329
9296 3549
9877 8848
7959 5672
4060 5427
4384 9620
4268 791
4367 5771
8104 3142
9126 646
5815 4475
4407 9171
4220 7603
118 9695
7383 5653
6317 1603
7661 8971
4714 2002
8970 1420
6618 8408
2051 3304
6431 5357
9862 6997
8327 218
9780 4603
8545 1851
263 7116
7679 9535
9579 8042
5541 1525
8471 2701
4319 4609
6489 2809
7154 3927
6415 4265
6263 8150
396 6129
2844 6303
795 8365
7877 5876
1512 8128
7042 5414
2057 3309
3152 8615
4043 6969
5924 908
8478 9073
1064 3705
2811 8781
3634 7468
6978 7758
5974 9775
6030 7372
1515 3095
6621 6150
9465 5815
2094 8909
440 2274
4965 3482
332 3743
9917 5371
8416 8545
1514 9665
4490 9316
1053 1710
616 4241
1363 8163
4211 5452
3138 3670
8135 6036
178 9358
2121 6134
3410 2794
3643 2263
967 5319
3006 279
4638 3193
3631 2142
6138 7361
8980 1618
8551 2488
7784 1833
7449 1612
7776 4554
1334 2706
8396 5979
8681 1790
2260 5695
1608 5999
3438 2965
3672 7732
2803 2268
7459 6295
8464 4105
8002 5170
916 1296
1335 8031
6988 9459
7856 25
3874 6969
959 1492
2762 6550
5227 5345
3825 1134
3684 3727
460 9634
7160 6648
7188 618
2471 7161
5355 2593
8086 4855
6869 1572
7606 6595
3697 2319
7576 7117
219 5548
9057 8739
9446 6112
7078 4754
5287 7656
8854 988
6660 6144
6181 7178
7905 6708
7802 7090
2870 3043
3665 4447
6816 3196
3525 7373
9611 6033
5911 4157
3837 4149
1023 7114
7322 8628
3975 3833
4140 4776
2636 8422
3892 8957
703 7121
1314 8950
1286 8933
3896 509
7698 9260
1203 8910
9724 6002
1877 9589
8169 5117
8345 8165
8842 8599
5478 7268
8644 8029
7393 2929
4362 3056
4106 5840
2039 1551
1117 398
9650 9036
3478 9028
5293 3511
7819 5696
7969 3446
5699 5771
8168 5801
2280 8395
8741 6753
7664 7731
9149 7659
3391 401
2057 5116
6192 9366
2276 8787
9668 10000
2600 5420
5528 5301
2663 5737
25 3923
8065 7238
3027 8574
9622 9425
1506 5534
7646 2162
1989 831
3712 9670
5679 8298
6511 9849
1920 5040
7573 5373
4054 4097
794 437
5981 7976
3126 7604
3554 5821
7738 2402
7928 8796
1084 7705
8029 1847
9349 7870
3327 245
8265 5714
6097 992
9575 1648
5741 1577
5590 8236
7757 4223
7454 3498
4905 1458
8695 533
8075 1784
9028 4830
3527 8421
3974 4418
4780 5358
5529 8410
7063 678
2061 2767
9546 8452
2930 6635
321 2669
5900 1645
1764 5998
2196 2754
1897 165
8516 4524
2537 8055
5531 9785
4464 6768
9177 3661
3251 9546
693 1808
3879 1251
5276 9572
5683 8808
8775 5360
7490 2576
3311 2505
286 1021
9713 2214
3629 2820
1008 3298
5388 3037
730 730
5055 7926
5517 1302
4715 9576
9868 4851
9602 8733
5059 6668
8779 249
6717 7381
4794 5320
5188 5130
8814 3629
281 7765
854 279
2356 109
2741 1931
3856 7671
2602 6112
416 5648
4493 362
4638 989
3141 8833
8319 5608
4796 756
9067 5499
3119 2397
6002 8047
9194 4326
1288 6379
2079 9520
3100 8306
7069 45
9248 5178
6516 9144
6663 145
2984 7158
43 5820
9987 2218
3962 5897
3039 4430
9681 5210
3419 52
2485 6668
7756 5161
9163 5852
7323 4778
8304 574
2418 3203
5814 3959
2808 726
3206 2839
761 9989
7099 4755
6998 645
6875 8408
9842 8860
1720 7630
4661 9046
9401 7655
6828 9233
7668 1611
9882 8296
6863 8399
7847 9511
9618 8480
6363 6823
2797 4243
896 5043
3516 8035
187 909
9983 315
6481 1060
3479 2141
8040 1912
3135 561
8939 6563
1142 5525
2789 7996
1388 5500
2959 8082
3589 7485
4258 3656
2236 4074
7451 9284
7954 9829
1995 2390
4872 674
5703 7396
7545 4112
2747 6038
8192 8790
997 1141
7206 5882
1968 3864
1428 5890
8879 2217
6693 3418
6701 9693
7946 3212
7993 1264
3260 6061
7212 2268
2061 9229
3221 8865
7581 6263
4909 8329
2656 4998
7678 9511
7778 5099
3187 3312
5333 8929
3266 5315
1358 9910
8530 2249
1792 6977
9133 7393
3482 8353
8394 3661
8141 4060
6729 9436
3473 9661
8689 9116
3821 3904
761 4229
7339 6846
7063 9194
2149 8986
9785 3211
9373 2342
1258 1764
263 1642
283 9386
3534 8586
9339 2391
3717 983
6323 6828
4887 5825
6246 4707
7644 854
841 9436
8317 7294
2637 8424
4558 9847
8869 6683
8817 7736
4455 9267
5413 3639
9870 9897
1401 6046
4983 2999
8562 7866
7998 8721
48 5354
5116 6827
929 3390
8629 8339
6556 984
1085 2467
656 4236
6430 3708
5395 7727
3787 4210
1159 1795
5188 6064
3911 1026
2778 5945
2286 4291
9354 5848
2311 3593
633 9864
3767 3955
7668 5088
5012 2477
7618 9744
5961 3392
8651 7709
385 8724
3575 2837
9999 1171
8984 3085
7004 9409
8688 1588
7303 8577
1067 7378
3064 9021
7389 199
2747 7013
7469 415
5631 5738
4945 5114
4836 9753
4470 5129
302 9930
8417 4481
3622 335
3993 3365
3179 234
6265 2339
3021 2161
8867 6907
7717 4102
6130 2555
6346 913
8872 5537
863 7453
625 9946
6522 2616
4839 1673
1012 8573
3961 3275
985 556
6249 883
8107 360
890 197
828 7801
80 8215
5493 1424
121 874
9431 1607
5809 8244
2518 3301
8591 6415
3421 4384
2538 4928
3655 7810
87 9930
8260 3135
9295 7071
2480 9587
6614 538
3716 1475
2483 9391
3009 1578
9574 5351
7771 482
9988 5717
9498 5817
403 9998
8136 4203
8482 5035
4755 5480
5330 2046
3013 6537
738 5800
7221 8532
4314 2248
3828 6663
7917 7255
9537 8545
9193 781
1957 7851
2366 9926
4089 7699
1545 6424
6947 464
6565 4447
4901 8081
3244 4484
7327 2835
8262 1825
2309 1492
6121 3789
1757 1861
4864 7196
8630 1628
8032 8824
898 4860
6388 6144
9569 3727
7676 7409
4703 7191
7063 3058
8749 5580
2990 9283
9831 8464
1428 5420
3847 2830
6998 9314
6262 4863
5997 4076
7399 8437
358 4753
9474 7113
1505 5300
8841 3451
5185 6208
4200 1297
5799 832
9393 7193
5264 6702
6540 3564
3871 8447
7585 8545
5578 4021
4371 1282
2175 7080
4780 4629
5989 2495
2146 1905
6321 2109
4362 2243
7983 1613
4748 4227
5760 4515
1395 6825
7328 1362
474 4112
6433 7005
3451 4205
8098 4820
8945 2095
8756 6362
9946 4263
9117 1469
1769 4562
8779 7280
7377 8518
3294 5682
1716 4132
6420 1572
4906 1650
2494 2226
2294 5388
1291 8720
2088 4553
4054 1230
2169 4759
1408 9294
8987 8874
8992 7161
9624 4558
8032 3228
376 2848
617 9377
1785 5421
7509 8604
3674 4963
8479 5137
4426 8124
9221 1521
4217 3833
3253 2864
8683 1327
4494 9319
4488 5929
7246 1723
7480 553
2725 4214
9034 2841
9226 6330
3750 6988
1311 8356
2211 4010
4112 6834
7856 32
7459 959
3268 6700
7236 2911
289 989
3843 7440
1349 3291
7087 2047
4241 402
4597 8420
3810 1679
4274 2180
8530 1631
5465 9164
5508 7563
589 2874
3752 3932
4773 1055
4456 5552
5840 822
2287 9210
7234 7650
7464 6786
2236 7527
2688 335
9887 2836
9106 8335
6611 3038
172 543
5232 2024
4858 5997
1069 5945
7894 5776
3207 4063
7552 4423
2090 1418
7697 3558
9845 7231
1271 5689
240 8540
5309 4201
8590 5222
9457 1556
8248 218
5088 9964
3205 3856
7637 7991
1883 7943
9517 239
6184 6783
9885 8462
5674 7470
7247 9274
8310 6890
5295 4780
2405 5687
9657 4170
6739 7053
5005 4266
4853 955
9963 798
1295 3951
3090 3632
3010 8146
2782 7186
6431 6115
8961 1315
8235 5945
2766 3492
2415 2523
1602 5453
8977 1889
2545 6494
5907 8926
4251 3101
2058 3145
960 1219
9626 3086
6507 3730
7651 8914
7901 4855
5129 6075
2505 8781
2633 4886
9414 41
2660 2059
3924 3464
6239 6485
216 5119
8063 519
6975 3767
8180 3313
1203 8227
5787 6462
8253 4167
8675 8868
7593 8059
2467 5702
7360 723
8355 79
8825 5675
9189 1474
6710 4684
96 3531
3302 7171
1277 5753
6638 8915
2238 4449
6652 8429
1279 3820
2355 3936
7914 9399
5618 2982
4265 221
2597 4406
1356 4319
1706 9550
5511 2209
7233 721
3035 2730
6463 594
1091 8511
2531 6879
2184 3051
6449 6455
9077 6903
1642 9779
9983 2537
5766 1063
9013 358
530 2521
7028 9815
9096 3643
2356 6297
9257 7197
2900 4676
2988 1760
3164 4418
4757 5101
1961 9560
7848 8577
5424 4824
2506 4304
5738 2452
8096 5047
4245 6587
5449 8646
7663 2245
2687 4026
7651 8666
7617 5405
5079 471
2037 432
8562 2828
5998 8123
9902 3829
4035 2565
3164 3222
6791 2426
3585 4648
7968 9022
1784 4239
2014 7859
2249 2463
7327 6977
5961 2681
6100 8783
6431 953
5987 8461
3679 1093
4014 4963
5940 8435
6818 7466
5472 535
9066 3400
7773 674
5603 3618
2190 8679
3580 5187
3247 943
7881 2522
2200 501
2308 9517
7870 8991
1419 5
9229 7146
1870 6438
2733 3964
836 6754
9590 5270
8500 8251
5241 9554
1756 1501
3867 5619
4900 7656
3891 3332
1544 6890
2956 581
8191 2638
6314 6273
2740 5874
1297 110
8344 4174
5332 1398
718 7194
9065 5759
4893 2716
5819 598
7433 6002
7727 7629
2161 5836
6049 5548
6508 40
2776 5249
1839 4772
6636 3256
131 9824
6564 8213
5110 5284
5 3035
5023 4466
99 6787
7148 5368
9490 4872
