placement model: 1slider
width: 10
height: 10
number of points: 4000
9278 892
8156 1076
3113 174
6316 4774
4434 9716
7804 6637
889 4843
1125 2764
3554 9047
9213 4218
3436 1805
8249 4903
4179 4570
4554 3843
9717 5032
124 9482
6772 6516
5014 2032
4102 3301
9234 4890
9927 8553
7149 7058
127 6600
8316 401
6486 9366
2143 7472
3438 1198
9295 2460
4853 8702
9677 5717
5362 3661
3968 914
872 4602
7185 5591
3940 8552
7225 7291
5557 212
2287 8586
7929 9961
8565 1012
5508 5297
7813 3642
6927 6478
9071 8547
6356 1554
4400 3467
7813 1792
8322 8812
6519 4363
7347 3813
9406 2426
1765 6472
1796 3749
2897 1474
733 4889
384 646
3545 7765
6438 8166
2269 1850
4423 8901
3116 5134
3657 3970
7429 3386
2895 77
9289 2719
7504 8755
5650 5842
2539 7883
7290 6880
157 8548
6545 4389
5680 8316
9346 6436
7285 3564
2215 6289
4675 7291
8219 3840
7906 1554
6071 5469
8308 9752
6204 4416
8040 4030
2416 6249
9048 7456
4128 3870
8704 9717
4295 546
4733 7499
4039 8168
4220 1795
1165 4519
3944 295
2688 2944
708 1913
6748 9267
9754 5508
9672 2241
4594 2078
8991 3486
2778 2748
2736 661
6080 3484
1135 17
9539 2661
8303 4686
4675 2830
5935 8253
3769 5665
9404 7590
9687 6614
721 4524
8283 7125
3973 8544
5010 9182
265 3226
7144 6602
6796 266
5111 6705
6649 8712
5834 8909
4338 334
8815 2962
1607 6821
1419 5983
4542 7906
5821 991
7864 2285
9024 4932
1784 2085
4819 3486
2172 4045
6211 4251
2542 3092
2585 7327
7450 5482
9068 6102
4872 2316
1068 9723
1182 1780
2538 4248
9253 5881
7452 9652
9385 4876
8570 5889
7408 6430
4722 3758
4512 685
6430 6317
3984 8919
9171 5478
6686 9066
1836 1757
7689 3986
2285 7900
8469 3743
1237 7518
6108 8522
3659 1188
975 3524
1729 7105
1737 4812
3810 3107
8532 9343
4061 3582
7816 7042
4615 4716
1183 1983
7431 8220
6783 6450
8912 6683
308 9954
6646 3704
5586 1211
7623 3847
94 4770
9937 147
8434 8424
6380 5044
8472 2471
9605 3870
381 5148
8494 7742
9286 1199
5212 7091
5762 9862
458 4249
3633 8193
9880 564
630 9038
8456 3196
9207 7891
3407 5119
4777 1041
6233 5122
3000 3058
2279 7286
1198 694
2922 5858
1277 5756
4106 7918
2585 8643
6066 1419
6492 9410
2946 6821
7908 5605
405 438
2295 2123
466 4469
973 7911
3610 1679
9639 9403
9308 9707
8190 8908
4756 3501
9152 5123
1066 6729
3121 3051
7654 5012
7740 5672
6966 1170
7950 4431
614 6467
1039 115
5012 7747
1595 3076
4927 6483
8514 7324
7719 9989
7383 6515
5438 167
783 4353
5709 1723
3468 1092
2871 4261
6707 4425
5838 6697
6016 9799
4171 962
5837 9297
7168 2719
7543 2592
4514 2109
7721 1516
9165 2879
7229 5263
4330 8695
9323 7057
6373 2823
6352 1356
1283 4700
8543 7928
493 9023
8891 8217
1057 3301
2769 4359
7334 4732
2877 1072
3945 5626
6286 8476
793 9443
7055 5493
480 6629
3458 2124
4185 1715
7673 6203
9078 7809
1073 3362
8036 2205
5036 7584
8238 9783
2336 45
2265 1213
1584 3818
3300 7464
7810 3265
7614 1438
4983 4806
3999 2236
5339 2775
7285 562
6695 6701
8098 5079
3870 8619
4257 4075
9135 3760
8587 1512
7930 6098
8956 4758
943 9831
2684 379
5102 6883
6281 4713
4134 554
5691 9556
7092 2666
3848 1142
2783 6212
3447 953
7503 3987
5254 3011
8240 7534
6257 3905
1392 4801
7965 8594
2006 9810
1715 2528
9097 119
8423 9616
5870 9953
958 6756
1744 9735
8466 5318
2985 2545
5347 6473
3749 43
1526 2243
4913 6644
609 8013
6624 3976
1834 8680
7559 3444
4685 5449
1857 7452
4698 9581
3526 5390
2844 5108
9680 184
3860 6429
4910 5866
4979 9546
4186 8960
945 3920
7465 9066
5930 9462
6847 7898
6100 7164
4487 8840
7317 4343
1597 7534
2912 3329
7455 1604
6570 4460
8433 4558
6380 9077
2260 1250
5945 7361
8053 8258
7131 7694
2964 2283
3046 7638
4214 2200
1621 6878
4478 2874
6063 9815
9846 680
9832 1946
2689 4071
6171 9109
3025 8272
8062 3541
6906 8361
282 5184
4713 761
5942 8374
9342 5153
9860 28
2345 9201
8503 7182
5737 5804
2507 8352
1908 5746
8514 9945
8986 2072
1460 337
6409 5946
5659 3797
5187 6000
5794 4375
2181 9952
3758 6232
7317 1970
246 2701
2834 2052
8508 7219
8395 4187
941 7454
4184 7327
8018 7011
1420 3632
1973 7573
4946 8969
673 9165
6628 2056
4971 5823
2414 7100
9269 582
9481 8188
3507 2541
1258 4049
1447 3629
9651 5099
4843 2923
5167 5873
1274 7063
1691 5013
1934 1447
4664 967
3823 8845
3499 9429
2894 5890
6269 7733
6108 2062
2190 8415
3019 5706
1958 8517
8038 3966
4112 1949
9285 6244
5552 6537
2028 11
8294 7255
566 2334
5199 9325
9828 7555
1956 9473
3301 9866
9415 5020
1310 1941
2393 4084
6238 4554
564 7704
2611 5150
7634 5613
9415 362
9483 5464
4570 6111
8323 6219
1190 3681
9559 9693
9106 3518
1467 5075
7695 9705
2577 600
3684 2461
1240 2879
2077 7232
4345 6721
1470 1436
5105 1052
3914 2423
1434 519
2055 2994
7234 784
5122 7544
9750 8154
9460 8081
4016 5246
4475 7858
3137 3758
1517 2303
2217 9427
6143 5026
9156 8998
1254 5237
7918 8658
3239 4451
362 1094
4782 3990
7229 6672
3304 3470
2773 5656
8711 8777
1713 8008
8050 359
1762 8044
6924 3313
3017 9820
2633 8495
4980 3717
542 4592
3484 9831
1106 3934
8290 2342
8684 7851
326 7503
7173 1815
403 3744
2624 11
514 3145
4131 1169
6119 3610
4149 1880
4488 2979
740 9137
8571 3746
8443 1430
7124 1437
7316 2165
1027 4443
442 8438
5945 3904
8563 3473
6631 4026
6988 6564
4513 4266
1973 3333
4577 8617
6257 5167
7088 7303
27 7456
4549 6319
4107 8500
7138 6994
6804 6480
7987 1239
940 5185
2508 6103
2751 4565
2632 1780
5493 209
6553 8694
862 5169
8700 122
2935 2364
6029 1012
5753 441
7988 6766
5692 3882
8052 5329
6826 5671
8873 9800
1712 3629
7001 8595
982 771
3064 9217
2298 5171
7361 5550
8914 6290
9338 1871
9623 5694
8554 6056
1361 3095
8709 8806
5588 5411
2949 2446
9486 3524
6122 620
4432 5998
932 1065
3215 2751
2119 408
1118 9199
5724 3940
1021 9753
7672 932
4123 5675
8769 6772
5731 3163
8506 3007
8913 3991
4630 4373
1954 741
3489 4795
8879 6922
744 4447
8003 8059
6017 1022
8465 1860
5812 4365
1328 8561
4546 8047
7607 4633
4439 1916
8369 260
4976 6286
822 6084
6273 7821
4006 8942
4026 6779
9176 4721
4128 5897
6954 7330
7635 7502
8551 2276
4595 668
1168 3654
9746 8370
9711 2109
5978 1299
7766 3526
6110 2620
4193 400
2474 3111
8466 4114
7679 1933
6965 4342
6378 1637
717 6589
9701 4813
4788 1644
9544 4286
2947 656
1539 2039
1162 2913
263 2214
9383 106
458 7040
7704 1593
7170 4218
9605 55
825 3027
1774 8259
4757 6613
1911 2298
9632 6114
6533 6686
4966 9041
467 3366
6871 1722
836 1981
2058 2758
7168 1003
7008 8750
8561 1180
2804 3647
1203 2469
2411 5427
2058 451
1481 9230
8962 1030
7334 2586
4350 6305
1483 5098
8254 3269
6193 6956
7246 9621
2069 4286
465 2046
7162 640
1250 7758
3930 7121
2452 6703
4515 2709
5612 9193
6235 9988
5879 4570
2672 8679
1703 6439
5502 5124
2231 4325
3791 9213
1768 8574
554 264
2548 572
2780 6821
7977 1670
8849 8329
2699 4964
4687 1551
6824 3128
8330 1168
1772 1586
1173 834
1292 6325
7253 5517
700 8367
1908 2261
9928 2511
142 2069
3678 86
2681 5503
9890 3834
8425 6989
3242 5723
7466 3464
2244 283
8573 1759
9304 6083
1696 6109
3933 9533
5951 654
3047 7355
1707 8913
4571 7620
3909 5366
4920 1776
2039 9744
1603 2430
5756 5914
9861 6429
3790 1610
9731 1561
1028 5928
9026 2020
1277 5894
6787 2859
1125 8991
3110 3216
8122 6861
1630 3116
1169 9235
9348 2379
9779 8227
4167 4986
4455 414
6810 5623
6680 6486
5307 4876
6495 3063
4066 2420
2064 3455
4561 414
4749 537
4467 5637
4446 9413
7778 6709
5022 2939
6436 9457
9767 1821
9354 4839
1968 9390
7775 7185
2689 9236
3015 2291
3449 214
104 4819
6592 9923
8274 4705
1889 5251
2836 8245
7788 9255
8813 79
1508 4778
5050 7898
7272 6444
8586 2681
7277 2776
6858 2562
2839 122
2681 7691
1040 8955
3134 2904
2841 1656
1416 8250
6642 8048
9117 7307
7876 3053
9080 7306
6645 4117
4285 8904
5864 9511
3011 928
6018 7064
509 2850
2266 54
2108 6360
3837 6690
4909 905
9015 7030
7688 2441
26 4012
2774 551
807 6602
9395 9116
3912 690
5419 1064
6040 7559
6325 8267
5101 7057
675 4982
1575 4548
2117 9781
5312 4207
4591 891
353 2866
1801 8235
2446 1341
7899 1015
8131 4597
4312 4936
3184 5024
40 2148
6234 1831
8064 8162
4333 1054
647 2694
6565 9874
228 8422
7538 8070
5769 7593
6321 6278
6289 6842
4636 4000
7175 7551
7409 1923
8685 2956
7938 8466
2560 3740
8504 3285
9461 3460
2280 6362
4908 289
41 3467
6324 4452
836 841
6340 8790
45 603
5518 9297
6228 8600
7095 7395
7524 4594
2727 3186
9382 3749
4608 1626
1775 485
6001 4698
6054 5127
3651 7004
7991 8308
3052 3515
7113 3770
7679 8111
1390 8162
9717 1040
2712 4719
4425 7522
5661 7320
1364 7447
4809 8447
3314 5771
8036 283
8601 1585
636 1065
2332 8686
1438 6350
7634 821
3858 195
4707 6270
1138 1159
9763 2387
6020 3821
9189 6685
7847 9940
9800 2074
3024 3817
5893 3317
2477 1411
7839 477
7210 6474
5671 7451
3354 4375
3833 3168
9651 7913
3755 8150
1210 8277
9173 352
9847 7489
8361 1873
9590 1254
635 248
6189 2051
3055 7618
4442 5849
7093 4425
2046 7306
9752 8990
1218 8839
6837 1229
9202 6056
6123 2344
4635 8807
8503 8319
4875 3564
9857 8177
1199 2213
1280 2052
4044 1176
2937 9932
2471 5488
396 4210
8826 9262
423 7995
3034 605
1315 37
9648 7215
1622 6550
2176 8725
431 2867
5530 5275
399 9085
4032 535
3653 7546
6741 9231
4288 6831
6336 910
630 1233
4295 755
6006 107
9930 4677
1287 6611
3189 8287
213 712
2280 4242
6181 3498
7651 4070
9686 5324
4216 3905
6950 350
213 6284
6857 3159
6742 4685
938 5397
8331 2809
7124 3271
6558 1065
6927 7430
7892 9162
6427 9009
5809 8832
3433 4764
8230 1332
9637 2468
3948 4667
6262 9141
8484 1128
4565 7463
4310 5562
6613 1929
642 8947
4105 1320
5936 2958
1570 562
8250 3763
445 1526
2488 9314
3784 6559
9711 6186
4369 7832
5500 2312
5708 3559
6175 3287
318 2164
9067 1503
8169 6533
3252 5230
3081 3666
5079 2257
2928 3506
1532 7574
8186 4382
4163 3813
8954 5548
444 8843
1766 8750
2831 81
8380 2340
4692 7938
2532 2910
9363 8909
3115 8654
5649 330
759 5986
3142 584
9289 5771
1468 85
2696 9144
3855 7205
320 1121
496 7907
6775 1376
2419 6935
8983 4864
2697 8035
3712 2073
8784 1862
3257 4348
5719 8608
5471 3651
114 6956
8373 2525
7077 4818
8390 992
636 9697
9869 3970
2206 735
8377 1191
2356 331
4600 3752
4683 9830
4631 8247
5053 747
8234 3229
8581 4401
5172 8507
8894 5856
2746 3001
738 1894
9680 9710
9736 7111
5158 669
3649 7162
2150 4430
1974 3147
6621 908
6989 3979
24 2270
8702 9927
948 1931
3691 7258
5743 2126
6200 9070
924 2580
9693 7339
7060 1499
4973 962
5214 8635
4072 9860
9188 3315
7012 9249
9005 1886
9391 8379
9188 5686
8651 3282
4781 4275
7319 4703
9276 2747
2473 1758
8173 5298
3937 9095
239 4350
3474 8604
8009 855
4513 8566
3067 367
9998 3123
2484 2404
3457 1236
9100 5739
8283 3464
6354 5728
6774 3111
8516 5430
8013 5009
943 2350
5384 9935
1567 3876
4111 8321
5833 5772
6973 9950
6833 7479
5062 6359
782 4415
7994 8589
2006 5296
9852 4462
580 2100
7063 1614
6503 9059
9098 4451
5588 4078
1693 2738
6663 279
7232 5039
2021 8490
9884 4732
429 7498
9601 6723
6992 7848
8603 1383
2138 9398
717 2854
2051 7717
7743 8063
5610 1252
5542 9441
2681 1228
5410 8054
4460 6685
3121 1824
7771 2245
3510 9121
6823 4067
6799 6917
9969 1069
1850 5558
1558 1089
973 6945
7349 5108
5781 5300
685 5960
6366 4195
939 2689
7537 2133
236 8062
5964 4090
7606 4001
5608 19
9942 8957
9488 9539
1841 5367
9584 5841
6918 7237
9911 4854
5836 5526
7084 248
3796 2949
4851 2686
3959 11
6740 5396
3189 9572
6128 3220
8914 322
790 6424
1459 5397
1708 7449
3420 8255
1326 583
4196 9914
3982 1594
23 742
4756 7099
3549 4319
4487 2200
2118 2419
7459 5528
9079 5019
9014 1294
4437 2845
9490 7377
7203 9448
9856 3813
7944 7016
3193 2943
1147 8560
9386 807
8471 2312
796 2233
5354 480
1833 3914
399 4273
9728 1085
8170 8572
7665 5935
4639 3803
2700 4399
8979 1629
3535 9543
1072 894
1148 7938
4735 9245
937 8993
2410 7752
7824 3173
8989 486
8009 664
4593 4328
6582 4224
3834 2504
2657 109
6903 8248
2375 9687
8502 6406
1272 2356
9811 730
4990 5356
677 1505
9412 2622
9840 9519
656 3379
579 8011
8276 6306
5947 5975
8413 1266
4307 4893
287 3547
7956 5587
3506 9265
1688 1709
852 5742
1482 4869
1500 5100
7681 2860
8151 1651
8164 5601
847 2494
8174 484
9471 5928
3668 9560
8015 2601
938 6240
873 5268
2172 717
9677 3757
5861 3457
448 2223
6734 4916
2698 3580
8854 3241
1781 9450
5477 7866
1859 2899
7355 4729
9857 7185
2387 5778
8761 8681
6221 9028
4136 8950
1437 1671
4159 7401
1803 4199
3236 2118
9516 9443
2284 6823
3536 8862
4584 2403
7595 2042
5409 2646
9734 4291
4713 8679
4005 6887
7331 9182
1141 3913
765 1272
4159 1329
5075 2457
4956 7879
7820 3058
6040 4731
6163 4957
5936 6173
4093 4286
4159 3452
5396 4598
3779 815
1534 8170
9231 3602
9080 5314
9850 7561
5083 966
1147 8186
3988 9218
7987 2149
9485 746
4466 1967
1475 6900
12 4946
6811 1162
7498 5760
8075 942
5660 5650
4931 6410
5828 836
9845 9039
7017 6399
4041 4514
2862 8075
6043 7120
6940 3979
9409 1872
5042 4392
3332 9970
1468 2797
669 4374
9604 1475
2385 8080
3522 88
4483 4209
3772 5364
8141 4637
5508 2448
4374 3005
206 9156
9493 829
3520 3398
4510 3689
5411 7782
680 3608
742 9760
2744 7503
1642 7240
1218 2738
1855 7379
1066 3067
4910 1813
7149 6781
7159 3948
4180 5961
7710 6712
8409 9224
7255 2185
678 4914
1710 3655
972 3811
9288 1905
3697 1376
6419 4091
6282 3379
9339 4495
4421 3292
943 8499
9028 3839
945 7121
6214 4405
3016 6905
5850 980
4671 9703
9993 929
6143 587
6912 6515
9311 4442
2071 2214
2190 799
579 4169
2299 8352
9573 9323
4868 6511
2553 4270
7978 3991
2950 1399
3 2007
2742 189
8238 6527
1338 3949
712 6692
1279 8763
7829 8503
9601 2963
7516 4380
2484 7419
7879 9760
1597 9461
3342 5027
3397 5165
8412 5682
262 7813
9095 8048
7005 3390
4132 7159
9346 9195
8089 2922
8787 6057
8520 3105
6064 21
8955 2311
8935 7856
9732 9553
2555 3778
1785 3427
9517 2940
4383 7983
3699 774
5262 2469
8566 3223
9180 4875
5232 6263
3770 8696
8360 7171
5925 1151
8919 3272
6274 3592
7659 6429
7511 1146
8810 530
5217 2784
302 241
7772 4504
4975 1410
8053 2890
1912 6581
6476 3198
6682 3637
1719 5328
6682 7002
187 1623
7178 3637
6369 1011
1615 7451
8266 1602
1348 7783
993 859
9077 5094
6468 3258
3661 7589
851 6867
9973 2292
1231 7639
3190 8114
2359 4314
9689 2889
9483 1080
7146 9155
4394 7178
8771 3398
8709 6423
5224 5181
555 3914
4234 9913
1919 7581
3775 3411
8747 1553
5246 2231
65 8669
7390 1959
9999 8025
2999 156
6347 5142
2379 5296
7118 2267
1667 2045
9444 1665
5473 1108
3118 555
9704 5441
641 3514
5647 772
315 9547
6591 2126
5743 3910
920 7680
4140 9142
877 1294
5947 5994
9645 687
4080 9207
4966 2024
4812 4006
3748 4071
4322 7677
7676 9414
307 3812
8265 6500
9857 696
9430 9135
3268 4100
3009 8311
8158 3289
4219 1616
1362 9395
9046 6383
7186 7202
6602 9861
1251 7070
1101 1811
7535 8309
3598 3937
370 2907
4629 7082
7712 418
3693 5391
6540 6106
8720 8584
652 3173
3200 6466
8550 6439
6098 3816
1951 4787
1767 8198
7840 7278
6652 2012
9242 533
705 818
9050 2660
4895 7049
8339 6623
7407 206
7147 1139
6665 8785
3693 4995
748 5297
8011 1517
1303 9000
1137 8846
3555 8082
493 9895
4267 3152
4780 7274
7681 4513
2197 8202
7577 4715
9059 9098
474 527
7445 6612
7265 4211
4480 3389
9532 6690
5716 680
2699 2818
8896 4994
9983 7310
2491 2872
1347 1000
5377 2734
315 9101
5469 3741
7680 9202
5619 6483
6546 943
8105 9557
494 1628
2427 4645
2059 8913
4915 6272
3740 7069
3754 775
4840 6079
4156 7474
8111 3277
6625 5232
852 528
6765 3193
5417 563
8768 2781
8013 2379
9960 5909
9301 9590
7484 2732
2020 1469
6194 9070
2591 92
3767 9614
8229 9278
5650 6850
3623 4336
5707 5969
1116 4823
8725 7691
8349 3651
5492 2831
8516 6942
4228 889
7124 7516
2753 4820
3927 6142
1996 2902
3680 8175
9972 3514
5026 4520
4580 4235
5271 6868
3161 4692
1853 6802
3624 1052
8588 4944
9847 4247
1911 9964
3960 7645
9335 2998
2175 4057
9773 9552
5749 4859
1309 811
3005 9465
6492 6858
198 7859
4502 2739
688 8970
2632 5583
7401 1820
9561 4453
9085 3336
2581 9586
658 6393
8506 6908
785 2420
9750 624
7966 7031
7848 1776
8232 3535
8149 1185
8566 7402
1001 1439
6220 317
1049 7488
5195 6156
7591 8844
336 7031
3782 2917
8271 415
5731 5101
630 2378
845 9126
4231 4899
2765 3028
4843 7939
239 3176
6827 8879
3265 1172
3450 5765
4956 8472
4441 8663
3018 8024
9136 6055
3897 650
8539 4873
7815 2448
9321 5620
1354 5872
4151 5112
1196 9009
5881 8936
8208 9759
332 5922
5565 8223
4865 1598
1976 1128
7125 6723
7540 8990
5336 5646
5873 1351
6996 1413
5406 583
2478 6389
2320 316
5417 7581
1424 1438
943 256
4050 2684
6462 5041
1764 985
7620 8021
9252 7808
7000 6677
7049 2978
1273 2887
2238 2158
4473 4597
2578 6744
2572 1035
9145 2132
3741 3596
2967 3127
3348 1724
8450 6396
683 845
6572 8405
3781 8585
3225 1874
7169 3748
484 2449
8091 2685
3712 3810
1044 323
4558 8795
9338 9550
7264 3001
5472 8090
5089 736
2833 866
5026 9908
6620 2899
4936 1856
3193 5402
6082 8384
238 6063
1654 9010
2210 9248
1692 3524
4785 5628
1085 9198
1533 5924
6386 6621
4178 9487
6703 9219
2595 1202
464 9153
429 3657
1985 846
6562 5719
9709 8443
6570 6664
1132 9742
2853 4058
1750 6523
8687 1077
662 2452
8071 1339
9822 6805
5608 9145
2896 3220
8385 7339
6051 5760
7513 813
654 3150
2165 2692
4007 4475
9957 8245
6681 9991
9893 3642
349 172
3361 2052
7326 4421
7409 8605
6606 6824
4183 1038
5264 838
6129 2071
5170 4812
7992 7952
9123 4032
5784 8785
3382 4400
2047 7872
3437 8621
6891 8026
6399 7846
1639 6827
1212 3260
6746 473
317 3885
7173 8774
7467 6172
3518 6108
1983 8669
8582 7051
3679 4764
8783 7495
4599 1709
6908 1943
9414 2382
6177 1526
5419 5053
8544 834
2369 3596
2697 9642
5298 414
3166 5501
9302 981
1062 2631
2517 2277
8209 6148
4745 5254
1751 7921
3711 3981
2928 4211
8006 8749
6177 6445
8791 3510
2798 5470
2979 4735
273 4412
1599 3017
1215 1407
370 8320
3402 5296
2131 8930
406 8756
2326 730
6640 4465
5112 1914
3112 134
8372 4747
8132 8049
4873 6672
5690 8141
6532 5316
9087 4041
459 7504
8470 375
833 1723
1635 9937
6386 8776
2947 7122
7045 1600
7620 8589
7700 4911
1393 786
6065 5891
5713 7103
8851 3930
9988 6088
7955 6979
5390 9548
2658 1771
1740 9357
456 3804
8726 814
1096 2435
9385 5903
6135 207
1627 3784
8870 6166
7352 7786
2314 7367
7186 5996
5418 6106
4434 6910
4649 5596
1386 1325
7662 3143
849 7039
1283 2035
6680 6517
2359 248
2460 8992
8203 8257
7681 886
5393 646
3400 1662
4032 7269
1792 3333
4476 6749
881 9045
3259 1093
3705 390
9128 7512
7932 8522
818 9596
1047 2805
4234 5742
4906 2187
6324 6227
5422 9459
5276 4060
8146 7105
6023 1997
1017 9690
9642 342
2795 4962
6088 2286
9321 9089
7477 7107
3535 9429
2659 7539
8956 2520
5474 1332
5516 8325
9907 6195
5 9755
9558 8117
4012 787
7985 6223
2603 7689
6573 6889
4563 6161
6427 655
5027 419
4942 4029
3231 317
8396 4196
5993 9550
2225 2791
3973 178
5186 5560
6072 7083
7622 5942
5464 9262
8243 3955
5815 4976
4356 4879
6089 2849
9507 8505
3901 2469
4633 8200
3841 1939
7217 4558
9530 9560
8822 7596
1490 622
4920 9165
5692 8944
8629 5470
51 3365
5528 6487
8825 5527
4184 6750
665 3115
6497 4600
2078 1530
9181 4271
5735 6201
9342 3623
5850 8434
7028 9518
4251 1096
4982 2483
2091 9801
5897 7470
1178 7981
4975 5354
4194 1571
4789 9256
2752 54
2082 5857
8596 9272
2431 8014
5345 5850
2442 2389
6157 715
3764 6427
6398 5446
7659 2025
6481 6035
1877 1367
944 7036
8748 1110
533 5755
165 908
7125 5954
4218 3124
8553 3150
1804 7714
1090 7552
4601 7084
1412 9226
3871 9360
6174 6534
1068 6558
1999 4905
56 2720
1352 3432
2762 4007
9720 8527
2064 634
8671 8274
2047 759
8873 1160
3497 4423
5734 7979
5108 7977
1342 9334
9477 1281
9059 846
811 5871
2292 8915
9002 7712
5922 3056
203 3613
9536 3088
2928 2083
4502 5073
8816 8096
8599 8835
8803 6137
1981 2107
5021 8513
7313 8653
6152 6060
283 7423
9664 5974
7462 7308
7700 7557
301 30
339 2087
1443 4269
7772 3024
254 8210
7393 6729
9706 4518
7619 7832
5812 925
7257 628
6108 7562
8624 3048
375 7265
796 552
9900 2538
6339 4471
3531 1355
4025 4485
864 7203
4387 829
5256 5118
1253 8736
9526 338
4467 4372
8509 7823
2428 8948
9691 7444
4937 7916
956 4701
9345 9642
4110 8174
2431 9939
6123 6589
5802 5958
3598 2377
7022 178
4213 311
4600 57
8029 9661
1115 6704
1824 963
6752 7719
1440 1795
630 4622
6305 1562
6354 8768
3122 2136
2442 5553
6898 6402
9740 5457
8703 8812
788 4962
8381 2293
6609 6764
6056 1485
6450 1056
3967 1800
9143 700
2621 9888
8597 2591
8264 7954
8425 6480
8652 6063
6812 6613
4771 7776
9306 1834
5618 4388
4602 734
7975 9709
117 4066
5386 5482
6000 4000
7117 8559
2280 1187
7714 4602
7042 8745
9533 4137
4265 6136
6332 7561
3459 3611
8905 3024
4095 8583
1770 1334
7376 9758
4146 9899
225 7323
4170 6928
4402 3586
7714 5981
1973 8241
7331 4457
1862 1780
2258 9960
4202 6610
5377 5793
1269 8958
7795 9234
3785 1844
6574 1307
9121 3090
2369 1576
9968 6231
560 471
2590 5163
5012 880
7186 4424
627 5812
5096 306
3279 419
3149 6891
8950 3126
465 9101
8601 2044
8905 1078
5522 7982
7320 3018
5678 8506
7457 5058
8831 1045
9370 3675
458 821
8594 5057
3169 7163
5949 9632
5195 6718
4958 1596
8192 8755
2328 6962
4735 3599
4844 4018
544 4509
5316 4338
1603 2913
2944 2579
3423 6571
8130 9050
1173 1013
5224 7735
8186 189
6724 6681
5161 5500
4842 5671
3864 3694
2135 3583
4894 2527
3618 8814
8269 3730
9288 9078
9389 3786
916 8578
7486 9022
8356 5756
8895 2016
7687 2311
2507 8926
5577 2541
2135 7666
8355 4309
4689 9879
8107 6688
8696 8714
9060 5701
4283 6180
9468 1801
6892 2593
2500 9926
4107 3415
6299 982
7447 6901
7232 9627
9666 4332
9813 9381
9114 3288
4558 9616
8707 2916
2578 5885
7506 1882
5685 8808
991 841
8488 1459
7593 4171
7324 8911
8916 9152
6008 377
9351 621
5715 2320
830 7509
1439 986
4793 630
8723 728
7026 3376
1963 5336
1309 4199
5262 3800
2458 1942
8734 9584
2606 9746
3025 3669
489 4116
365 7913
1133 9622
4517 1031
5353 4066
786 7231
7972 3812
7829 7507
514 3567
7303 3057
7541 1982
5175 9186
8512 7068
7698 3450
8065 2830
9263 1781
7263 2124
4311 473
9082 9110
6437 2262
6099 6255
6362 5058
7208 720
6046 8898
9919 8564
5135 3866
6767 5185
9068 1637
160 1651
5856 6665
1881 7086
633 2557
213 1103
4516 9421
3740 7400
710 9780
529 5996
8175 5923
8596 4420
1409 4708
7110 943
2337 7572
8634 4591
7079 7864
1188 4594
6070 5848
4446 6404
6133 7390
8732 4982
3187 8652
2436 5418
6537 9882
819 2968
3211 1763
3836 5697
4038 1072
7037 9971
9634 9397
787 2288
2806 4953
8410 1264
8680 4229
9648 2616
3833 7655
1452 9988
4081 9406
2880 1849
9869 8535
1246 7377
6729 5146
446 5551
467 2001
5893 4951
4522 8419
2904 4768
7880 3216
77 1593
8617 4053
3628 5804
7555 4029
4780 2387
2582 4275
9690 9770
6449 8732
8126 7859
5634 2841
4593 5330
2140 3433
8107 6998
9588 1569
2842 3322
3530 3280
5388 2647
4383 653
5391 5609
3966 2125
760 2018
3486 7322
3563 5459
176 1265
8912 1490
6470 9955
3038 4147
8412 3681
2948 292
8329 5820
7888 3989
9477 4652
2960 4904
1971 7102
9165 2870
837 1504
224 2710
2737 5855
5267 1868
6658 6165
7654 1384
6606 4395
8674 8534
7104 4983
4608 2850
2424 3666
7787 913
2179 6920
3952 9307
8963 3840
5435 882
7819 1200
4491 342
8080 8192
1891 149
7193 6665
8294 1640
9714 6091
3913 6025
729 448
3148 177
1372 7862
1492 6734
9326 4897
8087 8720
9160 8135
5466 9390
5502 5805
7428 5288
7675 5620
9132 590
7629 1109
58 1516
2360 2848
6155 4588
2524 3128
7255 7393
9538 7728
3638 4866
5067 4423
2787 1226
2770 9158
6150 6036
40 9974
3425 1680
6521 7285
3311 2250
3722 9754
4916 7323
788 9147
9606 8236
5624 1459
9321 9540
8431 1902
7168 6669
2159 5897
7350 3108
9521 9464
9562 4845
8047 9962
9820 6758
4949 3727
1126 1724
5989 5581
8905 8315
3799 8349
7097 8159
7934 6963
8444 5974
47 3992
7269 6426
6983 6028
177 7351
5179 3843
2725 567
6545 1599
7311 7309
9596 9808
9360 6704
6802 5922
374 7739
3195 5088
6066 1883
1004 7922
2024 6861
7331 3988
6549 3544
8312 2709
4555 9539
2281 921
7438 5213
1436 5904
5942 9171
9100 1837
7059 2730
122 5186
262 3600
7087 7988
6353 6083
7432 8320
3042 2898
9132 9482
7159 7157
9429 1701
2376 4838
2466 1267
6400 1712
1835 2566
4012 4032
5504 2727
3030 4182
5671 9913
7551 8209
5599 6285
5575 3012
5285 1542
7315 8612
9833 4814
4925 1750
8314 5865
9534 4278
3214 5393
9791 7311
1535 3421
959 1176
711 3665
3127 3495
5331 1319
7762 2709
4467 8989
5928 2335
735 8188
3872 5128
8702 1106
2073 632
6523 4809
2479 9284
5288 2073
1165 9631
2712 5610
8714 2092
8212 2566
4028 526
5278 510
1305 928
2633 5665
6348 6452
4178 4503
8498 3752
1887 4873
9831 4410
9658 1644
9491 5535
1772 5768
9399 4778
5404 8001
5702 842
4174 734
9109 4325
8658 8940
395 9245
221 917
2783 7205
5934 4360
6729 6435
7836 9187
4520 5612
5996 5274
4513 1907
6790 334
526 1623
9154 252
6245 2762
8039 853
507 6428
6601 1457
2570 9213
7691 615
7571 1640
5327 7424
379 8899
4083 8559
246 4743
9965 1530
7911 5637
5179 5090
4282 5313
9600 6595
6608 6357
5427 8408
273 8830
6742 2979
801 770
1722 9157
104 4965
4326 6368
8887 6947
6838 3154
1036 988
5314 5520
6331 9001
4355 5032
4286 8924
9328 419
4713 8421
4918 1550
9917 5841
1926 8450
2706 5528
4169 6965
7268 6430
872 4573
7110 3140
5377 456
1170 9604
7349 6422
5477 5144
3049 4832
1855 5986
9950 2497
8219 4092
3370 1104
2870 501
7064 8810
1259 7570
6619 1868
7044 6876
7565 2882
4266 2222
2551 106
7915 570
8116 8755
5409 1405
8198 246
1653 8888
7166 8458
5404 801
3183 6236
791 5969
4387 2817
2785 138
3199 7112
2075 3590
8154 3455
9674 1397
1456 4550
669 8058
1895 5358
8743 3905
7999 6396
7602 2674
5262 1798
7137 3880
7954 2316
8924 2411
902 865
642 4233
6746 9863
4386 1463
5397 8346
5530 2491
2237 2719
7208 1351
4882 9378
8958 5573
4866 5595
914 7703
1926 4958
3872 2923
3707 9139
3419 2429
2893 5913
1846 6960
9654 7754
9685 4344
6131 7287
8714 8093
8629 6125
8248 1779
9568 3318
1349 2833
7600 4482
2183 4662
1704 5570
4021 4913
955 2626
4140 1091
1037 7168
3786 6459
9653 8346
8855 6675
8652 7927
1760 5782
9182 6681
9478 436
2408 8080
6516 4721
7076 1746
1869 1573
2378 4008
8223 6354
6979 7769
8526 8895
5089 9056
712 1079
9428 1173
1487 7146
8034 3012
7874 1329
620 6910
3906 2561
3037 8424
7701 1391
9979 6476
7455 2483
7220 6700
1826 5371
2647 4807
7868 6488
531 6316
5330 9895
9454 1292
2645 6805
2885 1679
8612 5606
2412 9449
5144 9674
3732 766
7174 2670
18 523
647 5897
3647 7088
484 1878
5893 7628
8691 7139
4578 9631
6404 6933
7346 3568
1717 8784
8405 1822
7864 9252
6048 4249
1325 6375
2057 4942
1413 8357
5151 3332
6810 7131
7017 9406
5562 9806
5068 5796
5808 9848
7032 3781
8554 9254
7620 6565
7361 5501
3758 5431
6352 600
2101 6643
3370 7503
9180 4570
8827 7910
518 2652
1511 9683
4037 9160
3669 3685
9110 1405
7156 3890
9693 1606
3855 2354
9235 293
5911 1516
5559 342
7215 1712
4660 9537
6102 248
8787 2225
8633 6898
2507 8416
873 6393
7072 8279
5195 4236
8993 1529
2420 9631
4189 2569
1435 7145
2299 6485
9666 5572
7920 2766
2546 717
8077 4786
6403 8038
4959 8513
1180 8972
190 8141
2439 7256
1936 8431
3667 8343
4334 6843
8105 5514
3215 3987
7231 4980
8743 2726
1151 9361
2538 1754
2969 9139
5344 4849
7059 2772
4919 3501
876 4703
791 5958
9575 6006
118 6974
8176 5705
3064 7285
6390 5027
6822 1184
1835 4239
6125 2546
3722 1735
8232 347
8322 9012
1253 2822
756 9540
7395 5607
1650 1523
5354 4903
8205 7783
6285 1464
6401 6586
6339 8785
4019 7462
6967 2172
3690 812
8688 7442
5737 5501
3031 5666
534 3573
7144 516
8790 7212
5594 5096
1062 86
7884 8824
3488 6131
17 5995
9126 4025
9006 2296
4183 1427
9963 3233
235 1390
6912 7619
2041 6499
7318 5826
7795 3519
814 4089
4350 4470
4941 9778
9822 9544
6927 5076
1272 9520
9655 470
7002 4572
1195 7946
2292 2962
6195 3832
5111 9822
6306 7318
984 1630
2063 2148
1430 4547
7857 1265
7065 1440
2939 5048
294 8175
4193 1015
3988 7457
9859 7704
2517 3337
3748 3719
7081 865
248 1559
2617 3429
3577 7718
7790 9811
4989 5272
1928 776
6705 1284
7826 4586
6186 4735
9599 55
2902 1430
7043 7784
3910 35
9462 593
1665 5665
4869 9480
5531 9098
4072 7973
6847 8694
9052 6884
1419 736
3211 1089
7453 4578
3469 7124
8694 609
1256 7721
4450 2610
683 5709
5614 3491
9929 6239
4451 8931
1309 5811
5373 1052
570 7676
5937 9444
47 4086
4554 4055
4889 3009
8587 5733
9834 6920
1232 5238
9344 3743
9408 6161
8110 2511
8560 7636
4752 7996
5758 9421
961 9393
8105 8250
9634 8093
9223 5122
8755 3340
3386 2071
865 3814
5856 7962
6693 1220
6858 7845
8132 3224
2198 7399
4635 8588
9111 3012
6626 7417
9079 715
4898 8136
7888 4203
1754 6506
9434 4699
3939 5535
378 5311
7399 7168
7175 1651
552 1224
2081 8873
1907 9063
4867 303
9978 7874
7464 7730
4311 9430
2209 7781
7181 9818
8536 6793
3406 2313
861 661
4699 6073
296 4066
9231 3240
2276 1621
5576 2417
1461 5212
6538 9496
6779 6926
1479 5302
2685 2878
7118 4397
1726 4231
1063 1158
2588 8305
9508 7756
9034 26
9519 4388
3656 2988
9163 8161
2394 4938
2785 8798
4250 3975
9258 6326
3391 471
7598 5314
3519 1245
9026 7676
8589 8926
9448 3607
937 1926
9944 2873
1110 1765
7182 1682
981 4651
6791 9069
4489 4892
5427 3657
3609 3710
2727 251
5788 863
1484 5453
3504 6642
263 7407
9278 3652
5062 7446
3163 9858
4962 8696
3965 9685
3512 9117
6526 8465
2158 9707
6735 382
393 960
8800 3973
4223 6042
3667 1203
4814 1252
815 2464
5986 4954
6919 2059
5824 9981
2558 4370
6746 1859
4442 5194
6430 8606
5280 675
5614 6237
6053 7176
9305 912
4803 5784
4815 1543
1788 8463
687 6101
1901 6321
1809 6475
7247 116
2179 2610
4430 7585
7304 1806
6790 819
4303 9716
1016 5968
1104 265
2351 9731
7839 6709
7296 8368
7027 1454
5028 9613
3161 9010
6778 583
7794 6879
8474 5300
5600 2976
9126 3739
7846 2998
164 6684
2712 3847
3590 1960
7515 4068
269 1977
7080 7906
4130 3075
2631 2127
798 2825
8418 1928
4982 5281
3777 7662
7555 2322
4526 1005
6885 8241
8107 5339
6033 8374
1715 810
1213 6085
632 2666
3031 1945
4725 9847
3658 2954
7313 7624
9327 6173
6289 1463
7292 3818
9058 5573
2443 3166
3628 333
3813 724
1304 9947
572 9700
760 9910
3641 4855
8007 8694
7925 6636
2700 4204
2810 2810
9021 2913
7834 4024
9521 3394
4744 9478
462 9891
8262 8992
7352 988
8532 6755
8916 8557
338 3728
5273 7356
2663 7606
6807 6082
6494 1021
7577 9265
4359 7799
4111 6316
300 8728
5313 9854
3701 7799
7689 6099
5115 8195
5885 1621
420 2122
9158 71
2517 1568
3189 289
3204 3078
8297 5552
5434 9441
5793 2203
1013 3106
6948 6106
3687 4807
9030 5930
6951 8435
955 4109
2691 8519
8925 6457
3893 1562
2874 3212
3924 6720
3811 1748
5817 7302
5628 4279
9828 7714
3355 2270
701 4484
7058 8258
5951 4696
3197 8496
8248 8208
6443 7569
760 188
9476 1590
5237 253
2883 1025
3600 2490
9933 3831
4821 6349
4498 3438
3892 2448
3843 5266
8159 1359
5151 8120
1493 7364
561 2062
9984 832
1760 9750
4307 1324
7045 3611
8459 7867
8020 1787
2487 9380
3321 4861
2274 1680
4646 9648
8630 5515
8832 4208
7237 9505
210 7013
2495 7100
3639 1639
5214 5321
780 6413
6335 6498
2847 9479
7234 6165
8119 7156
8626 5949
6976 1829
6347 3236
6889 9708
5337 9309
3349 276
137 3386
2737 4738
6476 2440
8719 4576
7910 8290
3499 5699
2111 8933
1254 9175
8225 2269
6211 7564
8958 3557
8564 5213
7501 6950
4262 205
7033 1199
9803 4844
4964 2411
3524 1589
6516 4768
4571 2444
5370 2656
4959 223
197 85
8529 9508
3449 4141
7924 9561
2247 6614
323 2534
3961 2646
6687 4069
4002 5305
1367 4041
4984 3852
7243 5586
2168 1623
8119 7995
168 9633
6276 934
8179 781
1452 6793
7410 3165
2482 7437
4241 5363
221 7414
868 9680
5503 4498
412 913
4807 3394
6051 4248
2570 4255
9422 794
5338 2668
6385 9305
3512 504
1597 9426
8441 2808
5852 9444
7628 8729
8594 4103
4688 6568
1745 257
3234 9186
6597 1511
1468 7366
4424 8304
4375 8697
6523 9418
4790 2789
9242 7089
1996 8373
2983 5252
8649 7170
3056 4587
631 7267
7795 6452
2091 973
4320 1551
789 4488
6550 3268
6486 2577
6750 8527
5661 357
9784 6719
1701 7652
1858 361
1738 9826
7123 1381
6813 4652
9213 2321
9782 4663
6082 2509
6661 6944
3183 7528
3280 512
7769 5068
6859 276
3622 4494
6381 3204
7879 3338
1527 8507
7959 7161
3813 1628
8729 4691
4366 7169
3652 5020
956 2217
8731 8293
3591 325
7359 2141
4221 1848
3045 644
8172 5228
337 2862
9087 106
8224 3654
5470 8317
2935 2521
7869 893
325 6845
4115 3775
1497 5058
5489 5967
4457 3142
3486 7585
1627 667
4882 1447
3323 4478
5163 7809
832 7733
2990 9741
144 8700
3789 1080
9755 8623
2264 7085
8032 868
7563 3274
6418 5296
6827 1838
3034 8674
6157 4521
6671 4693
1282 8315
7611 1151
1527 9633
4823 6395
8689 5636
2739 1592
5147 1727
5537 2475
4236 500
71 6940
9066 9647
3446 1286
7206 6018
3051 1409
8997 7717
129 6897
3127 1707
7642 5145
3031 8764
872 4316
9274 2664
7303 9403
2939 9272
3561 961
2842 7348
945 7243
2494 6687
6046 1291
449 8364
9256 2234
9412 9755
227 7558
1767 9359
8940 6493
7437 1280
780 7242
3024 1285
108 4317
4205 833
2513 3933
8755 3415
1966 8747
4716 2992
9408 3791
9850 6115
9365 8048
2566 5977
9075 2650
7296 2038
8783 8274
9327 5720
1041 2641
5883 4437
139 8771
3468 1763
7567 413
3662 7376
1162 6212
8275 7699
7664 2729
9924 8787
9757 6153
2235 9350
2428 219
908 1794
8467 8897
1926 907
4713 9700
9859 9999
5532 8441
5950 8247
1740 8688
947 6343
4203 7693
5563 3107
2269 1907
8034 5806
6116 1615
1634 45
2734 8119
4487 1154
2729 8639
8963 7537
2248 95
6327 6268
4113 8070
6444 7825
2378 8791
8850 8403
8113 9079
1334 4081
6667 9293
670 3793
7878 4496
9705 2959
7675 6299
1415 467
2578 9508
1719 9341
4740 2140
5820 7525
1219 7232
698 3186
4480 4734
7900 9168
9419 5395
3011 7915
5483 4982
2592 1042
8838 4259
2613 2347
8331 2641
9905 1971
8270 1888
5487 5376
5721 3902
3480 7330
7694 716
1614 4406
1039 6610
5753 9790
7006 5142
4803 5699
113 4907
5412 8264
8121 1200
5290 7117
4939 3894
6731 6075
7594 971
8998 8215
5625 6206
1349 3534
9721 5130
6105 6660
5099 3783
2264 922
6406 1290
2533 3135
2139 4333
157 5020
6854 7211
7832 6525
3978 9813
1732 4190
8003 1699
9913 5536
9381 5606
6504 9409
4157 4500
5098 6772
378 1277
9366 3114
1205 2368
6013 3530
5138 6912
5407 5025
1063 6506
3838 7943
7985 6747
5679 7913
9948 4521
2645 7195
4160 6746
7949 9659
1938 8559
4924 5723
5326 4462
7935 2843
4321 9790
4953 2784
3113 2580
2827 5756
3262 5826
4728 2864
7266 1344
7405 3136
9208 8695
5993 7682
3297 897
828 8318
4225 3672
6995 1808
7625 4587
1421 4237
2119 879
3928 2000
791 5919
5264 8348
3827 6108
6702 6714
1453 8372
4263 5090
5987 1042
8361 8624
2750 3075
1013 1718
5337 4984
1944 7499
423 4342
7054 7952
4705 4035
3549 1359
9059 2155
2902 5589
1219 9321
6927 7255
5424 6952
6636 292
6677 7945
7067 708
3902 831
8078 8949
3686 225
8660 8827
9193 7024
2588 2195
7965 7135
648 5070
5920 3310
9322 6068
2654 3184
2484 4267
9277 5613
8347 4340
7474 4275
9522 2137
6150 1868
6674 6380
6594 7457
2309 8014
1086 9535
2747 2133
5513 4371
2915 1655
7467 6587
4384 6871
5252 7185
9306 7346
4831 8415
8265 7244
4268 3089
7053 3539
2515 1200
9814 6228
8029 9963
6034 4678
3374 1554
2030 6967
6664 4331
5446 5035
9364 9663
9415 7111
6857 24
4965 3738
2713 6373
5009 5213
4553 6032
4851 3729
4454 8707
5744 4809
6353 3836
9336 9413
3251 3334
9559 1453
2586 1292
4212 3135
6489 2874
7952 5564
6913 9472
2959 8479
7966 133
9378 8968
9418 4348
7609 7213
6427 1011
3179 5809
6558 5600
6969 4265
7222 6573
3631 3197
2969 2009
4490 7856
1818 5679
4971 4590
1711 2075
8699 8041
8794 2301
5944 945
5002 6674
5493 7031
6895 3149
709 9493
96 7886
3348 1523
9884 9494
3063 2852
7440 6573
1974 7677
5427 9882
9559 4567
35 4539
3536 6419
1715 5270
9994 1151
5862 4218
4401 3895
8974 5772
4832 8528
4382 4947
8668 9328
9502 4474
8891 4411
3872 2553
2761 1234
689 2588
3460 2181
8439 7022
913 4220
6735 2030
6697 9588
824 3663
3218 1226
5493 9627
3724 9576
459 8479
7436 5166
5054 77
1609 5509
4676 7901
6442 1427
4565 5342
6389 3572
2558 6868
4744 8784
2724 918
1119 3024
5063 9897
6077 4234
3993 9109
3463 2896
1698 9798
2759 6991
3062 214
9297 8219
6529 4682
5062 1656
2696 4217
1373 6252
8176 2479
9582 5175
9601 6940
6847 499
2633 1764
4586 70
8481 2484
1243 132
7584 7073
827 1757
727 5999
7862 9275
2339 2804
6720 5980
866 7523
1822 1461
1662 1064
8584 9572
9652 1072
7011 2234
1210 704
48 2909
3896 7457
6890 8130
9230 4440
302 341
4819 2908
5383 8970
8107 3085
8644 7848
8058 1349
6833 7186
9551 7276
7074 715
2365 8140
2141 4181
8830 5730
3413 8999
4100 2971
448 7837
3961 5446
3175 8331
4656 8108
1337 4098
6839 4250
6171 5611
5006 5294
4096 2609
2978 810
4983 8819
8649 7679
4555 2173
1812 952
8401 6479
4772 4930
8780 7073
6248 478
8999 8354
3 2151
14 4169
762 4486
666 8206
2789 691
3 898
4506 6999
3369 7753
1768 1055
6808 698
2496 5199
4836 373
565 6641
7645 8497
9436 9757
4590 1713
8705 3625
1348 5726
739 715
3697 738
3365 4574
8656 5646
5041 8658
3159 7869
2805 5000
4935 8430
931 7635
1896 9161
8505 1304
3729 8262
1438 9206
3855 1922
9687 9260
7943 1319
8491 9288
2880 9269
3316 3234
740 101
1735 707
6205 3794
6544 4958
5035 8384
8162 2761
5543 2132
2501 8348
8819 5833
2786 5639
7865 9049
8691 211
6064 1006
2297 9346
7434 8964
9791 6298
7999 1883
8921 3653
5438 4110
7814 7222
15 5518
7652 5256
9202 3423
2895 4957
6395 8184
613 9217
6934 2522
4320 4885
496 1529
5984 9570
2416 2713
9323 8644
8036 6122
2118 112
9644 7895
44 466
8648 5380
1275 7895
8255 3002
3811 6304
8282 6942
1676 1205
161 5800
6963 8307
6542 2817
9762 4795
7607 8204
1152 3602
6875 8806
1052 1864
757 4093
9851 6184
7520 9918
8666 7412
8094 3886
7916 2584
1935 1757
9407 7743
7712 5971
3021 4265
5338 2734
3465 9127
5000 4912
813 2757
6151 9445
7393 958
8096 9287
3595 1332
4532 907
1984 9842
6628 2066
6023 129
3064 5373
315 7350
4155 1183
9916 6827
6493 9184
6356 2556
8094 3969
5897 1383
5202 9081
4722 2900
7420 3943
453 7206
158 1952
4322 8053
5384 1907
738 8778
148 6127
9893 1705
528 9167
638 963
2403 8727
1108 6894
9702 9718
6520 1811
343 5997
1058 7885
9250 567
5226 7212
1682 9779
1999 7240
7284 7407
2415 3810
9224 2978
1541 5177
6883 937
8472 5031
4711 955
522 3803
815 6074
6149 4119
8057 1519
2442 9477
319 2169
9017 6433
8909 2374
2511 8818
9856 6132
7623 6695
2953 8194
5549 7199
5093 2505
9944 943
3326 89
2407 5711
8323 6818
3154 8371
4394 9569
27 8835
7607 6778
3321 3345
2059 1979
5528 4174
8135 1386
677 880
351 1961
4067 1234
2256 1999
9966 9826
2488 1207
7054 5500
6809 318
3470 8322
9989 686
1733 8003
9518 434
1510 1025
884 4140
5448 6800
7594 5966
9606 1682
3938 3866
1236 5769
1569 66
3381 5682
8527 5479
5896 539
2960 1353
4027 3197
2276 1927
6804 9468
8378 7460
7341 8092
6665 9245
6779 1968
676 4346
6504 425
8832 1442
7740 6861
7022 8607
5487 75
2111 6113
9054 9367
9162 9117
4801 3265
3791 9594
1964 7588
5292 2551
4933 2188
1587 9389
5167 5195
8936 3669
4472 15
1279 9770
458 6156
3595 2710
8309 4496
2033 78
4474 1565
182 1551
2464 420
9533 4080
2395 3397
1400 1682
6022 4753
8204 6949
1200 691
2845 892
2423 6068
1335 7537
7427 3793
4585 5831
5945 602
9408 7831
5229 4707
3821 9393
242 7339
4143 4901
777 6880
2917 1130
9037 1858
9117 2354
1916 9073
34 9015
6287 7294
7254 9284
9003 2784
9328 4922
3490 6707
3746 7624
5367 1103
4652 3607
4827 1015
7499 6625
8263 2563
3636 4476
3484 8646
1532 7461
1131 961
176 1906
1393 4243
1501 3296
3096 7628
7410 3894
9428 3714
3682 2175
2073 7772
2519 6838
1049 8927
4719 7677
3217 3756
9872 2978
1157 2957
9475 2094
1744 1387
447 215
8102 3267
9934 7923
6575 9291
1332 852
5496 818
9821 3288
334 6967
378 469
6023 8860
4155 1741
3483 4908
3341 3798
5413 5808
2881 8183
5033 552
8177 4064
5563 6421
7966 3402
6587 8553
1275 7797
5689 8967
1342 4062
9977 7567
1817 4847
5702 4974
6150 6003
311 6490
8947 5565
711 2723
4174 2549
2164 9927
7828 7290
1257 5708
1775 1057
5859 3857
5766 7263
8874 4398
3038 7199
5814 6206
3121 2899
807 5393
164 7983
5337 2213
9430 8581
4044 811
9404 2897
4615 5338
5328 5925
8438 4371
9116 8174
7608 2696
2610 1965
5127 5684
1422 8106
6794 4688
8879 143
410 5316
4312 845
4521 405
6030 5006
8969 8028
2798 7969
3638 5445
387 7337
5185 6438
9049 4301
1889 6924
9975 4832
3437 2039
7383 8105
3338 1023
3222 1582
2290 5829
3317 3329
4164 5643
3099 844
8030 2733
5687 7171
1015 1539
8790 2296
7875 9260
2443 9569
5716 5484
9824 2554
8311 7416
7432 1355
920 6537
5112 5052
2943 8463
1973 8931
2672 2273
1296 3218
4996 4970
7470 762
6670 2661
5929 3481
9344 4560
1905 3186
7953 3106
6706 7590
6058 1066
5299 4625
4287 5577
8458 4194
1545 4769
1684 5224
638 5699
9877 3860
786 8405
1218 550
6701 8377
2874 673
2590 4200
1571 6783
9255 4186
7367 1162
7677 1330
1081 4037
6427 1941
6637 227
8676 4651
565 3046
