placement model: 1slider
width: 10
height: 10
number of points: 2000
4473 9883
1433 2494
933 6680
5313 305
6839 7027
3973 1315
8516 7236
3321 9718
5008 530
1344 2547
4435 3836
459 5511
1298 2194
4631 7737
2845 9641
5742 423
3344 6804
680 7340
5244 7130
9994 8293
4329 6399
6719 4460
3886 378
5646 3505
2591 9985
7732 3246
376 7758
9722 5171
9638 2622
1421 7357
9932 6696
2427 7469
4969 6681
5392 3282
9613 5385
857 4308
3201 3494
6224 3806
6631 8767
9882 5983
4152 866
7173 1984
5941 3126
7945 8213
5814 5570
2346 5816
201 3711
142 6061
833 481
6105 1159
5724 4683
1759 2234
7988 4553
2981 6983
614 3422
6671 6399
1010 8393
574 783
2228 7027
2355 4066
2137 8455
6517 8080
3285 8648
1638 3059
1124 5207
5695 3322
5505 1976
7909 6171
1999 5590
5944 4374
9685 7464
6018 4261
7662 8215
2122 2378
823 4357
914 6196
2641 569
8483 4724
6284 9906
648 3935
6621 8278
7590 8413
2464 817
4425 6452
4694 2156
6705 9317
6055 4180
2071 603
2078 627
7476 8475
5095 6343
8725 3124
6666 8221
7848 8791
8228 9648
7724 5280
984 1190
6806 5660
1069 765
8973 6948
6716 1914
6916 8403
3933 8656
6308 2099
1505 8787
6044 4924
3460 578
4594 3613
4870 9335
9954 1125
9940 240
7956 7898
9579 6191
9546 6821
9117 6352
5082 8037
5588 2460
4101 166
7042 4634
792 4035
1312 2230
3704 5060
1434 2477
8005 299
626 517
7971 3477
2809 6843
490 9292
4174 276
3541 1384
5313 8291
7517 6314
7708 8182
1221 8330
9100 9521
9334 5188
2140 9541
2465 4813
2657 8794
2318 1985
8852 9337
9232 7681
2031 288
4961 6836
9833 9478
1045 647
9712 6577
9175 7035
3192 1132
6393 3941
7378 3821
3289 9707
9002 924
335 5176
7422 4610
3551 9688
8013 5135
5528 9761
9586 8976
157 7221
905 378
4189 6099
150 1017
9816 8474
9263 2663
4010 5041
1088 3148
6672 5486
8768 7549
9441 6768
4057 5501
8195 4596
7792 8329
5806 8331
1174 9398
7760 8665
3650 8300
4172 5920
1411 9039
6554 6431
3227 8302
9912 7026
8301 3064
3497 4678
8089 8092
3409 632
1578 8136
9338 3516
1341 5190
6399 9171
7512 8215
2933 2418
1907 1951
8410 9418
4472 9456
9688 9294
6050 6272
7912 3391
3620 6710
6352 8206
4692 2317
8579 3622
6765 3838
9132 4134
334 8597
7079 3200
8254 9670
5150 3179
9513 3423
674 9408
8439 9833
1308 7975
6854 3493
8512 5934
7204 3304
3487 1743
5952 5076
3244 6397
3332 499
8793 5543
2339 2669
6642 6691
8876 9089
4647 1986
9687 6946
2736 904
5768 8325
5500 6950
7736 7383
1350 103
6950 1415
3820 8448
5181 6521
4520 1172
448 3125
4999 4326
5201 7622
5527 180
770 6364
3900 1737
8182 7108
178 7791
693 1298
8589 9979
4754 1380
904 2244
3571 4319
4441 2815
19 5831
2312 1270
8670 2582
707 5980
2474 9651
792 7175
9899 959
3713 9257
1794 5722
737 2921
782 1119
8376 1876
793 5326
8048 1729
9861 863
2434 4283
7703 4722
9872 9661
1057 8667
2355 4273
1760 3050
752 2480
949 8538
8033 2008
6841 4106
4300 4638
485 5926
6266 5655
3744 5347
7642 2518
7745 4337
9850 1397
3260 8465
7045 948
660 6124
5931 3801
7429 5958
2217 6310
6875 9011
7674 1551
2495 4678
3146 4125
9658 6298
4234 6118
8850 766
362 4735
1079 1921
9005 1336
5801 4203
7176 9296
2806 3353
2024 5440
3094 595
3518 9103
2604 5143
3469 4282
7987 8188
2330 3960
9012 8822
9687 4974
7193 7834
8781 3168
3769 6586
6307 5922
1801 3936
7124 2715
134 4602
9852 4303
4336 449
474 4264
6386 1969
1794 5695
7728 3257
3689 7050
1045 9150
4645 2301
3191 157
1591 6631
8070 6479
662 2869
9256 3643
9464 3577
6649 9741
8736 5170
1085 8079
5635 3095
2962 204
4295 6070
5861 5445
5598 9010
8389 83
9309 8790
7800 1941
7190 307
4371 494
9224 7577
5817 5354
5645 308
6742 2430
555 6274
3248 2409
353 1542
8609 8145
3193 3759
470 923
2120 8219
3121 880
5957 9616
9783 1006
1340 5187
4310 5481
7115 3934
1172 111
2449 911
3313 6551
8224 8683
9313 2482
3334 5225
5636 5392
1020 6060
8742 3795
6998 7827
1975 3911
6792 5669
7202 3279
9044 8494
4536 4101
6998 9491
6747 5536
7601 2872
916 5424
8411 5496
643 7498
4798 9036
1244 1609
5343 2867
9770 7706
5514 7372
1685 4568
3100 9459
5941 7579
5848 1143
8083 9899
9241 2059
1213 5131
5813 4410
4788 9787
1584 5274
410 2728
2691 3567
3831 2894
1113 3972
6031 7303
7858 7647
8411 6292
927 4983
6898 5620
9338 2084
8366 5912
8356 7995
7327 4323
3057 7245
5075 9562
207 793
9259 5140
8013 6905
1090 901
7769 3112
9301 7759
9567 3370
5772 8936
5234 9113
5932 6313
1505 9715
7554 2398
3261 1025
8047 2962
3374 1589
205 7288
9494 2619
3498 7808
8444 6627
4925 3598
9087 4751
752 10
3909 2465
5050 9949
5126 7002
6847 603
1902 2622
947 8270
4542 876
596 2078
409 8933
9046 538
2472 8807
8851 801
1428 8523
8353 5194
7629 2666
9820 2870
214 8400
4746 4790
5425 2362
5190 3662
2160 3658
9802 2022
4517 9772
6675 8816
8358 8795
1983 7570
9520 3517
3902 4298
6094 3480
2833 3131
5966 8520
9329 493
2330 2581
5346 5739
3830 5216
7103 9480
8136 6636
7836 3368
7520 487
2267 8522
4206 7064
8671 231
3626 1294
4539 4188
2466 7990
7603 1502
1515 7809
3552 2096
7249 9629
8462 784
7662 4061
3450 7707
8137 7131
95 2999
6262 9648
8435 7067
201 7901
7088 8493
8202 5422
4685 8540
9716 7243
288 614
5963 209
1488 9173
2982 9286
6608 5234
4003 9642
8758 508
5441 1678
8198 267
8194 3246
6360 6513
6690 3771
956 6021
505 3256
658 2705
6484 154
152 2513
3505 2744
6951 4022
1173 751
8339 2905
9415 1800
8787 9770
4106 2035
732 2621
9894 8342
3710 8843
626 2731
2057 2121
1611 2946
9561 4702
8198 1431
1152 140
4557 8629
4785 8658
4194 6756
5319 8011
5482 7240
5614 7947
6342 8065
6491 8230
839 6342
396 955
2480 5867
6597 8435
1804 9792
3609 4107
7641 4908
2455 9340
3551 9046
8544 826
6143 1964
5766 1713
9269 5256
5357 1600
3221 5712
9293 3352
2499 4674
8159 9352
7219 9442
4705 3530
7976 2553
7555 9745
9257 5200
1125 5949
1588 4280
8858 5444
67 1417
824 4154
7381 1641
5183 3270
184 2213
6886 3252
4220 387
2584 319
9321 5672
7532 8897
7213 45
2870 477
6124 1410
4066 8495
7001 1701
9817 1392
1425 3878
3529 7678
8558 8831
3953 3967
3980 1791
9888 2332
7837 207
9145 2779
5847 51
9050 2518
5895 520
1981 7529
4569 9537
1989 8846
5425 4179
373 9261
6238 6800
6697 6191
1263 505
2271 7669
2778 6430
769 3224
7776 8353
8929 1397
8 9964
7485 8831
7734 511
9537 4268
8560 9727
3529 3041
3113 155
5302 4793
6267 575
4257 6768
4199 7907
5508 3581
5700 8915
8298 512
5394 5914
8491 517
9946 1473
9324 7362
1205 3027
5961 548
2206 3375
2687 4629
9905 5214
2094 5379
4687 8337
8943 474
2454 2756
8501 6738
4421 6733
1758 1745
64 8083
4359 9937
6065 989
2510 8932
5611 190
3534 2707
4356 9554
1471 8900
5064 6064
1726 7744
8099 8353
4105 6394
4836 1054
3471 6836
1424 3487
8323 2301
924 3251
4771 7284
132 8810
1704 7222
1727 9946
1971 1548
1346 8108
1961 1236
1251 3272
3020 5588
8603 8708
8851 1353
1312 9107
8502 5767
3084 6621
7102 7344
3444 1529
7693 7173
4000 3997
7756 6315
6654 4977
2434 6989
4463 7749
480 988
5699 2573
1898 8624
3729 4590
4356 9788
4978 2726
2267 5083
7595 7891
9756 1349
7068 1214
4468 3433
2396 4515
1207 6809
4003 6365
3868 8255
8702 5331
2118 1310
2385 1459
6290 5174
3231 6551
8244 5553
8102 7860
4743 6422
3336 2139
8778 3344
3383 5311
5203 4581
821 8181
5877 8885
7551 6693
3523 1487
8511 8247
3413 8290
4488 5905
3440 6460
54 5644
7092 3234
8406 5633
9201 5754
5175 5592
7154 5545
1951 1210
5951 4436
8919 2316
9681 285
7124 2269
9704 2645
4822 5361
9609 2130
2822 3320
4658 6072
4296 532
4198 1315
7699 6473
4296 6602
811 617
9125 1545
4161 4125
2347 4714
6970 1034
4550 9036
9584 104
7199 1954
5936 6478
6587 7595
4211 6381
1453 2471
3238 2437
4530 7415
7310 5020
2959 2507
9224 5166
6092 7214
9376 1585
743 5217
1650 7911
4576 7417
4171 4760
5327 2435
6837 7845
2623 9355
6784 2279
8526 7302
7168 5327
335 3844
2761 1249
3591 416
7311 7986
3348 8975
2442 3294
6702 8970
4492 350
2559 4189
8597 7401
6336 712
958 2449
8963 5140
8861 1932
1824 4979
2358 3571
6454 219
9196 4840
4833 203
3993 2583
6935 4887
5069 7093
9617 1994
1617 6753
555 4288
3943 5177
346 5611
6944 1024
8798 6171
5089 887
6235 3697
1539 2574
9802 8995
7603 5827
3844 2640
1662 7121
9889 1827
1445 6409
4936 2027
3263 8727
9772 2483
1458 2009
296 3145
5165 7306
4272 3912
4118 4955
9611 993
3409 9516
714 6553
9318 5920
9884 257
2432 7431
2932 12
1532 2413
1786 757
5343 9919
1978 7189
1509 7729
1529 9502
1351 5920
4631 7297
1027 6099
9757 3471
1134 9984
5802 4285
6315 8962
4703 9293
7092 8126
2535 151
538 4733
6550 1802
3491 1149
2182 2947
2348 4203
9272 6002
9896 3979
1959 9827
9101 1426
5682 8515
600 4500
4970 7579
8963 815
4463 2883
5044 7544
7913 2251
2889 5253
4520 583
7157 5435
315 8575
8423 9685
7410 9313
6374 296
5655 1043
1800 7875
5315 4078
709 6154
4270 265
7651 2364
1795 834
7183 7470
1485 2829
4920 5990
5993 7898
8563 970
6705 1919
7250 2814
7827 4857
9756 3297
2623 515
4733 9088
2420 7173
1763 7836
3928 8902
8713 6555
1212 1640
172 4071
7963 7304
4864 9471
8601 2561
1601 968
7293 7110
2297 7436
5365 7472
1239 639
9892 4858
861 1601
724 1814
7359 49
620 675
4254 3473
2559 2190
4370 5675
6416 6670
7543 524
2130 7145
8010 1
996 673
3862 3737
9591 6560
5577 4932
5692 6053
5349 6227
4515 9341
5989 9159
8117 5786
7841 4571
7657 5443
4081 8375
7659 1554
7082 1312
7794 1639
9547 7129
4897 957
2839 4747
436 454
8109 5431
202 4539
861 7266
2233 2760
9734 242
7830 3824
9432 6678
2366 8312
2963 1798
9596 6905
2545 9961
9892 87
2003 3799
9642 4247
2283 1638
1304 8839
7494 6444
7339 2435
7197 9297
3963 5948
6072 6472
1930 692
4838 1255
3365 3335
2700 1623
250 2954
1386 5958
4250 1211
7327 252
4533 6663
9464 5118
8463 6442
1404 6951
3344 9495
5792 9651
8774 8051
9766 6810
4749 1236
3095 1351
7877 8259
3799 5066
5222 811
7150 6844
6391 3345
9177 9009
215 9796
9692 1243
9411 7970
3449 647
9586 5822
946 536
5666 2946
3714 7477
9595 3852
4975 5125
8866 2095
1464 853
2118 8091
9907 2204
115 7291
7209 7365
4760 698
214 5696
8933 6674
5752 7079
4221 6188
3548 4461
5832 1712
9371 2403
4621 6421
9993 7319
4488 869
4867 4086
8345 71
7477 1051
3921 8690
8382 4616
9932 4398
2967 1789
6937 281
2999 4931
7033 3525
9575 2114
287 2165
3544 9288
6018 8482
5227 6756
554 8172
7241 4413
9532 4443
3427 5045
515 8341
9359 7189
9202 2420
5578 5864
1588 2055
40 5105
4471 460
2776 5881
1664 2647
9724 8228
6722 9427
9937 7043
7996 2820
5351 3850
1642 5752
3929 7839
7372 4192
517 5690
9043 7190
3656 5640
9404 4334
6498 8105
1913 6495
8203 3577
5536 7347
9874 336
3811 6028
7595 8606
9078 9713
240 6102
3376 1396
3910 3676
3045 5977
1098 20
9434 444
5775 1916
5397 5656
1880 9003
4748 3341
1911 8568
7743 4497
9940 3822
4968 1415
699 639
708 3201
8736 4158
9069 4350
4920 8383
9941 9190
6539 4076
3158 4920
6489 5916
9302 9644
3941 4696
8645 3858
7284 7941
3375 1129
7264 2501
1872 3237
9138 4110
8380 4980
897 3536
7551 7236
8582 7484
9003 4205
6908 2847
373 3927
59 5392
9183 4752
3391 3574
6711 9506
498 5157
1466 4552
1873 1551
1167 6001
7864 852
8082 2133
5678 9019
8287 4278
4784 509
6217 5416
6988 9871
2667 3270
9870 4377
8770 8
8265 6761
7066 118
7018 7615
5668 7276
3496 4212
8998 7938
2065 2437
8016 9836
4328 7919
830 9444
1702 1835
8050 429
4607 9888
994 6438
325 9885
2868 282
7652 9833
6889 3817
6582 3471
2449 967
6311 9007
8795 4556
3907 102
6815 6340
3717 3764
308 23
3319 9443
3741 5047
6346 6804
5445 3995
79 8236
4357 1443
8381 892
2960 5604
1304 9163
8613 5191
4980 8732
4125 8321
7861 1070
1350 7044
5054 9447
4965 128
7815 2877
5568 4501
9532 3969
6103 3432
9323 895
3826 7346
8156 1231
5620 3059
321 5434
4734 3889
4861 1415
8220 2198
657 5072
121 1402
1488 219
6050 4834
1833 9244
5377 8364
2779 9568
7124 1904
5021 6183
6191 948
9836 7188
9858 1640
4791 403
5618 4461
3753 9623
6087 7054
6387 1755
4685 9626
8168 8685
5151 8342
9605 5173
302 4139
8951 7737
3697 2966
5442 8337
2917 112
2819 5723
8064 9492
5477 7673
2346 3785
8451 9016
4591 1962
5751 8157
4124 3281
894 515
496 7163
9995 9884
6627 5368
7205 8020
5426 2936
309 1923
5956 5663
8925 611
5235 1956
7330 1756
6629 898
845 4982
5391 5785
2885 785
1768 4172
7940 7878
1094 8900
2040 3835
4265 909
8336 3229
4765 4986
981 3184
7290 1202
4383 239
6773 9989
8278 4957
6983 3694
3831 7491
5938 835
3382 3014
1524 3906
617 1234
3117 1095
2067 315
9793 4027
8680 9320
7750 4663
5732 6707
2060 5127
1267 6090
6452 2375
6341 8821
5622 6144
2306 5881
8218 4307
5266 510
2299 1525
2553 7434
4496 3314
4900 6495
7067 4634
9896 2781
8555 8924
5139 5172
8663 1893
1003 2381
6612 9044
527 4031
4618 4694
798 535
8811 4053
9525 1949
5974 238
8142 2245
6099 4331
9137 3263
1992 1811
8746 240
2725 6455
8085 4272
5109 7306
8408 5829
7140 2302
5423 6175
8492 9240
7428 2493
6802 4575
812 9330
6063 7130
7871 5495
7895 6838
5785 7982
865 2205
2622 8641
877 7689
1095 2997
1403 4883
6750 2917
8282 1652
192 8541
8998 2878
4789 3277
8344 6126
448 1362
5359 5377
9097 2412
7562 9232
8832 6891
6467 7516
9247 2911
3820 8697
2055 5316
6319 7667
1276 5286
6789 917
3310 1708
2160 7206
4919 6331
7207 8441
2900 5144
2540 7979
5303 5695
8056 8864
7455 6097
5086 2205
1430 3742
7051 7389
7375 7500
4202 6306
1626 8376
8567 5277
2583 262
9230 2084
9382 1698
3450 7346
7715 122
538 190
5051 3648
7956 8501
8140 6367
2169 2808
3274 1296
2613 6563
9847 15
3744 125
4428 2568
8143 8105
9506 6315
6049 3380
2732 2100
4276 4871
5257 4499
8570 1706
6031 1301
3089 2904
3299 1970
3971 6703
5992 1078
1909 1122
1033 4686
176 6438
9246 1047
7628 8515
7547 9273
3674 6760
2714 6562
21 5688
2078 3847
5397 479
6877 3908
5062 3131
6579 7389
8965 9911
3504 8942
8210 7892
8824 1864
2956 3933
5959 3140
5363 298
6588 5236
8778 3305
4690 3113
1507 3160
6132 8589
2527 2793
4409 9927
6630 5662
7408 6870
3160 4028
4763 2305
806 4176
45 3970
4041 1313
3926 479
5720 8704
4758 2531
3401 758
8940 7230
1795 883
5131 4234
6926 3790
8269 1124
1162 5651
2399 9445
546 51
1969 3835
8694 7162
6257 8394
3789 5544
966 2319
4675 7749
5360 5917
1892 7472
2518 8332
1233 5731
5116 3513
5430 4811
3103 1222
737 7413
9369 1826
2441 5516
790 7901
3922 9115
9278 1530
3319 295
7549 1565
691 1263
5034 227
6548 2417
3165 6834
5093 6923
4587 106
3428 3989
3875 5385
7263 9957
5109 110
2944 6120
3226 5657
4725 3666
4940 5295
3885 7073
7682 2767
9277 1052
3624 6405
2311 2869
7044 7717
399 8372
8092 5891
9926 2602
2827 4983
190 5018
6651 5107
3053 445
12 794
5863 7278
9333 7160
5710 6570
608 6583
7079 6804
1182 8744
874 7249
4373 8183
2172 2077
7573 6428
6607 8991
7676 2130
4312 235
2777 1529
6869 732
9726 676
2955 1285
9883 8650
5726 9687
370 3834
4141 3242
9668 5885
8043 1061
6069 1743
3779 8968
1745 4609
3594 2060
4777 1733
3256 320
2082 9845
1606 9565
7525 63
4974 1004
4206 9255
462 4093
7852 3870
1814 5406
562 5436
6236 7359
247 7325
5607 9817
8395 2760
8240 8372
6443 1293
3762 3531
6698 577
8516 4665
5334 9557
2268 7879
3754 2713
410 1065
7184 3031
8653 556
9730 4151
5560 4491
5992 4940
2487 2163
692 4697
1771 8507
5848 9554
970 7448
9840 7251
5492 748
9252 357
7720 3156
1215 4196
5231 8739
604 3848
947 6619
8563 7249
801 2896
8305 2208
2791 3001
8237 5335
9617 8453
9767 7612
3996 4621
6993 7486
4517 9985
8921 5680
7064 8358
5302 2827
3662 9022
2044 2798
9488 8291
2450 4310
8971 3467
5138 8399
8039 7467
376 9835
4369 1108
5088 3076
579 3976
3636 2647
9613 1350
4631 415
4033 1620
8525 1288
3831 4235
1029 147
2203 6977
919 9118
1347 7076
6892 5703
8305 7241
3957 4937
6762 2879
8893 5053
2440 5905
8663 2290
1201 4365
8502 3310
8063 1073
140 7459
2892 8127
9565 9252
943 3364
7427 3506
4085 850
9506 6933
3011 9799
1728 3077
4066 7318
7297 4327
8731 6237
2204 3329
403 7352
655 4951
7500 5436
5330 3937
7335 5310
5222 3121
5026 9474
8600 4696
7199 6544
2304 4639
4177 8575
5155 7476
5872 8211
7922 4665
1077 2956
603 5341
8879 9357
2495 7553
9180 6164
3913 2160
7877 9591
8704 4426
6669 8383
6558 6030
2736 1482
7808 8760
7644 6176
8926 7491
7395 676
6316 9847
8600 5925
8393 9598
3262 7934
7088 1707
6047 9164
8913 2936
3079 4695
7108 6896
1287 4186
6613 3660
847 5822
3444 1918
6841 4666
5762 2524
5604 3707
8969 1480
5587 2554
8682 6417
5575 5408
7786 2454
7047 8571
6019 9993
5459 7048
3430 7273
37 6397
8764 5494
9577 7060
7760 1246
6973 4069
4304 2940
3534 2439
4670 8952
8448 9968
3145 383
3542 591
4259 7719
9278 7309
5945 6526
109 1203
5600 8983
1143 6191
6293 589
3325 886
1930 8310
1499 2768
5304 1575
5411 5831
1972 5752
4580 9523
1880 7760
3458 506
3350 739
942 9705
8655 3772
7452 8124
6222 5974
3794 151
3407 1875
5938 4819
8323 9437
7459 3823
6013 7914
9272 3720
5854 3843
4617 8129
5782 1801
8635 9137
4965 9413
6695 2021
7387 2629
5391 6215
2962 4486
6370 8181
8310 9464
9720 6607
4219 7097
1802 3156
9873 2586
1147 7578
2043 7010
3317 960
5216 6399
3998 8721
7328 5654
921 4781
327 4529
6443 4341
5602 4397
6599 9690
4182 7299
9605 4011
9276 2234
4269 9989
1217 2535
2040 7371
264 4001
3260 6630
2185 1180
8103 6889
3272 3095
1118 4570
331 9417
2688 6726
4612 907
5087 2401
7408 923
5714 9691
164 5417
3176 1192
3570 8377
7652 312
6358 8724
8789 3951
8774 1121
1528 2207
7730 209
3545 8665
4414 3482
2311 9942
8791 5760
4597 8880
1513 3720
1865 2927
4633 9854
4580 7276
3857 6469
7620 9681
9641 3333
5603 458
1727 9432
2667 3403
4454 3689
4518 6753
4792 6559
9844 3520
281 1468
1365 2697
4202 8915
7147 1584
3474 8128
1044 8034
2372 7351
2695 20
4757 154
194 6219
2699 8753
2063 4893
4906 6700
7016 3740
9752 7700
6599 7321
9355 8545
1019 5415
7666 6795
7612 8755
854 8079
2580 1456
1403 1959
5828 2498
2668 1205
1254 8691
9514 2936
2446 5773
5571 7112
3959 7282
8568 2049
7687 2989
4388 6315
1306 6823
9680 4473
2166 3294
6589 521
8415 1447
5741 4956
7822 8827
7649 4577
1494 178
4928 8826
3692 5287
5744 2825
8599 8457
7163 6466
9955 9011
3410 7695
7817 3981
4639 9212
1830 5250
8674 5858
6022 9501
4496 2003
2391 8016
4215 9641
4490 5490
5615 2764
7798 2224
1970 621
2423 5056
8874 8640
9305 8258
1016 6775
8719 5324
3768 5820
8927 9869
6699 2812
3322 8126
9798 3965
7906 430
206 3094
8715 5609
6586 2767
5094 583
7356 1820
9628 2899
2659 2452
9638 6968
1168 9896
4525 988
1574 2445
8228 8211
4486 76
2262 2988
905 56
748 6683
2143 2703
7808 2168
9319 8671
5157 2651
3410 1979
1128 7877
8873 1345
4668 6144
3100 6417
5455 4679
9642 3650
1717 3248
5439 9637
3944 9582
1212 3048
8212 3138
5425 6794
3102 2248
8777 3586
6591 2965
9815 5499
4004 2186
7438 1421
5796 1790
4665 7126
9419 2568
1145 6883
8277 8512
5778 9834
3226 7266
3174 4084
835 1278
3142 3614
8289 2848
3781 8775
8952 4063
7527 3618
3111 2074
2010 9022
6346 5375
5533 9816
8249 3234
8118 9399
42 9715
9974 3635
1271 8967
9799 6699
9584 698
7114 1339
2412 2681
9175 1490
7871 2725
7859 9728
5906 6121
996 6896
3206 9045
6908 4168
5102 6924
63 1464
8498 5306
6767 598
865 9509
5322 4233
5034 1370
2616 3423
3720 1061
29 1365
9621 1050
2344 2522
3534 489
3709 8089
6070 4527
5249 9485
7134 2604
1941 929
6996 7043
3271 1054
6265 3283
7931 9280
6849 5228
5868 2282
9185 1370
6854 8845
6024 3904
2578 8006
1075 1258
5825 7267
4577 7573
6316 3394
2489 2309
84 1039
9693 5953
7726 6938
7045 4888
7542 233
6853 4243
2901 7885
3250 9231
2371 1198
7677 21
6107 4014
4905 1436
8470 9478
2447 9456
2455 2256
4901 4189
4088 190
7463 3133
1480 9212
4792 3012
5147 2102
9735 8898
1193 7066
5641 6830
2590 7584
443 9851
5106 2945
8606 4634
4156 411
7096 6765
7995 570
3286 4318
84 1029
2015 391
3991 8144
1571 6842
201 7196
9719 2760
6606 7335
2496 722
7133 5924
6360 6569
459 7956
4558 3857
9608 9236
3914 2208
159 2400
29 3134
4252 1568
8411 2794
3319 3163
3994 4043
6429 2617
6631 5016
1720 7090
6873 9038
9472 9142
8484 6074
9978 5498
5369 7481
4229 2869
374 1727
6542 6845
6550 8743
3396 9304
2782 9806
7187 4645
7037 8934
3149 82
965 55
3143 5090
3554 7938
4382 388
4507 7584
6759 1295
2064 586
2864 2361
1136 1389
9334 9300
7889 4153
6519 8300
7829 5055
501 5479
7520 9870
3200 3187
8797 7210
5673 7623
9704 6227
5103 3280
9059 5572
307 9563
6493 1742
905 5908
5371 3550
1351 2036
8770 1208
2980 6821
6965 6355
2270 8340
2315 161
1458 305
1430 4510
798 2442
3033 932
1086 7937
7182 8425
453 4349
4117 8514
5328 9126
2315 3906
4024 3454
8600 4189
7454 3382
