placement model: 1slider
width: 10
height: 10
number of points: 4000
8763 1802
4975 8960
5186 8765
9274 56
7109 3052
8513 7003
2765 4724
8711 2503
4998 5754
5938 3625
959 8465
7349 5827
5020 1267
1853 4936
5875 3978
2193 2090
1253 682
2501 5766
48 5604
1368 645
8724 7367
3187 2033
7614 8330
1298 8689
3909 5504
2800 9184
8856 4132
5160 2820
9867 3153
2606 3125
2309 6753
1892 2288
2115 9686
1961 9897
5719 9672
7973 5611
7464 9877
1645 3527
4721 8619
6938 5020
3238 1286
7810 5312
5361 9389
1205 7307
5640 6660
1668 3481
7346 5152
2493 8040
8953 5520
4964 4092
1514 9675
1069 6972
5969 118
5721 3369
1237 8338
5059 1137
9568 7259
5065 8906
2386 6707
1039 7764
6566 4497
7476 6346
2751 6644
3425 8563
3492 5317
8592 2041
6253 955
5964 7131
8341 161
9809 7738
8360 3038
9054 871
4483 3102
2901 304
8096 923
1903 6955
8811 713
9310 9690
6465 5725
8602 1990
3254 843
6872 5743
889 9469
1368 7668
8808 3008
4565 8927
674 5734
9562 4233
4737 6282
8081 524
9542 1147
1495 9762
1580 4092
5946 6272
6158 3653
528 2756
8407 3851
3280 9994
6929 3693
9902 7167
1710 3092
1911 8284
4363 3362
5764 102
2462 8116
5420 8193
9626 1155
35 8335
7197 339
2318 8700
4628 9444
4755 6731
1559 4136
4207 4464
2498 9177
5393 6219
5545 5331
7132 180
6488 9319
9279 4123
787 7633
722 2523
5333 5912
2309 4861
9481 9296
5901 2516
5808 1359
9822 9603
8096 4535
9479 4538
2920 6336
6524 7157
276 1281
5798 1108
4937 8794
7373 4262
8916 6239
4940 6711
1879 4647
7472 4116
5702 2339
4792 9077
2846 8552
2845 911
2793 6020
1018 385
8787 2438
6495 7275
9820 8954
4253 25
579 2523
8197 3186
9396 3883
6902 6781
9593 8644
5031 4231
3832 4983
6801 8011
2906 7826
375 3894
8459 6168
7291 3917
7026 5555
3462 4713
4599 1350
3032 8816
2212 8417
7372 1307
1097 2762
3346 5013
3889 608
9905 8438
9142 7602
8256 2808
8092 6325
7198 7498
618 3765
5744 3720
9119 3141
1080 2994
4630 5484
1443 4283
1026 517
4776 4331
3718 4619
211 1611
4183 7528
222 5667
6418 5897
7042 7163
7754 2467
8530 1589
983 7885
9653 3289
3557 4394
9293 8609
5616 2705
865 2867
9781 936
7145 1163
3214 7373
4150 6075
2167 9191
3527 6030
3827 8611
108 2916
4979 3316
889 5247
8060 6845
5334 4871
8508 7395
3920 7299
3584 1674
6845 4791
1728 6948
5889 1526
2828 4705
6346 4311
6393 6518
555 2981
1410 2292
8106 6265
2638 1321
2703 3786
4370 2675
2071 8471
7786 7800
7944 5708
446 9453
1564 4581
2640 33
6608 3968
2044 2456
3952 3529
4499 1733
7038 1822
7708 7175
6444 6277
7826 5253
2848 3560
2484 872
3419 5144
1660 8584
9107 4730
1717 361
5115 7287
8543 2596
1529 1991
8022 5764
7320 1043
2576 1373
3589 7810
7644 6811
3482 9190
4695 2638
1409 3679
1362 2927
8672 6030
4343 1551
1065 4277
788 5835
6160 8134
3846 1374
5399 7085
4042 8219
6156 9631
9585 7858
454 4164
5103 2246
4295 4105
7869 6628
8387 7715
896 2032
9813 8380
6122 6574
811 3121
5241 2152
1807 7652
7063 4575
9880 7593
5256 5984
7022 1950
3061 935
7149 9726
4818 7114
9686 829
3718 5225
2165 3173
6728 9867
6665 719
3097 5732
8757 224
4467 2659
2156 1393
687 6590
4385 6485
147 4349
7348 2794
580 8636
3744 5021
8112 6722
3180 1696
3138 3103
8723 298
9270 6509
6826 7478
557 4209
4046 2889
1089 678
3763 9776
1742 6198
1363 5830
6038 7045
9979 1565
544 7824
3856 1788
4533 7553
1240 8525
361 3142
3598 3348
1696 6532
1238 3842
9603 3634
1348 9561
8608 3649
1422 9329
663 8966
9005 6395
7310 5281
3561 859
7292 9933
1720 2025
8474 4646
1687 9350
3190 1986
4266 3062
9583 2518
419 6301
1902 368
4474 9536
6026 7239
193 2783
4068 3828
6511 5146
6635 3483
6141 4025
343 6518
3136 6617
3212 8476
9671 605
5811 1400
7589 3682
709 8809
325 9774
4076 2864
6647 1650
7743 5824
4614 3447
7927 9499
4018 5285
2419 9703
3271 9511
4350 849
2049 6998
7505 6570
786 6226
7477 4004
8298 2410
4321 3873
4149 1867
4800 896
448 1056
8324 2587
1203 7971
9001 2011
2477 189
7437 6958
6115 2736
6260 6107
8823 5409
9605 1639
4254 530
9292 3704
8214 6222
8260 8059
805 4442
5171 2839
2535 9569
2227 2927
6215 3598
8340 1436
2300 2502
6314 2083
8573 7226
3924 8285
982 4210
7460 1244
8251 5917
5019 2712
6792 3681
5903 8506
147 8068
3961 9328
3531 1680
1513 512
9030 3435
9524 5755
5259 3098
7482 1295
884 4382
9879 439
5833 818
9493 1819
368 4316
6980 2300
3030 1750
2165 1018
2174 4466
5295 4047
7351 5318
2650 5064
3370 8707
3840 672
5541 2948
3979 708
659 6331
4050 4845
1035 5906
4110 62
3492 5536
1438 5575
7154 9130
3514 6200
3690 6130
2243 5374
9759 3560
2943 98
137 4231
1662 7731
4425 7803
9664 2198
8858 1598
8311 3600
1867 6714
2302 3528
8506 252
7688 3893
7528 2215
3990 5960
6293 1614
2414 5330
908 3827
3482 4672
3732 3337
897 1805
5960 758
8814 8437
5527 7897
3881 4078
7070 6297
5241 5627
5956 7974
3658 2040
3685 2092
7133 9709
3215 5516
8043 839
3010 7031
8848 1530
1678 8421
666 972
6745 6971
4069 6078
2997 6160
4261 5813
2387 3179
1446 3754
4211 173
5844 5161
4163 9352
2443 666
1946 4932
4169 3000
7819 6128
4711 8979
5132 4966
9531 17
7800 8253
288 525
1488 4628
8011 4467
9080 8112
2172 246
2256 9430
4026 1779
4229 9036
7599 4682
3178 5779
5771 2562
1277 1357
6869 4530
8440 9302
2273 1210
7525 2445
9140 643
7256 5712
876 8721
7073 5296
1089 516
97 226
8862 5382
82 9330
5722 8961
7344 1923
3979 1395
8425 7480
6662 3534
6144 2549
6775 8069
1399 525
2583 5838
120 8035
8510 9908
1005 3936
134 8882
3581 4723
5231 4023
6828 8017
2345 6701
7438 7847
7023 3920
3459 5893
964 65
6710 4179
4544 9781
6098 1522
3478 8818
2424 4858
631 4806
6260 9843
2181 7520
7536 2739
1329 782
1813 2932
5443 862
1291 8420
8244 3269
3142 2186
4102 7086
3822 3131
9032 7251
7402 1565
1461 8065
2813 5668
5041 9015
7545 9104
58 1745
8183 9055
7835 5328
2547 411
7961 1254
3622 1115
9494 5530
6002 4090
6343 2705
2831 5609
9339 526
7597 2618
8828 1718
4865 7276
8564 6278
4434 35
8047 5353
2272 5920
3215 2056
3805 6187
3527 1359
7372 6827
6563 5006
4827 3655
9369 2624
356 3643
7799 7556
5139 7982
1151 6162
1067 2408
2118 246
7783 6086
2790 3533
5893 1726
5927 9003
4038 6904
5237 22
5919 5196
7664 9172
674 3080
7615 9153
811 2778
9514 2438
8176 5650
3758 3008
486 2126
4089 2212
8712 1928
7701 3202
9541 7629
7558 4381
2965 2627
5228 4036
7434 8075
9438 3015
7250 6373
1775 7374
3990 8211
9791 1037
5767 9883
5520 2667
3801 961
3355 3807
7082 4572
7159 6209
6660 180
8978 5900
6870 9406
4012 7796
1016 3928
6286 9167
844 8812
5586 9512
1627 1499
1421 3551
8127 9475
7795 5572
1592 703
6140 7203
3008 7429
5259 6501
7411 8637
539 6098
6204 5545
1905 1782
4510 6074
3925 9181
879 869
1408 5334
4692 3797
905 4945
2525 2993
7932 4500
1742 4220
9038 8596
3535 3638
1089 7124
6184 9164
982 8676
5311 9844
6470 8161
5689 8758
2626 36
8662 5244
5854 5085
8275 8121
5381 7747
9217 8533
7054 1435
9330 5075
7016 9606
116 4401
4834 6042
3408 5467
5903 7956
7065 9671
9692 6951
5008 2665
5077 5166
5853 5197
2583 8037
8121 276
4023 8568
1759 2140
4527 994
7371 9525
9713 9752
6205 8211
1484 9664
3266 4855
7229 8210
5021 9228
3409 3520
7851 8306
9434 9327
2770 4134
5889 6742
4969 3514
850 7920
5746 6504
2900 9431
7952 2169
373 8537
1042 6045
2272 7440
3022 4482
3652 3147
9651 2512
6995 7277
9559 3965
9113 5689
1786 3925
9195 4703
590 6017
8153 5424
1749 7428
6550 6735
8978 8241
7207 1324
731 3241
2571 223
9011 6027
743 8814
7434 2526
5156 4511
7874 8984
4307 3058
7847 6555
39 9759
6077 1907
2082 9948
6184 9309
5380 3437
7493 958
2337 8230
1558 4261
1142 8521
8310 6215
3256 3844
4766 390
9624 3114
9855 1479
7055 1842
5947 8899
712 2897
3395 1306
8368 8021
9071 9638
4951 9512
4244 6659
4722 1400
8824 2985
5227 8521
1370 5689
7534 3787
8028 2467
7984 9327
9196 6930
1181 3147
8846 5589
2635 2303
6125 2645
2886 7954
7918 7223
2546 7582
8197 9130
2587 1485
3063 2003
7144 9444
7404 9734
456 6395
4607 5580
991 4994
6126 8131
8016 8957
8010 2649
7544 2056
8696 6526
8034 5764
1569 858
322 9069
2459 1919
9769 6452
1939 9933
4728 7523
6633 5810
3021 2015
6016 4718
8794 5905
8637 5126
9276 920
7950 1668
2681 4444
9267 2818
4543 7500
5863 9208
1784 1736
7551 3579
6937 1389
2764 8434
9968 3785
7761 941
2821 8448
8163 3573
3270 5500
7288 8980
2047 7274
520 2832
2925 6244
3552 894
241 8438
4387 4002
9640 2224
4168 5856
7219 8022
1179 5295
7877 4088
2393 9633
7007 1552
6499 6554
8192 1537
2876 9556
7531 1507
7476 8017
4249 1268
2776 392
9987 8207
6070 2729
8107 7792
7094 2714
4226 1744
7994 9650
7987 6393
8387 8892
4766 1556
4572 3215
35 7557
3438 124
7767 2339
7332 8895
2998 4707
6101 2931
1883 193
8070 1598
9019 3220
2800 5928
9781 3024
2288 2419
9681 7445
449 7787
6359 8736
3228 3342
8207 8023
9841 7076
1386 5089
8226 2840
3981 8568
6825 3514
9870 3567
5012 9111
1472 7273
2307 4420
2900 2872
3802 7483
9836 2865
8004 1791
280 7061
5049 7772
7951 7856
3627 1614
9663 4155
7654 2077
483 2592
5578 6769
9450 2524
3978 2423
6845 4695
4287 1428
6641 2422
9366 7871
4520 6516
9657 8693
5164 982
6208 1747
4070 3567
8081 170
8509 6905
9817 9331
5656 226
8856 447
9427 8111
2398 8280
3916 6608
3621 893
4640 5725
86 6923
6462 1037
7711 4926
5435 2817
4501 8021
9916 7707
8541 6818
4235 7826
3224 4732
4522 5571
1307 4108
3130 9198
9457 8534
6419 4661
1963 7273
6943 9618
6524 2804
5611 5375
4237 3998
7177 698
7189 5948
5195 8351
3673 5366
3000 8602
3094 8323
5385 4425
3240 4521
6156 771
2607 4460
6021 4
2045 4463
9600 6648
1587 3664
8137 2511
6617 5651
5009 5766
3333 6435
965 6049
9831 9185
4132 2440
8329 4545
5445 2503
1368 3204
7626 2834
8015 4466
4062 8074
2682 4799
9332 2745
8062 3057
3454 2223
6231 8445
8058 1357
6024 4890
2675 6849
6466 9449
8267 1415
207 4767
5158 4176
1227 9881
8396 8962
7482 895
5625 614
6492 4727
6204 5409
919 6619
8299 7003
638 5319
73 791
7364 8182
2635 4703
542 5173
2428 1241
5300 998
783 3549
7809 7790
8839 2637
2792 3018
7406 5945
6425 7057
5832 6258
8361 3711
4014 4211
6244 7677
4481 7823
1479 358
2708 6785
6705 6501
4123 5136
4784 3932
9535 8142
2777 9337
1871 7517
7247 9517
3810 1464
2402 9428
6837 3822
6643 5487
3660 9348
6334 5612
8113 6432
4989 7913
4803 5191
3510 3831
4360 5039
2715 7991
9378 8088
7509 2227
2516 3598
9445 5145
5224 9499
7362 9610
5326 7115
5956 577
3216 3267
3320 430
4219 546
9771 6738
184 2389
5965 9802
5234 4133
1138 5223
8896 7751
6332 5576
6327 4003
4048 3776
7405 3732
4544 2812
6849 9297
5949 7005
3715 7437
9266 873
686 3314
2273 3468
4815 8220
9667 4009
2689 9888
2159 2054
9036 9809
3963 3933
3447 9457
1808 3895
9674 8574
9357 8660
350 7662
7457 7294
3447 5680
4151 7945
2260 8776
9199 1457
8099 1900
9615 1980
3957 3346
1370 2878
8101 1530
6845 9031
9277 465
2065 2748
5566 3848
4957 3545
3258 5306
5125 7931
3995 6641
7521 4563
866 8657
3357 987
3372 4557
146 6076
5195 270
1570 1147
6831 6379
3641 9081
5911 2072
5827 7067
4545 3852
2518 629
4298 2951
1442 4874
6929 6387
4892 8685
3225 4617
7101 9344
1099 2098
7775 5635
5444 2128
5921 3371
7440 5206
8283 3474
2282 8835
1686 5787
6315 4144
8765 9240
8965 9055
1465 2437
6415 9744
4744 5055
4086 4778
6159 105
1027 828
2242 2366
1028 9498
1860 7837
7867 3646
2469 1129
6890 3081
2582 6113
8472 7366
2096 9994
1328 8275
1375 8057
3796 9422
1547 4568
8774 1757
7083 2273
4795 4050
2141 22
8917 5963
4354 1783
8146 3817
7661 7700
7064 2241
2368 2870
8033 1611
4933 4339
5219 9461
1154 5454
1908 8882
2035 1994
81 6380
5804 7694
1959 184
9027 4137
3794 4176
1195 9406
2332 4623
8618 868
8342 6327
9355 2653
4000 2832
9652 8188
2771 9017
1400 7988
5146 1135
4450 1473
9658 4452
631 9734
5726 3200
152 424
425 2095
5501 9514
4725 9378
2773 5645
9833 3008
9592 3995
6059 5337
1859 1107
645 3728
6434 6091
2232 5037
2874 9236
209 2875
164 9029
9419 3630
8217 1918
8224 168
7475 8783
3194 6623
3412 8114
7135 3216
9927 3323
1451 6017
456 5837
1434 4492
5621 621
3606 3706
9265 2029
8769 8252
6951 1106
5475 8993
1335 583
4163 6705
9191 6798
3886 4602
7957 7458
6460 5820
3349 983
7005 5225
8131 3460
6751 598
5428 4355
5449 8859
8882 5171
761 5816
7000 7586
1190 1365
2230 1281
5591 6770
828 4067
8347 5194
3072 7319
4681 4407
6771 5750
3544 416
58 2928
4464 204
8319 9776
3801 3542
3814 9306
6058 7308
7321 681
9427 4654
4256 149
2307 2855
7830 4870
5082 444
4409 3699
9514 1248
1524 3892
2977 4661
5074 9342
6756 2901
8173 9296
3219 3231
8372 8003
4415 9563
3098 5579
4969 4123
5961 267
917 8043
7725 7422
7014 226
7123 9295
7354 1780
272 3318
6999 3911
9688 6392
4711 3398
1117 4465
1096 4943
5962 6828
4476 7731
7437 5893
8559 9277
8594 6679
4516 7062
4159 559
9692 5459
8647 5512
2151 1674
5812 5985
4572 8117
6186 5373
9074 3280
7043 7444
1250 3285
3030 8784
822 2795
1970 3746
9616 1064
3573 2271
6489 3656
6253 7576
859 4845
5007 7176
6349 85
8709 7530
6450 9845
7139 2717
4444 4922
3898 1858
3475 8852
5354 2658
1991 9773
3792 1934
8620 5903
5142 1993
7994 9059
2445 4792
6512 9504
2874 2546
317 4914
2858 1089
4249 4259
2276 2408
8565 6519
9502 1335
837 4084
3631 6634
3708 7256
4183 476
461 8013
8459 4825
7105 7022
8185 5916
8763 9009
4543 2987
7012 7696
2656 8161
621 4205
646 5935
6077 9661
2903 6098
6066 5619
1673 9110
6457 9541
370 7318
5938 2819
6236 8853
6325 3590
3525 1641
7500 9630
4730 2693
6966 7000
2247 1582
2053 7299
9724 6502
6682 150
9627 8756
1506 4032
865 7708
441 4611
4568 318
8148 3979
7772 989
2742 7183
6882 6129
5492 3330
8471 3118
3538 5573
8699 3017
2034 8286
1818 6557
3877 8717
3695 4259
3616 3697
6474 4991
9627 2044
5201 8937
9152 9089
5037 9889
7822 2779
3998 8262
6660 3083
3206 752
5979 5238
8800 5604
6158 8298
7406 73
6483 4075
3323 7729
2526 7775
8631 863
4833 2252
8866 4075
3327 6854
1940 3524
3142 7721
6767 9044
287 3412
5011 5481
4612 7187
4806 220
8084 8426
6233 9391
5060 5197
8260 4670
5837 272
2424 8239
6629 5244
4967 144
6521 5517
6292 8304
3403 9185
1054 8381
749 2852
6793 7692
3857 8253
8427 4430
7683 5198
5296 1324
7938 8660
6985 953
2738 9271
4260 2782
2496 2740
4046 7295
5216 1525
706 380
7673 8908
4969 7544
547 7282
4964 6017
8415 115
9858 9386
377 7748
7389 2965
5622 1277
5500 4161
5805 9001
7300 4228
8830 1947
445 4862
4834 1713
1630 4031
1517 367
6509 335
2114 8804
8848 5099
1989 9419
2385 8013
9954 7832
9180 4744
8589 3953
5422 951
2027 9045
9628 1279
2666 2293
7837 8786
5164 8370
7284 6849
2008 7393
8780 2297
2813 6923
4092 1154
945 4217
5249 5612
275 7877
1943 5683
7643 9164
639 4982
9913 6110
4897 3460
6980 3410
5388 4287
8956 8682
6649 7264
2201 945
5180 3955
9248 9762
7742 8314
4893 155
2471 1542
652 8502
5298 4137
8220 3299
7460 4169
277 8228
1716 7844
6179 9667
1196 3869
7773 8768
9404 1868
6688 9500
4383 4924
5291 5686
3141 62
3532 6437
5426 2542
7408 7380
8355 1989
4700 525
1742 2875
1758 5555
8085 8728
429 7212
5471 7141
3170 6829
7378 2677
4569 8059
5077 411
8556 7172
2298 1025
9457 3652
6226 7935
6819 5114
148 6258
2163 7350
134 5014
7439 8626
952 5897
695 6217
5943 8259
2703 178
6454 7975
8610 5761
2094 6206
3535 4391
8998 6619
5977 5395
3801 4242
226 671
6604 7378
7550 6671
3102 9674
6236 3231
1232 7834
6 786
2339 7977
2468 4459
4723 8666
6131 5894
3092 2088
2999 5901
5199 4130
7003 3882
5610 9692
8883 3531
2150 4655
3694 170
1447 1759
7539 1492
4227 4437
5877 3267
8180 2857
5944 3065
7660 1514
349 4108
2118 7115
2286 6149
216 6440
2185 7120
6464 7618
5963 3620
9063 2312
1752 3520
8710 3912
8353 2594
4487 6084
2139 7914
4235 6601
5420 1464
436 1204
4042 4255
3455 3384
7381 7467
5037 1245
5864 1188
2938 6043
303 5590
2707 2675
9103 5272
2640 6874
3258 2667
3508 6807
4296 9961
1857 1032
396 3321
2065 363
5674 5002
792 1040
803 2153
909 5226
9278 953
9581 6464
3839 4337
5280 5647
9233 8959
4849 3137
3947 1113
5666 127
2846 911
3720 4643
333 9943
4131 4640
658 8681
8753 3016
4365 1497
5546 407
7748 1931
3625 1675
4913 6862
809 5911
6809 7496
9680 658
9933 9367
3904 9165
9171 8105
743 7942
8155 94
2349 9781
8246 7490
5938 8942
347 9112
1597 623
6908 8933
6824 2280
6033 6676
4601 6348
4901 6224
2074 3858
6415 1698
3951 2965
1485 4985
8013 409
5578 102
1807 3972
804 2290
561 9921
3202 885
5779 4881
3193 6654
1887 8276
4235 8402
7749 4807
8884 7524
7729 2029
2443 6331
9093 1629
8322 8078
1304 9047
7562 8951
5815 9211
5434 691
10000 1419
438 831
6071 7478
882 8442
4781 1903
4817 8047
2687 2388
1771 7078
1296 4635
8656 1305
5697 6021
927 1614
6247 9157
7371 2991
7931 7934
7313 2419
8179 3273
2478 7736
6808 983
3299 7908
9392 8579
2181 2240
6293 224
7126 2040
4278 5749
3920 9823
1551 6153
3978 697
1761 639
2102 6973
5085 6692
340 9158
3873 4775
3807 3061
8316 8982
3309 8684
2771 9352
2975 4200
5617 4719
9121 1096
9380 624
347 1811
406 1538
4370 3714
5767 9309
3984 5371
3130 3144
3636 5749
2074 9113
8280 4282
6761 9493
5878 3976
3302 585
3408 6142
1670 7799
7972 8918
462 6264
8360 3401
1871 6035
6532 6612
1129 8329
6388 400
6615 7132
5962 8364
7178 6913
2045 430
9947 8460
662 5360
4531 1732
8912 3530
6182 9580
9852 328
1835 7417
8152 6287
9900 3144
1856 20
3301 3676
7449 910
9640 2215
9243 9677
1957 2860
3511 6381
7347 1135
2661 9244
4293 8818
386 9509
2162 6085
8490 247
2758 5230
8464 7601
1834 1344
5323 1092
4093 7062
8101 8910
191 657
3844 617
3384 6885
9691 1064
4179 3267
4467 2405
6544 5937
1875 4831
272 3563
9994 1288
9689 9375
6831 6580
1109 1734
1984 386
9736 6625
602 4303
4602 6939
6397 2465
6623 4232
4031 5494
4862 3025
226 5021
3526 169
7765 6307
4648 5276
2943 3961
5422 5243
5744 6717
3334 1250
8748 783
1921 5053
1747 352
391 5598
6024 4908
506 391
3798 4527
3033 980
9413 2608
5036 3111
6277 6181
7528 4222
843 7498
7321 8361
7147 1333
2118 636
7447 1435
4922 8647
1331 1408
8181 1519
4022 9803
5939 8860
3732 2678
7111 3838
8398 3280
4303 7060
7296 1573
2667 6298
330 4740
8939 5278
7808 9464
1695 1247
5733 2747
3428 9509
1933 6302
144 9368
8128 382
5837 5723
7449 7487
9395 6221
9115 3954
9350 8702
1867 6727
4027 1988
667 1905
6126 1537
2297 8564
6206 4340
3115 9409
2893 4434
5449 2537
3808 1359
3705 3417
3951 7849
5999 4159
6686 5813
1317 3230
2083 3082
2416 6117
5656 1287
4622 5707
2309 8102
6694 662
4959 2898
3613 1153
8773 5607
4494 5517
3581 5964
7349 2936
6676 3425
8683 2128
8534 4111
5438 6170
4126 4325
629 5825
7890 5772
6758 3373
7095 9819
9564 3388
1575 2441
6738 1624
2461 6822
4010 1764
6597 6448
1785 4255
9679 1179
450 5966
1361 7407
9235 4656
7810 5894
4659 1985
3621 7543
8515 1828
3921 1637
2005 4605
56 9203
5018 8087
5104 6522
2595 4447
1710 6329
6019 2409
5026 4035
3145 8282
2518 1805
6546 8635
3424 8084
982 1826
8766 4826
336 1433
2604 5991
8954 857
7816 2727
6834 1611
1770 4176
1876 1597
4214 7392
3435 6448
8817 2093
8602 5319
7065 7624
3539 1466
4097 4999
8060 4889
1802 706
5857 26
56 2057
6237 3336
5924 2935
898 3030
9329 6612
9806 7663
3924 2770
7500 6388
1946 241
7373 3041
2297 510
5543 6924
9795 244
6828 2109
6415 2045
7355 2502
147 3956
299 3338
1386 6410
7924 8614
5919 8827
9014 1949
8945 9016
3085 38
1134 1437
684 804
4676 8433
4722 4038
6168 843
2884 952
5162 9080
4013 8388
1530 8897
6896 6242
94 9279
7444 1635
9039 8984
3514 5096
2252 9934
3593 4530
9360 7984
8957 4834
6368 4598
2689 7718
7705 7818
6772 6055
7250 2241
4851 1545
6608 832
2737 238
9082 684
318 3899
9478 7072
2421 9464
728 803
615 566
1655 2399
7378 6739
1314 1149
1476 8447
3400 6836
4583 5841
2530 178
4360 7306
7845 9509
362 1207
8697 5740
2171 2416
370 2512
6452 9945
5942 6030
3397 3076
5737 3207
177 619
4483 9582
6442 2161
4141 9540
9368 1206
1634 5813
3318 3213
6843 7069
8601 4519
392 5548
314 2188
5094 9412
3130 8093
6756 5727
8873 517
9205 9374
2453 6285
5337 9317
5147 3630
5444 312
3139 2440
9438 2526
1855 7270
6190 3385
4536 3190
1668 6982
1812 245
2527 2481
5468 6388
866 7467
4756 7284
3931 8040
5506 6577
9563 8868
3662 432
6409 7585
938 1682
7833 582
9743 651
4123 8599
6106 7438
9658 4525
9479 2297
5001 1100
8247 1993
4536 174
9861 2560
4420 5914
3702 3248
6997 8049
6077 8695
9929 3402
7282 7010
1657 3260
215 1486
1728 382
9058 5830
1214 1303
703 1260
5536 8484
9327 6581
2990 6854
7841 2267
9462 902
2137 2112
4222 271
6755 5546
6575 2492
5380 2132
8078 319
9252 9273
4297 5076
1991 9021
2718 609
1077 1130
7283 2484
7853 2440
6145 4235
9178 4645
5996 5816
71 2486
9437 1812
1848 7944
7028 1143
8793 5948
7020 9623
239 3922
1248 3205
5487 6072
2507 5553
7610 2816
7859 4231
6570 2252
8107 355
1242 4718
4843 2783
2748 3233
8843 6699
5268 5781
5950 6616
2038 325
4621 3344
1173 9691
4979 9252
6910 4179
238 4793
7397 1311
1333 4718
9735 4714
6991 8156
222 8146
2537 8653
3404 9047
9601 8802
7197 9303
3719 6476
134 7214
9375 6992
7253 3187
6888 8553
5852 9668
971 9184
6424 1320
5759 8096
4822 3959
9544 1497
1213 1966
7544 6728
1806 9889
8325 2361
9299 2693
9363 2793
1701 7987
8854 1593
6104 4683
6323 6422
5852 3528
8340 7102
8434 5867
7976 3180
4886 2584
4751 6829
1540 422
4404 7837
6833 3048
1701 4080
5680 267
4440 872
7779 7584
6949 6203
635 5735
3343 6482
1462 9522
1636 4678
8453 5121
1708 1579
2797 2535
6874 8015
8481 8990
768 8006
5826 2321
4734 3619
1014 4811
9648 2988
9335 4329
7782 9824
4806 788
5805 731
4050 1496
9578 9481
6217 8699
2731 9341
7648 2426
235 4141
3515 8705
7061 1609
4215 4369
3040 3719
389 7605
1737 4684
9072 2288
6974 6107
8480 9002
1205 4886
633 7949
7831 9780
7941 593
7051 8100
317 1363
3738 5310
688 9344
371 8531
720 1972
7301 6520
5355 2396
5328 9634
4609 2507
9854 7550
9779 8944
1197 2388
5716 940
4366 4402
2928 6730
6895 3966
7209 5791
7927 6876
8484 4021
8340 2807
2819 6011
9717 5063
3946 8819
7618 7510
9831 605
2203 1916
1714 333
8813 2757
5699 2789
2921 4757
9208 5296
2552 8155
1004 8435
784 2507
2942 9080
7368 3691
1662 4433
1241 7619
2808 1470
1704 3311
2529 2843
5593 6717
5136 6033
4990 3968
5368 9221
157 1915
5303 9014
3455 3856
5805 1967
5268 2917
3036 9343
7034 3511
1765 7219
5311 637
4567 3018
6154 7810
8779 3533
2918 9509
4308 1382
8252 5721
5799 1381
7384 9773
7232 9763
2638 4744
9559 4672
7315 8370
8488 7632
8242 7741
1502 7853
7952 5166
5022 343
1044 4947
4305 1256
2277 6088
7227 4608
3755 9014
8571 140
6716 4110
4694 1709
5080 6802
4880 4876
2872 7548
1878 7
324 6065
5802 9853
8818 6443
8617 1331
7857 299
4474 8913
9034 8391
4568 7602
3372 7772
8409 6615
7116 930
3046 9924
8345 3401
5650 9727
3827 4143
8220 4476
1495 6347
7188 1234
2272 4051
3129 3713
5933 5350
3249 7319
5065 9552
5329 4993
7842 9463
2520 9201
8043 2991
6623 9094
2364 8350
3087 3206
4428 4960
8426 715
9813 8198
1543 6142
7877 6304
4606 3649
5668 9462
1844 1439
6730 1908
6439 8852
3449 4335
9751 8872
7975 3116
1566 9240
969 633
4646 7746
5847 4015
5689 1483
1517 552
2688 5826
4497 2096
792 3462
2825 6051
7535 9666
3058 2977
3280 7423
3010 1250
9183 6397
4763 7541
2320 9111
5819 7461
2992 2374
3306 2081
957 4682
2161 2097
1776 761
9250 4044
8591 7772
1455 8773
5128 4710
5125 2682
9768 4686
7345 1721
5334 4081
4029 8465
8072 5250
8117 7538
7490 4687
9690 199
6354 7379
626 5878
4323 4988
4023 5074
742 6136
8124 237
5502 249
1514 9607
9094 2028
6078 3010
4462 3833
1841 1213
5205 556
7853 6638
1735 6812
2807 7247
9920 3117
3585 1678
6706 6058
8479 5362
7698 467
5084 3438
7578 1684
4053 5467
8031 2386
7427 362
5957 7857
6233 8480
6705 7106
3016 2280
3970 7726
597 1392
3831 5202
3874 4436
5675 1855
1541 5584
5652 7865
105 5196
9151 6174
2552 4889
7686 5328
7865 8074
5156 6512
4437 9838
1288 111
340 5468
7893 8432
8682 2111
2882 5567
6762 3686
9852 2867
2517 5498
9242 7203
2826 9746
5354 433
1801 6652
9890 6566
6034 3279
7037 1376
5948 63
8682 3379
2861 9185
2833 8643
7939 9845
731 6260
3094 5718
2738 1367
2248 7348
3775 165
7238 1023
7644 2876
8586 5545
3545 1306
6516 4989
6637 3013
9939 9619
53 154
7589 628
5489 6813
6423 3804
4000 2663
1973 4392
5545 8085
6929 1220
8818 5641
8079 6683
889 2393
1933 8526
204 6813
1014 2091
5603 2679
6970 310
2514 9765
1625 2633
4880 2323
4333 5527
5361 7268
4525 9969
4465 9742
8400 6787
7786 4665
5075 1347
5787 6980
1496 7800
5827 9142
4526 3113
8964 3810
5471 7283
4199 5062
6668 6243
2755 5992
6137 3510
9708 3998
3807 1469
6135 7041
583 6518
2670 8210
942 5557
693 9716
7394 667
166 5138
9586 5640
6057 3115
6451 1290
9201 6902
7897 3375
7864 9917
6329 5194
8351 3424
808 6992
2626 6297
5035 3713
1590 4785
55 3566
8520 358
8302 9899
5264 2555
1806 794
7322 7869
8289 6440
7567 6514
4628 7106
11 8784
1172 96
9838 7905
8505 9661
4961 6699
5006 5810
1784 5637
2709 4823
1150 3368
5325 1014
3581 3856
122 1713
6146 9736
7919 110
7452 158
9618 9179
405 6966
2834 6375
6226 3055
4423 3704
2151 5504
6820 3325
394 6310
2006 60
1090 7282
234 9386
576 1032
9996 5196
5124 7460
3609 232
1675 3287
6866 632
4801 2694
6139 6549
4673 4193
82 6623
1714 449
1836 868
7310 4201
5438 7246
7534 571
6672 3362
5883 9284
1856 2117
7419 8664
5870 9813
9591 4964
5145 7749
1381 6813
7765 2633
2831 9902
976 8343
5097 1156
3091 7838
2385 5842
4708 7144
8386 339
9767 3840
35 5504
5736 3220
7255 1121
3196 3108
1975 4909
8732 611
5919 8747
7405 1634
6358 5203
8546 6498
3677 8883
7826 339
605 6848
208 2918
4369 5994
9228 4220
8222 4720
6870 3392
7391 1156
6582 1596
113 9864
7288 8455
468 5315
6783 3575
3161 7897
8394 9451
3777 3752
3206 2011
7097 6244
1971 1458
2309 2400
705 6273
1243 1625
4970 9523
2307 1821
2851 7709
7452 2666
3470 1142
4261 8882
9008 57
3907 8853
8394 7577
1546 7867
1158 5522
309 7988
7243 1354
1788 3169
1018 8534
3834 4008
5314 7702
7385 1992
6712 6382
1676 2861
3870 5224
8084 5386
8112 8922
6266 124
9087 4801
5619 7381
2721 5670
6758 4702
4988 9591
1885 5837
1906 9580
1803 4334
1820 1403
4951 4776
7049 4717
7200 4938
4042 5706
6259 7644
5374 3547
8258 4628
8806 4137
5772 5082
1491 675
2336 7381
7963 7310
7105 8845
4848 2277
337 8102
2726 8188
5194 8320
3097 8464
4323 4514
8043 9907
1654 840
812 7080
5642 5960
4613 6481
1647 3810
6894 4094
3394 2529
709 2476
532 9140
3447 4347
1672 6972
8973 9411
6059 8129
8441 6074
7911 5169
8579 7977
5059 3939
331 2235
727 1403
3904 8535
7892 4325
1613 5239
6769 8972
5411 7583
3275 2180
7744 7348
2054 2489
3293 9095
9951 7151
5105 7478
17 2166
4448 8638
519 5143
3609 8559
4334 6941
8961 4317
3610 9742
1849 1511
7462 867
284 667
8714 3962
5241 9910
4030 6554
9163 9334
8793 6195
4428 7483
2692 4248
6592 2041
8150 2273
8601 5922
8445 5765
8751 3949
5643 7662
5392 6882
5333 784
5198 2640
8235 1689
4908 7907
4278 2382
8876 8937
3876 9695
6186 7380
9557 2428
6309 2927
8095 9360
4667 3247
2556 8596
9108 3903
5796 1226
5766 5957
4384 4785
8356 4236
3435 220
1269 5949
2349 4102
4157 8407
3435 2837
1405 7701
6073 3593
2917 9884
8437 7540
9467 4403
1612 5467
4462 9408
4219 2799
4656 7114
2435 8086
8964 315
6752 2221
3603 9960
3679 708
5836 8359
9798 2080
7622 8884
2376 8280
9812 530
6320 2713
8576 3694
3613 285
7263 404
7288 6664
5525 7246
3862 3621
3318 4527
1728 6147
1551 4691
9594 5584
3581 5031
9073 8066
6865 690
5604 9785
6088 8337
3052 5044
1154 4441
8659 3354
1539 5491
6012 48
3968 3252
7579 2341
2936 8062
2919 5852
4569 7012
8853 1686
64 7513
2850 4380
4267 2452
3978 6574
6387 4600
6044 9193
1415 178
1603 684
113 754
8939 1800
2593 9884
1491 5293
625 6745
9189 1724
1714 6341
3022 6742
7615 9754
2032 4808
5258 6233
9955 6338
5201 2748
6506 8308
1958 4364
9951 9388
9353 5730
7697 2581
1287 1093
178 2269
2938 4142
2086 6462
3682 9787
2354 3095
3464 2382
8327 8038
9713 7933
4651 7923
3654 516
4861 7169
5401 871
7943 4772
4286 1753
7329 775
2863 9382
3312 44
446 4899
6026 297
3106 3073
4601 9798
5529 7005
6487 1743
4444 8564
4891 153
923 8655
581 1232
540 9942
5851 7212
1696 9937
8843 6027
7621 8010
618 1045
8788 9043
938 2699
8932 3192
4906 5737
9979 2937
7139 7185
4445 4688
8034 9545
6508 1441
2187 1346
2198 7254
4972 3010
5905 9958
9204 5695
7110 776
1785 2605
4351 903
806 2489
3766 567
4303 3108
8345 5884
2403 5137
5350 6585
7165 6495
7325 7344
8063 6859
7604 7378
7319 993
3628 5192
7844 2050
9703 6922
4303 512
4947 5377
145 8442
2685 9446
1312 5666
8300 4341
4991 1532
4883 5206
1725 2669
5053 4832
637 8286
2181 172
4969 4667
6077 9757
2073 4622
1960 2644
3987 6666
28 3915
9813 4748
6664 9194
5018 4297
8703 4101
9614 2193
2509 1044
134 2707
9900 2339
894 3043
3744 1029
2291 9071
1327 6464
4254 4144
9247 67
7908 9979
2889 8873
6737 9976
4308 3773
5451 5942
3767 1062
5207 9889
6717 1210
8995 8631
4841 5108
4309 1202
6967 3580
2788 21
1719 5400
1505 3927
9471 5936
3844 4372
8835 3571
2268 7153
2781 1503
426 651
9827 3090
5548 6437
2039 2453
9241 8925
8565 1536
5027 1785
3031 5061
7681 856
2179 5489
1572 3122
7049 4076
4988 5396
4370 825
2652 6443
9186 7538
3289 8924
9263 1474
9588 6880
7183 1189
4731 6500
1278 7210
708 4652
4374 2003
3582 8688
4858 6510
6171 6225
5379 5635
1517 5595
6848 3480
944 8331
2345 1946
9990 687
1472 209
6411 4623
3998 6707
2671 3404
2434 8694
1047 7173
4982 798
901 538
1221 9005
643 5058
923 9178
2150 8554
1936 3797
7147 1089
990 6369
9112 4023
942 603
5339 2376
3529 7445
3599 2994
7485 5820
5819 8970
3800 1284
4960 1948
5762 8048
2181 1003
9364 2691
8093 6082
6591 6253
7458 7631
6372 8619
5362 7898
3264 1955
8993 2899
7601 709
6982 265
8729 693
7016 5860
3064 1061
3137 5790
8077 7135
8715 3365
4605 6399
5662 4325
3418 4447
2892 9108
523 7782
4719 9532
3000 9375
9564 332
1731 347
2263 7218
191 8630
6066 2695
9260 8921
2927 5713
5604 3104
3142 1910
7799 2311
9530 1399
5982 3064
7992 4991
1930 6046
5331 7511
9233 5423
9011 2596
9576 2971
2617 1969
3976 2057
8524 3445
5277 1711
332 6954
2283 2330
4987 1611
3936 9139
9675 6090
812 4205
6914 3202
4427 3156
7505 9817
29 2573
3056 9880
9697 7139
7856 6713
2536 4694
5764 7717
191 5244
5742 5520
8346 5691
7329 713
2679 6428
6107 4234
1711 2430
6357 1152
8602 6886
4827 4125
911 5837
4025 4866
8982 4546
388 3755
9469 2521
2659 7977
9623 2531
2249 7544
1045 2150
1517 8207
7821 7609
8705 242
5018 5804
4919 3976
7388 6794
3593 1018
5446 9030
7089 71
5442 5774
4650 3072
5578 3638
9052 4324
163 8819
1714 2710
2612 7096
4500 7020
1182 9646
9871 829
4933 8785
753 8582
3804 1282
8356 7588
5723 9746
885 86
1758 2529
5030 613
8465 5453
7162 2131
1713 1432
2116 3481
7420 4504
3335 4686
7538 1738
8137 7418
9189 620
7747 3273
9238 335
7261 5531
3856 9375
4124 6711
3318 3177
9139 2500
5731 2885
3325 8720
7518 2715
441 5637
6881 3658
3366 7416
5238 3301
1789 1800
8360 5055
1798 6579
5943 27
1722 7092
4500 296
4874 8878
8310 2644
6052 7989
9264 9410
3992 9360
7595 4847
551 1954
3475 5012
9995 9746
8382 1233
6039 7040
3190 9767
6684 9989
8637 5107
5259 9713
2016 4262
401 4037
6791 277
8405 6669
1331 5373
8286 290
5263 4284
2227 700
9758 6597
4947 2388
1060 4131
9742 9498
3190 8993
4926 5005
7917 7827
2956 624
9187 7391
8165 9750
8821 3640
4170 5901
3594 9837
322 5322
5364 5062
6980 9588
6432 2354
6773 1584
894 7301
5488 7521
6140 9646
2594 434
4587 9167
6402 891
2755 4200
5334 1430
3011 3817
7753 8737
499 8463
78 4245
7613 3370
3247 4690
7173 5727
661 116
1851 1454
1602 9734
6044 4164
5219 3606
7460 9235
9196 3090
5569 777
3796 4056
9680 4700
8491 9807
9242 9645
9267 822
7221 6658
7435 7893
4466 1461
8097 8991
4816 1232
1594 7372
1031 4230
9271 4564
2553 3072
3741 5126
3878 2581
8817 7819
8153 3705
568 1340
1324 6067
437 4049
2387 1356
1404 146
1720 753
2014 6293
1765 9754
1401 7009
5582 4162
9355 5891
8266 5658
6801 1896
3662 5574
3673 7516
5631 7365
7065 4898
9726 8500
3288 3364
4602 2273
1830 9112
8361 1087
6921 6086
150 3914
3443 5602
4662 8905
9386 6776
4650 5718
4101 9807
9998 217
1754 4222
4508 4222
5114 1109
831 253
4832 3880
1229 9096
3189 4444
2678 2073
641 6211
3183 8295
8908 5488
6562 5671
5756 5550
190 6797
5005 202
9937 8775
8378 9568
5992 9564
3656 2018
7115 7000
4589 4289
2447 3017
9560 1599
5386 9561
4614 4193
757 2039
3379 6603
5976 3031
3518 7206
5627 9240
1399 3963
9884 9996
8179 7710
6822 8383
3143 5099
7979 7363
7755 9752
1815 2461
7648 4120
1108 3314
9873 240
2974 8964
745 246
7857 162
5598 8763
7982 9382
778 1471
6131 4107
514 9514
2868 8925
564 3878
4176 6046
6447 7279
9490 8889
5568 1369
5661 6953
3057 6551
466 8209
1082 3286
4721 3578
2176 5279
5879 2729
2768 4030
9443 4800
3341 6639
2805 3430
118 5306
964 565
915 5008
7272 3479
6565 7482
6613 1592
3518 6756
3511 8509
3869 4744
983 3456
4065 1383
5495 7328
6383 8857
7254 9849
9787 8308
6779 7137
6657 8810
825 5540
1151 8246
3218 2077
8166 7150
8158 3240
407 4148
5113 64
8450 437
4388 5322
5966 8139
9517 8872
9327 2369
177 3838
6259 9650
9624 1398
9217 9278
723 873
9856 2482
7498 6501
4740 6007
9007 4973
6537 2067
5658 6978
3753 9264
2144 7720
5240 674
475 1822
1691 4267
1862 1887
7118 8038
877 8292
969 3607
4073 2003
6486 3557
7799 6373
9346 1015
558 5010
6035 3666
681 4844
8502 9025
6988 4489
3494 7463
4220 6662
2610 9994
9345 8935
8027 7614
7237 9470
5202 2381
178 8955
8246 831
5514 6098
7427 8582
1999 153
2767 1708
1410 8893
1690 1124
7549 9834
164 2397
3681 3791
7084 8293
515 2417
8162 1336
9043 4611
4588 5071
4355 4732
3202 3670
1760 1784
7238 2546
4213 7181
229 9269
393 3560
1665 9013
6930 1980
6300 2683
1397 3495
8472 803
5869 4401
6708 4627
4258 162
6770 6251
215 4978
3398 2070
9331 4075
3387 8602
4028 1156
2793 9429
8646 6425
5287 7186
4788 4210
9708 1331
8650 9420
5477 6079
1692 7736
4983 5179
1672 9566
9424 1426
8841 4756
703 4162
4655 5786
1511 9765
9891 7399
5355 2343
1547 142
9971 2813
3574 4977
2524 4720
6838 392
5514 6455
7844 4787
6705 1331
3726 1809
6950 4246
2585 9579
6488 3037
2437 611
2747 7695
8387 1411
5466 2409
2709 7853
2067 356
5901 7065
2668 8978
5657 2106
6120 204
8619 2736
4429 709
306 5437
7334 7013
8032 7734
86 2347
6399 1259
2388 6153
4737 8802
9772 5247
6291 8479
6406 7147
901 4899
4265 5965
9752 4133
7503 2320
8982 7163
9550 7807
4620 7296
9704 2892
8162 8992
9241 6166
6781 6734
3538 1339
9328 2798
980 6606
9281 5126
1075 8280
3225 351
1137 4094
3354 1023
700 8300
9694 7566
3833 1252
6854 2725
2423 3042
7277 8222
7171 4940
8952 8728
1398 6273
9704 8555
1368 87
8503 6288
159 7608
9107 5431
9456 4086
7896 8105
2471 8363
411 3504
9736 7092
3535 8984
1779 502
3028 8681
5060 2507
6382 6421
3023 2270
6264 9520
434 8069
3144 2884
8133 6147
2126 9366
3237 1888
5607 4701
2485 3295
2895 1437
4125 4598
7435 896
8510 4420
6271 1845
134 560
4764 4403
286 3550
178 9518
2535 8087
4507 2063
3154 8843
249 2539
7380 2806
3702 91
9663 2424
1331 9969
3208 1605
4932 2875
5473 1020
3876 9599
5037 3463
2840 6786
4563 2505
9717 5412
9415 555
4011 5294
1516 184
5161 2125
817 8830
2301 9155
4838 9523
568 4046
6826 4330
5616 7018
8925 4892
6774 9819
4404 2208
5895 8654
2243 457
8704 3342
9753 6412
6607 9140
4248 8639
1461 4366
1892 6818
7423 7367
8660 2644
5196 9934
8307 2814
2043 4849
4747 5862
1500 4088
3792 8861
4017 9554
3324 7990
6929 9332
8928 8368
5881 85
4386 1117
2004 7143
8373 1250
5473 9660
25 2339
9367 121
6176 8378
5776 8089
6088 299
9714 8536
5733 4681
9911 5383
6712 9259
8091 6304
3188 9239
9556 1920
8221 19
453 4870
3715 8269
156 8447
5780 7407
141 5384
6045 5017
6402 2578
1224 6548
2665 2468
4479 9946
5114 3335
7934 628
8697 6482
3323 1724
8586 1101
7125 2462
1173 3178
9254 8445
6295 2680
612 6655
893 1410
276 4165
8609 8060
6422 4982
9654 5123
8913 3613
6383 9438
3133 5875
8546 7421
2868 2955
9642 1365
7062 6224
2076 4475
4873 6259
7049 8944
3106 7313
4514 2628
7356 249
6072 3692
9820 5538
2337 7150
2382 7899
3171 2318
2711 4619
8456 5405
6373 2193
660 9681
5592 688
7705 4957
7535 1290
7347 8739
3917 7712
8994 7738
4263 7076
9834 317
7793 4585
2477 8713
1133 7116
8354 7458
5969 8119
4473 2723
9255 6126
1968 251
4974 1932
3998 5983
1857 8286
269 9226
5199 9030
7315 6724
8006 104
9375 8299
1200 5143
1376 4661
6759 9083
4143 4590
9876 5793
4577 1555
8696 4277
1264 975
9228 52
7202 7696
3270 7921
2971 2025
5955 6787
4832 9309
8458 6436
2307 8914
7579 112
2655 2021
2206 5997
8339 6889
275 6836
7363 9144
4463 2812
5100 2946
7068 8038
7628 213
1366 6467
2513 7202
7534 3474
4419 8740
7326 8172
1971 8404
7486 1830
4771 7653
5458 3700
8438 5881
6306 5733
3752 6418
6754 5978
7072 7939
3391 7189
9337 2080
5756 1784
9025 2536
8847 3101
9845 7198
2766 1874
430 598
3938 9346
7423 5641
3043 7762
5311 3934
6303 6910
6221 6479
2779 7311
982 4737
4968 275
7585 5697
2319 3092
6658 1660
1013 3237
4305 8290
485 4719
6851 7666
3587 4076
1505 5861
2044 4476
599 9323
7428 7989
2174 1279
8965 3494
4163 7533
4046 5439
6425 8732
88 3071
8850 7311
7355 424
9517 3360
8818 1254
5520 8590
2100 4086
611 817
6395 6137
9358 1108
2564 3007
6160 2103
5347 5479
918 3206
367 8126
2176 7506
7794 2672
3502 6554
3008 8579
4451 4876
7868 4987
5635 7812
8893 9738
681 7779
6138 8880
1841 734
2924 9139
1233 3943
811 4163
4737 4398
4016 7553
9052 5361
6705 5939
6142 2430
48 4791
2789 6096
7231 4688
841 1521
5528 3484
6618 220
5558 8301
5970 3986
5899 9225
7465 3151
4847 2503
3701 2253
3387 1955
1062 3458
8830 3063
9036 124
4085 6964
2821 7212
9057 9838
201 3611
9182 4746
227 9079
2697 7671
5820 5205
5249 988
8225 4828
7718 9537
8280 8933
9383 8340
5033 6438
3590 9931
9827 1390
9961 8902
7714 9264
3286 5361
7891 6701
5105 2038
1712 6943
2956 8097
2143 7351
6243 4474
5758 7153
549 6907
5452 4050
8202 5933
734 9279
3988 8268
3741 6743
295 557
3615 4705
5305 459
8012 1519
7252 1052
1461 419
2556 2176
807 8768
7159 7398
4619 9488
3146 1156
7276 557
6138 1690
3928 4096
5923 2009
3826 7660
2933 4996
2543 1557
7922 3513
1581 8265
5312 1369
9739 8939
3643 8462
4160 2575
455 1769
8272 7828
7620 3125
481 3564
2351 8558
4860 6157
8005 8464
4639 8930
5178 3539
2650 7343
2744 2495
5692 306
7669 5994
5499 1346
8679 859
6390 1696
4046 8279
4454 9387
1062 4272
5183 8748
3277 7135
8324 3384
6765 2557
2753 4932
1524 7121
7036 8262
4082 5512
8889 6147
9275 4750
1902 3059
9970 6433
4005 1168
3892 7765
7363 2572
4908 6849
4926 9300
1859 7776
4313 7768
7653 3328
5653 9455
4624 4061
1477 8715
468 3287
3248 9695
4023 2090
1134 3350
2389 8047
2819 5359
8441 8966
9582 719
4623 8678
2697 365
8486 6314
1118 6731
6498 6154
46 1667
3108 1126
5522 8367
2972 4464
924 4852
959 9966
2945 7133
4358 1211
9442 5292
5996 847
5512 2658
8060 3579
2752 4368
8271 3105
7920 992
939 1155
6833 262
7292 3297
6408 5573
6854 3004
2507 2690
4060 4115
4828 4005
5661 8955
5392 2731
1477 1605
3935 6750
9049 5355
5079 6014
6416 3863
8669 9550
4462 276
9772 7655
958 9348
9756 3271
2979 890
97 6319
8703 7195
5420 9245
9783 1681
2527 2335
6502 9018
4249 6428
146 263
7997 1637
6683 8532
2673 1075
2456 9029
2620 3376
6529 2336
411 8668
2145 6645
3568 2445
9912 3664
38 4081
5755 2115
9818 1824
1359 4659
7083 2301
3886 73
9534 7894
855 3583
6447 2654
4472 6699
4755 5656
7838 1307
4051 6946
6613 5974
7558 1656
2848 7490
9376 8221
5197 1357
5602 2809
3010 5025
5883 5357
5266 8413
6616 1261
1450 5941
5845 500
6262 5989
717 893
9805 9306
6219 504
340 9359
2761 7552
4709 5809
2779 7044
6459 6451
3138 1069
2320 4179
5816 8623
744 2983
8356 9207
235 7544
4538 7689
1670 6282
4931 6715
7463 5919
3536 1502
9261 3909
5202 1457
7298 6588
2035 7247
7459 1726
6121 9261
9674 1304
688 6467
5219 7068
1468 9539
7182 5927
5531 210
9743 4967
9459 4326
1289 1577
9097 977
8603 604
339 686
1103 8819
3312 3825
6637 9328
9297 1513
8871 6540
4856 4728
6211 7725
6550 3556
1891 8463
6030 2268
5268 595
5539 8650
1073 4833
4047 9949
2563 4247
2935 8870
3106 6734
8781 5756
8439 7227
5370 3259
2628 5699
6449 266
6341 671
3588 6738
7325 6062
5825 7225
4430 812
379 2681
6071 4538
9651 3472
1103 6802
4486 1047
5421 9124
3427 2948
8366 4360
5039 5501
98 7018
6971 5611
8551 484
5015 7618
4775 2899
7293 7575
5523 539
9954 8387
9283 9697
2888 1539
4227 4556
543 6717
816 554
891 6894
4442 1139
5183 9022
2160 8942
679 4636
3645 2428
5848 3615
8657 5716
373 8156
4354 7021
1356 7558
2336 9470
7120 8879
2392 7322
4338 3411
1466 7179
2338 7789
3249 5270
6861 6038
8673 1583
6874 9739
2984 4749
1136 7410
5126 5893
7758 6777
4486 8469
4014 9334
1611 7656
5579 5646
7912 705
6501 3516
5135 1564
2533 965
6326 3647
3807 557
2963 3003
4873 1581
3194 7772
6118 1188
6130 9221
8686 2929
8997 1998
2255 9268
3969 6014
2951 2427
957 8640
567 1791
8669 304
3486 1782
