placement model: 1slider
width: 10
height: 10
number of points: 1000
5174 8240
8555 2399
6926 3344
9611 6691
9990 7728
5835 8689
4344 9869
4217 9812
3418 9170
637 8519
5893 2893
6697 7969
9634 6211
55 8933
915 8519
9112 6937
4597 2255
5346 8308
2415 9693
3360 7999
9970 4573
8797 1236
9291 5728
6306 8451
2102 5454
4292 1945
1759 3383
1691 1551
7919 7701
760 656
2342 6995
9046 2781
5028 7434
9282 2063
8356 2484
2277 5612
140 9012
6648 8459
2814 57
1590 1833
4449 6894
6201 3354
8197 8017
4938 4693
2253 2136
2342 5550
3746 1342
7997 5251
1315 4691
3678 5408
2719 2213
3298 7958
912 4596
8286 5140
2602 9237
6843 7087
7302 3261
137 3145
4991 6256
1524 1437
5399 6380
4820 4605
4730 4691
3469 2425
50 6805
4490 3369
2057 8965
3508 8617
5431 4304
5499 3669
2010 7317
4629 2502
1757 8173
7990 5105
1440 8534
5384 3688
7527 7815
7598 1654
7816 8289
1787 7248
7092 5700
8406 179
2599 9550
7818 1944
1815 5075
8951 5223
9261 3786
2827 4771
7545 4946
5088 6013
2261 8236
3001 4736
3527 4672
4219 6293
5643 4122
8925 7267
392 7222
1806 4385
4330 8559
704 7514
9671 8798
8365 7939
865 8500
5582 69
2495 9000
4597 3370
3248 9904
6083 5308
3007 2352
5132 2497
4135 3715
5419 9070
3031 9485
6854 2891
9736 6965
1691 1197
8371 2038
732 2735
4177 1031
9674 6248
8078 7597
5685 3290
4453 4719
6722 8968
6013 2690
1192 9013
3268 9500
4385 2037
9308 8417
5372 356
1401 7160
6608 4040
9537 3251
9428 3957
3548 5266
7657 2255
1155 6297
2595 5668
888 7063
6845 7122
604 1645
1210 1751
5333 3592
2607 6742
6961 4725
7606 8006
3000 2168
2790 2058
9437 4170
7539 8353
9080 7044
7812 9630
5731 1999
5874 6335
2993 1168
7985 8930
6311 2570
347 6331
4036 826
3404 5178
1221 1135
1251 3368
1697 1678
262 2956
9337 8416
1880 2685
8621 9790
2271 1496
5129 2558
5518 5995
7461 5876
9730 2240
3763 3587
5464 9085
872 591
469 9390
6843 1707
581 9826
3189 5857
6505 1593
1541 6352
6969 692
2912 8716
5089 5893
3518 4411
8440 6388
8659 5745
8728 3990
7997 1865
1286 9529
6605 9857
8865 8445
6701 2000
2668 2837
9950 9683
8650 1701
3193 2128
9568 9673
7001 3210
9564 5254
832 8046
6310 8722
8324 2323
3255 6127
5285 4984
9552 6097
6299 384
7983 2462
6864 4636
5279 6188
3810 8349
3370 39
470 1502
5100 2396
4078 4964
5353 2022
2197 1805
9634 9191
6130 5549
6834 6556
2913 2761
342 4221
7806 4009
1965 166
2187 3132
5796 3735
4970 4674
9475 5917
4739 5664
6428 3800
9304 859
9467 2764
8045 293
6138 8127
3101 6299
8799 7018
174 8424
6730 2418
8460 7804
4560 8301
8317 9049
3217 4648
8187 5639
7451 5436
9806 5850
6100 6943
8687 5687
968 2082
9093 7531
9730 7160
3348 4807
5748 9141
1975 5510
356 3669
5455 1601
9956 5315
3784 4836
5954 9540
7588 9845
382 5454
4772 9201
3312 7739
3779 2216
8762 5292
4168 2100
6548 7595
6677 1215
6806 7949
4634 1816
6946 3186
2703 1434
8780 6012
4482 7281
6914 6541
5441 5602
6468 9764
4569 8791
3936 705
8437 5929
2220 5824
9119 100
5090 4867
22 51
1862 1332
2215 2832
802 2676
1096 7982
5371 2113
7420 8933
3083 1884
4831 4796
9616 8236
5466 3934
4746 3466
8971 4005
3628 7557
4672 8738
4543 2828
9096 6057
8578 761
9606 2670
626 1647
5880 5664
9642 1199
1135 9280
4138 5189
8422 1078
8104 4567
134 3281
2691 229
7692 1600
6050 4387
2714 4689
930 6266
4725 1262
3150 2104
3268 4598
7768 5662
7821 6384
117 3674
4823 229
6565 6514
9442 2957
9789 8740
8918 1092
1641 5903
8373 8197
8443 2587
4634 3868
7175 5535
1985 3006
84 8352
1331 5007
183 4443
1950 137
9131 4641
819 9826
1661 3803
5568 9210
5640 5410
6666 2347
556 6600
6439 950
6330 4638
8069 3616
1506 7692
4359 8766
5218 8163
4621 4795
9909 1655
4877 8576
9633 8567
2031 5284
8644 3621
9307 971
4003 3457
3921 1760
4186 6457
7752 6690
7251 8936
3175 6317
5551 8389
4664 5119
2174 308
6576 1352
9619 8134
598 8699
9088 6653
977 5722
6394 3573
660 3302
4400 3621
2973 2974
8694 3090
1684 5234
8271 3360
8784 1349
9061 9012
3703 9291
2650 2587
3856 9650
6884 2976
3395 4897
1984 7516
8480 5886
5381 3643
5178 3345
4795 3835
384 1444
9756 7529
5266 467
2204 9986
5759 8775
9877 9545
9633 6838
2533 4572
3506 1426
9027 6732
1237 6015
5993 8146
6549 5760
2013 202
2976 7975
8550 8220
8999 4429
6730 5227
2336 4297
1494 2830
455 4206
6382 1506
1124 5623
3611 6121
4757 2737
8435 4833
5611 1484
1214 2326
8053 8712
7290 8025
6310 2754
1975 3926
201 2615
809 2194
7552 4885
7043 2268
8891 3362
4366 2718
9811 6879
526 7326
8469 6161
8068 2003
160 9611
6371 8383
1350 2672
5191 6131
541 8288
5393 8844
2577 8690
4359 2155
3851 7744
9337 7048
2366 8825
6970 1909
6925 1057
6306 1377
6251 6251
2795 4691
3135 5677
9465 3028
3453 5391
5115 5746
9447 4668
394 9861
2267 5815
3950 7241
6879 2217
7782 1037
5809 63
8642 1805
684 4673
7945 7910
9492 4578
8634 14
1700 6263
7607 1137
9392 2245
5856 4737
3804 9346
5469 5540
7863 3765
5458 5542
2421 2528
7707 3902
1889 851
2321 654
9677 2322
5107 8932
6841 5977
666 5904
6049 8378
3671 4677
4967 1689
8918 5283
2035 1814
9646 4667
8268 4892
1690 5942
2537 9597
7804 6852
8969 4112
9382 5532
5347 6014
8507 9861
6357 4525
6454 2380
1043 1009
7495 5580
9432 857
2574 1701
3509 6806
7132 5827
5036 1554
7778 2865
2294 292
2031 7570
3167 1515
5361 4371
3715 3794
2869 4911
601 3211
2999 2335
7018 7591
4645 51
1581 4198
8558 109
9651 6968
1920 7543
7582 7005
9312 4070
6275 2819
1799 2122
289 7836
274 9042
4866 7314
5022 6917
3055 1260
1471 153
1878 6885
2614 1381
6945 210
8093 338
9913 7078
4124 1855
3583 8668
7635 4580
3603 9783
3835 7180
8441 6707
7614 4676
6799 6145
6691 1282
1635 9254
2714 6393
5586 9992
7271 7959
2581 6337
462 9963
8951 7415
6415 7826
1709 3091
7762 1275
2896 6241
1269 1505
9961 7624
5974 8072
7272 8465
9157 1865
5126 7697
3203 2965
8620 5968
9808 8500
6260 3342
8474 6428
14 3448
4158 4961
6140 837
8643 3139
4922 4559
6709 4878
9256 4947
9221 7858
125 2990
5406 1744
8990 9451
5346 9857
5015 1259
705 2089
3711 1176
3012 1450
649 5906
8816 9128
4064 2898
4941 8078
2794 9889
4300 8804
9907 805
3187 5920
8670 9548
6099 7434
2686 4291
6195 1109
858 507
3197 7437
4713 9390
3731 6105
9966 3153
6642 8404
7020 3371
8697 4199
7378 9510
2608 5790
2571 4677
6064 1520
6793 3552
9965 5848
8709 2694
6656 5686
5400 3545
8073 2574
1686 5592
6931 1151
5242 7856
5424 6176
9698 1441
1810 5936
5325 6749
3220 669
138 1188
4016 9089
2628 8854
8796 6333
3331 682
8298 3264
3286 4523
9300 298
8524 687
5005 9619
6450 4420
9369 5893
4034 2718
6705 9303
9476 1582
9969 8916
4391 1688
2772 760
4653 2969
4323 2427
9715 3336
418 6907
5238 4488
4428 3464
4187 9204
4047 9059
5148 1409
6714 8471
1599 2113
129 4196
5646 4524
4742 2475
4981 1563
115 8782
8590 6168
8496 2032
7437 6310
7242 3813
7583 4482
1061 8921
552 7149
4699 386
5964 4558
1516 8309
2129 9660
7702 7222
9924 5097
9136 3185
2197 4672
6965 8214
3709 5642
5354 7028
5561 5936
126 7110
7873 5479
8733 3783
7623 8490
3910 15
4370 1951
337 1970
5398 394
6062 8596
2289 4012
7146 7055
7736 1690
3571 7594
5885 4260
1525 2341
9854 4330
7155 5579
5341 2196
2242 4698
3625 8031
7898 6663
4626 4502
8540 1082
7631 5756
4725 360
2299 1602
7694 7500
7153 9344
2145 4855
6094 101
3289 3395
9244 1564
4832 8969
6674 2980
792 5297
6288 3881
7085 7459
5739 7363
5317 1416
6095 7844
8914 1616
635 859
1707 4291
2232 6249
9299 1033
9712 8031
8944 1186
3699 2799
3056 6221
6527 57
6942 7438
2706 8464
8147 3211
4922 9900
9761 8623
8633 1963
8554 8987
2903 2553
1930 5874
8929 1023
6549 927
6694 4511
631 432
9672 3646
7539 7002
2989 2139
5885 1307
5817 4388
22 3251
4113 9606
4419 6201
2972 8780
5634 2530
9981 6549
4918 1359
4339 9178
31 6000
3538 8589
9179 968
6768 4648
6967 8212
8248 4554
326 5147
982 1495
3737 8300
567 7402
150 211
3866 9295
846 1871
8857 8977
3241 6939
5338 9673
5029 1114
6601 2001
7380 9968
4124 3552
358 346
4587 2684
528 3636
7118 1912
4828 3662
5762 5003
8170 2254
6933 9161
5921 2757
3364 1701
8949 8545
3081 2148
962 6021
322 1894
744 1276
1496 7277
7610 1814
7801 2122
9722 1933
5553 2171
9318 9759
6345 9048
7489 4345
5433 2078
6537 6702
4078 4754
783 6942
6998 8195
4052 7996
4282 2156
6624 1942
7543 3473
2398 7605
2861 9576
5178 529
3134 8880
7177 6609
5839 7266
4668 304
3312 8510
4290 2899
7647 4451
837 1778
6969 1848
4961 6822
8282 7249
9402 2239
3145 9995
5976 6570
1739 1325
4862 948
9764 2472
4388 2391
5730 1878
375 7701
7108 9087
7944 7895
2229 1222
5091 660
4811 3462
1165 6843
5029 75
9773 3248
6132 7653
4629 6936
1182 7292
4965 8673
3103 590
3974 6635
4482 5933
7692 8006
6383 358
780 9783
3218 8301
4808 812
7885 7075
7333 6748
1903 8146
7146 1823
9579 9097
187 664
8392 390
4795 3149
6856 716
3796 8270
9830 3246
7468 6213
8523 4206
3833 8834
4017 3560
3256 4911
3822 3805
9778 2868
7558 1622
6984 4679
9781 5082
8614 6795
2733 187
7860 7551
211 2662
365 8410
5213 9298
5626 7779
2066 7556
1944 6863
5717 6304
2661 1659
5580 6477
9992 8486
1566 551
2875 6910
1263 7579
400 6495
7875 7095
2966 8675
2242 8681
6192 2587
9635 3251
3006 9998
750 6699
6906 4608
5148 9827
7470 1180
2410 8228
4387 1062
8966 7126
9358 8030
5791 7044
3727 2802
7717 1772
6939 148
3657 1207
6836 223
3703 7364
4740 7677
8979 3642
8670 4875
3253 229
1801 8617
6149 5181
6617 7759
1214 9405
3712 6202
3199 9301
476 6477
3243 9150
6382 1381
9302 873
6842 7942
6588 6666
3868 1982
400 9291
2541 7217
1326 5155
1358 6691
3269 1011
4019 8313
8929 2367
5138 7446
6106 2791
8881 9469
7183 8627
8635 485
3469 9244
3721 2961
9255 8010
4999 4054
8243 7020
2062 6661
2907 3643
79 4692
9719 6028
5890 8934
4352 3623
5840 8693
1997 7654
1595 1077
3428 6769
4717 5941
5336 5545
9720 930
4606 2735
3727 9551
5371 9602
3896 7526
9860 7536
3259 3260
895 8481
5356 4563
5238 4075
182 8809
5426 9466
114 2136
2490 7376
6428 4911
1227 6180
6902 1836
7153 8585
1094 9498
8604 5933
4238 557
3971 1688
58 9201
7023 2352
42 6896
8938 8699
2521 7390
7285 2449
9230 8940
4130 5642
15 5338
1076 4417
2454 2282
5499 9948
5767 8728
3068 1804
5473 8820
6964 9208
1026 3532
8738 7065
3091 8108
1665 5197
8227 513
7451 735
6642 3211
9855 7007
4379 4202
4465 2220
3252 8267
64 3111
60 2936
1189 8298
5423 9039
2768 9309
1170 6516
