placement model: 1slider
width: 10
height: 10
number of points: 100
4325 6313
3074 2258
9388 2071
9090 3269
7632 8028
9358 5121
6275 6297
7043 3553
5939 9093
3184 8550
4248 9467
8814 2706
7839 9561
8100 7218
4086 7244
6081 4078
8599 1036
4362 6447
6122 2745
3772 5718
3621 9985
7379 647
304 5170
8217 5447
5914 9163
3110 9558
2017 3246
5762 1839
7980 6882
237 9874
8967 6769
4080 5652
7810 4121
9296 8481
7106 1097
9597 8175
1868 6631
8180 1681
1620 920
9333 9393
3516 7784
5797 157
864 6895
5818 5532
66 6799
7237 5337
9929 7336
9128 9709
4488 6564
1559 7836
4381 1871
8859 7040
7629 3837
5189 9325
6877 8213
9176 1819
9633 1069
5508 2212
976 3497
8958 8969
9446 1036
8508 4622
9662 841
6240 3497
2747 7505
4644 9174
3589 5176
7295 2264
6341 1738
9747 2712
4460 4191
3313 3348
4425 2099
6149 3132
1986 2064
1401 5573
7916 199
5689 8308
4322 5757
9051 5399
4121 7562
2432 4168
884 6766
1509 9269
8540 9148
8881 574
3132 4012
2015 4296
8826 3535
2303 3110
2604 8124
5788 3461
1138 490
441 6821
1683 751
171 5419
7976 3242
5083 6269
3172 9945
2282 2623
