placement model: 1slider
width: 10
height: 10
number of points: 2000
3970 4581
3835 1304
7048 8108
3083 5312
7093 9317
1862 933
4629 8855
6400 9328
8154 5927
8403 9863
1675 8240
7033 2704
3677 8892
1112 5297
1912 3943
8054 4996
2278 3202
7030 6983
2334 6115
9522 9256
7757 5176
7959 8625
3325 2840
9948 1168
8600 6942
8190 6248
4686 7310
9238 9188
9415 4432
878 9414
672 5611
4485 6378
3233 6519
8310 8993
8255 908
2122 4659
7755 9152
137 292
5909 2518
871 1572
3593 12
7346 2278
7534 1363
9280 8933
9508 5753
4963 6196
3895 4447
8580 9810
3051 635
6159 5784
1836 8788
6181 8447
3709 2322
3043 4131
5518 2197
9687 519
4387 8667
991 1758
8052 2734
4221 921
7457 9790
9243 9975
8510 9084
9762 3879
6153 5714
9551 4161
93 1350
3509 8465
3219 484
3241 6013
8300 4437
9790 5370
7737 7838
8756 6635
2387 4538
9489 9822
2102 2742
2772 5655
4898 3017
4414 7549
4182 3011
2142 8227
1082 6667
6783 3833
2638 2761
3098 2918
8414 3033
3628 757
4357 6483
4453 3125
692 8652
6774 3427
8251 8742
7289 6855
2604 4959
1719 5331
4332 1973
8382 9426
3703 9536
9094 2536
8073 1984
3645 1437
8179 7498
5184 2591
9803 9439
4334 3453
6499 6755
1425 5214
7552 282
3061 1801
2786 8762
932 7044
868 4233
3398 8306
6676 3802
4320 9538
4306 9504
2804 8599
283 8506
596 9078
9012 5496
2593 9867
1216 9985
2937 9206
1493 5797
3666 898
1649 9323
5383 2454
797 6266
7537 8388
8424 3080
4486 9123
3057 8848
3424 6770
303 2058
1768 7390
7649 3623
73 4577
1278 9302
6299 9885
3686 4386
4934 7894
2692 303
9830 3773
986 725
3329 3656
8770 4279
6627 665
2078 7800
5681 6739
2763 6209
1677 5975
1945 1058
1545 4702
1201 3106
5873 1646
1983 9263
4504 8687
4780 8739
938 1807
3735 1010
5986 4477
1381 4175
2835 7508
3749 2953
9665 7978
6423 1222
7504 6646
9678 476
4983 6643
2145 9729
6670 309
5429 499
2287 379
8094 9501
2478 8527
8435 3242
2223 8635
1354 9879
9023 124
1702 8549
3023 2221
8596 7426
6220 7295
1707 2167
2242 6743
7990 7557
302 1899
3917 9614
3840 6560
3183 3672
5159 1448
3500 8583
8940 8850
1787 9993
6813 2128
3276 9779
5378 6055
8410 4410
6293 8356
4401 4383
9630 5621
3212 2374
2618 2854
6801 3561
323 1257
8991 2188
6401 8823
3445 7982
7732 8833
2569 9917
7311 6654
5995 1482
2611 2886
6793 6383
6264 9521
5658 5948
3246 1257
3429 2193
3510 6174
9863 2413
499 3773
1329 4783
5941 4157
7775 4712
782 9070
5499 1732
2369 3486
1266 90
4290 7311
6292 4596
7301 1176
9879 6520
4199 8783
597 657
3823 4224
4686 5726
7998 135
8759 705
4915 6985
781 5432
5316 2495
6941 2756
3862 3904
6643 2127
9400 5443
4867 719
8627 1401
5868 7379
7002 8067
549 3293
8424 3935
8840 1774
4944 7760
9311 8537
2446 5038
8791 4429
2659 4713
7238 1244
7559 6421
8926 4082
2004 145
692 7562
2074 7712
3923 9640
5669 4842
2401 1282
254 478
7285 1971
9466 3956
1200 5698
7935 8778
1245 8306
8043 4919
1707 2777
8637 7926
3650 6350
3134 3166
6907 9338
4665 349
390 6130
1136 9818
6064 1077
7728 9279
8774 4356
6701 693
5325 3075
8132 4843
1344 4480
9436 4567
2854 5520
8194 9706
9632 3792
7910 9581
3742 2371
9026 458
6423 8345
6399 3879
2392 8463
8666 3655
4867 7653
2699 2557
5835 1070
519 8431
2563 526
8888 2719
8060 5892
2143 3083
7903 2067
1980 7705
9501 3652
7142 8572
1594 9191
3412 4630
3754 7524
1796 6035
9360 4500
5348 7917
8650 7515
8973 6859
7266 2175
5767 3027
1962 1727
4494 9846
280 5777
9142 2686
2338 8252
9666 374
4481 6749
2714 9452
2261 8798
6238 5054
8262 1678
1272 9645
5525 1806
7991 9334
2817 5324
7389 9294
1763 8165
7634 8659
7325 3936
7416 3000
3239 7441
3398 8926
2155 1579
9478 8552
344 2936
6456 4627
9995 8886
819 3685
470 7718
1151 4483
3931 1189
40 1819
6570 5495
4836 2690
4828 4412
3588 1681
3202 5626
8765 1098
833 6959
4453 3669
5920 7804
2961 6612
3761 8791
6716 1117
5244 3348
276 3835
6511 7025
5607 3793
2185 3181
7066 9778
6034 3685
5644 5826
9801 1972
4745 1766
772 5408
4684 4626
3853 9964
600 3641
2187 9166
3054 6226
5390 166
5221 97
3886 5294
2277 6686
2088 9667
8012 2425
6003 7614
1034 3291
6398 4952
566 2503
6498 9860
1112 9120
3161 5374
2405 602
9170 2351
5845 8267
6427 3397
368 4611
7651 8281
8045 9883
6787 56
549 7464
1719 8948
3268 4026
5910 1300
7302 4260
6966 3242
8977 8049
4407 9103
8643 6328
5529 9578
9942 9032
9888 8456
1122 3496
995 5599
860 2609
8727 3766
7463 9908
1573 4878
5030 2215
1938 4155
1443 2138
2801 3545
1526 5506
535 3939
1946 8742
258 8918
6957 8677
172 7774
9302 8614
7227 8443
7666 4129
2547 7678
9473 5605
1618 4955
7859 8996
7184 5997
9010 3585
4601 8689
5273 6909
230 8330
3014 7577
590 6494
9759 2574
5067 1303
3615 1880
6844 6148
8076 7391
5271 7564
4816 3652
4754 8518
5214 1043
8412 677
896 1182
5975 4375
5160 1752
6120 8257
4603 7907
4281 3029
4054 7321
873 2064
1280 5696
5625 7
9328 5109
2115 6817
6429 2415
7140 6974
8248 9380
5040 1742
1468 1339
4127 4377
5917 841
6 9562
1264 3741
5905 1449
5359 8984
8059 295
6101 424
760 3915
9387 9446
4612 9639
4223 7742
7436 6011
7226 3174
9386 3848
3250 8362
9901 5498
6722 1564
1896 4003
9460 9745
6748 5161
9842 383
9137 4816
3683 9280
4323 6344
5437 609
3807 7226
7143 2329
3455 2449
5792 1480
8843 419
789 9337
7994 489
7892 6866
7354 4575
127 7365
7578 9161
224 5072
2792 9022
9481 1874
5170 375
3010 5713
9579 4572
4990 4945
7028 1307
351 6654
0 446
2396 1339
836 55
6867 4127
4508 9079
7419 609
2399 7997
8260 9595
3659 6875
6633 4540
2107 6191
2798 1222
4872 1531
7411 5163
3554 4035
3087 3053
3919 8447
7074 5535
3280 8613
3307 2362
4848 5551
4406 9253
4187 766
4768 6789
1460 5212
8035 306
8781 2280
1395 9470
8592 370
6027 8836
9732 7586
3912 4406
3563 9844
334 184
1215 1622
5568 3533
7226 6891
9818 8091
551 3102
8667 941
5271 291
6696 2859
8222 9791
2723 5779
1280 9035
9100 3425
3187 8963
8836 6040
5164 7754
8366 6373
2324 4376
884 1785
7858 3152
8884 5103
1937 7591
5583 3833
7624 3166
6383 1382
3689 2884
7586 3678
6646 2160
4189 4363
4400 4144
9320 3026
150 5057
1724 262
1655 6632
9386 3143
6861 7190
5318 4212
3379 8141
3376 471
4680 2348
3903 2930
2189 9263
9237 5640
8054 268
7901 7901
2239 8690
1576 6095
6189 1607
1767 1727
2675 9884
6478 4075
5864 4709
3879 7109
2326 7390
5619 7752
4475 6135
1270 4160
1188 2250
483 4210
5361 811
8439 1575
7282 5654
7689 6884
2486 8691
770 4202
7632 7241
7839 3995
2091 7265
742 8115
7592 3575
31 6523
2836 5093
5591 3971
606 597
1386 5010
3447 6265
6064 3066
2979 2083
1767 560
179 9870
2730 2851
5880 909
9285 1118
7245 89
3459 9887
4588 5187
7528 7876
1702 4551
7986 7675
7767 5963
2193 1123
2432 7759
6013 4859
5877 5175
7561 703
3817 6663
9474 334
4245 196
9317 4827
155 4871
4557 5580
6613 5767
4501 437
7153 4237
8066 1546
8873 6274
2648 9215
2552 3136
9107 7821
4053 635
9957 9851
6131 2786
3983 8089
3677 2979
7571 151
8196 9646
8452 3125
7441 3025
5042 5157
367 2799
8354 5441
1688 3026
3273 3442
9875 3945
1596 2675
8087 9027
2157 4352
6827 6162
4903 7880
5854 8602
5136 867
1214 1788
9136 8727
198 9575
1703 5527
7693 7697
3581 6631
218 5469
6228 5928
5039 8071
4395 6033
3418 5446
9697 7974
8469 8893
4139 2567
4441 5586
2530 4447
7663 722
2807 2909
9644 5869
168 3455
3736 86
3697 935
9464 2607
7300 6578
3379 9782
7203 7245
8826 3868
2496 8058
8393 4697
6581 9897
432 3617
166 427
3643 3372
3283 3572
6874 7456
7669 1984
1931 2418
4698 3869
3202 8372
620 2674
2626 7898
9255 3451
7130 2255
7470 4185
3039 1137
7361 7156
4963 7389
8606 7658
3028 1470
2239 4576
254 4446
8009 7415
2372 6847
8196 7907
386 5694
9848 7492
7900 4417
2757 387
5906 9563
8320 7322
4157 3045
9214 9839
1617 5547
4130 2803
2181 9077
8223 9500
3056 3633
9396 38
2143 8927
8602 5348
4089 8450
7449 7914
626 7191
5515 4426
4631 7335
5435 6860
7537 3359
5422 2741
6619 9810
1968 8073
5789 4754
847 7802
4710 1448
590 2221
2635 8737
627 1496
7048 976
4122 508
2897 5739
625 2818
4749 3308
7203 3860
4437 7450
1416 4382
6817 8235
7107 8442
1659 6461
3132 581
9507 7099
4708 1677
3806 8219
6255 9825
4747 5258
601 2927
2879 1651
4928 320
4616 366
1807 2775
1533 8643
6112 2290
6463 8343
7402 6916
1982 6138
4706 3502
7416 8684
1341 8256
3876 9908
7884 12
5626 1363
2592 4618
9159 4736
6800 1832
5283 7983
6492 877
1714 7790
8512 8547
9060 2852
5490 6740
1828 892
1670 6010
3433 5618
2005 9268
2795 6612
153 876
1965 7219
3956 4099
9185 1059
5808 8068
4341 1030
1043 1372
967 9270
9191 6895
5002 2463
7261 7219
7877 5257
171 7922
1402 2755
5333 1849
4937 4950
7724 1051
296 1065
2536 5885
839 46
4750 1737
7574 247
7140 7578
2541 187
973 2252
1304 2769
2970 288
4776 1599
823 8454
5232 2388
4406 2256
3893 4133
583 1711
5763 4618
5596 6818
1502 1181
2798 5827
7130 2525
438 6367
8143 2936
4503 5642
40 7788
6232 8870
4321 1373
3996 6846
1425 2855
6280 3951
4446 8124
9508 1761
3368 3487
4341 909
9277 6174
3222 6373
9034 3512
8372 1157
915 6275
2982 1040
9589 3962
8346 1536
2349 9219
1203 484
4436 4826
5768 6364
6176 7387
4789 3253
902 3990
2668 653
5696 7285
5759 5129
9680 134
7679 2441
5319 7670
7626 6393
3745 7628
891 1239
8819 9481
9146 4610
6021 6752
2626 5280
5955 6846
4156 5513
2012 8886
4354 5177
9387 2831
5653 8912
8569 6328
1557 5479
711 4862
1571 2343
8495 6840
9928 2140
3051 400
9551 651
6765 9186
1954 3893
6210 8647
3198 1239
8755 3895
601 4714
7667 2374
5126 3204
9016 7437
6131 9420
9748 6416
8317 1962
9395 9162
5381 1912
4775 4250
1370 7388
3541 3541
7265 5552
8597 1131
8872 2040
3484 6599
7452 9429
8943 1511
5593 8382
4625 504
5418 9042
2078 5341
1052 9312
9245 2724
48 4630
1391 6313
997 6261
7028 9227
1233 2140
5340 394
1488 1088
9282 2344
7725 3728
3717 1994
7616 4165
4536 896
9833 2268
8977 8462
8912 2011
924 45
8407 9686
9845 8402
2051 1055
7784 5886
2695 1693
8777 5514
7780 4820
3092 6989
2595 7162
9340 7337
4316 3925
30 602
2599 745
8550 408
242 5947
5897 7269
3211 6107
82 4933
2534 8909
3004 2954
7444 6893
6096 2672
9490 9729
9114 4712
1165 3711
5196 7446
9910 8405
7829 8513
5372 3484
4901 8556
9529 5600
4443 3846
1598 1080
9398 347
131 8519
8586 5551
8222 1237
6555 2508
7627 9092
2538 5433
8000 364
1124 2469
8680 975
7233 4223
837 5470
8603 7855
3872 4125
5157 3850
5160 7192
8459 1706
6045 4463
3139 7908
636 1593
4718 1838
9581 5632
9136 8003
3513 9497
7757 7348
6986 1810
7029 7542
9313 2397
4319 1076
4716 8591
4728 4972
8089 7954
6070 90
4269 2212
5227 2476
8481 249
99 7779
3109 3693
9822 4505
7144 4865
2139 4959
6177 5269
6298 5411
3451 168
848 8922
6444 5849
2826 8426
6541 3727
2037 3516
1494 9039
96 1483
5583 3978
5990 3461
9617 7323
7532 208
7058 3958
7448 5628
7584 272
6448 6918
8008 1722
5731 4009
2417 2216
1642 7594
8688 2218
2232 9039
9063 9431
4856 5352
3805 4682
71 9532
3873 4087
5524 1960
1769 9818
7426 8133
1443 7629
6097 2499
1598 8868
9075 9343
8820 9303
5900 4096
6873 2812
4771 6143
6596 901
7517 1258
4969 2077
8584 3188
4191 7040
498 3737
5475 5180
4523 4486
6976 2831
8078 6039
5757 89
6105 3267
8680 4605
285 4840
9995 3797
6828 5154
4725 1194
1600 3144
8335 4089
6198 4345
8737 8450
2822 5254
2520 4495
1443 6787
9563 5232
815 56
7195 6455
6422 4959
7503 404
7830 5294
6566 3684
6414 1438
474 754
472 9176
4188 7787
2047 429
1678 9220
2928 6029
8658 2421
280 9604
8151 7347
806 4843
6283 3099
1863 261
2470 2555
2039 6026
5566 1829
7954 1665
476 3124
1764 3376
5596 58
1265 4476
2485 5259
9404 2886
1699 176
3380 7064
9633 9769
1987 9201
1861 9074
2980 4582
7313 7646
4025 1727
3689 9183
1581 8714
8441 1965
9993 2558
4096 450
4481 5873
1720 4762
5426 993
9985 8892
4221 9391
5844 3835
8330 6105
8574 6080
5389 7885
5837 6614
3299 569
8780 3404
5356 6340
2762 9154
9699 7765
357 573
4359 8268
9773 2934
1660 4781
4653 7817
8690 7092
5643 2549
4091 8742
5055 4205
4385 9046
1669 8815
7538 9000
423 5686
3898 8590
6505 1598
3177 6041
3916 3080
5325 7768
852 718
2625 3232
5840 3715
9178 1121
5506 2132
9976 5262
801 881
1629 5978
6210 1352
6604 3722
9689 8691
6452 6026
9165 2842
4306 5978
3748 77
2931 4166
5939 4169
7935 5558
1859 4566
9654 2635
3861 9545
5135 9751
3867 3005
7452 3756
6912 6645
6123 408
3276 7394
6448 1777
6241 7889
1728 1779
7368 6504
1604 3806
9614 4869
6098 8011
8117 4761
6313 5607
6270 9536
5820 7296
8709 4057
6347 4495
5907 2292
9420 1825
771 9133
3011 4901
3899 2911
35 5051
7172 6554
3872 9310
4951 1138
8222 4556
6623 8365
8995 8532
6393 308
3110 8663
9211 6129
353 3613
9206 9282
8749 9576
9441 8858
7699 6004
7688 3511
394 2384
8686 6750
7459 8903
2052 9653
8834 1504
4532 7861
4361 3002
9441 3555
2980 4095
5447 3320
8160 6082
6368 4229
1810 1763
619 4121
7555 3213
5620 6404
8240 7715
5667 2399
7953 3055
1193 599
3384 3014
6707 8918
801 3940
2578 7071
1112 982
4559 1427
6708 4845
5871 4958
3309 6452
9416 5068
1039 31
5331 7785
1010 7255
4959 4650
5807 7713
7874 3544
4912 2571
1581 7239
1746 6334
5958 6462
7192 9732
7501 2642
6897 6225
2916 4518
9702 1273
7734 4355
284 7811
1255 6006
4239 7199
1375 436
8287 5653
8347 5248
2645 5745
4247 2065
1682 5817
350 1391
9215 1005
3940 1509
9001 2447
7946 315
7239 4116
4041 2370
1532 6084
1750 7738
2283 8481
9711 7448
297 2131
5723 7767
6260 4946
9267 2260
6065 171
9830 9466
7206 5757
8487 8096
3308 37
4481 8901
9954 2784
4582 7401
5818 1959
3193 2016
855 7486
4379 7249
4082 6329
1987 8202
5567 8494
1744 5911
735 841
7737 1868
1227 3259
9944 8649
6455 8566
3072 6376
7288 1411
4601 8063
6967 5371
5724 8345
8439 4677
4918 554
1233 2288
2166 8738
6347 9092
3264 264
3974 9524
1606 5478
4102 9957
9099 3389
2174 8687
9513 3257
3143 4493
3280 5458
1022 4370
133 7598
4077 1609
907 441
1576 4680
4805 2798
2890 8789
1893 6262
7864 9384
2274 4411
3466 5254
9536 6040
3707 6888
4758 5041
4296 1951
4581 7075
4707 687
2502 5076
7513 7829
8084 3944
1685 8883
8965 6336
622 5523
4866 2281
5893 1733
1718 188
1603 9859
9207 9119
2471 6350
2663 1705
7082 6301
8563 2102
1982 9835
8716 5322
633 9911
6419 8747
8915 1544
3779 1207
8974 7726
917 2539
8523 6041
9245 798
8497 3573
1973 9024
4915 3059
2618 9967
9358 5965
5390 469
1641 4328
4381 9894
7996 5584
5354 7289
2041 2249
3802 1386
1005 1835
7036 6474
5282 6813
440 6389
6890 7862
128 3037
8436 89
8358 3788
8429 7436
3558 9394
240 6652
302 5611
6413 5930
7838 6810
3449 3315
1282 1465
9248 499
2051 3644
5983 662
9179 7088
1365 15
6535 4909
5499 9685
3154 8638
344 1866
9049 6603
7411 4866
1700 7591
2221 7246
3227 1195
9272 7063
9832 1064
1991 4811
8103 5450
6372 4803
700 6358
3296 5013
4624 1828
9580 9326
239 6734
6631 4029
4510 8340
6033 9470
4723 5778
6574 5191
2137 7182
1980 6400
1257 668
1072 4322
3667 5005
8357 6820
7889 9816
3139 3685
7329 5582
9374 1933
9981 3740
2129 5782
6537 4973
2380 5155
4175 8886
1138 2926
5523 3345
8685 4874
4138 1789
4610 7214
6478 5425
4893 3776
5419 7915
9868 1007
5724 6692
3596 2250
5907 2438
8586 7554
3740 3287
2167 1945
8008 2500
5688 2136
664 6008
6944 9051
7166 8323
2754 5625
655 2593
7526 7190
2868 8505
9320 1334
127 7094
3625 8233
345 4853
8679 1039
4232 7659
170 81
6207 1776
73 9391
5461 6
5256 6736
1058 5112
3551 4147
1770 6335
5190 7801
9165 1563
3962 4208
907 1564
1015 9038
408 5313
7247 8685
4849 5768
3440 323
9552 7116
8312 3000
8427 6889
3768 9556
2212 52
9950 5055
772 2059
6257 1922
178 6901
7853 1148
9111 9639
3428 3922
9106 1479
5504 8408
2517 8242
2955 4424
2470 2074
5986 9906
5909 1965
9980 2091
5523 5555
348 3712
4516 8911
2632 6638
8739 8449
370 9930
9836 1835
5580 9062
1832 4463
4701 2612
3606 7398
6522 1796
4367 6669
2543 8740
3334 8206
5423 1641
7084 7754
2593 7234
3467 623
5536 5485
1123 5241
9124 646
8011 1272
9680 5656
510 2061
1129 4413
1526 1149
2358 7808
3500 6724
9906 622
3195 9625
4456 3618
2984 8131
6814 1469
2099 4004
2851 670
1404 7698
5766 7682
8552 7499
6047 1633
9101 1313
6848 9098
4172 8372
2664 5790
2335 7823
791 9797
6795 7851
1470 9618
2104 7531
809 7225
8795 2910
5648 9497
9098 9054
3682 2948
1268 8883
5745 5908
4295 113
6492 6907
5548 3806
918 314
1881 5644
5787 3455
3271 2143
9059 4464
9504 5975
979 7687
7916 9554
3745 5751
4045 8590
3330 4410
8200 6295
2323 2796
2716 634
8898 3273
7864 2070
4901 1197
7207 5447
3360 4517
5891 6955
8846 724
8056 5782
9510 5893
8808 9221
4477 9445
2779 4256
3176 2056
1312 6634
9037 2027
4734 6763
7928 292
6874 4020
7643 9700
5503 9766
8768 8481
4279 4621
890 7341
5435 6674
9250 6324
6685 7015
211 3185
2127 2222
6430 4448
8007 7283
1619 4813
5002 2321
1679 4321
1354 3840
9127 6295
5215 6618
8936 6111
3305 6548
8560 9676
6899 5976
5295 1470
2014 5557
1901 7226
290 560
6072 5575
105 9903
4852 9211
5481 7411
1089 122
8807 6904
6415 2232
8600 1345
7252 5899
7803 8300
7835 8102
413 3387
6971 9641
3285 4247
5314 8787
7870 4519
231 6198
216 1155
688 4230
3193 5938
1982 2143
5551 4868
6218 8664
1709 7273
4305 7110
2295 8622
828 4628
5934 5143
8219 5889
6007 5263
3207 9432
7558 299
119 8891
8922 48
5449 354
5769 3170
1102 8580
3116 8366
3977 1387
6862 2116
3659 2993
5130 6221
6050 3125
9274 5030
8129 9581
5784 5009
9176 8883
9948 277
7006 1070
9666 2618
3947 9843
3699 1135
6829 929
3390 4989
4777 8682
2799 3000
6125 2045
5912 9475
6535 2447
1360 9840
1163 7448
1079 5090
9136 8157
9759 9019
1948 4694
1694 9256
6616 8982
3508 4342
415 4390
5322 8106
6944 9518
6729 4431
2456 4485
5420 4835
2419 6403
9124 311
4770 8676
186 4542
9947 2267
6584 9198
337 3318
9246 3411
4531 2735
2686 9547
8032 4659
1984 3495
7101 4203
9750 2805
9241 2468
457 4213
9881 4469
6161 3627
3071 4572
3975 3959
639 1486
5648 15
8652 4171
4279 7286
3827 593
7521 196
8180 9509
2163 4208
7234 3564
5280 1586
6517 6080
2435 5953
1958 6104
1518 8759
1545 3706
6910 6240
9336 2037
9733 260
8359 9285
8913 8837
5245 2863
9387 8996
879 9564
1186 7727
1536 3379
5249 34
1408 173
5846 7673
8712 3398
3716 400
3299 3724
1140 3833
6744 649
4188 8912
9554 8855
6347 8812
8292 8986
5981 8938
4785 571
6168 2161
3946 4335
592 2354
454 145
2858 5675
4333 1852
4260 4393
9664 4534
9305 4681
3108 3274
721 6436
2204 5741
9940 2579
7149 3565
5297 517
5072 9373
703 7570
4936 8412
8971 7557
2964 9931
492 5096
6193 2223
3545 7134
1841 1964
8488 2906
9947 8853
1713 6397
2480 5299
3014 6495
5849 147
8121 7820
4493 512
4249 9969
7817 1138
3714 7739
9035 954
5058 7414
7744 8255
4971 1805
3555 5676
5150 9663
7552 9674
478 4785
4952 6682
3977 2004
209 5923
7412 2639
5411 517
3033 5221
5939 6598
1803 3848
7473 1457
9048 2615
1674 9305
3690 8176
5127 6348
8935 6097
8588 462
6029 4034
3334 2013
4087 9657
7227 1432
8037 8388
461 673
9626 468
2357 8949
9875 1516
4760 5665
261 970
990 201
4309 3231
2747 3136
3811 862
9737 2074
355 1412
2448 1290
4384 3299
8015 7493
5918 521
6596 5602
8600 5832
5149 5259
8537 1776
2910 8345
9808 2953
19 2164
5744 8524
346 8694
9423 1625
1119 87
9715 6767
5778 7334
3105 2114
2447 8199
4114 9417
1748 9266
4751 3884
4064 4051
6980 6541
6495 9522
7097 3486
4220 4978
8003 4111
7195 4591
9941 6580
8778 1611
4960 3407
8263 7659
6491 1761
3855 1862
4757 9148
2792 7284
4334 2440
9306 5049
8318 523
3801 1127
8221 8845
5166 9864
5089 4917
3681 4711
990 5448
6106 7446
8651 2036
4206 5514
9387 3572
6712 6013
1456 2299
5860 9767
1720 3163
4131 6404
2009 1291
5373 2790
8762 2460
7578 8324
6336 9567
9766 5667
6315 214
938 7893
187 8128
9918 6304
107 7508
5628 8080
6238 2702
2701 822
1603 4310
2489 3657
6868 2774
9473 281
2883 8680
6544 324
1125 185
8080 2169
7144 3060
3323 2317
5660 3485
4571 9674
6918 1529
146 8863
5183 5570
1628 2106
5681 3855
4871 2824
4437 3114
8444 9256
5528 2927
7450 3537
2721 5272
7847 5584
4061 1786
5168 2252
2256 8710
2527 165
736 1683
9955 9271
865 4635
2269 2656
1097 1414
2023 6055
62 9972
436 1686
6538 5163
8243 5292
2655 7800
244 6337
7779 3108
1993 3385
9814 6381
7933 4163
9785 7211
7634 7511
430 2522
1749 3156
590 4696
8660 374
7800 5348
7974 2572
5462 8182
9435 8026
3607 362
5526 4451
2656 8550
6752 6609
560 7987
6251 6931
9865 9885
5963 9662
5744 7111
6705 3827
8571 8167
8904 7758
1221 1675
6169 9653
8054 4379
6524 427
6799 7096
2795 4981
8174 5630
8909 4993
3347 5272
3800 139
4803 1719
8100 1275
5893 7602
8307 9504
9496 6515
9180 248
4288 742
4219 123
7111 1307
1678 5900
5773 2908
