placement model: 1slider
width: 10
height: 10
number of points: 1000
6021 1613
1740 6787
4933 6293
4794 764
9228 9035
3657 579
7479 2404
2041 6003
9191 159
4090 4698
6884 9810
5472 3194
521 3730
2417 8344
3474 7917
6396 4576
8137 8982
3418 1848
8601 2009
560 7404
2002 8371
2820 743
293 1060
8067 1318
7391 3605
3992 1849
1224 8024
1754 4965
8178 8601
242 5327
4265 2258
5032 1722
4172 440
1583 3256
747 632
6229 8212
6002 8663
2639 8833
6484 3435
4806 9677
4114 882
6894 4324
9977 9165
5210 3643
9093 4892
5766 4016
49 3564
8331 4737
2780 2189
2425 1972
4555 7849
8639 8416
4110 3398
6040 2477
53 928
8748 3261
943 6776
8507 7031
1135 3911
6323 3339
2187 321
5679 6849
1577 729
9834 2853
653 6988
3317 6883
7401 2716
9546 2916
3247 9844
1896 9825
7972 7989
795 2042
2041 483
6147 9903
5275 7369
8055 1241
2100 1726
7134 7809
7238 9282
1719 9243
3956 7911
1209 5526
6884 6321
8083 3282
5951 8360
7543 4569
1666 1848
5738 1330
4255 3588
1087 2444
8675 6205
4508 8917
2224 6087
3295 3727
7979 449
2339 2216
8981 7187
2657 4541
3746 6933
6216 5944
6227 5668
3497 7971
3264 4737
7546 9311
2293 6124
1215 5133
4849 3585
4653 6748
7319 5610
7923 3940
7046 6106
1623 1976
7575 1269
4360 6470
9189 2097
6055 9628
1255 8338
8736 9972
6645 6977
8335 4366
8708 978
211 2408
5767 2281
3372 6556
6831 518
824 6677
6239 6580
1533 7122
196 9306
7231 6435
5956 9952
155 6621
2279 4376
9084 727
7910 2903
4402 9535
3420 2432
5168 8980
6543 4471
7060 2268
4777 1401
6904 3890
568 6377
6444 6513
3691 7823
9695 9094
519 2671
8660 8566
9648 3560
1211 731
287 4812
6700 3441
5555 9774
8320 7992
824 1972
4055 1440
3576 4082
187 5236
2042 5704
1129 10000
2695 8272
162 4761
2810 2081
8034 9233
9320 3572
257 7467
8488 1600
618 7751
9133 3106
6572 6697
9202 5574
8010 2096
3489 502
7131 1890
5350 9134
4392 6225
8931 5741
5486 1360
8152 3353
7146 4214
7419 3966
1122 5062
4668 3146
8460 2726
1854 5977
9101 5363
3551 7648
9028 3067
3005 6030
8158 496
5276 2868
9615 8869
9072 9765
5100 5629
6120 8578
7374 6835
2548 2772
1690 6689
8343 2611
3575 234
2603 5189
6200 1526
9374 8542
823 199
2353 77
533 5815
4603 9880
8733 1310
9876 4342
2006 1646
8803 193
1217 2629
8920 5956
6502 9160
1785 6951
7305 1958
2653 1939
1226 9537
972 6198
638 9636
990 4192
4533 2604
9853 1786
1366 664
9131 42
8573 5897
114 5983
4956 4640
3768 235
978 8356
4743 728
1958 7469
941 7780
7133 3868
5206 5656
6388 1141
8065 7184
9140 2594
1763 3936
5558 1735
3911 9029
2733 4655
8702 2673
664 8202
11 8223
4922 2664
7036 9736
3888 1150
176 1974
7642 8065
8488 6972
6822 5232
9484 8490
2450 9778
8085 3603
3712 5126
9433 1801
307 8647
2832 1120
8341 3305
3087 5943
4649 3768
7731 2944
7266 7174
7060 8139
4721 5862
3076 5015
1327 4947
8297 2842
5750 1269
1650 3106
4728 1905
461 2337
3314 453
6213 4793
6453 4584
3117 4447
1798 5651
5681 8338
4583 8248
3461 563
1673 1181
9094 7019
8236 1235
5928 3522
4674 8382
5168 6167
296 4918
4631 6670
9635 3363
984 2616
6310 3560
6814 7676
499 548
4145 3366
6572 5605
8392 2979
965 7351
8962 9639
3131 9784
9823 9567
2963 7116
7712 9534
9717 3446
4068 8640
8441 519
6822 5441
7453 6388
9833 8121
5095 3445
4166 5207
8402 1041
8260 839
2932 1207
361 7133
2670 7079
6843 3989
9389 1744
1735 9088
5370 3263
1969 1569
5369 4542
5218 2384
1697 8971
1415 8811
3209 8359
4646 2120
8868 8898
9728 1821
2424 5883
5489 5993
5428 2492
4172 3178
5687 6327
3800 3126
2769 22
5034 7980
974 4437
1248 2531
1110 5627
9217 5849
9015 4537
7066 2457
470 8729
1015 9493
5474 1111
7834 8570
40 1211
4549 8832
6443 8295
1522 8880
7441 9082
8540 2597
3408 3720
472 7850
5712 7435
8787 6158
4372 4003
9259 6541
7683 2583
1874 2902
3684 2256
5478 4919
1428 6270
6550 8361
7837 5450
9832 5436
4178 3395
6816 1256
3619 9282
8893 5913
8245 9781
421 9411
946 9022
6675 7916
513 8987
3425 9083
4785 2051
7578 136
3351 3420
976 3273
6986 7190
7418 6354
708 743
613 7856
991 4021
5494 6318
1980 561
875 8793
6014 3267
1877 6561
5680 8375
6067 7808
8499 4364
4795 9136
8512 4098
1464 8891
6105 8360
7539 5271
7017 1022
7795 9984
7341 9603
3202 509
2742 8956
9088 15
3740 6308
1302 567
253 8962
821 5588
5399 625
7271 7005
8629 5142
1496 1202
3762 4563
2153 3466
6824 6898
3578 7828
6358 3850
4485 4396
2729 882
6515 1756
8565 2308
176 9015
4623 6366
7607 3780
4710 8072
4053 583
3839 4569
6715 1180
7271 1984
7970 9260
3238 2698
7189 3112
9021 8518
1808 4473
1193 526
6131 7877
6966 3482
3964 932
2477 8273
8576 6921
9991 2586
823 5898
8191 7612
2857 1265
9194 9193
1218 7193
1491 4408
9281 3586
7592 1984
127 3150
5541 7838
3289 5056
5003 3530
227 5963
9354 6118
3747 9252
7492 5540
7140 4532
6230 3008
2640 1860
5853 7987
8815 2945
3444 9484
6000 4100
4759 7069
7937 5343
3865 9372
9553 7352
8651 570
2159 4483
9164 968
179 8162
4229 9757
8708 5786
5803 9566
2275 8541
6400 9683
674 1018
2800 1521
5949 1506
2754 7458
2957 1383
120 3034
1401 4317
674 9463
6451 3174
8034 1370
4781 5372
6914 6968
8913 5835
2843 3478
2358 9537
2091 3550
9390 3854
7311 9442
5830 5924
7522 8863
599 8273
2708 8720
5851 502
3527 7641
161 5553
5811 6098
1296 1434
9565 2984
4900 4374
5216 7104
3609 1170
528 9712
3218 7025
2876 4299
1863 5257
8500 5094
6150 6881
6030 7366
4856 6358
3669 6508
7736 4937
9186 6901
4722 810
1560 7794
4096 9224
1718 6205
4899 8450
1963 7202
9594 3945
72 4040
8833 9325
8852 3200
9650 9776
4941 5292
4628 2298
9523 2467
4998 2368
1188 449
5510 4121
3207 9894
6054 8096
186 8433
9862 9115
7021 7966
4728 6225
1037 739
2471 3474
7024 6674
6024 6456
2148 5597
5532 3464
3096 8813
2846 2240
7128 7715
2416 6611
7169 50
2695 115
6273 482
3530 2167
9048 7080
9725 4108
5233 1553
2463 5713
7401 1580
7328 2928
2749 507
5612 2589
713 5764
7991 8501
1674 3997
7114 3238
3539 6700
8698 1077
4600 6371
446 4665
8500 7925
3881 6949
8291 2202
4190 4667
7190 1401
8534 1969
5530 6922
2695 7709
5024 8327
1819 7949
3869 6336
8230 1731
67 390
305 8195
7289 4381
8061 3530
2098 3455
8127 424
3209 8236
8047 5885
7877 7280
5683 6807
3375 9122
1314 6591
3189 9455
8248 8935
5793 6201
4044 3135
497 5687
3283 1624
2193 4751
1930 6016
8813 3805
1971 7913
8000 2239
7026 6541
9582 8222
7169 5017
7874 9166
6735 8554
1318 5080
7639 8838
3249 2464
5111 9362
2815 4118
1591 9895
7741 5389
9997 7212
8691 7102
3409 314
1034 2585
754 3101
1639 7059
3852 249
4037 5396
5465 5149
4727 1879
532 3987
3932 110
9249 5147
5824 3176
4120 3541
1078 9684
7022 5668
3065 4567
7796 4768
5679 449
5308 2393
1662 3972
5766 2678
6842 3873
8358 8735
731 5452
4617 914
1222 472
6365 3087
813 9521
6024 8983
7249 5742
4646 6132
2691 293
7956 8370
4928 3230
243 4869
9918 7418
7917 5779
9588 8419
2597 4260
8771 7876
6642 5455
5177 6774
4286 4435
6957 1343
1865 8034
607 877
5058 9948
6782 6968
9340 4979
4916 9818
6261 4183
2619 3794
7846 6064
3284 6436
6076 4454
5252 4602
8470 5264
9918 9140
881 8045
3795 4584
599 9218
2587 9443
771 7271
987 423
3264 9645
7950 1420
9692 9889
3125 4452
6540 1684
435 4411
1587 8552
3342 6056
6128 657
2560 9133
1614 7840
6751 3158
5844 1348
3470 3577
4159 8000
2769 3533
565 6508
2326 5752
6251 6953
233 2481
3859 4994
1163 4451
424 7841
2695 2745
1636 601
205 1786
4762 8189
667 1143
5214 9108
5757 9033
9713 6402
5848 2658
6033 3931
1221 3845
1660 4358
347 2178
8672 8356
8242 8843
3991 9232
6608 2081
2797 9952
7302 9455
2414 6534
6413 2598
3463 4622
2260 2543
3542 3595
5784 7741
4860 9998
1465 6611
9864 4873
8258 5448
2197 8268
3908 6549
156 481
1998 5448
3203 4106
6368 8785
8619 4748
8053 1687
2620 5479
8877 7575
5864 390
3608 9057
8929 8873
663 447
2408 6920
6668 4160
4584 5884
5430 9014
6697 8187
8675 823
6845 8933
4588 12
3203 2616
3145 723
2807 1678
2801 2867
3367 8126
6215 9378
2260 1657
5895 6465
8383 7154
5609 1769
2693 6503
1447 6102
816 2791
5167 3073
2404 497
8023 1191
1795 4105
4454 9891
8502 2138
3179 7382
376 9995
3536 4762
2668 8684
4070 7651
2622 3040
5560 3759
1444 8930
6236 5695
2059 4158
7590 5730
1226 1578
3608 32
5272 652
2847 8060
2788 4626
4040 904
1984 433
8858 2763
6839 3921
6008 8864
1291 9728
9075 2031
7740 6416
256 7103
8366 2560
4751 1239
3657 3930
52 9423
8054 9288
2278 8015
4412 8111
229 8546
3225 5656
8871 8496
3837 2586
8759 8962
3309 8336
4791 7575
3590 5784
8729 9133
910 5961
9260 4501
7200 2716
3803 250
1703 7617
812 9085
7942 767
492 7296
1753 6894
5938 831
1420 8946
2834 4396
2665 8381
9192 7686
6823 8136
8598 7423
2446 1647
3145 7664
69 3790
5622 8593
6225 7093
7541 9408
2216 8580
6440 5355
7132 4379
3782 44
9610 5465
9485 31
7074 4779
9218 5639
8722 6112
4409 4062
2548 3656
4289 7669
5799 1043
1668 3568
7638 2282
9694 7927
424 3468
4182 5614
1826 2363
9982 7100
3894 927
6186 7917
63 9796
7751 8857
5327 6663
2809 5658
9849 1400
5973 1483
8473 1775
7519 8732
7508 6145
4896 7263
5977 3265
5167 9131
1810 4422
2827 4249
4829 8721
8170 6087
4395 3826
8648 8278
3165 3214
8176 6042
9451 4317
1817 2094
7403 5138
7445 3461
3487 1351
510 8074
8500 4372
9689 8093
3722 1964
1203 4575
149 4566
6866 7665
7258 1630
9246 3781
5064 2661
8183 1764
8936 6110
3606 8919
1682 9506
8037 8084
2420 5173
6076 359
5430 4650
6488 3456
1581 420
7725 7014
8189 870
1601 8365
8347 8065
4306 2869
2863 801
5692 7147
618 2221
9203 8750
1418 4269
1094 9143
8908 2372
3638 8673
1802 1685
641 4971
5289 7561
177 2762
2243 1142
8323 7352
3407 4002
8719 9841
1911 7966
250 3899
8783 8668
8619 7674
5600 6493
2276 5918
3394 80
797 7224
3989 9905
1035 6252
9692 6259
4505 4094
926 7564
5905 9936
4043 1374
715 7957
8199 7147
6569 9977
8193 2943
5781 1060
9542 5586
5264 9677
6521 1622
1462 5479
1517 9765
6309 894
8851 1633
2533 1463
1543 2956
4559 7090
6373 5780
6661 5614
6455 5999
1544 9745
2366 2776
2321 5099
39 7297
9590 3565
9300 9670
8208 2257
6771 2767
4316 6884
63 8985
4154 5495
1490 3582
297 3827
8197 3737
4368 184
1815 7046
1312 5664
4355 5135
2855 6220
6500 5753
3106 5641
6334 7211
9666 6480
7490 2679
9961 6309
7405 1141
4884 7227
7379 9642
9869 8796
1511 1785
7926 6556
3176 8902
9958 1692
5671 1544
4038 6103
1590 7888
2357 4693
