placement model: 1slider
width: 10
height: 10
number of points: 2000
8517 5466
6635 3241
7556 4260
4336 1855
2252 3836
3534 130
5912 9989
7096 1223
7369 6606
9968 93
9423 3601
162 5405
850 1416
8343 3667
8156 8548
274 9125
732 193
5397 5104
6837 9623
9074 9667
5158 3532
6835 748
6589 1322
1222 46
9036 1766
1730 3138
1615 3706
3470 181
5329 8447
5904 5204
7794 5031
6137 5349
2376 960
6289 9264
9478 9063
8560 6917
9139 4650
6351 8095
5685 6652
9498 4827
1178 5279
8244 122
1577 4986
4615 109
8123 2895
3858 4396
8519 1722
1388 7033
3449 7022
634 7063
7543 4996
9103 3930
8938 4062
8213 7433
8820 601
7519 2353
6697 9109
4404 6084
1717 3355
1814 2179
2116 713
2094 185
916 3196
3118 2210
127 9633
7239 1705
5225 4445
746 4321
3601 6280
6979 8465
5055 6557
3266 6155
5634 9851
4110 4869
3282 1662
6980 1043
3336 5555
9605 3187
9002 4950
6036 5335
6498 8635
4029 2080
404 6742
3870 5796
5960 4904
6743 2093
7395 2554
1545 4196
1072 6953
5014 7043
1350 4383
5126 4228
9980 9136
1626 1579
8016 930
1869 7695
7798 9281
7388 8436
2417 3447
1430 5904
5415 2666
875 5936
4439 1825
9474 13
8809 9067
6633 3694
3822 3603
5332 3832
8264 312
4950 7772
5321 6364
5901 5914
5308 7222
3717 4180
1477 7503
2000 6227
7611 8268
687 1251
1793 7120
6605 7482
6868 6007
3640 4450
1619 1859
8024 9316
8923 3246
3534 9031
7121 8203
184 1597
7892 6338
5354 4476
1695 9360
8910 5352
5983 4914
7353 4250
461 3694
1539 9394
5829 7415
8531 9387
4864 5982
9633 2758
150 9271
2574 2087
7828 8160
9228 352
4655 9746
2729 924
9457 6620
9779 5537
7752 4904
6871 483
2924 3709
7006 1577
5509 506
392 5894
2091 1693
6128 7378
5401 2331
4165 6758
6836 8687
4907 3285
980 1049
901 4472
4079 4432
5891 6878
6643 2761
4730 4057
544 3963
2370 8887
5795 7421
4106 9002
7363 7720
97 5068
6409 1106
3295 9671
9819 6945
723 3335
756 6595
9722 806
9427 1426
9608 7057
4554 4823
319 9187
2304 2728
3290 3176
2405 4919
8181 40
4072 6863
4429 5472
5054 5786
9745 3646
4388 910
8646 9952
3828 9397
3459 549
9797 5605
6044 4021
2030 3071
6944 8132
7802 1700
9230 6453
6749 9459
1996 9234
1155 3007
954 7766
1608 7316
2426 3465
1242 7884
2872 7348
561 3205
2229 7376
1798 760
3362 316
1064 4536
4210 5280
7422 5826
7283 2162
5550 2765
2258 8404
9831 5017
1196 4089
9148 9884
8268 4626
2538 9643
3577 1175
5794 9936
4435 8496
6545 7936
6968 1321
8173 8192
7856 6861
1845 1343
2296 9295
4229 7034
2404 336
4171 3360
2861 2482
4145 5901
8698 3935
7146 429
8690 4564
3309 5892
3962 4647
3057 7784
9014 3815
7762 9920
6006 798
5497 8587
4538 3223
2989 7013
1438 7283
2986 5871
2453 7119
5259 2020
9707 6805
9885 4282
1294 2897
6441 1204
1753 6583
1970 7921
24 2969
2894 8424
7108 5462
7393 3546
8886 6761
516 3502
556 7708
2151 7706
5234 3100
2527 625
5414 6583
4384 1131
7383 5195
8714 1491
3962 8133
5527 7907
2901 1314
8643 9122
2665 1112
3081 3128
4845 3420
4196 8072
6251 805
6627 4837
6580 4943
9544 1317
2977 808
7371 4707
9253 4276
1355 7024
6602 8047
7226 273
9509 6588
9933 9747
5611 5451
5064 3160
5213 8766
4110 2431
9881 7161
5483 3259
1238 9781
9983 4957
7087 6071
2417 446
7103 1286
5796 5813
3871 3035
3890 4593
6378 945
3171 6227
869 9088
4583 9567
5261 210
6533 418
7780 6718
3750 9252
2758 2679
4411 5139
3014 5374
1515 1968
3208 7190
6659 8647
4590 7691
2873 4840
4607 5591
482 1607
6336 4053
6300 549
4684 8485
8083 6554
6798 3248
6138 8870
7941 8945
6514 9795
6823 834
6496 7892
4329 232
9488 8482
9883 9534
5796 3417
5317 5630
4361 1109
6613 5259
3674 2653
846 7190
2921 3866
5795 5471
9601 2015
4125 3107
8834 2919
8165 5000
1970 3824
8299 2390
7844 9644
1800 6845
9843 4054
6366 7678
975 9804
1544 5328
6750 4681
4022 6850
3799 4043
5580 4497
1203 7225
9511 9672
4552 7913
2966 202
7725 8279
8333 6837
5058 5605
4584 3404
1730 8471
6541 1873
6494 3886
8245 6148
7923 1071
4758 4218
7363 5325
771 2058
7927 5288
9019 570
7434 1666
7989 1675
1343 1858
4926 5465
2873 3390
6683 2873
818 287
3127 4128
281 5489
3141 378
405 6182
3612 7376
938 8904
3466 7734
8912 9805
3931 8502
9967 6506
1874 8471
1996 24
4467 1590
4636 6786
87 8688
2236 8478
6462 4491
3711 8126
8776 9993
923 7772
4095 5205
5988 734
5463 8123
4678 8177
8190 7112
178 9007
4715 6626
8992 6283
9590 4090
1402 1076
3440 6984
6484 3011
9545 5831
545 6302
327 3768
5630 8480
7822 5817
6912 1958
5065 31
1102 9322
113 2657
9305 5213
2345 669
3682 6844
5089 4750
1421 6025
2720 8332
1625 3447
8862 6957
6239 6735
8591 9087
1483 199
8525 4935
2250 4041
3284 378
6141 845
916 4814
6494 9294
4398 1201
179 339
8313 8011
2496 2466
9611 9716
4873 1428
4082 948
3047 6618
5331 347
1195 1289
451 4575
4147 1168
20 1844
9683 4260
2703 2418
5382 3202
1276 5738
9539 193
4564 9214
1691 6826
9682 5370
6885 3750
852 8951
8453 560
3942 8067
8202 8477
9293 7118
3674 2160
5913 288
4703 6812
8424 5185
2745 2908
3123 9507
4774 9393
7223 3261
5815 5968
6287 1731
3889 6678
890 6644
6167 9442
3163 7961
2091 8595
6566 7507
4524 7487
9736 335
9744 6985
3189 2173
5732 8567
3924 6506
5055 6557
9323 6460
8285 7815
6833 9665
1038 2579
5424 7758
6265 9143
9656 2531
2892 4939
8457 1511
8378 2218
3203 6499
9576 8634
9590 7546
7107 4869
5728 7083
798 6629
5113 2067
6956 6337
6553 4878
4808 3881
2387 6119
9642 6579
9570 9704
1918 113
1544 3232
6623 673
2003 3178
2385 4033
626 9570
8904 3821
5822 7929
8652 115
7837 1163
7577 5141
7192 8128
9624 5248
9696 2184
377 2586
7920 2016
7982 1502
5834 6495
5851 9310
4926 3915
8665 6558
6275 5810
2965 4359
751 6256
2960 3648
3846 9039
3855 5770
5830 8193
5913 4090
5661 377
1342 5432
4375 8906
4149 6070
2383 38
7676 2807
9223 1598
7307 6359
83 1299
3062 9178
6589 452
8085 4646
1994 442
7183 7952
7609 6125
2327 9766
1118 6086
6860 9015
4951 7559
655 1681
5923 1007
5574 3734
3900 2690
98 3907
7050 1017
5596 876
2546 3209
5420 5873
3654 7756
9939 3860
1809 6966
9718 4503
1323 2711
4521 1240
3650 6433
3414 7572
8718 2871
7161 2396
4856 8187
8070 5856
1900 6508
5959 483
7334 971
1297 4002
9440 7249
7703 3479
1776 7396
1131 4494
4757 5302
552 8995
9167 6121
3528 672
5085 2701
2118 7546
4980 2594
1263 4557
8384 3707
2940 5712
7791 459
7762 731
9523 2282
9902 75
9848 9783
9507 6773
2234 3000
2883 880
6773 3206
10000 9630
6036 7153
7715 6342
9208 1900
8548 6757
9613 6438
7711 791
8711 7058
8754 3417
5102 9845
9890 5822
9743 8706
8308 2797
6645 4241
8197 5790
161 2416
5978 6370
2068 891
1658 7081
5271 3511
3881 729
279 3243
3770 4470
5515 2173
5984 2688
5015 6648
9553 8758
8723 7995
2215 159
399 4135
4840 1228
589 5144
690 4764
1632 6761
2393 1148
1331 5552
8359 4968
5425 8793
626 3799
9008 1985
3726 6455
6422 5950
5834 3217
4144 4264
9869 389
3920 769
4392 121
3328 5518
4332 7996
4719 3572
5011 4385
4786 389
9225 4890
411 455
6530 1489
8331 4265
6768 1836
6731 3772
6974 7592
570 7163
6742 9217
4805 2911
7616 6579
1687 4445
1331 6722
4285 9062
2741 5276
7613 6080
9427 3035
1780 8896
4106 4139
3344 7842
1255 9810
4279 7967
3220 1256
7573 4519
65 7670
1447 6956
1792 9365
4414 2059
4938 1359
3857 2301
1345 9322
2046 4183
8004 822
7512 3085
1223 1784
3772 3920
8367 9806
8955 9549
1238 3230
3981 1942
8176 5020
7349 4244
1648 4032
2168 8768
4451 4324
6082 4372
757 7920
1187 7804
1539 1738
337 503
316 1632
6283 9096
2029 2223
5338 7495
7744 3689
1482 8699
3044 4172
6755 2842
1375 4491
8979 9496
6886 3762
9352 9702
9093 1389
7567 5893
7860 8911
1162 9807
8647 2304
9115 1190
3015 2067
2569 623
7580 1091
4754 7841
9364 9070
4674 4298
3097 8783
4050 2136
5169 5676
8116 2474
6872 3749
593 5919
1602 5936
2905 5082
9194 9101
9170 9393
8482 6332
8255 8043
6250 6326
2384 2036
3963 2368
4802 3044
832 8608
5566 3769
4136 1613
4050 3437
4015 8869
4767 1889
614 2800
4839 1434
6103 5865
5032 7766
9142 3986
4727 8813
9978 2606
9255 3289
7380 4887
4832 2609
9490 2899
6630 3182
3599 1309
8635 3060
4179 4729
6177 707
9615 670
5511 7903
3073 2934
9838 1307
4173 8506
6620 4362
6539 2869
602 548
7111 8568
484 8888
8951 5719
5396 3769
6943 7837
318 6961
8771 4559
1742 8554
5296 9718
4677 6556
9110 4453
6937 1032
5924 7159
6116 7752
4459 350
9712 9597
2788 6174
8823 7790
6359 2644
5616 9107
8474 1927
165 1401
9948 42
1667 2926
2461 33
330 7463
771 8107
4483 7004
7888 4795
4083 9693
2797 6291
2546 8007
322 356
6378 8327
6047 1123
3508 6005
7557 4711
4817 9659
2049 5938
9318 3696
2384 6408
6154 2721
7372 1849
129 2512
74 304
8783 6788
9656 4512
630 5002
3105 2736
8015 8
7673 7796
4967 7806
4096 493
2621 5108
2309 2556
1713 7804
1912 6474
4605 3123
7892 9295
9533 4191
927 453
9710 3347
1952 2743
2440 6139
6140 138
870 3289
2910 277
2666 9659
5534 8599
4465 1242
6843 2718
9724 577
5491 8957
8480 6681
4881 6288
8746 6569
7355 2436
4563 8520
4132 9065
4523 9996
3605 430
6043 8490
3269 3197
5357 4831
49 5186
7191 2200
7458 3560
8760 2765
2320 9925
8527 4135
4250 3448
47 8635
131 3784
5179 4900
831 4158
311 8707
2332 3713
8913 2512
8431 9735
7173 420
2279 3650
576 5249
2402 8672
6087 8503
403 8964
5174 6834
2654 5898
2872 7691
8346 493
9942 3660
1696 1416
5316 3233
5423 4937
2959 5706
9000 1011
7875 7673
2719 2555
4381 7692
6632 5521
1962 7577
5400 4908
3782 6084
793 1818
3109 7014
2321 8733
9122 5077
114 8932
9268 7994
8017 718
8175 6337
2808 2296
2214 9649
820 5084
5044 7358
2236 1082
7698 9761
9802 1863
5478 6443
7028 4284
1762 4541
3944 5512
1646 3436
7128 1499
9233 3292
3843 4576
1347 3843
623 8224
1476 363
5755 3817
1166 5478
9769 8575
34 7309
8324 3907
8393 9001
5223 2183
2700 6477
9859 6563
5542 9938
98 4952
7234 5164
1409 2465
7377 7984
5110 4108
571 4998
1893 1441
3021 131
9243 231
5974 1916
3382 2127
5004 8104
1 1885
4234 8475
5068 665
6087 910
2460 6254
7082 2496
2829 3795
4012 7272
334 7549
3235 1833
4563 9543
4328 5952
9987 1830
3517 8828
5897 5865
2636 8637
9987 6600
6174 3104
5573 7327
6274 3607
8922 586
6591 5538
6318 9067
1614 229
5165 1980
3293 2314
613 5677
5642 6375
3827 7629
2852 668
4638 268
1886 4477
7152 5988
1446 5243
7461 8604
9481 1765
5132 7713
5053 3111
7366 6567
7324 5318
8676 5585
1710 4490
6043 3049
2816 316
1046 2484
1260 8455
2001 5365
1714 6040
6357 2953
9620 8274
6878 7202
9872 2625
4887 3880
15 9686
1416 1351
3150 6597
3428 4699
1498 331
4653 1620
9529 2843
2806 5617
3114 522
6942 2610
1283 2898
2820 6042
3966 4002
9686 3980
4426 6016
8692 1721
188 8229
4257 7140
2553 2828
736 4171
3330 697
3113 9932
6946 3985
645 3851
4112 2179
5494 5731
1110 3194
3842 6154
2875 6950
66 5449
3690 8121
7513 6059
6404 4827
6849 5125
7432 1104
8503 4083
3301 8499
5605 8166
8685 7764
5574 893
5066 8781
7279 3383
7513 6533
2406 3134
2299 9417
1531 9420
5245 9502
6899 5604
6353 3401
4378 4782
6402 3447
4420 2533
5333 8165
8182 2635
2886 2419
5347 3609
8420 4623
9826 7937
2608 5824
7219 8179
9439 4488
7536 1900
4578 1109
4779 6557
4713 3938
4190 8130
1228 8015
9007 4234
1552 5609
8979 24
9401 2594
3987 9531
3088 9556
5296 8885
6061 5199
7649 9043
2421 7790
2408 5043
5279 4405
3689 4389
4820 9869
4029 8551
2593 9011
8979 4750
8152 1654
6582 7452
2213 1281
3448 2078
5187 4815
1640 4905
9810 5644
2714 279
7589 4632
7961 2432
901 8724
9269 575
3054 5861
1048 2908
5348 2586
9762 9408
570 6701
3563 7470
7206 53
1709 2235
4764 7648
3149 3731
4274 7158
6308 5053
8230 500
9259 1564
9521 6793
7831 4189
7125 8121
8707 2240
5011 3309
8122 3392
8522 5132
3186 462
30 8437
1406 3743
6083 7145
2486 3973
8730 3077
1816 5986
7988 1708
5306 5804
195 4970
4666 3165
5081 7109
2200 2590
2978 7340
1048 4365
4439 1545
7720 5824
2703 3818
3853 3411
7850 2017
6986 9118
5477 8388
3429 1254
9301 3917
9731 3755
8056 8606
2317 9703
8801 2785
5759 7063
680 1574
9241 7055
826 7075
4144 6969
3017 5850
6025 2303
1424 9147
9506 8464
5547 5251
626 9258
7414 8240
3192 2016
1429 3365
2538 6235
1785 424
2880 4870
3541 2997
3748 8910
5872 5682
2914 340
8086 9311
9316 7328
4267 5138
6476 1821
8115 4895
6500 2684
2718 1645
7154 2249
8396 8829
4710 3568
1655 9754
4848 8633
1759 7725
7374 8473
6256 4255
7728 9062
1606 1285
2239 7777
2052 9104
9978 8873
4997 1198
7821 4432
8280 7853
5058 8913
1472 2576
2965 4661
873 8475
7884 8477
7701 9702
8586 5330
4740 2926
7846 1156
7805 5287
821 5717
4352 194
4532 1777
2653 4078
2909 1885
5231 4660
5488 3096
244 3631
3837 9480
5105 3722
3675 5924
6876 7135
7441 6059
9594 8863
3209 2504
3359 8123
9580 7021
8487 3305
2784 5291
9684 2467
5603 3629
1636 3088
8007 2591
7923 8873
9510 9633
7816 1978
3020 1238
1435 9512
4722 476
88 9007
8479 9027
9947 9515
6469 53
5202 5038
1678 285
1856 4707
3476 7871
8840 7853
1453 8876
9304 2689
803 8070
3914 2069
3839 5792
5913 9220
7704 1084
5459 3767
4509 5316
8831 5834
6984 8232
7299 6660
6230 7496
9694 163
1811 4071
6493 4916
2662 9957
3350 6963
3346 1229
2408 5555
6699 188
7961 4846
1902 5303
5119 819
3380 826
9244 1315
4997 1882
53 7976
5783 2081
2734 9543
9529 9731
3643 7896
39 3395
3809 5478
4864 9701
2156 1559
3349 9011
6696 5225
115 6077
7688 4061
1192 1532
1815 4872
9942 9236
2460 1987
6427 547
849 1370
1824 8005
1147 1197
1952 292
3232 6625
1643 2247
1873 7186
9378 8269
5569 3975
2824 6757
1620 6626
933 9783
2167 3738
1203 3819
72 629
3441 453
2776 7146
1502 7553
187 4077
2888 828
2541 1198
7547 9563
4317 5783
6293 976
3045 7
4474 7279
4047 1288
739 2582
7395 7362
1121 7462
7749 8443
9891 4472
8240 6984
8467 9324
1784 607
6615 9758
9828 6749
1037 6718
4248 6563
5605 665
1847 6485
3998 3927
2054 7898
3566 5885
9503 6517
2226 8986
3399 8161
1792 4474
7347 423
9278 476
6162 8486
4611 5090
1298 4263
9482 8435
6617 8323
1769 7379
684 2422
2469 13
1753 6153
6277 8692
7639 1439
4022 5676
8331 8233
5202 8736
8237 1118
1839 1808
4577 9206
7027 9310
8219 8189
7056 2573
9 6792
1527 5994
7947 3791
8894 2809
7463 7364
684 2667
7543 779
3809 4216
1249 4205
4795 4536
2383 7457
2430 909
6901 3282
7192 4888
2022 5552
5080 5037
5631 6333
9876 2637
5517 7061
6805 4343
1202 1502
8314 440
5328 7924
7304 8081
6290 4538
2406 7524
9284 544
421 9688
5232 1685
616 4315
879 5920
9389 4313
8547 7276
1471 3304
6562 425
5610 8187
6075 137
8764 4608
3649 7494
2504 1419
4798 263
8657 2184
3007 557
915 9524
1530 5641
5804 3273
5304 2328
1023 1861
3378 9071
7459 3621
2233 7522
2549 3243
3076 5155
251 9227
3919 5497
1492 2099
6390 2539
3965 9889
7427 887
1726 6137
5768 6232
4324 4149
689 7284
4874 3838
9822 5597
1028 9140
2000 9054
8872 8956
5914 3938
9358 6053
8351 4774
1119 1620
6723 3018
338 4588
1886 4934
1208 3402
5668 2853
1523 9485
3719 1284
1497 2452
2192 1359
4686 65
7406 6465
7345 8760
7158 2703
5142 9622
8077 8658
1716 2794
2133 1016
5989 991
3857 3429
8627 1402
4515 3446
6251 6193
1424 424
2062 3857
6042 4044
6215 4099
5011 2082
5849 9024
1028 382
6973 4380
956 7026
1041 9938
1870 1482
2307 754
9121 2214
8755 5900
9141 1121
6543 480
361 8965
2295 5435
673 2866
3124 6878
5761 2518
2501 5103
8056 3745
1021 6075
2570 9140
6657 2195
4045 4204
4442 578
5954 7386
8349 6608
2653 9471
297 1171
3701 2874
602 5686
4920 7952
3197 4435
3173 2655
5507 3749
1460 23
3410 7052
437 7821
7134 5459
5803 7520
7124 1627
3365 4516
4180 3869
6883 1266
7213 7520
5615 2937
3079 8037
3843 1148
764 3588
8926 2971
968 3124
9719 6096
7523 9649
8398 5695
4673 3266
3429 902
5257 632
342 9123
296 2321
4495 2399
7025 4947
4857 1590
2168 3951
424 7502
432 5956
7637 2437
7026 2055
7334 329
6659 2618
6469 3169
4861 1839
9288 4946
5456 9947
2534 1860
2838 7029
8731 7516
8207 6376
2581 6883
9686 636
880 1567
6806 8255
1179 1679
7256 8881
4237 9731
549 5136
4358 3859
9618 4223
25 8688
6039 9996
4084 4617
7420 3170
4158 9107
768 9873
8363 7022
7155 4251
4823 3762
2571 2080
3708 3364
8564 2450
3271 9068
7031 6686
3645 2403
7037 8117
8152 5020
2246 9931
1974 6715
4890 544
8256 9095
4844 153
7605 1795
7581 2311
104 7709
1867 8510
6517 6225
6259 663
6737 856
4013 2649
4850 7770
6010 273
3290 5311
117 7274
2613 1322
9454 5039
1413 3524
7821 8459
1094 6012
6461 3577
1716 575
7894 9273
8449 6206
9061 4109
9920 1173
8523 6185
9970 3918
9138 4086
1719 1311
6414 2760
998 6402
4071 2806
2380 2922
4379 4990
8717 822
7629 1092
9578 8239
6355 3521
9829 6872
8381 6281
4007 9306
1885 4895
5483 9496
5421 6897
3437 1611
4041 7067
1987 7049
6965 7173
6815 4010
7843 6648
9397 1881
6087 7695
5234 9517
7104 1780
7742 9555
9507 9277
4556 1444
895 1464
5397 3622
7964 8919
6780 8652
1295 2265
9550 8086
4713 9017
5624 4902
9232 5600
4074 7832
6943 3558
6852 1221
7522 9932
9368 9887
9760 405
8695 7222
4218 8291
5778 77
7164 2855
2995 4825
1787 839
7420 4801
2974 5853
9278 3732
6148 6625
203 2672
1110 6607
9321 7669
7376 9123
2942 6083
2696 9777
4752 5071
7896 8772
3372 4412
7491 8942
8735 8800
2428 7531
9019 9244
7675 3415
7466 5604
1123 9037
2756 2175
3554 4759
8315 9647
4322 9683
2141 4686
9494 4889
467 5835
5888 85
8427 6297
4339 8964
2306 5535
2813 902
8865 2415
514 7861
58 2246
8313 6724
2773 6413
7839 7066
6693 1279
8740 5653
3407 5920
2123 1939
2054 3735
6486 3918
8103 2997
8240 793
8219 3526
7654 6391
6690 3480
1919 6563
8659 7117
1269 1794
1290 2928
1967 4763
1771 872
6919 2946
8238 8449
6637 4439
3259 4712
2254 5568
3043 149
2196 5952
86 6973
9910 7280
8883 8071
6159 735
6146 3395
6607 6199
4786 2049
7716 1297
7286 368
6398 1201
3242 7786
1353 9738
950 139
4755 4599
5582 1003
9142 8350
2441 9023
4372 273
6859 218
7268 4846
143 1661
6645 6240
6351 167
8761 212
7163 68
9274 6924
8372 882
103 726
8904 1692
6182 8547
6932 6709
5705 9757
8889 8138
5677 2622
2860 1434
9596 8904
4936 8308
5777 8887
4299 8128
4678 15
6045 6593
7785 3861
9845 2800
2929 821
9158 8889
213 6637
4655 7235
4353 6887
9981 6195
2982 198
8444 15
1960 5609
923 6051
1269 5489
6167 5519
9182 7398
2730 8972
7674 8208
998 2479
5589 8244
8795 9916
3683 3224
4692 5214
2463 2243
2607 1151
2926 3682
9158 2005
6315 9168
2196 6067
6904 9836
2558 4827
1830 1830
1422 1326
5033 4522
5686 9431
2286 2653
9045 9065
9490 923
7083 7550
9054 6085
3006 4789
1477 8901
5420 9407
8065 8463
5221 8341
4371 7733
569 9148
7313 3503
64 8741
3649 6061
2552 4688
2996 5640
5146 6588
891 4666
6667 7692
1279 1789
677 618
3074 3828
9682 3238
5556 853
9170 8691
4652 5511
6485 4284
6082 8304
222 3569
8438 2835
7010 7241
5176 3485
3241 3919
1075 4872
1375 8657
2688 1677
6416 3996
4501 9295
2455 8571
6064 3706
7288 2457
2797 5808
3392 1388
1636 3357
5841 5901
921 9674
38 1924
6393 3798
3456 7083
353 4596
7673 5386
8336 9926
5878 3720
2358 8949
446 7340
6213 5040
4484 2428
4970 3522
4738 3834
8952 3438
3921 6023
3600 8666
1313 519
1613 8066
8311 6647
8783 9988
4599 1178
9824 7895
3020 51
454 6967
8703 4514
1328 6051
9077 2329
2595 9219
5063 9839
1318 6925
3180 6623
8363 2262
299 2324
7061 722
51 9636
4496 6302
8330 3100
2964 9889
1920 6046
7960 833
7430 5880
8335 6261
246 4892
4914 1222
707 8107
4772 8351
8139 6841
8728 4570
4382 7877
2342 1567
3982 3432
9771 2777
8679 4341
7757 6194
1603 9815
8914 1411
5385 1289
891 7029
5272 1103
3777 3497
3957 3529
452 3952
560 9439
3944 3963
8514 3829
1193 6337
317 2971
8886 8194
133 3537
9154 4986
4683 5726
8872 1824
6386 4903
8479 9578
3844 5839
5567 3141
1231 7687
4320 9240
9301 6766
306 6195
7661 3760
8268 7597
4778 2227
7782 2153
7551 3338
4634 5712
7168 8535
1897 8373
7091 761
5485 4914
2991 7108
6291 7336
1020 7298
3736 3537
4498 2813
4910 6641
2846 3329
8752 6790
5326 5282
2513 4954
6038 7364
6932 4609
3665 5053
2682 4091
6281 5247
3410 9995
7173 1698
1575 5973
6326 9941
8770 5352
7256 911
6526 5515
9061 561
7449 610
3273 7686
356 467
5448 3975
1385 3654
7355 7420
6842 7004
3774 4663
6300 6812
3862 6432
6116 1840
2375 5062
714 3618
5482 7833
9892 6551
5091 2725
5389 8616
549 5190
9906 4696
8706 5192
4551 3390
2231 4925
4056 424
501 1643
7117 9561
5206 1245
5935 9349
9604 9120
4644 1089
2014 9480
2809 2072
5973 2485
5009 2019
7739 9806
400 9663
8184 5831
4651 3529
7006 8952
3551 2723
8774 9578
3331 4590
1474 9469
8690 5045
7430 6543
617 1727
405 9082
8747 929
5509 4210
4984 5420
3206 9804
9457 7896
6321 6189
6312 8428
1521 8817
9877 151
1654 1513
8606 4251
7964 3014
4506 5378
7856 7666
