placement model: 1slider
width: 10
height: 10
number of points: 2000
8118 3508
504 1029
6847 2331
8243 1580
8522 7216
5284 3457
3254 3603
2901 5390
2160 3460
6576 9175
9232 2542
7683 889
3754 8597
2446 8973
5988 1652
9970 8148
8888 6673
2864 474
6855 7537
3197 7287
2485 1878
8331 8585
5273 3229
8315 6918
1270 5599
1776 4649
540 6173
1341 9850
155 4266
4565 3729
4807 7726
2490 6777
2813 4007
3086 1764
2156 2490
3973 2990
8972 3318
823 2989
161 4923
9735 1192
1318 6332
5034 6843
2549 7446
7153 9827
1735 3861
7722 7065
7380 2212
2920 8727
3598 1258
8122 5707
7544 6878
3852 434
2695 4301
5034 3044
1122 1458
7799 4337
6326 6679
5926 5919
8049 5897
3248 4529
9362 8672
584 1084
8216 368
4403 8007
2702 4040
2293 7725
6072 794
7902 4348
1299 421
5569 8677
741 5918
9150 3172
1414 4997
5689 8302
6507 1036
2188 8558
1215 9631
8550 4126
4980 7537
7444 750
2943 9548
5271 7109
5499 8346
9126 6847
8024 9285
3976 898
3633 2057
8584 3346
7202 7665
5022 2221
7234 1637
2667 5079
8329 6867
6443 9525
8108 1862
1581 2158
925 8983
139 8212
9646 8077
9463 5124
1582 7108
4599 287
8195 6183
629 7750
2159 4719
6148 479
5750 5722
8023 6246
1914 770
6759 5746
6254 893
6167 9083
2613 2141
4089 6218
6229 3807
1365 2038
1704 7075
2460 7825
3367 2962
6480 9775
2115 862
4161 9101
9351 6864
5545 6921
4031 6232
9327 1176
8765 7469
5885 8263
5409 5494
3786 9374
9101 9070
7548 4932
486 9495
5018 1659
2835 3137
9126 2828
5363 4337
7620 2581
4648 700
6246 4486
9220 3415
7183 6103
3788 450
5531 9986
8132 3450
5366 5770
8248 1964
515 370
9133 1924
5766 2000
616 2713
2591 1600
4388 3872
4599 7383
329 6197
6093 8352
9934 4694
5627 2256
9070 533
1106 2009
8554 3436
2105 2128
4032 8575
2704 376
2916 3232
4922 1353
9758 1130
6409 3660
5080 2814
3295 9144
4433 5430
4535 3034
3811 2550
9009 1658
6595 7641
6498 3648
3074 3854
563 864
4879 2701
952 1990
2848 3693
8576 2987
1326 2128
8577 7639
667 6430
1297 4341
8186 8588
8554 1410
157 642
7154 9867
4088 2978
3707 9389
8790 3348
1108 6800
6467 6636
8384 4163
7182 1064
6021 3899
3623 1313
6873 8183
8643 6438
6652 2326
3853 561
9184 2858
9543 2242
2039 9481
829 4698
2393 6513
1714 7381
6384 4880
3914 2196
1719 550
2607 6256
4134 8782
5262 4456
4340 6855
9184 8170
1081 2296
1861 6861
2850 686
6047 9451
3814 2973
5380 1030
7304 3263
5645 216
1354 9444
7581 7083
3427 7301
2135 4076
6937 2029
7477 2662
1732 6672
7740 1143
8815 4864
3096 2732
9150 9765
2094 4143
9135 4360
423 7747
1384 5483
4295 4342
5988 5385
9339 3876
5957 8803
1119 7869
2791 7239
8722 9685
4517 2511
9341 7801
7726 535
1643 9635
1693 1188
4881 3680
1644 8436
3530 5452
9153 4659
9520 1862
41 8646
8833 7390
627 8433
8281 9865
1356 1484
1795 7734
9267 9290
6693 8494
2056 3351
408 8688
3239 4857
3061 8526
5497 8401
8135 9663
1396 223
3392 2471
3639 9791
185 7994
1800 8242
4445 7370
339 4561
2873 1374
1421 2387
7325 6089
5342 6013
7116 677
9560 9679
1009 2642
3017 2526
6717 3031
5324 9568
6055 5820
317 3841
1262 96
4228 885
5 3320
9997 6866
8473 2050
815 5897
7718 6705
3350 1612
184 8570
2444 7064
2351 1874
8386 5293
1768 6736
8899 3564
5549 3103
6852 3587
5788 2191
6119 6855
2767 8241
3051 136
8234 2861
3911 8332
5120 4055
4161 5266
2410 5743
3686 1634
5992 5732
6567 8910
5632 6782
8714 5661
5224 7210
8453 4343
9608 4033
1195 6859
9765 6364
6451 2804
9644 6280
1548 8669
8708 1404
7913 9710
7234 49
2270 5670
5364 2523
5552 4585
4698 2287
5644 8348
9480 4106
7490 7501
7121 6715
1471 5575
8557 4894
6114 1336
5338 1009
7673 4575
3460 2951
6561 689
8863 8800
25 7939
1059 160
1568 5537
8999 5543
6865 4112
4554 3605
9152 378
3269 5932
9506 188
6192 738
2111 4198
7641 5209
8047 2051
1489 1769
219 9864
4191 1402
8111 4420
8267 3113
4237 4383
163 6685
837 7900
6885 6730
1744 3699
8394 9568
9463 6917
6343 1751
7812 5356
7824 6936
4766 1835
4782 9977
8120 5719
4066 384
1848 523
5107 1470
4766 4555
9792 6318
6871 6407
6646 916
5607 1473
9793 9906
3165 5874
7405 942
5743 4122
7251 5828
3447 5031
7105 8389
951 884
7908 1840
2656 6181
7883 8118
8447 1287
281 5239
9197 1802
7975 6273
6660 9703
8403 2314
6969 8245
9816 3821
568 2016
7469 850
577 5008
5028 4511
6815 5676
4483 4317
7021 5696
6966 9188
8238 7639
7461 7674
2880 83
531 8850
5280 4937
1409 8566
6273 344
9695 8149
4071 7923
5946 628
2747 7321
9337 1095
9329 6243
2152 4660
5288 5208
1455 1847
6689 5917
7024 9908
1192 165
6521 5977
5556 5602
8207 5101
213 9662
393 6718
6028 876
3649 4010
8430 3161
6252 3473
716 9935
2206 7700
2204 8432
7405 7624
2520 8679
1552 1016
2296 7294
3825 9808
9094 1850
5369 1469
9049 9310
719 7710
4662 7500
5668 5363
995 8
698 8641
8921 9010
4997 6540
1059 5596
630 4354
1347 7986
7222 6125
780 5282
5260 699
2977 4060
677 5698
5958 6397
8169 1492
3104 4310
2429 9609
5695 4495
1717 550
7465 6431
5575 4888
418 7737
3808 3202
5645 2457
6381 9861
3927 9811
8340 3895
403 1800
3743 5883
4681 2292
1537 6366
9363 4283
976 4421
2986 2418
4092 1729
1052 5189
8037 9659
8729 9635
74 2182
6540 6386
4263 2871
9329 7356
7743 5721
1675 1916
2691 6073
9692 3597
5010 4922
6658 373
3829 9932
5257 2767
7142 9817
2190 5234
7268 5086
3078 5673
4482 6790
5827 5636
2347 6650
9572 6547
8121 6544
1512 7785
2536 3351
7391 371
1873 66
3207 7015
182 7506
6077 4655
7208 4155
9101 7587
8406 4985
5496 450
2878 9966
2094 2765
3549 4150
868 5354
8491 1366
3548 350
5623 6749
8556 9675
4080 9533
7700 9661
2172 3106
5132 4337
5001 265
8981 1324
20 5015
9458 3398
8871 4575
9530 3653
6421 1202
9214 5227
5806 108
7094 6656
9262 6633
3100 6709
3221 8407
8558 8176
6556 9344
8286 4298
3299 6147
4895 6171
3021 1770
3009 5871
3954 7396
6487 7234
6499 8194
4766 2289
5747 1606
8172 8763
8358 9844
9862 9185
5067 1190
5622 335
3233 2645
859 8495
7570 1972
7389 7778
5539 5215
2387 5372
4459 7660
6143 9676
6131 8788
9334 1084
2499 8551
2529 9765
2319 3256
2559 2195
2703 956
3445 3568
9823 4716
4826 3141
5715 8307
9541 3321
9900 5526
4652 2698
2326 7052
4498 9897
2879 1346
7499 4625
9349 6660
7353 5346
6586 1869
8926 8842
8500 3065
5671 3157
3466 7824
8435 2981
3241 6477
8804 2946
4245 2102
5323 9663
3899 4052
6772 8810
661 9984
6655 3922
8803 3221
2661 4001
6290 5960
4621 149
8570 8474
3174 3407
5429 8063
1840 4488
694 9359
2168 8369
4445 9145
7490 9421
7709 3623
7732 1219
4478 6140
6997 9342
6981 8371
9182 9862
6356 3659
7188 716
506 2285
34 2588
5620 4664
5156 1220
3803 5059
3206 5072
7187 5030
7368 3444
8218 9986
7022 7602
6598 3671
5248 7904
5689 2994
4464 844
1951 7104
280 1025
4244 2515
5136 7210
8035 6471
3533 2355
9819 900
8265 5976
7934 3714
2563 2489
2988 7465
511 7483
6558 7940
2063 5616
2856 1657
8540 1396
8398 8164
6314 4661
6449 3801
455 5609
6838 6063
9316 980
4721 2625
4327 5743
5920 427
1738 2749
2588 592
7782 7469
2540 9134
781 9695
2097 8620
6090 6961
2315 493
8049 8232
8471 4271
6372 7637
9904 9137
5679 3875
7307 5821
8665 9193
7385 3854
1113 5657
123 2989
7683 7482
378 5936
7711 5
9919 4961
4856 1090
3623 734
3868 4757
7120 6126
9547 1198
3922 6909
8571 7843
5146 2836
2829 1260
9787 3731
3368 2293
8460 921
9884 3836
992 2638
6671 9248
6355 271
8167 3159
2973 5162
5940 1707
8658 4945
924 4467
751 6916
4904 7036
9194 3115
7485 3506
8683 9805
5909 4330
6179 4449
7331 4586
5480 9369
2994 13
7065 2077
594 255
9244 5490
844 7937
7275 1795
8959 3321
2408 5913
6603 4778
3930 4485
2395 6612
3434 9174
5502 7917
8833 2960
5116 4402
4431 1457
5878 9598
2761 5537
10000 6502
3415 231
5712 986
5484 8064
3288 5890
7673 278
5054 3973
1498 3131
1896 7698
3946 3117
5136 5840
5925 7139
6998 3896
6637 4318
6100 2667
5845 9425
7245 8832
9119 4281
7077 2152
3761 5613
650 2393
7510 3763
74 9924
5502 9538
9493 9511
5606 7489
6367 6797
6908 5409
4674 1285
3731 8443
4976 8241
2896 7633
446 7671
3654 7672
9993 4966
3903 1878
2692 956
3939 6085
3206 5388
7143 1003
600 345
164 2552
3154 5034
2329 6065
7190 9369
7183 206
1785 4832
754 6986
9402 1138
9055 7677
4644 7353
2866 2153
8731 9439
25 6813
4162 6688
1512 8690
2753 7350
6277 2389
6917 87
1890 4228
2027 8062
4821 8816
4160 625
7934 4372
2268 5610
4690 2536
6970 1961
7583 6764
7854 3236
3506 3502
7561 8925
6072 7614
1431 48
7380 5661
1942 6692
8735 3331
1229 1159
2918 8823
4931 6812
1240 6613
1579 9850
8037 9235
637 5528
9861 1797
3716 6598
2846 4891
6671 7639
2142 4517
7589 1969
4269 8742
6642 6021
2100 2242
4641 3528
4994 3481
7003 7216
907 6392
2925 4083
8442 7353
7228 3324
4644 6887
9512 9204
4633 4816
2859 4729
4518 7605
8738 2596
5264 5114
894 2696
2735 2667
3324 3259
3837 3208
5391 6140
3523 5383
6649 8116
5570 5524
2039 6499
6222 3735
8885 7170
4270 4031
4563 7763
5945 1242
1740 8098
1786 5581
9408 7714
5627 6273
5131 8267
6722 2035
7369 4835
1631 4936
3380 8946
9088 3240
9911 5570
694 7330
9434 8506
9032 3103
9516 7051
6366 1472
9610 8684
9869 8358
5800 5604
7331 8353
7762 2699
4857 9499
9954 8972
3296 6118
3490 100
6071 8872
3450 8911
7680 6518
3358 3444
2304 5534
6451 9518
5859 8087
9108 1050
1153 397
5109 9128
9139 8492
3433 9362
9623 3532
963 5222
4148 1469
8668 1855
1883 4085
921 8376
8847 1752
7822 4164
2378 6611
1868 1633
84 2212
8584 5860
3733 8565
799 4991
6703 6591
5184 2662
6175 9418
4946 9717
7808 8562
7652 9940
2296 3407
9287 8399
8370 8923
3003 7516
4223 994
5419 5968
862 4575
9246 2865
4593 8349
2143 4316
2346 5142
3181 9852
4236 4539
4757 1662
3373 3278
9490 9653
6408 2873
4939 4025
1635 2547
8806 461
5144 5503
1771 4069
3930 2119
808 2281
37 5007
9773 1668
4380 4831
9359 2169
7617 3823
5968 8999
1081 8966
1107 5162
7246 6913
1434 3398
3472 3195
3088 9187
6481 9528
9480 241
2606 249
5602 6648
795 9634
6789 8232
4715 8901
8236 9381
4261 7198
6698 6804
7001 6470
5400 8472
7718 3102
722 9850
4538 5591
1496 5575
6022 3272
1872 9131
5824 1698
8079 842
3643 6262
6867 9317
3059 8856
4939 8763
6474 522
2948 4301
1372 2061
1856 6164
1548 812
4726 5118
647 7740
8624 7647
8114 2287
7670 6231
9591 4773
1368 917
7016 5099
3232 4457
6475 7179
2000 4129
457 7998
9991 3976
6709 3771
2843 8154
6035 3793
5892 2716
8555 3096
5546 2948
3098 9394
1366 5227
5793 8513
7292 7214
5142 5439
336 8908
6111 6962
6483 844
9679 8963
5562 9420
4249 9276
5566 4690
2304 6876
575 3869
1991 2466
5964 9115
713 7290
6212 8196
2047 3047
6804 6067
5997 5504
1704 2232
8144 9525
3291 1988
3941 5777
403 519
5670 8520
813 4598
2276 8941
9631 9570
4864 1698
8738 4828
2657 8625
6853 2255
1187 941
9383 1006
5530 7303
8901 32
6703 7135
7261 6080
899 1916
3441 1087
8865 9036
2615 9011
4312 6051
3003 2737
6035 8180
6129 4078
1723 3627
8269 7204
4897 196
2480 4417
539 7513
8380 7375
6501 3738
8897 5649
3210 2576
8327 3811
5250 1267
8795 7862
8566 1869
5168 2797
5856 3188
980 6625
7174 2595
5429 1788
9468 2509
9957 9442
2437 1716
2702 9756
9491 2105
1144 8914
1684 6295
3956 9500
9563 3380
5600 123
9055 9455
8388 9931
9039 5139
9081 8303
8099 5154
8031 9391
4869 1942
6143 6448
8744 8346
2058 5774
8531 5269
9455 4085
1920 9240
7370 7663
4484 6990
4522 9113
1464 229
8890 5552
1411 9427
7229 1548
70 3733
2678 9548
500 359
1805 2181
5949 755
2858 7253
8397 1796
5245 1787
2011 6695
4094 7855
1062 610
4931 3976
9327 8996
3286 8018
3572 8516
1053 5929
9601 9441
1932 2824
7291 1602
7722 2007
6900 2809
4543 8637
6010 9321
2050 5951
1332 8287
2322 6802
3192 134
4773 6306
3958 1657
4709 7074
861 9609
9504 8925
2544 369
7159 3840
8639 7142
29 932
7720 5842
1248 2204
3832 4818
4743 2221
8347 7935
6895 639
4872 2260
8627 6998
2137 2373
9740 9729
1626 4486
6250 8295
2917 1192
3792 4875
2777 8941
8908 3547
1191 6858
5062 2759
5208 654
6533 8600
8355 405
1221 2803
3933 4978
3739 3066
8541 2458
6983 4043
7575 9275
5792 9827
373 8079
5963 5500
6229 7687
5298 1691
4442 4586
2981 2213
242 1371
8566 8132
4615 6406
365 2620
617 4744
6947 2514
4683 8660
2043 4716
4305 1457
1795 1662
1226 4164
2290 3357
8747 5758
137 3551
5392 248
1707 153
3934 3017
6425 1886
6396 5034
4653 108
9821 2070
2616 4636
4531 1282
206 5627
4420 9554
7792 5482
1515 3290
8310 2310
9320 433
8735 3023
4395 661
9599 3184
1682 7942
303 1421
4612 2575
6339 929
7187 8847
9912 5676
7488 6824
996 1559
6688 9025
284 8047
9520 3304
9409 3447
7427 3364
5697 719
5430 7672
3195 6821
5510 1988
7947 5909
8000 7232
3204 6588
837 7698
4389 6795
4812 1924
3762 8158
4510 2932
9641 2784
5957 3870
6119 3635
9139 9492
9347 6000
8698 4962
8776 4419
1477 2291
2892 1875
4546 3492
8600 4129
3626 3815
1328 2050
8989 8719
8428 3360
7014 611
5290 5880
8778 8267
7847 4135
4069 5927
1720 6567
4501 2357
3932 1197
4293 8545
3482 5577
7433 951
5204 8705
3332 7501
6396 5016
4040 6661
9661 783
6746 3753
646 545
4636 9934
7152 1802
9166 9817
6410 4057
826 2448
5671 7336
4693 7165
9986 8401
6562 5578
1571 4604
6373 3886
4613 744
1287 7375
2060 5942
760 8152
364 3720
6957 1781
6965 9489
6118 8139
4113 1200
4717 8339
6566 3006
909 5167
5749 4286
8256 9993
6976 8895
8765 12
2809 1171
5651 4314
5348 6797
6299 301
5747 7605
2415 1407
9465 3791
9153 6862
154 9126
5672 5221
5215 9984
7094 8875
8870 9720
3724 4428
2353 566
2326 7280
6471 213
8706 8900
8182 2024
2330 2403
4471 410
2875 4344
5876 5169
2529 7301
1482 7583
9370 481
2586 718
352 5078
8744 142
4686 5719
9993 5830
170 4387
9654 6660
5920 2480
1878 2666
3394 550
2210 2802
5615 7327
4275 2456
8362 2291
4129 5517
9940 1114
832 7308
69 6135
5857 9554
7658 457
1396 4952
1568 7055
9227 6922
1314 683
7998 3246
4289 7195
6053 624
3395 6827
2245 4356
9580 5496
3417 5780
9205 2439
6863 7919
1651 3268
110 525
6358 6120
8752 2221
9095 2533
2394 2481
6362 9131
831 8045
8924 7248
9672 1015
6463 4538
9011 1344
5827 4358
1168 6583
1774 955
127 8885
4965 1678
982 5986
1064 6796
8882 1313
345 9864
2642 4383
4747 6009
2895 2785
1207 4050
5219 6777
2573 5157
6132 7742
251 8520
9767 680
576 4931
9489 9188
570 7968
3580 6990
3709 7848
9317 1570
9131 7893
7295 6939
655 9181
1664 9342
752 8942
6769 8116
4860 4924
7546 1456
9030 7026
751 9730
396 1509
8991 7229
9112 3405
5015 294
4323 4457
6416 495
2820 8187
8168 1986
2543 4996
3434 974
8952 9205
866 4891
1109 542
9902 2401
5449 9772
1199 2472
7651 446
259 5456
3062 1845
17 1442
3760 9772
250 3283
1568 5920
7644 7822
2945 2391
598 6919
1818 3641
4772 470
5490 2373
2834 9584
5344 2624
6498 3898
4140 472
3812 9035
514 3517
3516 3274
3038 9878
8532 1453
3175 3763
2488 7209
5067 4796
944 4657
5851 9115
6784 6223
1047 5438
5485 2969
1758 4798
6161 8953
7364 681
4827 1035
9400 2683
2385 7262
6835 4657
7650 57
6567 4489
5979 226
9463 4179
5858 5687
2210 1548
3267 3590
6536 4116
2887 3767
102 2995
1413 77
6975 2242
5031 1504
2817 2630
6577 8837
5884 6848
8469 3370
7641 1232
2619 6388
8258 9551
2261 764
4564 2424
8375 7070
3406 2297
483 402
520 9398
5071 1965
6610 4733
5032 6720
8254 6202
7874 5704
913 9804
661 4482
4411 7649
4608 5600
2402 7375
8054 6042
5596 7862
5203 2852
8957 2397
9374 7413
6245 2614
4158 55
9575 5381
99 4416
9520 2085
5829 2743
4422 2236
2909 6312
4429 9997
4305 3887
4802 2478
9958 5459
3552 4989
2228 7181
4649 5787
4136 7627
7474 6342
3770 5885
5800 580
5084 1628
3351 7912
4752 5094
9081 5075
8262 1850
9346 2564
8165 624
5605 1785
6708 8225
564 9991
7304 6700
5499 1000
4938 5806
1541 4960
5424 222
7144 3211
9444 4467
9953 3892
3200 4775
2234 501
6738 5833
4799 8596
2055 8077
9952 817
1451 6979
3501 4297
2575 5563
4341 3893
4761 4077
8976 5761
1011 1162
8312 2955
4873 3324
549 705
1301 6290
5299 8769
4645 6911
1387 9666
8431 6925
2002 2436
6522 5550
7501 6446
8105 8839
9220 2861
7406 9514
4473 4773
2167 4566
8504 1668
1309 4882
5947 8333
7069 7647
7105 3135
2184 8699
839 6971
195 1475
2057 2557
3798 3417
9433 8686
359 4389
2981 4633
2936 9640
148 5760
1737 4681
1131 8636
8938 125
3805 6052
7076 6797
9307 402
1302 2075
3948 8608
9268 4979
4922 6812
5886 1904
8443 4718
6096 5381
7038 6964
9447 1740
5166 25
7545 3088
5834 9262
5150 6513
2766 8698
2475 9375
4186 2559
3482 8544
5055 3674
7090 1548
4326 7106
4433 9109
1987 9853
959 8905
9410 998
286 5912
6530 3991
1753 1756
2936 4199
545 3244
2414 1862
2344 3404
2466 3781
2016 1357
5755 1622
81 553
1988 8534
9892 8704
7301 7551
7855 9381
5512 7150
2168 4539
1241 4490
864 4511
1580 8730
957 5359
563 5730
1522 1447
2057 7147
3147 7026
7608 6665
8248 7326
1118 2881
8742 4747
9388 8946
9599 511
583 4168
305 1940
7012 4121
3740 7259
350 875
9927 7201
6565 1318
5402 1144
7557 6881
3445 6611
1532 6505
9451 8001
7675 1386
7516 9417
4497 4881
3795 5993
9922 1422
5256 9970
5213 6480
8880 5071
1802 3023
1013 4223
3082 3939
3659 1404
2031 5316
3832 8685
4003 6407
9281 2249
2723 2499
8021 2711
6360 9332
7649 4416
2211 6348
6146 2328
2477 3431
8001 9966
7037 1723
9300 497
7630 8029
4765 3158
7575 5671
3166 546
2855 1565
7771 6404
9719 9996
8445 2103
9793 2188
9458 4232
6020 2603
1828 3360
7098 8250
3576 914
6208 7964
5179 6671
8910 8692
185 3386
3834 2649
8402 7898
8091 3502
5745 5970
7439 7714
3418 8656
2590 8103
3657 9528
6176 9123
9887 547
8287 9652
2690 2314
4164 310
3206 9314
8270 761
6031 7721
9345 1684
185 5988
986 7152
784 1399
229 83
5898 6778
2922 2256
2919 4365
135 6704
7849 5756
830 419
8303 7820
2707 4280
8740 867
5261 794
5348 4155
4926 8626
7530 1725
8273 3881
8353 3303
8034 9779
4334 4247
8261 908
6145 7717
139 9655
3188 682
4700 6293
8260 5270
2589 1178
5471 1569
4925 5810
7598 9468
3246 1590
292 8554
7798 2567
2860 9351
9231 253
6313 1169
990 856
3549 4901
8182 396
286 1997
4982 3714
5865 1621
3637 7326
3507 4135
5033 7579
7537 5217
9067 8786
6664 1674
6093 3485
9058 4499
5234 2879
9442 1015
1377 4731
6310 8434
2526 636
2713 1033
3271 7770
3014 5846
4808 1801
3960 9279
7508 7690
7675 9832
3244 1490
7710 8269
157 7772
2392 4249
4361 9771
2029 8822
1695 6860
4587 8068
9414 2754
7193 7771
1889 5097
1728 2224
2690 736
1357 686
4284 8201
6568 2430
1951 8589
1637 9809
1423 4588
3932 3776
3219 7462
2861 6540
811 267
5761 3297
9643 5701
9725 5223
3107 2591
6654 593
8407 932
3673 3894
703 4165
4233 4515
1143 4758
200 412
9107 9171
1457 1412
2992 2490
8595 7113
3178 5095
9791 1058
1834 454
9207 6472
9517 7445
5725 2773
8785 3484
3263 5599
3421 2247
7154 6454
4705 9277
6082 5246
6363 5596
9371 7632
569 3983
3417 3149
9918 8890
5288 6941
9195 674
9971 7579
1073 4275
1781 9580
4746 8025
8806 4970
6893 6982
5460 1739
5085 6559
5176 2664
5686 6226
4634 1999
5610 9111
736 8272
6683 1990
4939 6790
5935 2259
6170 2139
1266 8358
969 4737
6627 895
5959 7635
1314 8392
4046 5731
5878 2524
1660 7052
2392 70
4647 2999
7237 4364
547 3880
9311 3118
6984 4236
1859 5433
8747 4413
8874 4169
158 2040
8699 290
7292 4426
2713 377
6393 940
7904 5072
7684 7414
4888 4133
4634 6077
5002 2153
9438 445
7897 9235
8886 4010
4204 9872
7820 339
9040 6981
2716 1819
1327 16
2311 3005
4 7842
874 111
8510 6435
6426 5438
1511 7269
5223 8693
2719 3146
5193 6174
4281 638
3505 43
4561 3999
3720 6377
8729 8308
4739 7009
694 2553
6905 3490
7251 9251
6134 1464
6006 5319
4658 7199
3721 317
6189 3388
5586 7398
5443 2062
3169 2391
328 3466
2888 5996
6334 5243
9433 3492
2501 2995
8889 9654
1691 7152
8760 3573
4746 2438
4409 8375
1647 6206
1321 7354
4265 790
8616 4930
3851 6535
4394 8205
5161 299
3039 2580
9682 8086
8246 829
6303 4050
3039 3585
5672 6680
3836 2206
6080 893
4560 9522
9932 3043
6343 5998
2598 7073
2373 46
1414 1288
1759 6054
9418 387
5186 6468
5772 3983
9032 7559
7915 9115
2266 6799
3708 4492
1108 3119
1280 3783
4218 3544
1777 6222
2493 4363
9039 1256
2062 6706
6800 2934
2803 8400
2730 4173
9250 2699
4566 5041
2914 1458
7616 6558
6337 5608
4315 3145
9868 5269
5876 1795
4488 6911
1973 1823
3100 9497
2199 3686
7617 8767
9127 2472
5841 7735
459 6033
5679 8468
1590 9006
118 3905
4155 306
5088 3090
9894 349
419 914
4056 5643
7380 396
7287 739
73 3529
890 128
1617 4596
871 2014
5288 3029
2515 9110
8367 4186
2438 6218
4151 9654
9590 2615
2669 9373
5750 7928
331 9915
4540 412
3133 4622
6765 9297
9765 5354
2400 2270
4997 4439
9918 8374
2238 4344
5319 2969
9004 2040
318 6727
861 1127
5478 3209
2674 1382
895 7376
4583 8968
6992 4786
2651 9047
2874 6779
