placement model: 1slider
width: 10
height: 10
number of points: 10000
5319 5730
5063 2077
2768 4936
3653 8949
9050 5165
706 4931
3487 1648
9210 693
8884 6678
5596 2865
5566 3047
3133 5467
469 9836
4220 4374
9905 3496
53 2278
5658 2699
769 9917
5480 4061
1887 4300
1031 5116
5066 9480
172 9698
7299 5216
7651 9618
4070 9851
5686 3433
8374 6669
160 5420
1919 5369
309 9787
4368 1100
9374 6014
1089 8995
4750 7025
6153 60
6822 5419
5154 7463
6740 966
2021 9824
5992 9589
8999 9407
5655 8278
1540 4014
6643 9830
1834 1890
6345 6986
1002 6064
7291 197
5647 8506
5766 940
4871 6895
1511 5558
8030 6548
441 8104
7766 4164
47 3607
8212 104
8741 4118
8895 561
170 1616
5114 6461
245 5083
8780 8780
3111 6623
1352 1378
862 3719
7551 3085
255 3978
2369 1585
1194 1648
7204 616
8438 8450
6105 4594
6163 8821
9322 378
8632 2344
6374 4505
2517 3891
7155 1054
1054 3245
8348 5699
3175 1882
7443 3533
2849 8772
1344 4468
9651 7498
567 328
8281 4462
3099 8847
282 1656
3013 3345
9698 92
895 9664
6867 5423
1192 29
1249 4200
694 6155
7319 3488
9639 7434
9115 830
8949 9815
9824 2436
2555 8353
3330 7286
7540 7836
4618 9006
3115 3082
2569 9273
1905 9874
359 7913
87 3666
8644 2871
6210 3587
2558 1389
5517 1937
5726 9751
8796 4662
2952 1443
4084 3687
9320 8159
4072 2039
5035 757
3526 2216
8669 7117
193 7740
5915 7392
5352 2451
8030 873
7252 8798
2410 5741
404 1941
1884 1874
1649 4877
5000 1895
4082 9849
7687 414
2193 3242
948 1339
8363 5357
3534 9363
7961 110
3987 8416
9448 4217
3333 8595
1639 8204
5719 6262
791 5128
7438 3430
623 7003
4663 6364
4461 5870
334 3926
7550 5942
7935 9099
7923 1708
7958 8909
4819 3779
6656 5352
3787 9768
6380 3752
7545 6032
825 4192
5018 6675
7527 6883
3051 7277
4462 2397
9335 3001
33 6652
1969 3324
1746 9498
7694 9438
1378 67
6550 7741
9171 6875
6700 7039
605 102
4743 77
906 4155
2667 4391
1397 457
4957 6181
2248 8120
5511 1774
9089 3887
7326 129
5469 6772
7702 8924
5960 5338
1032 8496
6419 6210
7048 9836
1688 3734
4626 2753
8265 2402
7662 769
6655 8130
4357 2351
1936 9441
5036 6814
556 11
3724 9258
1985 9602
6366 5582
6818 1537
2547 3147
4419 7798
1206 50
3571 2900
9663 5162
6049 1415
9857 4377
832 1689
1377 1824
6072 5868
3165 381
4762 9983
441 5888
6383 1932
6136 8958
4822 701
6061 5194
9080 3321
4858 6370
927 9778
686 7416
7738 5128
3765 4086
4704 8657
1853 9515
5991 8737
2161 3773
7210 9866
7843 7645
4237 253
8297 8221
2003 4833
2325 5475
7253 3794
6066 2224
2760 9378
1353 4532
9148 9942
9897 6220
4522 5636
4402 9570
6920 4634
3150 8912
9600 5273
3509 572
4979 9517
3098 5036
5714 3018
2437 7151
2032 4806
8308 6246
4411 304
5856 9747
8500 7104
6990 1037
4326 7810
3980 6105
2608 7817
2575 6472
4595 195
7331 3803
8086 7287
131 8965
8050 40
1643 6462
2788 320
8958 1852
3648 3440
4778 5065
7816 8695
8486 4584
6676 9528
1095 4128
2109 9640
7096 6436
1311 2862
6467 2911
184 3554
9589 2425
3965 323
3779 1239
5928 734
4106 5069
1777 4160
6196 7192
8688 5458
1946 2959
8291 640
4238 6783
7603 2338
3604 3096
8219 3167
9242 2713
3299 4673
3183 8464
4556 1898
6543 9808
214 106
1106 3578
4653 8741
8040 9281
8346 3432
5317 6182
5749 5538
5125 520
3708 3621
5547 2309
3807 6863
1437 3776
6838 7045
7624 5376
3807 4449
2169 3280
5595 7175
4815 3180
2142 8225
5034 331
5910 7777
8853 2407
8095 4941
3173 3885
9029 6074
663 2548
3181 1367
1871 7175
3192 329
9318 2116
5723 8859
9102 38
1970 9098
1918 4956
1940 306
1759 5585
8783 4404
2660 1083
8948 7232
1378 3502
19 3691
3969 2382
8183 9915
6837 3261
8025 1652
7373 8619
5971 1929
7566 7537
8791 4401
8398 3851
3373 457
4482 412
7732 4569
3438 1380
5636 6166
5714 4671
4957 4800
8357 1722
2443 3038
9549 5209
7970 9935
9676 674
8671 239
9928 5836
6348 3439
3767 3695
7616 6143
5671 9929
1365 2553
6035 2658
2901 3873
9725 4284
3423 9395
2978 7509
327 4875
8231 8971
6192 7804
5104 3155
2078 5698
6449 1158
3712 4652
8720 7678
3859 6142
196 4411
4358 6171
7949 8672
6052 7368
3110 8118
3762 253
5734 679
9466 2251
1557 6252
8437 4165
1596 7507
950 5881
9423 3439
2786 661
5622 906
1308 1745
9790 9085
7339 6717
849 9843
4482 2009
2798 5482
7029 5354
5094 2959
2875 4518
8403 3107
879 6115
8034 7344
4515 6896
7866 5807
4506 5262
1680 6402
8318 1237
543 2744
9754 8928
5421 796
559 9599
5759 9437
4046 9415
4460 1547
7325 4501
9395 1398
4121 8332
6652 6877
648 4146
5202 1915
2553 864
3722 2655
5175 1224
237 7808
3384 4932
7993 4423
4816 7200
3126 4964
806 2956
7007 7960
6545 8715
7007 3630
790 5269
5300 8967
660 295
6593 8171
3562 436
144 4605
9467 1588
4444 9290
6065 8250
4278 2945
3406 6110
2391 1828
3580 4234
8037 138
586 7133
9213 7438
3182 4197
8476 6437
8009 93
3947 3028
1223 5107
8645 8828
2915 9187
5380 4856
1140 7415
2697 2325
8079 2704
4617 1300
7193 4345
2694 2393
3867 9278
1320 4231
8170 5778
9508 2135
724 9722
6026 3171
548 4645
5295 6195
659 6475
3138 2249
1294 523
5350 4811
194 5665
6724 4532
7085 2269
4814 4044
6044 1615
6869 3752
303 2761
1143 9979
3136 4616
5278 7764
3563 2153
9052 4388
8782 5758
7973 5941
7951 3097
7028 6185
5953 3595
3079 2770
5246 5942
2911 3614
9972 5494
1732 4175
9260 1560
2065 3250
1746 4977
6249 7550
1351 8215
3220 4520
8478 1790
143 19
2165 1783
5278 7783
1226 4592
558 6998
3342 2316
2986 1601
843 8000
4211 9380
3011 1910
1929 6140
2738 7159
2469 316
735 8372
4738 6436
1211 842
4265 6376
8820 7897
557 9199
1183 2743
4131 4123
5642 7968
2870 9739
1420 8776
5057 2181
8518 3874
9935 9459
787 1327
8200 9077
6462 1661
1377 4202
2306 3136
1949 8016
4381 8508
574 4020
2275 5844
9930 5264
3763 991
78 7576
4714 568
1799 9310
4808 287
9648 3747
6684 5668
6660 856
8644 8616
4088 6405
8363 9895
8864 8349
593 1872
404 6872
2739 8424
9718 571
4525 9582
6229 1957
4229 8441
1517 5704
8319 1261
7358 9087
1110 5702
412 9410
7467 9681
5137 5540
8440 9659
8 6298
8761 8698
4544 2236
8466 5776
2337 3897
5114 3443
5391 8932
2903 7413
6521 5298
8993 3757
5464 9346
9494 4062
8563 3000
5349 1645
5812 3421
9823 1495
7667 5019
4611 4191
7354 7822
4980 4875
2542 554
3080 2962
7656 8379
2004 4924
8517 7253
5676 5450
2134 9258
5812 127
2437 5061
535 47
8298 7764
399 6112
2576 3154
4024 2113
8033 5042
724 5126
3215 4791
712 5284
5919 2489
6234 1797
8549 700
4326 8615
6072 6518
8902 1152
7336 3172
3254 2923
527 2684
8002 4538
6103 2706
1593 7968
5815 8074
9974 9409
7237 2517
7524 8137
4010 1937
6651 3127
5012 3028
1188 9476
191 1518
9787 6587
9847 4029
8738 305
9050 6339
8009 234
4480 4838
6684 9106
1388 8867
6942 1997
3662 3510
1723 7201
1311 2420
2228 4686
306 873
713 8612
835 8337
4978 1329
1230 9207
4715 3506
2097 4334
8627 5688
3590 6360
9801 724
141 5040
1511 5477
5958 1283
6526 1327
8921 9066
2320 511
6638 9779
2175 608
9874 642
4943 2242
1424 941
5813 3725
204 3718
6562 4990
7126 119
700 6786
2777 2443
1688 1002
414 4546
3289 8101
6597 1630
7082 9847
486 1354
9495 6585
6473 9249
7975 7803
2969 714
7727 1137
3086 9131
2905 9172
5613 1005
4788 6605
7163 7577
4786 1156
423 1448
9042 5271
6475 2150
8044 5012
8678 9394
7451 7950
7346 1741
5588 3060
5102 5789
6074 6318
8781 8783
7453 281
3133 1873
8643 6543
952 2302
320 8350
4442 8258
5263 896
4601 3668
2132 4991
2339 5433
5141 7328
1725 548
7025 2226
5016 4218
7647 3434
9476 86
1542 230
2590 1604
6163 6796
5916 8952
1605 5015
5541 5404
9684 6148
7819 2373
9206 726
4369 7693
3353 764
6944 8894
1250 8364
6047 9604
9876 9946
1071 540
1194 8148
863 2669
8519 4037
4565 6940
3586 7887
4820 7652
207 2386
6550 3898
8994 7232
1890 545
8423 9404
6831 1485
2642 468
2258 1328
5068 2814
8015 4012
5183 2760
5866 7007
5145 2415
6943 7113
1067 5384
1138 8033
8513 5478
6544 6782
6104 7764
6139 5898
9135 643
5673 1918
9575 7942
9944 305
105 7274
7142 2955
8112 8265
5702 915
8554 2166
1309 1979
9446 2034
4880 2552
899 6740
3819 3163
9168 1948
7556 1332
1800 8520
2026 4590
9076 4576
3855 8
8685 2377
276 4005
8838 4214
1296 2152
3635 779
4662 9174
9535 2599
673 253
2439 4237
1471 6003
4625 3575
8114 450
3091 9327
266 5450
8851 4861
6710 5932
2419 5771
2938 8443
3876 1417
5526 1155
1040 304
2213 198
7211 7008
9745 7703
1380 1157
550 3553
5115 5149
8369 8806
1786 4906
6821 5969
2258 3437
8867 1440
888 3575
4523 7446
9196 3484
7375 3205
217 6572
6329 5228
1538 5923
5495 6559
7314 1051
2033 7159
4386 4223
5124 5160
6504 595
5494 6048
3771 4160
5411 68
1191 5159
9726 7061
841 9466
5591 2440
5547 7346
6453 5579
9956 1198
5187 641
1574 3062
8195 1681
1496 3469
5948 783
7664 8301
5903 7983
7806 3705
3686 6679
8118 6267
9717 5809
2122 6449
152 9203
7208 5474
4148 1874
3389 6887
8937 9327
6502 1789
596 7241
7601 2954
1963 9112
3333 3975
8069 5935
2661 4089
4356 4278
2972 3851
3761 9305
1926 4819
4176 5694
4346 5562
610 8918
4043 6002
4363 1738
9208 7531
4237 8161
9023 5268
4150 7598
8791 1849
8522 6597
3945 3084
1253 3230
4965 8896
8390 735
4528 4589
673 6346
9226 8822
2260 7501
6542 9881
7506 1811
4628 5976
6403 35
8650 9807
2812 5293
4855 1078
9102 7892
7545 2419
8380 6448
8919 6685
7979 5178
8157 5397
1249 6781
8419 6914
7171 1285
8104 784
2482 4976
1914 1388
2050 4779
9650 631
6519 7827
2711 2127
4034 5496
5161 8654
45 7758
9288 600
1551 9083
9686 4547
8464 2288
5952 773
5592 8593
3082 6941
1603 7034
9672 7475
9192 6605
9811 7366
6919 8690
5838 4827
8457 7423
177 1935
9362 9857
8769 6176
5244 7600
4864 3769
9210 7656
4983 8542
3971 6001
7279 693
8235 467
864 5809
3104 7083
2876 4540
6302 3454
8699 1754
9272 2920
4320 7616
9774 5024
2182 1410
861 3827
5875 6249
9886 2540
1030 6081
6475 9303
8456 4980
8740 2453
2536 9372
854 2946
4230 2459
6730 426
7029 177
6973 5666
7111 987
7917 2431
7359 5030
165 6257
9490 6580
1940 6869
2515 3260
673 1284
1779 9606
9173 8510
9323 3456
9634 7774
1963 4714
3720 7837
8508 9055
7599 5144
2528 6358
9608 311
9484 6046
6734 7649
6555 8002
5448 9816
8785 5101
2714 2094
2062 787
1920 2007
3938 3318
8101 9725
4201 5734
2153 6018
4640 9796
6393 9980
8000 3834
7940 8236
1589 3231
4150 1541
7360 3691
3584 9936
4342 5223
7445 6652
9881 2800
2790 3681
4165 8908
5083 7102
9487 778
5536 3052
1344 818
1875 7420
9960 3524
4088 3718
7174 7709
9058 4737
4418 3569
2847 8471
4653 377
3478 2590
4931 9663
9301 9209
991 2475
2046 1916
5038 2538
6870 9674
7763 6121
3228 3390
8357 2220
2814 4345
109 5411
2238 9947
1716 5316
6693 4246
7212 3092
3594 445
6336 9807
4437 8013
5434 4641
3206 6171
6565 3527
2236 4172
9771 868
4124 5928
9905 6900
5309 1617
6363 4000
8972 8137
3226 1486
8452 5709
4537 6395
799 1037
6972 8337
5716 2012
1342 8840
245 1479
2260 3412
3562 9975
329 8839
9633 6454
7965 8002
4311 1415
8883 6751
8333 4718
53 1640
4218 4483
4665 304
8514 4223
5911 8337
8204 7892
5281 8244
2386 6574
5602 920
3802 2247
5289 4456
1259 8967
3537 804
3203 6459
8082 1222
7453 2056
308 5824
526 747
7208 5279
7681 5875
7886 3342
7536 3292
4782 8647
2038 895
6114 1235
3492 6578
9745 6111
407 8091
8232 2121
2478 5343
5414 6666
1377 6233
3821 5179
1294 3932
6770 3305
2911 9361
3817 7669
6083 37
5756 9963
7097 353
5989 6568
794 684
5286 687
2991 7882
9337 9626
1335 5588
9174 6413
4676 5509
6533 9148
6145 7031
1782 5052
595 851
7944 158
4069 6573
585 20
9936 7348
8908 9549
6673 3521
8232 2838
2621 528
9812 3530
7731 6834
7379 3900
3389 1043
2516 5859
6370 9853
337 2610
3952 7527
3400 9381
9196 7000
1996 1710
2364 2050
9726 9122
601 3072
2873 4747
3559 4
521 5076
6791 4382
2035 3201
2721 4082
1350 6114
7412 677
3634 5642
2104 249
1841 7174
7509 3911
4441 8096
6092 2332
4137 8327
2927 3515
5650 4397
2004 640
8502 1524
6235 6178
3392 1346
8402 1305
5911 3567
2784 8907
9617 7836
5922 6897
7656 8019
4674 685
6111 6339
8257 6677
2081 8088
1045 5406
9079 3899
837 3160
9359 221
8144 7964
1447 5129
8515 8725
8897 5764
1741 852
8206 9780
4095 6566
4700 7410
2211 1105
305 9993
3620 5893
8731 904
9470 7500
4318 2286
2368 1258
5990 351
3532 5703
4329 5858
5754 6938
5761 6932
2522 7300
5733 3308
7952 4428
4352 2988
7509 8529
7953 3632
2231 3958
4984 9799
8209 697
852 7148
2831 4163
6732 5555
3004 6245
8458 6954
4836 879
2306 9887
5337 8858
8245 5564
1050 3642
7068 9410
5295 8172
3263 2385
2208 7680
8576 4434
1854 7446
3430 5884
2187 232
6079 3358
3145 4463
2322 3837
3721 2161
3272 5908
6575 282
743 1897
1225 8133
3168 1315
5616 620
4318 5211
8017 6323
7972 7678
6977 9647
4231 7036
4959 870
7159 8390
7631 2371
8573 5231
5307 5648
1932 6506
8625 848
8011 296
9927 4066
7071 4749
3432 8825
8095 2312
1263 3153
8407 4803
7404 1390
8560 8649
9110 3094
5640 6298
8050 9899
5091 6583
5115 5886
7691 3989
8243 9813
1005 1646
6780 5
3188 7718
79 1523
4825 5407
7781 1668
5943 3984
9298 1068
6848 9124
617 3169
3388 388
5348 5042
9932 726
5204 8511
5615 9937
6776 8685
4599 2474
5197 542
6347 7532
2872 4259
3476 3231
3905 587
627 3183
4089 3487
1998 1367
3747 2308
5030 1497
9544 4724
3579 1328
4684 5056
1345 4569
8233 3503
7746 2596
2273 1333
542 2544
299 3625
2831 3539
9773 341
1866 8355
5649 2057
3472 6820
4365 8430
1475 6094
9954 6484
3911 9305
6061 8808
9911 3909
6044 4559
311 9595
1056 4469
7907 7912
1923 4660
7651 7569
8829 6519
3148 8406
1061 5990
3637 5540
7089 7951
8424 8738
8908 8727
2721 3797
2316 4171
4514 9097
38 4629
5320 2574
7868 7240
7291 7467
8732 1797
2015 419
9401 6492
4583 8711
2034 6727
1614 7343
7990 9363
676 2247
7463 5328
6947 9391
4068 7516
2910 1015
3073 146
8475 1724
2024 5663
4376 9947
5099 8077
2450 6095
4090 1280
6355 7605
336 5656
5602 7018
1623 6560
375 6936
8331 1311
2545 2034
9082 8364
6841 7590
8626 8490
1658 461
7001 44
1352 7317
8332 1337
6667 9904
6214 6296
8113 2733
8892 2003
7239 4297
1530 7115
2875 7091
865 848
7578 9029
6693 6286
5822 4804
9420 817
9883 5443
5805 9362
5702 4177
9914 7371
3171 703
8269 2186
4291 9092
806 3652
1892 4197
5757 3847
6103 5624
9156 9616
4545 9511
4114 979
634 7463
2949 6286
511 5413
1934 9900
9139 5720
8227 6002
5727 7230
804 1627
2845 4194
5516 6570
6977 7565
9492 5433
4192 4900
5388 7093
7432 5369
8854 7436
5943 7408
5953 5985
7961 7672
1520 9226
9022 1308
6405 4796
728 389
4130 4158
1814 5088
5281 1332
7902 1267
6525 9356
6240 4561
6683 9889
3273 3611
235 378
9743 469
8354 3747
1573 3981
80 5573
3512 8432
2153 2909
8984 7941
9215 4636
2164 9149
8481 2894
6820 4254
9830 2749
4412 314
2339 9510
6682 4340
2476 5745
3019 5546
2258 420
8849 6234
4112 7815
9319 6852
3296 8078
7359 6598
483 9846
6564 8171
9681 4640
6364 8604
3706 2487
6122 458
4138 6041
7132 2009
4095 9429
2885 1667
6304 9623
8332 8505
1398 8307
7207 1568
1538 1713
4439 8381
6902 1923
4489 5686
7392 3262
2959 2699
7115 4674
7667 1833
4532 8106
2894 9398
9342 4019
1544 2676
6872 2936
8825 7527
2147 9372
3894 2398
3848 4767
3680 5881
9445 7701
3565 1130
611 1818
1515 7173
5943 4797
1763 2268
3544 8907
5231 4157
6064 8017
117 6562
6141 6708
5552 7734
9890 7351
678 8097
7032 7433
7647 9966
1154 8559
4661 5315
5086 871
7905 6140
3789 1334
584 6363
7310 9137
6129 1943
4845 5507
4887 4497
2107 1775
452 9270
9678 8478
110 8630
3045 8793
9824 3144
1893 3173
9128 5179
1455 3419
2724 4983
7757 5362
4421 9139
5868 5016
6442 9563
269 7570
5639 1834
9165 9230
8118 5377
3982 7748
1904 2459
6721 8050
6388 7268
8052 3257
1243 3743
4386 5790
6133 5478
5273 8004
2333 3257
9161 4572
6410 3765
2950 9920
7581 9601
8487 2677
7019 7577
7566 3999
8012 7317
7003 6000
8004 4256
5969 8020
229 6429
4175 6301
1440 6448
8387 1761
3102 9536
6226 470
3114 4299
8568 109
7322 5408
2269 9826
7459 6725
6338 8720
4635 5551
6599 6341
5844 753
8423 7832
8152 1940
4241 4526
5590 8086
402 2814
5186 1269
3215 5138
4587 4485
2736 1433
7710 3280
4197 9583
5614 6643
7329 9585
5510 8584
321 7030
402 9018
9337 8166
5217 8209
9282 6297
8292 1344
9504 3633
3916 6476
1132 2411
8237 308
8197 432
5902 5504
8773 4328
9226 3028
8058 9196
6853 612
6826 1478
6082 5043
9742 1635
4078 3979
2183 1483
5306 5148
4520 9975
1656 2151
8830 2494
7601 571
5675 9273
8589 4705
8861 9737
2770 2815
6175 7162
4991 6148
6332 9770
3009 2543
2672 1247
7710 9788
6818 7445
669 3653
5010 6365
6658 2847
4414 4920
303 7567
5382 3371
9781 9655
2008 5875
1591 2884
1786 3213
1272 4276
6005 6068
1957 6131
1398 7932
588 227
4319 7367
3251 6737
5754 7669
8830 5569
1583 9928
6093 1273
4986 6539
2191 5923
9613 1001
319 4656
2476 1510
523 1338
4118 5507
750 4376
1373 1847
8684 6367
5955 1180
2093 8643
9881 4950
3972 504
1199 2596
5250 2890
5089 6078
802 1727
3059 1643
3653 5043
3458 739
7755 8403
914 1405
9025 7542
148 9733
1812 6862
9395 8578
3311 653
8384 9439
6263 8502
7312 7489
2264 8743
9252 1285
7935 795
8222 8481
6953 8581
8289 8124
6190 5460
9711 511
6228 8790
3137 1565
3368 4228
4593 5417
869 2646
102 586
7850 9164
887 8659
3774 1679
2802 761
2906 2456
7606 9983
4475 6158
3133 4167
7353 8552
7983 8711
2947 6874
3109 9757
6618 6868
8590 627
3921 8333
7713 5556
7060 6152
6942 1327
2115 9862
1593 2561
2611 1221
5861 9694
2047 9666
4236 4583
9293 997
8187 3118
2223 6344
3888 6467
2638 8093
3417 8505
9829 6236
4898 1147
1662 7700
3412 9141
6868 2926
5071 5358
8762 2505
3711 4774
2108 786
9631 7150
6443 2945
4818 4102
7879 8158
1336 3059
3122 3612
8016 9461
7372 2451
122 135
5005 4404
6612 7445
1180 1538
2484 1127
2827 1288
3147 1565
1381 512
2475 4603
6467 6300
4419 2052
1228 5425
6347 6440
3914 5593
5820 5946
8288 3629
8455 8909
396 6726
9743 268
2387 6833
6488 4157
3200 5394
691 1616
9731 6020
3842 5464
810 2484
7026 5161
5809 7235
3289 6990
4175 4335
8017 3894
2712 4816
2841 1335
8153 4364
3815 8998
4125 4108
772 7922
39 5529
2706 4856
8260 4569
7894 6828
6790 1484
7844 2977
5167 505
1185 2816
4569 6258
9822 2422
1781 4789
464 8556
4976 4956
4251 4953
1677 9398
4460 4714
5493 6847
8157 2905
909 3562
7852 6466
7417 585
4231 1380
234 3749
2098 4396
6941 7837
2551 6726
2446 7215
725 6617
2553 9910
2580 7085
5765 5326
1431 559
8754 716
7410 1887
7590 2637
8463 662
150 9022
5954 3747
4851 4580
9549 7259
8448 1925
541 8508
863 5862
4245 6626
1910 7061
5443 3709
6279 9503
8817 2948
4448 4894
9745 5675
1887 7734
9803 2142
4087 4540
5383 6119
6840 4763
3454 8329
102 7789
6891 8055
1527 1650
5681 8724
4891 8001
2496 5459
9060 2466
7384 256
1950 1425
9259 1931
9923 8279
404 246
4037 8732
2930 1364
5957 9777
6851 3281
641 7818
7561 3162
1682 828
3303 2729
7117 5803
6699 5075
711 8943
3239 4938
8083 9711
9559 4998
9782 9978
6356 349
3337 8514
7353 6989
2161 6699
6915 2227
9509 8234
4838 8495
6894 577
1382 3740
7340 8006
1962 6791
4628 4033
4603 4156
9113 6171
5948 3109
281 4882
2678 9952
9710 6586
5335 7462
7293 5560
143 921
3145 2295
9710 2714
3468 6611
1799 4231
1177 2349
894 7169
1401 1698
9667 1167
3032 955
2072 289
3450 1213
5890 8069
2604 5315
7280 8444
8592 1026
2811 2810
1102 9391
3196 298
1062 5022
4157 7832
9621 2035
1782 8286
5292 6920
1433 4684
4622 8448
1728 6973
842 2570
5707 4085
5784 1494
775 1501
6098 2744
2578 718
2965 6763
7354 9223
8246 4129
2263 7340
566 9645
1746 313
4967 9441
485 6983
8833 6593
9107 9669
9174 3200
4435 8072
4407 5986
6608 2276
136 6761
1283 397
2569 2228
1828 71
3389 2315
8159 8733
2365 8623
4454 2178
89 9953
787 4670
4297 6474
6799 6635
2649 2754
2649 8469
75 7711
6736 1799
7695 2411
4792 7782
3416 4123
1791 4816
197 1563
7614 5652
3303 7417
553 1447
4029 8705
7651 3412
7036 2192
3058 5236
8495 8328
8788 4317
3401 8165
4952 5397
8623 4337
4067 1035
261 4050
8830 307
4439 8803
384 6597
9417 5165
4896 323
6857 9617
6431 5615
4393 5242
4363 8615
2269 605
7612 838
3573 4549
9435 7411
7437 9005
9692 829
5370 9510
55 7705
4982 9957
7444 3650
7048 5093
1966 508
8813 5179
6947 3804
5878 7168
4147 4901
9225 4067
7005 509
5279 4278
6388 9918
4117 7922
7041 4267
6990 1927
3601 1574
391 1119
2453 7503
7554 581
2662 3949
9968 1180
9034 4231
1568 3312
2451 8194
5400 7669
1156 3291
4768 6512
6768 9045
7117 4439
3552 9835
8367 1739
6691 1234
6636 1753
2128 4465
1253 2672
2777 3610
1477 8879
9398 9776
6029 4496
5502 1080
8714 6896
7595 5835
5525 7371
2848 7347
9494 8509
5807 5108
7208 326
5988 3924
5769 7351
5498 7145
8354 4923
9445 2410
31 6743
6653 9002
6963 4006
395 725
6329 7159
8045 6896
5058 1596
6808 3199
7096 5283
5587 7032
4441 2539
2288 5671
5509 988
8696 2846
715 4622
2874 9079
676 3118
3798 6367
4878 2197
5789 6328
536 3894
2101 1654
8673 9103
4259 4931
538 2408
5869 9292
3288 8879
3357 8824
843 4281
6804 6214
8681 8346
6563 8381
8953 6012
8512 7437
1502 7964
6205 4841
1407 9190
9682 2102
6221 0
1920 9545
3763 8058
128 8390
3916 8401
8406 9554
6857 8531
8444 9777
6855 5758
930 5065
7471 8910
4276 1220
7723 7374
3745 9794
5677 6203
5342 4891
1305 1599
3254 360
9688 7469
7844 955
5999 1703
3704 3649
4276 4621
4855 8763
7901 2553
8811 1301
5207 6466
5601 6270
7677 3358
4636 5431
9892 6431
3400 9622
8901 9874
5788 3784
8188 1441
3132 3788
7809 5577
7423 8587
7583 7110
6154 8690
4402 8091
6038 5630
4849 1456
1941 974
303 2165
1238 1915
7300 7624
5530 6000
7841 5483
5370 1123
3718 5797
8023 2508
1315 6496
6614 1201
1 6615
8133 2593
1121 7750
589 4173
5846 1549
3411 5905
3810 2849
6080 8008
9901 1533
4985 8988
5648 2719
5751 8411
5253 6507
7042 848
8873 6596
3061 5531
4422 156
7881 5134
8077 1482
1300 8369
5932 2124
5222 4027
2127 1629
3913 3049
5705 7086
7047 5028
5166 4677
7246 7157
5188 432
3526 9018
6821 2510
6937 6180
1486 1815
3721 4269
8529 3184
4765 3313
1009 2906
3404 5578
2995 128
5440 5030
8721 8611
7340 2458
1750 846
2253 4496
516 2811
3266 4553
2331 7989
5110 4062
8042 6644
2209 1657
7691 4834
292 5287
1474 3740
9047 6832
5264 1419
2843 2100
3489 3248
9476 1761
2912 6091
9098 7496
3121 2278
5759 5753
3671 6617
9718 6039
6808 1349
9092 746
4203 4513
8809 6917
5654 5673
3137 6871
5290 5482
5244 5897
9012 5523
4496 5135
562 6532
2617 4161
4384 2356
4485 5119
24 7231
5296 894
1260 7028
2294 4034
1464 8568
4296 8302
4844 3337
3647 8142
1948 9567
351 905
5111 6079
5417 8274
4947 5291
9046 906
6052 5746
5001 6317
9807 8829
5006 2617
7987 5222
4399 2402
5787 4041
5611 5608
1806 3364
3774 7563
5875 3135
3355 4242
8105 4857
4522 6259
5070 5319
3713 4188
2286 1160
655 2350
9180 2657
1916 1298
1640 7437
8728 3786
7916 8345
6250 2005
4260 2587
2079 6767
6960 6579
9834 4873
6863 9543
939 702
4044 3399
9739 5766
615 4058
2419 6274
5966 5506
3648 2539
4251 8577
617 8600
482 1701
8975 7999
7624 492
9715 9986
7537 6887
9550 7868
5455 627
6067 8952
2963 7250
727 1382
8389 126
1839 8216
3762 5366
9256 4183
9287 4709
1324 5839
4763 9279
2222 9588
6471 3993
2156 9
3850 1263
9338 6433
7071 8019
2622 1222
8779 1738
8129 6254
3393 3920
3701 6848
3080 7460
140 7173
7820 9590
3396 5875
1980 6507
1797 9083
6130 7381
9809 7900
4404 9645
5691 4922
293 8675
5244 461
7951 5803
4395 9696
8958 781
204 1994
6293 6147
4421 9069
7410 549
4447 7657
1949 3212
3553 9824
6954 985
3467 9118
1219 4017
9024 8875
827 1258
7600 4671
4591 579
7851 4705
7118 4776
5083 7963
1912 687
4661 8895
4686 1584
1592 162
599 5878
1909 1476
1229 6893
4906 2369
9360 1799
4412 5675
3025 7162
7670 3087
6716 7579
9387 9908
2915 9494
1405 6445
9847 8597
7146 2645
6832 5045
4721 1822
7525 6723
1093 2886
5298 88
3993 3469
4192 2708
8279 2485
5180 8811
2214 2636
2190 4063
7839 1273
223 8116
583 4543
204 5539
9653 3642
6761 7651
2934 927
3123 2014
3553 674
7358 7748
8466 6656
8128 420
9021 5807
2353 1723
9212 5232
1478 2076
759 1037
1039 9008
1876 823
454 7143
4018 5910
377 8581
7724 1705
6966 6556
4605 1324
6602 9871
5293 8804
9208 1719
1480 6976
5402 5014
4760 4474
5412 300
3843 9589
406 9909
6624 9195
1635 5651
6318 2679
951 9240
563 6895
7093 4947
6430 9780
6584 1318
4499 4008
3942 6647
6441 3397
9919 9253
9021 8809
3289 3951
9994 6277
7613 4513
3638 7634
22 9335
2089 3128
4710 4811
9982 1233
3396 2679
6431 860
8612 6014
8037 3696
4900 7370
9145 9792
4226 873
199 1300
8007 70
3352 6351
8649 4051
7241 4011
713 3476
907 5036
2085 2150
6264 8866
3643 142
4699 1989
189 5756
2604 6342
5039 9168
6252 3216
7229 3076
2163 8701
3907 3961
5187 9367
5076 5497
7247 4263
7229 6814
7111 1346
3669 9302
3354 6027
1531 9440
5553 1186
4556 8822
9481 4176
1723 2967
8427 6989
243 51
5129 3346
5605 9353
1319 2807
8224 9435
9397 3966
2935 6313
8293 3315
6798 9747
7990 5113
5438 7571
4711 1140
9663 603
1619 2980
8205 8689
214 1347
2132 6773
2863 7590
7843 2081
4699 4789
8148 740
157 4204
5415 765
463 4767
5369 6992
2405 485
787 1126
9227 2884
244 245
9624 4307
9045 9623
3405 7071
6309 2653
2388 8064
4150 7553
2489 4260
9831 7976
9411 8088
8734 4647
8076 3301
5544 3313
9504 4618
144 4338
4535 8160
7300 8747
9627 6808
7402 9539
850 2961
3693 6683
2191 4421
4627 3399
1309 4197
8031 8156
3182 2202
6831 5937
2784 257
8446 1689
8933 8327
2182 8869
708 4961
4467 4557
6100 4872
8241 792
6068 1674
2868 6407
4523 4031
9747 839
4928 6174
1230 6962
6648 6823
3241 3844
4574 9592
9138 434
1656 7195
7215 6822
3952 7893
6265 1785
1666 9286
398 2280
9868 8577
2416 4626
1942 2051
7245 1815
4593 4773
9947 6575
9893 134
6546 6622
3007 1050
1687 8150
2099 4812
8324 9516
9888 5823
4240 2335
4033 5114
228 627
9842 5487
9130 8026
1186 8384
7381 3588
4175 1705
4800 3483
9761 742
5326 7177
7710 6965
6765 5121
6379 399
3970 8589
3195 1540
4628 6921
6860 6458
5842 340
765 9063
5779 1607
9177 362
4573 662
9279 7032
2811 7374
2513 8007
9816 6040
845 6958
607 1155
7404 2346
279 2322
4252 394
4977 4612
1669 6486
8365 7974
2127 6095
774 910
548 9541
6232 8742
3994 8609
8048 3090
3519 2898
7521 1715
7287 3931
5008 579
6440 9982
8295 8656
3238 1628
5681 9122
9361 9832
6081 4892
5909 5047
7495 266
3558 6833
6460 8629
9230 6570
6204 4910
4697 8894
3716 1495
6656 8246
3531 7448
3732 9789
7150 1692
357 8836
184 7593
258 9670
365 7147
263 2070
356 6780
7032 3778
2049 5454
723 4605
1431 6173
7552 3504
9224 8519
3762 8477
7285 9081
1220 300
7677 9642
1267 1788
1396 5625
6442 1455
7355 9172
1768 9890
1500 781
7874 7498
8983 6148
5402 1854
6199 6387
3547 5029
1172 7179
2515 2345
8320 3710
2678 3165
2948 2693
2879 8037
4437 1570
1113 4168
9803 8804
3053 2905
1571 575
3146 110
2773 7209
3754 6853
6062 1654
8276 679
2461 4627
7468 4356
3138 7877
48 8916
7520 6353
2484 9189
2564 4837
9513 4508
3415 1015
3605 9420
598 5271
4484 3780
6207 6554
2117 4279
2242 2230
9053 4885
5689 2452
1367 2663
2479 4724
8069 423
1295 4677
3685 7913
371 8516
156 5833
7690 3505
9475 5873
6246 9525
5426 7839
5126 7489
492 2358
7192 7025
7455 8598
1445 2151
3317 1119
4268 4115
5910 1460
1922 7304
4468 7754
5272 2878
5291 3787
8681 8333
9052 6614
3015 9931
7663 6729
1755 319
7264 9315
4350 6896
4310 9184
8182 4365
2261 8517
8853 2496
8027 7911
6874 5784
7079 4611
2605 1422
4435 1479
7105 3071
1343 4041
6779 2900
326 72
8414 6119
1160 2279
7854 7960
8533 1253
1313 6690
3301 493
755 7535
6878 9724
3068 4763
8885 2574
2959 6097
1348 538
6948 5000
8080 6953
7048 5741
3658 8964
8066 9838
1868 8584
8565 6953
229 3328
973 8194
7364 6535
3495 5222
2836 658
1634 9755
5959 3013
929 8388
8587 7157
7393 5740
1746 8857
2213 8652
6229 5546
9048 9196
1649 5114
1577 141
8698 3162
1969 4831
7006 6411
9126 4920
8509 7927
4908 3187
5323 3176
3667 7401
9626 8518
1260 9969
1822 6685
3742 3910
16 779
9539 997
6285 1680
1403 9014
1558 5766
8355 5060
5834 1929
7029 7233
1505 8080
6612 6283
3380 9049
5212 3796
1771 1381
8421 8955
742 7262
2446 5970
3285 6139
488 3374
2308 5589
6368 981
9146 2004
9087 9143
4919 2189
8337 6914
587 1440
9238 548
2229 5328
7500 1168
1477 7379
881 2860
1824 2522
2002 6110
359 5741
2966 4452
2103 6640
3541 74
3193 1809
5778 3921
5879 6582
2270 9278
7682 6518
4793 2149
3143 584
5215 2952
2670 315
1348 5035
6182 7325
4153 5427
7836 6932
4969 8522
739 6009
1194 149
4407 1454
6726 9456
4594 1432
8608 3462
5211 5567
425 2990
5388 7031
2033 728
3950 9046
3572 6206
4187 8086
5699 5999
9871 8384
4280 6832
3563 6060
4913 7001
1097 3516
9975 4729
7780 887
8365 4047
3385 3630
5796 3311
6132 7099
650 8646
4793 5026
9182 1619
651 7626
4071 5680
7909 6310
6346 2031
7438 6094
2153 3889
5500 1885
147 7529
344 2930
3737 4551
2976 3673
2527 1217
5519 2179
106 4015
1536 325
4766 7416
7260 1597
97 4628
8558 6526
8070 3995
5762 6033
80 6988
3683 6358
9784 6301
3898 3004
9858 4161
5381 5580
3216 6225
1857 159
7120 8754
5842 2822
1586 6428
5370 581
5720 4432
9423 8486
1105 9587
9189 7115
6449 9596
9636 6168
8001 5707
540 7359
6684 1761
6510 6935
6666 9762
1552 43
1338 6926
3616 1092
2778 8701
5484 8548
6214 932
9870 3561
8173 657
4742 3959
3809 6508
6195 5715
3411 9061
9975 6937
2432 9973
3900 9522
9423 7885
7919 9107
6209 2815
592 3921
7543 2199
483 4912
2543 4161
8280 5265
1398 9487
2391 6271
8949 8554
2352 7819
11 8751
6348 18
5030 6067
8655 4334
9091 4533
2623 4116
2321 8703
6420 9616
386 3959
4248 3643
2738 3851
3832 4764
634 5945
8594 9600
4002 299
6529 5627
548 7602
7299 3636
5340 8714
5160 6272
2620 5517
1178 1113
9590 6478
4903 9249
2458 7117
272 9513
4286 9279
8271 5028
5513 8611
3562 5807
3431 3770
9753 770
1550 9631
9248 9484
8894 2184
4401 7054
7010 3005
2994 4256
2724 8164
5582 403
6599 6565
8452 2058
1455 4745
8671 6160
5267 6155
292 9112
6904 7876
9891 320
9860 348
9434 229
5328 6388
5480 3541
8558 6784
6389 2779
2152 3152
3441 5527
184 9168
6132 8379
7523 1193
112 7360
3216 7041
6974 577
5142 9933
5991 1678
8586 7139
7961 3530
2945 9942
8692 8079
7854 3104
8002 8031
5336 3599
739 4997
8905 7637
2887 2271
1877 5579
5586 7725
9462 2565
9753 2409
8681 6959
3312 4440
6800 2712
804 4188
6486 8958
5276 5047
123 6314
7749 1312
7880 4124
4895 9515
4728 8511
5430 5541
7967 297
3793 5183
3570 3604
8267 9899
4786 257
7926 1667
1206 4960
881 6654
3740 1019
1754 3029
5001 9881
6228 1406
4013 1292
9052 9255
1627 4405
8468 8459
1209 5898
4322 7656
5714 5157
4853 7304
9767 2620
4336 8553
8309 681
1696 9033
1689 5999
6102 8917
8702 4737
900 1518
1163 7261
8198 255
5651 247
9553 2258
6427 7037
3259 9945
8782 7184
8967 1453
4707 5318
2586 2445
8419 3890
7390 8723
955 8764
3391 4127
950 8813
976 6722
7762 2264
3037 5825
257 7686
8717 3159
7255 7394
4535 5716
8421 6910
1442 883
4702 3033
6320 7309
7673 6547
4627 2887
8963 6383
9109 7317
3352 6007
4577 7815
2499 331
2967 5142
9680 119
343 2994
5864 9010
9206 345
4009 8470
863 1926
8500 9096
4357 650
631 7983
4663 9383
6222 2743
1486 1721
9696 1998
1356 3170
8559 5447
7429 5108
9618 401
4927 1868
2615 7493
331 4243
4165 2931
7522 330
5216 3007
5696 2471
9227 6336
4112 2642
6471 4109
3716 9595
5556 13
2390 4951
7489 4842
9855 5752
6504 4166
8952 4668
5567 2379
2683 4057
7633 9417
6919 2924
8882 9943
6949 7762
7963 1080
985 2272
8892 4229
5078 2921
72 8579
606 834
1103 148
7738 4304
8922 4435
3487 1250
1388 2737
7391 1797
8580 9912
2020 5793
4798 1622
1779 7578
1487 4682
9933 323
4900 9552
3673 9624
203 7532
6410 9104
7518 8687
8335 3667
9387 1982
9811 6529
4584 7660
294 3053
7070 6376
9932 7418
7809 1704
7226 2164
7595 4348
7558 4415
5455 7735
3750 1335
7454 1722
2813 8466
6207 1258
1983 5380
4993 7666
627 8949
3788 1494
6610 3193
9198 976
8122 7930
8320 9285
8298 2969
5680 6800
3832 2348
9668 5757
3715 4952
5401 7189
5380 916
892 4140
7531 2547
2063 8634
7092 9128
6107 4787
9365 2264
9488 1794
7318 2731
3193 1552
2396 5659
336 5611
2732 4280
2374 814
4930 5511
1529 7468
1983 9408
493 2286
8286 7268
5673 3896
4267 8019
4853 9568
9890 8523
1591 1464
7743 6834
9590 1772
5781 2974
9315 8618
6588 5723
8361 4530
2194 1797
9471 4019
1379 2089
3671 7619
9828 6486
8029 1110
2035 4265
821 5367
7634 8795
1238 6563
5591 4446
2067 552
5375 2017
2951 7917
146 2024
9207 6608
8820 811
182 9181
6551 5416
9841 875
4237 5274
6082 5990
2958 9705
6011 2865
928 7673
1395 725
8575 8166
88 2260
3627 1093
534 7037
7616 2066
1990 9696
9961 5680
6347 8840
7641 3109
3656 7474
2939 6232
5061 522
7565 8682
2447 2891
7588 3619
488 9578
8036 495
7390 2015
9553 587
5763 2263
1949 8579
7984 1873
895 9394
1524 9900
7379 7694
8946 2290
911 276
1409 8494
2340 9251
1433 9143
7509 6835
427 7052
8896 8182
9205 2886
595 3502
2804 1042
8649 5607
9063 2471
8626 4198
3391 7472
9016 5107
1350 1614
7789 5736
6603 428
3090 4299
7185 5773
9758 23
8214 4391
4945 9701
5785 3664
8367 8081
8300 4318
4232 9323
6901 7442
7519 3575
528 5756
8516 1150
2783 2733
2518 0
9938 199
5511 4803
3900 3617
2056 2652
3182 1740
8363 6565
4253 384
6643 3806
2930 5063
6482 4240
2934 9969
387 3588
6264 5735
1769 745
7724 8993
6426 4369
1549 8404
1911 7024
2194 7465
4414 5049
2009 2051
428 9892
7262 6296
1788 1935
8522 8433
7651 2171
1640 5951
9726 2964
8872 867
3105 1995
376 2164
9848 2446
1419 8245
8285 7458
1089 7815
4216 9785
7902 8198
2596 8516
9221 2211
551 2078
8892 8845
7194 9006
2295 6760
9776 8480
3781 8170
4562 2326
7429 2112
5093 273
8653 3479
4537 2254
3216 6195
3741 5144
8415 4303
5393 2016
2158 4885
778 7882
9455 2131
7577 5268
7371 1068
6427 4230
5943 3285
1365 6285
2568 3722
5834 3568
6823 4279
3306 2312
8727 2770
8513 8904
9617 3762
739 7120
5192 5201
517 430
9933 1317
164 2689
2766 6378
5499 9374
5567 7518
8846 5557
1474 3218
1281 7241
5973 1303
5914 3146
2862 8043
9410 8125
8697 9380
1098 5175
6432 1928
9903 2082
3538 8706
6855 843
7271 1915
1453 6824
5478 4335
3811 1140
3237 9773
6639 6375
5152 1071
1721 7105
4016 4558
3856 1105
6873 506
4733 8814
9920 1334
7335 7597
6335 4281
7898 2757
3063 2124
6896 796
890 8535
828 2470
3968 7694
1609 9176
7340 8062
1293 3125
3527 8970
3193 2934
9530 1892
555 1750
4023 8593
9539 9049
1738 3148
8156 5769
2360 7791
1327 622
6798 1420
3837 9871
8394 1511
8822 2798
1733 173
564 8582
3641 4708
4651 7629
4648 3299
7050 4236
1917 6384
6663 4098
710 8294
8304 8099
3737 1420
9868 9474
5020 5011
2232 375
577 1216
3896 2362
3496 2774
5759 8375
6727 6084
7398 6580
2617 9608
6556 3018
5126 5321
5894 3879
4916 8601
8741 1282
442 3664
5536 4043
4409 9936
2729 3475
1237 3510
2472 7783
7624 5526
4863 8137
9258 5110
7923 9621
6857 7746
5125 6846
9375 882
967 8880
7142 8053
1044 8334
4837 1240
5786 8625
2101 616
3134 5072
9880 3920
4772 2626
3240 990
8154 237
3521 2526
6823 1997
4665 6827
1003 7406
7237 291
5428 7076
3018 2055
3260 286
3199 3967
8503 8454
4254 129
7704 7231
4149 8184
6473 1777
2040 9929
914 9446
3694 8540
2878 6125
1410 4231
5082 4297
4671 4636
1124 8881
321 1493
8708 2292
3519 440
6841 1199
8680 7414
3351 5641
816 2889
4096 8328
4215 415
8181 4990
8092 8538
5640 4412
7210 8078
1558 913
671 4298
559 7647
1597 9998
6900 8866
8091 9506
4438 9191
4251 2229
7762 8332
8460 2195
608 8421
1554 9157
3815 7246
9923 6918
7472 4552
2317 2042
2790 9601
8320 6391
3027 3552
7756 9920
7853 2806
4847 6274
6640 6800
1245 4930
2101 6053
338 5600
9036 7448
1050 2346
4902 3507
8264 8114
1521 2462
7373 1431
5551 3708
4376 2018
5208 5507
3770 8710
265 9477
6152 1056
5213 5433
7025 9691
4035 9697
837 3434
7771 9626
2169 6586
910 1642
2138 4042
3485 8243
6937 2039
2975 1555
4670 8867
5246 1443
1014 5684
6563 6401
4958 8092
8137 334
6811 1598
5651 1295
6 6017
2049 1718
2230 9745
5329 2379
3281 7655
5499 7126
7712 6598
6934 4145
3656 6716
5756 3834
5100 2597
8995 3099
2143 8353
8866 7098
5310 313
5325 8922
4105 8959
5246 1483
7169 723
5066 1845
7972 2669
8698 9771
1091 8997
2405 9601
7338 9114
6499 613
2229 6116
1227 8578
2734 8183
3770 3628
1900 556
723 1680
2228 6782
8322 8848
2564 7274
3236 3093
7848 9805
2076 4183
6429 1043
3276 9376
2385 7832
7918 3872
2459 5194
8301 728
7030 9252
5516 4741
7898 9795
4750 4349
9091 7690
5303 650
1945 8287
8855 5104
2451 3660
302 3400
5659 8830
7318 757
4427 6063
542 5551
1442 5127
8766 2096
1596 5428
8466 5949
1907 1464
9785 2231
2561 738
7031 90
385 1525
3823 9472
9147 196
7047 1339
1021 4481
8638 2709
8084 6933
6413 8785
8077 9858
3352 3143
6203 792
3728 8363
3631 61
7619 8667
7238 3705
2385 1225
5630 3299
3267 3178
3756 7225
2808 352
7491 2905
1621 9426
1599 6646
5588 8688
7956 7632
6117 4400
7879 1322
467 4040
2113 6643
8696 2185
690 5923
6135 1745
2496 3055
5594 5225
3313 7260
5571 7886
9393 1658
4929 303
5418 9479
2922 7756
2865 259
1995 2607
1167 4883
7349 3916
3796 5314
5854 3591
5110 3910
922 8257
5547 8102
5235 8703
604 1301
8038 1308
4010 7042
3163 2986
7117 6131
7359 2740
8762 6691
8880 9149
1558 2458
3874 3560
2012 5744
7409 4833
5199 5345
6350 485
5305 264
1296 5187
6786 1336
7502 5695
4374 6880
9473 3963
792 144
2815 4547
8618 9584
2278 7719
3903 2503
6775 4312
5735 339
6437 4412
4462 5798
363 3678
7711 8259
3455 5380
73 444
4321 5243
6607 5472
9987 3967
4344 6348
6148 8200
9414 6581
1304 1665
6062 2728
2846 3758
2064 9561
2250 4909
8007 149
1280 3323
9597 9051
2996 9831
7084 3085
7634 8869
7567 7532
8919 6135
673 5675
6343 9856
9905 7383
5356 3159
3334 6486
9510 6453
9923 905
4083 903
2169 3880
2098 3204
4342 7490
6992 1748
5139 3156
5968 8969
8020 7535
4207 9524
7261 4894
8603 3842
4886 6444
3881 6962
9268 6950
9618 157
5013 5166
3931 2863
6060 6634
161 1899
6768 7887
1482 6831
3947 1025
3535 4479
5846 4671
8045 649
3914 6271
6270 5597
9870 2119
7077 3135
7367 7367
1752 8696
376 1260
697 6759
8907 3626
4118 9667
1219 6846
467 3326
7643 3936
9040 9927
6819 9085
3020 176
8703 9265
5868 4489
9687 6515
5315 1245
209 9340
5500 5601
2137 8613
7996 4977
9604 6377
5968 3922
9789 7213
3489 2306
7460 4619
7617 4640
6457 2645
7424 4891
2353 5789
4229 8578
8442 5438
3125 8316
5640 1688
9164 4125
7277 6122
7287 9693
6809 6487
3655 9950
6486 9439
4756 2379
5611 518
1096 7614
9173 9091
2949 5245
5995 7745
8146 5197
6942 3118
2480 2780
678 5767
6820 4221
2989 1107
5238 5951
4240 6586
8729 6970
7416 7254
8845 5285
4267 1007
9538 4469
9875 7347
5391 6859
3680 4501
2512 2234
4465 561
5 6452
5499 9419
1758 5660
3510 4619
9055 4361
4686 2759
1801 7528
9593 1615
6388 3207
3040 8876
2135 4927
8713 5181
1110 7425
69 3585
4998 9789
1831 181
7970 8630
5908 9906
2280 5738
6213 5846
7121 4924
7658 3633
8956 8756
1984 6986
4071 3350
2519 2218
8809 5321
7595 2741
4446 8401
4109 3193
9348 3034
4704 6299
744 9005
5831 1902
823 1938
5989 5073
3725 2717
3439 5149
4309 4263
7311 6268
542 6955
6923 5748
1968 1761
9837 5770
1890 7564
5390 8321
2971 1294
4233 7965
479 548
3251 5329
8709 2084
6457 9877
3454 1021
8229 2548
4067 6060
1105 2653
5590 6285
7732 8865
6519 6201
3006 2164
3790 3745
6774 495
1711 3754
4034 1641
3126 556
3701 1412
6576 3348
1692 2208
4827 9682
7917 5041
6693 7304
7018 1829
371 7415
6909 262
8687 8859
1228 73
2434 5763
3788 3359
6726 2252
3281 5684
9993 6005
2642 4290
5587 1639
5864 4500
9043 1021
1141 311
1245 2876
472 4755
3067 2190
4638 9234
2123 2640
4586 6691
591 5318
7577 1005
5788 4203
8336 4748
5216 2151
7886 1699
3429 6388
6458 3974
8538 5806
4453 7996
4763 2361
2446 7029
5099 4176
9549 4651
6541 475
3443 4359
3065 8625
3683 8020
2986 213
7079 873
1593 7710
8607 6656
7052 6179
4592 1880
4417 1709
28 135
1049 2531
6870 238
6132 2295
8222 8715
3901 4640
1330 6975
2748 4637
3073 5771
767 4463
6857 2030
2897 4693
7565 8286
3609 814
9239 4887
9154 7372
3035 8537
6224 1251
903 2735
9967 3875
2513 4905
7394 7591
8137 7719
7175 1084
9676 4712
7199 6090
1480 3999
184 2654
8114 6523
6234 9710
306 913
5178 6365
4036 572
6263 6476
6088 5318
2725 8148
8283 6686
7883 8037
7960 8443
4177 6612
2683 6225
6541 8063
3004 6001
1698 6679
7607 3865
8081 4292
3461 2578
673 7506
2923 3761
106 1417
9601 8184
6774 6121
9654 592
303 2393
8286 9072
8241 1722
1672 2730
8823 9844
3757 9249
5416 5867
8362 161
8437 4838
7047 5244
7181 5887
8632 256
6313 1110
7913 8776
6561 9219
4279 8177
8033 9198
7791 2425
8077 2963
7427 7775
5318 6381
7764 5335
7683 6465
7471 8344
6686 2626
7578 7885
4830 1581
1278 4860
2504 3650
5102 261
6459 7798
7540 641
8070 9908
8178 9014
3207 5009
417 7314
2126 2192
8644 8613
2037 7137
3861 9061
5870 1349
3295 8544
1227 7675
5921 4494
72 3243
8878 8045
9369 9277
6798 1197
1883 4631
1875 1786
3952 5614
9290 1357
9531 9174
4787 9884
5313 442
3530 9241
9573 3150
6454 3905
2168 7107
2282 4238
2036 8168
7388 394
9119 7559
6196 1220
4087 5682
252 5372
4802 1638
29 3527
5039 5881
3213 44
2427 7611
626 1253
4486 2934
6723 6656
738 1085
3114 8740
1007 9087
4278 2661
2655 5459
4785 6561
8074 6113
7489 2450
2614 4946
202 4392
3854 9184
2718 2453
2224 3794
6751 5905
1557 3437
4376 3922
5735 2016
6232 8305
276 8045
159 5314
273 5618
1490 7215
6182 4709
6899 842
4073 8957
5296 6184
3350 6198
1218 1794
9005 7881
6701 5534
8962 7129
7609 6177
5488 488
6401 5553
8708 6423
438 1470
9922 6303
2961 5917
6780 173
7280 3220
6063 2305
8999 3701
5732 8366
8103 5421
8992 2364
7289 9061
738 1206
5196 7880
1197 8771
6150 8011
7794 8726
8570 15
2921 6624
2634 8519
1141 4419
1150 6827
3332 8525
4838 424
3735 5002
8999 5506
9585 8134
1278 6379
7061 8287
4583 5517
1373 3372
3209 7702
1242 1186
9067 1650
8435 352
5028 1492
6834 3410
7656 3420
491 6675
3381 6206
5361 2050
6840 4855
7300 545
7668 2411
3852 3558
1390 5495
332 9134
7216 699
7418 9868
9181 2291
5397 710
8130 4957
3652 2047
5895 1718
3291 8595
8876 4888
4919 4691
2636 1832
3267 2287
2159 9904
7472 9511
1098 9246
3364 4764
6616 3021
7094 4108
2829 9591
8506 1549
1911 8699
1410 540
9211 183
858 291
6451 1257
1036 6410
8563 2853
3106 2104
5799 1583
3711 4590
5412 3969
8618 5312
7735 4625
2037 3511
4633 4154
2156 3754
3478 4040
8641 6040
521 3344
4118 2279
47 8037
3934 353
6534 2273
2056 5538
2367 7558
6724 3295
546 7545
4560 4999
6281 7098
9285 7478
6356 2435
5852 6642
5336 514
2965 9159
1876 4483
102 4808
2680 6596
4498 696
1996 5470
9510 5930
5233 13
1672 1186
578 7389
7802 8890
4567 5844
5469 6566
9422 1288
2164 4421
3153 9243
4141 1512
7667 5418
9366 7031
4356 1729
1744 1397
8348 9609
7860 4240
592 7847
8585 6240
7973 459
4874 5487
6094 3965
706 9740
3849 6264
7192 4232
3503 7180
5440 5723
3296 2198
8399 9853
1575 9559
3606 2621
1696 5102
1052 2212
7413 7785
4971 7850
5809 6055
5341 9880
145 7906
7536 4577
3037 5367
1928 8940
1052 2988
4617 8431
9204 2305
8866 5407
7140 8340
4669 5829
6139 6034
5033 6050
4868 5174
2352 975
9004 9656
3349 1607
6581 9121
8489 9678
1193 4454
729 6811
4932 160
4536 4729
8814 7072
7610 8355
5206 9650
3986 315
3196 5951
4037 1416
2477 2022
2913 4726
9905 2816
2157 8005
7160 1308
9477 3061
5515 488
199 7945
1980 4316
4426 9154
6248 3959
7411 8260
3560 6452
125 3915
4410 6389
3855 3789
4350 8954
133 4271
259 8357
8120 1603
8374 6006
7837 3363
561 5366
1643 163
1384 9751
6965 4130
3631 2021
5757 9838
6740 6391
2345 31
5425 2736
8371 1748
7736 9611
3537 6991
9969 2705
4154 493
9975 3989
4830 9242
2881 9310
3053 9638
6231 226
2925 5887
7842 5826
5094 5985
4861 6433
1032 3872
6469 9572
3869 4827
3781 1769
1461 5483
4682 2758
4009 2740
1181 2678
7981 8068
2651 169
7510 4112
3150 8398
2366 2657
9290 8215
2124 8821
1218 1034
7395 4455
1486 3575
5101 1833
1857 9529
5386 1461
7749 4247
2813 4894
1267 5692
9999 5673
1175 9173
6744 8853
57 7856
1964 8710
2850 2113
328 4990
5768 6578
1618 177
5520 5802
7623 9811
692 8731
3693 3428
6339 4767
2067 9152
1331 7932
1442 3514
9 8877
745 43
2062 8063
2356 4260
6822 8679
3971 6533
5135 4703
7326 1132
8154 210
8576 5964
9956 8759
6274 7692
7433 7749
8425 706
8219 9644
6152 9937
5565 9568
8703 9327
2395 3001
2184 2973
428 8746
5640 7399
9606 5209
5135 8179
2839 6998
8595 3770
6858 8573
643 338
1017 1184
8903 694
9058 1867
8457 7743
1836 6942
6163 4805
3661 2178
8730 9707
8126 7961
9735 7402
7632 1538
5800 1364
2768 3743
155 4461
5143 3199
5697 615
386 3221
9537 7746
2592 4873
3258 5042
8773 4410
2720 4169
8958 2044
6426 1974
6985 1618
3000 2679
6137 5454
7470 8021
1496 9143
4217 2591
9822 9224
6861 2983
372 296
229 2550
4216 7600
3277 909
5355 680
7916 8761
5013 7215
9997 3389
9310 3825
6872 4151
7671 2140
5884 1853
4514 7142
8551 6931
7557 720
2175 2473
8383 5005
9219 6968
2703 1805
4760 6336
4816 2907
3011 8996
7326 1788
4200 8306
8375 6526
9221 2638
1300 3097
7101 5995
6009 899
9406 2402
9671 334
7366 2505
5312 4678
2199 422
4037 6811
8337 8884
3028 1945
9942 862
10 2773
4867 6767
8174 4242
9949 7460
44 8347
8047 2852
2551 4398
2768 3261
9314 4759
288 1554
8719 4512
1682 5035
1120 8191
3146 7157
6389 8957
7241 125
1914 8496
5122 6244
2588 7127
1805 7686
9534 8954
1304 5353
8910 8056
3921 8316
722 4149
2961 6891
2575 3040
2824 9636
2762 7632
1535 5631
7087 6231
2711 6656
1841 9739
6678 6627
2464 8711
2987 6722
5640 2963
6439 5061
9102 4282
4596 2487
4396 3056
8356 700
7180 5764
8919 1237
2406 6192
9083 7834
2810 1675
9461 6928
9834 5651
8205 2708
2498 9402
6610 3039
3096 7757
7292 2919
4083 9524
217 5226
2801 4175
5605 8804
5068 4122
7046 8756
7260 5026
9086 8925
5838 7420
2600 1003
422 1839
602 5682
9178 9766
3962 9196
7622 8938
8587 9733
3555 6232
7225 2563
2668 84
8207 3511
7825 685
6387 95
6258 2952
593 1640
5237 5855
7719 3553
9600 7816
1952 4525
7303 4494
1004 7562
5397 867
7773 8189
2626 1706
3926 800
8532 2920
7972 8803
940 9742
7656 9041
8055 2662
8687 6262
5389 4057
4413 7862
2071 240
9037 3608
195 8177
6003 9565
3066 559
6678 5606
5838 1002
7764 9208
1511 2228
813 1712
5727 473
5229 2320
1683 1967
7330 4522
43 690
4206 4810
2769 2916
3665 9049
2899 2870
6310 5735
5635 64
8440 3529
7512 8991
6936 589
9061 2487
8525 1352
7403 7576
4999 9926
9489 3348
7297 412
5271 1900
2290 3358
3067 5229
8059 5151
6398 704
4273 132
6789 6640
3621 8808
1352 2423
9231 9357
8734 7173
50 6221
4532 927
1919 8514
8135 9058
6175 3830
331 9632
9672 3707
5964 6007
4095 5120
6536 9913
3317 8443
790 405
2618 508
3553 639
6633 8475
2958 1238
5835 6048
7989 5035
7 4493
4011 316
6774 5591
5260 8958
6559 8792
5179 6249
8221 8031
3429 169
580 5711
7917 377
4324 2764
41 8121
9968 6072
8447 8600
2284 9600
454 6690
4265 7135
4256 7665
6354 2114
8830 116
655 7279
6890 2415
4501 6345
3260 3296
8544 1039
3523 1568
1245 9502
1520 8066
1780 9317
445 9959
824 2742
8528 1829
3123 8464
6749 106
9283 3355
6053 5360
380 6956
2429 1332
4640 9298
7672 5923
1942 3068
178 9702
741 1884
6813 8984
3508 8898
2212 4029
4733 4898
6045 3121
8871 3386
5583 9422
2524 6692
5395 5704
6121 6484
1272 8489
6791 4671
3455 7581
6350 6081
9811 2347
5223 3546
1332 9923
8401 6508
7210 6015
118 9454
9264 1839
5535 3245
6799 9482
7822 8673
9749 9566
8394 4043
5005 8965
7686 4795
7837 5693
914 8281
5702 6076
603 4288
7223 6071
3269 7797
2634 551
7660 2240
6903 4933
1113 518
2310 3117
3234 3319
3275 2893
193 4880
3195 7975
9754 264
6548 2749
9136 1143
5431 3137
4283 6357
5858 9356
9263 3450
250 5408
2629 346
3201 6031
7162 5276
5705 6363
523 1972
8362 3929
4959 2159
5597 3146
2132 3292
2114 437
1841 388
6167 3613
1600 4304
9747 2453
5066 8813
2310 8579
2804 1238
9209 8545
1298 4161
7478 5759
4850 6528
48 2671
4020 1282
4696 9385
4451 706
7388 6343
7445 6797
5573 183
8729 8316
6367 2952
7325 2125
6309 592
455 4798
7267 6226
199 4876
5280 4917
1867 3262
4217 3216
7834 2494
850 7299
9732 9580
7294 6698
677 4753
3647 9964
7730 6872
6430 1600
2269 7472
8106 1806
7632 3344
482 8143
6851 5471
5958 7602
2241 2137
2504 4120
4272 8829
7345 8966
729 830
9023 9954
3585 3086
4828 9977
1197 1803
9878 2765
6933 6124
9774 1777
8014 9057
6304 1249
8465 6559
2351 7076
6154 2489
9826 8601
4156 3906
9291 9206
1528 4549
3536 4877
9296 3501
532 8930
6510 3765
5643 9284
2681 9580
6136 2728
3707 9860
3012 9756
6225 1185
3664 8717
9523 8579
859 2623
2742 35
3390 4924
5660 9742
9444 4908
3089 6335
6387 3715
5088 7532
2395 6800
1796 2744
4351 9224
1884 112
6319 9923
1534 3540
5984 1259
9509 9114
5536 9284
9915 5934
8355 4306
2917 8476
2218 2288
1543 8831
6967 6675
2681 3800
8627 2054
985 56
6557 1934
1208 9219
6734 8650
8465 5779
9065 5497
3523 2512
8222 4376
3252 3804
7061 8884
4184 5699
9969 3955
7795 5377
349 1187
8098 9683
1323 600
5415 2611
6797 1450
905 8561
7377 2060
3655 577
9046 2040
4444 3643
2258 7232
7917 5337
5982 9750
6819 5769
3704 3306
2657 1756
3809 8703
7051 3823
6001 9385
199 1348
4962 8643
8793 30
3987 7575
5231 4868
256 5268
9576 7238
1587 9828
3968 6557
3259 8216
2056 6306
7985 9707
1112 7341
8463 5244
5625 398
5018 9555
1440 8718
7096 6627
9885 4480
6730 4548
2057 8623
2750 4231
1969 757
9366 6770
92 370
3769 2421
3090 9740
6000 7406
1187 7420
5563 9978
4943 8748
7059 6472
7904 131
5204 3171
2727 3044
6314 6914
509 788
2788 8890
4987 2268
295 7116
163 2520
2723 4492
8488 5056
4909 9275
5355 4982
5304 1241
9613 1833
6210 8311
1967 8222
9956 4195
9651 9250
9812 1833
785 7817
9646 7061
2520 9170
347 5205
2531 4089
2046 5193
7927 1940
8834 9273
7785 9587
166 721
5536 4415
8912 8805
9308 2223
4848 6709
2621 7453
610 504
9783 3577
5471 4118
9175 8557
1844 6213
6502 7646
3802 2016
8907 3225
2395 5285
1857 3993
1791 127
7525 7643
8201 5962
4142 5933
4743 242
8727 5114
5110 5869
2421 9602
9823 7216
3730 7838
8390 9995
8692 3148
7666 4823
8196 7202
8062 5851
953 4343
5958 6625
4113 568
6290 490
7288 6873
453 1406
1073 6041
7462 4498
2731 2201
2575 8717
805 5472
8944 1017
4682 3118
2359 1490
1778 3837
3174 3908
2331 2059
7663 6163
6828 1061
3436 8185
2010 8747
3403 2072
5995 7155
6710 4344
4237 8223
6310 1554
6708 4192
5587 4971
5029 4038
415 1974
2554 4769
1680 4535
8002 6501
6063 2157
5207 6230
9276 894
5592 6308
8835 6659
5360 4242
2603 432
1242 5867
6345 2113
3892 4237
5960 3565
3723 6075
1812 7195
2522 1432
1768 7411
147 2344
7487 2516
8056 2633
5646 5051
2041 9953
5437 3931
1578 282
2711 8442
3247 489
841 4434
3472 2855
7885 9541
1899 7779
1909 94
5340 7610
8336 5476
2621 311
3266 8332
6435 1590
1642 7313
6461 4499
5599 2361
2611 6139
3835 7819
810 4717
309 6716
7607 1771
3927 9833
3964 7515
4673 1930
881 2650
2565 1907
7086 4265
8505 7903
1002 7028
7415 6257
2234 2807
3527 9225
1684 390
9901 8180
174 9854
1171 8874
2123 1
6856 1361
277 4762
2773 6217
7437 2909
971 3389
716 1099
187 6196
5059 1006
4619 6901
890 3693
8967 951
2489 2702
9233 5106
4932 3630
2952 9194
5476 5361
8419 8457
6447 9201
8805 6658
3118 6495
6104 2910
5415 2372
2636 6493
5169 7555
4491 9356
9193 8196
845 1281
7766 9988
2020 3650
115 7095
7253 9481
1120 4724
5503 9064
9237 4007
2265 1692
5706 7491
9063 4301
9641 2578
7995 2424
583 5273
5319 5331
2137 5011
8487 5790
7923 3856
9068 5124
2121 5459
7788 6119
1828 4101
8701 9492
5240 61
9642 7287
270 3016
4941 680
9377 8583
5800 29
7231 5443
7904 4796
4039 9396
2147 6333
8528 4706
4051 7688
5145 8902
7570 1382
1986 15
2173 2822
9112 2668
201 9357
3521 3285
9718 9435
8202 9225
8680 5777
8119 2064
6608 1456
218 9756
6164 5062
6922 9529
3278 6919
1127 5991
4259 2020
5334 4248
707 9807
9604 4715
7862 2790
1488 1184
6754 3301
4509 6318
2228 8746
6576 4454
2713 5883
3462 1389
1932 7244
4786 7210
8370 4842
9441 5952
8414 9015
4677 4038
5713 731
1738 208
7278 7913
1911 2867
2045 8708
4137 7872
3817 7094
539 8043
4135 4250
1432 3275
8668 1694
2123 3246
5195 3506
9250 6501
1583 7686
2994 8404
7260 6449
7604 2976
1646 6742
2713 3294
979 756
1089 3328
3894 5630
7051 5768
7822 7016
6314 8703
2359 7853
2445 433
2114 3794
9908 243
9547 837
5606 5171
5325 4603
5555 4830
9648 7070
527 6400
3507 8965
4329 3156
2883 9504
4330 6036
691 9763
5695 4337
4116 6929
9933 3899
9981 5613
3002 2447
1494 7611
3407 1722
456 5509
8235 9520
6295 8963
1747 2483
3957 81
5400 1333
2086 5878
503 8409
817 2119
7904 1511
8299 828
2555 2733
991 7290
1046 8059
3608 1524
7592 7405
6157 2662
5395 2228
6435 359
5762 7029
2462 8744
4625 3578
4245 3355
9864 6422
3682 264
8272 6233
9628 6782
2373 6022
4091 4923
3333 1795
4640 8038
972 4614
9154 4292
9000 7095
6629 119
3141 2946
4466 2158
2683 2678
6965 5097
5385 7818
9808 4460
1667 8778
5930 4059
7563 9103
3864 2702
602 3680
772 1352
7188 5303
2727 3950
5397 952
7001 7315
2802 7185
9143 8822
8876 8812
5511 2099
3050 6689
1352 4097
5958 2906
9651 6730
3887 3988
5485 3931
7322 4345
8539 6209
9560 322
2200 1798
2765 6090
8066 3482
22 7128
8571 3252
2489 2005
1165 2359
2039 282
8708 5203
6209 288
1296 2054
7102 4708
1480 8877
1584 5589
600 6941
3079 3562
6158 8622
8776 1829
3063 6684
651 9954
569 5899
3971 7039
3420 2287
5782 3499
3320 4997
9505 8643
1561 6716
8461 5459
8891 7179
2182 1086
8320 2874
7794 665
7923 5451
1321 7639
1215 1172
1204 4861
6597 5911
1667 4846
8946 5308
9727 3418
4921 5978
2282 9716
576 9070
5403 418
5201 5548
8211 5151
2133 9757
8173 5309
4387 5783
5437 6537
3042 8905
348 1923
7034 9679
6004 7729
5596 9006
899 5139
3455 801
3638 9461
97 9063
7145 476
2214 5589
5147 7065
2938 3537
3292 372
6216 7176
3037 4263
563 6149
6454 3413
6739 5066
9573 923
9946 3873
1587 1311
5914 6528
6770 6411
7408 219
5289 4952
5071 139
8898 8323
8959 9286
8520 8283
8697 5284
4826 9399
8172 7149
7934 2595
3557 972
9254 83
5273 28
5514 4228
9751 7512
1915 7149
8702 1438
3281 5199
2495 9515
4127 9340
4929 8917
7008 9441
6541 5780
4258 8742
283 4756
6448 4958
1226 7732
8673 847
4152 9288
7160 1345
2401 6906
6054 3841
6440 7547
4991 7737
3398 3356
3100 491
6920 644
7101 8637
840 6810
5678 2048
6828 2888
9047 4647
5205 8444
4749 5415
7573 8909
8591 6844
5743 488
4055 3113
6738 3787
5868 2840
3189 4818
1902 5259
1352 7028
8145 7642
2445 442
425 6198
2684 848
7120 8947
1595 9723
6584 7708
148 4961
4818 7519
1308 652
5712 518
4085 2947
7088 7426
7101 6138
9052 651
507 5841
4620 9823
6427 9356
5435 4218
8567 6640
168 4218
1725 5529
8043 3004
8099 3013
6273 5241
4180 1524
8490 545
9980 9796
2283 6752
7018 6727
9778 5552
9829 5139
7595 208
1170 653
7235 786
8943 6564
5705 3927
4762 1898
3704 777
4944 4750
1796 631
982 7182
3245 8969
2045 2142
2539 135
6482 1533
6013 1987
7730 2271
6545 7560
2557 199
7929 9465
8344 1332
1829 6604
1400 7944
9953 3833
3024 1137
3553 4496
6615 8533
6874 169
7987 4709
6898 1520
3253 1840
2515 3532
2969 4889
8345 9965
4767 9617
9003 6858
2956 1547
1249 1060
1032 1899
4532 157
8752 6598
9192 40
5574 9347
731 572
3573 3455
5203 8281
8735 2987
5726 5299
1438 1107
4623 7022
3773 9619
5201 8799
4901 3013
5973 5401
1807 2651
866 2536
4988 2882
4007 6620
5973 6672
2463 4716
4835 1772
3493 1583
8310 1973
3369 1276
4572 549
4632 2673
6604 4319
360 2754
9472 1093
2173 6857
8933 1875
208 5849
7769 9860
1487 2956
2614 7094
2737 2673
4262 1898
3242 4258
9951 1850
7769 9655
4323 3052
2270 5235
8128 5841
7189 4981
8015 575
5842 6482
5875 7674
1929 6179
169 723
9941 9598
527 6442
8596 6088
3600 8254
6293 6994
124 9015
1080 3556
2969 1044
3852 8829
667 2373
7957 911
3475 3585
3208 2000
2497 3718
6166 2653
7504 9617
8329 9622
683 9888
2038 1730
9358 6633
3542 3690
5442 7769
7053 4861
7898 3782
2625 314
8981 1315
1804 319
6597 5045
9007 5492
4681 4361
8243 5949
8566 9010
9125 3867
1596 761
7523 9224
6939 5972
2466 3187
7701 1195
6924 5874
2614 4267
8343 3172
8290 6975
5203 5616
3616 6745
7874 2317
3188 5777
4901 3912
1836 3660
2227 4012
9271 6378
2361 7646
5343 9846
6552 2268
8846 8805
4157 2068
3540 8084
8066 7723
3538 6483
4769 5310
8463 7403
5310 561
8471 7707
7453 8280
3242 960
5725 7122
5961 617
8828 7350
7609 9392
5520 2528
4621 8471
5795 9323
3739 5419
3430 7358
3168 7063
5021 5215
352 1561
9831 6841
3590 2924
3389 1737
503 3832
5324 2920
9446 4276
9395 4406
4283 508
4458 2034
6437 9617
4832 4793
148 5047
2122 2223
4259 2848
9734 680
673 486
2290 5769
7246 494
9678 961
6146 7761
7380 7936
5611 831
9432 4223
723 8821
2614 7535
8243 6191
2528 3415
3540 9035
8336 3055
7879 7454
4553 7606
3716 9553
478 4093
1081 6579
602 2931
3332 6602
4767 1961
6566 6901
9958 6927
1622 786
6139 2084
8829 581
9260 6197
2600 7360
8477 4585
3503 1761
3024 8601
5607 4002
8410 4036
2942 3144
4356 4765
8410 9155
2803 9603
6090 6494
1502 7000
6343 3522
3890 2693
4614 8008
705 8877
9464 9123
5959 5456
4215 5896
3523 1004
9339 8136
8811 787
7960 4035
1307 4250
3574 4226
4386 896
1730 5699
7431 2988
7914 5745
1951 1597
1675 7223
603 6854
235 2423
765 3389
9282 3782
3544 977
6784 336
700 1286
6289 6328
2201 9799
6828 4570
6503 6544
6410 1307
4319 716
5454 6048
6236 1792
9654 7208
9532 6418
1243 929
840 3110
1177 9585
9414 4730
7729 8941
9479 1866
6082 6909
5554 6377
5031 7145
478 9347
4112 4770
3536 5013
5778 136
162 8101
2824 2183
4595 6402
6308 6996
3 8689
400 2041
9670 6517
4227 7736
1547 6291
9722 811
2952 5948
6389 8172
4347 5620
6779 9425
6405 3250
1760 9926
3080 8609
5734 3056
1659 4354
4145 2848
6633 8766
4258 33
7241 5781
9736 5059
7996 5345
2854 5673
582 21
5559 646
8548 2457
6645 1636
1253 8817
1152 7851
7921 9489
8258 6878
3557 7406
7835 8082
675 2790
5231 1075
2787 2446
7231 8237
6936 9166
352 7308
1172 5788
9469 4403
7530 3197
893 9101
6865 940
5612 906
1786 6991
2695 9422
4460 2467
4294 461
2865 4526
8694 7085
4506 9770
5198 4447
1578 5424
2943 9968
2535 274
4974 3281
9743 1722
6936 2682
3910 5667
479 7442
9794 3841
7114 2657
6630 4559
4420 3830
1847 70
8973 909
9306 6471
8474 8362
5624 1995
8255 7699
8185 6917
6668 5301
417 9906
9430 9116
3841 5225
2192 888
4954 7715
2072 5286
120 3477
7624 2067
8900 4008
3867 4463
2498 9528
5651 3003
3638 5169
3902 7491
6283 5688
6064 5444
727 3094
3206 2058
6597 8707
2072 9102
2372 8792
680 2126
9039 8629
6974 2987
700 7795
901 4733
7884 1032
1431 3026
2568 3498
350 5827
2781 8044
3371 6451
8615 7106
7184 8475
8321 2081
9009 7556
9571 2942
2449 7101
7680 8073
2815 1981
6338 8526
5359 1615
9255 5744
8081 4320
5274 6610
3403 8901
505 3677
496 9531
4899 5732
9052 5698
6147 4187
2080 4406
8408 7862
526 1871
3868 8822
7278 1265
9375 4709
4566 998
632 3566
6985 3306
5807 5033
4722 1429
8946 1151
8260 9770
3286 4554
5654 7285
2833 5089
4811 7861
990 2762
2527 7227
771 470
6464 5904
3609 2352
5656 6694
4454 9266
5902 4972
4370 7907
1940 3504
3509 3186
2595 2357
8691 8525
7414 3090
1014 9667
3396 3748
8278 3767
2230 8669
5357 1867
9228 1720
7845 6237
2737 6747
5504 9967
2044 6918
1259 1682
2088 8571
6034 6784
221 6386
9740 3952
9340 6807
6519 1729
4009 3519
4709 5617
3101 9266
4228 4426
3043 2435
5323 8413
6427 4825
1284 2273
2304 4073
4682 7407
9413 1392
2998 4749
2688 1308
6068 7517
7084 5889
6082 1162
1619 2625
7411 4717
8065 5777
1200 294
2586 6616
6601 645
1835 4752
6685 1127
8502 933
8320 6154
7325 3911
829 4796
9710 8980
2885 3922
2190 1170
4560 5538
4963 666
3522 3558
2600 9658
8611 6786
2958 8766
6937 9352
9410 9248
4252 8853
5558 2304
9425 4679
7926 4804
8026 4823
2182 6180
7530 3467
6594 7830
4257 2278
2139 6412
6652 5484
3903 8377
7225 5448
656 126
5418 1288
821 7451
3981 5076
9522 9635
6497 3229
251 605
7065 3404
759 9167
1097 6960
6454 6771
3133 4592
5135 2260
8295 7599
2120 230
4790 2496
2533 7774
2732 9876
6190 4919
9419 1665
3005 8507
3876 4272
8233 5528
6110 1733
5 9986
9209 1086
5844 4366
1944 9532
1601 8700
5818 6610
898 4242
9374 6237
3201 5855
4784 5847
8139 4059
5862 6037
8359 5970
6725 3448
1490 5002
5680 8028
7328 7043
6809 4840
5452 7100
1428 3007
6008 4908
4084 1536
6805 1976
2012 831
6876 7395
6631 5860
5532 4324
5858 2170
1142 4706
6757 8084
3724 9352
2961 6901
5782 2803
2457 9872
1365 4351
9794 3183
1002 163
7025 3368
1373 8827
2243 8891
6146 6222
3073 5843
6828 7707
3619 8492
5621 4749
8227 4035
8002 6467
863 2743
6895 396
4982 9753
7937 264
3605 6378
9171 4074
2029 1328
5560 7397
5054 9363
8829 8556
2192 1939
7011 6867
9866 2895
649 2956
3690 4541
6750 8261
6576 595
3168 2156
4860 3589
8017 9792
3404 7797
450 8710
910 9629
6490 1131
8442 5736
3144 629
2611 1283
5941 348
7222 751
4423 3122
9104 3177
6065 8360
5689 621
4973 7258
8087 1385
8377 9216
921 5817
8896 1420
3379 3633
8504 3870
5490 8514
2467 888
5011 4423
3618 3819
7309 6743
4808 1000
8860 9595
7427 6657
7040 1754
7343 9769
7970 7028
6944 1531
4682 3077
223 5930
7289 6499
9517 9447
6512 1390
8657 3078
558 608
7074 5678
5104 945
3444 5208
2919 4625
1597 9570
9229 1448
8987 7681
7682 5265
3166 5282
6684 6552
979 3414
4597 6514
2419 4534
3609 9385
9474 4763
3766 5709
1018 7724
565 5858
5895 2838
7730 117
5112 2939
8396 3332
8759 2957
7898 6647
3428 6382
4289 7117
4388 1510
7768 4362
8654 4229
900 2978
8274 2439
7141 6006
2560 5746
290 1259
4703 1172
5715 4205
4669 4088
7733 8476
8319 8204
3046 4469
708 4984
437 7037
7022 1097
9992 1209
3897 4685
8336 717
816 7432
7066 1753
4295 7719
5922 2381
2005 9980
122 9916
7838 310
1135 3655
6367 1364
7599 273
7475 2470
8162 9813
4325 1867
7178 6173
4770 4608
4864 4692
6799 817
9089 3555
6340 1903
3343 7330
8632 5074
7195 6858
9480 1073
2256 7937
9657 465
9985 5080
6766 7927
1118 5649
2417 1245
7778 8822
8852 2283
4880 1092
4193 5567
2995 3434
3959 1943
5803 3002
9763 3056
3580 221
739 1208
7308 1500
6582 9131
1082 4163
956 883
2632 7188
943 4356
996 4505
6232 2635
1330 9907
1086 5358
5194 1112
3708 7566
1208 2235
3487 3054
1073 1505
2584 2144
9305 3474
7767 6757
8687 9514
9692 1310
4931 3211
5855 6836
7457 8447
6090 4232
3197 2682
2951 5420
8805 8087
693 4293
3561 1282
3092 2026
4618 7143
4820 8034
2498 3959
7973 9662
8029 4157
9103 8632
5639 258
6745 4560
2332 5084
8775 7946
8396 2386
2261 5089
6046 2038
2820 4942
4982 4227
9680 4860
9150 4278
7637 3326
6392 3525
6512 5087
3019 3749
9714 8165
388 1159
8360 8129
6649 3640
9378 6089
2268 8863
3761 5353
6947 2217
8014 8871
9880 7058
3232 2030
6586 1654
2820 8382
6290 7413
6958 2967
5035 267
1570 7597
9878 5924
81 2791
9145 735
74 4317
4814 2767
7937 6953
9550 3461
2567 9840
8286 2524
81 8244
1450 2982
4375 6561
8392 5028
8285 2369
1428 5406
175 1842
376 6622
635 3250
5415 7162
5394 3895
2228 2639
1777 2275
733 7665
7798 6878
7131 8703
8058 1638
6227 5072
2084 2624
4945 6191
435 2238
790 9903
4851 8455
5409 1164
6459 7061
7065 1114
7407 7339
1629 4392
306 4577
6672 278
2547 8162
2291 7829
4757 632
1905 7117
8829 5344
8262 1047
8711 2827
1629 8778
1354 3235
4203 1984
3274 5462
5967 1493
2469 2395
6617 8836
7525 3815
5995 1278
4175 1250
8977 4531
1074 5580
4913 9575
6581 1030
4473 4226
9621 3657
6280 4758
9489 839
4933 2446
902 8463
4186 9763
105 9735
1396 3261
1663 8380
6044 879
2315 2197
603 4092
3668 1874
5919 5638
6863 7244
6292 5346
9695 8358
9739 7616
6504 6215
1540 3713
3806 8777
50 9605
5025 3768
7309 7945
2164 2890
1631 6691
8845 9933
9854 8415
1315 5334
4780 7590
9927 8793
8084 6546
3000 3064
8964 5845
4393 7903
3103 4081
3115 2115
5215 9929
5932 1731
4107 6634
9544 5094
3874 9570
8684 5738
8071 1042
8975 3170
537 2319
8041 1954
2856 4816
7243 9648
6701 255
2627 2051
1015 7257
2329 5999
8999 1754
872 6458
6252 9725
2525 6219
3339 8636
8626 9973
1413 1718
4605 5169
2316 5034
7491 6621
9801 5976
8487 9182
8764 5253
6921 9847
4659 9973
4212 2372
9109 7547
4746 8999
5505 9148
1174 6539
1294 854
5512 8487
8187 9689
2537 1974
9611 1945
6643 8370
6401 7466
4813 6557
139 758
2368 9198
5138 2962
4795 8406
2677 6346
2908 4095
7656 6611
7290 8745
3619 9938
6199 627
7443 1226
1565 6089
8595 5706
3042 4835
1940 1099
498 6605
3994 5195
5259 3797
429 330
4164 6107
4093 7555
3778 2520
6570 1751
3756 8580
5498 9343
9336 6072
9845 294
3343 3645
9955 7554
8145 8428
5442 1281
6185 8046
1116 5260
7643 4577
3452 2518
4100 5563
5275 2962
4270 5710
5887 4825
5840 7291
5364 9874
5183 2815
1903 7516
8982 1828
8939 7524
130 3162
3640 1774
96 8484
3928 5801
9765 7646
2548 9951
7619 1216
9873 3160
1231 1302
7274 5034
4610 1130
9684 3588
9334 367
2939 7514
3517 1942
8706 3856
9557 1260
8181 7749
1106 5492
7390 3891
5234 2664
8076 604
1621 4373
1398 5481
6782 4547
3917 9079
8411 2173
9776 1793
9787 4224
2710 2459
743 4000
2703 5523
3168 5948
793 8963
6949 3970
2382 3968
7493 9779
7860 7436
8405 6221
694 5771
3063 336
1378 5932
8700 9181
9788 6535
110 6578
45 7332
6635 7226
1910 2713
7649 5493
5701 4190
2052 8147
2850 6998
5308 1493
1104 9709
2711 2958
1955 1827
5545 4288
2409 1088
8002 182
2469 7846
8074 9165
5042 7591
6889 8869
5097 1462
4153 2599
6170 1182
2487 2810
8924 1765
4469 8275
912 6517
6157 9
7377 8621
3115 7258
899 696
5218 2034
388 6665
6718 9451
3306 7208
4603 8005
3129 6268
3983 5031
7694 8329
9728 8383
3066 7670
7426 9754
9322 6290
5021 7890
649 2383
5495 6422
1397 1620
3799 7408
1052 3380
2374 6000
120 1642
8304 6107
5748 5018
5724 469
1020 7754
4325 614
7035 3201
6018 7835
8256 1772
9971 9669
1055 5922
9132 9671
8856 44
1234 9134
9996 1680
1878 2994
1141 1243
1959 4271
5203 3703
14 61
7512 5617
2899 8513
5387 3480
648 2255
8194 7138
7410 354
876 8460
4128 8625
1701 469
2042 2794
5545 3559
6811 7858
2686 3606
2815 6213
1625 5959
8117 4190
8279 9253
2895 6643
3581 9096
1329 1948
7406 2460
7286 8763
4373 1414
9161 955
8311 5397
5317 2598
2363 1218
2719 8754
8201 6291
7492 6324
7937 4513
9071 5141
1246 8130
8243 1597
8856 3238
9466 926
9510 741
3828 7081
2664 8664
7067 4063
3683 9441
8662 2757
9362 7918
7032 1307
3268 4878
9507 7133
7706 2616
8373 8674
8825 592
6964 3613
8962 8934
8509 7762
6721 5350
4552 202
3084 6482
2518 5292
3916 5021
3727 1661
4039 3058
2687 6332
8890 1621
4770 8717
480 7891
5946 7554
4637 248
718 9496
7527 1818
314 1235
607 5196
4962 8376
2231 1349
8976 8028
7239 1319
2979 3885
3014 461
4742 6435
4035 997
5539 5694
6070 8101
2274 9424
830 5967
4832 9536
3737 984
3547 8639
1965 5889
1756 7478
4349 7155
1632 8963
2582 7295
282 5620
7514 6001
5006 6052
3334 1268
5557 5614
410 199
1696 3474
7713 9137
391 6670
1572 2003
6900 1333
8795 9738
727 7098
1945 9591
3575 3682
1634 5415
7369 3660
617 2764
1823 9078
4206 379
6172 8799
893 9775
4474 951
962 5078
4718 2682
109 4008
1225 229
5375 7737
393 6258
7121 6422
9078 1016
78 232
3677 3993
4817 1565
3549 6687
3688 76
8605 9136
1096 6859
8980 366
9025 893
1178 1926
7811 6742
121 8201
1037 3006
807 9229
7545 99
4635 5982
7938 7729
7317 4786
8492 3576
926 7832
6030 8523
5765 6037
3169 8437
1766 4773
3794 6433
1292 4773
380 859
9953 6932
8091 2429
4222 485
1939 7493
9606 4724
2249 7113
4564 8354
3230 6799
478 2743
3354 23
6626 7352
3567 2087
3488 9842
5666 2964
2019 4979
5237 2238
3472 4946
5181 5638
5173 1875
4418 6407
3398 7151
4009 5020
5889 5749
9717 3450
1380 463
6644 2067
5764 5028
2918 1474
7720 3530
4716 8773
5728 3338
904 9442
2331 572
4139 4787
1362 6742
6114 4436
1046 4477
4000 5761
6460 222
8237 5183
6485 447
9478 4864
5132 3282
1428 870
7866 5122
9461 9896
4197 5459
9131 6798
9339 1678
6353 2961
1068 274
2736 5125
1069 9656
7288 4528
4455 2164
6441 7344
6894 1970
570 5373
2703 4541
4143 8369
8062 5892
7454 8133
967 3302
9665 4053
7598 4214
649 8078
5827 9170
2582 6844
9905 9457
3975 7727
6710 3128
7214 5937
4860 4839
1876 7371
3708 9466
5774 3848
8400 4743
5219 3010
4266 1196
1699 4613
8982 9123
9845 2921
4733 7070
1149 2856
2744 2428
1101 7553
2154 1032
7822 7265
4548 5901
7803 1198
193 7557
7657 6068
6474 1760
5393 8346
5904 8119
586 5123
9962 5079
559 5810
5381 1250
6649 9732
5686 8523
7179 1153
7333 2966
493 322
7289 7559
3319 2865
6586 4811
6466 4555
7186 7362
8788 4203
7587 9220
2105 552
4470 5900
8524 3029
8957 1124
4525 3596
4738 6671
1170 9791
5310 8143
4972 1877
6172 2606
1167 1793
5380 5368
983 5477
7607 5648
7500 2684
8839 9831
7695 8580
2888 8858
5272 6507
3664 1215
2790 7753
3994 5515
7067 7460
1215 5590
6300 5841
4731 6903
2616 5063
8640 9005
6009 2196
7242 6581
5346 5121
9729 3198
5596 6761
1485 8867
197 2256
7978 5145
8880 6090
3517 2044
6511 1390
8694 7546
353 5724
8887 6229
8821 1285
8587 4780
6555 7859
6152 25
705 8888
9069 322
5321 2423
2754 3414
9969 8894
4162 189
44 1288
1994 6224
3017 4525
2284 2852
4076 7152
3631 1860
7612 5753
5614 7121
2020 4428
9273 8647
9161 435
4972 1500
425 4911
4158 6229
4179 6894
7664 7399
4302 7228
1727 1523
5354 2775
116 5814
649 330
3369 4222
3081 3900
9147 754
4730 7357
5562 4813
8426 6931
4643 2365
7042 6828
6741 3514
9633 9408
7008 5378
5077 7333
6312 1234
6164 5721
5301 8802
7988 1148
7030 7669
3363 8068
8542 6539
1296 2141
2957 4553
5162 5530
899 9289
2824 7011
3535 4031
7569 4573
8625 2456
6717 7317
6481 9759
4271 2523
9485 54
3233 4766
1413 6364
1243 1759
7415 1710
3631 2515
240 9111
7418 7274
975 8979
545 6010
9519 2226
4240 2997
3891 7725
9900 3356
6634 8102
6820 3575
1799 151
1556 5301
3568 315
9145 2028
5516 5345
207 6938
2999 437
5907 1002
3423 2548
5775 8531
8544 5087
4722 9149
5875 8159
7063 9390
8138 6580
5498 4737
6262 9882
2592 0
9556 1050
9769 3318
4209 7841
8180 9983
9007 4444
6037 7122
1336 3881
2083 8143
2605 3327
8048 821
7898 192
4565 541
8376 4710
1876 5839
5573 822
1530 257
9546 1966
6133 4375
9696 4055
5776 5885
745 2343
5336 3429
8770 587
555 1551
2409 8746
8972 2186
3643 2191
6711 6052
1657 5666
1314 1264
1107 3677
9896 9607
2391 3449
4585 6240
8411 8920
2826 4707
5384 483
3793 9392
6744 4046
5864 7631
8651 6148
4769 4946
1621 1850
6987 8701
813 4157
1082 6642
7559 8143
3724 3138
9475 5927
1324 5331
4221 4162
7681 5969
1252 7794
4135 6607
6455 7877
8396 6399
6698 5036
1441 382
2296 1821
8352 2185
8861 3056
3169 7959
1088 5142
1674 4204
3435 1734
8871 1750
6399 5967
573 9207
6011 5135
3569 5943
6877 3362
1118 890
3792 6881
3324 4417
3486 3104
9417 5825
2826 9638
2711 43
6864 9471
1407 4559
5780 4160
5015 1625
3111 4338
5140 9366
4454 2396
4854 6279
2254 5680
3162 5391
9362 8763
937 4402
6029 6347
9836 1060
5747 7436
2346 6302
7728 6761
9902 1025
9714 8680
1512 2768
4058 821
8690 5063
998 5984
432 3974
7068 1263
5419 7529
294 5168
2342 5572
6559 1891
5118 2145
4738 1304
1428 6508
7913 3435
9992 8992
4229 4185
3155 6359
9798 6299
1022 3203
3415 8521
1225 8511
7362 5084
1890 4853
4855 3209
4726 269
3328 5949
5733 445
4062 5963
9842 5332
4095 5697
5082 7930
7947 7818
7108 1397
639 9486
968 1425
1908 7383
5531 4715
1448 4434
1103 4621
7692 9037
2266 4356
4487 4210
5091 9755
2330 3126
9970 7944
8106 4845
5890 6922
8335 3816
1511 8384
7737 5305
2972 2750
9132 6700
7146 2810
6632 5737
4915 8538
1736 5854
2342 8887
1966 8462
7093 4970
1837 8356
382 3467
6650 8263
5944 7870
7807 9754
3391 9148
9023 8703
2359 7185
7511 9244
6847 3427
7495 3081
1515 3863
2154 2352
3215 7112
4027 3625
7252 6980
1031 6041
3654 4421
2002 5527
3694 102
7201 3144
327 237
1089 3828
9505 8636
2855 8940
7757 4989
5642 2869
7692 1343
8716 810
3226 256
8977 9585
7239 6641
6719 9573
1315 4085
4949 3523
6790 1745
4136 792
1079 4248
3269 5762
6100 7023
2487 8568
6735 6375
4547 1124
2091 7327
9876 9488
8597 3338
666 4641
5792 2379
6993 3848
3494 2105
6428 2340
8817 8056
396 9101
8680 4167
6944 7091
201 9643
6620 8819
6412 1398
5940 8070
8967 7318
1585 9159
2309 5678
5464 7208
6121 348
7794 5562
3831 4519
7845 9182
8440 3612
2136 6909
1866 5751
5191 1033
9220 8214
567 3741
7209 3807
8555 8023
1772 2390
2563 395
1931 5597
1414 6377
5414 3302
6862 705
9886 7268
2627 2404
6054 5298
99 9522
4674 6599
7499 296
3110 1744
1862 3474
3879 5418
372 9650
5192 418
5912 4240
6172 6285
331 7598
3918 3988
5785 5466
7633 8394
3963 7531
6085 5860
1825 1660
2055 1429
8709 4238
3004 4279
3765 5348
2947 3511
3115 7916
7401 1713
2590 2408
2554 3256
6660 9287
4264 4171
4700 984
7782 9151
7239 8410
930 7186
5356 281
9465 3529
8649 9751
3570 1436
3007 223
4727 6685
6717 8332
732 9326
9774 8070
4714 558
624 258
1321 4395
7374 9590
6117 1578
7094 8821
1961 8334
6191 3697
9905 5992
8218 196
8655 4112
4538 566
631 5533
6139 5834
1522 4666
3524 8117
52 7250
2375 8320
3943 3291
3392 1548
7673 3216
5968 3179
1149 8027
153 1022
9407 2286
7125 2138
6752 1879
8648 5167
249 5008
3980 1971
357 7107
7611 9219
3544 3504
854 3535
1804 5835
377 7595
8262 3414
3214 1801
4791 8963
6854 4508
4824 6707
383 4788
8687 7870
1792 1275
1056 4774
8597 9539
2219 4903
2015 4021
1261 1254
6376 1447
7695 1525
9262 421
6011 8600
6857 6506
529 2723
4555 9210
8222 1852
8558 7817
7680 2306
772 9144
3496 6783
1836 5206
648 5535
4619 6263
3126 4611
1094 8784
8087 9256
6337 4661
9966 9110
1445 8259
2724 8054
9546 6443
1537 492
1578 9046
930 7651
7340 6338
3807 9847
5292 4998
8274 1562
9270 5165
636 5600
2707 7372
1525 3095
8680 3445
2095 3457
1100 8670
6849 8328
5795 7095
5941 169
8823 6117
8565 1717
2639 1351
4268 1929
6332 5955
9313 2279
1798 4277
4585 42
3610 4422
2000 3079
9226 5808
8887 640
8586 6894
1917 9093
2123 3971
3629 663
159 8211
1340 6317
9035 4463
873 7629
6376 6145
5234 2927
6989 8037
6715 934
5635 9631
6577 7494
7775 2634
8557 5725
9253 2341
2272 7765
1608 7128
9764 8609
8039 8115
2081 8776
3587 4934
1911 3831
5859 9093
7061 5186
6119 5010
9579 5951
6138 77
8823 8526
2664 2842
2436 4973
1875 5595
6327 7530
6282 4452
9718 1384
4159 8851
8941 1979
3846 7998
8124 6834
4350 3063
7557 1043
5965 4696
4382 5625
6909 4186
9842 5340
1246 4006
2635 5085
9034 8910
2931 9579
6063 2451
5519 385
5655 3043
8933 330
8616 4487
3997 9539
1067 8780
7102 9732
3106 6268
5525 1267
5333 5703
9748 3666
39 9454
4090 1978
9033 4420
7332 1021
5584 1622
9646 730
976 1133
8318 9878
1884 6348
6059 9383
2055 4528
6741 6685
6700 5003
396 1318
6744 3851
6512 5417
1950 1517
3484 3836
6011 7125
7851 5211
2542 4703
6035 5971
3063 5549
7622 8572
4759 3999
4653 5576
3645 6325
634 4647
187 5424
9209 5938
6495 3822
5534 5620
9111 3772
5794 4987
949 5514
6453 6124
5533 6438
1634 1608
5734 882
5476 8099
9863 7467
5394 7311
880 6089
9481 8795
2401 6909
2565 2314
5175 1155
5699 9185
5983 6119
7098 4251
8924 9846
701 8908
7526 4289
8547 2059
1519 7254
6667 6910
9533 4812
7875 6247
7788 467
284 8055
4529 1803
3618 1590
9792 733
2675 1479
4163 4935
9971 4977
3743 5277
8999 8188
4459 7191
6987 7439
9498 756
9653 2885
5695 6380
4800 4639
3091 8077
307 4627
2707 8801
4244 8629
5242 4924
1051 2435
1199 6850
2571 9595
9760 7580
9868 7369
3070 132
6683 5481
1310 783
3049 9342
2557 6986
3954 3592
1528 2597
6047 2499
6738 4931
769 657
94 9672
5902 8380
5828 6343
8221 8261
8569 5044
8745 5221
8864 8074
4166 1274
3881 2328
165 4602
9885 5093
2240 2230
6595 4042
179 3443
3014 9665
9897 1238
8337 4378
7304 1646
9003 178
6499 6693
6556 3186
4718 2690
7413 4147
5387 9423
1640 1104
5328 2367
5317 9968
6694 2773
6944 242
2085 8500
303 2636
4595 4119
951 1801
9168 3044
524 7307
4960 3669
2579 9139
6301 7723
8484 4101
3570 2699
50 3413
7830 873
3703 2915
8792 1629
5313 9953
5424 1856
6254 7294
6023 4541
4660 6129
7545 4951
2153 8381
5853 4336
2061 1519
2305 2903
9947 7796
8048 3938
1958 7789
9133 7119
3729 295
1095 8483
5670 8918
6248 108
7390 9589
2002 9968
7607 7787
7580 3147
3855 1760
568 5174
9093 3903
1788 602
6660 2846
3176 6012
8792 164
2692 93
2876 907
6156 9768
6017 4971
8282 4697
8380 5605
3219 4585
206 7151
709 2849
1752 5941
5730 202
5831 8680
3900 5828
7976 9163
9185 9479
6845 3524
8329 5896
3673 2713
4845 5825
7268 8695
6162 2874
1553 3945
5621 9292
3408 8809
1130 1839
7967 4990
1454 5708
1613 9778
7547 3180
3429 9328
8214 2397
1494 2432
3926 3195
551 7951
4731 9924
6460 2818
1443 6268
5615 8560
8436 9496
52 7376
4659 9753
1352 432
5060 5946
7229 3172
7922 7592
5647 1158
6558 5865
8171 1698
4628 129
4121 8452
5926 2517
1142 458
4671 9635
1532 7760
1770 1911
6435 5906
9792 9914
2891 9156
2495 1666
678 5128
3949 7956
5555 3065
1206 2321
5170 2719
6858 3875
6697 7159
9149 2571
5017 5773
5356 118
1638 482
4672 740
3608 4258
6596 5439
6671 9763
8525 1611
7929 6660
5681 7367
6565 7907
247 6509
1917 2381
7988 5725
3720 2737
6572 9880
7717 382
6988 4423
8663 4202
3088 4484
9729 6837
1720 5745
466 488
4482 6831
9814 776
8385 5038
5657 7096
5403 6947
7965 8546
2047 6572
5818 8064
3303 1066
7681 8978
2103 1044
796 5984
9890 1381
4673 3688
4202 7156
2546 9512
7895 1412
7184 8993
5180 1153
4068 1207
3349 4563
3099 2314
7616 239
5735 1852
5423 2785
9388 8321
3400 3183
9866 223
3868 8752
4555 7499
4050 4418
261 626
9484 3545
5719 1672
997 3218
8652 7700
9450 3897
2231 4684
5302 6707
5641 2579
9106 703
8890 9101
9757 4919
3818 6125
8183 1562
9449 3806
8708 7933
7646 2213
3969 4059
1568 2492
7910 3069
8421 8454
1230 2721
4450 9876
2853 2210
6810 4818
5708 2792
2235 3626
9548 584
636 7957
8169 6141
6988 3906
6542 2835
5620 9070
5944 5731
3719 4161
4853 2270
9443 3385
3387 2677
1614 6959
939 735
4824 8519
7131 2594
5335 1232
8321 2541
2256 5761
7327 6227
570 3682
5617 8646
2944 2932
5458 1098
3069 6735
90 1023
1996 7543
9618 2710
7255 1053
61 3740
2081 2237
9401 7841
539 5465
9271 3547
9907 6632
6053 3565
3071 4240
4912 974
2425 4306
5163 1178
9421 3943
7656 7554
2389 7978
4724 6871
8019 1054
1759 7945
2568 4221
2877 9761
4756 3622
6714 3297
2668 9553
6191 6951
6839 441
2817 928
4571 3899
2860 2734
3887 2043
3181 8432
2643 8504
2992 6170
4911 9516
2963 5464
8686 2148
5844 2049
6394 9328
1548 4850
3468 7325
241 5639
337 3008
600 4122
8049 7851
6727 6647
2520 4281
9205 357
5306 2632
1884 1492
5872 4331
498 4852
6367 8850
8199 1147
4233 2788
3447 4663
1627 4451
8103 7573
1789 5045
4213 6964
642 5523
8414 5364
6646 6211
2440 4971
2230 736
1322 5510
1747 169
4858 388
3582 9290
1663 1013
1825 9329
7578 3756
5326 3436
2873 6665
7075 4315
2912 7887
8861 5553
5925 4345
1824 5189
6608 333
3986 6492
710 6049
2925 9644
8971 3102
1856 7351
3896 6658
9608 4374
3603 2551
3931 7088
4923 5793
2158 8199
131 4071
7793 2513
8039 6750
5680 2349
291 2860
5962 9003
3497 7160
1268 8356
8336 9495
4257 4571
2366 7699
4949 6958
1444 6526
9576 3797
160 2132
2694 574
7734 7753
9291 1751
9654 3162
9308 8857
2962 8840
4522 5475
6050 2742
8912 2841
4866 7534
1053 6184
8551 7427
3268 9953
9775 9820
5481 5475
8038 6330
1515 8586
1308 6751
8755 7406
3580 954
4992 1778
1418 6132
7174 2322
1556 9945
9093 75
6975 3935
7575 2487
8573 4248
1958 1839
2095 9886
1657 5640
4390 8254
4926 8472
1201 9537
635 3522
816 8359
2887 2375
4297 8393
2757 1896
7372 6126
7199 8014
8238 9730
8972 8869
7218 5556
7323 772
5115 2949
7635 9880
6617 3331
395 6642
496 3258
9997 4011
7158 3537
3609 7596
4609 8627
8130 8223
5749 5487
5844 9328
6818 3869
5452 3598
6740 5805
6475 690
2637 4863
6212 9489
3534 8688
3743 1680
3250 4452
2796 7249
4555 8297
2298 4853
3298 9539
9891 8902
4315 5905
8192 4966
1655 6951
3919 5930
9846 751
1082 5579
4375 7627
8964 2982
8824 6493
9855 9656
181 9774
6822 6122
7550 2978
7330 6114
9815 893
503 6364
9403 7461
4501 1668
7104 8256
1407 167
9764 6297
3067 1520
440 1398
7720 1244
6609 796
2445 5235
6457 2651
3999 5201
1225 4274
4510 3444
9431 1907
8609 8237
8888 2680
8542 1492
7423 1172
7691 4299
5823 5912
5229 7160
3349 6934
887 9680
6784 2433
7146 1835
4587 6225
4975 9018
8375 8477
7214 9035
1943 3621
636 8181
3429 7590
2701 6855
2368 2848
6796 7449
8630 7297
6867 2985
5256 9244
2391 5286
2923 7062
1468 9864
8028 7895
5255 8269
4084 2033
8844 3006
6162 9433
1337 1578
4523 4988
7991 1003
9680 6512
858 3464
4758 3190
5848 7642
4385 5375
8150 8498
6531 9178
3216 3540
8613 6515
1495 8477
8165 5563
2468 8695
2419 2221
3535 8399
6879 791
6232 9460
9677 6254
7654 4425
5471 726
2345 9476
6173 7226
3580 1200
8525 4387
7796 6615
6316 4357
9457 6724
779 1612
9258 712
9395 6267
5848 9429
9634 5542
7539 3165
2444 2141
1666 2034
5621 3294
3595 9389
7199 1346
2301 1808
4194 2492
9517 4597
4597 8164
7213 342
8232 8707
6512 8086
1435 1951
873 1549
4323 7224
2911 3872
1834 5694
810 3067
5121 5187
106 231
436 8266
2089 3031
5717 9238
857 6899
8005 5686
782 2978
9846 5059
6826 6391
3664 5478
8201 8227
4145 1258
317 8512
2699 8218
2593 7296
8890 1459
4131 8737
7209 8821
3558 9803
3622 9135
5385 3679
6441 2218
3286 9579
8390 9849
4021 5916
6734 5778
224 4149
874 4384
6734 1323
2061 6748
4228 3550
8110 982
3833 125
4945 3443
2545 4601
9662 1066
3567 8121
9559 426
3190 1200
3392 191
3017 8010
2348 2809
8432 3211
5920 2206
4088 3748
4797 9048
9469 156
7074 7251
4167 3324
1770 2311
6373 9802
9602 4820
4221 5299
9806 1925
7974 3639
8345 604
5813 6378
2348 798
8494 9562
5214 3599
4538 2632
3095 7348
2781 410
8439 3596
3963 7907
5675 1044
9668 677
1155 5205
211 4896
3115 2626
8217 5543
5448 9496
7649 2677
571 2654
8553 1567
1796 7285
7056 6557
7376 370
5641 1870
7701 9326
3664 489
1710 4930
3231 134
9889 2441
2073 5504
3050 1416
1817 8617
606 7191
9126 1626
6850 3126
4236 113
5244 2183
3461 6513
266 2138
9187 4249
9683 176
5668 6254
6427 7557
7030 7176
9851 1460
9062 7926
4739 2078
1475 4834
3230 1031
7864 5415
2690 8796
402 7948
9481 9690
8774 3524
7617 8304
282 7649
7279 7946
5518 913
8140 6451
9667 5261
6383 8622
6868 9452
1585 4632
2196 7927
2702 4179
8231 7215
8584 6910
3404 7935
4788 520
6190 945
7530 2387
2191 4134
9086 6849
4530 2425
9616 6132
5206 6442
6675 5062
5256 582
4157 145
8159 6506
1277 9251
5262 9940
409 3279
1917 5998
3010 445
9839 2297
9757 3398
3519 6717
4042 9294
2001 3218
5634 6431
7240 9989
9772 8450
3035 6520
902 6562
3518 519
1254 9664
9849 682
9061 5900
4189 7479
9799 3117
6633 931
8516 961
2796 3566
5758 9861
9655 493
5607 261
9955 8239
4468 7401
2058 2832
5691 2937
2920 7879
8498 882
3133 7532
6221 857
2868 6997
1018 8671
6406 5304
111 1824
1583 3982
7380 7984
6926 6419
4264 9881
7118 8296
1099 2128
4257 5545
8299 2129
8185 1278
4538 7425
3743 289
9757 4246
9370 4905
8847 8694
2708 7793
2150 5683
55 3086
4305 5451
477 977
9804 6210
7415 3177
4368 6040
4032 9139
2193 2491
5919 3144
7421 2694
4906 931
9334 4174
501 1178
7228 3256
544 993
9118 6346
8870 3965
838 3502
6770 5835
3748 7133
7582 403
7546 6053
324 2038
468 8388
8707 9894
3347 4871
8239 1787
1594 1904
6045 8637
1104 5578
8263 9612
1628 7676
7722 5320
1038 4830
8937 2697
4172 6632
7329 8593
4747 9570
3762 5551
9599 7346
8286 5394
9304 370
4877 7599
1775 5473
264 8079
6462 8660
1804 6874
9433 8624
8798 4309
3705 82
418 830
6166 5493
4235 2233
2453 2384
8248 8328
5090 7298
2246 2738
532 8509
6130 4158
6089 5836
2818 2461
1262 8466
8813 7446
6643 4181
2112 8028
4210 3834
150 1922
9932 2063
9209 2918
1234 1559
4824 7499
9579 1567
2130 3170
4494 3436
6497 5064
8066 3190
9050 5436
8561 8221
5587 3716
2080 2452
2818 1511
3435 1981
9153 6680
5822 8776
2448 5444
3994 5177
4247 7351
2770 1755
419 4720
7318 703
3089 9802
7024 988
6076 210
9660 8994
7719 5975
9718 4546
8409 2161
6674 4500
7033 1519
8153 6972
5549 3287
2257 3119
597 1550
6752 2445
5688 4951
178 561
1804 3508
6040 6025
3667 6079
7874 7830
293 5740
2911 354
114 5545
9248 9925
7032 2866
7041 6316
3644 4159
7718 2298
742 6936
1520 1159
1266 956
5692 2254
357 5418
3945 4639
7326 1932
3596 3557
7344 612
6070 4236
2132 7949
7110 7364
796 2950
1068 5089
8405 6498
5724 6663
9767 8521
4942 2081
3795 9896
6532 8470
1614 3651
6533 6832
2775 8243
850 2852
8367 5404
1446 2292
2743 5307
3374 1035
4367 6903
3150 1069
814 2508
1983 1012
7418 1675
9020 9633
8398 7482
489 6733
8116 9347
357 5328
4577 4516
7254 9680
5739 5573
647 2820
7117 9345
9018 6193
8104 6883
5764 3029
7130 6735
2865 992
6225 314
9976 4691
6002 4271
1553 2476
9992 4749
2037 8744
517 2394
6963 6363
6908 3490
5707 4106
8923 7192
3232 8419
9691 1814
2852 5225
1106 7123
6647 2061
2491 4892
8218 3064
6477 6469
3217 658
3867 4995
9215 5228
9747 8420
3492 7399
3764 7620
3655 6559
2191 1052
7640 9456
9951 9396
8764 7411
4050 4633
5671 6583
3677 6999
8011 7106
6934 950
460 3861
9672 2289
8343 3653
342 5008
2507 633
3944 8513
3013 658
2213 6876
1173 3308
7401 1337
2608 4222
7168 3338
2090 3374
5113 4901
8219 4394
2241 4419
7847 8678
9532 8760
6339 4362
6419 3553
140 2741
8722 3370
251 7523
2872 2164
2 1401
8951 4908
5005 3062
6974 611
4159 554
5792 3143
1690 3938
7966 2959
8288 5413
8843 3426
1521 1353
2682 2394
8598 2675
4505 1569
1804 3770
9498 471
5375 9121
561 1771
3794 3276
5076 9305
5537 2872
4215 9931
3299 4495
9853 3637
6211 6362
9986 6000
2557 5568
664 6156
7189 5946
3638 6955
9044 2492
1537 3152
8267 7700
9146 9511
8629 4472
8909 9411
1945 2932
7940 100
355 5862
8921 3203
6010 2253
5670 8353
2096 1794
1602 7669
4478 2557
8186 7375
1679 5549
6715 2315
8437 352
8935 498
7387 4049
5740 6151
7753 5060
3594 2336
3066 2557
8608 7020
7244 4385
8587 7195
6430 6011
3233 9817
3920 417
8187 1291
6447 6032
4562 1411
1934 4784
8199 8933
6231 5228
5024 7140
2666 4702
5271 9624
6091 6712
4706 6940
6704 6215
2733 5757
6348 4924
3367 5129
1103 3460
7817 397
9223 8626
2780 5683
194 1798
4481 7299
1207 457
2139 6096
8457 5703
1305 9226
1946 642
354 416
1860 2443
4561 5778
385 4804
6274 559
1986 1207
889 6259
8749 2509
7553 7465
7138 4466
7172 3910
7258 3034
7898 9881
9762 6695
8585 9666
3886 2815
9468 9445
6208 7079
8110 743
1762 5711
2653 9342
4556 3514
3990 8251
7521 4922
3 955
2608 5863
841 9040
7781 4573
5616 1627
1318 5172
6780 1786
6379 1324
5076 7614
9013 3004
4358 2988
5547 4100
4079 6949
2758 4932
3058 7026
1993 6795
93 1523
6309 9060
8788 3407
5181 8390
3219 9209
6646 1083
257 6283
524 190
6324 7592
9444 9807
5890 9045
5149 3645
4073 9987
645 162
9666 4367
1543 85
4801 9695
4401 6868
5407 9170
2458 1208
9630 9756
8060 3007
7142 2886
7883 5444
6368 1076
5535 621
3858 7190
3210 4347
7397 9818
3242 5918
3777 7860
1805 8121
6605 9607
2501 8768
3704 244
8331 9481
2903 7484
8738 9525
6786 9995
5374 4283
5441 8683
6018 8390
871 3803
9962 6360
8858 821
280 4546
3450 6797
3892 252
2576 3010
9503 4161
494 5251
231 9975
1008 3345
9740 8107
485 3272
1919 4840
4487 6690
4601 7725
8148 3477
6700 8723
1015 4073
9382 1722
7726 8459
4497 6365
2225 4103
5958 9664
6985 4104
5725 2423
5443 8
6395 4089
7340 7759
2111 8384
3116 2987
8585 2455
6691 1324
7678 4931
9658 1726
196 3744
5837 2625
9194 8891
8314 5927
6630 9906
1354 1244
411 2806
2521 486
1735 1707
3182 1583
1165 8953
6379 3808
3832 7732
6126 2114
45 9266
9636 6419
2149 9729
4212 7726
5947 8124
8553 1918
4299 8964
1203 7939
8265 7965
8687 4136
7563 490
7403 6470
8756 4834
3622 6319
6030 3662
65 4339
1134 175
9017 8945
5691 3943
2730 4720
6397 8702
5336 3652
5743 5747
1845 2797
9379 9494
9555 3635
767 434
277 7142
247 8083
9084 2033
7129 7167
3179 942
875 434
2779 9417
646 3430
9002 147
2183 1999
4593 157
3559 1033
1308 8166
190 842
8367 2482
8975 4793
143 2557
2989 8450
509 8984
730 4943
8325 7907
2070 5462
3749 3775
358 632
7760 6504
1184 2487
4672 7200
1250 2641
1594 9300
3909 6682
8782 4815
6659 6465
5226 3929
6722 9751
2541 189
9722 8991
2692 8398
2964 7240
3638 503
1410 5222
6176 9669
2770 9593
7157 1056
6293 5311
8997 7244
7734 9431
3969 9744
7379 7279
5544 8618
7188 2665
4097 9134
318 6020
6069 3926
4660 3441
2637 3813
7943 7956
6250 4792
4446 3489
6669 5117
8626 2793
1893 3527
3188 2212
1971 1824
7426 9040
7619 9757
2067 5955
8210 3749
1780 3088
781 1812
7703 1835
9165 3841
1970 4756
5509 5475
9179 8833
2269 9272
4113 1652
7373 4344
8313 2765
6594 5094
7901 5759
1131 7203
669 317
5026 6578
5437 5457
9391 3912
5619 8278
5009 9258
2965 4153
880 7534
291 9876
3094 5851
4464 9420
4840 4333
4677 7711
2446 6679
9318 907
7642 4068
596 4229
3266 4542
4338 8835
1752 123
7048 448
8286 9196
9605 3888
4016 8
5298 8606
3410 8091
2550 6431
2720 913
8611 1927
6911 3920
5821 9002
1005 6197
8150 4415
9000 9034
947 9943
6582 179
9689 8780
1266 957
6533 4459
6363 9999
9000 3740
857 3527
7581 9875
8903 5637
3760 3343
2995 5159
6566 8235
9825 7236
5982 9235
1909 9666
8018 2173
2286 7220
2010 6959
8319 6524
4276 1191
6012 2162
8545 5946
9697 9646
6854 1679
3741 8865
2345 521
830 6976
5444 6265
811 562
2999 3445
1893 9111
727 9471
1176 16
2935 7127
7538 2499
2160 6973
7835 1674
1974 4578
2751 7873
5970 8479
2351 6376
4064 6951
8622 8477
8878 5128
1136 5508
9162 6737
3525 3180
7091 9027
6011 8330
1833 3348
5817 6610
5788 5081
8553 5342
6782 1272
6076 9266
666 5443
6628 2908
6864 5536
1974 2092
7634 5445
4368 1155
1872 4100
8737 9782
1846 4025
3434 1789
2424 590
3294 8930
1810 7740
2413 8705
9431 9900
8662 6504
4145 394
6859 4394
406 9672
2568 6762
9865 349
2706 1040
657 3941
1255 1918
6379 5109
9681 3434
5393 4307
7180 8986
4748 7722
2551 4587
4249 3348
1012 4461
3302 7289
7360 2648
8797 3877
7715 8745
1448 3667
1992 6159
2411 1968
678 7843
9235 7618
420 9620
4127 732
5126 3214
7074 7343
4695 6984
1625 3099
6800 1343
1578 436
9729 1189
2788 4896
4476 2607
8300 1533
618 7406
3518 1059
5324 8130
7292 7707
1336 724
6799 9761
6354 3026
6759 2032
9342 8623
8740 6802
8237 5761
4978 8677
909 8837
8561 6219
8544 3792
8181 4855
4224 9527
2587 9180
6982 6113
463 1421
7101 8959
1289 2211
9298 9793
5701 9335
2294 5757
3477 4315
2843 4546
7359 7982
6871 1391
5766 4178
6262 356
539 2849
695 2792
3237 9696
7060 1538
3005 1911
9465 2840
9511 1749
8362 7564
7614 5552
2361 2138
1305 2910
5181 7471
6688 4263
499 7567
3564 4441
8943 2888
7355 9733
9184 8117
6675 1594
3520 3072
6252 8398
9654 9802
6688 3034
3230 643
7984 9982
2150 8958
7961 7498
7755 3538
1265 6941
9900 9683
2430 9521
9524 9032
2107 8499
4567 4547
3452 2464
2349 1392
6983 2609
5045 8392
4872 38
1825 8983
266 2040
1819 2077
6191 1366
8612 7455
4823 8376
769 9789
9667 8895
4366 9437
5509 9940
6171 9952
1127 9026
3653 5219
6357 1982
9412 106
2484 309
1938 8785
9318 4140
2354 5962
2291 8245
1953 4126
701 627
112 8379
5272 7398
2818 4032
3241 6790
698 413
4990 4713
9783 740
1077 6232
2428 1877
9501 8670
5113 9551
8622 1246
1167 5374
2675 4330
5647 4180
17 8152
8666 4862
7756 2765
9410 9207
2267 8284
1330 8906
1363 5321
370 910
804 4526
4949 3848
5751 9535
6458 1078
6831 3988
8858 1553
7256 7013
9814 7275
355 6824
7076 7759
6906 6634
6608 4290
5591 3387
4918 3369
3358 7000
9351 4443
8383 8403
7893 893
4083 6229
2896 9823
1627 1004
8442 2361
4556 9335
2368 8339
4500 298
1620 8513
394 6055
650 9683
8750 3412
4814 9536
2478 5119
2950 5322
5589 1099
5848 7267
177 8781
5054 5239
3456 9371
834 2705
1567 4139
7096 1748
7271 3231
5464 9915
9829 7315
9222 5993
7920 5816
4056 1003
9143 288
3903 4619
8629 7106
4340 2434
9649 5363
5431 1784
9780 5875
7871 1275
5523 8440
7577 580
6839 6527
3772 7997
3083 1
4472 2067
1865 3385
9192 9880
9150 9062
8156 4444
964 8621
4989 1293
1067 8602
2356 3064
2860 2238
4090 1765
606 7940
5916 3247
8006 9027
6289 7147
6573 5487
554 2614
3299 8931
9330 8112
1253 2830
8978 697
2023 8181
8779 271
406 6394
1858 4909
6619 7807
4001 2116
1062 2231
2910 8797
5038 6604
5538 6341
2756 4357
9658 5956
9022 9905
8141 5268
954 1346
6756 8405
474 9411
2851 2622
810 3846
5198 2930
4495 3901
5746 5244
3330 5088
4743 3785
5982 8257
1303 7070
9262 111
7311 2747
8729 1778
3788 8668
9668 2412
4048 6352
4544 8341
1703 7692
5715 2836
5070 1011
3736 1003
3176 5560
3469 8177
2638 5485
5438 7584
7065 2039
2926 9986
2525 9663
6977 2909
4387 7541
6762 2498
7561 5993
9728 2860
3384 3126
2694 5034
5507 1204
7973 9119
4459 9030
1195 4697
8706 6496
7096 2165
3111 8591
217 6231
3502 203
8540 4799
5583 5569
1326 9922
2455 5399
3843 5746
1619 7038
2470 2304
6703 750
8010 7213
8946 9170
493 472
5308 6437
8688 4415
6932 7549
8931 8149
2361 7500
1676 7654
2896 6664
3460 1682
8028 4088
3455 9771
6993 7057
8699 8229
8328 247
6766 460
9676 8509
333 8754
5006 3422
470 7925
7328 1968
2301 2708
3652 8403
9074 7955
780 7869
7698 879
7022 5240
6701 728
6115 6967
2922 5856
9420 5004
8535 993
9022 5178
7573 8294
3595 442
2863 400
6738 9222
6161 7739
2731 3885
5128 267
4245 9141
6282 8264
2311 4431
763 7721
9181 4517
7167 7856
5979 2867
2053 8202
3682 2489
5813 9267
629 491
115 8740
3880 4467
3221 6566
6598 9882
8053 8792
7834 6563
2852 4253
7889 5548
6446 6514
5600 6593
9491 7678
1829 4757
8585 5247
5158 7887
3503 7918
253 1364
1152 9827
1294 2003
4669 9644
7635 947
8120 3852
7752 8021
240 3918
3839 8770
846 5345
5127 1449
6219 5708
5945 758
8960 3165
6205 5710
5630 7478
440 6147
8321 4799
2632 7921
3436 7593
9059 2006
5358 4372
8604 57
1797 8393
2177 812
2393 8714
1274 8949
5595 9242
4402 5791
2515 4092
2837 3012
9780 7835
1864 8287
2900 1729
9567 6306
2818 1972
1800 9886
4106 3997
8138 1065
7658 9542
1294 1215
4017 1913
6671 6693
1802 5283
8630 1340
5685 3808
2682 1931
4150 7364
9409 9510
2349 2884
6519 6221
6782 6594
6321 8572
2929 7888
653 93
9545 8554
2685 3
3859 6016
6791 4914
6847 6787
7831 2504
4073 1607
6548 8189
6866 8551
1035 8341
5263 598
1415 4141
4746 6062
1702 2278
5518 4504
1617 6565
974 5414
9684 586
7496 8793
9373 2006
8098 6701
1963 7331
9002 5640
2265 2759
2103 3543
1775 9528
3442 9932
6755 1061
8671 1486
3699 4394
3837 3740
7639 7594
5999 6997
4926 4589
9796 6137
3660 224
1134 4922
5585 6795
2755 2570
4989 3645
4709 3889
8150 1920
3122 2831
639 1458
7983 2669
61 9602
9055 8586
9500 692
8462 2343
5877 2580
1578 1592
2765 2170
6042 6117
7534 5579
6939 9597
2781 1234
3846 5749
7584 2535
2335 3082
9915 6944
9521 391
7499 9609
1844 4252
8719 7404
632 7026
1294 219
2473 427
4157 8401
8310 7746
5465 4476
8044 3428
4995 423
2647 8641
502 8881
3023 9550
9385 8599
9492 2674
2156 4452
8418 4125
8744 3507
7805 8794
8992 607
1714 9464
4433 8290
6794 6159
4972 270
1646 5048
3445 6288
5606 1381
2379 1627
6841 3799
1511 4069
9489 8031
8532 1231
733 3371
3749 3395
135 6071
4504 3614
3688 9316
4825 5609
4237 7837
5135 7508
8188 2774
2621 5783
8265 8881
533 5159
4538 7764
4812 5801
7488 6136
6226 5835
1047 1461
1216 3034
3206 9771
3999 5623
8738 8010
9102 608
1523 4553
1768 5441
7499 3941
5894 3557
4337 5240
7136 3091
9218 7829
4808 555
5115 5399
8356 1847
1861 4816
2472 6804
5712 5116
4760 9162
5281 839
4751 1157
1339 2934
9639 5869
6035 9544
5413 4731
2692 6361
6557 5172
4993 1532
9470 9268
4126 4805
1824 6600
4659 4140
5861 9750
5809 8580
3031 6244
4060 3743
9241 6886
599 5367
8457 1812
5519 5043
1125 4203
557 2987
4825 2664
4492 1643
7798 6947
7257 4525
7120 4800
7819 276
8270 6096
4186 5341
9066 1932
600 446
4902 5137
7900 5794
8804 6097
1080 9465
1465 6177
6294 6729
9383 7136
4381 613
6104 9458
7283 1188
5602 7932
962 6554
1217 4261
1694 5740
4670 5989
3219 7995
880 5172
8616 4384
2538 5638
9229 9601
9775 9861
983 4501
6418 6579
3569 3911
8766 5765
6976 5973
540 746
3701 107
2861 2640
2312 8285
8126 8874
631 5834
8172 3200
120 2153
8512 7679
3024 4602
8918 4118
9528 2401
5359 788
9022 8186
9765 1759
4921 8778
3748 5291
7790 650
6183 729
8326 7678
2148 7996
8308 1983
5563 566
5811 5501
5330 5315
2555 3435
719 5640
7340 8455
1099 6280
3048 16
3563 2648
9305 1597
1451 7961
8669 3939
4397 6483
1878 8796
30 2062
2540 6415
3986 6322
9031 5981
3552 3914
2579 9409
3598 7855
5602 8908
8748 6830
9891 743
3731 8701
9791 114
5133 5929
6172 1846
2445 4857
9656 2185
4594 6595
4327 909
4763 8987
1300 8444
1096 5791
8445 1629
1043 6503
7381 7949
106 6000
6840 7346
4084 7180
7056 6292
353 7249
5819 6376
9354 588
6932 8910
7021 7044
7437 5347
9668 3572
8676 2954
337 6236
1658 8219
1610 9495
1511 6733
7352 917
8639 7099
1969 5374
9864 6261
3871 3460
3753 9425
4914 2123
3062 4949
4898 1694
1900 5321
5646 4441
7397 5419
6094 3554
2158 5549
8020 4949
4990 2951
7817 2803
8834 1324
4972 9826
8855 7716
9401 2544
3265 418
8922 8929
7353 3202
9585 3666
4357 2735
5629 4597
6277 7994
9526 2963
8754 4220
83 4875
4139 2317
6758 5384
2385 4773
523 1411
5814 2194
3277 9127
3956 8026
111 7176
5803 5659
5776 6719
3607 7785
564 5400
3668 7304
3354 5728
1069 83
3028 1344
844 2125
2932 5679
539 249
7601 8014
8034 9539
8707 1081
2499 5162
7272 3527
7128 1898
4586 9337
4683 8016
6822 3261
9992 8809
9679 2236
5809 8576
6410 6326
6842 6920
2455 9295
7038 1327
2456 5286
3748 1368
7885 1375
2978 9366
3512 2179
7872 6251
9122 858
1107 9627
6063 2291
6224 7664
3499 4009
1112 2395
4485 4024
2956 1314
1503 750
4905 7532
1407 3099
5772 7590
1425 7971
6642 5075
382 2538
2753 1173
2014 1094
5064 5416
2429 6706
7749 5530
2841 6363
7441 3555
4106 9203
1274 3091
1075 1504
1500 2416
2738 9598
5800 2303
7500 3736
4788 1404
7567 4749
5693 5437
6587 9925
6624 1439
2695 4937
4087 8378
7263 5883
4271 551
2413 4030
5554 408
4704 1186
6336 1922
1674 7676
1612 4915
6571 3191
3758 5230
1786 3705
8640 3658
374 704
9665 8770
1196 8788
6777 8969
3096 4050
9981 2534
5863 9735
9930 713
2641 9836
1339 7043
3460 39
2468 7231
2788 2280
8078 2465
4184 4518
8574 8960
5269 5947
9768 4821
8168 2440
6062 3259
3834 2667
5266 3577
368 9135
7430 1137
3222 5057
8952 8578
1925 3791
2772 2521
2580 7983
5920 6879
6176 1182
5138 639
809 8879
9844 2966
1759 5826
2536 5108
9311 1306
8811 1462
1200 597
7585 7311
4444 2681
1236 8038
715 9776
8167 4117
9544 5761
47 7242
767 2209
3612 2418
7569 5505
3844 5021
9699 9956
5029 3546
8953 1239
5750 1273
7486 9710
2200 9239
7663 8574
4093 9534
1498 3738
9360 5824
9098 543
9749 73
1279 1621
8187 8608
4318 8367
4871 8996
5464 827
3793 4648
8186 8698
4318 9784
921 2982
7577 2274
3304 5835
1075 5333
3072 8661
9662 5667
902 3873
1240 6779
824 1745
7100 2443
433 7649
8252 4202
9297 9771
979 3050
1421 1936
1762 3774
3140 2842
8227 6133
2380 5143
4508 6084
3754 8007
8093 9475
2870 1315
9440 1153
7611 4517
2672 8638
1790 7464
5086 4515
292 9253
9247 946
7555 3921
3971 5408
1287 7201
689 4366
4073 6596
4892 7926
5044 1941
2249 2107
8206 4064
889 1886
8929 7412
3787 4818
6688 5214
8282 2353
5530 5348
3776 6837
2944 5537
8039 1656
5420 1453
7516 9422
7782 6771
2586 2799
3147 6819
7977 3528
6306 3381
3413 7822
947 6871
3105 9193
8298 4190
1178 4182
9264 3277
4152 432
3996 2580
7707 3505
5883 2904
5505 3377
5796 7486
6560 8198
7022 808
261 6770
5407 6293
5925 5267
7347 1562
7872 833
8675 218
5338 4972
3067 5793
3543 81
8996 3323
9331 4424
2128 3378
5145 9094
1423 5603
3532 6415
9045 949
4316 4159
6025 2228
291 7865
4134 2993
1748 4166
153 4404
6470 7683
5267 8155
4157 8621
2018 2399
574 1106
1550 1874
8490 3440
9016 3263
8101 497
4221 9459
8104 3143
2657 1495
4538 1596
4002 4538
844 4400
7640 5950
3012 9737
6309 4782
2892 1514
172 3102
3411 4550
2728 4258
6613 7699
306 4012
714 4746
8448 9402
3338 2386
7199 6813
1222 7333
9843 1160
5779 8024
3411 4083
765 5659
6651 625
6623 2235
9586 7157
5116 8061
5767 4433
2138 3466
6688 235
8486 5442
7973 1831
3230 1074
3068 7793
8907 8907
9696 8862
8631 2435
5118 1052
4312 2566
9450 32
4634 6738
9921 3982
4239 2948
3384 4275
7696 7271
1714 7677
1551 298
3282 8510
4938 2244
1363 4738
6680 3126
6239 1583
2325 6881
8655 1121
3579 8192
9363 9952
1504 8523
5527 407
9742 4935
5696 9366
3152 1451
2350 4107
6352 4982
5324 7673
6854 1461
1114 2627
2259 4712
6947 3931
5544 576
6467 1040
8066 6764
3192 8716
9752 137
8829 207
3430 1359
6284 4844
4775 8132
9647 75
9731 8245
5572 8350
1287 1253
4213 8627
7753 5336
1470 9028
4775 5887
896 5981
4713 8724
5127 4729
6206 6623
2743 633
6811 591
1931 9917
4340 5072
8993 3554
2891 2536
24 23
9246 6499
9510 7217
3130 5725
723 3087
900 4088
2057 6777
2070 1184
7743 2581
4961 3856
6850 7786
4757 1515
9363 8787
2052 6685
4090 2937
754 5867
9 4365
5510 7545
6949 4624
7484 9698
6275 409
2728 8028
1912 9822
1571 8656
9746 537
1167 174
4714 9749
7132 8630
7163 410
7453 770
4170 7649
8378 6331
6422 8818
8480 2096
456 8375
9359 6959
7965 4001
4844 2967
8753 7244
2301 7420
6409 6799
3188 5654
8553 5023
4866 598
7026 9422
5545 3275
2515 9355
5380 9785
3275 2102
6425 9314
7477 8251
7225 1305
8281 9796
7525 6168
5737 9201
1136 2827
1211 5223
5023 9862
1486 130
8546 589
2820 2270
5273 5863
9084 9569
8156 798
2883 8583
304 1728
3922 9374
500 255
7285 8902
2538 5499
4557 6183
8520 9965
7228 3151
9341 1816
8035 6927
2622 2490
1592 8598
4565 3801
8640 2553
9861 5804
4128 9817
1976 8971
9276 1258
2004 4664
9161 9184
9719 7622
1422 2536
8894 6269
893 5149
1607 1996
2555 4314
2903 3607
2557 5208
7469 9690
9936 5493
8655 5040
1035 2936
5634 311
1447 2785
6607 1796
3536 6330
7598 6930
4462 3202
8994 8341
6213 4568
6415 9084
4010 6637
9892 2132
135 1504
3055 7449
7273 8378
8425 2849
9830 6388
1438 3585
8810 9795
2114 7734
678 1006
4137 7654
9434 2372
5441 424
7104 169
604 5537
6069 2237
9797 8003
1252 9001
3547 3776
2671 2886
5949 1655
330 9088
1872 8870
6401 4498
8252 6160
5291 9395
7807 2904
3376 4502
6246 4358
9616 2133
7566 5636
3998 4548
2297 1816
7625 228
8274 4480
8181 8376
9309 8181
3675 7342
1138 7859
9047 427
4560 8473
923 7921
9331 3436
2627 4863
4297 6326
5479 9918
3495 7524
951 2380
223 8620
6858 5207
4067 5105
7116 6117
8321 6309
8740 609
2855 2912
8357 1969
1341 5104
5171 4971
6807 7538
5299 2216
3919 2828
8230 5460
5971 3009
9204 8989
6964 3903
2926 4254
9039 5037
271 3975
950 2746
7846 7527
313 908
8185 2074
8098 8317
2688 2270
7148 2239
1476 1513
6694 4953
1054 526
803 8536
2361 2892
3367 2022
5314 6442
667 8834
8985 6959
3672 3509
1577 2781
1444 7894
597 2488
5169 2013
2384 9668
565 1709
5996 7689
7897 5409
6421 1904
5507 1559
