placement model: 1slider
width: 10
height: 10
number of points: 4000
6615 3368
6060 6877
9770 1638
7714 6587
9130 8083
4510 2985
3502 3962
6284 8521
2470 7691
365 9880
1504 1913
3407 8619
6851 9154
106 6579
5200 9495
2538 3813
2999 4686
1368 3243
2186 4119
6578 8221
1887 1120
5836 8557
3789 9677
9685 540
7948 8866
6675 399
7398 8010
7907 6613
2702 8360
4963 1526
1113 221
5230 6814
5728 6245
631 8718
731 8127
4591 9427
2927 590
5703 2849
1615 2421
3583 3063
1641 7378
2465 7172
8795 1343
5922 7550
9906 1359
924 8759
4159 637
2517 1207
7573 82
5894 2970
2541 3358
1749 8966
6681 3249
2032 619
5835 7597
423 3457
6361 927
9176 6413
5242 9617
1029 9718
2785 3364
955 3189
4394 3679
5248 6634
6541 5148
282 6061
7622 8399
9314 5163
1131 7029
8093 3046
8235 7676
5898 1728
5413 7846
4251 3328
4170 4340
7892 7433
7859 3949
6181 3270
3413 9955
3705 8176
9020 8454
80 1911
4605 5969
9639 6084
4093 6364
6362 3402
8344 3838
1836 7893
4319 754
3034 2814
241 3141
5657 39
394 7809
1001 8405
7467 5360
3467 9525
894 2091
7060 4548
9383 811
3138 6446
5428 373
9416 3590
7591 1128
4638 2809
6129 4301
243 234
2135 9078
7838 2199
5747 40
3865 5581
8154 9517
5242 3568
9980 1438
766 220
4220 2821
2105 2703
6266 755
8317 1194
1917 7050
9751 9117
2550 1973
7521 9060
4761 2377
477 544
2749 5562
7297 7582
3358 2658
6804 2757
4063 6482
436 7322
39 8831
9325 4486
4085 4215
8782 3577
6152 5798
1003 7415
6829 5889
8423 4880
6448 380
1885 9692
1709 2641
268 2882
6336 3019
1263 2708
2606 654
1261 3268
7286 2288
3610 8941
1552 4074
244 4326
9148 2416
8994 7265
7459 487
4632 2298
2186 2831
1930 2823
4277 621
6237 8179
3293 66
2217 6974
3897 3087
7967 4129
2805 1720
2049 5222
1384 8617
6427 3357
7608 2640
7229 360
2018 6015
9006 9871
4216 9134
2822 7357
9833 2242
5821 3789
7081 7543
302 3625
4892 4192
1492 1210
7982 285
1487 4776
8563 8411
531 4311
7498 232
5607 4642
284 8812
4672 1286
726 5238
4873 1877
5397 1367
4890 1224
619 5659
9674 6279
5705 261
6337 4482
1330 2224
6780 1514
6432 3207
2806 3586
2731 4123
1188 9115
6920 8909
2356 5295
622 7
6463 9531
2427 7240
5103 3269
9863 8436
8976 9485
3536 212
4559 317
9256 5415
8091 366
4088 49
5646 9775
6890 5582
9580 5733
131 4682
9678 239
6571 2880
5721 3794
3524 8287
10 8531
9753 2367
7905 4223
9910 4429
2655 3372
534 5453
3415 5768
5749 2197
1483 9250
7321 6889
1259 8585
7061 5269
1287 9206
1039 3880
7700 7648
2530 2737
9359 2961
2485 3383
9274 1470
251 5044
3621 3370
9954 5026
5302 5012
9383 1012
6088 1194
8812 7598
9088 8554
2613 8032
3267 4435
849 5771
7759 114
3936 8406
9309 6241
5365 7503
1563 5381
1021 5778
1412 4504
2240 1666
5004 878
7398 248
8208 7463
945 1614
9008 812
921 2492
5592 8291
5141 5097
9205 7634
4883 723
5553 9490
1710 8517
7708 9777
1021 9763
6302 4301
6654 4379
7221 7600
6541 532
7617 2809
525 2567
225 9162
7800 3689
3368 6411
9106 8662
864 1298
974 430
1016 7671
6139 6653
7211 6050
6275 5588
2520 6480
9720 5837
966 583
8662 7638
4605 6972
4664 2910
6752 7677
9382 8112
8242 6677
9750 1815
5457 9037
2560 5329
4294 4722
1182 2789
1182 148
1777 389
9601 5066
1461 5372
1674 7730
9048 7668
1543 2636
5886 4490
2291 5955
6125 7089
7268 1731
8509 5369
3675 7903
9199 2862
2822 5958
909 3009
4388 4573
3444 3385
1513 3520
8161 2734
5605 3202
9553 5363
9417 5804
2503 5900
8707 9316
9551 7148
9171 6673
9879 40
1181 9295
1161 1930
9740 3457
6185 3378
8939 3139
9554 120
530 6811
1370 3346
7138 18
1326 4951
7690 3365
5988 1763
7995 8272
1894 9529
3423 5055
3351 7919
7691 2698
165 1732
2110 900
5008 9617
3504 4877
3599 8552
4794 5825
4950 8906
9417 5946
6942 799
8344 558
4770 1114
467 1403
9372 9950
3876 1360
9938 7850
9588 2701
3568 9242
3318 6203
2911 1550
9014 2989
1033 1390
370 3173
9448 18
9471 6808
4963 6317
1148 2240
2456 4867
5540 3588
6706 5566
384 7339
1237 4144
7277 3770
7027 9055
2863 1904
6332 7570
5675 7739
2228 8452
4517 6312
2663 4270
4224 5402
7444 4558
6820 1297
267 456
4590 8757
8619 58
48 3712
3540 7753
9755 5316
2152 9938
9850 8493
8289 2114
1265 4856
7414 6610
2213 34
921 6097
4745 2148
5263 9835
6965 5883
6630 1887
1709 4819
58 6701
6195 8590
7009 2076
700 9116
349 4561
4758 1334
337 4524
7546 9976
5446 6148
3954 9958
2044 8594
3750 995
9402 3443
8706 3720
8957 2369
42 4909
3289 4001
569 4839
8030 7346
4974 93
6973 8286
3926 6201
3886 4750
3702 4030
4431 4400
1950 3656
935 6153
2762 2840
2365 3094
8232 4959
6781 5312
4957 7894
3285 1233
5705 4078
5031 4787
2998 765
371 270
5648 906
4462 9141
7833 6287
9648 3269
4249 5295
4259 5068
515 7200
6369 6264
8920 6151
9984 5316
9381 2700
3491 8323
9234 2291
9466 8412
6844 8835
1828 2991
5936 7116
9639 6808
8277 3508
8911 2873
6009 730
3105 6616
71 6896
335 286
3724 6272
2763 1273
6218 781
4378 5882
6543 6606
562 7833
6419 394
9845 8164
6795 2250
5862 8570
2113 6123
3390 8456
4778 1151
3542 6398
5149 4653
2598 9164
9564 283
3398 1789
8157 5535
5735 9296
9153 3969
6332 7589
8190 4597
9742 292
5696 5075
7525 4672
7722 8240
8982 6093
1587 9695
9171 3590
9886 1646
3066 6508
1796 7811
5539 6592
8384 964
7640 5414
786 6276
3864 7508
432 9597
227 4539
3224 7019
265 7628
2451 4859
474 9242
4056 6532
2693 744
7710 4653
5956 1378
2787 337
4362 1744
6233 7548
2355 6360
7177 6921
3680 4919
341 9216
6164 6991
2347 574
5247 114
3993 5451
7158 4267
2959 8920
9608 4070
6579 7764
9035 7252
5506 5708
8917 7263
103 5159
205 5885
1170 1707
526 7802
5829 3461
8585 4813
8611 615
4175 8904
8244 7382
4403 7962
7888 7345
581 8173
1029 2198
122 3922
2445 4336
0 7041
2795 9779
2641 590
1733 6856
2893 5790
6052 7982
5382 9946
7343 484
6323 637
7817 4811
4304 3586
3130 4250
3927 3807
6770 166
7640 8344
287 6179
9978 8380
5791 9025
7382 6662
4566 8337
9245 4431
6360 6723
7950 6617
6248 9348
6870 1654
960 6743
6136 2258
6943 7927
9918 7735
1214 3713
5915 1428
3624 2348
7056 5144
139 9632
5368 4116
2211 8386
6244 6139
8064 7627
8785 5806
3676 6870
9776 489
9519 9959
9578 6316
9607 4331
828 7339
4747 3199
9645 3019
7684 9577
7615 5637
5260 1699
6216 8437
3149 951
5861 1540
778 7276
8397 680
1777 2380
6265 112
4435 9274
1143 5722
8519 4214
3193 7385
5848 4294
8137 1218
1468 3408
4132 543
6652 3727
1359 6993
6033 3346
6866 6820
9808 3314
8666 8173
3430 1082
5360 6300
2431 248
988 8756
1113 7207
3254 7899
1329 2812
3891 8083
4104 1892
2122 5100
3633 722
6846 7937
7590 3653
2411 2365
5998 4984
7365 4499
8986 1292
5383 669
2721 9461
116 1837
3224 6831
6354 2052
6044 2416
1727 2111
7437 3085
9759 4128
8867 8828
8795 6829
9411 6981
2032 2499
5691 4901
7685 4868
1762 8620
3400 2680
1682 8104
318 8361
8424 8376
1103 6568
841 648
4698 7050
6398 1862
5087 6006
7696 2767
6497 8330
2875 5877
4053 1137
7028 6810
7093 4782
997 909
5316 6643
5000 6948
4144 4336
6696 8220
2100 6972
2467 4814
6704 7396
9809 1739
3024 9610
8132 68
123 4207
9085 3884
8411 7796
347 3754
5144 8174
1053 9778
2045 5896
3022 8466
2395 7633
197 2763
8786 802
917 4421
2863 2931
5358 3969
9880 2180
9164 3741
9773 4429
3595 2138
2704 3594
6826 5848
830 7001
3470 9774
6459 9443
6693 24
6893 9140
1477 9016
1976 5310
4322 3223
2151 2578
7161 5635
3463 6918
2717 346
4477 8355
1225 7052
9146 7341
1202 2734
8980 9925
4164 878
1192 8694
4687 2243
4066 2980
9507 3539
7710 8835
1037 9030
9847 1111
3081 9124
9911 4350
5826 2283
892 5509
987 1001
7868 141
3792 7222
3306 8024
3059 2711
9746 5469
4612 1178
5414 6547
1574 8950
6305 3573
9931 9959
8284 4826
6438 7773
6746 6727
8895 4701
3198 6483
6370 8382
2096 5869
9472 1527
4912 6635
3898 200
5583 3949
2407 7322
4138 8000
4209 8153
8749 3253
499 353
9807 336
7247 6284
6640 5316
3727 7587
9682 9587
9940 6343
7228 6208
6579 6489
7005 24
305 7194
1854 1434
3236 6685
5619 6070
3400 5091
2187 7292
7275 78
4427 2370
1405 8811
1991 2733
6675 1860
5688 3117
3411 89
3670 6178
6156 33
2359 6168
2325 3524
1381 2520
1354 7160
5526 8314
9604 7895
5351 6994
7827 204
451 7007
4781 3749
2950 3710
9197 665
5664 8927
1266 5281
2158 7125
6015 5685
2925 2285
7707 7479
291 9834
2744 5280
6839 4967
6119 4755
6589 1795
291 9890
7745 4812
591 7505
6576 1218
6634 8260
4309 7348
9357 7955
8482 3146
8160 9937
4466 377
5426 5827
8505 7019
1316 7797
8540 2305
7372 100
3943 2268
8708 7231
5094 9594
7541 1480
8156 1509
2970 9179
6134 6302
8346 5298
6558 2479
5699 2453
8047 5090
8901 5687
4119 9115
7543 4229
4176 5490
6549 2889
1775 5144
9408 1028
5405 8213
9178 6153
51 3784
9228 1042
9870 9516
7062 2437
1309 4992
633 3057
2412 645
910 1912
9087 4871
322 1848
305 2205
5183 1508
770 2119
1844 2616
5223 6354
6876 7292
897 4989
7449 8360
6275 722
2724 6517
6555 9288
593 7558
4911 4474
1970 5697
7234 3737
4726 5555
9371 4020
3163 6900
7562 3144
7789 8634
1652 9666
537 8989
7669 6172
2730 3335
1833 8014
8028 550
972 5964
4271 8661
9815 6945
2919 5664
2233 3195
9466 9679
4082 8667
6392 7771
3068 3842
1876 8623
1919 4653
93 1479
6421 5924
3321 1736
2399 3332
2606 8224
8374 4391
7774 9699
2033 7196
2512 9691
8138 6819
9894 1723
5607 658
1922 2609
7897 2264
235 6605
5093 1764
9077 1588
8052 6913
9836 9408
7248 8627
4417 4367
9405 5323
1379 9651
1217 9415
1984 5092
3440 1549
532 1421
4531 8703
1677 2476
5631 6992
2730 1576
7880 5465
3329 6325
7731 6529
1826 9175
2797 7361
600 2665
1415 2039
5119 7679
7724 5912
1963 9590
1552 8919
5799 3281
5847 3845
3084 8592
2257 1850
4238 1307
9277 8160
4146 583
2891 9406
8110 5328
9146 2093
626 2060
4957 2495
9244 6789
4061 8762
7635 632
2179 5379
5337 6386
87 3677
7158 2389
9242 9213
4108 3791
5936 5520
2747 6339
5488 1389
8661 930
5212 3130
2661 3991
8258 9432
8855 5932
9234 2394
2439 9380
9708 8260
1026 3561
154 8705
3550 2375
8855 603
6831 8031
2248 126
2094 5442
2498 8299
3616 8205
3767 9866
9627 3820
8389 5119
9893 5384
9634 2606
4973 1350
3807 7636
9855 3100
3116 8530
6205 6837
5898 8432
6805 9417
2938 9471
831 5279
1917 7232
5386 9721
12 9223
8553 5088
3738 6915
8614 9796
9187 5856
6848 4510
1125 9616
1412 1829
2420 1286
7379 7877
9754 5618
1018 6671
8394 8066
2696 5808
7468 3306
2052 1531
9904 2821
8095 3068
7366 3154
5975 9859
5770 7237
5296 6462
1836 4452
227 2522
1798 494
6585 7181
4217 9411
7093 100
2965 9850
538 6758
2027 402
6159 999
2900 1549
368 6304
2897 7191
612 5696
4959 386
7492 3074
7301 9088
8307 9345
3578 4026
6529 6940
5271 9718
7756 5729
9645 379
298 8529
6916 8038
5207 9277
3316 5278
2248 985
765 9491
1661 8363
1515 3599
9952 7250
7454 4845
5314 9801
626 3430
6964 9880
5769 2090
710 1703
2324 7034
2203 6570
7627 2642
6631 9803
7981 7676
4785 8295
980 6123
6063 1710
2791 5076
6130 8665
9516 6206
9366 6925
3114 7207
7417 2881
3374 6602
4562 5499
6404 9399
1735 1045
3185 1205
1820 6194
313 8646
9150 8794
2723 3000
9534 3497
7287 7750
9647 1829
8490 6627
1792 5454
6028 4533
4953 1367
5774 2313
1061 3195
8301 5993
8987 319
9872 3732
7824 1974
9980 2935
5053 9070
9728 8639
4752 7098
5895 3374
5834 6639
7014 5474
4770 4034
5518 9021
235 1761
282 1986
9357 7002
6720 6452
562 6726
807 3842
2844 2050
6396 4945
2107 4223
6170 8673
8941 4119
6613 4591
3322 8422
1064 8748
2220 3835
6829 3650
540 2584
6678 9520
1126 5760
6793 8
8392 6925
7345 1220
3689 9184
7560 5475
1293 6971
14 4613
1768 3197
2681 7818
9561 2611
3606 5295
1132 9298
6845 6664
5127 2483
1466 3458
4528 261
5791 5498
9725 4927
8617 8409
1752 2267
3424 944
9768 3056
4771 1180
6449 424
820 60
7771 483
9766 9461
4323 9953
2254 8776
8158 611
2997 9052
1458 5970
793 9723
8743 4784
9289 3230
6582 3466
9440 1999
8941 6596
8311 9908
8766 3486
5161 5533
8212 5363
809 1847
1776 9415
8210 8958
3732 6576
2803 5833
786 1284
1777 4103
1727 1664
5613 2265
1303 929
7470 4173
4612 291
853 4601
8824 8
5777 3109
124 8300
4404 2029
487 1
5027 212
9082 6532
5366 9179
3963 789
4495 5921
6088 265
8841 2888
82 3625
9523 3799
7096 6141
4162 2461
6792 4059
2728 1975
7230 1369
238 2753
6279 5126
2359 3035
6615 7714
5538 8468
6455 6800
4507 7804
6339 7111
8703 6342
1719 975
365 1619
1560 809
43 436
3479 5604
7577 1265
8763 3144
324 978
1020 7685
5309 3013
5941 319
9619 2717
1115 3401
3144 8946
4727 8156
3711 6952
5231 7400
102 6565
5951 2958
230 6833
5743 2875
6930 3054
2826 6873
7207 3436
1611 131
9027 59
9767 9163
4180 1794
1464 5328
3727 9257
7210 6782
8057 718
2289 8346
5418 8076
3557 6745
8229 2853
9878 392
5235 397
6359 6859
3924 173
5578 8221
8376 1492
5867 2647
5554 775
28 4466
5411 7279
7222 5800
6899 6741
6880 3327
4049 3602
236 2779
3029 1337
4089 9629
5898 5287
5103 3514
4262 5231
1647 1090
5549 6834
9542 5316
6946 3702
5996 1833
7504 8269
6080 1060
3303 3761
870 8577
6089 2708
8320 6144
2467 8748
7841 8468
8241 6678
9171 2991
8686 6201
3307 8740
1029 4278
8887 4266
7181 653
6411 6159
7852 7964
1557 1030
2700 8315
8420 3032
9904 8964
5324 1695
7826 5874
7156 1212
3976 9771
8473 96
7370 8704
8884 504
2634 6915
544 4263
2046 1530
8440 804
5076 9174
659 3271
1819 9067
5099 4824
226 1672
653 6242
8039 8942
2953 3694
3970 1617
7268 9818
4367 6407
2598 4614
2560 4041
2268 4877
2310 4199
8615 7690
4826 2929
3476 3956
7987 6386
5663 4574
4556 2052
1217 7536
8100 9260
6503 4042
6663 2584
457 5244
7953 9299
8608 4800
8742 2696
5973 3191
9387 7669
793 4741
3724 3865
7894 8744
728 2688
6027 6714
9179 2713
5713 2371
2241 6653
2645 4780
97 6989
2606 7285
8813 2688
272 2977
6216 5027
2191 8562
3186 8416
2030 8896
6756 6240
8424 9839
1390 8402
8661 9364
7619 8608
8948 8725
9384 2396
1005 7670
3777 5944
2725 8584
3309 4911
6907 2
9281 3928
8371 5974
546 9052
9947 9013
4988 8007
5578 2935
7350 2912
9987 2366
4335 4712
596 9977
8126 2152
7537 6517
4169 2139
3619 7366
7739 2903
4008 2635
8636 3707
5278 9030
1702 4651
8880 285
5693 4862
401 2940
1593 3649
3277 4073
3236 8736
5764 8957
392 8287
5434 3410
3729 2127
7831 5475
1673 5224
180 3512
731 9362
2410 5663
945 9730
2553 4473
6961 5928
3363 2295
7714 2295
9128 210
8595 8145
551 1723
8677 7840
3221 3777
8448 1367
5359 7891
4206 4671
5910 977
98 4370
7875 3720
1067 1755
5899 992
7684 280
2935 2194
488 1402
4270 3862
3922 2973
4576 2831
6788 919
9767 7116
6350 7773
4674 1996
1053 9615
6663 5155
66 9091
172 247
3506 2882
2178 6059
5943 7781
3778 5055
417 6339
4500 4455
3951 6796
9459 1100
8000 4861
829 8272
3031 9348
7234 3083
4787 5858
3950 3350
6129 4150
2039 112
9905 2118
1034 2283
2313 8879
4953 770
3891 3043
6004 6857
750 5886
5989 9167
6382 7622
3275 4353
5727 2119
7721 9775
795 2861
2914 457
7293 2114
3430 4387
1003 2466
6076 932
6817 4140
9486 6028
5790 6099
6125 6494
761 519
8935 5409
3963 5025
2211 6512
32 7019
5961 936
4156 4885
6623 1085
2538 1405
9255 5764
7896 5704
842 4271
5555 6058
1391 128
9468 9345
2264 6388
3918 8207
4251 7147
8512 5881
4294 943
503 5648
5345 6835
5218 4667
7194 3605
4114 7443
4393 1147
9262 5291
1419 9541
3126 6082
1222 2725
436 1877
8938 9049
1956 2871
2599 1884
8533 9680
4531 5850
1923 9909
1057 604
1187 6844
7863 3824
5996 413
4459 6475
6692 6905
3162 4970
737 6330
1640 4653
3770 3697
3134 9146
9950 8789
1489 3523
3855 1233
3664 5869
5641 8362
6707 3976
1960 2792
1912 1685
2780 9006
4920 1761
8089 2208
3353 9571
8782 9821
4391 5871
2334 6968
4686 747
9250 6232
5276 9529
68 7151
282 6162
316 5496
1277 3275
6088 5706
3681 3721
4623 608
7691 1386
1673 3298
4873 3665
9474 1254
5140 4499
6056 2939
7931 1885
8235 1593
1582 1761
8950 2827
6730 6143
9295 9631
2447 9781
1914 452
1645 6202
7787 551
3822 4572
8084 2816
821 3168
278 8386
9829 2793
8002 8989
4250 3338
4047 2050
7402 2481
3355 6054
9585 2353
3390 1330
4050 1193
2844 5723
3030 6289
5001 7658
9304 6970
8197 1989
2326 8106
5656 6682
5036 8234
1546 8876
7644 768
9302 145
1364 7979
9722 594
2157 7129
8718 3647
7741 9268
3788 8272
890 898
21 3923
679 6777
770 7369
6692 6837
5107 7462
1848 7964
4716 6289
5344 5636
2081 7898
7682 5196
3515 1626
177 9529
1365 6676
4600 3215
1482 9788
7403 1927
8490 8619
4384 977
489 9425
8829 9814
9554 2504
9006 5922
676 9649
597 4322
3288 9994
8831 5977
5344 1565
7682 4038
8418 3713
7528 128
677 6847
8590 9529
9691 6179
4615 9028
3526 7160
7831 9980
2293 7736
5095 8791
4555 4410
4311 8982
4900 5241
6193 9906
432 4961
9196 9884
5092 1816
1223 333
4864 8796
7214 3953
5776 3404
2143 4104
4008 4346
5116 5680
3275 2088
9526 8605
6251 8978
9192 5942
6170 8641
7907 7754
418 7439
427 5226
1161 9546
907 3489
382 5402
9767 4997
6185 7629
3705 2719
3953 8701
7922 3394
9460 6428
6296 788
2996 5327
5329 8667
6718 9416
6053 4660
6732 7774
8374 5469
8240 9132
9371 6609
8175 4640
67 5849
7101 9265
5053 922
4351 9140
7376 4777
8229 6342
5957 3833
4911 2325
1231 3804
9922 1987
2911 2809
616 8662
2366 7072
1704 4795
4627 330
3706 9551
759 4786
2793 8680
8967 2184
970 1921
9365 3031
2999 4003
7166 9466
1389 4887
4259 762
4617 5336
3980 7953
3989 8111
9986 6070
2420 8188
4675 2522
4313 5476
7238 4329
9924 2625
187 2864
8816 9324
4320 6200
6860 1135
429 6865
7271 3865
2619 974
629 1407
891 2243
2268 9975
6096 2571
3953 4770
6303 9440
6104 7300
5041 2389
171 8156
4405 8255
1127 3526
9185 6329
9624 6447
2152 2309
6061 3091
3427 187
3135 147
4000 5582
2932 9903
2146 8321
1528 8997
6231 2667
1128 356
6587 1115
8823 6289
5173 5998
1213 3006
5341 6619
4106 3269
7856 1740
5864 5851
5559 3849
3760 4921
8763 1476
7654 574
648 8285
9151 8931
303 6757
9504 66
4189 7130
6406 2335
8633 6263
9568 935
8261 7749
973 4646
9084 9687
8198 5606
5801 9353
4391 3547
8191 9247
7291 8131
4393 4588
8815 4993
2612 8229
6790 8928
7323 810
567 1448
7070 245
8587 152
6843 1975
9284 2694
1308 8987
1103 7388
1229 2051
2923 6694
8618 1788
3845 5973
1871 1398
7088 5163
8940 6437
7611 7230
1472 6949
8714 2928
5743 6339
3017 7350
4354 7895
7197 5891
4920 1236
763 5079
8213 1898
5624 5531
4299 7662
7380 122
516 579
7635 9498
1150 7671
1427 2117
636 3194
3691 4399
8340 94
9782 8798
25 3682
6810 5358
1432 9921
2587 48
3069 5165
4933 2166
6714 6436
5494 8560
4819 831
3225 3529
1651 5907
5206 5513
503 9270
159 8297
7633 1552
720 5383
6276 299
7879 1414
7040 7152
6135 8863
1971 8501
8663 6757
73 1591
3148 5730
1646 6571
2167 2144
36 7633
1308 8931
8229 4859
971 4478
3484 5481
7565 2868
5316 3262
9729 5690
1782 476
3455 661
6920 5643
4839 1906
3330 3899
6598 9742
2857 4451
3604 8837
6616 8795
1240 3769
5092 5713
2888 59
3299 5678
3380 2595
8204 3331
9233 5502
9764 5910
1663 7707
3500 1781
1821 1711
1022 4547
2361 7504
4867 2347
6078 1217
4657 5210
6470 6381
680 2536
8965 51
7223 6194
9652 1127
2240 6294
8692 2076
3249 880
3736 9957
5705 4336
5467 2757
9614 2485
6180 9849
4895 5236
3026 2103
182 5222
2196 548
404 4210
5570 3390
8287 1054
527 922
8303 8761
8259 4233
6020 8202
9537 9320
2190 3751
3175 6855
1783 6675
8739 6377
7491 2902
8832 1038
984 7754
2924 6353
5137 1008
3496 3766
5970 7057
1262 1329
1476 3043
2429 909
10000 5578
5102 5713
8240 7026
3029 7792
4209 8226
8438 5600
5737 2426
1 885
3414 9618
1078 7843
5193 8271
9035 8152
7671 9091
4636 3110
9488 6628
3151 5251
3272 2554
1570 5458
3750 267
5141 5291
4458 9471
1092 3128
8867 1621
8373 3141
2004 6986
4244 8656
1876 7278
663 9997
6579 5320
248 9839
1015 1065
2217 3491
3090 7765
7530 5325
9684 2134
9204 5783
1748 3152
2100 4478
5715 4305
9988 2789
5646 7652
1434 2390
5044 9384
4344 9870
9216 3749
5232 5996
9897 7906
7312 3020
9131 5697
6924 5284
2278 8336
4007 5090
7966 1445
5626 5442
9527 8382
5083 5571
2564 8228
3335 5881
9073 9553
2203 5685
1979 3518
6514 9318
2353 5046
5064 9651
8172 2915
3521 9396
8083 1968
5677 8900
7704 1865
3564 6558
6878 8379
745 4434
1914 2602
6599 1114
6028 8165
508 4960
5317 1077
3270 787
7822 7485
2483 16
1956 8780
2348 195
7761 3102
7012 9022
2505 8443
7809 1197
7012 459
1806 4012
7559 362
4401 2163
3081 5014
3348 7544
2633 8742
5121 9000
5620 2250
3323 3658
174 5357
1010 8446
3594 8192
7349 3868
2994 4256
1207 1402
5829 4744
9740 5896
7090 2842
1146 3161
7730 5112
4775 3500
9260 7856
8138 4100
8063 1042
3924 767
6730 1519
3038 3946
3389 5230
7354 4738
3738 4534
4767 3315
4025 7546
7996 9562
3714 1317
6111 1520
5080 9275
129 8992
460 1829
7407 1834
835 5099
799 1185
3068 3467
5919 8697
4891 9575
8478 4792
6487 9154
1709 6385
933 2152
2868 5099
6420 4466
8362 1432
4151 5292
1222 4909
6491 4657
5931 3142
2304 413
7748 5647
4297 5644
194 9222
7163 917
339 8932
3153 3358
4909 8339
9081 5463
1878 4864
5865 9331
4047 6795
329 1117
3907 9732
8532 8628
6933 4102
405 1060
2746 8467
1519 8255
1792 2515
9391 1825
3649 5552
1092 1161
3253 1153
9953 3432
896 5121
2068 2581
4545 4093
700 9187
290 2898
1832 3755
4851 6455
4290 545
1902 1880
7242 8163
5128 7476
3278 4797
8319 5064
9953 6008
1199 5597
7848 7002
1560 1396
2843 4080
8851 3121
1659 1805
92 3994
6386 380
8667 8489
9004 284
8217 5538
7178 9430
5806 8532
9248 3149
1959 5405
4160 4294
4066 5770
4489 5231
7225 6619
782 8072
4967 2355
4738 3022
5646 8476
9476 4346
1435 6831
3485 9618
3130 3507
4272 4722
3635 7466
5029 781
2945 864
9341 163
3179 1193
6363 2121
2352 4130
5482 8028
5313 6608
6973 5869
3930 3306
6851 8605
7016 3561
2566 7422
2562 4427
846 3663
454 4664
2034 1525
8581 3517
8352 1251
3427 9040
2990 420
559 7702
5332 152
4694 3684
2556 1102
2804 9141
3291 9959
1052 2459
7675 6196
2103 3699
1906 3538
7314 1978
2875 5333
6971 1833
1246 5549
6008 5820
3012 389
9557 3245
678 6054
5850 1466
9028 7456
7173 4152
3005 369
9565 1973
8413 8384
7474 9207
3211 2516
9580 7340
6865 7118
6396 4067
6315 9616
7215 7982
296 9071
646 853
5735 9512
4399 6370
4750 58
9224 6267
4179 4400
5861 7154
3978 1562
8213 1852
1722 9181
276 4824
755 4302
1324 9391
5071 3955
478 388
5853 3053
6235 11
806 3028
7697 735
1933 5202
5824 7719
8107 4219
5349 4433
1752 6136
182 1853
9504 7422
8978 2711
4286 9706
1291 1028
3447 1352
3630 2201
9612 8300
5031 9779
8573 5479
6666 7971
5037 8312
8289 2797
339 2280
8723 9594
8857 1615
6026 9451
9917 7890
9285 421
5926 8258
7514 4659
8662 6130
9670 7286
9752 9758
637 5539
4249 6956
8800 9621
1795 8798
9222 5233
924 2028
1703 1807
4601 3887
4606 4829
2905 7978
7088 7080
557 7389
3476 5096
5929 3660
7447 2980
1791 3218
1501 5467
9570 2299
3628 4667
5965 667
8837 7389
6946 2830
8701 5448
4274 2517
1615 7252
421 1820
7729 2986
3606 9319
3296 4979
2218 3570
2388 7068
8427 4443
9293 6114
2400 9193
9997 3206
4158 226
8073 2174
6068 9553
762 3535
2970 738
8735 396
9822 9683
1741 4535
2106 261
9724 2338
7879 9944
1354 6594
9014 6951
5935 7164
4405 3713
3545 808
348 7052
7383 4882
8385 6651
322 7088
3288 5649
9228 2713
2973 2568
6254 4706
6273 1055
756 3718
7657 6293
7566 3214
589 7297
7612 4381
6955 6019
4081 9734
7522 6430
7958 5082
5906 2891
8572 4099
7723 4262
9488 7453
7333 8656
4455 9722
8594 1224
56 7705
8680 3058
9567 2641
6661 4239
6228 2131
4082 9989
9781 5593
52 510
860 596
1655 6301
8532 4101
5529 6468
3137 7595
4882 5546
1497 8690
9113 9937
8490 3949
6418 2283
7270 4898
7390 9130
3098 5814
2820 2122
5007 1879
4369 9539
6289 7046
6495 7644
2882 2269
7243 812
6991 7115
5994 3223
4416 2359
4573 8155
317 7863
1265 9501
219 7366
6293 4915
2065 8140
4124 3893
5047 4973
8055 3134
2229 1560
9614 4520
1117 7637
7522 5192
1267 3344
5208 4300
9657 2565
9945 8623
1522 6251
7993 7303
755 3906
8367 7152
7265 4767
6249 6262
9589 3494
2227 6816
5268 6385
8164 1777
3358 902
8773 7555
9624 4187
87 1745
1631 2841
1388 3043
1648 634
707 7134
203 1131
6024 1947
2887 5709
43 31
8168 400
5027 6587
3156 4304
1458 5642
8558 7267
5124 1253
6575 1578
8953 910
2354 45
7865 1132
3837 4961
7675 4278
2970 5004
270 1324
3433 1161
9244 5976
6570 157
4013 4501
1892 260
9269 8453
4579 1546
7479 6600
3654 7563
1974 4545
8666 9470
613 7301
586 9263
1407 9991
2133 3551
4228 3243
4201 6323
3241 7458
3267 7987
7187 9757
1679 2442
1309 260
2509 3603
8112 9097
8972 9009
2050 3915
663 8648
9025 448
1888 3796
9346 1411
6354 2493
2288 221
4916 9429
4280 4538
3894 8880
5659 1204
1048 5416
8378 5796
6082 8293
9839 8978
6938 7892
598 5536
6241 5452
8459 7036
777 820
5760 7263
3854 3620
5214 7970
8837 4049
3028 473
5084 6338
3797 2777
1261 2570
6383 835
1769 7102
8426 3062
7811 2863
6941 2601
754 4610
8402 6241
1496 5782
1182 8879
9765 2584
6228 2800
6423 3347
5422 9607
9440 6858
346 8895
9201 8299
193 5746
6444 8688
7958 7321
3555 5041
3755 4549
2642 4892
4809 5603
5999 2078
2503 2867
6792 6279
7646 723
5475 236
7141 9854
6523 6029
707 3135
3371 3407
3646 8062
1804 8641
8954 2305
6005 9842
1620 3845
854 425
7476 106
867 2398
8063 134
935 8905
6598 5174
6077 1541
7793 5542
7424 2929
6840 1997
5671 3049
7090 3906
3780 6549
5957 3285
4450 8530
6083 7653
5508 7591
1449 5080
9439 9732
9360 5916
4179 5754
9775 1269
6882 153
7481 4498
1124 4774
4566 2485
9612 8055
2351 3270
8568 6583
6318 2585
7890 4474
6182 4970
3380 6533
7810 8705
895 1887
156 9284
2380 2069
2189 4705
8481 7980
3951 8482
8893 4826
190 1917
9757 5371
3935 4482
9255 2489
2514 68
4294 4395
4189 6570
4 6168
5953 8564
6197 5614
6646 1217
473 3025
4515 9910
3315 17
5679 9634
9247 8671
4200 3817
7083 2331
6350 6866
6623 4978
6165 2545
1760 7380
2180 1003
953 2825
7457 7636
2046 7824
6554 9465
4651 7714
361 3672
1906 2380
2420 3308
6395 4984
8104 3554
2757 5796
699 9442
8625 2594
6296 4727
7138 957
2056 1007
2570 9786
9173 1208
5519 7898
1807 8257
835 5278
3882 5233
2677 8646
7763 7994
8423 7277
3447 9652
5928 4132
1529 5957
6204 5224
5311 9963
4920 9405
2782 5744
7356 645
8953 459
9112 4176
1799 6674
156 8259
4723 2430
425 9729
7313 9488
1391 932
4587 3892
8409 2545
4721 331
4629 2853
9645 1555
9802 2581
601 2925
4630 1998
4956 6931
8494 6168
5817 1158
4702 1002
4047 2901
5753 5282
1424 4962
9728 6291
971 1000
524 7662
7237 1267
4086 3141
321 7760
9102 8959
4184 4314
499 6490
8758 8067
1307 1287
4583 6680
3442 1168
1595 8236
608 337
4056 1676
1226 4482
983 3959
2618 8916
8114 7550
2669 7634
2957 2939
6148 6848
5281 4727
8089 1783
6800 6488
3422 8157
2724 4397
9013 7214
3820 3224
7147 3442
9146 775
7802 5367
998 8655
9653 6445
4729 2091
9158 2218
7692 4823
8905 3077
5075 7808
8640 7096
7173 6667
8512 9427
6441 6433
7664 1767
4023 7678
458 6365
2775 7533
7468 1346
4899 919
7719 6165
3708 3140
1892 8845
9339 7134
4635 5159
6934 7463
7792 1143
481 7552
7651 2552
5758 4117
8176 566
2994 6776
6282 5576
9154 2844
193 7622
2908 3499
1469 4544
4133 6303
6895 1465
5106 7704
2198 9248
8057 4265
6864 1169
9314 199
5002 8582
3340 6685
8277 7570
5662 2387
4176 6135
1978 6827
3423 6924
3148 9350
5084 655
4658 9601
7639 1860
5529 3200
7491 4915
4593 9537
8774 9747
8162 5423
7639 7384
6577 4685
7629 2533
2410 7637
299 6252
3871 2358
2855 498
7886 8580
1202 9307
2051 1566
5075 4884
6949 1509
1481 4925
2332 4517
4553 6624
1413 9999
454 5058
6829 8405
8199 4125
721 8077
142 176
7831 8197
1478 8644
5993 2048
4345 4857
3970 4139
4212 8687
5578 2172
7888 8217
8741 3527
9949 3139
6992 1388
421 7405
9698 2347
9015 9327
9267 9083
3485 9377
1793 7861
1843 1904
1514 6545
3552 2025
5285 239
8535 6102
4949 6867
3022 1163
5086 4411
5377 3585
1945 8623
9467 5002
5643 8725
3332 5558
6090 9880
8572 3897
8709 2397
7317 6883
2148 8602
3883 6728
2242 9274
6480 3553
5377 7536
8621 6173
5303 7695
4196 4146
9618 3099
6680 5348
7389 768
3421 2870
9920 5278
1298 7308
2967 6486
4789 8337
3452 2139
7280 5576
510 2522
6982 4619
5601 7888
468 2771
1124 3440
1076 4822
2065 6906
9309 5786
7544 1878
9836 3256
9195 8187
7014 5422
3837 1158
6721 9449
5835 7078
3252 3372
2160 677
1306 6483
3255 7824
1763 8897
70 186
6382 7580
4817 5013
4573 281
8894 394
2513 5214
9367 9756
5636 1626
5199 7467
3626 146
1117 6012
8598 9388
9903 6376
7480 8630
8239 579
3264 6462
7576 9546
1777 3361
4120 5938
7579 3481
5539 8358
2715 6287
9903 4178
8897 1121
5841 9827
347 8812
8081 3581
3762 8884
9353 6381
6955 563
1439 265
457 7135
6009 1812
2212 3004
9861 4395
4432 8395
8332 6809
4712 9141
6642 8947
5918 8784
9567 1143
4253 5258
7493 2585
6732 2659
4514 3828
2292 3185
962 8746
3777 9184
750 7913
5931 3740
5520 2733
4410 3802
6944 9711
5233 6715
3599 6862
9071 9922
4211 8793
8254 5257
3261 1989
384 7047
6787 9978
7314 8068
9887 5806
5943 8430
4997 1479
4808 5152
4144 3457
1679 195
2371 2678
5418 2066
5861 6797
7667 240
3426 3895
8843 2771
3869 7117
1684 6418
6438 3840
4926 5821
4389 7273
3546 9672
7130 2654
7227 9352
8384 804
660 2361
9938 4556
8067 3792
6792 8458
2149 8172
5756 9531
7211 2157
3589 689
7579 9449
2474 6908
5507 2371
3178 1941
5170 3588
4671 5811
3847 2220
2123 9775
8291 1045
1615 8082
2132 6099
1545 1763
3188 4985
1799 9712
6298 327
764 7444
3440 2123
1039 4753
9434 3142
523 3764
4122 1527
4624 5629
112 1650
7391 7019
1556 9022
9475 8541
4170 7898
2130 2720
4306 7075
257 4249
4102 3154
2355 6974
4007 7156
4320 579
7490 4599
7851 1869
5831 6731
430 504
6664 9160
7273 5942
1592 7096
8127 5405
7092 8591
8822 8936
457 1246
1602 226
1876 1366
2406 3506
647 3499
1427 5422
2055 1460
2587 520
3994 8101
8440 8789
4757 7488
2663 2494
683 4790
4827 279
3407 5536
1691 7267
3934 6392
8595 7015
9025 4543
663 307
7079 1873
7710 3410
4129 5994
9245 9759
7532 2975
8698 7632
8327 9474
9078 7419
5553 6243
6965 1925
6896 347
2999 8554
1040 8634
7423 692
3970 728
4556 6180
7847 9534
1627 414
172 283
3829 1609
1722 8487
1286 3190
1400 3255
1645 3345
6998 2713
3919 7237
8737 7871
9895 5971
7219 6865
8622 6693
5081 7196
5514 9863
5253 1009
6039 5975
2898 7124
3105 7975
9356 1070
5437 5176
4799 7372
3052 7988
8590 9956
1426 7039
5839 533
4096 7891
2315 6753
2931 6205
460 1085
4924 346
22 9574
6114 4642
7218 5269
3626 348
3082 9011
9360 1271
3757 9841
6300 4675
2712 7169
279 6157
9868 2476
8625 3846
2919 9456
3724 5375
5055 4456
5286 5581
3360 5912
6755 7599
9408 3987
2846 9071
1406 6308
1018 6158
5583 9274
9100 9255
8799 5218
8922 4033
6835 7812
4044 4430
5696 1715
8498 7030
594 6990
2802 4013
3597 4803
2320 7535
5899 6855
821 7266
886 2991
4575 6618
4409 1834
6103 6915
9879 4352
3201 190
588 9557
7301 1256
9465 726
6220 4697
4146 6001
2078 9475
6546 6543
6650 1456
5058 3359
8698 3107
2728 6134
4124 8021
5902 2672
8426 4221
841 7876
7688 5223
7770 8984
8683 9688
1495 4041
1561 1988
2757 3974
3969 1063
5032 6455
7135 5536
4755 4874
1645 8739
9573 4938
1425 8545
7090 3004
6865 2948
3203 1251
6508 3485
2954 6119
3580 3751
6887 5566
4148 4894
9758 6911
8541 7796
3886 4228
4257 9244
9182 5112
6647 3679
8663 9303
858 2015
3270 9424
2817 1888
2987 7090
3520 6130
2731 7740
7776 9133
6172 8679
2517 7098
4725 3101
4434 5555
418 8447
3007 5280
6527 2900
7277 3201
4014 1461
1492 2690
8564 1676
4064 1268
8281 8618
2427 9918
4108 8485
1318 4564
4795 629
4852 4365
9806 5778
77 73
5046 6780
5661 9270
7333 1059
8395 3100
8193 6005
6646 4529
7559 4242
8966 9351
6249 9760
135 5015
3101 7484
3122 5246
7235 8302
8752 3693
5170 5913
6805 6093
2006 825
3549 2096
8902 4034
3745 6286
9220 739
3004 7829
7085 7572
9446 3602
3357 122
943 5215
776 1334
4589 8162
8307 7103
2769 7005
9344 2968
652 1141
7596 7185
4380 1693
6660 6382
5677 4990
7926 4603
9156 266
7783 6635
9471 7876
5205 4979
1363 945
3619 7621
2383 8144
9236 2752
4071 1484
8557 3989
6355 4531
7254 3046
2471 1087
8714 12
9993 8095
7787 1964
2275 3308
8087 5830
8915 8444
197 1737
9050 5767
2407 7888
5923 2415
8967 4163
1949 6839
7409 8561
878 9286
808 9326
5370 1304
2769 7642
1501 2534
1964 9386
4922 6562
8436 3086
7643 157
3506 8615
272 1690
9572 8821
3604 8684
7675 6972
1551 2633
7875 9628
5915 3763
2787 5956
5161 6205
450 8360
6142 1718
8741 1624
798 2761
3865 9825
3544 4750
3992 8587
4580 1371
4 8368
1770 1053
635 7354
5753 3583
9891 7740
5904 8670
947 5803
6708 207
1984 2975
4914 7607
5088 7914
983 850
9800 5322
1032 1226
1908 7619
3697 1835
5845 7190
1939 4128
5259 4800
5449 3556
1865 2876
8604 9087
2139 3773
7304 3801
2085 1415
5590 2953
886 7494
6767 6830
8164 9965
5053 322
7570 1815
5953 3919
5534 2773
5581 5154
7109 133
8861 2310
5348 9444
1108 7359
5961 1355
4604 5903
6481 854
4114 5949
445 7842
6332 8236
6297 6345
4577 8521
6000 6268
8786 3972
2764 5878
7409 8429
1545 4404
3819 5240
2542 5902
6391 996
6769 4419
5447 6391
1845 4264
2030 7872
8492 4916
2234 6460
1068 5326
4986 8623
2459 6751
1654 7896
331 3600
4742 5704
391 735
5349 6990
4590 4914
6990 4210
4906 3235
2799 100
3815 2133
2436 2805
8140 8306
165 770
4611 4828
6972 7803
8001 5106
6830 4589
6601 7923
653 1698
7956 5103
5861 6097
1042 7806
5455 5499
536 3948
2405 7289
8219 1030
8434 9253
8437 4251
5964 3241
7167 1272
5204 4266
2651 2811
74 1459
1336 6019
9989 3790
5720 2156
8553 3602
128 9539
7357 5415
278 5222
2792 5059
7100 9769
3979 2190
1380 8846
5897 4730
1318 7690
8356 8871
8190 4969
4768 2596
4033 4481
3831 4141
4972 6443
7490 6478
6922 5246
9031 9960
3318 1579
4223 6768
2363 4612
7263 1165
7273 6701
5914 3630
2482 6134
660 1470
9912 1268
2556 9918
199 3088
5380 6303
939 6991
608 3655
1790 7152
8844 27
7449 1657
5278 3579
8818 8188
2854 6897
8634 9672
4732 5511
7126 1728
4058 3280
9456 1228
9850 7881
6390 4161
6024 959
725 8328
5504 9243
8576 9534
4580 3947
7742 6891
2239 8261
1706 5361
9933 194
8428 436
3964 5626
5654 9174
8795 5065
5700 5433
2483 8654
7803 2826
6228 9438
9045 3115
8529 423
2813 1711
2014 6427
3076 6580
301 784
3842 8429
7794 554
8203 8137
5834 7658
317 6912
9879 4020
8810 5866
6241 5506
6868 1827
2996 1971
5895 8459
8935 6702
4811 206
5615 3415
60 8823
8710 6927
9086 3644
9305 6427
1619 1455
9852 9490
6727 5477
1574 447
6795 9848
2831 3346
1745 8774
9505 7648
5681 3155
7198 1629
5310 1164
4181 3831
9989 501
5872 400
9423 4047
3598 8022
941 2631
2740 7121
1254 1785
9376 5062
445 2863
5353 4549
2595 2558
3694 435
1064 4655
6847 6839
8106 770
3214 9059
1788 1898
9322 833
1941 9331
4863 8821
2676 4001
9742 5701
4100 547
9180 8728
6620 9284
8310 2731
4678 3856
4222 7921
7220 8501
7562 6785
4392 8613
3867 2448
3879 6825
5377 4779
8506 4667
4893 9687
6315 510
370 3528
8838 323
757 8350
1880 2331
3255 1662
7756 1603
1551 5825
2555 1799
1300 1933
4050 32
763 2048
1109 4168
9148 7956
371 7679
1050 2694
9879 3945
1060 5818
1126 5009
592 8190
771 8904
8976 8808
8212 2677
2809 7684
7101 3036
8694 3180
4426 5845
1909 1458
6434 6999
4615 2074
368 3830
8090 3860
9575 7094
7996 2445
5012 3251
8598 9183
1328 9682
3716 8967
76 1831
3530 6587
2836 2522
6365 9622
8088 8809
2 4215
7079 2104
5301 8482
3502 439
1692 3394
9061 8027
7487 2542
5925 8387
3890 1996
8966 2781
289 6458
4595 8556
6851 9635
1123 8815
2548 229
334 3299
7518 5259
4455 1942
3920 494
2849 6945
7678 5186
8753 7340
4730 974
3707 63
5716 3604
138 6747
7605 3552
5296 5202
6431 1634
2338 9332
796 5646
3105 7603
4353 7864
2549 3394
6032 7655
6807 5423
1684 4536
5905 475
1369 2918
1986 8959
9852 1301
8265 9591
4056 8369
3645 8408
1258 9937
7882 6875
3604 139
3652 488
9730 933
9461 886
8482 3658
7654 8047
2716 1337
6815 9797
3000 6392
3922 9509
3247 4064
3406 4622
5571 5660
894 9007
4351 789
8564 6534
7516 6131
8610 1125
108 2289
3236 7040
4982 8539
8449 3700
3303 2865
275 9760
8833 5658
7823 4229
4136 5612
5610 6428
6042 5703
26 41
8021 7315
9816 5272
896 2344
3584 7361
9339 773
3480 3124
497 4314
2732 1681
3038 6064
359 2218
6813 7763
6332 449
6598 4269
9267 7322
7908 259
7322 402
2688 2763
1228 4659
7051 9131
2497 6095
2740 8164
7975 4807
8070 4782
5873 6772
9718 9737
6546 3700
2034 7926
6418 3681
4589 2504
4046 7047
5 280
5230 6071
1155 4139
6091 8928
9094 9516
6559 7725
7343 4769
9905 496
3270 7620
2441 20
3013 2619
9131 1550
7584 6877
8411 9382
7896 5910
3728 5135
1790 7599
6146 8520
3958 6759
2171 3446
2074 4849
3436 546
3464 541
1377 5591
2787 3209
2532 9156
1121 9995
9427 4892
236 8196
1959 1853
6682 3869
3226 607
3705 6177
6881 4740
9221 2730
322 5434
2721 8622
2248 3278
7021 6444
1841 2251
2207 8614
9501 4400
8764 8927
7813 9604
3865 8573
6519 7925
1464 1688
8540 8170
1209 1372
6857 6416
2191 9751
8963 7379
8738 2130
9313 8863
2900 1202
9234 850
4917 3782
4025 7831
3096 3408
8197 8341
8644 7390
2217 2082
3457 7177
1831 479
3613 1147
9803 9480
1701 5842
8256 2171
5786 3090
6346 7469
849 3919
9160 8652
4203 1638
4433 3624
7613 3977
1559 6449
2757 2210
8232 9566
448 2783
8598 1821
5223 197
3823 3226
9647 7370
9669 7165
167 958
2868 8804
5498 3206
8489 3446
7785 9296
385 3832
8348 3037
3079 5414
6373 4297
205 9260
456 3808
9943 4335
1612 1216
5570 6481
6085 6346
7943 6198
9893 7630
2530 2398
6203 8846
4567 3415
5112 7296
7212 4090
2039 9766
6709 5647
7817 3927
5774 8437
7936 4799
9188 8229
6774 933
7177 3385
246 1612
4172 5519
6775 978
5097 9118
3441 6724
2538 7313
7794 9176
4672 5357
9003 4755
9130 1566
3889 7442
7882 4983
1824 8091
969 372
7465 3418
7312 5210
5336 5753
1735 4571
2059 7509
6868 4919
8355 8622
4289 4261
7568 8787
9211 7664
6489 5066
4516 9297
5911 1560
9031 5412
6524 2470
1263 392
126 7212
4448 2348
5724 1940
3899 6034
8377 3166
5980 7420
102 7456
8052 8488
2353 1452
7450 7782
8029 8154
1104 8402
4703 5296
9583 9713
1377 8686
4599 8673
8603 3145
8187 3452
1630 7219
820 2556
6727 2605
8209 144
3540 7586
2891 1689
4670 5883
1302 2687
575 267
7160 157
5779 9228
8828 5862
9179 9867
8353 57
2965 8881
8075 2313
7334 6439
5096 7899
2197 2981
2741 3494
2282 9077
6177 8735
9905 4649
3413 5367
2569 8341
7761 3327
6591 2860
2172 1840
5119 7697
9447 4566
5531 6802
1934 2168
9062 8268
8427 9788
5504 6678
7679 5915
141 6626
8597 1490
5621 3769
409 5513
3169 3371
5500 4302
1186 7918
1702 3699
2838 5870
724 6616
3096 6309
1861 6450
4095 2277
8463 5529
2737 8140
999 7694
2266 6286
3399 7562
5575 2901
3558 5956
3523 2918
8582 779
3006 5359
7975 579
2458 633
2288 6124
7359 7274
157 520
3383 3707
2362 8871
8295 9118
4885 9074
7405 5287
9203 252
848 2655
3263 4014
3157 6725
3370 7334
8273 6752
9160 8469
1195 9134
4833 3758
2443 9745
2051 9366
9715 5269
6872 7211
8562 761
5104 2589
1414 9770
7829 2914
2202 8613
9171 5496
4896 1729
5882 887
7832 6184
9409 4049
8928 1859
1135 6929
5263 2910
5063 8438
9178 8499
9214 9435
6656 5326
7265 7614
798 1411
9310 6864
8640 835
9361 4564
9625 8091
9489 1150
7026 8191
7469 690
1166 1251
7062 733
1306 7457
3955 2989
8617 9020
9131 4383
7318 4991
8024 2625
1570 4138
682 298
5906 9188
12 9377
1499 4220
8110 6016
1401 389
3257 1885
2975 6836
4230 4624
8262 9605
3968 701
2262 499
5113 277
2870 2459
3268 6659
8867 472
7280 7968
5739 6559
2246 2768
9834 90
3625 3633
7070 499
994 2529
6899 72
2935 8148
1624 2240
9046 1720
4552 6793
4158 2140
4497 2064
8555 730
7817 7171
8945 5827
5393 780
1245 6148
9168 7821
9545 4024
3187 9623
2205 7622
9853 8526
7492 6355
3037 8501
3691 1306
4757 5481
1954 4820
9974 9810
7542 2212
3803 7654
8419 6454
7414 8447
4000 7397
6306 4270
1356 2518
1885 3943
1661 3745
1961 928
3589 3060
3708 464
912 5304
7560 759
2739 5187
4115 7972
9677 1711
7685 4670
9552 5596
720 9877
538 5013
7399 2431
9289 5485
913 3291
2811 3289
8295 2470
8531 679
1365 9429
7544 3027
9136 9204
738 1051
1831 6276
4895 5330
1395 9070
6207 7293
1894 502
4352 936
1096 8673
2400 1754
2768 9426
4773 1912
6387 5183
8379 4213
9568 2763
364 8173
416 521
4952 1708
4996 4222
9084 7105
5226 3238
2147 7967
4839 5499
3477 4531
5622 1584
9521 4379
284 3242
9138 3541
1305 997
8290 8278
1133 2502
3841 6970
3481 2037
216 2435
3848 3146
8103 3393
3025 1742
8050 2022
2020 9099
5345 5163
9363 7730
5037 8260
6293 4379
1383 2183
6448 7724
3375 7029
7421 1069
3118 190
5808 4098
6248 8371
8811 4641
9752 2330
7405 9999
5211 7206
398 8413
8781 3430
5906 4918
8507 8742
5327 1599
7840 3112
2836 1203
9824 8531
5043 8969
5214 1526
8081 2505
2531 31
32 1965
9740 1750
9628 3717
8096 1312
532 5383
3265 8509
9449 5324
8264 49
6077 3553
9364 4331
9065 8760
8439 701
5910 4218
1439 3602
6383 9145
2146 2831
530 5979
1668 6941
9045 6424
3690 5474
2262 6613
4292 7591
9388 4341
2033 2953
7938 579
4733 8408
72 8572
928 9339
8210 9443
6970 7808
3917 9952
8907 354
3315 443
6057 4097
2981 5757
431 636
603 9061
9464 5348
3602 2131
2688 1401
472 9083
9898 6371
2315 5594
9885 8818
8194 9000
4484 6047
5155 2722
676 2652
9619 5754
744 8867
3097 2327
