placement model: 1slider
width: 10
height: 10
number of points: 3000
8704 4715
7940 942
1438 7036
3170 7749
8459 6413
5857 647
3227 1112
5280 3915
2412 5469
416 2935
3461 673
363 1367
2781 7413
3125 4034
8944 6560
6682 1364
3266 5002
1312 3823
1866 5689
2777 3745
6839 1710
2876 4323
705 1055
5672 6300
8092 8427
113 1144
7574 9050
5766 1055
6721 9357
821 5764
6442 2661
9891 6264
5201 5077
15 5704
6407 8678
3089 2604
6940 6756
5182 6795
2153 1369
1900 3290
8593 7430
3683 6989
5309 7779
8749 4645
2696 8854
420 1326
4956 3548
733 6029
9897 9769
1628 3388
8023 1685
4166 786
7996 8503
6505 6329
7587 3969
7307 9974
5430 535
3613 7756
9917 9051
4699 5178
942 5718
29 365
9621 7088
8660 2552
6551 4678
2214 483
7131 5127
3268 7144
8224 4551
2846 4554
5273 1513
6755 7959
4781 4968
9069 4313
3092 6632
4395 3108
5540 8288
5752 864
6430 9774
7020 2629
6822 7667
4813 345
9609 4547
8472 2580
7989 8858
4492 1395
4528 2481
8952 1679
4459 3017
7694 3904
227 9517
7568 9677
3004 3314
6264 9149
2601 5122
3722 5660
2642 4159
7265 5796
7088 7125
8010 5086
7256 6031
5084 2997
736 2777
3084 4277
9389 9274
6801 5285
2910 6734
4319 3834
9220 6675
7957 9201
5896 1185
3495 1243
4809 6281
4526 4225
3754 2048
3163 2706
1857 8860
8824 375
3302 7038
3087 8909
8200 3995
5421 1311
7880 2187
8465 6778
5715 3841
8580 5730
5214 5722
276 8171
9308 508
5738 7055
8332 8575
9399 8213
6226 1046
2910 496
1498 1489
8024 7670
4852 4620
147 6655
2643 7788
5263 4740
5476 7238
1331 452
4715 1104
239 5660
8561 1863
3805 5986
9073 8905
9093 1204
7899 8051
4095 6680
5141 6811
480 480
843 2947
3842 1637
4696 6002
3234 8187
8516 801
6618 5499
3512 5014
7430 6044
2871 2715
1303 8688
3256 6488
6730 9785
8242 456
462 1525
1241 5532
653 1948
2936 3567
7630 6341
5464 4572
1677 3940
5393 5663
2063 9378
627 405
9840 1472
8190 3703
8308 5790
7010 3215
9998 3278
2516 6024
6243 2645
1032 2219
8059 6979
9398 9450
4732 6814
6278 7492
367 4914
6351 4232
6406 48
7230 9090
6331 6861
1158 8857
1948 9570
3011 629
1908 6996
9244 2367
2105 3250
2401 3037
4037 2784
5381 6308
4492 2788
688 2740
5308 766
6686 8331
1748 6265
6883 7492
5156 6393
2761 7938
4262 7756
8422 962
9000 4629
3437 3557
1674 2768
7588 2323
9668 9483
6368 4502
6249 7881
2108 6316
5983 6308
2238 3846
3525 1535
7261 3794
3288 4097
7605 7433
7519 699
6186 5299
5174 1275
4727 7361
136 8618
1654 3432
5031 2505
7084 6250
6312 4844
8013 5665
6712 2221
9964 232
1975 1335
8715 8774
6437 1
5079 3968
2404 1377
8132 9908
1493 4364
3319 420
2060 5329
8786 2128
3119 737
7510 2100
6311 7591
6786 1498
639 6579
3535 2156
3801 7848
9059 932
9671 2851
7287 1002
9453 6280
4290 3238
7840 8505
5705 7999
1594 1986
7042 10000
1228 1822
9095 5296
6439 6703
9920 9216
2122 964
4882 7562
2499 1149
5156 2595
1562 1606
2052 6576
1051 4708
8242 8622
1181 6854
6561 8689
7114 275
9320 1527
5762 8713
1150 9766
9591 8666
9930 9415
2107 7207
423 3062
9144 2838
7566 386
9067 3022
7135 4347
7470 9802
3950 4673
1198 5854
3169 2146
1216 2631
1804 8787
9364 4169
5664 4964
9166 6484
389 2983
8889 4275
7899 8681
580 4295
9062 9408
1424 4417
6906 8384
2275 806
8838 9346
7651 3863
8820 4019
2416 3434
1026 8156
1999 1236
1163 8352
8290 4961
3184 7104
4069 9905
5028 2274
6340 365
841 6514
1824 3815
833 3459
4509 5854
1695 6198
7736 7569
9818 6712
8407 9066
1543 4194
916 9220
2633 3817
9136 5573
8787 7837
9342 7313
9192 580
4654 9496
2720 1093
5981 1514
3602 7678
8201 6341
5374 7070
7484 6128
8454 3427
4699 4584
1288 7710
5262 857
7672 6720
7824 8581
5137 3328
9728 1538
2482 1451
7348 2502
1301 919
8492 4432
3263 218
7650 3737
2371 705
1063 1961
3827 9179
3884 7680
7627 822
7755 5375
6186 2547
6140 7841
76 5964
1663 6082
2560 9032
9439 2669
1186 957
7492 3483
4779 7333
4182 8190
7905 5155
6472 5748
7699 8403
3302 9831
284 7781
5320 8593
3063 4075
9236 2781
2366 5217
5108 3247
369 4663
6600 7300
646 1240
1479 4572
3775 8131
6552 7066
3919 3585
197 9232
1529 2081
3505 2754
5924 9481
3641 1078
4563 7219
5302 4298
254 6820
5623 6265
5594 2420
2611 4716
6248 6689
4951 1363
8655 5122
7319 2696
1441 5900
6614 7709
3077 6866
5668 8054
1907 3578
7651 9670
2032 3594
4382 4741
8302 6798
1960 4846
9979 9497
1992 2070
8601 8167
2322 5544
7011 2679
7328 8850
5286 872
6300 3098
3898 7852
46 6609
4923 8825
2381 455
1585 4520
8633 6344
8138 296
3767 4122
9280 6768
5859 8712
473 6300
172 9613
5572 6380
4868 4610
5355 4137
3940 165
8048 9147
1946 3353
810 11
8023 3077
1428 3725
7636 6658
9311 7804
8001 4051
4866 3485
8754 8107
579 5745
6346 4805
2016 1419
9014 2612
8117 1108
6896 3774
7992 4389
3633 8922
1820 2955
7436 4901
243 9450
7296 8764
1375 1801
7472 6626
3293 9759
2590 8285
1524 361
9040 6023
9187 7146
1905 7136
9238 6717
2131 2369
6396 7472
3671 3291
3108 3607
4588 9332
7 6259
342 9599
3711 351
9267 3271
9588 2512
7048 5757
37 2332
4077 9870
957 5166
5600 8533
9199 6127
8664 9408
9069 4146
6372 7262
5919 5558
1625 1745
1120 4508
133 6221
9997 606
9909 4865
9785 6938
779 342
7672 4846
2875 6991
6764 815
271 266
1718 5426
6370 6620
8918 5596
1566 9917
2461 2075
683 7969
7233 3873
4685 5059
7683 6001
9941 7151
6519 2502
6832 6658
7307 3485
1806 4024
1344 9843
6972 8223
5578 6271
5973 259
3636 3049
6789 7447
7094 6123
2629 3914
5823 7771
7104 1535
4231 9161
3996 3184
3517 7298
2428 4004
2987 2768
2987 77
9990 1823
1574 5912
2065 2033
6191 3763
818 3419
7349 1950
139 4436
4368 5529
9875 2517
3466 5148
8723 775
8859 5866
2662 1955
4808 765
5785 194
5692 56
8038 6817
3675 9361
579 9707
3963 2438
3634 4913
4016 6748
1313 5525
1209 3063
4067 9309
3151 2903
7760 7759
8342 561
1623 2883
7756 9480
1751 1957
3549 5683
425 2436
1116 3353
1874 6606
5592 4786
3797 7150
8872 5246
7792 2258
6912 1415
8019 6869
3122 2089
869 7361
1375 4326
8695 2687
2933 7890
4008 3881
8747 1377
7748 5983
6686 1133
2291 7159
543 5920
9717 1134
480 6183
8088 531
9003 6668
373 6071
3689 1823
2773 599
3933 3414
6970 7948
3757 9256
9074 163
9835 5736
2103 1168
7013 5807
4184 6844
84 4426
8330 2975
2058 6033
8332 2774
4571 16
7334 4548
1350 9170
1062 2746
4541 4715
1425 9777
5252 9680
136 2269
7358 8914
791 1890
3102 1235
9701 1815
3537 9322
1895 8985
9719 7605
9980 4095
9458 9309
7619 9744
5885 7516
8542 6565
8000 3343
660 6330
6012 3664
1069 5462
4431 4631
6580 8646
8113 8547
5340 903
325 9982
5937 4273
2921 2084
2380 4043
7489 6716
2604 7655
5428 670
1148 2322
9814 5539
3467 6927
3530 8007
4124 4948
5024 7144
6412 5348
2434 9569
4638 9441
22 7547
7382 6308
7183 934
3264 3423
9213 2370
794 1023
2463 2175
5542 2610
2718 2341
7002 740
7952 8960
3028 9666
4612 8523
5209 4028
5872 2425
882 1249
5918 7240
2105 4775
5583 8349
5971 8980
4094 5520
5551 4690
6625 9801
6310 4923
4332 2919
7303 1435
6011 69
9107 667
2142 9787
2341 4371
5218 8719
2144 1733
6546 2631
5908 8405
5438 6765
9131 2314
1143 4800
2649 7733
1562 1236
4145 7675
1740 3143
7776 6708
2260 5770
5793 6759
3554 6139
9249 8402
6676 1437
7841 566
5426 6633
6116 2287
6443 9815
8396 4137
9652 319
4715 2255
9192 6438
2323 1550
8398 3742
6977 262
9342 8717
4091 4189
8095 5848
1733 3383
1346 5769
317 6023
2037 835
2821 219
164 269
1050 8017
7959 6030
6901 112
6691 4280
7254 1339
626 1705
6935 5344
1778 5486
8003 2435
8723 5959
65 2103
8605 4146
2361 8536
5301 4498
6171 279
4704 8398
4240 5098
3453 1102
9945 6783
8345 1698
3281 950
5306 8839
5715 8994
569 1125
3431 3796
5076 7485
1090 2194
365 6055
2529 1144
400 6099
2654 5925
8079 9152
8815 9577
3083 584
7990 5904
9136 2267
4962 4750
1863 8594
7521 8904
3293 5199
6847 8419
1286 6753
4383 3263
5318 5436
5761 789
2721 4573
4925 2081
7614 2259
1888 4391
1661 9190
4230 3457
1052 1193
4976 1869
5515 1151
5008 5596
347 7290
8357 1177
1684 5261
8801 9181
5322 3351
904 9328
7045 301
9907 2402
6455 8756
2820 9730
6041 4844
3924 8433
5812 2923
7235 6261
2143 687
5142 5317
5910 4042
4168 3815
7455 4457
8323 439
5794 9617
1176 2080
9831 7063
1817 1566
3373 3020
4801 8901
4349 4036
5807 396
7976 6743
9336 5008
2371 3202
9154 2794
7297 9740
1061 7966
9836 2645
5503 146
3762 3204
2586 4920
9449 8100
9576 4741
3945 8578
2211 2050
2778 7034
4964 3876
2550 3227
8424 5414
1763 3124
6431 2099
7018 6091
3219 7905
2075 9193
4043 5111
875 6109
5102 3556
8662 4692
6594 5541
2138 9553
1887 1902
8534 1054
2755 3164
6825 6448
6593 4063
4902 8892
1629 4320
1914 3074
9624 2872
660 2526
6698 5018
136 9817
7012 6701
8838 6240
820 2294
9923 9783
6828 9315
496 4532
7417 9135
2428 9146
4304 7212
8436 928
9219 9756
8455 4465
6511 1149
1359 2419
6014 2654
1706 6700
4351 8414
9354 1895
7560 4668
5795 184
8310 9580
2335 3239
5523 617
7492 4216
1019 2121
7436 699
2557 8230
6349 8372
85 7197
8117 4827
6667 1063
5307 315
7016 6282
2720 1689
5520 8994
4820 6625
6005 2679
5650 5445
860 3578
2035 8871
2108 6775
9637 6006
7805 1146
3876 3515
2939 1475
2003 7472
7225 9480
579 6530
747 7781
3004 3832
3958 1262
5525 3488
7240 1899
8666 6531
5335 9421
5094 8236
9880 3375
4452 4584
9356 2743
9613 8965
447 9521
5119 6851
9505 8305
5206 3555
3787 2732
8831 1042
5571 101
7109 3418
3786 3834
2239 9893
4388 9882
5674 4628
9183 6985
2099 8111
2691 1681
1580 6810
9944 5033
3260 5969
7347 8454
4816 5020
6414 7578
5190 4195
7228 6352
5845 7331
7127 9262
0 1189
6296 7770
4862 3523
3416 9449
2296 2902
8653 5206
360 5008
4142 5442
9712 624
3068 4841
5036 2518
4405 3535
6565 2698
4358 759
361 2114
2716 3036
9360 9817
303 4860
2027 5887
6188 8971
5979 9576
8437 1333
45 6719
5493 3458
1261 1405
6637 4533
7119 9778
4892 273
9466 5130
8531 8044
3301 1816
7109 7498
2389 3594
1998 2914
4671 5879
2083 4876
1355 4109
103 5256
7088 5440
1877 5239
647 1057
4473 5777
8774 4881
6630 1188
6787 8895
8249 463
1090 5283
3049 4439
329 2629
503 4291
8203 1077
8861 3417
7414 3942
5653 6197
9594 8677
2581 5716
2621 2519
9971 2348
9768 3574
7186 3524
3587 9808
8143 9820
1778 312
8665 9660
3877 8063
8924 6780
1048 2769
5250 9784
3370 1700
1831 9502
6945 979
462 2478
7838 6830
1436 8305
5147 1594
2530 5627
5258 4625
2926 811
6269 729
2506 8795
9486 4178
46 186
6382 8869
3200 4402
7069 1953
4672 2403
5590 8568
7375 9687
775 632
3522 1641
7135 9279
8949 1316
3386 4455
1965 3437
5165 1934
7288 2436
2296 1177
8962 5510
1420 8777
1879 2196
2981 5665
1201 9760
4628 4841
8385 5689
9484 4257
3731 9924
2861 2938
3887 9900
4203 7166
5855 1938
3162 2179
8685 5456
9546 7958
5149 7061
261 9859
1189 9597
9288 4670
8938 7135
7141 9307
5840 6717
2635 2342
7603 1900
4571 2904
6656 8050
5724 7883
5714 7257
6652 6230
3085 6595
8409 2910
2416 469
8089 8679
189 2042
5076 2890
3929 2542
6510 9801
9910 1400
2074 1410
3488 3783
7554 9565
8911 6695
5585 1442
8489 2025
527 1484
9656 5697
7325 2139
8666 3307
1315 6977
5101 708
2185 226
5384 3573
6267 1655
7071 6151
8365 5709
6970 1781
6930 8524
1975 475
5169 5798
7243 5438
8727 9646
8273 8642
2940 5245
8387 7775
1147 3715
1074 7728
637 2327
7228 2155
2995 6478
879 2167
1133 9267
3846 7346
950 954
5806 4028
359 9104
256 1963
2907 5855
9615 4443
1203 6171
8503 8081
2929 4530
6212 5312
2231 9418
8062 7205
4182 3321
1011 1666
8205 5807
3067 4318
4514 8132
283 1889
9851 9264
8289 3240
78 1274
3003 7460
8275 847
893 7211
5505 2220
9854 2605
942 2177
1092 3311
6784 189
7419 3921
6991 9370
1281 1904
3065 5005
4801 7325
5202 9913
2937 6764
857 1029
2145 1284
536 5150
3825 8174
1730 2463
6304 7091
2101 9297
748 3368
9494 3239
2151 5278
1569 889
712 8372
8901 7441
4905 1209
6249 1075
6887 9207
8017 296
9409 5209
2450 665
3118 7765
4100 7453
6537 2905
7237 983
491 7159
9320 4292
7495 3240
1518 5523
4622 9012
2038 1209
8096 249
5073 4092
3810 429
7788 7714
8001 4271
5314 2777
7968 9680
9595 2590
4655 5650
1077 3178
9371 2612
8766 9434
1954 2574
7901 3886
4390 5518
5407 9565
9549 1380
9505 2380
590 3415
3010 5320
6437 5579
8267 754
2085 2629
4345 5830
8890 7370
6191 580
2860 2119
3329 3749
4008 3234
4992 655
701 2953
8258 2798
1839 2875
3129 2005
6740 9209
8012 222
7191 1625
2261 4403
8176 5063
5018 9627
8159 4741
1438 1932
2513 6139
9477 2503
1092 8104
4214 8710
5309 3842
8482 2492
8059 156
2274 4706
4086 4862
5730 4241
3741 8094
858 8619
4831 4986
5445 837
9483 3509
3533 4452
7053 1711
9330 3031
9859 7339
6162 2226
9548 3463
4428 8462
3089 3766
2428 4536
9703 1902
6808 5981
3821 2239
1775 90
5784 5160
180 7338
8553 9292
6069 6180
2760 9078
4935 595
470 4644
8452 4842
5805 1996
3291 5469
2971 3433
8798 1792
1931 5072
7181 2660
356 1429
4375 9417
5382 204
2620 1887
6390 8060
6141 9538
7440 3224
8279 963
2328 6851
7241 8862
4962 2676
9411 3483
9701 2546
4337 1262
7954 7771
8232 8201
9432 5674
6304 5228
9848 5740
7372 9581
7215 5237
2577 7509
2043 7965
9721 5931
2200 3408
2227 9437
1578 9226
1431 1190
7306 6084
9085 3848
8941 782
3854 4880
2241 1772
9202 2838
1302 7387
8976 1245
9155 4622
9050 7579
1643 864
9557 7770
4740 9392
7951 200
3364 2446
4956 6121
8847 1855
4510 3851
3530 1050
7596 8342
7604 1783
3509 5997
2500 6172
4484 878
5587 4468
162 2572
7508 1261
1972 8920
115 4235
1933 4842
7285 8109
4223 7781
2789 1472
6769 1006
5145 6852
3964 8506
4496 1141
8190 6604
3829 3247
7089 2853
4067 9178
1727 4929
243 4731
2867 1528
1225 8971
3258 5612
5742 9822
6060 239
2258 6503
6133 9518
449 806
7676 7317
7002 9067
6830 6108
6041 4878
7907 3693
5567 518
9004 2561
1603 3657
8454 4546
4419 9752
5622 531
8218 3897
8589 4523
9499 8790
4286 4925
1925 9834
1904 1831
3106 9243
4071 908
5450 9661
8913 3045
2891 1557
5435 7183
8306 1473
3994 4342
4512 1777
6907 8301
4228 8964
4877 5791
8078 8262
6215 5665
4161 4647
6619 2728
8064 3679
9116 682
6204 4498
620 5589
6884 8520
1579 9372
1815 6815
211 8345
7104 6635
8197 8269
8311 6142
8191 8266
5205 1973
2281 5343
4473 8509
717 848
5807 8533
8774 6252
3492 1660
6719 9260
6483 5554
8664 4611
3774 2048
6287 7494
2973 1702
2829 9481
3934 1735
639 8062
6090 1712
4718 473
383 18
2794 1851
556 5823
9099 473
7122 9367
3434 7951
6958 129
9760 8815
3755 6273
2492 602
8696 1730
523 804
7672 7457
3488 2238
3439 4775
9842 3998
5973 7594
4187 3252
5865 1908
3802 1533
1450 8948
1362 3255
8988 7110
8383 1863
4445 7705
8908 3392
2576 5243
8360 7998
942 9273
5055 6513
5478 7115
3811 3394
9544 756
6900 1676
1034 792
7313 3631
4239 43
4695 1271
5491 4748
5849 2810
5089 2675
191 5555
6346 1971
4854 6903
6717 1839
6331 4052
9082 7761
5694 7513
9396 691
4459 2683
9692 8926
2594 6967
1397 3491
7645 5522
4442 3290
2667 9885
1405 2727
8004 3981
3024 2385
5439 3593
5335 8965
8862 1618
3784 9549
3497 2641
4849 9082
254 5165
1851 284
704 4765
4872 7383
2806 5536
1795 7824
6146 4664
6919 8285
9646 8038
6000 6403
5931 9381
238 6607
8332 4863
8043 4964
9426 7797
6514 9712
7206 5179
2956 1223
5060 2532
742 10000
6721 1734
3014 7307
2676 3006
5629 6270
1986 8190
8936 8155
4587 5422
3930 9435
5222 399
9453 6355
6649 593
9997 2654
8243 5882
4119 6041
3966 8690
1041 9617
156 1903
9392 2946
2753 3128
2918 2612
5920 9036
7760 8275
7512 5046
627 7665
4957 9057
5056 7059
6654 9648
2272 8425
9706 1049
7440 1670
7128 6625
3542 562
9181 1682
1208 2532
9750 6314
620 2324
2756 5132
6619 6075
4829 5341
7087 1934
888 5233
5890 3247
7437 854
7719 4860
8935 5412
7105 6365
1423 8957
6807 8801
7355 2161
3148 5217
5114 3044
1386 401
191 4106
3935 7592
6148 4335
8156 8461
1916 8465
4311 2942
2721 7366
3989 256
777 5357
9820 2885
4967 6918
1745 3738
8012 791
2753 8785
3488 3290
9006 73
649 1315
9985 2065
5918 8103
7325 8719
9752 2656
8044 536
4991 3824
2988 7643
6367 4422
6581 9791
9073 2545
5020 4366
5214 6429
517 5594
3842 6267
9591 6668
160 6493
9667 6527
2710 8089
3018 5634
4172 1464
692 5707
5689 5272
6607 6622
4120 8544
2336 8200
2807 5266
1271 2028
2556 5554
2257 9809
4167 3947
3740 3264
5458 9979
9427 7228
3166 1742
8169 2881
4315 8608
9637 629
1202 5751
2555 2180
2562 1223
7365 9739
3736 7363
7555 6974
9577 6452
7751 1522
6587 5641
8610 6925
9970 3651
1763 2133
4403 1006
2236 4893
4929 7630
3761 6357
6030 5599
4601 450
2871 4605
9754 6758
1796 8002
4847 4622
8164 9671
7964 1632
1682 1834
2704 3952
4931 5453
9030 5930
1512 189
4888 3976
5775 5338
7398 3612
7737 7215
4296 9536
5179 2015
2059 2421
1184 1601
4368 4698
8540 8638
567 9850
2577 2431
634 6054
4188 8029
2932 8540
5928 314
3671 1883
7232 1731
8898 6850
7230 4303
2465 5513
5910 5123
5275 6507
4593 8967
7270 4187
3556 6965
6382 7017
7488 3382
7378 4161
5576 9991
7480 6999
3390 3059
6169 4612
6386 2608
507 5957
5 5971
4598 468
6142 8221
3646 4927
1398 2552
7449 5577
5127 5576
7134 9732
6306 5131
1611 5742
1376 8934
4371 6406
4917 7900
7080 9469
1486 5871
8598 2468
1642 4094
844 1596
3465 1253
9254 4613
1698 3180
6760 7102
3925 9317
343 5742
5307 2371
5769 1750
6401 9412
4579 1633
5038 7735
9741 2800
2482 3421
2469 4951
1878 8798
489 7695
9225 1295
8349 676
8285 6581
302 8038
4053 4845
2037 5844
2170 5134
212 428
290 2412
4960 3680
723 5818
6599 2711
3470 1004
9823 8074
414 9827
4126 3419
8704 6694
7619 1007
7460 1282
1734 3417
4093 427
5117 4521
2022 9204
8316 1634
5210 7783
8105 2291
8798 989
7720 8187
6216 6380
431 671
7484 2433
657 3784
197 8521
3600 9992
8895 366
7650 459
1569 4623
5515 4041
7625 6842
6075 4799
7050 4355
9950 7582
1226 2687
2853 5710
6637 1406
7475 5522
1909 511
5214 4258
4050 9403
9856 3140
5852 5898
5651 4865
9626 4902
9012 5826
9896 4177
5869 1604
2044 5334
7493 6824
334 3843
3343 3903
9677 5949
6143 9823
8781 6400
9499 6419
2109 6234
3308 5310
9447 3199
9302 7345
2442 2483
4906 9601
6657 952
8639 1343
8705 7729
318 5280
8703 9570
3674 2929
7960 2447
7537 7231
9424 8578
582 489
8943 6754
2119 3929
2365 5522
3560 9077
9800 5254
2820 6361
4596 138
5030 7995
7927 6896
2044 9670
3095 5369
9427 5814
4110 9048
9796 200
3623 6675
668 8236
4101 8847
8476 9493
8602 890
8398 3750
6873 931
2814 5970
2721 209
950 3466
1716 7332
4520 3257
9393 2836
7269 9513
3905 3512
4368 47
598 3231
727 5774
436 3353
1483 9282
5854 2661
4555 3776
2216 9034
4683 1193
6766 9402
5304 6303
5345 6968
1951 165
3299 5512
2365 8968
7391 9435
3630 8360
4856 3592
5860 3342
978 7981
7494 8022
5331 7016
4411 8416
7426 6741
5729 6052
1978 4635
2033 3940
6778 9592
6943 5774
6710 3389
4555 2723
906 9627
1417 3252
8294 3857
8790 8567
5519 3179
3549 5825
3019 2285
2434 6438
4703 6
6269 826
59 4393
7868 6874
4016 1535
3090 3223
9484 5330
9338 1615
4939 7778
7146 7677
6015 9
8456 322
6290 3858
7229 5272
1320 9261
9936 5836
2341 7740
656 68
2783 4746
3150 3791
1942 2385
9751 2018
1465 7103
8 9084
8367 1350
3307 4542
5079 9132
8138 2538
5478 625
1094 7762
2135 4595
2575 9747
8243 5381
8797 5494
4073 5256
5054 6340
4999 2667
6217 7875
3711 7492
5298 9101
4398 8866
9279 7358
9781 6213
9901 4387
9360 4639
960 5741
6181 6435
4495 262
9443 8630
1437 7749
3068 7473
2633 5827
9936 3895
2095 8113
163 1487
6647 9734
9249 8200
5233 9971
5273 6133
8383 4214
5370 4459
4816 309
1397 6185
8814 882
3946 9489
1893 2612
9580 6443
3752 6119
2628 7432
2612 1244
3754 2238
8709 9361
8414 5437
3856 1333
4031 6860
2217 4732
3266 6110
9063 5673
4318 99
8914 2372
4212 1893
6618 5370
5300 5070
7684 7532
2896 4668
3881 7573
5858 9716
219 1671
1553 6797
6683 3635
9341 2783
9894 5864
3408 5724
5819 2149
3360 773
5351 4253
9070 2152
1832 1886
1281 2815
3082 1921
9809 5549
3990 148
2800 37
145 1436
1061 5369
8590 9880
426 9497
1219 7031
506 9139
5625 4172
7164 2285
6445 5884
2949 3002
5149 4211
7484 4930
5491 3162
7436 4251
4934 507
7750 8697
4936 852
2308 6973
5358 5073
4294 6954
2210 8312
5799 7925
6046 5882
7013 6745
5586 5908
3364 8618
5088 8001
7729 9069
8129 8007
8185 7654
8901 1376
6793 8097
8534 9245
5354 7563
2451 3921
4432 7578
2520 3617
2921 3220
576 5518
4353 3566
7680 765
4217 5234
6919 3513
4445 1027
9704 5251
4722 2923
7712 5787
5915 6427
5197 4401
7270 8678
6730 375
1222 6491
6597 7728
9878 7448
2379 4546
3501 7845
1174 5128
1857 5128
5517 50
7491 8780
3553 5358
8351 4075
6473 4158
3893 3069
3229 3615
1627 2932
9848 7228
6894 6597
4990 273
3513 2311
5691 675
6517 7715
8465 1195
4574 8973
5813 5934
8582 1798
3960 5557
199 8124
7706 8037
3005 932
868 4914
5835 5358
1125 4790
2196 7371
5150 2008
2581 8722
6734 1885
9257 7467
1367 6213
1498 9921
2224 2872
4666 6487
5943 577
9126 8665
6473 813
5687 9938
6164 5360
1172 240
8367 5714
2906 2143
8408 4393
3928 6578
544 4675
6723 966
3061 4345
436 4309
2432 3288
6075 5117
4803 9717
2035 4408
3258 2118
7817 8410
4122 5394
4107 8596
9894 7505
9634 2610
4756 7508
9674 8309
8241 1857
2589 3018
2108 4789
1146 3501
2690 8747
165 7030
6901 4568
4881 8665
9636 5706
9783 2512
9217 8436
4908 1855
3178 2468
7577 7974
71 5272
7600 8939
1691 3468
5109 7402
2341 6750
1871 6319
4814 982
8671 3350
8249 5861
7412 2735
4456 3909
6807 9204
9333 9317
6069 5399
1467 9989
4840 7731
2108 887
9329 8498
6252 6311
5080 513
978 3449
2149 3712
2472 8878
3096 7011
8787 5899
782 5429
1963 29
5743 5254
2272 1840
6031 8191
5676 6597
3731 8479
7185 1037
6288 1552
5291 1917
4019 7668
253 6873
930 4343
651 4981
7955 5036
1504 2277
4022 8886
8912 1381
1728 4047
5240 8918
288 5450
5679 4097
2541 1958
4482 5497
5796 1102
1108 7166
2421 4445
4022 978
7578 3584
8510 4430
8063 3423
2903 6826
5173 6151
5247 4978
6943 7140
4322 4962
5046 5129
6234 8058
6556 8625
4062 6376
9446 355
5311 9499
1083 8976
6486 5527
5837 7241
2822 1329
485 5475
9823 1813
854 7342
9064 8189
8797 8394
9876 7158
3555 1905
9707 8901
2706 2757
8720 5252
3772 4451
198 8166
964 4699
404 2725
4006 9450
3238 7776
3928 3385
5816 6245
3576 4938
8870 3550
4561 7766
2507 2303
4248 9338
9067 6479
9665 4609
8936 6275
2178 5391
6547 1077
8852 61
2575 4168
9769 6046
8023 3576
5747 5043
7750 313
3603 3960
8567 6157
5342 3330
5480 2486
4374 8760
7038 8089
13 9506
32 9624
4010 532
7685 820
1750 7987
6044 6870
8618 89
7580 3837
1866 7151
3920 2441
7386 5570
5645 6896
7568 9821
4955 6435
8158 480
2414 3591
8700 7150
186 8671
8456 4842
8484 4872
5262 6712
2885 911
7681 7411
4892 5544
9767 8634
6365 8570
2770 7944
5338 3839
2766 6649
7581 3407
8168 9265
8748 61
1225 5021
2580 3136
3477 2597
6042 6020
248 3530
4398 7372
9998 2115
9483 9541
8091 6099
6453 4959
3163 5127
729 7699
5956 9781
509 2593
7447 2840
4318 9876
8942 3239
9694 2113
8209 8950
1445 1149
7664 2787
6355 3668
9556 469
5671 7432
547 7800
708 2558
576 7450
5859 6469
5474 682
869 3352
6681 5630
6192 4187
3691 6528
2612 55
9579 7834
4851 8383
8951 8352
6171 9246
3436 5564
5834 6228
6571 8090
9729 765
8100 4687
710 702
6675 1301
4365 3954
7669 401
299 2927
2646 2356
7615 327
8317 4590
2370 7540
3376 1752
7099 3115
4827 1643
6835 9548
8814 3498
3435 9473
4460 4752
3944 903
9559 4031
9426 9090
3650 6451
4452 9639
9179 5547
7627 5218
9823 5367
2994 6604
9011 9759
781 1215
6343 2505
7408 6519
5188 1854
9283 5924
4229 8794
9372 9015
4952 7206
8775 9998
9083 9887
8059 3901
2041 7507
664 7699
3506 1650
3612 9568
972 1546
3256 6256
7738 3890
7539 855
4905 6974
6746 1293
6366 6283
5208 4700
5232 4245
3258 7256
7744 8409
7438 7563
6385 4958
2775 1579
3520 2048
5181 9397
6079 8663
8897 2962
5056 6859
4134 8770
8737 3129
6664 6053
6147 5924
1710 4151
7162 4374
4285 870
5404 5049
467 8437
6786 6632
1007 5872
4094 6073
8017 8389
8232 5373
6825 2005
2849 9538
6971 4014
1418 42
5265 2325
7269 7257
3738 3609
1199 5638
953 4109
4012 1794
9701 5595
6670 7920
7935 2065
9473 5632
9543 3141
9367 5257
7700 2071
6897 6375
5992 4680
8687 4662
9625 809
8236 3080
5170 4110
3759 6939
3292 8724
2544 7544
6846 137
2335 8998
8091 9955
7094 2645
4760 1977
509 3145
7430 7415
2891 1533
8155 1256
4224 2387
879 5643
4016 6869
8161 1532
2841 4153
1558 5337
3790 8582
2829 1213
7475 7412
691 27
5366 3304
2408 9284
9703 90
838 2396
542 3034
9072 2907
2819 6542
3217 2682
6800 9655
5695 6919
2742 5314
5824 7917
8163 3935
6782 3874
4687 6510
6789 865
7451 9297
9833 1440
1394 9675
4320 1503
5772 5497
748 1109
5634 9890
5666 1141
1213 1154
8313 9438
9229 8708
4132 9985
8785 7123
9890 5099
9548 2817
1944 8726
4489 5170
9408 2219
6965 7505
8341 6492
7751 7670
7497 1208
7326 1114
2349 8827
227 989
3075 8956
8078 6000
4869 283
1791 9828
6560 8017
2544 7641
4171 3298
3501 1295
2891 3510
1658 6734
7004 3217
6487 3044
1485 6416
2572 4466
5531 6567
8890 8327
5582 3802
6195 7988
4977 7959
8844 2284
8142 2500
1501 7462
875 1184
5524 4872
7438 9341
661 3403
2362 4124
7537 4740
6570 9500
5199 1187
2157 4377
8858 7941
1568 164
3144 6913
5766 6749
8001 1530
4812 1491
5940 2366
7659 5349
4280 7720
5002 912
7571 2997
2016 1409
8729 4127
756 2613
8245 2662
8923 7508
3152 7439
8685 1698
2745 9341
8499 616
6698 2886
9773 7054
6309 4622
1414 1837
2487 3235
1317 5406
4181 5695
7860 947
2256 1832
4965 6209
16 5009
8493 6816
3527 11
7280 2574
8124 1072
9897 1000
3611 4756
3079 4175
8358 8870
1063 220
8491 168
2684 6120
1292 3335
5888 6141
6856 1428
2789 361
4999 4822
435 8087
7465 308
9463 271
8040 7963
7933 3478
3345 8544
7573 9991
1671 9256
237 2929
3709 8684
2298 9064
4040 6799
9070 1528
4856 202
3959 5554
9136 1333
4549 79
6043 2572
7573 635
2242 2217
6778 3571
3592 7667
8089 9324
7040 2807
7079 1594
2644 2862
4935 831
6568 6362
2160 4980
7320 9820
8196 4648
263 2977
9393 1340
2033 4529
7469 6546
7559 832
7807 1750
5878 109
7876 5849
5456 890
1872 3416
8081 8675
9051 3293
9496 3503
455 3027
9867 2618
8110 1977
5083 8505
4880 2313
8037 3575
4340 8815
9319 7325
733 6491
8021 6978
3247 4176
2783 3161
7669 786
4893 7258
321 3744
5088 5602
3558 2924
2239 6725
1351 8406
8892 1335
4697 3565
4124 6948
6332 9015
5126 4544
280 886
9151 2102
6330 6781
3059 7999
8240 9574
9205 9510
858 6999
3656 9539
4861 6190
1548 4222
693 7193
184 927
425 8803
3270 4725
5992 360
181 9761
6401 2637
1761 3109
5490 9032
9908 1032
8938 9570
2523 658
8078 7694
2870 5345
7720 3734
5066 4786
8918 2441
2943 9161
9966 7335
5687 6983
4158 3250
3899 1910
6546 9536
5214 6833
9047 3892
3620 1458
9604 2237
7803 9087
3929 319
7774 5809
3295 8
6748 3772
9441 9721
9442 2763
2195 5935
3300 3189
9380 7174
7662 4734
8393 5979
9280 1082
5790 9730
1928 1303
7388 261
4450 965
8237 5365
478 2721
64 9643
5565 917
9642 6049
7333 430
9071 6635
6538 9624
8646 4716
4185 741
337 4235
1121 689
3605 8244
9798 7540
9793 8808
9002 5143
2213 9759
9665 2922
5631 2615
22 4644
6656 820
5249 4386
3208 4525
446 3270
4940 5092
5057 6871
9477 6190
5937 5770
744 4900
4438 3487
4376 2992
3753 4404
1417 4251
4339 1206
5085 9019
4523 1022
85 5316
9479 7081
9004 5226
7553 4324
4206 8321
5985 6701
8405 453
2207 8500
2204 7608
4357 6529
7676 4959
8600 6618
3526 1352
3762 4378
3198 6323
2659 7509
8134 4244
6796 2931
9284 585
53 1386
7656 5652
2619 8482
6642 488
2957 9049
2357 9675
1508 9870
3414 3251
9519 3444
1003 1148
3569 1360
6652 5245
9367 4009
650 8338
5221 8225
4970 6696
9987 1746
2228 8108
6778 4127
2126 5180
3973 1936
1250 7250
6014 8267
6722 7533
1635 7517
197 1477
5501 8729
670 3298
942 9732
9794 1721
4296 6079
4319 2115
5359 7274
6186 8509
6644 650
6731 9374
6391 4104
7001 4467
4208 6519
1390 607
7069 2544
7321 303
1134 1785
6634 8958
6201 4208
5978 3404
381 8529
1080 91
2867 8074
4825 3210
2870 16
9631 3848
3675 2930
8857 8102
716 6371
2694 370
2595 8910
377 4735
9434 2282
6241 7661
7786 9186
1761 4210
1936 8096
5304 1042
8965 7912
1779 3807
2469 1598
2233 6851
4308 4308
3869 3477
5232 2482
4680 5387
5717 990
2076 8146
1865 1920
1471 3034
8709 361
7334 1904
4222 3883
8345 8499
2621 9480
1947 7964
6449 8897
727 6790
7500 1619
3521 4164
3292 5117
1171 7081
214 5764
5319 7164
8725 9132
5537 7457
4772 4036
9591 4784
8104 2762
8302 5454
7468 7595
6579 2576
6751 163
8239 7872
7058 6854
4343 8982
4688 9931
8192 7597
5077 5970
7962 8432
6672 700
5489 8446
3593 6340
264 4108
2824 7603
4232 7873
9281 1736
3620 7805
4628 9201
3903 8933
6837 1841
8539 7359
9877 272
2709 1705
2445 3271
5880 1546
5214 7879
5028 1020
6149 9246
3040 6448
6023 7685
1325 756
6700 9889
3307 1064
4865 4905
1998 7843
8788 7209
7614 1320
5989 9389
5762 5141
1722 329
1264 8679
1490 673
7981 7498
6406 1852
3655 4126
9953 3711
7547 9591
1030 2637
2662 2483
2388 8031
7275 1838
1611 2682
9539 2717
9420 9739
8476 7308
5606 455
1504 3001
935 414
5791 1601
808 8759
7447 3582
4231 2041
7875 7336
5387 3529
4287 6698
1693 5199
8278 7004
3391 737
5485 9265
3704 4611
2103 8050
8295 1872
6596 9579
4941 4410
1956 8313
6166 4923
1893 5639
2376 3554
5468 6568
5005 6189
4024 463
8884 4282
7819 6448
4622 4841
8928 7664
811 8005
1338 4989
7149 8879
3514 7916
5504 8438
186 5318
520 9700
1109 4160
6700 5369
9108 4866
1570 680
8883 4425
1757 7187
7440 3174
8276 6649
4620 6756
6195 8727
1388 7459
6380 204
8139 3277
8387 442
7939 6341
9117 2198
2700 6677
7844 1269
3901 6080
7700 1402
8765 3431
6461 2701
2857 9704
5648 7753
523 8806
1534 4946
3817 9596
7198 4816
8418 6086
1240 2266
3148 9835
331 9907
7200 1734
7360 1231
7289 2587
3333 3940
2604 4206
1821 45
7524 3055
9268 2412
5923 1965
850 5004
7183 6267
9156 6306
4307 8768
9064 4479
8281 3396
9051 4259
6393 2662
3386 8933
4711 5573
6311 1205
1150 2370
8477 6321
3765 6870
8687 3193
9295 5813
2458 310
3452 9799
3510 1968
7865 535
2146 8365
8096 1644
940 7116
9338 968
3519 9981
4945 6082
4693 7470
3827 6281
6707 4536
1437 5321
41 6509
9508 7378
609 7651
476 7886
7012 4732
5086 5784
3521 5822
2 3298
7347 1477
592 7377
6951 7982
3607 7521
6321 651
2133 4820
1964 8664
3660 7296
5525 6880
667 5895
8125 7808
3525 7855
4514 794
1438 6957
529 4609
4635 2612
4358 811
2146 8492
7749 7808
3174 5151
6342 6910
6539 5072
7236 9039
7154 5384
8391 4684
3240 5862
1296 3262
5355 2366
8537 9620
4485 7328
1593 3847
8761 2049
2153 8936
4399 2614
8648 95
3242 181
2179 3382
5690 3202
9765 4220
4532 5406
1276 7076
849 4212
7390 2857
6534 8141
2916 8504
3563 4264
5946 8938
3715 7987
5018 312
9172 1975
3150 6591
1190 8105
2025 2168
8916 3600
8550 6862
1945 2848
8926 4736
4309 3843
45 2810
5798 2724
5187 9871
9552 4233
1539 7167
1148 782
4866 7099
2272 4226
5809 8109
3224 8019
4293 3015
2650 472
8856 8757
6733 5424
9486 6059
812 3236
7997 5091
8118 7690
7885 3347
1284 6741
397 273
