placement model: 1slider
width: 10
height: 10
number of points: 2000
745 7490
4912 4395
3922 5512
1861 3648
1331 2956
4782 9322
7504 5548
381 3765
4505 7081
8006 6530
7324 7102
4585 2844
1331 2913
9394 322
7281 1786
9870 3561
6689 8536
5816 8104
2107 4670
6750 723
4183 7338
3307 7807
7420 5372
1261 410
9269 5383
8486 3588
4887 2550
8285 1244
8855 6686
592 9485
4507 6574
9759 9804
5320 19
8413 4867
2517 7441
3261 3672
766 2500
1090 2997
1187 3147
6176 2455
2632 4622
3062 5676
572 7512
3983 1709
4852 3166
9113 930
4666 3517
7404 8126
3661 3007
6335 5888
5744 8178
6931 7215
2847 3971
9689 5891
9755 4530
6943 6701
2414 1240
9059 6518
1940 6611
7329 2782
5187 4360
5833 3895
1347 2832
1223 685
9971 8592
768 8639
8682 8801
8557 1233
3865 5724
2757 6086
5359 2771
8096 8010
1525 4697
6132 4425
5802 3727
4329 4710
2788 1308
7154 9390
4991 847
2641 6137
7809 7940
5906 3213
9793 701
3904 4423
9923 9953
3591 9507
3334 8712
4619 9117
765 3380
6636 1952
7987 6559
4264 7579
3200 1023
1428 5597
2677 4871
4593 2245
8561 8328
1066 5447
8238 5051
3801 3065
8342 7270
3112 8664
2996 2154
3332 7646
8580 7335
1681 528
2783 3290
5631 4552
1429 1080
1487 5452
2203 9885
5418 2241
1443 8402
4152 6262
932 7516
8664 5548
3862 5976
3150 3670
2587 5756
1538 6788
9589 1118
4332 5
9878 7502
4268 2633
3039 6823
9503 1264
1960 7164
8903 2812
9902 396
5128 7808
3963 5277
95 149
1221 1237
5215 9027
8630 8290
3435 8754
5827 771
2836 5697
870 8702
5965 1420
6189 6090
7812 3305
3271 7060
8045 549
1600 8999
8189 6076
2 3837
4690 5806
7597 8460
1326 7444
1176 668
6777 4741
1430 661
3635 4533
4006 5248
7736 4276
7636 2869
1201 7695
5514 9941
738 7359
9501 2531
3842 960
360 3991
15 1470
9564 1580
7039 5459
2846 5633
7980 902
3211 4296
4474 5632
441 9265
7377 6223
980 6408
8529 2798
2513 1548
1039 3666
6701 417
8652 686
4558 4080
4277 471
9170 7230
7228 4903
8898 3482
4852 9203
7520 6748
6696 7530
4029 7124
7795 1683
1368 3424
8840 2021
9389 2302
7527 3756
2005 8153
7581 5971
5059 8603
3984 6312
5346 5945
7208 8460
9004 4603
228 2682
4763 5397
7962 6351
1031 9478
559 2752
6189 2710
3199 534
6923 738
6100 6850
5717 969
1164 7873
2626 2352
9620 8872
6575 4075
6381 8188
7545 442
1050 6785
2347 7321
2969 4255
5368 1273
594 5502
1863 2721
3898 8706
1046 1676
3065 2321
4887 1886
9067 5722
8095 9303
1570 6081
8280 9043
4556 2443
8928 1851
301 2638
964 6482
2525 3911
8595 2466
4926 417
709 2880
2969 176
7582 9766
7305 622
206 742
3088 8821
2754 2163
1452 7495
4693 5648
3412 1293
3943 6652
5447 7591
476 3941
2044 523
3711 4929
3022 3937
6846 9146
959 6327
5937 2804
3644 3982
2924 9402
327 6708
478 8110
2540 5988
4731 493
9279 483
5638 8808
4463 3109
9633 6879
4792 8327
5197 7430
9560 5276
5701 4703
6324 1546
1597 656
5629 3737
3883 9420
3898 7908
4840 3393
7230 2735
2250 3904
6448 6594
5217 4946
2351 7569
2964 5136
6902 8735
9203 1378
4011 374
6894 5834
6270 6356
7927 8163
915 6093
345 5666
1748 7684
5736 4779
6337 6950
8306 2963
5403 1887
1727 3332
4145 1063
9155 3337
3642 5969
1624 1110
940 6769
7149 5211
7008 7965
6425 1124
472 7986
9038 3666
4846 5116
5208 2626
9872 9885
8218 7450
6069 2831
2860 6478
9072 1628
8854 865
6159 5491
1942 2288
2055 3690
9372 4053
6202 4582
4000 443
2199 4689
9930 4392
8650 162
4480 5139
7725 12
2135 1758
1795 381
2823 2486
4657 6458
6109 8767
2532 5189
6421 1679
1428 3407
5825 6494
284 9868
9135 127
5788 6083
2147 7549
8910 5830
467 5072
4731 6541
8321 5479
9295 4219
4369 3876
3956 1249
7311 8631
957 1062
2248 930
8638 9167
6265 1499
7785 5243
7965 6173
7714 7842
6475 9098
7515 2614
3273 6102
7145 7037
5985 5767
5874 8367
3412 8770
2178 9561
1381 6487
9219 968
6805 226
6441 2923
3670 805
7233 4759
5176 3829
8796 638
9320 5896
8316 5140
4992 7352
6339 1307
6271 7511
3403 9895
3889 571
7724 4715
7408 8289
2396 1062
8973 39
101 5010
5327 5077
8721 6294
3182 3344
3014 5441
3765 8379
1501 1934
8368 6530
830 2461
5984 5995
8945 6264
159 4232
5530 1531
8349 1442
4161 1583
3730 3378
673 1057
9726 8261
7043 8479
6826 1193
6738 297
1324 1235
1006 2008
2716 2277
6513 1226
5384 2875
2785 9599
3613 7624
2363 8104
693 554
8536 426
8830 2254
4811 423
4573 7831
5376 1352
1854 97
4912 9631
212 1042
2303 8989
551 4888
3157 2081
2870 6061
4984 8273
1777 5333
9568 3053
9287 7931
5035 4131
3921 3974
2656 133
7754 3220
5203 4973
2860 9720
1700 6681
9427 2968
2670 2473
7073 8920
8081 7696
8760 9868
5573 4428
107 2760
8975 1502
5394 3739
2453 482
526 7016
3360 3981
9278 368
5544 1315
5371 9190
2078 75
6309 4275
5314 1524
6777 9822
1097 3562
5214 1385
5016 7250
1199 6713
9655 2665
652 752
2557 334
8093 7009
4192 8825
9488 1807
7225 7877
2529 2070
8175 4393
5676 4975
2545 4450
2390 7245
9832 3708
8422 659
1223 5446
5771 3687
3173 2881
8026 7937
2944 9590
7250 2473
3120 7444
7597 7465
4692 3181
3240 796
1136 4625
476 2988
393 9904
6901 5530
1313 3185
4089 3571
7669 5061
5408 8387
4474 1981
817 8071
7183 5069
5779 8953
7224 1277
2610 2694
163 8649
448 1652
1404 960
7591 8582
656 7681
9698 7086
918 2588
583 3620
9199 8304
352 5617
963 1575
6320 7695
25 495
4220 6962
1649 5044
1158 5829
709 4891
4789 4047
202 9789
2835 647
3776 4170
6442 8070
8740 9182
3875 5987
1245 9196
3037 9057
3299 5902
238 5183
8973 6790
2316 5155
2517 570
6459 1598
987 9247
5851 4345
9584 8921
5430 9495
613 8680
5996 1501
4178 3714
6962 4471
2049 6031
7308 648
8287 7250
1217 2461
102 8089
6828 9546
4938 6261
6445 2611
10000 9825
3204 9459
9978 5206
5985 9991
7186 5847
7500 2395
3615 2124
9033 1916
8047 7640
2025 4160
369 5299
3057 9378
4539 4212
7215 3723
8786 5000
1144 1057
2145 4430
6962 3426
3364 7442
2898 231
5250 1099
8593 1137
3949 6258
3843 7810
2977 5851
7302 9384
154 1507
3269 3235
5081 4875
1624 1869
1182 1390
9065 4320
2234 7250
7047 9117
3526 7938
9451 1131
2943 7789
749 9605
4255 1445
4840 4180
7859 5041
2208 4852
595 9696
8860 6297
2205 1580
4982 3147
7598 1486
20 8633
7632 3069
6094 52
8457 656
5586 921
511 5786
9853 3091
1958 355
7994 375
699 8978
7442 4105
7031 2729
6342 3790
2422 108
8733 9653
6091 6617
2959 5773
4620 5934
4361 9520
8471 65
9531 283
3986 8200
9567 3309
6872 8062
280 7154
840 8275
2727 3241
4030 4547
3223 4957
9222 5649
22 2790
1046 3866
9569 3557
6263 2106
7327 6063
5259 5310
7362 2071
1611 1465
8895 113
2007 3917
6144 6960
7091 8338
8960 4654
7433 5531
6220 2609
2700 5251
5901 6256
7747 9035
2472 3996
8042 1635
4362 9797
4496 9054
4119 8969
743 2490
9685 915
5330 5178
3473 33
8446 845
3618 4919
7621 1178
8179 9951
7384 3033
1978 2599
7365 6059
2788 1763
2782 8037
4159 4305
4298 3470
5550 6138
9737 9774
6699 5927
3474 8409
937 19
7841 9672
6246 4815
9408 3606
4575 3104
3786 540
3340 9295
2124 215
9681 1965
2411 9760
5350 109
7065 2863
8056 1958
7709 892
3128 3185
6358 4546
7764 8934
2409 3143
4915 2606
5814 158
3323 8714
8711 1422
8292 4329
8353 5629
5464 5261
1378 5118
7678 4214
2439 6048
5014 8912
6040 5499
6690 4319
7703 4977
5496 7308
8784 9202
636 4960
3383 4795
424 1812
2972 7051
729 4345
474 5485
1474 3252
3059 4262
4382 1093
7500 6815
4452 8860
6941 950
1775 2404
2299 8221
6419 7395
6376 6721
2799 382
2937 4295
8470 913
6739 948
1015 8640
6218 9308
8996 7260
8388 7170
6326 1693
7608 5016
8700 9338
4457 4388
1721 4587
6135 4775
8083 8641
848 2700
3095 2884
1232 3872
5439 4289
5137 9824
1456 9376
8513 4640
346 4515
506 5209
9506 7697
5064 9489
1671 6302
3011 9593
2314 4866
9103 3548
260 2753
2658 3354
6795 2283
3158 1172
2415 1134
5557 9925
2238 4705
7098 4583
1950 9420
4980 9824
5861 3349
3998 1054
4895 3049
7470 5405
2059 2130
6603 116
7923 7618
3204 8426
8348 7556
7675 5708
6639 661
8831 2791
8228 5422
6307 5791
8338 8423
8049 4891
401 4706
4033 6485
3468 9518
2357 1844
510 6370
696 1607
5267 2113
7745 2197
3188 6387
4363 9637
4191 7351
3723 3623
8800 661
9961 2853
982 962
4583 6693
7328 1706
8031 5704
7971 5326
2581 9138
9305 2863
103 2068
4466 2739
4832 8804
1750 1990
8922 656
1190 6231
1613 8828
2945 8337
8046 8042
3933 179
1151 9618
7951 256
5363 6528
3690 8647
3980 7606
8019 704
700 2769
3280 4036
9853 4915
2776 4093
9909 4202
1200 7902
2409 8682
7843 6774
7152 3499
9267 7241
5099 5203
2672 4599
2654 3322
9844 7398
2020 2189
3494 8661
3560 9247
234 5678
3027 6990
9666 3719
6832 9165
2671 5334
7830 7292
216 2563
686 3058
1640 1343
7112 5994
4726 3337
9541 3722
5475 6644
3277 9461
4743 6060
4416 6145
1952 6056
6166 3672
7828 9837
5754 2382
8736 7361
8910 775
4741 8795
3171 9874
1896 4390
3992 7074
4389 6556
1986 4653
5667 9580
9476 1306
5503 8102
3837 9379
3275 8565
4627 1503
9107 4719
975 7430
9462 2528
1038 2857
7972 5543
9210 2763
460 2573
4399 6228
9800 6686
428 5236
2232 7029
4637 7213
1986 9224
3321 6843
1386 6651
5715 8411
9934 72
7791 1670
3720 8191
4205 2833
5937 6217
8672 8446
5986 678
8337 8795
5646 5927
804 973
3170 7507
8849 6169
1602 443
9234 4111
8788 481
7814 7049
48 2561
3347 658
9581 1159
3479 6282
5941 1426
3197 3398
8426 5260
9240 7421
9256 5476
6141 5812
2913 2644
4855 8206
4951 7993
4696 913
5767 9818
6661 1024
7909 5292
990 6816
2197 7649
273 1725
7393 3042
4009 4212
1938 5476
7446 7625
1183 4410
8145 9576
1346 9633
4714 7798
4115 6155
2205 3308
3501 6785
9509 9347
236 1079
4668 4565
349 6106
9204 8885
4393 6492
8572 9885
653 906
1626 1315
5193 4460
244 4426
289 7166
3850 1403
8431 5653
6895 6509
5290 4315
2414 4961
6197 8776
5512 2647
6204 8680
3045 7018
5044 5196
3092 255
5118 1833
5993 4742
3227 541
976 7690
658 675
7543 6827
1436 4132
3750 4829
765 6668
1977 7036
8201 5310
1703 6378
8399 9522
1947 772
8250 1955
8335 4353
5729 5688
5303 8640
7619 5973
2834 3799
2253 5356
779 9691
2869 4023
269 65
3634 1372
2193 1316
6179 7409
2077 6234
7107 8938
2386 4349
1177 2363
5382 3041
7218 5310
9338 7958
5174 3940
8574 8290
3082 1537
6494 9601
1847 7091
1696 7184
6864 8678
1314 5690
1749 3001
3914 7362
8942 3929
6982 7949
6991 7306
32 4922
8406 1720
2568 3809
7377 5785
4868 716
9718 4852
446 8045
5414 285
4832 6905
3619 5319
539 6289
1422 3277
9897 8783
8338 8581
9663 5645
7135 3804
1317 8831
4244 2959
2555 5830
1809 3578
4652 8843
2142 5918
6510 5164
3640 9453
8095 9054
7615 6126
9377 3733
336 106
9184 9811
6044 3035
5353 9245
1629 1019
979 8796
4020 4316
8173 1916
5072 3910
1584 6961
9456 4670
9706 4922
1258 7955
4324 1866
4143 3389
3791 2846
973 100
2897 9125
1066 549
2124 1246
8829 9670
7455 3458
4589 3509
2026 7916
134 713
3093 1981
9963 5530
9391 6800
8768 7983
9434 4386
7161 2854
8406 9359
9820 5485
1681 8599
6448 3139
2343 7858
283 838
112 8551
8829 2474
5617 171
4992 2148
1280 8994
2548 1270
1082 4436
6341 6685
56 4272
3036 9762
2947 2446
2243 8873
180 2858
3998 5235
8338 5245
9995 5642
2497 5064
7490 5379
391 9574
8869 795
1568 4272
2754 5949
3742 8276
1338 827
1331 145
4634 5257
2691 2758
7416 4049
9433 8512
3286 8207
5014 1796
7475 736
6144 2389
1243 8026
1119 7734
9220 5576
9916 7509
8612 9555
3715 3274
5694 3266
9076 8153
6566 5391
4894 7932
8690 509
6553 7679
9705 1515
34 5637
8025 7356
5005 8720
561 6521
7556 7307
3127 4522
7139 8227
4795 3471
3844 4566
7924 7200
1028 8654
5896 680
3480 6529
3220 325
8039 4612
9965 2173
7320 3769
1361 6650
4091 9795
1540 8482
811 7725
8888 2962
2728 3832
9489 1878
5690 1128
4094 7912
5703 1649
7357 2540
40 1926
1047 595
4043 33
561 2015
5632 9180
4712 4703
5249 4963
2932 5660
8530 2424
3917 2515
4962 7404
7273 1610
6498 5426
4746 7582
3846 3918
4454 9263
5224 9464
9459 6946
6341 7476
4537 6590
2906 41
3660 3875
5321 4182
5366 3762
5191 3461
2985 2785
4631 8306
7082 9065
9538 5169
6702 771
4160 8014
8095 8335
2950 2062
6452 9906
5653 3750
9746 9485
2281 6904
3583 3128
8693 4531
5868 2730
344 6850
3848 7108
8141 3091
3952 590
231 5457
3600 1303
6349 4602
4332 2703
8381 7710
2981 8006
7947 7467
2376 3119
211 4771
4322 8899
2249 7843
2497 6960
2019 8910
4165 2571
1751 5030
7778 4336
6281 6131
2496 4732
3639 309
8180 5820
9217 2762
3189 3288
890 853
652 1263
6405 6905
4500 6491
6877 8737
4457 2622
3095 2726
3535 8476
876 3740
7793 2061
9203 3658
8512 5049
9189 6126
4837 2498
2981 5443
2871 176
9682 7568
2380 4058
9226 2082
6675 6983
9824 3772
5106 2326
8424 8910
5196 9669
8601 8553
1902 6830
9985 736
8670 7472
2725 2919
110 6070
7566 3865
415 3713
7505 3866
7393 7098
2401 9645
2055 5189
4058 7256
2044 7149
6385 7992
9426 6256
9684 5910
3992 1393
2924 8569
1511 7825
528 8369
3706 7210
9197 7730
4272 5593
472 8207
8814 4245
9075 3241
6248 1289
2673 4621
2510 276
4876 491
5893 6011
5325 4411
3182 2701
722 1064
4752 5349
1138 9384
7137 8753
3539 4184
2325 1994
6126 374
4252 6007
747 1694
455 9244
6725 2581
1842 2067
858 3471
2399 6160
158 4688
1147 6233
9091 3770
9874 6612
1770 6836
2462 5146
1348 8477
1205 651
2209 730
9406 705
7179 4217
1200 9246
1469 627
8349 4792
7709 167
37 164
8694 1943
8180 2817
7900 9574
8928 9253
7572 9591
9217 5248
6581 7783
1252 6024
1095 9480
2349 1607
3812 6772
4520 3040
4144 6849
7696 5524
2461 4874
5098 1046
3121 1637
1251 9264
7656 4771
8359 6242
4642 9835
4293 6468
7460 6930
2358 9181
5173 491
1311 2667
8061 4573
5769 4105
2237 9839
6311 1014
1956 6153
4573 6004
5710 8247
4418 5758
9263 643
7605 4196
8557 8656
4612 5166
5386 5842
6079 804
3410 3877
6000 1920
7721 2551
7591 5474
2758 5997
5854 5623
5753 9552
9080 3478
8798 1037
9079 6636
7909 5006
9833 8992
8843 6884
4953 1079
863 2843
1991 8407
6409 7900
282 72
1990 2663
446 2586
3088 9178
5593 8003
8478 6106
8406 998
9985 3647
7248 8472
2012 6913
5211 1351
7919 8703
8944 9478
2981 7929
5916 6124
4405 5332
4393 213
8515 2124
7563 9754
7410 7856
4006 3251
3637 2699
1832 4220
5089 2247
9030 5775
2575 4127
6112 6837
6900 5572
6394 6061
4778 6645
3963 4325
333 9215
7959 8442
9257 5399
3477 8969
5383 112
3703 2605
9867 3724
8827 7316
2447 4984
8265 9053
7431 4943
6305 5415
3946 4202
4423 8140
1132 9753
4689 6063
816 4251
6697 9404
1515 6375
7430 186
6920 7347
9212 5462
3140 1956
9509 3435
1285 9882
3601 6518
6067 918
8215 1322
2408 668
7830 6070
4225 1538
1787 6703
469 9786
5979 1906
6922 7091
8364 9666
9012 6328
9687 4102
7443 1613
4659 6440
9095 9874
150 9189
9847 7049
4484 2123
4749 4327
8667 28
1442 3227
6514 4036
3077 9681
9715 8168
2282 3302
7380 5602
9507 4677
3836 2813
7793 6577
977 6537
3825 9074
5154 4758
28 2619
8511 6709
3034 9727
9822 966
4250 7177
9965 4400
6647 935
2864 1499
2609 5040
3741 3967
249 8997
2527 9363
9774 2142
8325 9226
8613 6520
5194 8871
2249 8273
6893 7774
2831 5489
5805 955
965 3692
1828 3454
5893 2879
8650 4778
2991 461
9033 454
1916 5533
1472 6062
2882 5679
1937 2491
9690 2017
6343 6113
2674 469
2697 2934
6517 863
5660 9187
3117 8546
9055 2933
5559 3629
1723 2161
1073 5510
9957 8917
5661 8488
731 3305
1625 4514
6766 1554
3891 8559
6121 2118
3715 5163
9765 7235
332 9151
5486 8021
9750 1889
1297 1665
3138 479
1140 4208
5589 566
659 5853
408 1518
7372 9461
3434 5459
4655 4427
8357 2383
9755 17
9215 8192
336 1732
8188 9780
605 5753
3563 3074
6277 11
6397 6093
3833 250
1091 9767
3081 6222
2760 6820
4185 8047
3551 4111
3232 1192
288 2373
4975 1502
2589 4699
5916 1980
5606 9357
1526 7557
2318 7564
8158 8428
6274 9594
8353 7622
4849 450
6225 6192
2777 4792
4692 6972
4401 954
5137 536
5074 189
7193 1898
6394 1971
9014 9179
5636 5474
3016 73
9023 3830
6794 5662
5256 7960
2844 4795
7481 824
4699 5964
8709 4118
4355 5460
2608 1503
5292 7879
811 1165
3564 6815
1057 9653
7337 1087
1377 1340
9662 1387
8422 5640
5787 2510
6086 4721
8996 1920
8437 9047
6830 670
7827 9205
73 2448
4905 1763
9632 6933
412 4003
3974 6623
2722 8896
5326 8941
803 651
5579 7630
3434 4737
708 7247
4737 5554
858 4573
3831 4710
2357 546
7056 1054
2865 268
6053 337
6007 2181
1509 169
1789 4407
1212 2771
6700 7191
2557 9754
178 8119
287 9586
5250 727
6409 3680
3765 2422
1862 719
4910 8691
4060 5447
7093 8741
3223 6890
9667 7288
1069 3286
7206 6773
3292 1322
3790 1222
8593 8110
2778 6466
7342 1273
3105 793
7355 2411
1227 6699
7683 567
118 4801
4968 8354
1080 5512
5293 7591
7592 7419
5302 7084
5116 9552
2476 4348
5902 1726
9680 5688
7996 2253
6273 151
1727 2785
6698 4579
2424 4850
5348 8123
8566 289
6765 8564
6094 4127
7170 6868
939 4692
6929 4278
8283 4276
6907 3282
4951 4518
534 1542
7464 6230
7575 978
3223 8700
7872 8594
4166 4795
6652 8357
1971 3936
2032 8684
9952 4847
6316 657
1357 5563
6516 5761
3038 2228
6215 9508
2578 4863
4837 1539
2573 6360
4154 5305
8095 111
8211 2550
6027 90
2699 236
529 5078
2860 3692
5097 4879
3311 5386
4957 7034
7565 6345
9714 7037
5454 5947
2000 7927
4521 2048
2172 7409
6406 9438
5410 7425
4481 6086
390 9764
5764 6072
231 977
1666 4332
5124 3230
7679 5811
8516 3303
3948 4386
7237 4770
1914 6514
7160 6723
9581 4338
4893 9011
8422 7444
6676 4541
2209 479
4989 1788
5810 4277
6306 6217
8126 8358
9200 527
7122 6718
3721 658
2317 7218
9270 2849
7620 8169
634 7918
2274 1606
7064 2930
2904 7029
9514 3305
7439 1640
9019 2529
793 5657
5618 8581
1173 2314
3330 2163
3360 5497
7161 537
7101 5612
8760 3005
6111 2234
8829 8860
768 8040
2501 7776
5089 1524
5551 4760
8200 9268
5922 9322
1042 545
4135 7877
7024 9982
8219 5289
3400 9208
9218 9183
2636 6204
6080 2691
3074 6917
3695 3750
8076 7742
3230 6241
3969 636
1032 2212
275 6704
79 8853
5711 1973
1968 8684
3666 2926
7338 6968
256 4003
8405 205
5907 3306
423 9464
3851 5373
9583 2564
2672 1722
6466 9868
268 3673
6095 7637
5682 2659
3382 8788
318 6163
7442 1367
1927 7266
9521 5255
3550 8739
1493 3449
3474 4026
100 4364
6586 1468
2671 9644
21 6105
6986 9756
7661 814
4227 8565
2088 6383
6173 9734
7586 4866
9589 1148
6454 2908
2289 1888
998 2729
2794 7868
1046 5887
4058 1895
7889 1472
2765 7212
6455 3038
3288 3726
3323 5514
356 4692
2735 4847
1175 1409
6297 4847
5020 8851
1856 9037
2264 8384
6702 9852
3870 2999
7267 3319
7666 8263
8361 156
8005 5826
8791 2925
4380 4596
4499 2129
1410 7221
6055 5114
709 8785
3541 4325
568 5704
4660 7589
155 6286
2574 3898
5833 8301
482 3944
2768 1458
1011 3234
8480 581
8134 4210
4788 8572
1394 9538
4358 8676
5728 7553
480 8501
5322 6993
9101 7786
909 3853
6267 8328
5610 1352
8763 7952
3225 427
2462 7972
5683 5022
3302 1272
6978 1489
3040 1929
4006 5198
1098 445
9771 4136
7368 6831
4227 5035
7191 4642
2248 5241
6536 404
4835 6363
8278 2655
8277 8791
7728 2429
7914 2831
4280 6977
4955 8611
6160 1746
2937 9555
4176 6688
7497 3174
81 8211
4321 7811
6792 4024
5697 5957
3765 7653
3625 5271
2068 5976
6899 3605
9177 6435
8051 3223
2193 3383
7784 6450
2919 7918
2828 7985
5945 7988
3450 2159
1427 8858
6586 7756
3380 8576
5166 1641
7787 6032
9548 2310
8718 420
7169 3673
6017 5779
9116 155
6446 6619
6013 6677
6422 8232
5226 6177
2255 7528
3776 8678
2696 2049
1615 8887
9623 565
2468 6301
4083 6567
5823 3160
9445 189
5308 498
8041 2109
3384 8869
8138 8885
9414 6354
9705 9916
3493 3579
6961 8274
3292 577
6956 9394
4739 3233
1819 4700
9733 836
9705 8117
6676 6721
8657 2929
1549 4462
855 7307
6136 6278
8805 8887
5872 6063
6483 3759
2107 7387
2040 2882
1477 9013
8371 1220
2329 9024
384 9534
9152 7644
8552 795
1602 9788
1440 8598
8077 6079
7433 1036
2046 6166
2887 9746
9607 5153
4665 5128
9534 5833
7373 4990
7348 8594
3936 2397
6674 3270
936 6986
7298 8569
7559 2685
7629 674
7334 9417
8133 3392
2308 2739
6943 9382
383 5888
9662 639
5966 2450
5047 4459
6080 8834
6997 3331
4558 1833
5390 1484
5667 9045
7664 9736
57 8116
4508 6623
8467 9630
2409 7719
7638 1086
1113 7268
9717 2019
9526 2261
5037 8789
5808 577
6218 1950
3610 2099
639 2789
8389 503
8838 2382
7229 6955
8324 1127
1566 6964
5874 403
6626 4688
17 5948
9310 3315
6178 1003
4830 8420
6166 7164
4171 5768
9135 4945
5273 3151
2129 4317
3000 4741
1708 6820
6698 9172
7781 6168
2696 2568
7071 4314
1888 556
3797 3934
6702 7631
6558 4891
8645 473
1373 6906
8496 1181
2054 8565
1140 6792
2707 1439
5882 981
1697 1300
521 9534
9784 5656
9014 2098
9636 4568
4727 4933
9660 1979
3753 2950
1240 4731
2110 5070
8777 3610
6244 4642
3593 7674
9793 3984
2517 1651
6026 9661
3505 6410
5740 1201
5770 4519
5891 6231
6458 5045
4750 6036
