placement model: 1slider
width: 10
height: 10
number of points: 500
6753 1008
418 4142
5233 7208
2028 7014
9296 7878
9100 7753
8528 6854
2988 6470
9315 8644
7195 6017
9089 4677
6824 5550
7282 6213
9439 3365
1292 7966
2073 5738
624 3111
9125 3711
8924 4387
1308 2370
8108 9129
2279 8700
2255 163
1779 7032
5580 7858
9934 6557
2681 620
1467 8245
4446 5743
7239 5401
6160 6514
1098 6637
9879 4224
5247 1151
7591 7837
1919 1612
5780 5140
8951 5230
322 8556
8000 4078
5395 5124
2894 3149
8968 4248
887 9020
2025 8850
4444 7826
9746 2901
4539 3923
8565 9062
5670 7258
8907 5808
1984 401
2443 3235
8807 6027
8662 2137
8860 7765
6703 8345
9772 4009
9021 1426
4091 192
6688 4370
5693 6890
2035 4562
4519 5638
8308 4761
4089 3951
4075 3806
2440 1022
6776 6654
7489 7816
3831 1147
5990 8656
6035 9092
8874 5718
5843 4147
9154 5225
7959 8391
1914 7144
5414 1194
4886 7028
5341 1095
9624 7562
5770 577
1630 7036
6371 8057
2474 2360
751 9821
8317 5538
6201 8186
8767 7015
4457 7105
7248 383
808 344
4900 7688
2571 5120
6269 5159
9652 4868
1338 4485
7721 2401
5006 9457
8643 1793
2776 8428
3545 180
7152 4566
3890 7979
8185 776
989 5552
2099 3152
1120 1369
180 8335
5037 4526
2076 6961
8161 5568
6535 3823
9088 3512
5412 5185
5119 9820
7640 6620
3303 3952
4376 2611
6916 9271
76 6448
9750 715
6211 3693
603 3745
7115 3400
364 7388
6097 5052
9830 8918
7526 4074
6650 922
3639 5817
2375 8923
4568 1290
5435 9752
8704 3011
9898 5931
5141 5111
3341 526
6345 5496
9404 4429
4933 429
2298 359
5319 6835
8549 3197
7016 1753
1616 335
8551 4590
5262 5419
5388 6138
2312 7198
2436 9044
3198 113
4490 6411
7221 9238
8304 1011
4183 9604
8573 4979
2650 513
5448 8018
584 7541
1656 2023
7652 4467
1134 9671
7932 8699
3176 4611
7484 4490
6492 5754
5934 6858
4956 5988
5897 8015
1878 8696
7305 5329
9846 7497
3910 3317
9842 6481
8899 3636
5094 7690
5026 8001
920 2304
9668 7222
8829 1680
4382 4417
5380 7093
2784 8123
4323 975
1393 804
6027 3290
3070 2937
4674 4243
8940 2857
8157 5387
2587 3820
676 2970
8580 8133
9341 1739
4132 1975
5736 6758
9504 4142
318 5647
6941 377
2325 5749
1702 1202
6883 3387
4563 1703
3058 5168
3506 6263
6210 8242
410 6446
5253 177
9394 260
3130 7271
8020 1008
678 8239
210 8294
7548 2306
3850 584
4694 6154
4159 8008
6462 4078
9988 659
5722 710
8852 8293
843 3501
3327 8576
1460 8297
9838 7327
5477 6488
3975 9595
5209 7552
7884 3832
3385 5347
2105 625
9686 3690
6675 7305
923 124
5130 2416
5463 3292
2006 1865
5255 5486
5545 2700
8217 4607
7095 8495
5426 9863
5783 7999
2171 1560
3078 9587
6251 1761
6106 9298
942 5472
7725 6409
4628 268
3254 2414
2971 9923
1338 9281
6900 8495
9504 3326
4653 7852
9619 9390
9727 9093
9696 743
2882 459
3958 9096
5992 1693
1497 5706
6342 9317
1610 189
9483 7654
48 2079
2779 5448
5295 9574
3328 695
9400 168
2760 1894
7982 8338
2463 8559
5846 4792
5141 8168
1455 7852
3209 8107
6583 2145
2206 4165
5612 1852
5547 5047
5361 9734
6164 2340
5720 1430
5419 7970
9879 5646
1832 5574
8587 5003
4573 5755
5241 5728
13 7664
254 1234
5406 8188
2142 2622
3514 7124
9473 8292
3735 3019
951 397
2535 9327
7313 1461
7681 7375
7889 3107
1318 7827
3061 7971
2523 374
7815 5406
9642 4197
8065 7223
9808 4428
5151 7781
6763 9716
7919 5688
8510 1890
9516 3717
8817 3948
0 8690
2132 2041
8855 230
540 3555
5465 735
6757 5815
1906 6255
6038 1044
353 2212
3441 8675
4379 6311
4461 959
6497 3070
7458 2592
7973 9814
4671 202
7876 974
9231 5929
8775 9143
4910 7611
3442 8457
4616 6821
5545 7751
41 575
5026 3069
1724 9975
4266 3553
4807 7277
3164 7025
4541 9351
5370 4693
3139 4866
4044 2154
2233 9101
1847 8863
2604 553
1157 6228
7702 8011
8788 388
2535 7043
5118 1338
3421 3486
9219 4899
2161 690
3492 1863
9165 9573
5808 6134
8491 7010
7128 8436
5986 6947
3629 493
6788 4989
9385 8880
9031 2457
5621 7239
5127 2103
2525 224
4237 9553
8872 7222
709 9961
5030 2215
1100 1022
1535 6253
8651 2558
8305 2131
2897 6705
4945 8590
6574 6554
5974 3544
8107 8264
7439 9996
9153 4257
7458 5322
317 3198
910 4323
6218 469
2077 4811
3147 1297
6847 3437
668 4797
9249 9693
2705 4119
8433 2953
6020 4981
6811 9947
4937 6306
3359 6568
485 2226
5714 1692
7223 4249
3846 5742
4845 1621
2556 9218
7662 6086
4062 3970
3001 7934
3494 7194
1207 7851
5698 7937
5638 4152
4829 5320
5597 4474
6259 201
5727 5597
2416 108
9822 2584
1006 7418
4394 5410
2815 3211
5853 9838
9879 1361
2046 5109
9258 2191
6961 8309
6685 7078
9164 1267
8749 1175
4978 5091
8046 4905
7296 2657
9780 5495
5007 3498
8519 3206
5387 7797
7924 3771
8904 8201
9589 6787
8599 5173
2991 3093
533 6074
3462 2734
3520 7816
8145 7700
4651 6600
6069 150
4369 7171
3287 175
6899 1086
6987 5184
4969 4964
1488 3152
3083 8965
4814 8628
7174 4935
5248 4226
6425 8808
882 7484
6964 5337
4837 2947
8695 7761
7929 2952
8235 4120
2589 5697
6275 2112
6014 4658
622 6483
4304 3002
5290 2561
9354 6197
5943 419
8634 2284
4493 7739
9038 214
1587 112
155 3244
7060 2198
9557 1585
1622 2173
8999 8344
7898 3762
6244 8420
7541 7363
4104 1363
5248 8694
857 561
2483 4939
926 1909
3771 2787
9013 6375
3360 4408
8826 7609
226 3683
