placement model: 1slider
width: 10
height: 10
number of points: 100
541 4677
7521 5325
7654 3688
9045 3
9476 9390
6519 5911
5459 5545
8242 7023
2031 6796
6040 5389
9058 7353
8021 9993
3442 4142
1959 6298
2758 4288
8929 5372
4803 6780
8195 1989
6197 4247
8016 7232
1785 1723
5403 1074
4205 6736
3557 1799
2093 3703
412 2784
5414 9913
1835 5905
2292 5265
1040 3969
2868 2465
361 6949
6915 8438
7954 9553
987 4404
3370 249
6107 4078
6440 3697
7570 1221
6592 1127
3978 3235
4322 4568
6871 3926
4890 3505
4475 1989
1372 257
5885 7973
8286 2946
5399 8472
2182 8192
5602 464
9676 9153
8459 9312
2679 1676
6639 5421
1578 9446
8091 1804
5170 2663
3020 1342
4493 7685
8139 8199
6706 7647
2890 2718
6359 247
3855 4465
8100 2897
5248 6192
1782 1005
484 7480
1182 2565
8584 2716
8511 9199
5890 7277
2310 2407
2753 617
7255 2669
7261 2887
7571 7282
4895 4903
1671 7650
3336 1141
545 6818
471 7249
8690 4827
2657 6517
4696 6352
1017 8672
3146 7492
2592 8161
9657 2355
5524 862
9322 5038
8487 6934
4991 9786
925 9548
6964 9878
6065 5878
1747 8603
8759 8845
1819 9673
