placement model: 1slider
width: 10
height: 10
number of points: 100
9859 2800
8857 8792
2522 4631
2267 3162
9584 5990
4279 4822
8804 1909
2400 304
2353 7514
2659 877
745 5472
7788 451
8792 9388
777 24
4522 9819
1127 7319
9541 4131
260 3108
9438 9670
4410 7839
6003 5160
4803 239
5175 7939
1008 7637
8200 4751
3371 6504
302 6996
5173 7686
2579 2184
1744 4805
1783 1323
1715 8735
6876 7986
9864 4233
2600 4039
7490 9393
4684 9760
4356 1223
1938 178
177 8373
5222 9219
3669 1816
1782 6868
1011 2309
7218 8432
5825 910
5230 3014
4088 8
2491 9081
9003 9524
9315 7378
2922 9453
8166 8568
9270 6452
7282 9803
5326 5120
7310 7825
1651 7657
7511 6432
2795 231
5802 9757
658 5707
3246 3613
8872 6067
4395 5203
1431 7835
6783 6861
8011 5396
7507 8640
93 1589
1315 156
1795 4085
9467 164
6405 4828
8132 9321
9807 9646
4067 3461
3663 7714
597 1503
7935 1768
4794 2302
50 418
8754 4510
4646 3268
8157 6242
4886 6060
8855 31
908 7856
5919 3767
2331 6168
4292 9989
5654 4635
5893 4943
2238 3709
1217 8289
5240 6998
354 1978
477 3834
9 8110
9414 9312
