placement model: 1slider
width: 10
height: 10
number of points: 10000
7757 55
5007 5780
1226 2706
8031 8574
4107 3535
6313 226
7311 7612
101 3320
5659 9979
8600 9872
5600 8832
9703 2622
105 2172
2371 4613
4508 1847
3933 9708
136 1872
1701 4411
6949 1214
1096 4830
871 4449
9336 3038
8947 2230
7656 7637
9086 4299
4879 2779
1066 6299
3599 5036
7800 3603
5821 5584
936 6413
1940 9299
7935 6204
2510 8866
8859 9385
3059 6362
1892 4741
2331 7790
7450 6052
2583 6720
278 2775
3976 338
3274 2526
3294 7423
3139 1657
1256 1672
7859 9258
4622 8327
6298 531
70 4312
5549 6112
2798 2639
9036 2281
3481 2478
4338 6565
9576 5485
9679 1389
8821 8085
1442 5090
1278 3439
1253 7557
7110 1871
500 6660
243 948
3214 3999
9250 6615
1143 2998
565 519
3854 2200
3379 7892
7993 4725
255 4968
1254 4443
6120 8421
1928 1132
283 4391
4266 1136
4049 551
6106 5927
2163 1027
2693 4068
8226 2774
4132 1103
1163 8785
7447 3505
6775 1829
3667 1877
5624 5950
904 6449
8650 721
2699 9884
8500 3755
7491 991
9732 455
5324 7891
1044 5240
6910 463
1523 6389
7636 2837
1485 7065
9259 3585
5865 9414
7719 8714
9015 9606
4457 2285
7636 2139
3021 6746
4787 2219
9261 1877
1297 42
8386 4363
2039 8489
47 9612
9550 3230
602 7318
9458 1263
3106 1834
2311 5637
3373 7554
3400 9387
4599 543
3139 8095
9266 4372
3053 6084
761 7200
6064 7750
8331 7129
5816 9772
5636 5378
4108 3246
8804 7523
7577 9748
7956 9687
2013 9558
2175 7278
3177 5097
9131 6569
2303 5127
875 2937
7957 8918
6578 1526
6316 2186
8272 6579
7626 8294
8523 3128
1321 3812
5480 8854
8750 7658
9820 5990
9330 9854
2412 7962
8262 9643
8877 5456
1339 2444
2450 5353
1274 1998
5777 9634
4149 7453
5497 7271
4250 930
927 9663
7373 9358
151 9660
3884 5816
9033 2702
3198 4844
1517 1396
3544 4850
6935 3085
2623 1318
4885 4170
9940 2803
8684 9033
2889 5750
7222 4786
1110 2922
6206 9086
9650 8417
5102 6988
2650 8977
4793 7596
886 7194
9176 40
5692 9129
7058 4899
2298 349
9186 4817
6460 2776
4697 6830
1226 8462
4496 1065
1612 2537
9363 1534
9007 1936
236 2005
8022 5064
2944 1503
4102 2321
3289 7972
9011 6687
1566 6695
4862 4236
7601 3080
962 9550
3573 8039
9927 1727
2205 2034
9958 8875
345 1033
9163 312
8017 4842
3237 6079
6280 5386
4601 1897
2257 5025
4029 9363
6612 686
6059 3834
7278 6006
1347 666
2180 9828
7185 212
4473 620
2500 305
3837 7674
2352 4779
4414 1746
2896 1957
5562 3299
1625 2262
1570 5828
4083 9112
9768 7794
5704 614
9220 2282
7581 9186
3185 7041
5585 4163
1810 3287
9468 617
6821 8069
2048 116
359 356
2920 3933
3646 1537
3704 1249
5783 9
891 750
6269 5479
1287 5859
9100 6795
6359 4549
4327 1879
6721 8857
963 6794
7201 1009
6882 2286
7867 2185
1320 6007
6777 1330
1651 9800
4878 6530
6370 7168
9543 2436
1032 657
7038 3892
8863 1771
5091 6353
9999 3151
7273 7557
1414 9589
1214 8706
2749 5765
1529 6146
2149 4755
1470 5111
5291 5867
3226 7257
2377 329
7595 2513
3375 5647
839 2936
921 6720
4771 8704
225 1902
3789 6189
6055 8289
7217 2719
7985 7970
3028 1017
4379 2909
8680 1107
6042 691
3925 4754
3232 2113
9321 6995
6031 9628
2214 7713
7805 9839
7191 3861
4229 2858
868 8206
5728 1921
2556 3664
8455 7344
473 3189
289 3304
4911 1518
9745 7317
680 7933
9048 1646
3655 38
1842 2614
1050 7237
8517 1008
7013 7624
9873 4748
6906 8093
9942 3690
5152 9360
3017 1682
2226 5733
2908 7361
2051 7321
6830 5561
4678 4470
8467 503
4485 5854
5497 4739
2038 2206
7505 1084
4102 7852
9657 9786
6740 6290
5460 2662
3395 2089
5288 8559
8580 5585
84 4471
3486 9820
3789 377
3871 2523
2855 2902
263 8981
228 8951
8307 2379
7334 2946
9935 7385
8487 6928
8008 925
5633 8987
3491 8775
6109 344
4917 2833
8355 7393
9520 9302
4691 238
1634 5879
2938 9615
1518 6484
4021 3887
5980 729
2336 1196
8968 4294
7636 4562
9296 1857
308 9461
7375 6999
8657 730
6579 2060
5789 7547
5173 5307
383 9742
6449 2688
1441 8920
3761 3667
3821 9965
1201 8305
9059 891
4683 2425
9333 204
2130 664
1459 2064
3327 9795
838 5739
2131 8459
195 237
6600 8382
8 1676
5721 7953
1328 3805
7036 2233
9796 4542
4940 6606
3373 2301
3562 4888
832 3773
4575 3839
878 4026
4030 4085
8334 9017
171 2684
9074 3451
7845 5376
9981 6580
9407 2396
3473 2069
2295 5675
1645 770
9487 1335
654 3042
3803 7043
7680 6801
3832 913
4586 8393
3913 1405
954 1293
2236 4954
4551 7094
2938 9737
6774 3945
9973 9503
7195 6465
7140 9479
2469 9141
3451 7767
2109 1170
3852 5752
2874 362
566 6152
2840 8879
2906 3545
6357 9135
873 7300
2418 3085
2953 5566
3479 2743
4954 7462
9831 6490
8185 1341
2639 4363
1156 2269
7742 7724
6801 5965
3846 4303
8642 4837
1907 5079
6098 2262
4040 8141
6747 4586
2475 2172
8419 7529
5123 9128
3864 7595
1584 2897
3567 1081
2322 5342
2766 8712
4267 7662
5192 7284
5556 9175
3450 4341
5761 9188
4884 4565
1815 3323
7624 938
6391 7014
1709 6907
8273 7654
5434 7939
6918 7078
9789 6146
8172 2420
7977 269
2662 6435
7595 2760
326 5850
6423 4962
2220 2487
7981 5318
1171 7497
966 6240
8836 1142
6115 979
6002 644
8834 8820
6862 6374
8926 1556
6709 404
9078 2222
4197 4331
2095 3154
6045 3091
4956 83
2382 5077
3175 4189
5910 8914
5093 3698
8682 3352
9782 3872
8169 8144
426 1834
1350 7861
2161 7636
7663 1739
3541 2046
8041 8738
288 2099
4379 4028
881 9364
5584 5223
5450 6088
7939 602
696 906
7499 479
4912 5638
8729 2401
4778 6379
6996 5245
8530 1771
1793 7526
1455 3663
8157 462
1504 2971
9317 1451
8906 7215
4214 2387
4164 6012
7406 3432
8878 8777
3198 1368
5152 9850
8412 8405
3165 7201
7018 186
805 9059
828 431
5546 8576
4527 3120
4186 8233
6419 4176
8596 2058
2441 2589
2026 3172
296 1323
9197 8392
7239 8372
4965 9204
4858 273
859 9332
1921 2181
4531 7358
575 8324
3950 6750
3224 914
3871 865
2338 663
3263 860
4884 8260
9989 7570
4736 4984
9031 7848
9545 3934
4856 4840
7957 245
66 150
9287 7904
8483 4819
3385 688
9263 2142
9926 2000
4154 1380
8589 3364
9930 4722
4626 9040
6564 5397
6550 7015
7283 254
2165 9648
6686 701
353 6512
5990 6934
4172 2220
6594 9581
2513 8234
3848 6670
6915 2691
8212 4149
2860 4597
9544 3724
1337 4957
3230 2265
3348 392
7193 1895
1680 9506
6018 6893
1580 8385
1846 9350
8141 6175
743 2232
6767 2063
6215 7286
8892 592
2046 5985
3015 897
6116 7342
7325 1338
1668 2018
1007 5983
770 7575
3111 2956
3793 8637
1563 7458
9059 4715
1272 1575
73 9553
2185 5603
9944 9154
5280 4877
5648 347
107 8354
5645 1186
8976 5896
2089 7142
6973 9711
1851 3416
8807 524
8157 6493
8239 1461
385 3983
235 9719
6549 6345
7865 9017
7779 5068
9679 7023
5523 5339
964 6071
3191 1488
8556 1233
5882 8970
5760 8852
9729 4853
2386 7416
6034 9305
2652 2319
4654 4056
5527 5412
8510 5418
8372 4324
7676 3570
265 3087
6372 3592
350 618
3184 6783
4222 9661
7994 8865
9178 8329
1676 8777
9667 8892
7969 6693
7735 8501
6084 6656
8740 9959
148 536
7740 3947
9426 7142
3766 4730
173 329
817 6287
742 6806
7819 7610
6740 1471
8400 1265
9435 8376
8299 8836
8738 1971
2940 9512
7865 5930
5317 1815
9909 7872
6330 678
8791 5012
9577 4692
742 4980
3823 4170
837 164
2049 436
406 8779
4290 8695
9562 7910
9870 15
9465 7328
2124 8301
8443 7211
563 6669
2971 3531
4825 4382
8871 8218
3057 3851
1881 5347
4947 3271
3440 3139
8119 5436
2475 161
2260 2599
8895 6230
7854 1388
6303 5509
8204 5504
545 4033
3105 7438
112 778
9573 9254
8697 4938
3816 9479
482 1055
9271 5380
1617 1448
4403 206
8760 2281
3207 1622
6752 8940
3239 4436
1462 2449
5980 2782
9145 2330
924 45
609 8114
86 7884
9586 7132
2758 3658
4573 2544
920 3551
1219 2867
9542 2343
5581 5522
8532 4693
7885 2141
2390 9071
2811 7742
6471 3282
3683 5686
9717 9261
8097 2800
6236 9398
1468 6038
8775 3902
8381 4503
816 3471
2581 5467
9829 6498
3502 8021
2077 5683
3749 806
7038 5105
3789 5569
5596 3436
7368 8346
2269 1537
2287 9369
6418 8247
1283 4304
93 585
4171 9524
6821 6468
9976 9565
6925 3653
6558 8616
3108 8518
396 6077
2879 6499
2169 8413
5013 7925
4892 8680
762 2122
2126 5716
120 6724
2181 8688
4378 4525
7700 6949
9118 2476
2806 9858
2525 1584
9990 5623
4106 8761
9369 1979
3148 8075
9303 8034
3298 1835
924 6361
7506 2608
2254 1463
5767 9119
6858 3750
6322 3900
7692 4960
4912 3901
5754 6990
5296 6495
2233 864
4524 5737
4567 9219
8672 7118
7221 9240
9094 7832
8101 6980
3550 6704
9832 9794
2904 7848
6 4256
5681 6269
8689 5744
7728 9881
7922 8099
4728 8162
9785 7145
1541 7637
9276 117
8859 7012
9360 9802
303 4457
8216 8673
8394 9716
5844 1130
6710 1175
2443 8921
7923 2041
4455 5737
4631 7653
6369 8174
6144 5286
6453 7386
3794 2154
3517 4969
5535 9399
7633 8684
4300 3549
7240 8115
7102 9677
3843 4022
8043 5361
6846 4627
3893 9111
2931 558
6849 3092
2635 1388
532 1833
2192 5892
9377 6385
7050 8340
1275 687
9350 9100
152 2724
9843 1874
6817 1935
3868 5827
6274 3805
8110 3679
4884 2777
7724 9977
8483 2575
3805 2146
3829 3731
8252 3427
1664 1160
4894 717
1341 3777
8905 7850
9853 110
8573 7554
4905 8808
9368 6265
8957 3976
3656 6719
6649 1241
6241 6973
2042 6694
7172 8191
5825 5089
4413 4287
9062 2070
7804 8770
7569 8109
2653 5344
1732 1647
1002 2017
8380 3002
7927 4292
6008 1248
8041 8380
798 2586
755 6517
5035 1024
3029 9376
5141 4514
8264 7624
2097 8907
5346 8938
7328 9498
685 7200
7095 2929
2563 9297
1337 5244
5752 3711
4427 4011
1143 9283
6753 9809
7612 3619
2886 7555
4832 990
6898 8862
2078 4096
1788 4272
1053 3783
4122 7728
4393 7945
6481 5301
4772 4390
9699 4995
4028 5634
5996 1050
1844 1800
7001 9670
6958 2557
5892 7151
9836 1897
1517 8357
6550 2920
5298 85
467 8587
9932 1585
7173 7104
5787 4527
9004 97
4997 6005
7527 6492
4523 6689
9347 2956
2235 4164
215 2895
8940 4757
7230 5567
8162 1296
6217 1865
786 5577
7235 2521
9633 2554
3421 9750
301 6768
2935 2387
1372 8597
667 64
8327 974
1997 7920
523 1480
9865 2525
9577 3790
3695 6064
2460 2381
8413 7816
4646 2234
5159 9810
4596 525
782 6569
7668 8230
5975 9549
7060 8673
2217 7653
3259 6446
7019 5657
9962 5860
7205 8817
1675 340
6043 5266
5922 7871
809 2565
6829 5901
8414 22
5366 1905
9674 4342
9009 7723
8333 4502
8332 4853
9137 5573
4880 337
4271 9881
6187 280
4648 666
76 4795
3918 8024
9476 6039
3369 1017
906 2298
4246 9965
7847 8116
3263 3323
600 186
6662 4543
7296 1932
6766 4031
2173 1269
9785 6933
226 7134
1348 8358
1768 1031
8935 4882
91 1591
1460 8719
1524 6818
8328 9186
7295 6707
7862 8258
9242 7385
6621 975
473 4573
2068 2224
2668 3247
9301 8459
7460 2869
3602 7552
4108 5642
928 748
9657 8487
3483 879
5072 7804
6753 424
479 7282
5819 2788
4925 4497
3594 7472
7491 439
1586 7015
6720 8149
635 1315
3570 1064
8971 8201
9180 5927
9059 4506
3731 1371
8990 8770
3535 8072
7872 6398
1845 4024
1366 5976
5936 6240
9656 6900
9003 1407
9361 349
5138 6823
1825 1551
6656 2004
9513 9015
9420 1884
4915 5519
8102 5099
5794 6069
7702 474
6158 780
3057 845
4274 6481
2281 1561
5829 890
3235 1305
6207 9774
7320 5879
6417 9384
7019 4561
1094 8954
5656 1259
6829 7983
4647 1891
7173 1028
7279 6829
8845 7669
2367 9287
159 7289
7712 4612
8667 7127
6281 691
1604 1408
9638 4246
4669 5313
4418 4051
5837 6802
8965 4761
6691 4781
5058 5643
8240 3739
6915 4913
156 2185
2568 9788
797 5273
3479 8622
3654 1050
1147 2179
9518 5799
8799 7282
3140 4633
4178 1317
3152 4586
3189 4200
1605 6643
8376 8853
4406 3182
9166 4524
7588 4575
255 899
3249 7369
1696 3584
2619 4411
9477 2816
984 7836
5982 3393
8630 4157
4449 8092
1907 9648
2472 7451
9519 1922
1705 1966
2603 8232
4167 1555
3126 7943
6682 7973
3502 5468
6044 9615
4528 2808
504 5168
3515 2069
4831 4102
8725 2889
3020 1262
6793 3048
116 6035
5587 7591
2902 9751
117 2837
8971 5967
6283 5531
3036 3626
1072 1881
5074 9552
3902 1357
9351 8585
2735 8754
8296 6796
6406 3068
3058 3900
4117 5265
6000 2742
7216 9102
1472 4629
8523 2999
1907 8554
3393 9772
9250 5286
5725 8385
7595 8412
6761 6200
8655 3300
8731 3014
7075 8966
9918 7995
1001 2157
4898 5577
8396 7200
1536 2474
625 8196
8486 4493
1460 9591
9345 789
8951 4013
3480 9527
1383 7411
296 9888
7462 5290
8653 618
7778 7705
7667 6171
2264 5524
5471 9170
2367 1343
3802 8393
5855 6139
1073 6606
9509 8217
3336 908
9594 7088
4124 692
9987 5103
2778 731
7630 613
8626 8420
2186 9312
8032 7961
4248 1704
4783 8902
647 6609
6588 2978
9165 6513
7740 3890
21 9152
8907 5318
7780 9392
5018 7712
1428 1812
1062 7341
5404 7579
2620 559
4798 2616
3103 5573
6643 285
8967 609
8370 319
9631 3757
4265 1228
5757 3995
9289 5233
3435 3001
2226 7473
7481 3938
2358 7459
6982 5652
3518 7116
4324 8162
2264 7683
5240 3444
1182 9718
7893 7584
9889 9667
8388 7274
9112 1246
7821 1959
8598 9755
9361 134
572 4814
6416 7077
8811 3077
6243 243
6036 2906
1318 635
2329 9050
204 4583
7398 7693
1444 115
8643 4512
3691 799
5401 8552
1343 7964
8087 5285
1917 7002
8411 8007
4321 3543
88 9528
1612 9343
9154 9730
7989 3651
7499 8413
2319 9216
7808 418
8095 1346
9920 6852
704 7326
841 6871
9448 5056
1611 3305
8865 4645
6393 5151
9082 1792
3467 6691
7406 6825
8758 2476
2224 4878
775 7171
4645 2997
2915 9836
7329 4528
8067 6171
500 61
3499 9454
2790 4702
2893 9449
5671 8746
2528 9109
9996 5589
3920 9441
7347 6757
4148 2845
5340 1709
3098 3882
4219 9658
9402 2180
986 6572
9234 7471
3621 1819
3459 3562
7086 7734
8987 1644
7206 7897
7985 7753
3427 205
6114 8775
1056 4339
3136 8803
38 914
927 6104
8333 5216
7736 4922
2134 7986
5754 6463
9494 7978
6753 5693
5341 6465
2771 7925
8839 605
4257 5307
4552 3170
9213 2010
8935 4065
9352 4968
5537 4281
3310 9854
3280 8221
5474 8319
5003 3018
2381 7664
9811 5378
1183 3806
9962 426
4767 2566
2526 83
9920 1212
2192 1233
6591 2516
6067 1315
7555 1337
5811 7892
7685 8846
1676 6959
5593 9647
950 426
6971 1829
8142 1630
4648 7074
24 5378
6745 7745
9607 3163
2873 9409
5994 5399
3957 5759
1881 8492
3994 4847
8686 4200
3312 3247
41 9267
4442 8594
1309 8847
7777 3645
6082 2505
6137 6463
6073 2821
5220 8057
7848 2078
3513 1824
6232 3151
4308 4458
6560 7790
1609 2672
3754 8097
5555 9461
470 9601
1194 8940
3560 7936
1229 2815
3180 1965
3740 7445
3076 1480
527 2944
2670 2224
3821 7507
1908 2499
1691 6557
2861 3749
4029 5120
4112 9422
3825 1341
2172 2059
7361 4858
6650 7901
7822 6624
5672 1996
2565 6544
5181 4993
2077 433
7558 4905
3675 2098
9113 7648
1412 7322
2755 7427
4349 5912
5009 1250
4106 9346
8087 6333
2690 3293
4477 4664
6243 3037
6094 4162
8419 8228
6746 6796
4254 2573
8402 162
7710 4959
7123 8114
54 4517
6355 5550
622 4653
8884 1628
5467 6435
9448 7310
7776 7157
9716 3544
6116 6821
1279 2897
7298 7654
8051 9141
7287 9477
1562 6863
1560 6139
7102 1378
6128 6830
8126 1726
1314 698
6546 9574
470 5759
6540 2261
4294 1405
389 2673
6852 4011
9525 4290
4224 9319
8851 9930
1521 678
6502 1675
1508 9837
8823 935
129 4330
4569 2723
9062 8071
5940 3556
715 4168
2668 8655
86 4599
5482 2780
6619 3960
4212 4849
6168 3057
5445 9157
8935 458
9677 3446
9201 4490
4644 6609
7139 3370
31 5489
7969 5593
7559 6729
5752 2255
5814 5629
4439 8899
3990 9431
6739 2705
2006 7726
9858 7000
3693 4649
8470 9954
6868 3487
5673 6187
4982 2294
4931 8116
7719 2329
7419 8273
8022 3681
7456 1899
6542 4368
5201 8355
4487 2887
1271 5912
5917 9472
1225 7882
4869 7246
2134 4152
5932 5146
4258 9309
9772 815
4820 3443
116 3451
243 7215
3450 1246
3045 6412
5254 3741
6806 1405
433 5172
5428 8753
8711 5998
9575 3043
3852 1447
9773 3857
2817 8257
4035 3544
8336 7071
6388 1256
7606 4593
3654 3819
4266 2400
7551 1380
912 4805
67 3522
9605 6167
2082 8911
257 453
5713 5743
5762 4941
8071 1230
1599 4843
7191 1838
9294 7026
9160 4214
9313 8999
8304 9933
9323 9080
8020 5289
5598 6239
7746 6539
369 8018
6296 3826
6529 47
483 6568
9903 3967
8510 1814
6235 7020
344 2106
3789 4987
1766 690
6143 8236
4796 910
8431 7368
9205 8171
6045 4105
9070 7851
8500 112
8747 6817
6665 1278
4038 1584
4568 7698
7354 5610
3396 8650
6979 5078
972 751
9198 7841
4859 8512
6940 3208
7467 2182
3706 4453
429 743
9257 8530
5271 404
5286 7248
2865 8439
1760 8905
8701 5667
4683 6074
8525 4386
6409 2908
9679 6462
1124 700
468 5884
5682 4817
6434 4322
3963 6958
9882 5326
4451 4498
8337 4671
3841 8836
6768 3001
9705 5199
8086 7961
2029 3591
1344 7503
9358 4111
1002 8776
2576 1979
3326 2330
3815 760
8663 8776
1469 1444
142 6962
5912 9666
5992 4375
763 8987
8861 1637
5851 1232
7300 5666
3229 4871
4806 8275
7639 5559
4060 8536
5774 1530
2826 86
4438 5508
4443 4551
1195 6087
1522 8111
4187 2501
3392 1249
1760 4318
5083 6155
8002 3646
2201 8436
145 2284
6677 9484
1753 6066
3984 1186
5688 3795
6735 2117
8449 1065
4336 5631
8140 7281
7640 6189
7840 8258
6176 3688
8996 5763
6140 244
4457 4757
8245 6370
1979 2757
9165 2838
7357 8193
8739 488
9247 226
5948 4046
9749 2281
9729 833
498 278
1716 4489
6799 558
1389 5920
1889 8410
1314 7411
5232 1775
8992 6496
3955 3203
2790 2897
4843 3968
8267 8352
9953 1946
407 2038
5715 670
6219 3436
7671 9943
4680 1737
4285 953
4636 4926
7700 4040
6464 3121
8142 3097
6471 4774
4819 3987
2559 7691
6868 9313
7119 4860
7090 8897
5940 6411
5810 5227
6547 9442
7757 1116
2653 8645
9141 1277
2020 9426
5387 1090
2675 2968
5418 9625
5549 9118
107 1687
5408 8293
7887 5864
9959 178
2698 7417
3618 6537
9580 8133
587 318
104 9093
8661 6809
5475 2897
2447 2245
1062 1121
8775 6259
1510 5628
6898 4507
3913 9978
5890 7132
3303 7302
3405 8320
1832 6260
3529 5715
578 3262
9494 2006
913 6230
1685 4152
4809 6099
5856 1558
6102 2351
6342 8494
5967 7311
762 1012
2312 3345
8611 27
969 5844
8011 7681
3171 7809
532 1440
3811 1036
3961 8040
9585 461
8229 8755
7243 1560
4378 9173
9659 5362
6803 9745
7079 482
6612 4063
2746 3134
7005 832
7540 6707
33 2367
7229 8296
2506 6401
6701 9730
2244 8471
7256 2146
7768 164
3139 9115
5900 8902
109 8018
7121 868
403 6932
5373 3994
9851 5329
5141 5676
8946 1546
400 8470
9684 263
6086 8226
4297 8831
8163 3045
8028 3675
2648 4680
359 9683
7230 8831
6995 9326
2550 4108
7976 5241
1026 1460
7432 5991
3317 3930
1880 1736
2366 9069
2037 6485
4934 1375
2651 7346
1951 2030
3779 951
9961 118
4540 7048
1884 8709
1243 3185
1850 7697
3339 1077
5275 1253
342 1473
2309 8966
3955 2005
1670 7738
1860 3435
7675 654
6323 8877
4400 5097
3782 3531
5863 2270
5922 1323
8836 2369
4219 5209
1875 2817
9587 3415
379 3185
6356 7255
3448 391
9734 2366
976 8896
9936 9453
8770 4005
6388 1818
4276 1448
850 7317
10 5708
6898 316
6747 4709
6271 1204
1960 8332
688 325
9439 5446
1864 7271
7739 3043
5638 2450
6048 9097
9057 8068
9765 2686
7742 2150
1639 8017
1949 822
6703 8530
4645 3030
1737 1352
8711 8764
5426 8609
2497 6340
8173 4094
7271 9830
6596 1364
3814 7238
9507 6732
6687 3670
7046 9045
1442 1025
1297 8956
6329 7515
8850 7868
8297 6520
6287 4890
2713 3529
2879 9928
6173 5411
5128 1993
5526 5731
7650 5117
9643 6701
1020 2278
5897 692
4328 3738
2930 8315
7526 7018
9813 7826
1058 9007
3022 3124
8291 3046
2988 8112
3855 9273
9293 2532
6919 7697
1471 4799
8846 7418
2088 1517
3018 3055
4512 8168
3357 5534
9377 7421
5229 381
2931 7630
6238 121
5901 2228
6210 3935
2465 9428
7867 3091
2411 3316
9512 257
4306 2992
1130 1164
5789 572
3062 9046
4642 4754
5792 3025
5921 8244
2302 1487
7285 3266
7800 8913
2271 4592
8643 6457
526 4877
3554 1019
5874 848
9239 2894
9321 2782
6173 814
5849 7527
870 5953
3462 7232
4241 7599
7692 1998
3362 9265
8719 1928
8818 4244
9874 1951
5825 224
2838 5517
6772 3316
8604 1272
6738 1764
2339 7193
4843 7750
215 5766
5431 8895
3799 5305
4195 5837
7166 5915
3133 89
7013 416
4552 8808
781 3230
7689 1194
3462 2005
4358 1326
856 3273
7847 9405
8964 5373
9244 7145
1457 7626
2337 185
8567 8045
2612 8111
6603 5282
5875 7617
3303 5872
5283 5688
3384 4353
9851 9914
1510 4218
9926 1192
9441 9504
661 2021
2993 7509
8980 3828
6760 7645
8170 1609
170 1097
8490 8151
1925 7144
5672 1652
263 6906
2392 195
1243 6633
5019 6984
5560 4927
1713 9967
8694 3407
3269 2557
9850 2731
3685 7559
5395 3200
7114 4014
4029 6512
9251 3907
5190 7682
2128 1354
923 1785
2258 6439
93 688
4714 8419
4990 3825
4747 3047
5231 8505
1444 2646
6501 3807
5012 3769
7249 3872
4618 265
7833 3047
5571 7135
8467 1512
7657 7574
7918 1670
3428 9302
4375 6571
4247 1806
7384 168
4804 1913
456 386
8302 3150
7854 9555
4945 2560
8867 8669
6733 577
2081 2981
497 9520
817 1576
1911 4387
5689 6489
8122 2235
4623 7749
5237 247
2 8480
286 9358
3439 4145
6173 4020
6324 2974
4674 5323
6348 296
4638 1743
8362 9054
9493 1419
8424 8120
5541 9282
6534 8744
4265 3248
2773 5457
1858 1105
6631 7583
4970 8628
2154 3463
2435 8636
5522 6724
2150 8630
5253 6369
5915 2304
4758 7311
1085 8235
8100 2618
321 2411
5507 9826
2665 2555
3309 1437
5710 5497
9213 515
6039 7694
1091 5434
6468 8237
712 2990
4004 933
2616 6555
3079 2097
6409 2570
611 8722
3025 4560
2313 3084
1381 4832
9911 9794
3771 7553
5925 9181
3212 948
2184 2018
6623 674
602 862
1243 7630
7043 1733
3103 8523
2551 4415
8817 6745
7657 2614
4688 460
8720 6219
820 4009
723 4802
7982 8458
6366 5041
5059 5881
153 7766
9096 4107
1099 1113
2193 8128
8537 3639
4674 7220
9519 7529
2340 2133
7609 5201
663 3035
1009 8788
4631 2225
6056 94
6190 5465
77 7225
2058 1143
4766 6338
5293 5666
3996 4648
4902 5539
1521 6999
3797 8051
8372 3389
9943 8317
3741 4805
4214 2174
9086 2850
4439 9310
4103 6896
7127 3332
4633 9185
4981 4564
1113 1961
1546 3638
5286 1090
2677 7127
8940 9961
5612 9713
2470 4859
9451 6234
1727 79
3088 712
3865 2517
8066 7380
5693 2234
2092 1369
1504 7743
5369 8879
5015 6474
7230 7918
4889 1294
2955 8086
5332 1503
1677 2142
3090 4518
7945 9240
6029 215
2129 8370
9933 4322
6471 7464
1268 2274
5071 631
9326 4886
2866 6998
6283 7180
4551 513
9716 4666
1990 2106
9376 3816
1861 3274
9168 4628
4296 9756
1205 6305
2559 4427
4100 6312
2994 1838
772 9028
5258 7770
7228 5841
2294 5515
739 9852
5512 6701
1813 490
574 7237
2999 4646
5208 4075
7371 4914
5964 5319
5203 3249
8639 7328
1075 1794
2811 616
861 3934
8963 7936
3112 2710
7886 8044
7687 2184
9719 5689
1537 5428
9890 8027
6697 4666
6466 7265
9132 5259
5707 7453
9703 3613
456 4177
9835 1984
8134 6673
3302 9620
2603 9331
8821 2893
8860 8696
1322 9184
8886 2262
1873 840
5811 507
4495 9622
7105 2034
5463 5012
4508 6366
205 6407
6395 500
5457 9507
2082 4668
5025 1139
2291 9184
9604 7983
1847 4674
3368 8017
675 3033
8689 1842
7308 5985
5603 2266
5683 2688
7753 2367
7584 305
8704 26
8216 2898
1259 3783
7735 2762
8693 3760
8269 4199
7778 6350
5270 8396
1214 2376
9292 554
6578 3036
2422 5983
5452 514
3680 5868
548 9399
2897 2957
9951 1609
1742 5663
5605 1043
9255 764
1398 8712
9140 3497
946 716
5516 3097
8888 5005
7287 9095
5779 8702
3880 6055
77 2386
405 5002
5818 9
282 5002
6882 5771
3886 4807
1165 6875
4796 3176
7795 8935
3164 522
1631 3417
1714 3094
1871 6702
2395 3050
6640 9129
5990 6519
4714 6391
4751 707
5710 4150
4925 3033
999 6518
38 6039
9629 4098
6103 8258
1438 8543
8252 6852
1030 1918
5949 9807
2948 1105
1783 3072
757 3878
8637 431
5215 1172
296 9438
8361 1855
3810 7797
6375 6454
3981 894
5932 199
7116 3134
9540 1808
7064 7474
8766 9248
9828 811
1844 7239
274 684
7754 9205
182 1956
2667 6042
5020 203
9100 8099
55 55
9761 5264
8001 3374
4810 6537
4056 4606
4541 8529
3336 8353
575 2880
168 5280
2370 8431
8241 6533
4626 683
3626 5083
3872 2110
4505 661
6054 6608
6401 5153
2402 9145
9717 9073
8424 7995
6777 8963
6490 1663
8523 55
3044 2498
8291 8100
9026 2577
6097 5719
670 739
3973 9991
2683 2692
1667 807
8497 6851
9089 5442
9136 4137
3721 2499
8626 2723
404 2441
2401 8
8374 2094
3034 3178
7416 6975
5587 8257
2499 4487
9697 4741
8806 5496
4653 3977
6227 7596
3468 6942
1278 4216
1421 5393
6466 4091
7797 2909
3740 8191
1467 1481
3735 9054
5123 1116
9901 8743
1842 9198
4696 4764
1788 2282
5817 6619
5792 8343
11 4843
4183 3850
8950 4425
9786 5540
3399 9556
1205 3058
9558 4381
6824 3564
1938 4446
2803 3696
3370 4590
7067 3403
2864 7442
1428 5103
269 9350
3648 6012
4223 5041
6830 856
5641 4520
1868 1028
4017 7333
1509 421
7464 9919
496 1898
5230 51
5504 7195
7377 9475
4999 7728
9107 5819
5463 9045
6712 954
9378 180
227 1951
9121 8811
2120 1045
1416 5593
2040 1935
8266 7627
525 5876
6069 5841
6150 6930
8747 4665
5931 2426
9398 5552
4063 5937
311 2203
2801 7087
8529 2499
9973 7728
1241 4239
7866 9839
2253 460
430 3837
5043 391
1728 7492
4451 543
9075 8070
2315 9366
6803 1494
375 1188
6296 110
7370 8120
4323 6599
956 923
4162 6678
3920 6108
8101 228
256 2029
7301 7186
4527 6071
3727 8184
8778 754
1305 9463
7300 2329
3765 7964
3245 1523
6931 9551
7234 3886
679 94
9810 9319
3488 7657
9224 3367
2153 3530
9073 996
398 2196
8628 6668
830 1459
8527 4420
4950 3409
9346 4800
2839 4309
2592 7276
3516 3095
1869 849
2856 6571
2550 5781
7145 8597
731 266
3485 2599
8675 6329
2364 4390
973 9401
3909 6034
9847 5621
3737 1714
4662 5688
2195 9412
6150 9012
3458 3534
7564 7773
1050 4144
7919 5189
7080 1104
2739 7924
7516 2013
2755 9922
6350 2305
4681 3631
6236 9703
3403 6738
2140 7340
9535 303
7603 8268
3137 3300
9273 2905
2251 3993
930 6505
9231 5658
4136 3834
3387 8826
9198 7645
6976 233
6420 6405
9384 2115
8885 1859
8722 2964
9393 3915
4606 6975
4435 5531
9101 2878
4597 6532
5790 4244
7027 5576
4997 7099
1752 2011
2061 7603
7538 8782
5967 551
2817 2271
4872 102
329 8294
9587 9806
3307 6755
768 9730
1958 6392
4510 8333
5318 7790
6894 8700
6700 2277
7273 3819
3800 5429
4321 7797
4932 2274
9268 2061
6736 3354
1706 2135
8099 3143
2623 2001
4628 9227
5354 523
3418 8936
8209 3583
5414 320
8575 3463
2691 6723
8673 775
9144 4025
5156 6071
2491 7031
6231 8359
1375 9910
3923 5488
7238 7922
5823 6294
8686 3416
6171 2345
6705 7929
6366 1608
3137 3674
609 1429
8576 8065
9998 5833
7550 7230
9104 6847
6194 5954
2771 6833
186 9064
798 8526
1823 1416
8689 1962
8056 332
4993 5809
8740 3847
4415 1015
4131 324
6315 8546
9851 7913
5866 8306
7463 7753
7715 8097
1017 5012
2553 4960
1513 8700
9310 2986
3495 3074
6104 1894
3665 1185
579 2687
6779 597
9662 5083
5717 3938
6849 3323
3916 6147
7059 3432
9214 8020
2108 6865
8796 6169
5042 1804
6490 8298
5287 4541
2774 1278
9887 2720
9515 1857
1585 602
9621 3084
5571 5221
6996 773
7120 8608
4257 8225
4022 7358
5277 5093
82 6887
3811 2762
2920 7094
3140 4388
1198 8719
3201 4237
9676 6486
3320 5979
4118 8985
3761 7744
6517 275
9294 3062
6518 2063
5767 6238
1181 511
5597 1063
6580 3373
782 19
5198 7873
1794 2753
2640 7236
8087 6601
9787 2991
2488 1194
265 8719
751 1062
2405 9043
7402 7606
8955 575
486 142
3056 7092
1813 9905
9148 9237
4782 9601
2961 1445
621 2746
3505 7486
8566 7443
1662 7466
9044 1196
1316 8793
4596 6783
4663 5295
6782 5827
9065 1947
7723 742
104 7562
8655 3554
8696 3047
4836 499
7568 3072
7316 6680
8757 3971
8795 7178
6454 5701
3041 5623
6166 9182
2859 6218
9233 6953
4723 285
493 1954
1539 8942
3340 191
6280 3686
3458 5178
6005 7999
5132 5433
9680 9793
4898 5872
6203 5791
5772 5862
7957 6715
1863 7666
8891 1020
3093 5178
291 1009
5539 9824
649 8667
9749 7260
444 6024
9830 7839
67 7784
4064 7562
7733 3039
7422 14
198 2023
4787 2764
9632 5447
6449 5676
4707 9128
8982 8914
5000 5582
1468 5437
152 763
9450 3843
2506 1118
7759 7116
7720 9039
5970 6606
6630 760
2209 9765
1891 7850
1687 9607
1037 1053
1955 1956
640 1677
9073 4848
3549 5457
1759 2574
6782 7067
5058 1392
7651 9502
6545 4518
3524 5060
6375 201
3975 7896
9851 9888
2252 5271
5111 541
9883 8135
1197 8539
550 9403
9662 7566
8727 8253
7933 9993
3597 2421
3618 3804
8214 3767
2568 1044
8980 746
8438 3157
6324 6685
2713 53
7360 4275
2666 1298
1108 3073
4695 4518
9899 7321
7743 4114
7397 257
1190 9940
2390 702
5242 2550
3337 4970
8186 6239
9431 3325
6977 5867
44 9828
5558 3209
3868 8198
2396 410
3627 6660
1363 397
8904 1199
3507 3349
106 3912
2883 128
1190 2639
7783 2562
6373 5952
7551 9719
6032 933
2667 1734
971 6225
2918 1459
5521 4512
1766 6599
6720 1804
2863 3856
4351 9926
3193 6863
153 4094
333 996
5243 4211
8441 421
2861 5371
8622 5452
2109 5203
9416 5121
7948 1787
6279 129
8179 1873
3227 5766
120 3465
9498 9387
4354 6078
9930 3907
8158 4392
7053 2909
5732 9571
3124 1568
9647 1905
7284 3835
1359 9645
3471 6411
2184 3428
9093 7795
4544 5102
8651 4964
9330 7726
8865 9061
5855 420
5515 5266
184 5526
2474 1411
7801 5392
5957 5906
8651 2060
4194 9480
7487 5851
5850 4588
9968 4638
2728 8402
9107 3499
9912 1570
2431 9714
2429 7607
9773 1999
9891 1778
981 5412
9623 2856
7771 8028
2580 9713
2947 2320
8445 4258
3999 5229
6950 7369
4045 431
2403 8357
3591 7807
4785 7200
7673 5065
9512 5630
6341 220
1507 6004
5 4122
785 345
1422 7242
156 4591
2651 6463
5006 5964
3415 1272
9414 2866
9641 3486
8457 9534
4975 1734
3861 2215
4734 6674
2886 2125
4907 9547
6947 1127
9828 965
5519 6663
9733 5967
529 3496
4079 5772
6309 65
3555 2325
5144 9655
6106 1504
4112 2573
8360 8055
5979 4543
6922 6475
5669 5228
3853 8237
835 3593
2843 7519
9075 6502
6552 159
5538 1016
3069 1870
8197 2626
6765 1130
1559 6623
4147 9302
6790 6641
6640 773
1979 209
4572 7988
3026 181
1051 2080
3557 9556
3248 9306
1395 6426
5509 5161
8401 4041
8134 5426
2258 2207
6223 4566
158 4312
2026 88
9811 4235
491 2281
978 3423
8797 612
4338 8772
1882 4346
1567 4728
7912 4509
2584 2619
8750 9463
3205 5573
6312 7878
5294 340
2302 6439
4943 4779
513 6918
3623 4648
2424 2447
7861 7425
3587 7751
3209 445
6186 9212
3522 3286
3873 7447
661 4757
9442 7653
4476 4540
7189 1589
8597 397
1092 3878
736 9570
4637 9136
1303 4221
3595 9338
7239 7645
8537 5080
9757 2030
663 91
8569 8663
7848 9958
8438 429
39 2466
5382 6747
8222 1467
5484 7113
6035 8395
3437 1303
9790 8819
299 6540
4259 7986
4494 2216
8973 1282
4134 9662
4688 9200
5474 4173
2880 3349
8851 5107
1752 8765
3365 6688
7884 6198
1162 6668
9026 1442
556 9955
8164 7955
751 7392
9034 3959
1792 8593
1097 8807
8635 1454
6744 2023
1320 5083
2893 251
5374 328
7275 875
4194 9369
8755 4411
1724 2696
5233 2033
9587 8166
315 1289
2308 7585
6879 3588
3620 6412
7275 6645
653 526
1938 803
8878 8515
2922 5597
6557 2593
3698 1458
6899 6835
1620 3783
1788 8688
8270 8001
666 3221
1179 555
2410 3794
8263 1741
7952 7057
9910 5216
5931 4735
639 7241
2740 1749
185 1614
516 1440
1307 0
9627 280
5441 761
9733 4609
3909 2755
8118 6672
6459 6263
398 2994
9439 4488
3391 7898
7322 3457
9969 5229
8839 1779
7082 2769
5073 161
8189 1131
1726 7000
3757 1656
5443 8522
293 1797
7830 1293
7525 4810
5143 2142
9303 6532
7973 8635
7653 4865
7898 9922
1344 9518
5247 5420
7371 6547
7548 899
6282 6230
1352 4479
1213 2570
5832 3129
3047 1729
5963 9541
6381 2930
5228 4997
4787 4284
2491 3728
9939 5490
3830 992
6210 7435
1220 8797
131 636
2029 5317
9744 981
3436 9252
4341 4811
5144 2421
9114 3719
2473 661
6576 2998
7967 9128
3341 4642
4481 8683
296 3799
6143 2649
1342 2836
4291 7094
2357 402
1041 3508
2940 1460
2423 8945
355 4082
5829 9991
6992 707
5548 8703
9917 6153
9534 8197
31 5660
6228 9500
2026 6128
6651 3859
4698 1501
7707 2404
2140 9310
137 7326
9875 2623
3693 4396
8372 9040
319 1321
4825 49
1337 8624
2771 3502
5300 3172
4394 5434
5209 3146
5587 2680
5340 1951
3729 678
1257 5553
4622 3138
2841 7333
3747 5694
5508 5835
3509 4041
9566 1014
140 8383
1310 8735
5350 3887
7801 1099
2854 7955
7387 5481
5792 2950
6127 5850
6003 6713
7790 8094
8559 8357
7190 7503
3600 5628
8337 5003
3140 3956
760 9137
5726 4303
947 5159
5630 5560
3477 8271
438 8731
6634 6486
6606 6173
2616 5572
9101 1858
9901 264
6080 5320
4804 3331
8980 4082
7923 3217
1753 2458
8788 5950
9594 5066
3799 1482
7318 9667
3352 1293
7242 7042
29 7523
6031 7862
1173 7740
1459 5668
602 7283
1207 2882
340 4989
5891 2796
171 7627
3668 879
9929 1251
4465 3105
2291 318
1810 1986
768 2520
3346 6367
9743 162
6997 4141
209 5330
8606 8399
5966 4692
9773 2854
9212 4343
3430 9637
346 791
7591 7070
3555 2587
3733 4239
8309 7212
923 8549
2822 8650
6792 4363
484 8463
7340 1796
4146 6659
9047 9770
6933 2710
1526 200
3980 4945
8964 9127
936 3320
9452 244
9663 6308
5021 7722
5793 3322
1636 1965
6371 9215
3201 9093
5043 7984
8196 7847
3067 9080
1774 5134
6259 1697
511 4214
2850 1388
1435 3934
6069 9754
9178 1562
4534 9401
6432 966
9483 9191
9936 2405
9851 7139
5934 9609
2009 9565
2978 6940
9221 2818
5386 7470
8133 7690
7219 1918
3394 7424
5431 2197
1541 6800
8123 237
7803 2612
3776 8754
3034 6012
7323 3914
9820 9592
1806 2586
333 8128
987 7976
2162 3068
6575 2211
808 2215
7178 2862
2447 3351
3787 4475
4338 6188
7797 7262
3979 9275
9606 9978
1105 1022
6386 2541
8319 129
1813 4816
5946 5799
3670 8572
479 1982
4751 611
1752 2705
1536 2936
3434 4614
4749 5368
4677 8357
9319 3273
5609 1773
8618 3888
1127 1915
5677 6441
6359 4997
1445 6659
3823 2755
8461 4187
4105 45
2000 7609
3696 5057
4457 1385
3429 7745
2535 9157
2108 5007
3318 3778
3021 4199
7726 3768
8308 3131
896 3009
1728 292
5838 2625
9316 4474
8703 1153
9267 7743
6125 6214
6296 3975
261 5595
8717 5
7784 4652
329 1084
8407 1533
5206 4314
5251 5962
9749 4307
8206 3354
2923 6195
4927 5223
4773 290
3647 5643
3051 1340
226 9808
3718 6508
9238 4699
6554 7882
145 2138
1156 6420
2845 4615
6363 530
1572 5730
1608 7971
8635 5969
8392 5019
7830 6277
840 9808
6739 9301
9868 2351
720 9158
9046 6355
3632 8179
5992 1271
3123 5702
5289 4023
6717 5051
5881 1776
6595 4457
8859 3710
5427 8640
1786 2075
7720 4433
6638 9349
3230 6921
3338 6671
9990 8402
8250 6239
5688 7691
5823 6643
3624 8521
2884 8852
5393 3215
5914 9141
143 1632
2335 4878
220 3682
2927 7496
9578 7520
5464 6310
8587 2396
9460 9777
8525 7925
2564 1261
4925 1796
606 6926
772 2698
9388 8428
1882 8076
9879 2674
5905 3175
3315 7147
4827 292
2611 1957
7756 7635
4597 4694
3350 9371
6491 9049
6888 9919
5580 2694
9201 3166
8351 4266
9697 7508
1698 1215
7122 287
9543 5138
7276 8291
9964 2424
84 8167
9047 1285
4183 483
2494 5593
6330 7545
4820 6269
5810 4830
5875 1783
4547 2767
3454 4466
2771 2405
1443 439
1259 2547
7367 1999
7608 3138
9380 2369
4210 9286
6214 6885
5008 1373
4516 2533
1089 1640
5724 8790
7514 7070
3211 7534
8249 8515
9330 9629
9470 4753
6838 895
7033 6974
7127 8900
426 8331
4474 2209
3854 4556
6411 7382
7512 886
7044 4646
1932 8089
3824 9323
2573 6292
7582 4439
8075 9997
321 7553
3438 4948
5844 4379
7572 8104
7412 9494
5484 7123
8445 6737
262 555
819 9993
7931 5449
5496 6865
4981 3775
8837 9160
458 5813
5156 2302
6570 4704
4600 9199
4403 9235
3624 7361
9726 9206
1408 84
8389 9861
7527 4598
8136 9709
8968 2458
8531 2974
729 3502
1287 59
4610 7549
3262 88
9368 5032
4493 1239
6519 8395
9524 8620
5228 6614
5210 5355
9413 7273
8782 5482
8158 7709
5501 1973
7013 9035
5256 5493
4883 5084
7044 7889
9731 1908
7270 3845
2941 2722
8777 6517
5101 3741
823 5361
3827 4235
7961 7196
2861 3595
4841 1383
1395 9450
7806 3821
9929 6996
8838 4813
9693 3595
3724 5590
9300 4180
8218 9664
9755 5832
7055 5162
8911 3455
6792 445
739 8435
9340 950
8272 3249
4001 8628
4546 8265
8138 6820
2289 2324
5960 3467
6959 6618
7060 7936
9507 6980
6125 548
7960 1951
7795 116
5940 4223
8705 6185
1198 8899
1309 4518
678 5391
8083 3322
7779 5277
1032 8322
6290 8597
4579 8773
5953 4928
4313 6492
2367 638
5441 8238
2933 8426
2204 3899
2120 2019
9028 378
3445 9261
8832 516
574 3406
2092 9712
9204 9740
8100 7684
4341 1718
3919 841
9920 22
9774 1007
7430 1567
2819 1834
5730 364
7823 149
4429 417
9739 8684
7323 4161
3497 3053
4418 4994
2899 6472
7843 10000
3711 8350
7432 7054
8557 4557
1694 5390
7223 5930
970 923
2313 2257
3944 3795
7754 6251
2699 3980
5139 4551
3782 193
4462 1851
5490 6545
4643 7120
4014 4799
2255 1570
2956 4310
212 2090
2326 1972
6885 9621
1398 8442
3874 4572
5790 3519
9614 9666
6843 4368
9570 6821
6312 7237
2825 7115
7191 3555
8303 5480
8916 195
1771 1872
5255 2814
2471 1839
5422 6534
1042 9134
1469 8985
5086 6828
9173 4607
4239 8430
3837 3512
6164 8088
6452 9864
5785 4634
3892 7614
1429 6774
7764 9186
2881 8860
9744 2125
6799 7717
6585 1904
8889 3710
900 5859
1694 1302
5324 5275
2960 4826
7746 9001
7727 6894
7972 3885
5003 8924
5804 6666
7850 2569
577 5676
2962 4792
5387 328
1632 534
4221 5910
9826 7485
2286 7928
9581 8624
4794 4905
5405 8797
3304 7624
713 283
787 1426
3185 6412
3551 118
7340 9998
9214 7450
2541 8991
1430 3806
5442 7593
8272 4824
4960 6717
6727 6227
9187 1066
5171 3539
9311 9942
411 136
8164 2863
45 7892
4555 7511
5973 2652
9468 8675
9560 1714
3405 3691
9239 6359
4110 4739
2504 3190
5024 9910
5715 3313
1293 7058
1484 4495
1303 564
1541 629
4936 7053
2052 7244
4947 3841
6835 5719
5217 2045
7267 5091
5513 5801
3354 6056
7735 596
2060 9219
2061 6076
2382 8866
3242 5606
8850 9041
5 2929
939 7143
8014 558
5377 401
4246 647
5334 9653
4615 8786
2884 9547
8519 7262
4378 1225
5202 8214
9652 8281
7262 9536
2164 5906
6029 9477
6477 5675
171 3273
66 9515
6009 3427
2834 4227
8145 5725
6091 3134
1087 3303
8886 419
7718 47
2700 42
6542 3297
4458 6763
2888 2700
7612 2080
9994 8645
1457 7575
4227 1390
2275 5609
9666 2949
8318 8875
2525 3229
9025 8233
766 6693
2599 5945
2554 8623
2015 623
655 1011
9481 947
91 2162
3083 5501
321 8994
5862 5446
2764 5605
6454 8774
5736 924
9040 7977
6913 3863
7408 6214
9747 9353
8181 8910
4954 5414
5484 7285
9865 6577
8197 1332
5985 2903
2482 5775
5955 1594
9076 5367
7518 3317
2252 3301
3450 7308
9742 7972
5225 6356
9010 985
7874 493
5821 1946
6442 9540
4348 588
7080 1361
2672 6787
5723 9268
2035 2481
7319 9205
8504 1166
5154 6085
5873 245
8542 4961
6837 509
9342 4540
8737 2543
8537 8479
940 2122
123 3215
8333 3928
1137 3103
7976 6288
2947 1019
601 2635
8949 5644
7905 7396
2032 2291
123 189
594 3372
764 1942
618 1193
6661 8938
1656 8578
9640 5669
6328 4019
9247 9090
4914 78
1142 1650
376 5338
8673 8760
5277 8184
5709 8345
2388 1760
5673 6432
2408 6408
7225 8563
3985 2660
2194 6910
6170 9026
7692 7411
4949 4818
2961 4929
8479 5041
1521 6310
4420 4654
7057 1080
5348 9110
5210 3273
8583 6613
243 4302
5212 7707
6601 3526
1079 5107
7081 8778
8886 5368
5588 3040
6927 1727
764 1752
5580 4564
3635 5850
1336 6143
4919 5280
4342 5740
1324 7465
1766 3550
9083 8689
9602 5732
9602 5832
2412 2745
5243 5226
3412 6976
6350 1561
3200 926
6175 9921
4971 8007
604 2661
7198 9412
7580 9674
2033 9261
4609 8347
7325 4859
2156 8588
4939 3310
2887 1291
5006 9182
8194 7825
7563 2391
8290 7602
7016 2560
8583 1911
3971 1150
9770 6789
8407 5075
3017 9992
8188 7367
8231 1778
3969 5708
2684 4948
3704 6873
3211 996
4187 5029
8512 6251
5551 4871
2833 5911
4327 788
8973 9848
7712 1006
3736 306
7491 2708
6460 8402
613 8311
4862 3537
4858 1153
380 8723
3918 4249
5607 3981
4012 8364
9411 3702
8846 5230
4393 4447
8524 8580
3661 8095
5999 3837
5115 3271
6777 3232
2550 1396
1417 7727
4898 8158
2090 665
2059 697
2127 7648
1764 5937
3196 7683
3028 3436
800 2576
9955 104
3966 5980
6111 5974
2371 871
9996 4771
7035 3144
2430 7345
1130 4585
9668 4751
4779 9546
6623 6806
3263 4116
6552 26
8550 2826
294 9103
2411 238
4117 215
6416 6493
8714 6633
9672 2342
1822 7622
5297 996
5376 5895
4117 6974
4265 1706
6473 9715
5646 6949
5732 6974
2741 623
37 3402
3093 8938
4386 9337
1238 558
3504 5526
6773 5617
5612 2594
2591 7504
4171 3977
5688 6115
3233 1298
1944 6480
3868 8866
8987 5528
6561 250
7725 3808
2479 82
5097 3391
6334 8719
2951 7610
7257 1190
5418 8959
3838 1910
9911 5802
3404 6179
4743 2528
4578 6390
6417 8923
8311 5555
8257 5214
7441 5793
2191 7946
2892 5218
4552 5535
7650 9204
2175 411
5746 2942
8069 366
5974 9112
9374 4502
2920 8577
1718 6341
5105 6954
9087 372
4138 1472
2432 8433
6300 3430
2076 6837
3043 8084
6282 2604
2450 5247
4537 9065
5854 8375
8405 2047
7644 480
3317 1890
9257 6973
2504 7965
6034 2505
2606 4829
4705 2121
1576 2839
7678 7521
140 4835
1916 2884
9426 8325
5668 5617
6214 8591
9373 5286
295 1401
5735 5849
5379 9030
8869 1415
6658 216
1658 4095
5314 1596
5581 351
33 9409
900 2183
9289 3154
9594 9752
9424 2370
8482 6119
6860 306
5132 6469
7338 1056
3600 8006
1682 9355
1526 9308
4431 1557
24 8317
5534 2992
8577 8363
9610 4564
9940 6610
113 3766
6192 1457
4867 6999
4089 4883
6888 6364
7766 8585
3606 5580
1737 7601
8952 4694
179 523
1042 8782
5003 9416
3197 7973
3452 9404
8404 7563
5370 9451
6013 2734
5167 6405
4618 6604
26 1831
2530 3214
929 546
7127 6943
1932 8838
9390 8808
9694 2818
1749 4466
1063 2455
9723 2607
6988 624
9866 6364
6916 7121
6106 7948
9511 9760
1275 1
2198 5763
5219 9916
3278 8032
5729 5467
4118 7689
1987 745
3570 6275
3573 845
1008 1161
2449 5742
6018 4694
527 4453
1689 5809
5259 9380
118 8307
691 887
8717 9908
9604 7095
6033 8486
4286 6461
1396 7099
671 532
8541 1934
4368 6412
9528 7246
2267 102
8007 6765
1575 8817
9923 9831
5765 9388
2053 6079
2975 5689
3320 7912
4997 2100
6119 36
4932 8141
1049 7400
7608 9567
7528 2971
6270 3508
2074 3067
762 5182
9918 4120
8481 7735
928 9389
354 4142
4599 5864
7551 9418
181 6814
4278 4551
6474 2185
5468 9450
5222 1563
4913 4200
9883 7186
3378 6998
3298 8994
219 9994
9627 2188
1667 9046
7097 1802
4508 9895
4952 3267
5501 7482
3529 6877
8768 6485
3748 1818
7061 6091
428 3339
4277 6648
2573 6317
4601 39
8200 5070
5416 3101
1420 3152
6814 1962
8281 4777
3573 8591
2545 5132
1901 8799
8755 3883
6520 1847
2023 3045
1995 1474
8122 8813
3666 3674
118 3164
5430 8478
9143 5167
1789 2577
1259 6433
531 3117
7686 1528
9868 9
2450 8070
7997 4679
641 4239
9861 1477
9644 4462
4845 7536
3209 1740
7962 3175
1819 2943
9381 5642
9760 4634
476 357
5101 1857
8900 3587
6239 6639
3496 5829
9271 8901
1550 7964
8517 696
4189 7630
2540 4089
9363 9803
9442 6031
3803 462
3131 8041
3729 3093
2607 9481
3414 363
8944 8129
2625 3846
1519 8778
6847 1967
8835 6766
5869 1363
3570 2094
1369 3902
8294 691
6952 2630
6427 350
5626 8251
406 7351
1661 3193
8569 2910
3122 9302
1971 5900
4241 6135
4519 7387
5197 5693
9033 3719
5391 6250
441 9610
6883 3485
1336 679
2831 5078
4703 3761
8484 4251
842 5878
1564 7187
9926 8496
9263 8157
6781 7094
7233 5464
3403 7129
8809 7070
9038 5528
4312 4842
629 1946
1914 4561
7854 2021
4875 639
2357 1678
9642 5813
1170 2868
2544 2091
1359 7295
4288 4548
915 9177
8401 8748
4333 6486
3418 6979
1282 5363
9104 7667
6726 298
9128 4304
4862 88
9937 6516
7645 6017
9809 180
633 5384
4125 9811
7195 9873
7704 3355
2120 495
943 2689
7691 6363
5280 4697
8366 8506
7450 975
2925 8038
9286 6701
7549 4222
560 5180
2589 8901
1551 3374
985 6266
8515 2254
886 6739
2912 8355
2599 3723
3555 6617
4457 9894
4454 1259
2106 3512
8349 5926
1210 558
3371 3988
1076 5029
8763 9172
9605 6552
774 5067
6747 9484
7950 9861
8750 5669
3798 3038
6641 9147
7013 8923
8988 4374
9021 4621
2652 8076
189 8659
4586 7032
8648 6682
2094 6224
8143 5917
6112 3730
4260 6401
7033 649
4808 487
5182 2983
2633 6724
9751 2740
898 4736
2376 9829
6011 7050
2794 6249
2356 1004
3071 3524
8282 255
265 5528
3630 3457
604 1768
7344 2841
3316 5716
7490 8615
7915 4289
4613 1078
2167 3202
2058 217
2121 9995
1065 743
6796 3488
3255 7232
7842 2609
2321 214
589 3011
915 3022
2633 9118
1544 3411
8998 9961
3020 9045
8923 5760
1239 1502
5597 4907
5053 1385
4983 3343
6113 4576
7727 2435
1015 4483
5614 2022
940 6377
894 9124
9500 2067
4175 1043
7943 4932
2866 6895
6475 8987
8195 7614
9923 1084
5905 2104
8845 1274
786 3606
2814 1720
9281 403
5281 1429
3387 6033
4833 1385
1706 5871
7603 298
850 2802
6588 2505
8074 5157
5031 7608
4372 5496
5824 1447
7456 2166
9617 6345
3512 25
742 6660
8103 6253
2840 3510
326 6649
8004 8952
1634 1596
7368 6060
8051 1140
6832 2519
9673 3365
3357 3297
188 1153
2226 1307
9625 9991
879 8181
5459 8947
1601 1194
289 9803
4707 4291
5071 3905
4605 887
5762 2909
4863 9452
521 5642
3760 2307
1931 1724
8480 7006
4073 5396
7642 8266
233 157
6877 1465
8781 8138
122 6198
4256 8621
4427 1561
8381 1886
8000 506
1990 2797
7778 8233
5560 9275
7162 2133
2455 4500
8288 3538
4524 1582
7657 9347
8199 2967
8248 1474
1115 7159
8075 8714
5376 4641
681 2415
8410 3622
5390 5060
47 9457
8992 3164
4355 7344
288 8481
2009 1499
2881 6322
1626 3559
6 4442
8250 8314
4283 3394
7886 3894
3532 1585
6795 4686
3674 1042
7449 500
33 437
4817 7036
2384 7963
9228 5558
6441 5885
9766 1493
3948 3682
9492 7416
7984 3337
8927 8429
9275 3821
417 5159
2234 4717
7628 9513
6695 365
1224 8494
4219 2997
1648 2817
9548 2523
3289 6290
3453 9383
5545 6997
5671 2067
9144 821
5773 6859
6876 2901
2807 5744
7245 5874
6137 7421
4815 2627
1675 9927
291 5309
513 143
9209 4412
6935 9621
8755 2184
4220 3735
6125 9111
7448 7182
6023 2443
6942 452
7533 3417
7920 1911
6559 5737
2120 6764
2556 9435
1814 5742
2024 9000
7944 5450
3399 5548
4726 3847
4144 4428
361 2874
9310 5764
4587 394
8389 4246
5188 34
1296 3416
1627 1644
6496 1477
1906 4106
3906 8836
1752 7724
503 7698
3679 1406
3910 71
6205 2011
293 3280
3441 5605
2195 1006
8191 2627
5536 5959
8556 1096
7860 7235
2097 9405
2533 5916
6982 1849
8244 301
6044 999
1282 3411
2547 1895
8407 2477
1158 8537
7043 8847
5396 2574
4687 9688
9147 1436
6801 4113
6340 4910
7878 2791
21 5471
4241 9880
5709 4512
4867 5350
7170 7726
9807 9229
9451 5389
5109 1406
2173 1992
3759 8975
8421 8943
3730 7296
6458 4038
5222 10000
6467 1643
8841 8402
3775 5988
6374 4106
9406 1757
1512 7921
5622 7434
8921 3436
7636 2388
9563 3512
9313 8653
7620 4569
4782 4706
2891 9093
9704 5867
1535 3768
3999 4849
8719 911
6210 7966
4219 1281
6892 4636
2384 8258
9041 5597
3214 8424
9660 4945
8236 3032
9956 7844
7013 678
7808 519
1177 3653
3506 788
3644 9327
2616 1589
7779 5745
6690 2672
4112 5306
9002 6492
5775 5500
9998 6014
2933 4289
3219 2243
2458 2370
3707 4723
7902 9560
9068 5561
1482 9793
232 7457
7339 8543
6770 4958
4335 4120
1169 1402
1010 7431
8957 9147
4061 6845
1467 4192
5949 9035
6056 8362
1033 2043
9035 8524
5757 4013
8549 6685
3188 6715
7226 2118
6943 4490
4943 9132
3700 6168
1464 2437
6663 2907
3465 4736
8834 3786
2627 3587
1539 4612
7988 4968
8128 9066
6330 6034
2504 7540
6662 5167
7943 4850
7300 9852
5704 250
3981 7010
8381 6732
5121 4634
3590 7400
3655 5337
8505 6794
2544 3206
4381 2988
4019 3509
7743 3638
8049 1932
6552 4739
618 8933
3393 9586
1357 9786
6448 9111
9976 3679
8954 3481
8816 1408
3558 6014
3897 6862
2441 4932
9844 7259
3825 3494
8460 2373
247 7860
8034 5514
9130 6519
3614 4574
7602 2823
903 933
4414 3812
4932 3183
2671 3115
6083 9880
3232 8780
4371 4777
9640 8618
2409 4960
329 6342
4454 4699
2694 6006
1058 1207
1416 1285
2425 5359
8208 3651
8873 5816
7521 3702
6911 6083
269 8694
1331 1492
4018 7397
7529 9975
561 9249
3859 5871
679 4564
1590 5972
4338 3959
5815 6452
9500 3428
7597 681
1526 3379
9606 7145
7986 1221
903 3626
2979 9368
6628 9425
8843 1063
7812 1405
2897 8317
9991 3119
7767 5103
9331 9077
9110 646
2078 1194
6180 168
3012 2533
8217 4930
1997 7794
4581 8151
2969 5657
7157 7706
48 6153
6738 1230
5476 5094
3723 8249
437 5652
7796 2922
42 3764
3816 9383
2653 4038
30 4502
2365 7016
3289 6669
1083 9116
4942 9765
3242 326
9936 6086
2696 8152
7685 4722
2643 9908
9412 7703
3428 5624
7558 7354
9485 4303
6153 4161
947 1853
6849 3635
6583 9599
6300 7819
9136 284
7855 4279
9003 6942
8285 7039
7362 3294
8997 6915
5377 2903
94 4092
7304 1850
907 3435
7538 5132
1749 1334
3899 9699
3820 7870
1943 5988
2758 7588
7934 1160
1640 2817
7942 6826
9073 6396
1183 695
2613 3309
7352 1175
8272 4286
9396 7433
294 4980
8129 9327
5001 3529
5484 1967
2146 1562
4034 2715
7039 4975
1488 3483
9145 8168
3984 8272
9817 4750
4166 8542
8676 9028
216 5486
3933 4897
1672 8642
6929 9202
1753 5660
2108 82
9329 9974
3386 3479
6826 6306
5081 4985
148 6282
3593 7007
630 3011
6443 6734
2587 6747
8678 280
6411 8710
2147 6226
5147 2333
4254 4431
8560 5767
14 3718
7863 1781
2558 9029
9923 5424
452 3857
5075 7291
7498 9486
8717 8664
2823 7399
416 4099
7103 6398
1997 3822
2388 9048
9783 3218
1595 6980
9157 7851
3149 8404
3978 6027
3875 3353
1900 733
6471 880
2256 235
4793 9253
348 7450
221 9569
402 9020
724 4155
7411 4590
421 682
9237 2818
1120 8324
9586 6152
6861 4875
9400 9043
2112 3022
747 1311
7377 8249
2308 9781
3902 4124
4248 4300
6806 7459
6 3141
5745 1577
7190 4047
2850 8405
4514 5672
5418 1500
5258 2422
2922 2976
3504 3912
6091 6724
2853 2856
8937 192
970 2485
5420 6361
1023 4953
6420 9187
5800 8642
840 25
1481 2680
8175 9674
3062 1074
8583 2813
7048 793
5279 8053
6040 2053
2666 82
5311 8499
6539 1179
4843 1334
1783 4076
7379 6767
8321 8242
1428 8737
1880 5127
4369 594
3358 2772
7005 9644
5835 3733
2946 5729
892 616
1701 8407
1857 792
8720 382
535 3027
8737 4921
7357 8257
8346 6598
8376 5957
3778 9086
9729 1792
9060 4534
6180 3200
4069 9881
9309 5776
2945 2691
8364 3854
7226 4346
6808 3883
6239 2588
7508 2399
2537 649
704 7341
6072 255
482 1138
4081 757
9732 1410
8059 2914
4586 1508
7430 7002
1362 240
1130 2398
7657 9311
6221 3994
3242 3557
2923 264
3943 4376
4293 2627
6014 6090
7082 7799
888 2900
7038 5195
7602 470
9836 6737
7120 8532
5193 7150
6808 6744
7608 9516
2274 8721
8046 4496
6355 6186
4011 728
6250 9499
3409 3541
3829 9805
1912 6291
6054 9885
4397 7352
4564 1380
575 934
9133 4305
7860 5254
3552 2486
6793 9874
8509 6319
80 458
5313 5730
5623 9565
6858 1222
1738 1331
4789 8640
3786 3008
612 3057
9453 9335
7970 7704
6077 8952
5918 4827
4069 9097
1428 5367
4522 9460
1030 4579
2694 9649
4995 9780
2339 6623
9492 8668
8174 3182
6719 1689
8906 4784
4728 7427
3912 9881
5747 850
796 1493
4175 7478
520 6618
5141 2163
2887 1972
2102 4763
5276 9073
4759 4650
309 6023
2990 786
8002 850
260 3610
4233 931
7590 2814
3485 6760
7957 9232
5186 4391
5878 4356
131 3705
9567 1173
8321 9236
566 7094
2916 8025
4668 8494
666 691
864 905
8039 658
3613 3505
7506 8494
7527 4671
9754 1038
2647 2941
5518 5751
3459 5258
8476 3962
4567 1716
6852 9253
5019 9264
4895 8635
7652 157
2043 9221
8333 7256
2890 5148
5296 7673
6463 2493
9590 7638
3175 8271
2398 2041
5793 181
6454 5944
784 9290
9594 4040
2690 3997
4437 2672
6096 4090
8019 880
3766 5804
4220 8393
4123 3021
41 262
4590 9209
9930 5042
6156 8166
9167 9608
5339 843
9567 3537
2160 2128
7318 8240
2133 9722
6472 6685
3314 840
6642 2905
4305 4403
1733 6729
6554 226
966 515
1252 9582
5302 7280
6167 3386
5688 7414
4734 8714
6179 230
849 5777
9322 5588
3612 3896
2885 2537
7988 6885
4110 8741
8475 5857
1989 8711
9887 8228
4190 7497
4689 9449
5376 6816
5926 8760
507 4213
3508 9693
2466 4224
8690 7033
1404 8530
1820 7941
5401 8611
7795 9894
9261 495
8899 2806
4720 4319
6037 8412
1923 4060
231 342
8997 8461
9428 6408
2743 5412
23 7082
3305 1604
1265 8587
987 8844
6521 5353
540 8229
2208 157
9200 7255
7210 5583
2250 938
4544 3359
5720 6225
1676 8522
9164 3935
8123 130
8051 8697
6223 5615
1769 7247
9600 6348
1225 500
119 5767
3597 765
2927 8941
7878 6342
9533 8329
9392 8221
705 5344
7328 3751
4820 4208
4042 3412
9685 1553
7439 5852
5594 6891
4354 7383
7132 5973
8868 6656
7648 9367
380 5107
8119 1120
9476 3830
2689 6185
9729 5801
7961 5993
8145 8416
2191 6780
9093 5920
9764 7738
4150 8755
5892 1120
206 2172
6135 6906
3888 5294
9157 2686
8486 236
7794 9101
5118 9408
9176 4547
9070 4244
7969 3933
700 7990
4284 2111
8200 754
392 3734
3139 9581
4438 3965
4299 1001
6211 1443
2892 7213
541 3763
7514 2940
6770 1623
6301 8756
8956 5210
1500 4028
5760 55
3545 7746
8339 8234
5140 520
8548 6043
7694 7284
5591 2264
7357 8253
2042 9656
4229 5940
61 7258
9716 1323
5208 6277
3036 5518
2928 7155
529 598
4199 2954
6931 574
1864 6120
1109 7622
5917 984
1475 4023
8252 6668
9358 6626
8712 9395
6233 5674
7334 17
2784 7548
9398 6885
5515 4294
7195 2477
6887 4038
6797 7442
1850 3
132 5433
2158 1059
7671 5662
1546 8163
2784 3017
4569 5286
8850 2246
8443 4851
2252 3240
1284 4773
5488 6079
751 8403
9381 6336
807 8493
1174 8382
1504 4704
4067 1206
3839 2967
4580 1974
1108 5575
3865 559
576 1032
2014 8345
5393 6772
755 7451
5200 6038
1373 6620
7127 1417
2113 1044
9152 2760
1510 4930
5021 4797
9222 9136
6407 1682
3826 483
2388 1180
903 9740
539 8990
2920 2221
8001 7378
6613 3659
3443 9349
4669 8632
4746 4124
8572 689
5139 9685
6150 5120
5616 912
1512 2268
4156 1854
3155 2326
9314 5887
9800 1040
187 1007
1503 794
7810 6791
6402 9274
8715 3277
4760 3534
6958 2981
855 5210
4447 2121
8552 1980
6722 8638
4860 9063
7664 1659
8834 4113
1196 951
4690 6550
140 4794
9197 2575
9270 3611
4747 7201
7720 369
5601 7711
5240 3938
8070 8451
5122 1680
735 6948
64 9387
739 3080
5568 4072
7613 511
1866 8470
8261 7452
5028 7397
5087 1983
9346 1109
7447 6438
9091 31
2339 926
1278 5743
5382 6780
5968 9777
414 697
5089 3980
3512 7646
8951 2102
7684 8621
1422 9409
7962 1862
5182 5178
8294 878
7122 4604
971 8120
4152 126
5635 2476
8682 24
9055 3994
8565 6456
1924 8278
7207 8142
577 3928
87 4723
3502 9120
9702 1585
4612 6087
2190 9150
9331 2663
324 8442
9979 6222
4187 4033
3729 2914
7231 5582
5830 1593
97 6700
5997 6833
6627 7012
3146 6369
5050 2818
1973 9566
4163 5257
5419 7331
249 9947
6539 5068
9756 7035
7929 8252
6074 9898
3221 6706
5359 6811
393 7598
8221 8747
184 7911
1273 4470
7162 7121
8818 131
4625 527
1061 7118
8403 4785
7190 8027
647 6904
1912 6887
4981 9966
1395 4672
8982 9465
2576 2544
2386 5663
9377 6432
8159 6688
2157 1373
1785 8590
8930 9399
519 5019
4264 245
7241 593
1599 8379
5182 138
1192 7042
9978 2017
2497 4995
6457 7212
8145 9378
5064 1226
5889 7278
9945 1584
9277 7562
5768 3838
4168 4214
7730 4685
4896 3077
3681 6531
345 1984
1021 8187
343 8039
6853 7710
5568 5400
4100 1385
6953 8185
4022 5481
5929 1643
2484 6713
7741 8069
3223 9605
6887 9863
4050 7662
1790 1667
8840 7896
1669 1023
4407 6846
8042 9692
1243 8688
5992 1143
2105 4364
2831 2832
317 6313
1669 2793
6614 1468
8690 4594
5384 8437
4271 7751
504 8277
8154 9380
6149 7631
4991 2058
4947 8705
3762 4987
3180 7192
241 1992
926 9091
1998 2288
51 5366
2303 9527
9767 3060
3644 2907
6348 8055
3346 9329
8477 2947
7741 8040
7111 7142
8464 7768
5881 6896
5318 647
8188 7128
9664 1775
2432 5832
793 8401
257 7465
3415 113
9809 5489
150 6683
7142 8545
3945 460
3269 7560
1715 1726
1456 6001
9270 6663
2368 8721
7975 534
6927 4726
265 7686
5568 7417
3884 4016
9948 1283
3392 4994
5027 7260
8214 4885
8069 8236
9217 297
2597 1985
1011 1628
5747 4941
8862 7808
4830 2229
9317 8512
6850 6281
9538 7579
8151 6441
5474 1427
3623 3852
8955 5131
5604 485
6378 5379
3674 4069
9423 894
9830 9669
5244 3921
9037 7399
8538 5966
5845 1531
4092 9486
9761 1005
2374 2788
6685 2561
954 8269
4258 4413
6991 7979
1235 896
3195 8341
4142 3567
6023 8104
3823 8820
2900 4061
3216 1888
8000 2326
8581 4367
4154 8734
1964 988
4586 8556
9047 684
1955 6475
8320 2012
3074 4656
423 8809
4404 5984
3965 5359
9199 6972
4974 2235
2663 2784
8521 2921
3268 7081
3504 2419
8799 5514
1521 8757
5726 6112
9327 140
2783 7957
9890 3810
2709 6384
2975 9447
8168 5171
8758 9408
7077 2201
6577 7151
5846 3275
7979 1213
2182 4474
1626 1137
9238 2260
6627 3039
3855 7457
9148 4366
97 5920
4308 9452
8256 1010
2298 8684
4373 4795
2178 3175
5087 8383
4990 9114
5581 4373
1750 9507
9430 7842
3783 8082
5115 8053
864 8315
5267 7236
905 9846
8279 5663
5265 6853
2692 3321
8934 5494
502 9853
226 7691
1113 3990
2397 4123
6223 5480
2711 9472
8410 9306
1857 3760
286 8700
7566 7754
9353 3585
7993 5411
311 5744
154 2738
7763 1259
7140 1898
7553 2017
8357 8336
1330 602
4468 1821
9881 5116
5867 1507
4839 2387
8862 4575
8815 9118
4651 4890
4749 609
7029 2521
5755 1701
5918 106
243 9861
7972 6641
3403 7110
2896 256
9946 4766
1754 1558
7024 4210
7774 3853
7502 7683
3252 1951
8782 3508
4097 6825
713 9538
5744 9630
8586 5501
140 3862
319 4497
3609 6764
1877 7967
3942 7303
358 6315
6233 8675
5553 9383
9119 2321
6939 1306
9184 2337
7381 732
6152 5418
1089 4324
5825 4272
6764 4093
8822 8091
5667 2446
1780 9783
9658 9785
5679 7933
3549 7768
2442 3695
8017 9994
7701 8366
6446 8123
3263 6066
6463 8353
6553 2821
5871 7179
1233 8873
4095 5298
5398 7002
3272 7776
5233 766
7001 1305
210 8827
3661 157
133 9025
7926 3780
9685 6912
5426 3857
9483 1744
8144 260
2941 5275
1322 4396
1365 8744
3264 4483
8193 8184
5599 1671
8101 5432
4987 6422
7368 7210
9995 9430
7507 2146
3619 7941
9943 8901
8548 7212
1989 9351
3532 6943
2978 1650
2067 8963
999 9688
9504 7807
7820 7760
4071 5523
9138 749
2200 641
3904 2308
7453 4523
5612 9773
2433 7412
8315 9478
9920 6086
1718 3958
9269 7739
4544 2429
6305 8374
1596 6318
6499 8600
2115 2883
9451 5736
1767 3169
40 5307
7156 8900
411 4006
9649 1170
8990 9633
8686 2640
3746 7897
9137 8480
3013 7538
1999 5702
3851 1761
7821 7126
7483 9549
5268 663
564 7808
7941 8941
3473 5823
9912 6048
6460 3417
2953 2747
7482 1932
5526 8460
4851 4030
8330 2772
5332 8719
7695 2474
7661 1071
9955 5320
2404 7087
4579 3674
9176 1930
3012 9935
8002 964
8009 5628
2875 7476
279 7943
8180 6902
7350 9264
4653 3140
8668 7785
8058 3207
7119 2676
4102 435
2093 3292
4360 4731
7736 315
8890 426
3146 8366
8915 7060
7988 8448
4286 647
135 5013
465 4950
561 1495
2636 7974
7108 3900
5664 2316
5309 2007
3271 473
6553 4846
6032 1534
4105 4804
86 9263
2154 3851
9015 1988
7238 3306
8011 2897
9531 1884
3809 3483
8533 677
5755 6083
4029 266
4301 5280
4350 4170
124 1987
2557 6080
8035 3865
3159 4140
1185 8668
6699 7294
7713 8267
7196 3200
7569 768
8592 2323
6431 5798
7974 8508
9585 8331
3991 7156
7942 4498
9033 720
5859 5294
7775 3199
2904 2084
8352 8167
3007 8001
1682 4318
5850 3380
2501 5204
5966 3527
8397 4962
1145 7900
2133 2122
5873 5734
945 8992
7893 7675
5623 6347
9059 8599
2737 424
5986 7188
2910 1547
5114 2835
818 275
3144 5027
6600 5349
9851 7461
4833 2441
7097 7064
360 3014
7079 3430
5825 2390
1289 1053
6775 809
2418 1314
6846 3240
2007 6976
6839 9843
7053 374
9508 7786
3427 336
9122 8886
570 4690
8244 233
1371 6570
7881 2196
1605 4257
8013 7319
782 66
2004 5394
9348 7084
9906 1174
2085 28
7851 7195
5797 6993
3313 145
7195 7882
1542 2772
7652 106
2835 8061
4008 8732
2438 7271
2541 441
2451 9564
1506 4222
757 2640
734 6871
271 332
5878 2701
3453 4079
9910 2170
4091 3225
2098 2397
9273 8215
4978 7169
7506 5164
5841 1337
752 9489
3529 5601
7521 6914
4128 2066
5594 416
8559 8160
6455 5809
216 9312
3677 8806
2489 6233
1329 3324
9469 9338
2531 9601
9585 8223
4445 4186
6365 5349
325 5552
240 8413
5147 6627
8890 6222
8751 397
5838 573
8499 8234
7876 1699
4375 4123
5858 7261
3024 6306
4701 9195
4849 6873
8704 7406
4963 7572
5646 828
1349 4975
3010 8729
4695 4605
6303 4719
1185 5345
1548 7627
4393 2536
921 9744
3602 4279
829 5352
3271 5073
1227 5194
4425 4581
660 4344
915 2515
3433 736
651 7865
654 720
1187 8068
8795 2795
7415 4006
3819 234
978 4408
5991 6712
6933 2374
9999 9599
6192 9202
3644 2149
215 1405
5096 8659
1887 596
5146 9633
3334 9193
5569 7707
367 9234
8242 7061
3351 8031
199 9769
5556 2606
9546 5943
6199 6630
5684 8828
8494 5770
8372 8835
2903 4339
2717 9311
1664 584
799 6701
1112 4610
1160 1109
9391 9713
7090 7548
8209 873
4902 5327
6302 6923
6441 7310
8529 5492
3303 3148
167 6146
4404 2732
1078 2794
4984 9824
763 6686
9902 3008
3781 6965
7862 8296
7432 7061
3937 1070
5464 5669
5320 9312
7765 9141
5948 8779
8495 369
7105 2504
9317 3743
105 4653
883 6720
2793 4131
3795 1648
3469 6867
3211 5349
4852 7734
3031 2606
6836 5203
7773 6316
1801 7759
4736 9454
3596 5843
4554 9517
4563 786
3074 6695
2036 379
2755 2764
2846 6968
3205 4209
7717 2524
2051 9014
3993 7721
8497 5527
3779 2423
1686 7883
9787 9761
5807 6040
9937 7945
7841 8320
8265 4563
6753 2189
1037 1291
8026 7804
9044 4817
1450 2168
4199 2675
8149 5445
4872 5260
2683 5596
5417 6189
8186 426
6745 7008
415 8976
3319 7295
2040 8967
404 3609
4977 7660
717 6841
5969 5139
8692 8804
7794 8343
7352 3707
9649 935
5715 7773
9892 4415
8694 5468
4486 7958
2533 573
5078 9814
1161 5285
8476 883
8523 7671
5069 105
4143 2489
1888 969
2755 224
8686 5128
7754 1452
8465 7102
8460 7618
3174 424
5852 662
49 9346
90 397
9238 515
1731 7694
819 9737
953 6077
1887 8851
1895 3927
5566 9924
1509 5129
1164 3903
4092 5222
197 1766
4130 7568
5040 1107
9266 8133
3532 8465
9115 482
3444 9722
9135 6682
5446 8888
6713 6119
82 772
6438 5676
4298 9588
3688 8218
3614 6397
5048 736
1461 4493
3113 1732
5895 3012
6957 975
4141 525
9397 9862
3704 280
5636 3228
3220 9257
2557 6919
8289 4680
474 6450
4272 5670
4863 575
176 6576
1795 6528
8551 8990
444 8420
4076 7194
9756 1394
8548 18
5002 9764
7800 2277
9533 6566
888 3290
1915 7353
4465 7357
752 7562
5688 6807
9053 4498
9219 1574
8086 5843
3580 9545
7819 5774
6741 2057
214 7962
8702 8769
1948 4315
3169 7965
8497 7040
9737 10
3200 4350
2801 7480
1531 145
5334 374
2146 7717
4519 9271
7167 524
7109 2980
766 7242
2855 2500
6692 9904
6678 9973
8341 2407
5365 8080
3275 4934
6033 9143
4377 8327
7030 8008
8886 7362
5355 999
7479 6313
7266 6719
2214 2871
481 4516
8886 1154
6601 4467
2052 8636
2068 4952
8493 2517
6918 8326
534 6938
7390 1194
8922 8165
1876 9366
4593 2054
4440 444
4068 8947
5116 1221
8513 7373
4319 9616
2838 4624
4681 4679
754 4414
1465 1651
859 624
4869 3481
3666 6621
5242 5739
5994 2736
6893 1758
2509 2485
9517 7687
4727 9416
6373 3891
778 4616
1601 3383
8331 9973
5309 7968
9298 177
4318 7874
4676 5203
783 4408
1404 7073
2041 2365
7172 5488
8950 5295
761 5599
3566 5214
3703 7876
816 9063
1187 5131
7118 3006
2505 9111
3 6631
9959 9568
1800 4419
9747 9075
1648 564
655 2985
5045 1492
6722 2987
6916 3001
3139 3841
3792 9464
4895 1475
2231 661
4080 9755
2592 8338
1969 2139
9436 8992
1329 6387
6978 76
7544 3847
8456 6978
5740 5573
2702 6994
1416 578
8354 9473
8677 2721
1566 8426
9599 9875
7843 7592
1300 8619
2276 9017
8670 7943
5888 9380
4493 7965
9748 2770
697 3371
8280 8195
3753 6705
3964 8672
9592 8422
6847 3735
4504 5447
2586 5328
2338 7320
1020 5306
8097 9298
67 5920
2910 9684
9903 927
2687 8416
7267 2386
4027 3439
7536 5453
5799 1235
7168 9613
5185 2673
6370 2075
7202 537
5429 1558
5008 7955
7198 6523
1992 971
7906 8015
1257 3790
1850 8414
6203 8673
7900 892
7305 6213
2760 3339
5849 4436
4139 7956
8489 4028
7542 1284
7622 5657
1275 8455
3579 3151
8526 2020
4929 136
8976 2747
2130 2680
3300 3342
1817 5213
9334 2345
301 754
8959 4639
5870 6012
1920 6931
7639 153
633 1613
7009 6680
1406 7375
7396 3356
6747 7539
4201 4019
9078 7833
2898 8154
4214 5523
3369 8343
2587 2826
819 255
137 9683
6466 393
5606 531
3991 2263
759 1064
7354 3046
2477 2802
4682 2108
5565 768
6663 4512
7851 6341
5269 9064
957 143
2869 8401
3811 6070
3751 6719
9375 9402
4130 7316
8526 800
1398 512
7986 4667
7532 191
5681 8482
4558 2637
6136 8607
7400 3580
2143 9145
1504 3943
2594 6377
8274 3810
8079 4206
3687 1778
184 2604
6464 1055
8832 184
872 2364
7904 7449
6980 4751
8056 3599
998 5359
5622 5652
5953 3991
6580 9722
6300 3294
9480 5381
767 3184
4097 7535
497 4833
4176 8860
4536 6617
8161 9488
7273 9388
8091 6173
4625 7891
2309 1911
5528 69
4376 1216
2966 2349
6071 6297
1252 1491
9057 4878
1508 5737
8715 3647
2283 500
3093 5227
7756 2214
8829 8510
4016 7522
3475 9901
6008 6183
6896 714
927 9303
2086 1115
4201 5655
321 5508
5620 3005
4218 8121
3444 7315
6903 2150
8541 9255
1793 948
2270 6754
5084 4303
8175 5884
8968 7580
6116 1733
4851 553
1348 820
5010 9803
1247 2390
1774 3909
9790 3242
1624 6653
8463 2404
432 5754
5225 2044
7155 6694
8220 7893
6351 3087
5790 5796
1131 2274
8068 5690
1668 5028
5960 3234
4320 7123
4416 8638
1341 427
8870 3144
8222 485
1655 4207
4123 4500
381 6256
9037 6475
1143 2651
1973 1258
3391 4680
7288 1711
8532 9420
3979 9967
6123 2876
6086 3768
1406 3784
6425 9204
9376 7177
4502 8402
5276 1834
7661 4912
3105 6002
5725 8180
323 1591
6995 7417
9114 9806
9715 6935
9270 2740
3140 2115
3712 9405
7701 3497
1928 2019
4723 8029
6212 8844
6722 3743
4318 5574
5814 5197
831 1162
5893 3410
9000 6103
2551 7956
4408 6472
9676 666
4988 1962
21 1142
7483 3107
2794 1696
3508 8145
9912 8845
5106 2160
2520 3164
8749 3400
3599 3744
4229 8873
8436 1192
8464 2278
8853 2056
5355 6291
8962 4033
7957 3524
2254 7687
7830 9450
8489 3115
1990 2258
1034 871
2850 4292
74 3193
960 2143
3752 4170
584 3471
6158 1250
1115 4344
5149 4643
7427 9294
6717 4564
5329 6332
6298 8952
5489 3525
5563 4082
7693 4632
3114 7498
422 9072
1977 5972
2293 4433
596 9032
3816 297
9148 860
6655 9675
5471 4904
5589 2710
957 5352
9901 4998
6751 2479
7951 1010
2266 6335
9789 4060
6343 343
6083 2057
9762 1818
8949 3221
9878 9377
4198 1518
6748 9274
9493 8153
4086 6556
8888 7978
7323 5984
7887 8121
1815 784
2325 3417
7649 3826
6038 55
518 3012
8468 7142
5396 5145
4923 5741
9684 2508
5535 2781
6520 7758
463 5309
1576 8407
4916 2943
1838 4079
2431 6476
8557 7708
4050 2290
1982 714
4896 6346
9633 3746
6679 2265
2737 9012
1231 1087
93 7261
6278 6589
5938 7624
5387 8243
8376 7919
2397 7950
903 9056
8118 9470
4565 9984
8719 9277
8601 2605
2485 9525
3014 7667
9368 5715
7628 8891
7878 2913
9072 2533
5434 9459
8884 4675
1910 6463
1703 9413
2043 3922
4700 5087
5838 649
9755 2333
6875 2813
2946 2785
4495 1218
642 7746
5578 6909
6300 8232
510 1514
3278 8241
8905 9929
6247 3599
8254 827
7792 6103
9463 1305
8107 8126
8310 7396
2020 5905
175 3864
6312 4961
9815 1789
6125 4773
7393 7577
3548 1980
1493 5608
2922 1748
1060 3053
1425 9228
612 2731
9780 6320
2949 5362
6823 7506
129 8161
7446 910
8330 7700
621 1613
2116 9219
1797 9602
7282 5219
6632 8119
7399 2489
773 9673
4851 9304
7912 5559
1237 7479
9650 7451
8467 707
6959 2452
4306 2901
6773 1855
2181 4997
4240 4136
3829 2821
1764 1925
8395 3148
1439 4621
7529 7314
2540 6478
2854 3477
9942 6971
5816 8793
7678 9056
5345 5009
2582 5031
9745 6071
4455 7717
9641 295
9833 2581
6723 8012
9537 823
8406 5303
1845 1177
9938 5717
870 2775
6848 3023
876 3470
7340 2244
9564 4756
5653 5160
542 1153
9724 5325
9309 6994
935 1149
6741 7027
4502 4371
3706 5927
712 7218
6495 4164
146 9828
5813 817
309 7577
3007 4984
9205 6157
6851 5375
4497 4256
7997 8464
1692 5970
7536 8157
2736 5764
3799 9808
2278 6472
8829 9699
9926 4582
6507 4356
1287 4396
7649 612
2369 3913
7528 4774
8525 16
7201 2353
838 107
5665 7820
9327 8909
2284 267
5128 3414
2063 4155
330 5787
7983 5267
3011 4021
2951 6798
1412 7315
4345 3137
661 7582
1735 663
8407 6578
8526 3152
5364 9181
109 9342
7784 8658
4519 5127
5471 6932
9672 4849
9830 1527
882 3022
1765 2984
2207 4115
1601 4755
6619 650
7772 4689
7103 1577
8938 6687
6692 4357
6767 8949
7268 5746
1243 9645
2299 7709
8920 5659
8232 4987
3179 2285
9671 6648
6898 8559
2763 4873
7944 7790
4794 6863
5051 8603
9997 1103
9128 3858
2161 5455
3998 5594
6760 3420
4806 1548
2544 1110
2027 5113
5959 5111
1904 4336
3398 7563
6520 5690
5362 6818
6140 4375
7603 7158
4496 1320
6824 336
5990 517
3045 6583
9015 1906
2395 6067
3939 3083
3519 3674
5532 7095
5608 771
2375 1965
5177 764
985 8702
8240 1870
6855 3244
8124 6336
5690 1533
8605 615
4383 1510
7195 7357
4074 3109
9879 2310
6 3131
2687 7751
3042 289
8826 297
6728 8469
872 6556
5882 3060
1701 2909
5056 2174
8850 4382
8821 6297
6584 5346
637 6812
8844 1845
9241 7022
3769 4865
5584 6115
1952 3898
6798 3690
3458 3773
5954 9022
8436 6618
8899 1442
1508 536
9647 6910
1633 4573
425 8507
2099 5700
6996 1452
5493 8372
5347 1911
9530 6706
8335 8270
6026 7974
4750 8255
9656 5764
6352 6454
7069 5973
376 3542
9307 2237
7545 2622
5808 8390
2416 3806
2123 5431
2264 2071
9610 5011
1057 9591
3207 1977
2239 4838
7479 1540
5427 3212
229 3809
2309 8458
2745 5268
1568 8451
1221 4735
5377 8353
1836 1730
1922 3672
2358 860
4410 8182
188 3936
9252 6589
1962 3176
7086 142
9166 988
1271 9036
6813 87
145 4808
9230 2037
9372 4985
9139 8571
1666 7325
9613 6033
9522 6195
542 2606
6820 8470
2465 1686
3148 9494
4202 8156
3817 869
8610 4657
3215 6982
7453 9658
4163 6991
4530 4285
9472 6785
9559 4326
6539 5021
5872 5212
8696 6163
8343 3567
3513 2105
2242 5447
8732 9830
1579 5549
1792 9365
1395 5939
2314 5604
9100 4668
3061 7943
2861 3776
5222 5011
9921 3161
769 9795
1648 8617
6750 626
9437 7200
1475 5787
3968 4790
7786 6665
4181 3698
2995 4400
9462 1834
9082 6809
1373 1784
4875 6897
6335 4100
3997 4546
7158 4365
4470 43
3019 6639
2618 3579
2252 4883
8485 6296
6386 1452
6665 4489
1888 9260
3461 303
7941 6164
9865 5931
3626 3225
7503 5567
2115 3647
4056 4296
2012 6894
8800 9678
8113 6836
4271 4694
166 3801
9069 5001
1353 3557
9917 52
7966 4573
1267 9559
4576 6407
981 3367
6233 3070
5959 35
7241 3392
9345 2289
5579 5932
8192 5680
8830 8604
1138 2646
2576 8798
3755 7053
8074 198
3893 3312
6928 9870
5677 5308
577 4035
6094 8557
841 9116
4885 181
1000 2612
8137 727
1718 8061
1846 1590
9498 649
1240 5283
6571 1990
6397 8806
3190 9604
6859 9570
3704 4631
3311 6717
2300 8184
5533 4302
5603 8192
8834 219
7083 4311
4225 6894
9734 4420
8967 9782
71 3433
437 5651
1857 6005
5927 1498
2566 7600
8820 3017
2666 2516
6736 7402
1156 4568
4841 2739
1025 8259
3745 749
5860 7653
5222 750
4847 9904
3910 5241
6282 4962
8127 617
1714 1001
8815 9605
5114 3124
5391 7391
9517 8362
6446 5484
6750 715
5781 1831
2405 7974
6503 8566
6781 2067
5484 9541
692 1167
5314 6260
4867 9678
836 1098
361 1086
1991 3814
7083 9260
167 4603
4271 476
1024 3112
9194 2574
6494 8958
4884 8948
7747 6857
869 2904
8074 2931
2239 2200
8456 1725
9787 4639
4070 5501
2407 658
7045 5425
4527 1037
2495 7167
2597 4106
8541 7808
2782 9991
9841 1310
909 5935
7303 5191
4232 3850
5067 6114
6234 5510
1219 1884
642 1491
9409 5472
3681 9991
6505 2726
7473 5368
3079 2932
4122 827
1426 9056
2058 4138
6919 6939
7283 5662
3278 4388
3157 2563
7396 8885
407 3768
6626 7540
2147 2156
9705 8588
1832 5322
9306 7749
6789 639
984 6923
1880 6507
6518 56
5943 9709
9961 6347
2706 7419
3645 176
4183 2443
6625 8455
3820 2505
6981 2444
3809 5105
1428 6884
7412 7287
6198 774
7341 4214
2007 8001
3908 7188
5534 8581
5224 3207
4753 1047
9008 2738
3198 817
9197 1701
7513 5740
3779 3611
2688 3103
803 9535
5377 3506
1486 4846
5757 8673
5221 9696
7688 2772
2466 2531
1539 3180
4270 2447
9639 3074
1294 9256
5429 2667
6473 3786
5730 5758
6814 8313
1279 838
4173 8093
737 4908
325 6636
8962 3797
9042 3486
7021 4245
4411 8316
2831 7947
4630 6545
6803 7952
5068 8822
7076 4372
1490 430
3743 8561
1938 41
5218 2344
4541 7012
6345 7661
5310 3674
2883 8274
5316 8408
418 1382
5987 8727
8497 4893
7773 1764
4668 7331
8054 8500
407 5454
6971 2898
3304 1860
7929 513
1571 2655
8137 6695
1267 9741
2890 5685
3239 1320
4645 785
5196 815
7023 5730
5449 4933
5556 4673
2325 7653
3077 9456
2091 561
1616 5120
4945 6496
6969 5204
7870 2867
9608 4485
7074 2681
2554 9001
907 9846
4222 5502
9682 5318
3286 7046
2998 7077
8825 1379
3868 1383
4997 6326
3085 1270
1896 3616
7119 6393
4939 4066
8296 1744
7002 2343
8243 1838
771 9349
6402 8765
2804 8063
7024 421
2948 1227
688 2683
1593 6386
8243 8091
455 5506
3634 6323
6428 7022
8594 5704
6712 3776
9463 3658
5525 7174
5494 7191
8445 8371
1347 2788
1435 5148
935 4110
195 2949
8748 7985
8993 8721
3994 6451
9041 2061
5082 1587
492 316
9378 3357
5801 3887
8531 1118
8147 3188
9837 6834
5961 973
2043 2688
2949 6330
6306 4687
4722 7229
2390 9472
3423 5970
3718 6564
309 2785
3800 9204
5204 2518
1913 5722
958 1961
2645 627
5904 4927
5998 3991
3332 4657
7186 100
4323 1156
3413 3817
4341 3326
307 7402
1332 6218
7009 1758
233 2936
207 3628
2601 1281
6002 8501
1579 4435
800 1417
4461 8357
6671 795
3960 471
4317 458
3076 6821
8259 8062
463 7928
3726 7397
3484 5250
2255 6396
7083 4684
7390 2397
9164 2204
5030 7797
2201 3343
7605 1199
3233 8145
9044 5525
113 7682
4963 1347
2024 4086
939 9866
604 7635
3521 3718
2979 8769
9724 194
1236 8996
3684 8545
9442 102
2436 411
8170 8481
9528 6537
1948 8335
457 7603
6573 3998
6244 3322
9975 5217
5099 6831
1861 7576
6029 2969
4524 8008
295 1681
960 6770
8040 3839
9466 8936
7632 3486
5816 3148
96 8023
6872 4992
3877 8547
2780 3899
4982 7384
7656 4221
4082 3957
8268 2336
5251 2603
5423 5899
8657 4764
6839 9080
2806 322
277 2667
2362 7032
6771 1723
7631 4224
6846 8330
2191 5773
9353 2201
3201 8364
9684 7658
1219 2391
7760 8047
5167 2131
3021 9900
7891 8230
608 9247
6676 8083
9671 8561
1501 6479
5598 5111
188 1832
2757 7894
9897 1853
5315 4944
6191 621
326 3640
1577 9316
7469 531
7612 2570
1044 3710
8453 8933
7004 2588
1053 5067
4524 6707
7004 8347
2108 2350
227 3188
2360 5729
1857 1867
1334 999
235 6298
1731 7192
6190 9489
9657 437
1623 4311
4173 316
4517 8466
9192 1765
5289 1907
156 4764
4869 8447
6774 3166
3316 5783
2489 2857
1572 8658
2798 3015
3888 7056
142 6600
987 8649
9043 6035
6069 6657
4225 2251
5094 1375
2768 5879
2170 6841
6673 3380
2570 8923
6486 8067
8480 389
1948 9607
7885 4116
8312 5728
4230 7831
4500 3893
8009 6397
8764 4995
446 9011
8326 7383
9488 2696
707 9662
8795 7973
3083 273
1667 412
2596 2185
1659 4312
1232 5943
9701 6382
530 2649
3449 5178
654 6217
9156 6805
5569 4610
113 2740
3990 6822
4972 964
2826 7552
1786 9542
8387 4847
684 1301
2471 455
7094 3336
8147 6044
4709 5959
9658 9376
4899 4390
6924 9319
396 9137
1185 5022
2667 6200
3897 4721
9937 3175
798 3983
4621 9702
8645 5314
1600 3521
5104 7532
8706 4917
2513 9488
4385 3474
5141 8787
356 4934
1078 7241
2712 8676
9985 71
9911 2239
7500 3518
454 9032
157 2377
7868 9731
4664 5152
3168 4225
679 3076
2378 1019
2649 1860
6532 2310
3272 1036
2490 2967
4141 5520
458 8448
341 325
1546 1387
9496 7627
8475 8741
5336 5631
5096 4424
3525 832
1547 9959
3623 5272
9599 6018
444 2814
5673 919
4776 4149
6023 5779
4440 4951
9601 1005
7294 9831
5199 9825
7229 7653
2808 9038
4049 5835
701 5997
2311 9438
5036 5739
7331 683
942 3321
8007 111
2402 7501
1227 2668
5964 8231
1469 1388
9568 3389
8229 6883
1379 961
3875 3652
9679 956
7055 2348
4415 3762
6805 9976
2816 2746
560 5261
828 659
2727 7635
3471 1608
976 5353
9820 9417
3701 2703
532 9177
3545 9776
1170 9650
8907 7475
5854 475
2352 6919
2415 3361
2834 7811
413 9610
942 6276
3623 4754
3649 2452
1537 6889
5331 69
9338 9355
6796 6746
5476 7082
5040 4192
3203 1952
2174 5584
2112 4072
8552 1116
1544 608
6452 2091
7568 7512
8720 2494
2287 7683
430 8667
862 1007
1147 9886
3014 7486
1334 2357
8300 9491
5060 8055
2508 9167
2222 4522
1593 8605
8820 2326
6619 5392
417 7437
2959 3600
443 9914
7805 8190
3134 4137
3073 5546
3698 1802
7022 1375
4014 5130
1842 4350
3559 866
1927 5842
5992 7700
6365 8232
1090 5410
8792 7985
496 3191
2081 8655
4880 8937
8255 1099
1059 3368
8548 1807
3679 1601
7671 394
4633 4249
8169 7009
8953 2026
9933 5073
502 4731
1112 3097
9612 2061
8562 356
8993 9776
3990 6575
9885 7383
8978 2602
5682 1695
3135 4460
373 4694
8132 1954
3310 1630
5513 2469
2477 8316
576 6664
8375 724
3390 6326
4138 5609
4316 4468
165 1678
5005 7813
1337 7788
263 4268
4370 6708
724 5797
372 2191
9400 2347
8515 8998
4312 6559
455 4028
7272 3670
6929 5352
7550 754
8456 4221
7601 9178
4852 3074
1438 3576
5558 2107
6815 2983
3480 4577
8027 7786
400 159
2365 174
9867 6594
6494 1914
9018 1389
3837 5289
7314 7575
456 5283
1227 4825
773 687
9305 7024
493 1412
6805 1153
7738 1346
2000 3654
3064 2573
7258 4104
3067 197
6908 3689
7840 2903
2247 922
2016 4874
9886 8438
5230 3513
2545 6405
9519 8953
772 996
7685 1753
3059 5626
5927 152
9754 4260
7511 6399
9109 5242
6663 5418
5683 8710
9242 6843
6323 8410
7538 7758
5514 703
5548 6539
7304 6504
301 7048
7181 5244
8746 957
7704 8725
998 2288
6698 7260
4307 4578
3197 1374
805 9111
3029 5313
2540 5688
8156 8426
898 7775
5641 3809
3777 6873
8855 2025
2786 6553
7073 7423
8091 1096
3858 8664
2880 6553
6756 8586
5335 9516
201 9336
2652 3491
2493 8506
8473 9718
4204 6511
2788 6870
6878 9202
864 5267
3995 4318
2785 9988
8127 2918
3342 2661
3365 5593
6731 5855
8215 6622
8738 4806
9039 4524
9810 3102
4597 7851
2638 9386
1896 9673
8729 5551
4910 4899
902 6025
5400 6019
3227 5355
6525 2444
2222 6431
224 6446
6847 9791
9970 7972
283 2489
9604 5935
8282 3857
9081 2310
7185 7330
6 4973
2006 5254
1839 2827
2323 1081
9599 3359
3726 4906
655 6157
1837 3180
8475 7723
2704 7320
8089 3328
844 1699
3205 9832
9273 338
6432 390
8707 5618
6553 1836
900 3673
5172 9216
2686 2500
3289 6904
8214 2133
4383 4088
2165 4216
3513 7922
4616 5989
8635 3630
4758 6502
347 4304
7599 4961
2463 5936
864 8550
6130 101
4097 7774
229 7626
9765 9405
5729 6303
6141 6135
2807 1375
5126 2511
1170 9564
2339 1038
7657 4488
9293 2351
2462 1336
4571 7521
7009 7603
2491 6411
9653 8462
9228 7398
1430 8986
1389 813
6836 8271
6555 4557
3056 1185
667 1659
5940 9465
3184 1371
8222 8011
9483 120
5804 1126
7947 4603
8765 2690
9069 5639
7962 8411
9696 8688
9439 3300
7607 8843
4967 7540
7482 8880
1331 811
3959 2705
4219 2468
8128 1194
7466 5267
8538 3644
2197 8763
8623 7064
9990 5601
7027 3484
3971 3617
9295 5831
1394 3540
9521 7132
1351 6697
8453 8898
4330 4792
1854 9001
9014 4604
1079 6075
9872 1617
9248 9979
1036 1578
2521 9763
7402 3971
2501 4449
5481 5454
8509 2836
8354 1445
4569 4838
6446 8615
1743 6048
8190 657
3103 4503
7016 4060
980 6036
4162 2486
8508 4244
8535 102
8286 1261
5775 6010
9150 4731
1130 8325
490 8727
1155 8543
4480 9559
9178 7511
2891 8822
3776 451
6311 2713
6687 1609
1650 6716
914 8285
3582 2432
6465 9541
5609 131
2384 3419
8813 233
2447 6856
979 9976
4544 5721
726 5340
7457 9900
5897 6839
9623 9562
6231 109
7751 2118
1630 3777
2201 3634
9631 155
6849 6065
4261 7740
6515 9793
9705 634
2180 3543
463 8541
1124 657
2674 9060
8683 1357
6945 4064
9481 6308
1174 8044
2200 8218
1530 8352
9702 6803
9877 3067
6336 6458
3662 4970
8593 1262
9246 5552
4340 8055
9407 53
5285 613
4004 471
2629 4839
3108 1397
7658 533
2134 5336
1126 5262
6300 9317
3754 8553
8733 4866
3471 5677
9791 756
8028 4306
6834 7517
8938 3152
170 7474
8377 4983
6785 8151
878 3345
2198 9318
5693 5298
2598 7153
836 9900
4499 950
6760 839
455 3212
3260 1284
1819 6116
28 3264
3090 598
1709 5163
1549 1371
4206 1761
8766 1516
6936 8626
8548 4618
8780 1518
5918 7733
7858 685
2761 5875
2231 2649
3659 1777
1599 9029
7626 703
588 6619
2664 3891
5374 5164
4476 7160
203 7783
4664 2397
8222 104
2808 7070
444 2496
7294 745
2578 3356
1128 7673
454 111
8784 4390
5893 3576
5995 2717
2583 8882
3960 7234
9458 7678
5648 184
8373 5360
8495 8151
2115 3285
1676 2262
3174 3178
2484 675
6340 2467
5267 8487
6548 7372
9407 3266
8197 2447
3001 4640
6534 157
2862 5342
6026 4423
9305 8520
4350 7776
9167 2630
2819 5878
7092 9453
5668 3722
1701 4719
2978 1027
1689 4802
5528 9968
1158 8557
243 2005
3198 5318
1899 102
3077 3754
8777 5545
1545 2224
3109 2083
5255 5157
3601 6796
2649 6104
9148 3931
387 2222
5704 9410
387 4177
4440 1673
2522 1991
7156 7786
5242 9860
6105 2641
3719 3757
5456 9562
6251 9051
1365 7089
6736 6933
6791 7970
8446 4368
5079 5280
5624 1009
706 3952
5929 4007
3636 3366
9339 8063
5242 8702
5411 1697
2082 7425
7542 5808
4450 5842
4372 4598
9098 9058
3381 3288
5488 161
6741 4668
3212 3542
6295 4351
1292 7476
3161 5049
9940 7973
4027 7865
5560 426
2343 7694
4022 5988
9901 7593
7816 5527
9465 5584
1059 5416
2057 4009
5866 9203
8764 1617
7519 6025
7759 1398
4068 9865
5229 1478
7521 1651
1599 2307
3088 3272
5678 3453
562 6886
2043 5156
7951 2533
3671 1858
1825 3245
4191 8837
4359 3144
2186 4111
596 2306
2337 1524
8593 8526
5262 5725
7573 9271
9689 2768
2355 7990
4936 6144
4466 2913
1904 3963
5826 9066
7596 4174
4402 1107
5300 5634
5765 9589
5559 2486
676 4772
9335 8231
4617 9807
2138 314
2443 7027
6277 578
3590 1039
5244 6334
6631 2919
3706 3472
635 2870
9162 1593
1579 283
3035 7816
7384 5483
5797 8787
2244 3461
8436 5871
7007 2829
3717 4977
988 8478
2725 769
8698 6310
6669 3315
3198 1499
157 5115
1077 8980
10000 5306
5190 1465
9107 1068
6792 529
4094 2086
1530 1569
1550 209
8876 3511
6988 6574
9436 6376
8246 6512
8872 9367
1852 5509
3396 6969
910 8425
446 6523
4047 2442
6989 4274
674 5276
5690 2685
9889 2971
4528 1709
2918 1137
7795 7734
7621 4246
5884 881
7158 159
5776 940
8036 1340
8322 3308
5312 3320
8630 4526
2044 6917
1500 3859
2870 2360
9118 450
5466 2549
4356 4930
1172 7167
698 9932
639 5346
7285 1588
8788 7061
2008 4634
8599 426
5227 8295
1174 6047
6403 1701
5719 4300
1423 7543
5355 8645
8331 9340
8912 4977
4994 1219
8763 1321
4331 5731
3218 8911
1325 2916
4919 1601
5701 425
2450 6529
2263 8437
7448 7284
7027 7673
6455 6553
1280 4394
7182 5655
6389 705
7745 6272
6665 332
1497 5246
7883 7385
5052 6677
8478 7857
5150 769
4832 8368
2942 684
103 2001
1872 5886
525 6830
4543 9704
3227 7493
5288 927
6755 8003
2884 4255
9949 2006
6011 2671
7385 1349
9256 3743
8447 3921
9125 7721
2873 8306
4203 6020
3650 7149
6989 8901
6882 4409
2099 9266
6005 5391
6934 9114
6203 3932
6675 3720
6261 1408
3575 7863
1555 6652
9288 5800
2011 8612
9653 8884
837 9788
8896 7039
7486 6220
4850 2769
3333 1672
6215 552
383 1304
9892 8547
9685 2848
6667 5468
6994 7775
5546 1213
9630 6592
5243 3955
2609 3782
6264 9180
7992 5217
662 35
3337 4501
2908 6289
7044 6423
9917 1879
6544 935
9238 9255
4570 7417
1379 4318
5411 8914
9320 3393
7316 5517
8870 9018
7844 3876
9661 9428
9461 1760
8384 5352
8965 3205
2510 9857
3203 7064
9854 5338
1451 455
250 2595
3447 4182
4629 7773
6642 9832
6823 3240
4117 7102
5647 1969
5899 7759
9739 4313
3220 693
9356 5462
3535 6222
3921 451
8762 7146
5905 285
7855 7182
7071 8060
9386 6176
3379 1736
3400 4643
5772 4235
9147 5301
4870 444
5694 1871
6062 9880
7362 210
2120 4533
4331 2891
3113 3179
4642 9156
7927 8006
4634 460
11 5299
3275 9143
9097 6355
8548 7444
1740 947
3298 6636
2227 3180
7868 840
8676 8638
887 3436
4566 1399
3943 970
2775 564
6422 6900
3259 7357
1030 5690
7869 7835
5426 1938
2011 2849
6620 5448
5701 271
9682 4424
96 5302
1323 7681
3321 7894
6896 2076
9494 9211
3239 5850
2730 3752
6391 7311
639 7788
5664 6319
1719 9823
8981 7964
3897 816
6679 6761
9559 2535
6185 1945
8793 2716
38 1667
9184 6671
1519 9186
1703 2302
7347 6172
2957 9594
3264 1144
5336 2225
3870 8724
7562 1946
7647 3683
1210 8076
2276 9809
1422 7605
556 313
5046 4696
2793 1705
1741 5523
5163 1921
4777 9214
5291 9827
4656 2084
476 8255
5013 8809
2541 7877
7798 9945
3375 8434
3511 7517
3887 28
3138 5068
9947 4522
4665 3999
2325 5329
1590 7381
1338 3601
7301 5622
2342 1341
6510 9836
7239 4196
1735 1759
3109 3183
657 4412
9271 91
8700 6192
7708 982
2419 4365
1742 697
7202 1874
4242 1649
6437 2079
4782 7027
1970 4488
8023 9231
5155 7131
1820 2921
2552 9774
4184 3104
7073 7493
3970 6747
9632 6357
4485 6229
3172 4976
9358 2614
4811 5164
3857 6582
8777 4957
5129 2015
3461 2234
2707 6180
4272 5934
8612 8167
2811 4568
7777 5863
5815 8470
8437 4281
7038 3435
3009 906
9244 9512
1273 128
9434 5655
7048 5928
8539 4566
2303 7747
7879 759
9797 9530
8025 8634
4640 3415
8078 3440
5434 3682
5835 3453
5488 7321
2131 5954
227 4088
3980 7705
5651 6407
396 1080
6832 509
8541 2532
9529 7488
7974 819
6423 5294
2953 4198
7269 3440
1730 8179
5420 5582
3142 454
5232 8515
4780 4977
7358 2824
9151 9848
6 3667
4775 6864
2114 2074
7946 7415
2065 812
870 5644
8844 3683
3763 7435
7268 9014
424 1181
1180 692
27 1489
9493 9896
8801 9832
5739 4632
8292 8665
7443 8010
9329 9891
3667 9601
2023 114
2341 8118
3930 9812
5169 4662
6697 3418
2648 4606
235 8825
6040 7002
6500 6035
7578 2309
2844 2469
6673 7170
9721 9185
619 4018
6853 6990
9365 603
6183 1214
5482 9562
8566 5865
9128 9190
3990 3423
6527 697
7904 4324
77 9621
1373 3283
4951 5117
7462 3828
5139 5602
2889 3748
6313 9479
6466 4027
9311 546
205 1770
1343 2961
2013 69
8274 5985
3776 4943
452 5854
2316 3238
5752 9833
9366 9192
8681 7019
1807 7743
1229 873
7102 2794
9097 7611
9891 4239
2926 1470
4474 2990
3901 8341
4299 818
8598 3576
9880 9214
4585 3972
6811 3314
8846 3143
2923 253
9589 2016
2144 5433
1987 1553
4029 7091
233 8395
8686 8349
5996 2430
1275 4580
1236 5336
9717 7523
7833 8616
565 2736
4279 7330
4989 45
6239 1242
8729 3965
8227 4301
9430 2794
9435 4399
5258 5661
3239 1024
5924 8983
6284 4277
4902 2096
2367 3558
32 6083
4838 7252
3535 801
8204 7283
413 7712
5153 4033
8092 7517
4685 777
3778 8821
1358 8428
6234 7331
8965 2045
8917 4917
6671 6783
8357 5515
5129 8364
1197 569
1027 6739
749 8360
5772 1431
8946 4984
8955 4935
1575 1042
232 6653
2548 8433
6878 9088
8409 8342
9612 3075
9711 8239
6348 4314
3275 6266
5058 6601
4113 1056
1996 5
5206 5836
9910 8351
8700 9561
920 3131
3071 3991
1193 9682
7926 2541
2860 2289
9727 3199
2337 4167
6233 3936
6220 6798
8748 6434
9515 5874
7026 2213
2674 9086
3602 4477
461 2761
5555 6625
6433 5411
555 3243
8080 2152
2469 4109
5770 1614
4597 107
3768 5581
7807 8372
4753 6253
1181 9413
5289 5161
1767 934
509 6366
2736 7882
6496 4074
2009 868
9251 4021
6249 896
6421 5230
4579 945
781 4895
3606 2148
3711 4604
5686 8820
5953 7295
4751 9193
7205 7707
352 7847
3613 5235
2513 1110
9914 5690
41 8322
5904 9940
8583 4583
7303 7830
5471 4271
8383 7539
1588 6782
8741 7801
9810 8119
2205 5991
2504 6721
5711 3147
6063 8779
2015 8802
154 744
2863 6279
516 5921
8582 8675
1696 3673
1680 9113
7379 3846
561 1761
3981 2472
7495 4810
5808 4739
4937 3785
4547 9457
8327 4982
1213 6261
4051 7263
1175 4743
8104 4809
3863 7103
5191 2982
4458 7275
1041 6639
4371 5876
3033 6315
6591 1331
8106 9195
6999 8548
7206 3529
1960 9400
7241 6880
8757 1867
6855 6367
6192 4189
2578 7800
559 2968
2773 6757
7060 715
2275 6916
8604 8749
9471 1774
6207 3509
7977 9608
936 8984
8399 716
1877 5463
411 3447
6933 4409
7853 9499
1610 9251
2246 7977
2607 4830
2134 9205
4034 7861
2751 3989
7888 8149
3921 6478
2078 8888
2347 2918
1551 4263
9071 2498
6635 7565
8834 2267
2881 6546
7277 4650
7664 7369
6562 6740
3763 1933
4286 9644
8174 8988
7290 9188
3023 1470
7315 129
1817 9353
8976 6522
5371 6732
7088 4596
2621 8118
1792 75
965 1456
8179 1446
2843 6072
9256 6047
6729 7743
914 6108
7455 7707
3740 6920
6857 3527
9283 1330
2045 1634
2374 9795
6512 4890
6984 4125
7464 5915
3127 399
3378 256
4801 3670
4497 2857
1358 5621
5782 4164
2305 4135
4166 36
173 5188
9667 9199
9037 6942
8903 1068
3611 2992
4143 8167
9165 6947
9266 7112
3440 9591
983 3333
6723 6052
3034 9802
3071 5517
7117 3249
5696 8110
8750 1681
1117 8270
7266 9138
3507 5570
6112 6965
50 3260
6910 5490
2816 5977
9463 8880
322 1941
4094 6610
1538 7310
2884 3491
9490 82
6411 9461
9953 5345
634 6942
7253 3081
708 1253
6539 8271
8046 8710
8517 4566
3533 9259
4722 4089
8000 1316
2918 5655
5171 6332
9124 7303
8796 3824
237 2159
5930 8148
8718 1721
5463 7895
727 2149
2838 7705
8583 8174
8813 3609
3996 7105
2797 3392
5479 1617
6760 1492
6034 4838
7733 6360
4970 4234
7151 8396
3063 9077
2558 9208
1048 4162
7042 192
4274 1350
5260 2179
3956 9732
3371 4420
7912 9801
7674 3089
2631 7140
9960 2065
7030 6209
7291 3890
2139 2829
9233 7285
1019 4509
1856 2519
8526 4248
5473 2516
5110 7209
7705 5734
2832 3873
7492 5046
6290 7117
9193 6543
6077 4435
7250 7905
8202 789
8043 7712
1094 6581
8367 6078
5035 9189
5402 5836
9658 9532
5104 1730
476 3982
6385 5572
5490 6874
7024 4407
8029 313
3265 1101
9699 5612
9608 2046
6023 1705
2703 5885
5553 8914
6528 820
1922 487
2210 2444
2308 6228
3627 2278
7598 3177
1140 5442
8687 3739
2322 1232
4336 171
4536 955
1640 380
5455 3507
630 4469
5360 6681
9327 2706
5530 7440
9349 1638
4071 6206
7308 8819
3225 4349
2826 6980
9868 4635
9963 681
4770 1394
5925 6421
4791 5395
2733 6626
7969 400
6572 6272
9795 2062
8165 6350
4370 4490
4212 403
2169 7109
6080 5689
5179 3784
631 288
8575 365
353 5346
5300 3283
2959 5637
1314 1507
6063 933
1786 9431
8395 5494
5419 2887
8635 5615
6646 2050
6871 9946
4462 274
7687 7158
5022 5117
438 3142
8825 6774
6197 1237
8168 7354
5309 9148
9006 5684
5175 2773
5161 8465
4106 2140
6854 1663
3027 5515
7455 1828
990 9326
8662 3809
1001 218
317 5511
2345 2239
1672 2594
7885 9999
5263 983
9718 5631
1124 8893
9719 4923
4665 548
9383 9247
2830 4999
8572 8223
8950 8867
6533 9306
5623 7485
5055 5749
5424 8390
4259 3770
9401 1505
9501 4282
8631 2076
8769 5759
7690 3568
2650 6590
3403 4404
9626 8402
872 2981
8932 582
8272 2621
1866 6647
9186 1051
1260 8201
2062 2795
1695 8135
3650 4341
9076 8859
1930 8435
6295 6188
5009 6397
2599 2797
5872 7433
8091 2253
6634 2444
3831 4668
1036 6100
5020 6536
9964 3439
9499 4043
6708 4602
8976 3182
6237 363
4490 5268
7577 1147
7526 4720
1157 5904
6004 6638
7320 6117
9830 8895
5180 1097
6834 8124
9056 6042
3993 5229
9590 4691
3066 7005
8525 7016
942 3324
4982 8980
9234 4471
3262 8543
7557 4402
4517 3071
9737 2857
1472 9675
7068 2697
3786 1982
6401 580
1952 1903
8283 3540
4763 6299
5844 1864
9762 2712
611 294
7273 9828
2786 4626
2405 5914
1993 475
2695 3939
935 8967
1534 5932
8484 1749
2626 5948
7970 8052
4616 6654
595 1828
9625 4756
1778 1431
3010 7735
348 7119
5176 9717
8114 6965
3686 6476
5420 5676
4080 3893
1232 1946
4375 5430
2532 6325
4801 2068
8806 2780
3626 4820
3589 1492
8778 670
8091 6134
2141 7267
5923 9518
3761 4074
4454 7987
2103 7082
2843 197
3822 1534
7596 6403
4164 8216
4436 450
9799 9296
9618 8770
3534 9833
8231 5789
7516 3416
9328 9896
2640 6155
6577 5127
1393 862
5841 9596
8635 213
4131 3136
8874 3799
7124 9238
3213 3454
9456 8292
2983 2617
1673 7713
713 3137
7468 5518
7195 7097
2606 813
3401 3502
8066 5819
8411 7300
109 2851
6313 114
112 609
6191 4306
4758 1411
1454 5794
9575 3692
5269 5848
9077 9741
36 2078
3521 5225
115 7970
7852 6183
3951 6468
8308 5199
4072 3424
8425 5085
3896 4929
2490 3979
626 8937
3053 696
9511 848
8068 5427
3691 9968
5865 5100
3080 6397
3825 6584
4945 2862
6547 3530
7663 5800
8452 7460
9412 9540
802 2421
1057 4342
969 6675
8949 3392
750 8680
7189 4670
5753 9414
8603 6600
9080 5863
8487 1493
5626 1376
9106 5473
5139 8427
8307 1530
7729 1453
9110 1844
7017 4897
4518 2297
8001 6492
7612 7215
6129 1394
9400 4256
9065 9749
7809 6737
6687 6127
2510 2493
8854 5772
8738 6176
4762 5606
803 8439
9767 7234
4044 7180
8251 5535
6477 8550
5401 9807
1443 6678
7362 4414
8858 6732
4914 2497
9861 6687
7566 1418
5810 824
8243 679
7344 2300
6667 692
6864 5253
4231 2418
5618 7106
7622 4746
5506 8784
9052 6827
3808 9696
6306 207
5660 6405
3063 7971
2195 6642
5731 1007
8913 4306
8899 4087
4505 1606
2004 2908
1457 828
1159 9604
339 2598
7060 1648
5948 9127
1000 3202
5737 2936
2398 647
4066 506
8973 3483
1696 920
6897 2189
5824 3516
2688 1833
2993 9790
2266 3737
7973 8959
8572 9321
4780 12
4460 9358
1048 1662
2276 7574
9866 1921
8939 7017
5253 9441
3956 1813
1786 1800
8005 6112
8245 3711
413 4926
6665 3922
5621 7320
8152 8899
8070 5461
8775 2012
9571 3526
183 6976
3858 5456
3377 6240
7307 5616
7113 3721
1797 9635
6037 5488
5150 990
4564 6424
1909 6234
8837 2256
4734 782
4872 9652
2192 4731
2368 3766
5603 6016
9860 7089
8384 4065
9187 8566
886 7776
9612 9821
1468 9311
8536 8849
4298 9847
6104 203
3403 5279
8130 5177
4021 3300
8899 3493
8238 9518
4128 6997
4624 9896
8628 2386
5591 6937
2289 6926
6972 471
8367 4222
2844 2789
254 4094
8982 1201
9174 701
4724 6635
292 9639
4655 4818
5357 4123
9507 1770
7616 7022
8326 389
6044 7670
3431 5317
7455 9009
1676 8435
3505 4536
2573 2892
7522 4522
2325 8292
5909 4717
7589 1205
8311 9630
4306 923
9419 7032
4518 4449
6156 6009
7962 4206
4029 3276
4600 1090
2444 3521
8797 937
8757 8816
1355 5461
4727 500
6239 6322
8068 8823
2126 6192
9405 267
4608 6353
6642 5956
9959 2728
2744 7092
9702 9686
4851 8415
7390 9380
4067 2434
4743 4171
6240 9360
6873 7220
3959 3095
9971 5567
7525 2258
1065 5515
7471 2784
5663 5697
6484 5525
6132 167
469 7290
128 9768
6590 5935
399 5180
120 2948
3446 6981
1300 3782
4038 3537
8402 8429
4649 9038
219 2204
9528 8196
2784 1397
6792 3543
3829 4274
4953 7180
4671 1440
1401 1681
2460 2545
3312 8029
884 126
3612 5091
9465 5453
7407 3519
9373 6687
5619 8017
1078 4986
8321 3059
7791 9339
4050 5359
5622 2772
4162 2188
4769 4067
9453 3255
9739 5538
1602 2131
1078 6220
2684 5614
19 4556
2334 566
4863 769
7486 7464
3592 9132
1684 3416
792 282
4164 8464
1781 6429
3274 9451
240 329
8430 4718
6889 6276
9616 152
1810 9702
9686 7241
3121 638
9658 5017
8286 8662
5683 4616
251 6963
5298 3433
6742 1127
4686 7859
8193 7045
1452 8605
6029 1006
4508 2279
1875 6759
9516 9389
4254 1205
3191 8729
756 5503
6345 7795
1562 1314
2290 26
2359 3469
8713 9451
852 254
757 5807
9350 2298
2719 6689
4460 1146
7104 9704
4197 1860
4723 4680
8759 7166
5248 2427
2273 8867
4417 626
9236 8987
4348 2196
1159 7437
3169 7883
4764 5491
1709 118
7677 443
2249 4591
8510 4929
875 8117
7701 9992
1190 8336
5258 7191
7835 8574
3051 4993
4209 5576
5389 22
675 6348
267 8368
4071 6166
1477 3514
5870 2893
150 5366
2940 5258
4066 7155
9266 8077
6770 7604
8879 2141
3834 6231
671 8858
403 2293
5198 4843
5929 5015
4135 530
4158 5331
433 7640
9587 1738
449 2209
8759 4924
936 6862
6810 7525
1389 5876
9107 2867
2916 6880
117 6956
6383 276
9313 1867
3290 7704
7842 1666
2779 5512
1629 565
3282 7906
3546 2136
7931 4952
8345 4252
962 8871
3455 9748
7422 6587
5842 7192
3478 7760
7218 3012
2168 7287
7989 5040
5211 1628
3883 3990
4865 2141
3501 2383
975 1323
2352 2299
4607 8851
3256 7827
3209 4759
2471 9017
7289 8174
2792 5594
8426 5744
3608 9267
6489 4321
7046 5570
7185 330
3528 9399
4924 2502
3818 6160
2572 5253
9281 6894
8627 9703
5895 3009
6950 4685
1910 4584
6098 7500
8332 6813
9292 2237
1633 6829
5185 7479
7671 7880
5173 4684
3669 6072
3220 2276
6682 8762
3576 1154
9184 6129
5832 7175
2423 8989
4102 152
2641 7063
531 899
5616 9108
9843 4143
1636 959
9347 1427
9421 7309
4611 2764
7639 3765
9209 266
2157 199
1811 9610
5259 1006
9107 7045
3269 5923
675 8215
2256 2467
5010 6454
5588 3283
1750 9573
8071 1693
4084 6140
7636 6631
6858 103
8718 1094
3593 1686
8311 1234
42 2637
5277 6210
6437 7363
9908 6154
5501 5329
7906 1112
1930 8106
4172 6840
8234 2728
1002 5014
7667 6553
5999 9199
1138 8722
6731 4917
3323 2794
8734 4064
6845 1196
3912 9415
4567 5311
6065 2391
4527 5643
5782 4205
6909 9767
1818 372
2931 6876
8505 1314
1166 4621
4639 6046
2801 7866
941 7310
5068 1356
6453 3335
3079 7550
4042 2622
5108 9534
9748 3166
61 2369
2948 264
5028 2706
5931 8892
941 3593
812 7892
8380 9706
9919 3320
9803 4260
2490 6993
129 9696
3127 2309
7242 3750
6686 8305
2711 5110
5878 4551
2342 1628
8323 2446
1977 2911
5045 4890
5937 4753
1752 4884
8642 4535
8315 1787
6130 170
196 1129
9812 6050
1893 926
3802 3697
7252 2916
125 6265
1752 6180
2722 4789
3737 6535
1223 7020
3173 5962
7486 4996
8007 1078
3758 2672
3656 4821
8033 654
699 6199
4153 2146
3719 8560
783 3693
7929 2522
6853 2014
5427 6185
9421 2398
4932 4259
9514 7401
8149 4555
443 645
3509 6332
6625 2076
4682 2286
6755 1124
3341 619
2693 9640
7113 1996
5044 2225
6589 8736
1172 6618
4821 8991
6856 3403
2437 1776
6470 3857
6958 858
6802 8600
5595 7396
2350 4542
7848 5117
180 2238
8822 8347
9107 938
420 3028
6908 2887
5884 8455
6907 7804
4058 1461
3748 3604
6718 3394
9428 7841
7470 2341
9929 1714
5989 2014
8020 7034
7126 9851
9962 8131
858 107
5330 2115
7640 3030
975 179
6542 7302
585 2631
5414 6437
2062 7790
5325 9928
6742 8054
6749 4645
1161 7093
1278 2181
3384 9138
1793 5466
746 937
808 941
8747 742
3046 7430
2527 761
1863 6331
41 8042
4281 3339
6372 425
2209 6349
9994 4632
6741 6064
9441 386
7666 8749
6982 8807
4460 5887
287 7881
3406 1942
8149 1610
1175 7098
9686 7690
6406 4605
2699 3888
1790 2989
8457 3959
9782 7009
3246 6360
7405 7097
969 5556
4927 6614
9752 2297
8990 7039
9218 8339
8541 1120
9275 963
3131 7240
1036 6304
4115 853
8776 5947
1902 9975
2492 8850
3260 8329
7824 8225
1370 5735
5077 4203
9008 8010
7925 3367
3842 9544
3650 2615
9167 9036
7104 761
4018 4669
5015 9862
7489 9367
6888 2394
9537 2062
3964 915
1580 607
1927 9583
5509 1658
7162 3413
9244 2226
3166 3511
9840 6976
4599 7624
5524 3610
9894 2679
3976 3373
9334 5857
705 7853
9837 6934
6911 1517
8868 2136
6679 5013
7426 2121
13 3885
7128 5726
8098 9063
1390 4246
381 9971
3702 8579
8059 8081
9605 3982
1861 1170
9247 83
3328 3225
2902 7500
6777 1884
6024 9654
5050 522
2982 7027
7145 1875
238 8408
1382 8809
6204 432
8055 3148
4285 291
3737 1506
31 5279
4103 8162
929 4035
6751 7052
1996 7745
7156 7896
8023 1398
6698 6528
8150 7075
3708 1013
2737 1127
2750 1861
1518 6632
8168 4739
7410 274
6378 5193
6834 3024
3804 3450
4525 6422
8837 7031
5817 6885
2910 9340
8946 3324
8019 8756
7378 9827
8009 8299
7534 4655
8359 1645
7003 7723
318 4904
1950 7002
6672 8057
3731 4865
6242 4167
3013 6998
635 100
1683 5814
8099 1447
7959 301
4285 4873
7117 6928
5929 7683
5504 2258
8183 9383
1820 9269
8142 9103
2925 7681
7538 3575
1222 645
9957 2801
6017 4742
5729 6685
2193 3238
564 1308
9237 3781
2976 9411
1719 9240
6870 5397
2726 3822
9929 7037
2696 6538
2573 1661
1781 8779
8862 2636
9648 5416
5057 3350
6122 1319
4236 2228
3700 665
9787 8842
40 1309
6643 7580
2229 1271
8178 7928
3101 1446
9763 263
6861 2108
8571 350
5974 9838
1357 2568
5979 5188
9303 1427
2719 31
9551 8323
516 2515
5150 7832
3821 3709
9157 4133
6359 5774
682 2426
5079 4007
8316 3045
349 8482
8900 7308
6224 4707
9175 9632
6471 9043
2489 8136
3970 8807
2663 1470
4746 3161
376 5373
716 28
5351 6388
3425 9478
8651 9405
1299 5405
4924 2056
8732 7210
1841 8908
5917 3857
8378 1006
4599 5589
4158 566
4078 6808
1504 3764
1270 9918
4336 2208
8510 3291
6855 7995
2845 2017
3869 6710
2219 3814
7156 4930
2544 2154
3080 6308
6556 595
8013 8426
8757 6223
4989 4365
1471 8002
3723 4967
4512 7778
3644 1974
4040 8028
4011 9124
6043 2797
9511 9512
5215 3222
8640 9362
2108 1345
8071 9786
8330 554
2841 4743
4217 4392
7717 9694
2157 1204
1205 277
9782 5180
1606 6003
6487 2269
310 5824
2227 8693
3805 5417
9617 4364
4360 2865
9227 6011
5233 5863
5540 8274
2015 2470
295 6896
8715 3737
8343 3683
8219 5905
7261 1375
2207 4013
4594 9712
8665 8344
5269 6642
6897 2810
3108 2104
5151 4566
203 905
4750 1244
859 5344
5248 4613
1363 4234
1071 5812
9177 8090
9996 9015
9860 1395
3629 696
3692 4263
514 6507
8062 1303
1629 1575
9342 4414
6665 9672
2506 7507
7067 1738
9542 4826
338 3846
6486 1244
2923 9459
9420 6074
6407 3176
3469 8498
6188 9758
3223 1130
3396 9268
4008 3918
1653 6168
6839 4288
9677 8071
3238 7835
4005 3263
9883 859
7358 6690
2899 7589
8290 7329
5123 5951
7314 6677
9837 8207
2535 3816
2949 8979
5942 7884
6426 3467
2641 6096
1033 213
7423 9017
6866 9572
7712 2590
9296 7297
1262 809
7641 6591
8363 616
970 8162
816 9355
5913 2815
5578 8737
3017 295
765 2426
8351 2750
5876 546
6088 9154
5688 826
4484 6381
4839 8613
8128 9563
9394 6820
3722 3081
1395 2115
6378 6829
4693 9350
4716 2147
6994 4297
7543 4658
9276 8191
4808 4088
3013 5167
4562 624
4554 3984
5354 2543
4117 8753
8548 4708
3479 9573
3424 8103
4072 9191
1576 8122
1383 5149
9223 5760
8970 9845
915 8364
2971 4005
506 6659
1824 5851
3018 3659
152 1802
3561 1512
5286 4039
9115 3627
7778 1240
836 4980
4632 7043
7013 4767
5087 9320
9103 5135
1681 6327
9032 728
6911 3932
8479 1092
2374 7344
6789 9590
3301 5695
3839 2765
1163 3091
671 5983
2701 9754
9218 8742
1194 4719
6145 2704
8290 1830
432 6348
5717 6191
1903 4039
1292 1136
2664 7037
9722 9424
8454 2723
8189 6805
86 2972
8825 2144
2458 5645
2641 5526
7633 7154
37 7755
5474 6303
5001 5355
6144 7335
1184 3059
1855 8005
6093 1640
136 6967
5564 6039
8865 572
8106 4040
1416 3094
7231 7065
4838 4054
591 9785
5164 7440
8412 6693
6629 5097
3031 4978
1643 9102
2593 8953
4307 2759
8603 9162
5962 9
1662 8371
2825 7496
6679 7865
4269 8507
9908 4546
8935 8684
4856 7898
8485 425
2332 377
8898 5240
7182 457
6350 753
9235 5224
9634 96
952 6666
4459 3488
908 2990
8882 310
2206 1966
7986 2224
347 3713
2372 7268
825 5340
3330 2598
3347 1727
6680 8315
4383 7095
2430 3212
2046 6924
1531 1522
8974 8989
6871 1385
4321 1473
9719 3188
4064 7511
8541 6214
2426 2451
459 4218
9239 5957
9515 3199
4744 5728
1355 8691
9508 7438
3721 1472
8991 904
5283 4280
3036 2126
6224 157
9137 7583
5303 5744
7980 6443
6442 2198
9887 37
7509 9454
5781 6335
3951 39
5236 9712
721 2303
3411 9189
2784 8386
9045 5128
5282 378
2591 9283
6681 9080
3568 1611
7499 4056
6215 5981
8511 3713
240 9636
9849 6393
9740 8944
4952 7194
869 9298
3528 1644
4405 1813
7456 8648
7220 9443
129 3990
6244 6731
9190 8723
370 7050
4123 7460
3098 4980
132 9035
3859 9921
5705 6375
9240 3205
1094 4967
4356 2849
2796 4637
2153 7607
2553 3003
1585 6647
3146 9811
5259 6455
4423 3842
4618 3986
4889 9392
9001 7809
8659 3950
5054 5608
2134 9383
1437 8086
1584 9060
9685 3022
2885 1184
6703 2736
9496 361
9004 2863
4274 1477
3811 2603
9299 2384
8886 3895
6728 391
281 847
3123 1152
3723 4663
8516 7963
9155 1199
4646 5558
1622 5515
2517 5817
5839 8938
5221 8853
887 1382
6817 6287
4775 2446
6560 9578
3307 4094
336 5895
4353 110
3107 7369
7619 8187
5997 4766
2561 6849
31 5536
6564 5456
8596 3443
8780 2095
3328 5966
488 7743
4409 9616
3476 8607
9850 3714
3640 1547
5079 3334
5905 1662
7435 3832
104 2525
9961 2049
5003 7959
7055 4027
5223 3099
858 6533
2525 960
7792 7445
3618 1075
8553 6347
7767 6198
