placement model: 1slider
width: 10
height: 10
number of points: 1000
1949 9355
8202 671
2113 2736
9794 7702
2034 9048
4972 2384
7891 2030
7679 5709
1810 2838
2909 2243
4851 4092
2810 5617
3455 3153
1942 8772
2870 9655
2426 2498
6541 6770
7068 2670
8907 1742
9264 816
8475 8492
1401 7159
2695 6644
5232 3856
9846 4431
659 9806
7325 6321
8828 6409
8714 8687
6284 7521
3034 749
9050 7735
1949 4115
8524 2341
769 8200
4509 6587
1006 5827
5833 3164
3666 8254
3118 3283
137 1544
9491 8742
6027 1696
4226 8190
340 6791
4453 6203
5732 9365
4950 3456
2702 2793
5261 1745
1896 2213
1962 1807
8575 4150
712 2236
1265 3612
2126 5359
4086 1561
4164 5494
8685 3264
2622 785
1435 3537
5213 3156
7746 3038
6739 3374
9870 9554
2771 9066
8598 4260
5317 1004
2255 304
5223 6327
7191 134
655 7921
6308 7580
9777 4188
9788 6416
5088 6644
6241 8051
4015 2512
4958 7639
8422 1286
1495 9698
1056 6276
1785 5104
7578 9603
6128 4153
7505 2502
5371 4365
5962 9089
4374 7054
5726 3713
9203 2891
7436 3861
633 3895
8846 987
1633 1773
7985 5853
7255 4029
5119 9660
5588 5948
6614 2311
8852 1451
8410 7806
10000 9789
3430 6159
521 3188
609 6895
3440 7341
4921 5185
8763 6190
2623 5345
9736 9290
6855 4715
5098 4371
179 6037
7632 4783
1614 5982
9966 1112
6776 9686
8413 9574
2580 4829
402 8619
8108 8416
7044 3339
364 2143
3066 6250
8498 408
721 3716
1405 9976
3045 4126
2027 942
6676 8199
8400 4787
9586 4310
1537 3061
7918 4820
6630 8838
9150 5135
5797 6767
7599 6696
5328 4489
2306 5398
1013 5878
9079 1332
798 160
4196 8234
8335 6821
6739 1923
7315 775
1046 1930
6627 6971
4563 9846
5296 7629
6394 8494
1052 3206
6549 4072
4357 3507
6157 2601
545 6577
5994 9159
2856 7348
4922 738
8920 9401
8151 8059
4826 8917
516 3753
5487 5263
2576 4010
1062 7545
9711 1033
1655 559
227 9258
8384 8284
9251 6470
7196 846
9048 326
6406 3273
2097 9022
6463 2989
7099 1635
4759 653
9588 4473
6974 6395
2497 3430
6622 4384
1832 2329
1369 2289
4996 3738
5850 6973
3790 2707
3118 7595
2717 7128
4074 79
4864 1029
7795 2311
6184 2230
8416 1883
4571 4860
149 7173
8172 6041
9187 9598
5692 4385
4035 6912
7284 5496
7400 6914
9333 3761
9801 9073
3232 5103
488 7905
6637 5528
2903 6620
1710 8199
5408 5920
6498 9934
4709 5209
4953 2269
7923 2831
224 6261
3739 4119
6243 6552
9737 8431
9737 5959
1102 8867
9054 4957
5824 5959
2321 2088
2986 5543
8169 2311
2387 8497
4611 9194
753 6026
8009 1195
6900 2317
9609 2960
9233 1204
1413 3691
9799 8608
689 6741
2037 4375
9509 4260
9760 7353
5954 2665
7627 8598
9690 9565
4315 2378
1125 4594
64 8802
8333 1268
5914 2337
4369 9846
5161 1743
6936 5838
2602 1889
8791 7451
5648 4172
7420 6393
9709 6325
2005 4847
3516 2253
6743 1245
4720 4939
9456 5035
2374 3765
5973 5636
1543 8694
6024 7085
8823 9827
9199 567
4246 8077
1493 6835
195 3454
5640 2293
4448 2604
3812 5642
2305 4349
5376 2388
7585 6678
3231 2268
1378 6272
8688 9413
1947 1617
78 5808
8282 4521
8586 8968
9714 8646
9729 4032
1712 1633
3417 7863
1829 3380
5718 6677
6136 9383
1896 1247
9294 7150
5173 4505
7477 5855
2148 5504
9831 441
6739 1430
8615 6156
7825 7736
9251 5428
5805 6671
3723 7987
2367 5605
5102 9496
9213 3061
6680 5023
322 2906
6022 6288
3706 6169
8413 2312
7830 2259
2574 8080
8725 7333
7018 7293
7780 4822
3092 6993
469 534
8544 3229
1847 7011
896 1237
2721 3701
3037 6404
3907 5501
5690 9465
6473 8731
118 9105
1321 9880
6880 308
5629 731
6903 4601
4875 2221
2660 1900
1613 1400
5823 1691
4420 4006
3524 7667
2259 9767
3013 1328
863 2394
2266 8255
6130 6062
5256 3874
1457 4631
2114 2724
3804 2836
6288 8366
5609 1216
5432 8440
4023 1249
603 7911
6970 3332
6720 3262
6580 9849
6234 8125
9304 7758
4513 325
3615 5918
2150 1986
4087 5299
1653 6056
3263 9107
7691 596
2107 7679
996 7904
6419 9073
3113 7457
3608 9892
6098 5819
1029 8507
73 4623
4021 8410
7212 3838
2358 9753
4996 5927
2969 1355
3953 1165
8245 6564
6443 4917
7485 9652
882 6323
4370 1726
9629 7512
4426 6549
5139 8892
2891 7881
3700 2897
9087 8516
4767 1119
5016 8324
7264 9120
6091 7586
6327 1995
8344 8985
5576 6872
7270 5552
5277 9056
8617 9990
2630 9779
2867 8217
1693 347
6956 6906
9676 3728
2526 2460
1624 1218
7211 1811
7430 6972
1757 5655
7503 3279
3501 4139
6885 3661
717 2703
6730 189
9890 2377
1727 6998
6848 340
6202 3086
1555 3202
5521 3820
6434 4794
7333 5949
4416 760
3016 2272
9985 5185
1875 2619
7537 1917
7987 4950
9465 5746
3792 5208
1393 6567
2781 447
2823 5583
4454 7021
8240 8979
677 5522
609 3908
6674 5075
5261 988
7551 768
6453 8878
1510 3912
4103 7892
6346 2220
3940 8832
2251 8910
8788 8672
4881 5140
3616 2718
9917 8745
3269 2381
1913 5271
9521 5165
8253 6185
2723 3474
9815 6366
1671 1461
5747 6863
5278 7039
3989 969
8401 2525
231 8639
7759 2587
4859 576
9542 3169
273 5119
1906 5228
66 4223
6975 4802
8498 219
8898 9299
3550 4284
1387 768
9262 4565
3071 2986
5306 6799
7891 8469
8011 8375
4750 4952
8710 1844
908 6770
4225 3648
8116 4503
2051 5169
5876 2984
8439 776
6907 9339
998 3602
8630 7936
8808 520
5348 9765
3821 72
6573 5327
7649 439
3119 2654
3284 2003
6015 9088
5946 5692
5958 5861
4653 8
3272 4739
6440 3891
2603 4308
6837 2203
2779 1984
3812 7098
3347 7659
5630 2977
5725 4618
6680 9682
7055 8829
1858 7075
2222 7152
5055 280
3377 1886
9445 2076
3315 6614
3509 3085
4891 9072
5360 8866
326 6671
4391 7879
7506 5099
5794 973
3225 9071
6493 4662
6277 2533
663 8786
6548 2450
3539 8599
3718 2174
436 3540
2533 1346
7679 3951
1944 1754
9102 5140
6602 8484
790 5102
7274 8285
2753 6328
7856 4303
1368 6030
9218 8905
168 6925
7104 4073
5258 6799
1100 9323
3032 3324
5087 8406
2507 5082
4711 8603
9232 1924
377 8378
8762 4070
9001 9113
4463 5917
6286 9313
5167 9600
2579 2056
706 4927
832 8535
4321 3177
5556 944
3829 2929
3786 5264
6561 8467
7282 5522
4564 4624
638 415
3892 9760
1420 4217
6497 1669
4990 1376
5185 1350
8129 1622
1031 735
6896 4453
4308 3791
2178 6817
3913 9775
2104 7919
6597 9569
4978 6428
1832 3995
3667 5764
9799 3879
6402 6212
3586 5978
4862 6310
3254 7865
3977 998
8060 2143
3420 9332
8821 836
6037 9650
751 4819
7432 4975
2241 3467
8389 4828
9859 6506
4625 8972
6472 2467
7747 4993
7578 3203
3327 266
7736 3832
8008 3157
7647 2127
6551 6058
5855 7075
7240 1043
5121 670
1377 4533
6359 8584
9133 1785
3474 2237
122 6396
4877 57
2186 2098
7760 488
2735 9201
8131 5937
1429 4464
8183 9909
2103 9322
3960 467
8228 7084
5073 788
1580 7516
9492 3150
3401 6209
9402 7856
5246 7765
3965 1383
2443 9300
9942 6929
2385 4243
5192 6007
2600 456
4077 3005
3921 2849
6158 4285
6574 1153
4057 945
8498 891
7485 4286
4002 4793
5532 837
1976 2191
6927 9988
1271 8762
8630 4856
8147 4367
5332 2954
6476 1159
7829 3275
6280 891
2978 6216
7005 7534
3764 1740
7475 8826
4421 3107
5508 3972
2167 1576
4761 6963
9394 4277
7282 9857
3793 4412
7361 2742
1032 1968
2537 222
9915 4971
6896 4230
813 6531
1684 611
6224 8303
4013 6026
5664 974
1374 7107
1200 8722
6187 9395
3943 4848
599 4396
8667 6578
488 5882
3939 1898
9523 7185
1182 8424
1339 6101
7751 8618
2017 4050
5435 2282
8742 3000
7151 2425
238 3844
3045 1428
4378 6136
2207 5635
4169 9644
3758 718
4154 2876
3699 2862
163 9866
8699 5598
556 178
7446 4733
2796 4072
9841 3448
7161 3520
9706 1180
3262 7616
1301 778
6002 8620
8961 577
8595 9391
5668 7710
1153 3286
7731 4587
4099 7088
1462 7007
4998 6222
1602 2441
7473 1814
5576 547
8557 8906
6251 9163
888 1615
2454 3886
9108 6668
2677 6295
1991 7745
5253 7826
3340 595
5334 390
1064 6711
8695 3264
1100 1507
5950 9291
3205 1982
3890 9450
4315 145
7615 6592
1294 2494
2007 5901
3236 3326
4623 5979
9421 9979
5411 4609
9996 1530
9044 524
594 7627
6349 4992
5074 289
612 4736
4043 4307
865 9771
1547 1360
9507 8655
5453 4066
6589 8833
5106 4740
9449 5687
3720 2828
7022 5691
8740 3556
6342 3408
6721 2031
6979 4534
4462 7355
5167 7638
3701 3871
1557 8274
2596 6891
3398 4441
8022 7270
1653 9012
4146 4192
5894 778
2098 5553
7702 2250
7951 7994
5145 2994
2002 3858
499 6569
749 952
7099 8844
4052 908
9428 3141
9062 2277
4479 8961
11 8152
3743 8623
2707 4211
262 5845
8433 7939
5581 4326
8384 9814
5677 4525
785 5656
7456 9538
9127 1917
7653 4885
9273 6691
8310 639
2393 6914
8209 7053
6381 3732
205 4482
4544 9928
7937 9019
6419 7409
2612 4059
165 7409
3964 4333
2790 4254
4481 7210
7956 7818
8876 2592
5269 7048
1905 6759
4181 1358
626 9451
6616 3862
6486 5093
3652 3206
8148 4008
1468 6035
8429 9832
2843 1421
1909 519
3527 2704
2862 8784
297 3636
1603 8205
8857 4302
5064 9160
6409 8512
2434 1601
9433 9386
4030 7849
3704 4114
6414 7414
5323 2603
2708 3259
4411 2123
4224 4822
5377 9285
1159 8476
1013 7682
1575 1456
2113 6909
3847 7715
7080 8581
7859 5260
1887 9523
4799 9857
3216 3733
6079 5889
9913 1323
965 1780
6602 4517
9801 5700
6025 4700
1809 2757
9619 3373
3461 2593
2786 5755
623 2686
2736 4136
2899 4216
4141 649
6289 3217
7064 1565
9285 3934
4467 1647
9861 370
3421 7865
9254 2906
9677 554
1082 1037
5316 5695
7232 1727
5683 6424
8544 2324
7877 2537
8726 6262
4221 4785
3284 9655
3736 1474
319 2862
4763 4109
1537 2882
3016 30
520 7460
210 6245
8030 9545
1554 8322
1198 9584
7495 2772
8706 5413
321 8457
2118 2749
372 4199
1255 5952
8773 4744
3019 7717
2074 9499
9246 2241
1393 9714
5142 6438
8619 1485
134 8429
5402 8371
3408 716
3820 6493
2765 3015
3189 5488
9809 9588
2925 7869
969 5579
2302 1497
1021 6717
1138 701
4799 497
3137 6883
8412 2848
1926 4606
1460 6125
8173 7156
2790 1460
4310 2454
7546 2476
3483 3790
1100 7029
4001 5825
3676 397
9439 4657
8744 999
8124 357
1204 7807
1477 2066
1857 8734
9277 4549
1433 7562
3821 8611
1483 741
8460 2542
7395 9510
3997 5953
3815 6157
5647 4703
412 1154
8717 1119
4846 3223
6924 8935
1837 8773
4439 4157
606 3708
9621 1297
6134 1858
862 5327
8580 8242
3661 9743
3817 4156
1433 57
8740 2543
1589 5661
987 1533
4568 1331
6452 2277
1016 7610
199 6268
9353 8036
9847 4242
2404 8131
562 7983
5610 1195
5599 2351
28 7401
3002 4100
2743 5974
3573 1557
6717 628
4659 8375
3505 9939
9573 6242
2258 6239
6950 8159
8398 3529
9027 3698
5557 5530
8962 9831
4274 7242
207 2064
8198 7306
6468 3179
1789 2045
230 2467
5322 8790
3083 1473
1235 680
2147 4590
