placement model: 1slider
width: 10
height: 10
number of points: 4000
7388 3891
8528 1924
3620 9853
5088 8480
5013 2774
1263 4613
4323 3240
8274 891
2688 1292
6517 8524
9198 4799
3363 9170
8941 3871
6066 9231
2125 5269
4940 1018
8342 3489
6021 7492
1179 7926
8401 3816
326 9509
97 6399
3236 937
282 9290
6936 1055
2294 5425
4328 1625
303 3244
4796 9469
321 1134
1566 2590
6936 9169
6915 4317
1310 7539
2174 4599
8728 2947
9653 3221
6594 2950
6275 404
9745 6051
1345 8346
5394 3950
9407 4243
5636 4139
4675 287
5864 5047
1110 549
9400 2989
2035 7312
6323 6689
4484 4016
7443 7180
6921 7133
6997 6917
8517 9536
7010 8317
3260 1124
5723 2998
7300 9466
8206 9690
9628 4437
8119 3143
1167 5429
9484 1522
1932 4472
6807 5487
7455 2992
4970 895
3201 5520
9111 9853
3843 4031
2034 4088
1541 6656
9309 4857
5956 3509
9299 5386
9027 5264
2181 9254
3943 1025
9376 3950
4977 4119
2646 1264
4033 4628
9293 5574
7405 1060
6108 750
9174 2686
562 1627
4765 9691
3247 206
7643 2877
4844 621
7248 2576
9259 9876
200 6170
5399 4158
5407 3387
1922 8078
7976 422
9228 7462
5271 8392
5746 756
2746 9923
4781 7245
7278 6986
418 6462
5592 2079
6658 3538
9418 9297
6068 5945
6322 944
1962 8492
1765 1706
1659 3681
5122 4222
4259 4288
645 4374
7540 9620
5459 3139
2509 9577
1982 8668
5809 2306
8936 9058
247 4394
3240 2723
7301 8551
2947 4836
6675 4786
1194 5800
7943 6173
3200 7995
4063 5000
568 9460
4241 9855
7068 531
9635 6944
4337 6441
7212 1938
2886 97
9057 6877
8214 2501
5367 4585
3673 7843
4440 7591
1507 7612
6561 7355
6716 3771
6568 1419
7148 305
3439 1943
9814 8643
3748 9577
642 4355
4747 2780
2454 2515
6593 1922
7872 1434
768 1370
5279 9539
4951 8562
4567 7350
3578 4113
5405 1900
5799 3948
6333 4510
3769 4613
1673 1432
1961 4125
4744 6529
6599 5589
9789 832
7750 1590
4178 5528
5311 7031
1599 8068
957 4966
4695 6521
1057 2087
5618 264
1947 2858
1338 1790
279 3095
2865 2597
1933 6180
1734 4002
9184 7110
7397 378
3971 7155
747 4036
4125 7756
4632 213
8891 1286
5526 7964
8568 7050
3853 889
686 2028
863 5167
6750 925
2083 2981
2944 4581
890 9412
2349 3561
2490 5851
2147 1243
3300 9170
5149 8715
2449 1250
8424 4586
1411 5227
4921 6057
3416 6763
9444 2068
6034 9603
4204 2197
8277 6326
6071 9691
4629 177
8279 6567
6872 3374
2013 883
4669 7464
846 2699
4558 6105
8232 3906
1455 2924
1010 9144
1617 1007
6282 6640
998 4217
1817 7125
2047 5747
4923 6877
5085 7729
327 7532
1032 7836
4950 3096
4314 6250
9265 9206
7302 1842
7176 2035
3636 7586
4704 5117
6320 7060
6350 6006
6126 7972
7978 5386
4897 5422
7463 7239
5114 9068
5229 4337
5562 6545
235 4507
5383 9186
4006 4132
7844 7821
7864 4858
8750 1461
5466 3662
7776 2441
8553 1778
5802 5785
1064 1018
85 9614
312 4056
6815 8937
7444 5700
2623 2675
9077 5860
9053 7607
1346 316
6123 8563
7556 13
2332 4795
4123 2020
2885 7952
1924 6748
6031 3149
1305 589
7385 2444
7749 9600
2474 8344
4385 597
9486 2455
1722 6509
7388 5801
353 5877
7512 4765
1321 3939
1692 2116
8723 2525
1413 8886
3385 8880
9706 7706
6011 1167
7761 2884
530 7907
8427 7744
9403 4
5959 3524
7435 8060
5028 9186
6169 1624
827 8469
3377 180
9841 8574
8656 4954
7696 1739
1957 3148
7907 990
4905 1991
5302 1441
4920 4347
6931 1283
3762 5371
4912 9579
6833 7375
9142 9572
3939 8394
7154 5804
2329 4487
2976 5201
1246 12
1479 1013
596 5578
5140 9814
2020 6649
3281 3785
5505 5431
4219 1913
5425 6333
4849 204
1796 7293
3557 7883
3505 2198
4409 2402
861 6099
9809 3668
8976 8445
7582 2059
4130 7489
9144 9169
8944 4301
811 6962
5542 7885
903 2387
8486 2049
3460 7632
9449 8041
6661 2971
4041 2458
2516 1641
8866 5838
6520 7047
241 9660
737 9856
1691 3661
2712 4400
1539 8928
512 2983
8809 7661
6922 3982
4348 7005
1082 2160
3324 4549
2235 8586
8065 7028
3855 5108
5624 5144
7689 6170
8736 8537
3404 8220
4864 6204
6461 3630
531 3840
5450 5856
2093 335
6148 5357
9072 7707
8788 9749
6362 3018
756 4064
3069 6496
6684 8545
2258 5101
6588 2457
5384 4221
7702 2291
2652 6023
8228 9552
1576 2012
5670 7809
2957 7425
1752 4805
7149 1789
247 4106
9568 7133
4117 7571
3715 5445
3798 3671
1901 9243
6785 2569
7089 6817
971 5604
8899 4952
3599 8663
4574 230
8650 6514
6345 8092
9278 7850
4529 6805
3828 6977
291 9279
8112 3452
4550 3108
5955 990
9252 8229
4314 230
5713 9481
1179 821
4122 2170
3734 8706
1555 6447
1973 7005
9990 168
2039 8668
2899 4651
9416 147
3156 1563
9831 5229
3431 8695
3773 8464
5561 9157
9216 7329
1956 5563
5153 9180
4199 9230
9104 8346
9655 2275
9990 6205
1244 5695
9988 342
4991 8049
9106 3178
7402 1676
5746 1406
5897 8459
5293 9588
4677 2080
4240 8274
4092 3773
9994 6791
9580 8886
8296 9638
3215 3796
6276 9523
9908 2498
462 7491
1378 1368
4028 3101
932 6321
9833 3090
3870 5001
1365 6524
6220 7323
278 3514
6941 7368
6163 929
6417 7184
4904 4141
4892 315
258 5382
5041 9310
4118 8485
2920 6593
6706 6741
6562 1617
2238 4809
1192 7836
8368 9381
6724 5382
8855 3005
1089 8058
4146 5183
4468 8726
7644 7256
6981 7484
2604 1497
4863 8875
6874 2033
7624 2117
7354 7524
5622 9621
5300 8
2569 1511
541 3112
6100 3687
4200 1049
8857 7083
5345 1303
5725 2763
9734 3327
8376 8854
6279 695
3962 2096
9151 5153
2175 5762
6096 449
7920 628
7124 179
1854 5542
1837 1493
2462 4278
5811 9149
8930 4864
5339 1021
7990 7375
1330 9107
5154 8511
4859 989
584 564
303 1147
6790 6384
7719 2543
1973 3897
6479 6878
3621 5888
6576 7837
3262 667
8379 1557
2692 6248
4046 3090
9200 3358
4313 6543
9558 3879
8334 2460
4796 3570
6742 7575
3646 8845
3841 9254
6286 1454
9975 6308
8847 5553
5221 85
8312 1183
2161 3184
6543 1293
1401 4804
7673 9577
7483 3446
9505 5243
6870 6038
3445 1307
9070 9758
3541 2908
4526 872
3469 3607
9246 3912
2866 6868
6997 9525
2175 6701
7891 8534
1559 4006
7664 6705
3336 8347
6697 7434
9775 3137
2356 9333
4454 2549
3555 9849
4007 9468
8679 6966
5221 840
6818 9347
7022 3365
4479 6528
7758 2733
3362 4719
2592 8354
4649 5399
4535 533
9782 405
2126 492
9368 6257
8377 1823
9054 5388
3680 9901
2991 5515
4696 3415
9303 2844
7134 7509
8510 2429
9766 5539
3740 3947
9951 4486
4076 3952
3650 6042
8905 3330
1721 7808
5206 8626
8697 105
1847 2732
7989 4340
5073 6879
9436 3213
6098 8384
9978 5608
5144 4211
1361 349
8773 6274
8455 582
1956 5876
2830 8563
2880 7332
1563 6742
7524 8126
4232 4412
6439 9355
8167 1721
3505 1594
8375 2987
8548 7913
3155 6145
450 232
4113 8990
3280 3840
5264 9505
9799 7448
232 4661
3257 6902
6349 6446
3468 2583
1750 3929
6544 5070
7084 37
7228 4990
4214 4473
9213 8454
6775 9315
4593 7871
647 7887
1834 1127
4911 7156
9882 6362
7203 2041
7239 966
3756 5030
2759 6105
7369 186
8121 4858
6870 1787
7149 3215
7512 9578
8861 8209
5974 8550
6502 5443
3801 4519
4832 3244
5784 5475
5968 212
1016 1423
172 8685
7055 7101
4327 83
1063 1515
2146 5952
1471 7427
7383 2592
8151 5244
6473 5396
8447 3033
2904 9677
7884 5355
2240 5698
5349 6524
624 8362
484 7051
9770 5461
2246 9236
3350 5183
1755 8238
7434 4081
2909 2991
8420 8376
7206 946
3931 1313
8353 2467
6936 5771
3082 7892
3514 8484
9903 3349
4108 3270
4906 7011
9853 3787
8392 5186
300 861
1708 2916
9314 9306
6048 2378
4393 5045
8436 1736
6278 1208
3124 6884
1253 9696
7646 1217
7308 2352
6814 9641
7959 5403
8663 1730
2587 5432
4953 1203
5345 5115
909 5441
5232 7195
3086 5937
2686 2163
51 1773
8096 8599
597 1467
135 123
9885 3053
5812 4851
4105 3514
9698 8817
4507 8400
3643 1636
7355 5475
2614 3779
5415 4458
928 6138
7732 4837
9254 7773
8482 8485
5647 2835
2830 854
6986 1681
1469 4112
7534 1224
5088 166
9184 127
6693 2937
9636 7839
155 3086
7393 2536
9635 1978
264 8864
6845 2247
203 6334
9021 6503
720 2818
9800 853
1160 1236
1007 2132
198 8100
6164 5354
2756 7335
791 2060
4902 4917
6439 4684
9472 2859
6229 1511
1719 7658
7720 3575
1060 8069
1887 4641
5171 8670
4968 84
9694 8452
2620 828
3654 9332
1754 501
2892 128
5338 6561
3678 2804
7463 6240
6796 9067
5146 7584
9085 3537
9686 762
5287 7089
6133 3054
7588 4732
9804 6987
8739 8119
7345 9035
9988 5221
4743 2589
3304 9097
1344 8080
8729 7235
208 5614
7164 4898
2648 3064
537 4281
8357 1218
1612 1162
6973 4944
8843 5547
9178 2236
6403 2580
3801 5317
136 4359
2717 8512
8756 1319
2488 3323
1375 9573
2657 2147
5705 2223
7272 6715
7920 9807
7836 4227
4165 3514
9009 2255
429 4375
8883 8167
5391 7603
7489 9213
1938 3861
7967 5582
5247 4235
5000 5072
8493 166
6772 9755
6701 698
8972 4729
1690 3415
3119 677
9035 9457
3521 9305
7835 7010
6994 7117
3996 2887
6464 7767
9498 3923
6144 1642
1173 9644
8472 8273
5464 7359
5620 6623
9732 6349
4510 7600
7950 7899
3808 6495
2972 8091
8114 3084
256 7179
7068 5261
7109 2616
3796 7915
5240 5694
1607 6015
8430 1311
9726 738
6941 8755
1767 7306
210 6997
2747 7745
4732 7439
1801 1165
393 5698
1507 5722
7489 9492
3081 4899
1513 6917
5845 9977
2934 8778
2814 6565
4629 7197
4933 7542
8627 498
8134 1764
2465 945
3080 8774
8900 6915
3213 2729
2214 9987
6411 2504
5946 1830
527 6674
4065 8647
5349 4021
1412 3463
6690 7169
2335 26
7263 2561
2627 1570
6205 6651
5584 5297
5566 4229
2788 2206
6607 8100
9876 976
987 3093
5110 647
7164 7784
4342 5954
6184 5715
5535 9104
6307 782
4179 8253
823 4195
1731 2224
2260 7318
269 8809
621 9669
4670 2662
2161 812
1073 6008
5339 6126
9067 3142
8185 2860
3496 1413
3354 3947
2033 8085
3949 266
3883 2110
503 344
6017 1984
5406 3639
1861 191
1465 5013
8364 1054
2285 5408
1822 7934
5721 8044
8049 1772
6172 533
1207 7671
1191 4491
613 116
122 9789
5625 9037
3499 7101
4534 3660
8148 8922
5336 6606
9939 7947
6432 8500
8190 9971
2104 4748
6871 8838
1459 9116
8162 8668
2746 2540
7326 8317
4564 7821
244 3700
5231 3168
4888 8230
1306 7753
1381 1005
5291 4189
8051 7945
408 1977
5208 4529
9025 1392
258 8652
4037 3514
5944 7596
1884 8689
5052 8297
5060 4331
5497 8263
1132 7796
1769 9785
3181 6612
6734 227
9633 9313
674 8737
1018 5222
7558 677
9630 336
5983 1018
3203 5698
6295 8199
7293 1450
2318 9059
4989 7907
669 7239
9330 3346
8530 6839
4847 3388
4230 3792
8945 3214
496 7337
5084 243
3378 3875
6581 291
9305 472
2638 8263
2106 310
2022 8617
9442 6035
9315 7882
939 8399
3487 4889
5383 9928
6954 6681
1939 3497
1997 1483
1523 3530
5977 3237
943 1809
3692 4686
830 8349
403 3232
1051 6020
4541 1083
1722 283
2947 6763
6603 6452
398 6791
2617 1217
9531 5895
8810 7043
2194 2012
580 1125
4556 164
8577 6843
9841 6735
8991 4694
564 2659
9515 3495
3748 1726
2797 460
467 4648
3989 6604
690 4876
3363 2438
6204 9638
7675 3101
1600 2964
1460 8303
353 6374
5551 2939
4231 5433
1839 3766
2598 7937
7721 3329
7870 1987
9772 8633
306 5698
6212 6735
5646 7637
2510 2292
7080 2107
1740 7546
5953 8255
7429 4792
3239 7807
2652 626
3151 3463
2907 1361
9024 5803
3394 2986
995 6916
3827 2730
8029 2395
4776 4358
3696 3558
1377 4729
1167 29
129 8727
5829 2818
6008 6557
6771 9365
73 2175
1645 719
9262 7689
6976 8673
4411 6061
1132 6201
5153 5752
6916 2287
97 5322
2518 1656
35 9243
6522 2508
2126 7464
3605 3906
6112 5324
99 747
3471 5736
8107 1241
7725 9834
5917 934
1167 2497
2003 5465
2899 30
6167 2564
891 5975
4237 2974
5273 6480
460 5668
8330 5345
5530 7626
512 582
8732 7652
6496 8171
4723 7057
685 6345
2755 422
9396 2863
7030 405
8462 3984
1495 344
3843 9771
7761 368
14 2368
6906 4550
4736 1632
628 5108
5110 3755
6689 5782
2756 3852
8047 6512
6118 8421
47 6119
4318 4901
9548 9184
5725 6755
1621 972
6515 7814
2469 9925
9049 3245
687 9348
3821 4890
3234 1843
4299 6016
3764 5764
5359 2824
5439 9036
9275 1414
9855 3930
3326 8544
1671 8917
7185 3396
649 320
1222 3534
5472 5880
297 1567
1914 3361
2280 7946
5901 3194
4275 2233
20 7903
663 4252
9457 6103
9647 1848
7193 94
3898 3540
6814 4299
9633 4538
9908 3840
8978 7459
2202 7626
5091 6786
6061 7309
1831 58
3646 4791
5843 2715
4380 110
9219 8017
5192 1944
4558 755
3057 3741
5661 817
7559 7262
2192 6196
5636 9867
3720 1207
6907 1126
6621 2061
7030 5407
627 4190
1072 4688
1364 2495
5052 2299
4545 661
4995 6649
1082 4503
8006 827
5412 7633
6711 7569
2309 1924
1115 3070
2537 8290
3586 1417
2558 3082
5931 736
8233 1514
5941 4114
4278 1796
440 5130
6439 9939
6486 8555
9315 8512
2875 8514
1422 6562
398 4748
7054 3468
6009 7521
406 3460
9456 2736
4255 8246
5738 697
6210 8394
2496 8967
7689 9575
9486 6629
5733 8730
4119 4954
1838 1048
1284 155
2709 5629
922 1512
424 51
6331 1912
4389 6963
3470 5339
984 2210
8996 6913
283 5553
8671 7676
46 9936
9808 5893
9537 6841
3893 9567
6966 5745
7616 738
9342 2523
9517 9728
9830 9077
1285 642
3203 9384
5053 295
6348 9184
6965 4061
9601 1508
4880 2050
6179 9413
8790 2274
3648 6296
3274 5643
5382 7563
2340 7999
4158 9226
3445 1942
7934 5645
6265 682
7902 160
7793 3948
2625 1698
2672 1485
8019 1009
4078 5699
6909 2622
8868 4102
4721 2520
396 3184
886 5591
1490 1387
7571 2241
3429 312
7763 9441
9208 725
9529 4500
6906 5841
8701 5495
6347 8949
3750 936
72 5656
3106 3143
9627 4312
6241 3721
5507 6257
4841 6846
3611 2425
8772 5804
8549 1251
5217 5383
7008 566
4164 6234
9769 1447
1874 7806
1340 6977
8231 9584
545 1139
6473 7716
9645 8110
2124 5899
8080 6814
5785 6838
9782 4624
2931 861
1520 1558
7976 6370
7610 3610
6371 7978
8740 7255
2533 6265
2206 4161
3208 2217
3894 5156
3900 3215
5261 7488
8758 9271
5783 33
9890 68
2301 1137
6636 4921
2491 9975
4428 1009
636 3053
759 3292
5117 5950
5393 4797
6825 6341
7374 167
27 3697
6431 3036
6591 4287
1094 2821
7535 16
3832 1760
7044 825
7745 2880
867 3861
6675 6651
8285 1318
5482 3131
5159 4336
2520 6919
239 6939
2076 344
4710 5568
4491 9815
4227 5718
6149 9489
3496 203
9493 5972
4971 4355
9801 7077
6645 6635
1240 2534
9148 8039
7581 3305
1389 8692
2241 2738
5671 3521
1230 7695
536 3802
425 9149
7559 6170
2922 1714
7615 1487
9691 5630
4700 6719
8325 7306
3926 3471
6600 9462
5897 3335
5332 6333
3719 21
3926 2070
9579 1478
9559 3613
1825 8495
9386 6747
3217 2432
2751 657
9409 1832
2824 9141
7433 2893
3776 3143
7781 1552
9035 6186
2152 9704
5413 1197
185 4930
1798 3551
5615 3256
2797 3024
3305 1951
9700 5711
3521 4293
9835 5728
2030 1187
3415 5594
4374 6157
6175 3519
2504 9597
5228 1937
2007 2346
8839 1020
4840 2279
2654 4530
7132 1790
101 7575
8236 6012
2125 2480
1267 3149
2350 2199
6540 8340
2742 4653
4202 4028
4886 2769
4206 3056
2507 9196
7217 2775
8985 2741
9349 6533
4165 5137
9375 283
8964 9884
1107 8414
4400 1879
7893 7951
7727 7337
2866 4935
958 8601
1999 7983
5362 853
5535 5573
6270 3540
9471 5868
3203 9264
5640 8866
8285 6299
7580 4373
3391 1809
3180 4340
3862 9455
3016 5946
6037 1622
8286 1268
7660 8373
672 3349
8507 1645
2779 8494
6679 8516
4090 6598
3945 5631
182 2043
3255 9719
8238 7818
1760 4813
5463 4572
8635 9987
188 5896
8061 2083
4604 8648
8227 9426
2156 9055
119 217
3704 6
6179 9181
7324 2635
3678 6974
9027 6082
1420 1427
4281 1025
9938 4935
5167 8484
9351 4362
9241 7341
977 8231
6750 8974
7221 7380
6408 8696
2939 4742
9127 7150
2443 1467
2132 3744
5833 7729
9455 5497
3369 8555
2821 5010
5893 5628
1653 5320
8160 6672
3577 6276
7104 5309
4834 5544
3621 5933
4050 7721
6515 9816
7853 6412
28 9820
7328 1759
7068 5462
2948 177
3463 2863
4610 1625
9910 1882
2283 2416
2259 6097
8151 4391
316 5069
4061 3687
2769 5622
8776 5804
8594 3285
2573 5857
8608 5692
67 7507
6333 4270
2652 5755
4204 5883
5978 830
3791 1238
5694 3031
5218 6543
3346 5688
2183 7225
5016 7262
9394 6921
6997 109
1350 8214
6039 6936
1755 4517
7448 2783
3884 4373
3647 600
3589 1395
94 8079
2820 4031
4464 6499
6830 438
2421 7615
7538 8114
1103 2432
1536 8724
5876 3224
2397 318
9889 6406
1081 1523
4950 3980
2935 4933
9233 3764
3849 3806
6161 8074
5927 1866
8553 7168
677 9710
3680 8557
7777 3050
5852 5796
9072 276
3682 7249
6673 840
4004 2861
5859 6167
9603 1670
2384 1609
429 7864
8777 6004
2056 3470
7564 5543
4115 2230
7632 7159
567 9246
539 6888
2097 3948
9201 1325
3615 5352
6943 5984
7462 439
1319 213
9654 7035
6966 3875
8229 6019
4121 7784
1688 2420
8404 5895
5285 8134
8096 6628
8691 8516
2351 990
7961 6411
3479 7699
9007 5897
1178 4432
9114 1989
9879 3794
4289 2718
6394 7928
5970 3902
6232 7271
7053 321
6299 126
7522 7197
9895 1411
5944 8488
1584 565
6356 7662
7028 5979
4714 3057
3306 3148
3469 3683
8331 3370
6594 8663
4784 5787
3851 2260
9732 7708
6805 1221
9232 3639
5585 1247
4851 3064
4866 7191
1281 4882
9098 7067
4224 8612
3374 1990
7292 6652
7338 157
6726 8673
8895 5743
8466 8366
1051 8769
4818 485
7674 9309
6894 5374
7256 6790
4109 9847
4808 7649
9747 1647
8308 7627
3052 3105
5077 7226
1260 9872
8567 2560
6038 294
9684 8036
2129 8058
2169 2454
5894 5327
2619 5209
1458 1856
1387 6149
531 4765
3376 2219
639 3105
602 1831
8904 1854
6443 4135
7296 5363
7471 7823
8490 4899
1863 6621
8936 7185
9319 221
6430 5816
2534 5187
5925 376
6383 3543
4175 2839
6839 9827
7637 4998
6604 8118
8742 1684
2828 3576
283 9359
1375 9561
7968 2953
9461 663
3622 4450
2865 4837
2452 9350
4431 9056
2260 2430
5533 3360
4030 4903
9194 9635
2202 5556
747 6670
6124 8256
5936 6589
8841 1927
3738 3046
5404 7546
2077 2479
4043 37
6247 9413
474 2129
2346 3962
708 6222
7716 5936
3819 8067
2877 5593
6150 7172
483 5127
17 9788
2860 4089
5597 6504
1896 3072
1896 5188
5437 6259
9565 334
4608 3403
8912 2166
2436 4851
6214 8430
1416 2537
391 8938
6353 7097
1451 2370
9352 505
8422 3647
7239 1897
3110 4552
8130 9516
7920 4460
7194 4359
9479 178
857 3947
2408 6930
3497 3730
1474 4685
8793 9761
1846 2334
2678 2429
251 2211
9532 4443
5039 4103
3838 4029
9225 182
8391 9310
3706 2016
9559 3441
1106 8296
4232 6266
2846 3169
1329 7923
9549 6025
9698 5670
7004 2205
7146 2872
6004 6154
9474 2932
6011 1772
7924 3862
2561 1245
4121 1503
2354 4592
136 3792
137 9511
4826 7706
5739 5294
9065 1705
185 396
8636 187
6390 4284
2379 4862
2655 2699
6935 7396
3047 4716
477 9841
9085 453
6052 6049
7322 5646
328 5829
1268 4589
9829 7695
6306 5368
9320 9761
2245 1969
3150 8097
4402 5515
3583 1789
1054 7972
525 9175
7280 8411
2472 8843
404 9506
4447 4483
3369 1860
8302 8955
6957 9887
361 632
8032 6243
2643 4791
1029 1164
1213 9632
5149 1803
3201 7737
5959 6639
6862 4935
7662 1378
8697 3880
5110 3556
5615 6875
3855 784
4373 9531
9171 5636
8878 3082
3401 9339
2917 3968
5221 8372
8228 8132
1359 6860
5386 1882
1236 2109
8471 1307
3280 5340
6069 6699
7240 6597
4016 6187
1586 188
5281 9550
8839 8450
2741 8958
9224 6344
2143 9278
3129 8723
9871 7784
9046 8820
6897 4457
3492 8543
4823 9618
2099 8463
4237 3132
888 4727
8878 7053
6576 7815
7774 8019
621 2754
3181 4626
1825 7340
8650 4126
7804 172
150 5994
7050 8291
7240 9519
6249 3754
5010 9919
2905 6812
7013 4405
8579 9354
493 6234
2035 5744
5578 9497
9069 913
3718 5894
7552 1027
3771 2508
7732 4866
9727 7575
976 5189
8115 8723
2063 3145
8719 8466
4071 4615
2855 9168
8839 7192
6107 5022
8664 5485
3150 4641
2537 2864
349 5651
8967 5549
5722 6048
7149 9247
2535 5144
9375 1547
9554 7232
7329 4991
1987 1282
5535 9166
33 8974
1780 4064
7711 8743
785 71
6477 6347
1277 4811
1433 8884
4615 823
3758 3137
3947 9973
1702 2023
2629 8113
9716 9338
1420 5505
3258 2170
2861 6832
659 4753
4277 9544
3284 8868
2932 6413
2720 4438
9864 2247
2306 6231
2667 8974
1727 9139
4521 8944
219 4453
3785 206
1050 3681
3202 5339
3749 5127
9543 6979
6218 9424
5913 4873
8922 6206
8238 1941
8183 2340
7358 4419
6397 4830
4368 2142
5476 4126
1627 4125
2906 695
9813 3388
6307 8470
3462 4878
9751 4876
591 9974
4913 7813
3655 5306
8035 2711
392 7417
4028 1172
7734 4151
1491 1841
492 2475
6361 6577
3897 8207
4502 6460
5161 5010
2345 7960
9766 9201
1621 2614
3468 2855
5608 905
1827 6838
4547 6159
9449 6481
875 454
5518 1823
1607 5989
9088 4797
3240 9121
7644 2535
7335 8331
5798 2189
1536 7802
9776 4705
3933 747
1610 3323
1139 788
3223 685
1893 3071
9104 6356
631 4429
8764 9900
4370 342
9795 7145
7286 6065
7436 9870
4183 3521
3853 3586
2248 6800
2341 377
2169 8032
4265 803
7036 4351
7101 6512
6917 1376
8324 1906
1245 9152
7715 5674
5111 5989
3535 5739
5813 5955
7964 6011
8283 7504
3139 3949
2306 4016
6960 1428
7607 6602
1334 6743
7635 7120
4921 4516
333 8105
1847 6534
76 9661
3948 2610
4553 5608
9458 3649
7731 2502
7379 4901
6767 9589
4111 8433
6615 3489
3667 3001
8058 5234
6473 8107
475 9268
6672 9311
5811 257
3904 6877
9410 2180
5403 8547
6663 3402
1493 5174
9042 1739
2940 9413
8512 2426
3 839
2058 2363
2582 5177
798 3412
1937 9315
6814 5235
5242 1959
9254 5984
1647 3370
1412 7035
363 2695
9528 7959
1331 1054
8191 7031
2673 6997
1295 998
9543 5897
2202 708
1657 8958
4342 5717
4189 8945
7722 5074
3179 4438
4358 6414
1046 6290
2716 7609
685 3334
3448 9544
3718 8908
1453 3138
5717 6221
7775 7337
6122 2577
7759 2985
352 2635
6712 7361
887 5501
6836 1331
2149 8320
91 9585
5685 1588
5653 212
9542 7431
930 2805
4259 8703
6745 928
8799 5959
6666 6314
3679 702
8512 8351
2531 4553
7921 5133
483 7817
1726 8841
6648 5729
4434 4418
1690 3645
8807 2594
570 7884
3595 8670
8643 9870
6536 3515
4479 4567
3477 2670
1816 2763
2103 5296
7511 4993
8329 3022
4337 6383
5612 833
3859 3301
9995 1547
4192 1031
8249 6619
316 5579
2100 5613
5513 1054
5797 5159
4041 8094
103 3895
8957 1439
1755 5409
8185 1524
2174 8213
9759 3619
5686 3525
3985 620
2330 2848
4174 7990
4007 6159
9489 7685
9653 4846
1172 4339
1583 4853
2573 2968
7002 8860
805 8746
6657 4894
9844 6033
7470 1120
175 7945
9332 3590
3474 3786
6817 5039
9463 7017
7000 7505
3860 1559
4592 8119
8790 1880
3711 807
8165 3200
6814 5528
6458 4051
7052 2494
6244 5099
6623 2495
3119 9923
2143 8630
4073 7500
5593 2614
5474 3438
5701 3575
8284 139
2753 5717
9580 9962
5695 1358
1061 7490
2310 2422
1816 7922
5240 3389
7615 2314
9025 596
9463 7783
2963 4371
3689 9380
9471 486
1777 532
521 4041
4999 7011
1531 9466
7663 9925
8560 8540
7057 6788
7714 6232
2055 3873
7084 3848
2525 9870
311 9474
2740 4024
4837 9926
4778 1875
9102 9373
5843 9987
3865 7424
3710 1360
947 2275
5767 7673
2083 1782
2194 3041
9940 2114
2726 662
7944 3417
8510 2371
2183 5166
4593 7726
7863 6428
8380 744
7686 8918
1706 8425
3621 3240
1518 7566
9678 3086
2041 4967
8872 6645
9531 7589
4918 3943
2031 2460
8580 5949
4699 5840
3396 8587
1605 6675
8436 1017
7992 3956
8564 4977
4982 646
1800 2207
604 650
2783 5094
1662 2194
7954 5979
3581 2829
7800 2336
3276 6376
7222 3075
4934 6256
1466 881
7807 5876
7901 977
9897 9401
285 7481
5263 9224
1243 1745
7194 2975
5360 5415
2918 415
1552 9715
1289 3505
997 2114
5561 8824
787 3166
4203 9918
8904 4797
3818 6883
2699 7129
1823 1394
4145 1764
1965 5229
4814 5229
7868 417
9615 6352
3105 7001
9179 7582
9726 9052
5352 920
2641 8433
5741 9240
6406 3404
8254 6203
1568 1942
8392 6995
9834 2999
9190 8530
7763 2142
3780 4445
1754 8565
3107 3131
1147 1175
7384 573
7577 1169
1176 6536
3294 9805
1299 6429
9261 4932
1388 7800
5149 1021
2662 6755
6389 554
1260 1420
5974 6010
6553 7996
7158 2010
4879 7469
8392 2172
2225 491
764 9638
9531 3864
667 4422
381 4707
7396 6901
8878 6617
9866 3289
7685 1678
5167 7862
3992 4035
84 4074
4310 3014
2774 7092
7191 3118
8794 321
8986 7940
7199 4466
8788 8066
7470 5009
4612 1842
5398 456
2112 2290
9536 9413
6099 7267
9757 5945
5002 3888
4079 8455
3217 8684
8880 7421
8891 8941
7829 2311
8273 6965
3626 6732
1172 4664
67 162
2301 5020
8977 6356
6015 5121
8879 1399
9091 8329
4637 6244
271 4319
2007 4421
5456 3099
6821 6542
7877 5576
4013 2446
4895 8821
7601 5180
5424 8772
1177 6075
6625 1863
9850 6436
2426 9041
2596 458
3298 7497
481 5567
6785 7253
670 6396
5300 522
8617 6192
4410 9405
3305 3289
5274 9268
6897 7665
8305 3753
1778 9566
2085 5262
6618 2683
4997 3360
8046 4283
3826 8094
9601 8618
227 7419
1426 7944
672 3071
8050 7880
8707 6115
6496 8073
3335 3917
6624 4258
6060 4742
4016 6485
7331 5408
7708 164
2590 5210
8015 356
7314 5068
3740 5508
5742 7047
3790 6673
5573 5883
8551 7648
939 2961
867 5233
16 5035
1242 1782
1240 3613
8346 1467
8702 343
3830 857
7294 8030
9680 504
5567 6704
9484 1548
3825 6246
1707 351
3753 1043
7354 1291
5070 9032
2215 3795
2303 53
1124 8551
3952 537
878 7100
625 9100
7246 9528
9153 9924
8272 6320
8251 9559
134 8001
4339 6395
9511 3111
9656 3001
5346 1691
275 754
5239 1147
6174 7080
9249 5275
471 1245
8015 4616
8752 2353
4418 4734
2917 4555
8464 1632
9880 1164
2479 1582
8692 2429
1941 913
7610 1175
6096 5971
4400 7102
3670 6210
7248 5942
9276 8897
5688 6295
6019 4710
4744 3693
4822 5295
6463 3127
8071 5145
6574 9009
537 7129
5662 5673
2880 8140
1759 5439
4771 5126
8217 5909
3230 972
7285 9041
4796 4647
8643 479
659 1624
827 8322
4744 2060
717 4998
1465 3428
1450 274
6589 5721
9969 2174
4462 9188
414 8990
2051 2398
3776 3455
4123 7803
5465 4738
2520 3383
3427 4236
6714 3350
6015 9631
3437 1825
7464 8035
4955 7184
606 5470
9868 9559
3425 80
2367 4470
4502 3079
7539 9358
8331 5479
7987 5345
6406 6068
4379 2139
5445 9892
3291 6460
285 2504
6262 6229
7654 6644
7662 962
6266 6169
4815 3331
5345 8049
2991 743
5525 2897
6196 5244
9334 164
5281 8003
192 8837
5894 3685
620 340
2542 5230
3036 5787
4044 6149
381 3104
7270 9092
1505 5883
2529 0
8864 4999
2487 9628
5951 4078
8693 8791
8834 2344
5464 9627
1227 8579
7490 3173
5917 5106
6540 4046
9435 6812
5212 4781
4488 1098
3141 7458
6834 4420
1874 7631
2562 421
2040 2553
4133 313
6513 1212
8522 60
5106 4318
7037 5342
4819 3305
4238 3781
922 6373
6132 8379
1127 4615
7954 3228
3534 7959
9341 5502
209 2507
1828 5230
9387 5287
4300 7055
9176 7398
2432 5946
6023 1939
9138 3370
5401 595
6652 1725
388 2467
8521 7102
5759 7844
9050 1135
1515 4868
9390 4962
208 9735
2406 9287
7211 4789
391 3387
9770 3865
9251 1083
8459 9929
493 5759
9134 7033
9728 7564
5975 8987
5966 6585
5540 3082
9303 9296
963 8106
6463 4097
8739 4859
5223 156
6770 9004
7117 2659
8367 4671
5776 9085
3504 9073
1976 2629
4877 2249
7090 5319
4051 9880
4710 8940
1528 8561
6908 4979
4338 91
4306 4608
5713 5534
8755 9416
6309 321
2235 3449
3236 2511
4830 7478
5273 4662
7807 3270
6918 7867
4670 5040
9564 6344
955 2913
5523 410
3557 1207
5176 6258
2057 5930
2461 3548
8164 2282
2928 787
3863 7299
9937 3155
1661 1372
2436 9305
1198 2576
3104 3978
8025 1112
4280 2482
4032 4776
9296 5762
3519 5036
8045 5892
9561 7417
6395 5198
9426 2086
6524 5884
4734 2651
387 4359
6346 2759
5213 6289
8594 2236
1340 9240
1673 9926
345 2016
8025 5116
4868 7951
8536 4151
8145 2916
6180 3324
8885 2969
9766 9132
5 961
4088 3196
9485 4437
4156 6412
4956 374
8448 3299
8015 4229
6958 9569
8517 9703
6049 5267
7107 5464
6736 9917
7448 3172
5643 7712
9763 5933
8492 7566
8517 5021
1873 8842
8893 1294
1117 1517
3625 4051
2879 7065
802 1885
4578 6470
5093 8316
7897 1490
442 5939
3168 1326
8466 9430
5176 8702
9648 2909
6263 1623
6565 5489
4684 3043
6365 5888
2038 6919
6439 7283
7331 8861
9139 6155
1763 1774
3169 5037
8595 8080
6006 6824
4240 3151
7240 7439
4176 8964
9811 8025
7678 5853
6464 4518
1048 5196
7445 5466
5405 9335
3018 6729
1921 2067
174 3876
7540 2170
2301 6625
6490 3082
1473 7134
9010 305
4711 8720
4296 2741
8251 675
8978 3579
1765 306
491 7031
1618 2960
6941 9318
9997 8339
6352 7530
4979 355
5668 3992
8829 3919
3159 2081
8667 2265
9053 4639
9595 6048
6025 765
6290 6106
914 5945
94 6672
6112 5893
1637 7346
1690 731
6396 7154
9908 2769
854 1161
4274 7435
2750 4013
2195 7955
9222 3539
4519 8347
9474 5609
2885 7468
9741 2299
2177 4116
4093 7631
609 173
4913 8833
5157 2388
9261 4272
1888 2553
4340 7010
8831 8259
5834 4059
1915 486
8191 6983
2795 2013
990 670
510 1988
5076 8867
7360 8732
5761 5632
1747 5182
5977 2551
2815 5329
6449 193
8688 758
8786 2510
3194 334
3780 5584
4973 3152
4231 8865
6314 4840
466 5795
8990 1108
2098 3620
6025 8050
7764 9301
3779 9059
9167 2815
6379 8061
9280 5693
9674 8028
8366 4931
5125 5684
6313 7226
6066 944
1208 3824
8080 297
1974 3642
5909 4402
1615 7742
2546 4340
3619 5362
4172 697
7943 243
8699 1128
400 830
7599 2720
4759 5571
2318 5168
5480 3105
4908 7224
9824 344
66 188
3356 1359
6931 3919
2238 9241
298 1911
8686 3149
3562 4938
1185 8362
3613 296
4704 8586
6822 5850
5754 5513
5085 3613
9145 5806
715 6344
5916 2876
3720 3037
6829 2241
9694 2817
5234 2448
1406 4278
2414 9500
6683 10000
3380 6495
3368 4401
692 4216
7613 4510
7791 7697
3701 2268
2452 5541
9667 5635
183 7874
7338 195
1958 170
812 4041
8042 2672
6256 9156
4907 1434
2582 8916
8756 2172
1205 1363
6259 3712
8245 2636
5317 7469
6769 1532
2412 5607
2811 6684
5390 9864
7467 5329
6242 9078
4026 1490
1981 6059
7331 3330
7329 8719
3024 4703
2377 9034
3229 4060
3176 3885
2593 5053
8935 2709
5718 9700
4005 6852
4251 677
134 2214
5953 8981
3725 4443
3025 9236
8375 3397
6876 2826
7735 1990
9039 40
3352 1889
3244 1067
6189 1343
965 1868
235 7136
7554 5121
8386 4846
9497 2559
3434 3391
9065 7173
5593 1707
6796 7576
7189 9030
7398 9528
5226 4126
6635 6147
2629 1835
1203 5356
3165 5978
7008 3941
9654 1290
2727 4129
9041 3107
7839 1031
6868 7231
497 7971
9855 4127
8445 7961
8763 7340
4791 3344
7874 1912
6259 5024
1135 768
5309 4676
3603 751
2345 4179
5063 3002
951 3968
4948 3560
3574 4651
7077 2625
2172 3563
8597 6681
6933 6021
9105 7608
5588 5305
2999 9723
465 3903
4648 6052
8077 6450
5446 4650
8935 2938
7539 4107
364 9402
30 4717
7844 9911
6471 5447
8560 8567
2728 7093
4882 6775
5333 3320
158 5152
7033 7057
3000 7998
8777 5327
7186 1747
5479 5674
4510 392
2289 3454
3543 6009
3828 5458
7592 1655
2944 557
8685 2231
8845 8035
1854 5175
8618 5760
3184 617
6152 7920
5785 4697
5637 8639
3271 8053
7923 4927
5878 7822
2958 5821
8345 9542
434 6972
7063 9993
1633 9819
6232 8996
2806 677
1070 4129
855 3432
2172 2477
5833 966
1671 4851
8452 4080
5252 4472
9445 7787
7308 5737
7245 1862
6493 3427
4339 4814
3510 6412
1036 6868
5478 3211
5242 7375
4192 6777
6869 8811
2858 5251
3729 4506
1463 4750
4226 7438
2568 432
3388 8323
2619 7
617 4440
7152 4166
8327 9056
8391 7659
6338 1771
2401 928
6027 6007
9855 9164
2198 7145
9683 3306
4160 55
8935 8414
2828 3438
2851 3109
9521 1760
6364 3066
4437 2380
4857 1166
2644 7867
5880 7933
5866 6324
6934 4152
1304 4830
9355 4552
4861 8725
7009 7949
8513 8862
9857 2190
5323 9449
4341 4632
9026 3832
9724 3942
3329 703
6614 4236
5831 5459
6440 1194
192 3513
9857 8311
3445 1165
5800 7821
867 1399
6764 8616
2016 6649
1117 972
751 5437
8653 7364
7983 7527
1367 3390
2986 9437
5502 8807
2016 7855
6845 9210
4653 1670
1852 6278
7617 4597
4322 20
7832 2631
9815 1679
951 9959
8985 5164
397 5156
2369 858
4891 1051
7273 6860
1007 72
923 2688
6396 2942
5303 2502
6352 9111
1965 9174
3123 42
2487 4892
3694 4508
2802 5981
2133 3051
5422 372
1096 6380
9145 5286
2907 2082
7037 7161
9806 3467
475 5894
1526 8664
4290 2399
8418 7434
9621 5786
8932 2371
7996 6899
3542 6614
9062 8693
4091 8770
1950 22
3429 8144
8902 7924
6221 9624
7429 5816
9653 4368
1692 3123
5352 5182
8516 6555
798 8870
3906 9679
3475 7564
4039 4760
3697 2014
2918 5573
4688 322
4635 6772
9363 1052
8925 9223
1639 8296
5047 3234
3450 7322
6921 1489
64 9000
5910 5802
354 20
7911 2768
7523 5854
1907 8846
2047 2302
7862 2596
1332 7022
4651 2248
6904 3055
6412 2159
8951 1347
4489 1595
7513 3743
4834 4343
1498 8691
402 9119
3821 7775
8614 8477
2958 5259
9328 1435
6700 3820
3791 1487
2561 3370
9786 4565
9292 4210
3606 7567
8023 4962
8840 3087
1076 279
5469 2402
5400 7824
8784 9277
803 6971
3799 1992
4663 9527
4764 7090
815 8408
3949 8650
1536 2594
6437 362
4792 3998
6483 9242
165 5676
6305 4829
8926 1862
4203 389
5796 3208
3140 7781
8775 80
2123 7955
1974 6329
307 893
5925 1126
5115 9011
4005 9367
5343 7535
6552 546
1196 7780
5475 1788
8019 2156
6689 6063
2706 9293
7124 8986
7645 8898
5449 6014
8382 2892
2190 3859
6304 8813
3169 8745
1089 3368
5891 2241
4331 8472
8862 1588
7528 2079
3367 8925
2198 6218
106 1172
1805 4380
3632 9877
1544 3625
9390 6793
4985 5100
6110 1054
917 5874
4127 7361
5022 8410
647 7365
4378 3007
9748 9351
3638 9817
5254 712
1327 2158
6653 9887
9501 9581
2292 1034
1627 2943
6544 7337
1128 5859
7882 514
3153 7965
2091 8462
6478 5791
9985 8815
6454 332
7520 4628
8642 2342
2919 1918
3370 4212
4876 3361
3741 1756
9295 7177
4689 1980
7899 2716
67 1945
3214 6582
118 5320
9550 5149
6141 2809
224 7336
5081 5047
2126 8060
1148 1377
7835 4605
5979 3447
9563 2631
4002 2410
3770 1107
9982 5936
954 3144
7841 952
9254 6445
9728 7537
5475 1600
4912 6265
8490 126
4353 6673
4066 5103
9611 1607
3827 3853
1013 9945
5011 7093
6223 4336
3062 4349
197 3733
1058 5679
5747 1317
7476 3201
1525 7029
9445 2325
2609 173
2978 5831
6369 3147
2623 1864
1038 2978
3638 79
1814 4190
7167 9981
5917 3068
6474 2089
9697 8843
2923 2029
4458 4514
5883 9402
1157 6667
3846 184
2785 2254
2974 5752
1362 4206
6647 4296
9594 1687
378 4107
3807 5189
2692 2401
8213 3794
6188 3908
6733 1324
4504 933
7058 8612
3702 7133
212 6831
8457 5218
1905 421
1918 3253
1968 1530
2170 2194
718 9372
7184 4602
9943 5993
5157 6174
4664 1187
3803 5373
1935 368
6139 8774
3887 310
6161 1240
330 7945
3231 6218
9060 3215
6521 346
2194 6211
391 5151
5495 6810
8310 1937
1361 8817
6412 6172
5078 9321
7143 1303
713 352
5709 5643
5108 3771
5648 1198
9685 4260
5070 3720
8942 6031
7802 6446
8361 8359
5376 6435
1916 6128
2651 6182
6760 4038
4047 7082
9912 3187
8117 3014
330 785
8212 5927
726 2127
8275 8543
5330 8828
2878 8097
481 9071
7590 4488
3514 8311
6925 7260
8080 4872
5968 4124
5058 5486
2775 7397
2713 6524
3356 1232
6535 3520
660 9772
930 4846
5344 6647
6029 1155
792 1054
6414 8617
3323 5012
1363 9491
6136 507
9 7273
2302 2589
6295 2089
5225 5639
3182 9076
5291 9590
5628 9928
6713 5873
2476 5977
6583 1412
1881 3083
4005 8454
6401 3613
9400 6719
8264 5072
7013 1000
8170 219
3888 6903
2208 1389
6981 1383
4231 2425
3510 137
352 8428
7336 4680
9013 641
2578 6457
2377 3416
8284 9629
4693 6693
4014 2635
9561 4983
6439 6239
2388 9706
7026 1892
8106 7573
6349 1081
8753 6141
2345 4470
7642 6188
9801 3664
7604 70
8106 9038
6731 5816
8886 6102
1560 8170
3373 7877
1279 7363
7782 4669
7707 2872
4035 6130
6516 3190
3087 1649
466 8595
546 6359
8578 2030
324 2510
376 9864
173 4591
6547 2974
1125 5271
1967 6193
7225 6510
7583 2874
5882 3061
1261 169
9198 3967
7176 3853
9567 6523
3179 2242
9790 6081
6982 1908
7688 6754
9613 4842
5402 3710
3730 6145
6512 3359
2244 877
4204 337
1097 6346
3515 6683
7630 6401
2467 6950
2386 985
1140 1370
5208 1937
3403 7336
6557 6534
3669 1910
8482 9123
1282 3104
4203 1279
3201 6671
575 3785
1036 8813
4484 6042
836 1016
9518 8531
3586 9896
8907 8148
2889 3330
6851 6890
9938 770
1876 4395
5178 7961
9475 8183
8525 564
7309 3439
4395 5398
1695 4567
5505 4161
7750 5718
3261 7325
5291 8342
6434 1596
5548 8942
7653 8319
1477 2092
3556 2744
5387 7966
617 1384
6352 7500
7446 5277
8072 8300
9638 6585
4804 1310
879 6923
1768 6950
1204 5078
9831 4360
7499 9605
186 8610
4885 7333
4677 8637
6093 1430
7218 2166
763 2550
2683 819
568 8430
6602 5129
7316 3013
6543 6872
7448 6074
4691 1452
979 7528
2790 3155
4820 3820
1409 6937
2732 7891
4976 1645
4290 1083
370 5540
9711 881
2284 2648
6173 6211
2601 8608
4801 2139
6366 5367
5509 2786
6675 3471
8872 5042
1534 182
3353 9302
2178 3312
6540 6381
5504 3544
4106 6252
8668 3902
5891 3326
3012 5601
3803 1826
1096 2428
9366 5231
9635 6946
8054 2097
6463 3177
3469 6287
5267 3740
2132 3217
8316 10
5394 8841
1273 9386
4005 8465
9588 3262
7235 3967
7246 3151
1505 9382
516 6040
9139 3143
3896 9894
5935 3976
4140 399
7794 4295
6808 5220
4934 866
3719 2683
825 4027
123 3439
2216 9256
318 2702
4796 6608
5315 8899
6126 4991
5472 6031
9541 1319
525 8647
9693 9915
757 7299
2717 2690
1040 8054
9648 4070
3163 6792
3286 3119
8381 4802
2852 4824
4492 2443
4917 1511
5056 9963
7599 2907
7002 1113
5518 2862
6917 6128
2006 3778
2096 8529
3832 7438
1899 1593
5783 7126
4255 7627
163 964
533 2854
577 2845
1023 2219
2901 881
8590 8067
1206 7425
4240 2030
6895 8108
2308 1972
5409 6719
9990 2680
7997 2392
3693 1854
5632 9285
8746 9967
7137 809
7236 9488
5429 9552
1454 3427
9281 3194
3240 2967
240 2420
6900 7619
3486 5197
3965 5421
4870 8589
7491 8822
100 1132
8816 9162
5838 8613
719 9158
9058 5981
6685 7027
3620 10
3855 685
6561 8520
9492 6995
5647 9765
1626 8187
1223 2064
84 7332
1298 1284
4017 1396
3434 7513
3997 9270
5962 1497
656 999
5699 1020
6298 3409
1686 1414
7983 241
7218 1292
1208 3053
2241 2081
6458 8114
4138 6703
9205 786
9755 5355
5890 6337
3310 7299
5133 245
199 2740
5076 3608
9625 8758
8993 7601
4692 2037
600 2249
4151 209
5915 321
3194 3436
6978 3223
3530 4836
2538 9753
3657 1745
8128 9918
7031 1959
8732 5785
5091 8383
9571 392
516 2513
4562 7031
386 2006
349 4853
9505 7403
3479 2713
1403 5299
612 6958
8723 2222
5756 6347
4708 4499
2732 6602
8046 2322
1446 2944
4949 1804
6611 4373
2902 8621
3915 5131
7137 3526
6521 4435
4770 8618
4078 5164
4331 4327
8936 7599
7099 6674
6061 458
6189 2558
9626 2292
5554 3147
2266 874
5894 8491
732 3301
5360 4327
250 9612
6407 4689
4950 1361
1829 7522
3748 4328
5502 7972
2810 4909
5918 374
4502 6753
9674 7396
4831 5157
4190 8235
4944 4886
2363 3174
5125 5176
5032 727
6574 4925
8679 3307
677 4742
9476 2046
6045 3412
6568 5881
1915 4451
8883 3898
339 9081
9940 1527
563 1278
5883 999
8016 7173
5342 6899
629 829
9525 8816
8605 7360
9034 5030
3293 5636
2045 9908
8679 6662
7402 5845
5744 887
2515 5198
3706 7281
7020 155
3565 3081
7118 3961
7888 4940
8921 3765
7341 9982
1950 7725
7978 7169
8571 9016
6841 1328
8906 2322
6165 7288
8920 6418
3399 2612
1648 2533
1738 8000
3573 4654
2439 1683
5235 9889
502 4282
1041 7880
5175 6442
4431 6636
802 2977
3430 778
8649 3180
8034 9958
8054 2534
5272 1086
1118 9106
5987 498
8711 3325
748 4750
271 1476
3739 4851
4568 254
4027 6107
9979 6782
4590 3758
2676 7707
6331 9141
9395 2580
5892 3273
7680 308
2998 8850
6609 3456
9692 3858
7007 6340
7720 7155
8404 2464
2276 1475
1007 415
2761 431
7492 7634
8751 2132
9220 9711
6119 970
6617 6854
4286 1547
210 1095
1763 3314
3973 3148
2073 53
9947 350
652 8979
3613 5735
3670 2650
7799 5537
7670 904
9761 8675
3102 484
5447 2994
1438 9063
3911 7053
5314 1924
6439 1353
9424 1312
4093 5087
5113 4924
8906 4569
425 3010
8934 7846
6270 1379
6957 7580
916 844
6150 8934
9651 8597
5701 5119
7429 9305
2270 3534
7752 8825
3025 6723
2271 463
4115 6039
1667 7497
2418 4061
1053 9984
6890 5875
2271 776
5276 2362
4648 3774
4575 8970
4792 7693
9603 8760
9263 773
5744 77
4620 212
9466 4256
2841 5808
1975 1503
6545 5491
6799 3745
8505 2511
5061 1376
2731 2329
9142 3259
7297 663
4234 6879
9916 3105
2160 7015
112 3947
8651 5476
191 3792
3957 2423
5663 9625
1353 309
6515 3606
5745 7519
5580 6931
9697 4930
9550 1624
4465 4036
2833 9167
1880 2354
7319 1389
9947 3470
4017 4701
3844 5152
8843 5599
4591 8771
1937 143
2345 3240
5697 8561
9515 8853
8995 8599
113 3321
7904 9347
3392 83
9037 6301
7342 4229
8383 4313
2496 2594
1870 7624
8753 6600
6822 2737
5495 5544
165 8942
1967 8054
9037 2325
98 6863
2345 4910
1710 6227
2278 8689
3410 422
1274 6993
3778 8267
1229 2839
7807 4685
3929 2674
5107 172
3697 4957
3912 4118
6712 8888
2704 1795
1801 5258
6309 7957
5413 6854
6722 735
8674 9099
6837 1153
8406 7093
1641 720
7651 2241
9193 4443
961 6860
6867 8346
359 463
896 8354
8403 1958
13 3262
2064 3714
1496 8674
8450 2066
2904 5124
618 8168
3610 8662
9713 2991
8061 3715
5183 7713
1036 3505
9197 74
6467 4667
9816 5598
5472 992
8222 3327
6849 2970
9397 4501
1191 8428
3317 3781
8280 3897
3693 4027
6237 3205
3811 4081
4283 4670
29 7351
9389 4641
4601 95
3312 2758
4997 4340
8327 8740
2776 1571
220 5103
400 8758
4929 8124
3612 8880
5485 3434
4437 4478
5402 3966
9405 2936
5867 2904
9849 3404
9345 2570
3790 3506
2817 5460
9070 1589
7865 1703
4175 4874
5672 516
479 2621
6556 3160
9564 2402
3306 5234
82 9081
4356 4909
2997 3291
1795 5988
687 9070
840 3850
2808 5155
1504 7883
4820 6711
5661 8514
4887 398
95 2659
3078 2996
7426 1758
2921 3267
299 5836
96 3739
6846 7957
2026 8513
8627 9274
5314 5446
3124 1231
9077 9852
9288 1548
3728 2320
4978 1597
8792 3244
1834 9649
6453 1355
2763 3093
6386 7771
7846 5821
3558 8872
6010 9180
1122 267
2526 7033
3099 4528
2486 3370
3590 743
2787 5801
3709 3660
9334 6679
3376 1452
1170 2172
4612 7334
7590 9576
6768 486
1678 4040
4034 1996
7703 3614
5081 5901
8259 3741
7739 963
9315 438
6025 1054
6903 4894
6217 9194
1380 1088
6053 3988
465 7278
7406 184
2920 7621
3550 219
