placement model: 1slider
width: 10
height: 10
number of points: 100
9727 2111
7881 3169
3106 404
1982 3279
9605 465
3408 6408
22 1974
737 5168
1396 411
1095 6365
8514 4547
1862 1437
1600 5935
6604 9732
2624 3636
7909 2320
1117 8614
9267 341
823 5879
5839 4494
7099 3936
6963 215
578 1143
6897 9997
9992 187
7050 6123
1697 2361
7778 1789
5409 9935
1522 899
1801 5116
9010 5678
1157 4558
6791 739
7241 5008
56 7723
7211 6638
5797 8903
6348 9891
5078 9611
7370 8210
3808 2428
6205 870
3694 3049
7514 8488
7897 155
2077 8844
6964 6261
5460 5873
6727 4147
2303 8605
4111 5561
1998 4129
6949 3164
963 1673
4419 4399
7144 4915
1376 3680
3182 6554
4901 6845
424 4730
313 9230
1249 2537
2098 4909
8814 5902
3847 5595
5020 7320
9460 7947
2906 7194
5066 8445
8412 1359
9268 2966
5978 9737
8596 7019
5828 3770
3762 9246
2072 3132
6942 7849
907 2069
342 8786
8530 58
7987 8675
3290 1142
5237 1978
7099 1295
8747 3699
2405 8384
8338 5956
8696 6478
2381 5123
285 4166
4094 4881
1369 9803
1170 9945
1886 6791
6063 6579
2327 6978
2367 9303
6193 4098
5286 9732
