placement model: 1slider
width: 10
height: 10
number of points: 4000
6682 6288
8651 8993
2062 5238
1270 5553
636 2083
9912 9045
1497 5484
6296 4918
7668 1290
4757 151
2984 3532
510 7711
8441 9593
6557 7517
7589 3203
3396 2954
320 8419
3339 1803
1573 8744
970 6238
9025 3873
7048 7369
3177 3382
4274 3755
2277 2356
371 1551
9806 3106
672 2712
2249 4978
9540 1135
2297 8426
1916 2677
8278 5816
5029 5845
5186 5776
8323 6751
4566 705
8050 642
636 3938
5569 485
6974 8943
5474 96
1424 6151
6306 5147
5915 1196
1192 8061
2579 7559
7796 4406
7155 117
575 2113
9419 1694
6625 8888
8554 2603
6524 5590
7312 3675
4416 7947
1084 5925
8791 6886
9959 8579
3426 6837
101 6804
3285 5772
4228 1315
6563 4487
5224 7260
9760 2535
8727 542
1404 8716
8979 3052
6413 4350
2148 2266
3086 3920
7003 5236
5682 2108
1677 9820
2068 4557
9515 2092
4438 6902
8259 5477
3916 3481
4143 3141
2572 5979
4639 6646
8718 8347
8377 2090
2537 4223
9601 510
3735 5529
1104 7735
4700 1078
7601 3704
8922 171
4899 230
7190 1205
5033 4913
2903 2689
2865 6789
1725 5037
6412 7006
1327 2190
9703 3777
748 884
2013 9442
8622 5934
1289 2117
8563 209
1636 3378
9022 9518
5233 5773
465 1066
4204 223
9205 4400
5619 2552
2414 3293
2609 8388
1197 7791
9967 2045
6577 3158
1662 601
9209 2586
5387 27
7024 6954
13 9522
4607 9333
4523 293
8969 6542
9233 5499
9895 203
4356 4905
9602 3878
1625 2144
7688 5106
4117 8039
6777 4005
1432 9396
7116 6355
4308 6359
8995 6568
3770 7660
4618 5364
7977 6567
5541 8716
9036 6012
1444 1569
7261 7915
6145 1356
2327 8431
1385 9066
7542 2634
4965 565
2879 2888
5660 8434
5221 2688
7929 9759
824 8970
6784 878
3689 6500
2607 2250
6364 5472
9697 6389
4355 4799
482 8352
2600 8022
8339 1774
8901 3019
2275 4215
2558 2729
8022 5688
9058 2688
4171 2712
8132 1529
6981 9240
5758 7464
3258 4494
983 1334
3727 642
4795 9920
3374 4064
1460 7111
4538 5296
6506 2764
6596 6525
1050 6867
193 5556
2788 7851
9115 3169
2170 6697
9266 9051
2600 8914
321 737
413 4891
1942 5358
7155 2967
8717 8300
8416 6542
6529 5160
7877 1109
722 4950
6953 1282
2583 9095
9225 8969
5157 7102
3650 5122
6059 9203
8634 2528
6458 7840
9914 9540
3762 40
4050 4164
7453 4323
3913 8879
2296 6636
7074 1694
6649 652
9734 5459
2417 2996
3959 6591
9143 9483
1061 28
5179 7642
2637 5861
2597 3420
3787 4624
5079 5498
9261 9445
6933 5532
5006 3290
3045 5946
8152 1945
8899 3626
2688 77
5272 1042
583 1085
3382 4165
2888 3121
7580 5407
7548 5038
757 1029
1090 2688
2427 344
2618 3922
9737 4495
5056 6187
9895 8317
9377 7860
1839 96
3594 459
4051 3132
9593 8911
8534 4104
8156 2085
1499 5629
5469 3483
9767 4630
5260 6230
3049 1301
4297 854
6278 2222
8231 7173
8647 6334
7060 872
6329 4403
2987 448
6601 5421
688 9650
1147 9185
6885 6234
3299 944
1015 3219
8845 3426
3970 9459
2460 8446
2138 3785
1412 9541
3791 5133
247 6884
3577 4768
7239 4857
2335 3908
3548 1772
5653 7769
1446 3701
2000 7553
8007 4637
8043 571
3610 1255
3019 910
8340 7637
7933 6016
3952 6900
7490 2710
9489 6079
5831 8321
9496 7713
186 3198
992 6080
9692 3591
7978 4493
2395 2683
2817 3104
3970 5573
6418 2654
9192 6804
3542 9769
6257 8288
3359 7828
3780 7216
6014 6724
4094 1772
2856 6476
3650 7064
5176 7651
3724 8530
5204 7884
631 7521
9860 7273
3861 3079
9386 1371
2129 6253
5926 1487
9730 6694
4706 8737
2222 697
4219 3949
5073 3780
9211 3899
6891 4837
7768 2894
859 4879
8686 9428
1206 6355
1828 4572
4386 2463
491 7805
3150 2759
6210 3991
3399 4942
9902 1221
5871 9017
2380 7874
611 3967
2028 2762
2641 1831
4707 6503
9704 8327
1986 9961
2361 5001
8057 8800
5402 9902
8481 2522
1040 8129
6058 8994
7663 9048
4262 1298
1053 5914
5243 2160
3509 7112
7024 427
1695 3716
1073 9455
7773 9941
322 8637
7338 8181
5736 9182
2465 2372
4412 5007
7670 8746
1206 2971
6225 4470
4121 3666
2107 8063
2694 8063
5819 5191
7198 8958
7670 2761
2863 7648
6687 5101
2214 4772
1151 3374
3854 897
8616 9835
3568 8457
6534 1796
3472 763
2467 6125
5264 1145
5741 6586
1078 7105
7626 3190
3316 6584
1763 9991
8024 7086
6321 532
1026 7904
7386 3812
2635 8076
9788 784
3394 1741
5584 229
4914 7267
2193 587
3684 8386
4482 4657
2207 9941
950 5069
7287 7060
4911 7799
9179 8840
638 3002
8979 8422
8633 9309
1008 783
8855 1761
6673 8106
9218 3193
8525 3967
6288 2851
4234 4473
157 7649
8777 3804
5430 7648
9991 2224
9240 7543
1807 9521
6497 7639
6105 6543
5694 7570
6051 6011
83 8285
7605 7131
373 9959
9207 2869
2201 2433
4001 6161
517 2623
5240 4907
2495 1340
9674 5788
2507 4219
2264 8784
8132 2996
129 1758
5214 6608
287 3602
6599 699
829 7541
5439 8418
6131 9409
395 3954
3270 1802
1224 7618
1553 652
3712 5594
4167 2723
1367 2047
2641 5534
6003 9192
5730 6280
6205 4970
9316 3896
3536 8440
9552 5673
7304 2544
6193 2156
1239 3715
6701 9027
8401 8784
5037 6247
2918 3371
2587 3894
7370 8501
7475 8059
9734 2737
9155 7786
19 1910
9361 95
3280 9215
2433 1663
5595 821
7120 1508
8814 7581
8171 3329
7077 5280
8310 6835
7728 783
3762 7301
5203 7776
9805 4051
6486 8854
1936 5978
8086 6484
3339 9760
7459 9425
3133 7592
6236 2717
703 3439
8515 289
5867 6375
5326 2577
7464 2270
5783 6980
1961 6660
3365 171
360 4580
8801 1419
720 6867
6141 703
5097 4300
3559 9415
4822 6513
3362 9647
8614 3837
7627 2771
3771 377
3273 1426
1597 1213
9784 1500
5966 13
3136 3645
8996 6375
5228 465
4590 7335
5324 9323
4164 5314
9887 528
1045 3096
8238 1566
8967 2747
3790 6220
2484 3048
6254 7417
202 7897
9938 9144
3523 3377
4981 9305
8283 4649
9740 4953
140 2085
8627 7024
8415 39
2637 9829
3223 10000
4572 7814
4512 62
5274 7825
2257 6963
8785 9524
7605 4046
239 5532
3459 5439
1552 6942
2700 9322
193 8843
9101 768
2873 1946
7288 1116
768 9405
6872 2002
2009 9770
2348 7314
3784 1581
6706 3161
9016 4248
2637 4208
6119 3865
8096 6717
1411 3435
9594 5865
5773 7464
7912 2816
5268 4380
2902 5372
5945 4555
870 1774
1300 5041
9275 7111
9689 7089
8635 6494
1442 4042
74 3547
3267 4234
1810 5780
644 8949
4543 2516
4113 3222
18 611
5591 9700
4232 7374
223 6878
6270 9353
3671 5648
7916 9304
2014 1860
7073 9455
8546 6141
3361 6868
9282 5603
5575 5131
8978 6940
5142 1504
519 7375
5096 1199
9343 2665
2354 267
1492 2331
7476 8503
4878 9730
5665 8263
408 6505
1171 6527
576 8937
5254 1095
3760 2178
9629 750
4146 4266
5027 6995
1181 8130
9357 9556
9527 7
6449 2797
4062 194
4956 4611
8672 7677
4967 8679
4333 8841
7181 3387
7578 9690
3083 4213
2252 7756
8583 1797
7723 240
8618 9799
7399 586
5299 4739
7058 4964
9326 6281
8080 3860
6971 1030
6747 4525
9383 8921
1629 9766
8080 1426
5050 150
2287 3667
2319 2463
8795 6278
3062 5327
1697 5150
9823 3338
1750 5497
9067 2061
1484 1169
3787 7883
433 9483
910 2553
7583 3503
4398 9889
1541 6017
6332 2199
5674 4818
1389 6683
1455 5466
6460 2639
2531 5796
4938 960
771 2496
4830 3091
2134 7899
5607 5261
4912 1008
5929 2743
1489 1468
709 344
1696 7385
3721 2942
9854 4416
9264 8399
6304 7182
5406 8210
8274 5763
9478 9051
2892 7202
9468 7239
2549 9164
6453 7569
3888 4131
631 5690
7824 1536
2340 6603
6880 6206
4594 5863
2822 2521
2222 3889
8788 8490
8556 3569
1230 2456
6725 5945
8887 8122
811 9322
2981 2889
4675 7603
6906 1489
2531 5239
2411 4339
4769 8362
2208 7742
28 9013
8561 1557
1887 5992
2446 2090
275 2601
2370 4404
5326 5564
6337 2247
1462 8933
9231 6055
4700 4952
4061 278
4408 5780
7888 3974
8859 923
3254 7024
8538 6066
5437 4142
3530 6410
2079 5370
5983 2482
7926 7299
1868 5498
4092 1577
9041 6926
8132 932
4229 3303
4833 8153
8722 182
3997 1531
3477 3329
5090 7064
2412 6590
8382 1635
2443 3872
7546 2378
7378 7431
7670 8786
5508 4768
1754 5
4027 3623
3486 3022
4893 6280
4575 5636
140 1024
9769 8886
9923 9684
958 6425
8117 4011
1653 8684
3787 9451
952 4055
7115 7577
6191 3841
7806 1498
1733 8514
5120 8738
2055 9980
1659 4645
8148 8709
1297 7720
2460 3610
1266 5496
3552 3733
2181 1120
4129 652
8795 3313
2122 7264
1407 7295
7994 9448
6139 455
2341 8238
9796 6581
4169 418
6564 2537
4241 9695
7789 8213
1000 5930
6041 4844
49 2906
8107 9387
6175 1082
2197 5319
7662 1634
1309 4482
499 4182
9181 3678
9816 3892
3187 205
2018 7658
246 621
6991 2228
5774 1934
4558 9230
9339 5835
1513 7042
4935 7051
9839 2408
7 2992
3640 7109
6617 4448
3061 2873
7394 3542
3772 5969
4954 3491
8195 1633
6848 3311
5032 2619
7893 2946
6154 713
3220 1348
9501 4993
2531 7320
8883 8155
3512 7364
1876 8101
4158 8509
5114 1612
7268 3348
1091 9706
6712 3191
6318 1929
2278 8882
2181 146
1396 6791
2653 6467
5768 6096
7009 4501
5999 6129
8777 1174
2748 3062
4399 8111
7156 7097
5181 5998
1168 5289
4182 8933
9892 6112
2992 6169
1148 2249
3441 9118
7121 1358
2589 46
1925 1788
6721 9540
6823 235
5903 7412
9831 8344
5225 8241
8301 8115
4811 3454
6495 456
8340 7284
9296 7602
8390 6815
600 2695
189 5710
2177 5390
9772 2255
4515 3310
1796 7265
6043 9038
6962 7341
6571 3145
631 2099
96 9188
1683 4982
4816 6714
4432 6490
5052 5332
5645 250
6741 3190
7015 693
7728 8479
4116 6766
4957 8616
4493 9491
4052 1627
6460 4813
2968 5989
4405 164
8371 4111
4184 6133
1669 9839
5330 504
5824 8015
8412 4416
2259 6283
1066 8983
5181 1748
9449 4980
3403 9208
2587 1822
4559 9969
121 5323
5958 2707
4124 9855
7394 6485
6782 4558
4584 3209
6066 1139
2871 5862
7918 3318
1722 258
4154 6540
6046 5355
4280 5718
3987 2634
5854 604
8551 7548
5813 7355
2790 2002
7260 3314
9423 6872
7884 9204
7835 3500
6584 564
324 5145
2480 1894
9020 6056
3264 3501
7979 2865
2473 6007
1822 9631
8965 4624
7590 7719
3741 661
7294 7185
9562 8609
7380 909
8921 604
9558 8446
9237 2766
9716 2046
8593 6893
5704 4555
2925 2037
6901 3051
4450 7385
4838 5685
9381 2606
3109 7365
9838 5306
2871 9504
2556 407
7093 5322
8205 4529
4083 6655
8454 5562
9810 2453
2472 4148
7738 4895
3158 6479
7614 2051
8673 1342
782 983
6983 8791
1896 6347
2509 3857
8710 787
3953 4319
183 4935
2240 1278
504 5091
975 327
4842 2325
6329 2446
3571 333
6323 4191
1550 9606
5589 1189
2279 2695
4500 3790
3016 7954
8035 6221
7710 5331
3667 8642
2641 4097
7202 7502
5568 1398
4174 308
2084 8841
9292 3190
6025 7179
4207 1194
3163 633
4716 8769
7621 307
8972 8330
4468 3247
6945 6190
731 7920
8044 7956
5759 3984
564 5050
2914 4235
3602 7426
8407 6773
5326 5221
7040 3984
1711 3488
1691 2981
5592 8110
9581 1619
868 8690
3469 1364
644 6289
9594 8403
5132 4479
7090 1317
1841 8340
715 8306
373 2733
1429 6107
8394 7861
2613 8886
5900 8343
5725 8685
633 5107
5551 3865
7512 832
6206 5329
959 7804
7990 1359
1228 4714
3364 59
5318 9121
8410 2407
4772 7310
9078 7765
6104 7827
4351 3161
8349 1750
3079 4547
715 6329
6318 2515
9989 7651
4964 4587
7971 8994
127 9306
8536 6358
8245 2957
7233 1740
6129 7281
723 3608
4054 4470
9528 1232
5123 6970
5309 3060
8067 327
7576 6366
3762 7812
7058 9168
4474 5210
4179 1319
5944 2550
8054 8455
8386 1233
4549 9929
7176 6367
9331 6888
7275 9105
9736 5945
9233 3563
7521 8387
2022 6556
188 4897
9491 998
4327 7935
3724 675
4490 7575
2525 5766
7138 3973
4848 1451
7617 4729
6595 1433
8978 8664
9084 3177
3413 3611
8832 858
4105 5536
101 9445
7317 3182
642 3657
1635 7589
105 2012
6505 5971
7727 5565
830 5232
7498 1862
3525 2234
7467 9622
5147 7680
8944 7221
4343 1198
158 3118
9260 9907
4228 6312
5494 6353
4888 9798
5682 5510
6818 1154
8995 7930
6767 1329
307 4410
7504 2982
3643 3101
5280 8747
6033 8606
9414 9523
1146 44
9218 4185
6586 401
8563 8226
9659 9840
1941 885
3006 8472
2316 5428
4809 6156
1233 324
5720 6494
1349 2288
3561 6754
817 2084
6363 9965
1392 5264
6288 643
2167 725
1395 9413
2212 1484
4418 407
8641 4926
4462 4723
7835 4243
1059 8018
3006 7592
5661 1381
2823 5968
9542 3127
1707 1015
3979 2058
2012 7240
8585 8207
4604 3173
3577 1847
5174 5293
6014 9205
9299 9060
6020 5123
2668 774
6190 195
519 895
5414 1325
1618 8144
5647 5679
5727 9796
8086 1024
8209 3624
3493 6755
3136 6062
4005 2128
8906 5243
5601 9628
1291 295
9527 8989
7799 5781
5591 7233
5901 6964
210 3193
7689 4512
1400 9111
615 1672
4235 5089
6870 6607
559 1989
3704 6943
3094 7824
4687 5014
6833 9692
2514 1428
7326 4027
1971 5560
696 7101
1223 1187
2742 6604
1090 4667
8212 1904
4639 9951
3930 5004
5343 2786
7561 9399
8546 2315
2862 6392
122 5218
115 2901
6154 9145
7353 3481
7045 5501
2377 9059
349 4260
2893 7443
6033 7896
9002 1363
1060 8923
535 7277
9050 4788
8570 864
7086 5497
9187 2520
3636 2297
4341 49
4636 7696
2688 1317
7147 714
4119 8345
3306 5382
6368 6296
2550 2008
2886 3713
2404 1014
7246 3489
7644 5654
739 8
4655 4994
7952 3260
9709 8910
804 4204
8663 2859
1142 2804
3204 2769
9733 618
7846 3330
7415 3004
9047 7476
2299 38
3009 2184
2583 9802
4945 9106
180 5164
3873 1876
7887 4984
532 252
2323 8294
2828 6086
1699 9856
6564 8463
936 9447
9430 4014
573 4863
8446 6112
7270 448
7575 4013
5900 9948
1970 7167
8936 6599
8821 80
5983 7743
3452 9689
5322 4692
6781 1851
2749 7177
2482 737
3215 5208
4088 7225
3768 4630
7675 3509
7656 7458
9873 4063
3454 6261
9833 4654
8725 868
1196 9650
3351 1675
3663 3762
7742 6015
5266 7215
237 6625
7273 1780
4901 5440
295 3643
7745 2458
1999 4374
1708 4960
2883 7980
3137 4868
6610 8150
8580 4845
2066 7088
8721 2352
5947 5913
8585 3195
9196 8467
9255 5771
9286 8025
4541 1125
9613 1482
6956 7100
7167 8360
5726 7690
8012 493
5751 7477
8310 1579
7633 3928
8573 8445
7625 4902
8884 3908
5680 5645
8489 1841
506 727
448 8887
6961 7659
1722 3206
758 9827
6088 5693
4967 6152
487 1098
5181 1575
2772 2312
8937 9662
5246 6342
7129 4341
7364 1437
2569 4718
7057 3743
8780 9616
3775 377
376 4745
1603 6719
7914 1108
6123 7048
5372 9703
1095 6526
5382 6161
6546 9624
9745 5768
361 8645
4368 697
5839 4248
6515 3685
8782 141
2694 3409
1478 7053
9643 7394
6570 6302
4736 5123
7760 4155
2741 9640
6194 1841
9343 1044
4642 7068
8073 8238
4490 157
4214 7314
6316 6332
3117 634
8194 8801
6719 8145
1151 140
9234 8845
2841 7306
6740 8788
7724 1814
3629 6775
5435 8633
9272 5464
5069 4357
6374 7715
2047 3905
8785 8259
1525 8738
18 2302
3078 290
3189 3662
4604 6523
6784 442
3422 8265
9673 1583
9886 7175
3884 77
4042 867
5318 9420
2212 8243
8704 7157
6028 6894
2778 4927
9629 9972
534 7869
4718 6248
5546 9805
7633 2419
3685 1084
2223 2703
9155 6769
9059 5731
5357 6164
9243 3384
5026 4488
8929 3210
2554 3950
9015 9409
6682 6860
4470 9623
9442 5036
4038 1053
7788 378
656 1503
7158 7059
9365 782
3238 8694
3587 5778
9254 1322
7093 201
8991 6106
6905 9660
3439 985
444 9723
6949 9514
9909 5527
9191 6379
4573 5482
7557 70
6014 6516
4049 8398
1822 5707
4269 2754
8 1189
7507 1325
6716 6042
3518 1692
8436 3290
3862 776
5589 8982
4845 1801
8822 2639
9590 3518
3024 8493
2112 1242
7934 5131
3848 7081
1905 3126
325 4716
4554 8922
9582 5435
585 7735
8458 470
6731 9311
4294 359
3340 4147
1710 9715
3233 2736
398 358
8257 8585
234 2756
9094 2544
3840 8233
8205 8216
8337 6649
6688 6827
2882 4948
985 4151
6228 5152
6086 1365
584 3771
9942 150
1496 46
8917 2950
1380 4120
7302 6838
3172 9672
8793 1109
1704 5947
7504 2489
5642 6518
9220 5362
8499 565
4519 7891
9364 8246
9372 6933
3867 744
7368 1414
1496 8360
1531 1084
8095 1965
241 8312
895 1759
5702 8673
9298 9862
8728 4323
837 6884
37 197
14 8785
6299 8556
3933 7979
1627 4910
6149 2181
7593 943
3580 2875
4718 188
4938 8810
2407 341
5083 4722
8353 8244
4035 7199
2356 8340
4202 6940
7777 7679
6675 8160
645 8487
5823 9851
7714 7499
3835 666
2896 8910
6315 323
6206 2514
8891 8041
6902 9314
2102 4621
750 242
399 5934
9305 1592
604 3515
752 4571
6804 6331
9819 9061
5989 6219
6445 7940
3425 1736
7740 9671
1041 26
7591 9482
2012 3897
2424 986
8726 105
8775 455
9089 2391
8862 6364
990 1247
5533 6072
906 9503
9730 7050
2342 3107
1307 451
3510 690
2197 7359
2410 9171
4591 1153
3926 5644
4088 5544
2694 3892
5760 3416
2982 4773
361 7953
7558 5352
2978 3874
8332 3740
10000 3518
9560 7670
1049 1001
3031 7087
2492 9161
6558 5608
1637 9616
9888 6258
9532 1123
3330 9606
3419 6706
2612 7541
1879 8824
5755 7522
8976 8808
3460 4223
295 6414
1428 8656
2332 5905
4179 891
6468 4644
2152 3856
385 3308
4613 4110
8479 6844
1346 3070
4200 1187
4945 4996
4205 5746
6204 1045
4531 4144
7018 5581
7736 7497
4647 4387
9246 8121
6566 1623
459 3171
9843 8351
7763 8015
4007 5312
8457 3183
886 1397
7163 9112
9668 2340
3411 1709
2218 8277
3598 9483
4380 5253
8978 8154
404 6540
6330 276
24 9122
3544 6609
4614 5029
5115 2718
9626 6068
6136 4222
5120 3565
121 1823
9121 6008
5758 1622
1302 6357
3266 1809
2583 1573
7754 6931
2965 4266
5580 3521
3707 2318
4572 5817
3860 4820
399 3762
6257 9190
9434 7502
7848 9210
4050 5576
7090 4922
7239 8377
9604 6385
967 238
8365 9271
4388 8583
7262 6350
461 3977
1370 9771
1362 3956
5699 4664
2030 8918
7757 1363
7552 7231
6270 6242
5196 4809
2318 9486
3731 5288
9594 4428
9127 5265
4761 8252
1914 5513
3970 5419
1221 4214
1057 6850
5018 9315
6435 425
4222 7702
4094 249
7287 6466
1605 5067
5629 9540
5534 120
5753 6474
9167 2558
2252 6562
7297 3915
1771 5442
5359 7739
7231 9707
8296 2144
6303 8556
9570 4703
7336 2308
9745 660
4599 7912
2144 9246
8711 3641
1031 9066
7616 8528
3232 3559
1613 2516
2120 7446
654 496
1263 1902
2913 9362
3461 6417
991 7423
7278 8148
5187 8544
4098 6846
6656 5827
2802 7889
8689 8391
1225 0
2329 1789
1615 9909
8302 6214
9544 1270
491 388
9784 8238
7274 615
7644 9367
1871 9149
8850 3694
481 452
1262 5873
6288 1229
9996 3752
324 9923
3182 27
5136 3083
5015 4331
3649 8616
6094 4270
5376 2852
8516 938
9383 521
8018 2679
5312 593
6686 3428
8391 645
9409 8164
2651 6693
4049 6872
5964 2069
9749 114
805 2921
1320 4332
1859 6384
755 9619
110 838
8802 7160
8665 4404
3951 6416
2181 1621
3727 6591
1966 1260
708 7900
6206 4186
2751 1464
3874 7229
1875 7924
1719 4035
2918 4861
749 438
6330 5616
607 8358
1513 2673
3406 529
5923 8365
1750 3462
4122 9124
1474 2557
5161 454
9347 597
1902 7629
4307 5597
7083 7492
1073 8981
5493 7448
3361 7471
3139 5638
1570 7123
8973 504
5817 5375
3140 939
4684 5811
8807 4417
720 5951
1015 6453
4629 9224
2846 7140
3469 5241
8109 9213
3731 5196
9532 7888
8835 6247
6355 7396
4485 5294
9988 1872
2619 4475
3257 5049
5405 4957
1085 3608
2113 7311
1845 5150
4216 8471
1496 2398
1556 5
8236 5294
5632 9762
373 9881
3541 913
3482 6155
892 3325
7788 1718
3595 6736
6088 9114
997 9147
6152 7420
746 6750
7580 817
437 2827
4274 7497
4934 7434
9909 8401
2476 4716
3939 7667
7235 7520
9313 751
3614 571
9095 6422
8516 4251
7403 9785
6858 5163
9301 151
4809 9675
5087 9094
831 8394
4864 9640
7518 3883
4966 3766
195 488
2716 1436
6096 7790
2196 6085
6656 2063
5673 8165
7926 3348
2182 5360
1669 1358
8689 2013
4375 3182
1222 6565
2915 5059
5698 8130
819 3793
5536 6822
8956 4656
3412 5861
1718 1804
9871 9272
9035 3623
5440 7590
8296 6231
4401 7478
3608 6380
1788 7272
6872 9827
1689 3489
7267 9449
6892 3550
4155 6249
7702 3407
5563 5987
4819 7059
1726 1056
7981 8477
7228 2119
3470 2391
5344 5538
6880 4965
5657 2914
8126 1719
3587 1107
5116 1893
4635 6013
8 4315
4209 7993
5177 4340
2255 8160
7542 1704
157 6264
8 2173
2393 2970
3584 370
4526 7989
1928 8836
9287 7485
310 1574
9934 9598
4307 2875
7829 1936
9161 8091
4211 2555
1407 7175
2187 7408
9262 2077
3260 117
6128 2049
2567 3831
3702 4992
1144 8521
8142 4308
8358 7890
5834 6380
1457 9715
4803 83
5068 9989
5595 5851
6479 9338
6896 9606
1177 8575
3574 7165
2082 5386
6381 2607
8797 3170
7161 8916
7922 3277
7444 8407
8484 3196
3011 3466
1686 6435
6745 2141
3134 1721
1943 2776
6372 7761
3990 3933
8895 5284
5416 884
5338 3349
6085 2753
7635 2861
4708 1792
6438 8979
3831 356
6781 1958
6748 5183
7089 5788
5665 9767
2750 5679
3603 2501
4921 6630
6674 4831
4840 2029
7475 6013
315 4709
5713 486
1559 642
5527 5404
7312 6288
103 5345
2022 9152
1519 7193
1624 633
1570 3041
4976 7127
1290 7570
2588 6249
6542 1700
1657 1932
7276 2377
1528 1384
5975 9624
6951 419
5844 9420
4399 1351
9097 7806
8128 6154
5671 4222
5587 9077
9096 4320
5354 447
8579 9836
8391 8798
3078 4194
7432 2000
4246 4057
6609 5099
7896 2065
841 3931
5015 5820
2983 3890
9721 6683
9771 6218
144 3784
3043 8105
2008 6064
655 8826
7643 7599
1544 9101
3179 7276
6583 9327
1784 6325
4659 7583
1517 3005
9400 8290
8394 5368
6330 431
7241 5965
3734 3000
8849 4096
7776 5181
2318 9375
6878 1921
2339 1408
3788 3545
2223 7785
6382 2113
1844 2837
6876 9654
8792 9283
7081 9896
4137 4286
4181 8807
14 1801
335 9467
1051 3899
1108 1933
4724 752
2849 1641
7271 1647
749 5230
7427 7853
2548 7569
9394 1153
2342 8210
5757 9479
5258 1504
4599 5218
437 3481
8426 8282
6762 569
4757 6179
4086 7338
3392 2714
7425 3601
370 3445
1672 6568
2967 6224
4805 4215
1415 740
1220 3678
3913 6154
1762 3776
848 7552
4368 262
2961 8043
2161 8484
7968 3256
2985 3217
4050 876
5606 1227
4230 2621
270 4636
3868 8286
7827 6565
1008 9748
1231 7339
228 380
77 6071
3529 7729
7212 493
9131 8298
8501 6457
1784 5968
1020 8613
2684 7513
9053 8955
7018 2533
3615 7799
1467 6450
7026 5692
9999 5277
7431 5980
2234 666
5601 9681
3765 1312
7439 1982
9811 7965
1278 4253
123 4822
4660 8747
8218 1746
8487 7148
1992 2385
5938 8158
3416 5917
5581 695
5747 9707
7409 6543
822 5517
1 5790
2769 1073
4106 7503
1899 9735
2191 525
9995 657
7727 4770
3531 5500
6314 5542
8838 740
225 6377
7980 7214
9388 5029
6905 1823
9051 9476
1557 2649
4584 4481
3387 6540
1624 3510
6172 778
2067 1747
844 9044
5431 3176
1778 2415
7041 4917
7284 6622
8086 5413
6399 1321
7877 911
536 5080
3604 1769
7087 3502
7341 1832
3004 1015
5589 4747
6157 3901
2436 9501
6111 3767
153 7994
3898 8098
2601 7602
6369 1024
8096 544
9037 5712
7443 7427
9743 6779
2457 8858
1198 6515
5175 8459
5746 9021
3043 8858
9594 2067
9769 8465
6251 4370
6781 5978
3027 1058
277 508
2450 8311
7905 3708
6467 9743
4031 735
14 7997
8953 9680
5874 3198
4230 1918
9530 7289
7608 7176
4350 7026
6467 8637
5296 7181
930 1363
7529 6846
3326 5434
2591 1504
1531 6431
9083 3566
9511 3809
5473 6246
2401 6127
1458 3873
9688 2869
5801 6841
1195 8442
7831 6264
4831 1843
333 5021
3183 4926
1940 467
6626 5826
8451 6461
8140 8927
2862 9861
3861 1980
5537 150
928 6666
2824 8981
6204 2438
6866 921
1791 5808
350 3905
2732 8161
1893 5961
4880 2974
1741 8745
4973 8056
3844 3761
1631 3771
9714 5243
6772 8082
759 6030
4086 218
749 1819
8484 1756
4642 7290
6047 3414
3486 5860
1813 7029
2775 3466
4113 9278
2964 6012
7609 2265
130 6914
2973 9502
8763 7930
4576 8141
4672 8880
8704 587
8752 7041
9196 4376
1558 6010
7685 6428
8267 5384
9257 2703
746 7524
3427 5150
360 9061
8590 6674
8587 2746
7692 1367
986 3671
5860 9427
852 4648
8039 4632
6351 2414
9660 4630
3509 4429
4069 9964
6375 9845
6735 2697
9350 2787
2304 6873
750 3625
4742 3421
757 4553
8610 1643
6585 3099
8375 2756
2210 483
3682 6516
3827 5904
7491 9408
6924 6115
9787 7915
1428 8330
2005 3313
685 7397
9790 4875
9618 1302
2811 1096
7650 5394
1645 4260
9301 4803
4602 5479
765 2898
4463 5832
2905 9669
4096 3564
6476 6198
5258 8143
1983 9566
5001 8811
3715 9245
110 6744
5474 6937
1228 414
9548 712
3579 9597
5139 4848
3351 448
4082 4023
3560 3192
9732 8674
7184 732
2181 3426
442 4357
6032 5743
7254 3469
2708 2098
3157 7772
7723 5367
5881 5223
2646 9594
6416 3265
6017 4954
3898 1659
1975 7334
4470 5765
7082 4953
450 4572
5563 3880
1045 6492
3993 5898
8000 1332
242 6257
7773 392
157 2921
1397 1344
1143 4167
4873 9320
4889 2732
915 879
4044 3212
745 2458
7547 8431
5042 1797
4054 2509
7552 1071
3133 9357
3845 9785
1692 5464
4028 6248
5628 3062
1242 2647
1766 938
2446 3009
9032 6598
4485 1053
1983 9868
1801 6298
847 6305
3448 6568
1730 7818
603 3110
5840 7509
8454 4905
4736 2405
5578 1298
40 5013
7503 1243
679 9163
2309 1628
3451 3432
6665 8359
8885 7045
7935 9801
9913 967
2690 7907
8757 7511
5394 2462
9980 3249
1829 2219
5288 5234
4867 7084
8247 398
628 962
4429 4103
7365 6755
200 2539
2299 6367
4235 6690
8034 365
6620 3619
3576 651
9398 9334
8903 5406
6017 7320
5722 9333
3029 938
8620 1435
2489 6989
9989 3764
6865 9941
7518 3816
7674 4186
4040 5203
740 2858
4385 6408
2775 3157
8836 854
8847 2489
9709 4360
8713 9512
5544 9182
8197 4136
9351 8288
3695 2844
8540 5745
54 62
9942 2670
8209 7615
4787 3706
7590 6577
3349 8556
3323 673
6528 9726
182 8008
2330 7299
855 9370
4018 2742
295 4457
8977 8968
9390 7385
8012 7863
8171 341
6283 5732
3188 2548
3531 1196
5316 4657
5411 2355
6834 5266
2482 4767
4564 8253
9207 6804
680 3593
8172 7202
3724 6519
9561 8217
401 6514
8213 9223
4244 2523
6420 9740
631 3313
8903 3226
1924 7228
2846 2675
9334 1171
6316 2155
5005 6622
9445 1649
3847 7478
2253 9641
4364 3214
4496 2653
56 8035
5319 3704
5305 5626
3909 4700
5227 1767
9704 6831
9623 9463
9616 41
1306 5090
6885 2703
6637 6211
9610 3681
2924 1243
8358 5122
8006 2147
4108 3941
4792 2553
682 7250
8892 1943
4095 7391
3992 1551
3585 1838
3004 6316
3755 8369
1669 8022
7766 8161
6497 4842
6388 7823
4093 9804
6939 3371
4124 8728
4146 1543
5077 7142
8459 4374
1112 1621
4672 4452
6583 6337
4975 8836
9733 5411
8206 1016
3804 963
9904 8292
908 8663
100 5944
8706 4063
8030 1033
500 1698
8339 4217
9378 8135
7581 7822
8590 6345
2003 6967
6941 8805
8318 7686
1034 2710
4522 8550
1979 5566
424 4456
1326 1805
2089 4629
1254 8869
5810 5485
9763 6215
6717 4645
9098 2254
7750 1789
936 2904
7785 2971
3600 3151
4239 3766
7044 13
1041 8273
9166 5093
7679 2644
2777 3358
4534 9258
1427 9275
6449 3867
7851 4350
680 8306
840 5069
4780 5855
4049 1938
9114 4771
2126 6583
6653 8561
206 5117
1114 934
8270 264
5890 8389
5352 5460
288 3567
419 8365
8917 5718
5382 5342
3293 5493
5303 9115
1215 6175
7653 9520
4543 9776
6462 5860
5094 694
2963 3266
1007 9715
664 5058
1067 7194
3458 6681
7342 819
9137 762
3116 2846
6301 4897
7110 5543
605 7939
8809 6274
4716 6562
7212 5785
9779 5942
6020 5660
6605 9770
6129 5371
5492 1034
5491 9386
826 9810
9887 1354
8335 7764
1271 7747
8766 8699
8128 9149
4174 3177
1840 6894
2443 2716
1560 732
4741 6297
6477 8098
6877 4234
5444 169
4753 8250
9784 2476
3583 4861
9616 2885
1740 686
4573 7054
8208 4149
3864 9989
8388 6672
2120 341
138 6077
5064 4239
2080 2468
70 4703
9963 5898
1838 6383
3821 6363
8209 1328
193 3590
5364 472
9158 4140
178 1649
727 7642
115 9113
3021 8269
3597 9736
4323 6961
5551 6031
818 4432
6363 4191
9260 1695
3683 6619
5419 9000
788 8358
3419 4673
7756 7574
5659 4108
1480 9347
4247 3438
6134 8075
3756 8068
6647 9021
6642 5576
9599 3260
614 1647
7610 7830
5467 4212
8884 1746
6604 9077
9904 7341
8512 1668
3994 9135
6247 997
4498 4038
130 8262
3262 2112
4161 9784
1257 4201
3700 2968
937 2182
2929 8240
359 7401
8467 1385
9025 3293
6418 5481
7550 2100
7523 6759
4115 8106
1785 6821
8042 5736
6040 6747
6994 77
3296 4278
9155 8750
601 9986
9837 7453
2701 1770
7415 2657
7878 3550
620 9047
5985 5698
4729 8703
4769 6274
774 298
1859 8721
4883 3169
5293 629
4109 8357
62 5455
8307 5534
2005 9689
5940 9701
4791 927
7119 2146
3481 5368
9449 6415
5387 3294
5628 7003
9560 7013
5767 660
3466 5233
5686 2521
9688 3851
1475 1636
1019 4738
3614 1257
6555 9387
2170 3973
7943 7730
288 9467
3065 2951
9671 4903
5862 5918
1837 3248
1365 5253
9483 2094
773 4482
6160 6855
7304 8873
7462 3853
6374 2056
2598 8508
2292 110
1889 1000
9583 251
6587 6935
3730 4041
6346 8953
3763 5029
6879 6256
5366 5594
7333 7202
9954 7639
6049 6129
3350 3518
823 9471
2650 5003
5739 8742
3250 1190
2162 992
6008 2855
1973 4086
7007 2325
607 4559
4458 4593
9255 2487
6603 41
6394 8230
7921 4030
7323 8200
4951 8408
6549 5914
7118 676
1396 982
8788 5980
5699 4515
2005 1719
8863 3486
2967 7303
4644 3826
6165 9963
6902 4097
9061 7273
7371 1492
7356 4143
1276 9980
4986 140
3124 9342
1834 5079
8837 3428
1805 469
2251 3225
2492 8084
9987 9697
1605 4901
876 863
136 3920
5703 9927
4747 9994
467 7705
249 7447
2412 6567
2378 9853
7435 4452
2880 9757
8344 672
1392 8980
9096 8238
6811 1153
127 1006
3814 5473
5403 1146
376 1573
179 8657
3529 8448
2209 2523
2192 5004
1458 8671
2354 7334
1377 1228
8006 5257
7109 5756
5713 8077
4996 4993
422 3172
2320 8364
1812 8063
8657 5158
3901 150
2161 4843
4076 8362
1509 924
9360 8253
6326 3238
4296 9003
2365 4175
6413 1120
6020 5657
6491 4533
862 7014
7744 9700
951 1295
9624 5704
9388 9680
5949 4218
7693 9635
1510 9530
2526 4797
8318 2166
6359 548
2116 6577
5441 9871
6099 4275
7165 325
9898 3726
2021 6788
591 1124
6576 5135
9908 8430
4525 8780
8747 9525
542 5684
7735 5711
6987 909
8507 9881
9396 432
3474 6092
4478 6331
6291 6946
2757 8413
149 2665
9046 9755
9916 2651
5143 136
7050 543
4528 7191
2667 4321
4385 3123
1864 6878
1177 447
8721 31
4584 4962
7927 2792
1594 3131
2776 6190
4406 3927
1093 3015
5896 6299
5145 7745
7162 6111
6292 9045
5832 6773
1193 9489
5730 8914
7212 7091
5911 277
4929 2283
7117 4659
397 1291
5312 3500
9537 8100
3227 7109
8006 469
4145 4623
8037 7136
3165 7254
889 729
2753 9981
5057 8474
9240 8530
6820 3325
1145 6697
6156 9697
6363 8190
1637 8750
3414 6281
3590 7760
471 9444
731 1782
9171 8545
6859 7602
776 675
1479 6997
7000 1505
5055 5662
738 6568
7723 7170
4497 9096
712 950
4726 3691
468 8378
9524 7053
2800 5980
1431 8993
757 6470
4627 7048
2495 3926
235 7254
7592 168
2270 5572
2560 1601
2989 490
3614 9596
2745 7366
7156 6979
6726 7231
5055 4632
9954 3067
6022 7246
1490 9944
590 6618
3335 9232
5991 4044
9426 351
8703 5976
5451 8377
6998 779
8007 767
7861 4705
4226 9519
2092 906
5102 8467
7232 2208
870 9355
1921 190
3332 7344
2675 3095
572 665
771 8815
4916 687
814 6980
6802 2546
2678 854
2347 8621
8441 6433
4709 734
2244 2413
252 5355
5944 6217
499 313
6674 9624
296 8980
9954 5460
9519 4774
474 8884
5938 6187
2480 8070
8536 99
8277 8527
8032 9816
6798 6821
8020 6588
639 100
5656 7869
201 2330
8533 6180
2690 7608
312 7973
9499 7953
2660 2689
5941 68
6552 5940
57 7128
879 6253
3276 5667
3081 4309
3967 8550
8831 2512
2366 2848
9806 99
1353 9035
8575 3861
1068 7737
5028 4949
9139 4075
4511 4545
5630 4902
7508 1373
8897 1040
8746 7436
1940 4483
9837 425
9353 179
2189 2428
3820 1221
4890 9465
1409 6400
8724 96
6458 9675
4157 571
8448 1684
461 7612
8531 3704
2100 4406
2454 3754
7636 8375
5155 9467
4119 6039
5786 6916
4278 2706
1229 9406
8885 3342
4953 2468
7789 1708
7925 4332
8657 961
2495 3321
399 7335
3301 6447
7300 2094
4158 3466
1699 6249
6884 4680
4643 5159
6343 2740
9325 2701
2177 1134
1557 602
1441 3738
7573 9329
6431 1746
3538 1207
7269 4601
9111 6238
8786 5515
764 8574
5484 4013
7241 2875
7424 9767
2407 9625
3728 695
7384 9034
3728 7596
6381 1487
9384 6443
7726 8442
4864 5891
5922 9745
694 9012
3187 2317
3134 887
8513 2074
4909 6607
9266 7351
277 1732
4358 6285
2287 3056
6565 5726
1347 7018
412 6052
3846 8629
3145 8359
9763 9840
7486 9133
9754 2631
7850 4060
8952 1690
6748 1392
316 8550
3580 6601
9551 5323
6714 8639
2820 7046
7999 9863
6766 6307
77 145
5488 377
7119 8302
9626 5512
3569 3969
4023 2426
3033 3380
7246 1750
1355 4147
8930 6938
7260 36
9001 6888
3580 167
1288 536
9051 7204
8127 4763
7336 2521
6487 2435
6329 343
582 486
4048 8083
6516 5544
3327 7978
5277 9163
8713 7575
1416 5283
4241 1601
9026 2193
2140 9208
4845 8796
8694 5100
2156 4349
3624 4766
3300 7616
4049 9890
857 4807
6450 9391
197 3167
8902 6021
8698 7450
9302 8407
3212 4955
1321 7061
770 3033
8789 3701
8345 3020
6433 9213
951 9893
3266 1916
828 1161
9632 2077
3787 6547
5037 7629
9850 4517
3939 4749
7352 7008
4796 5458
8201 5421
8942 672
8251 958
683 6980
2598 6854
2623 5322
7715 6444
1186 6520
5132 8986
163 9498
578 8625
1039 4080
6068 6290
1976 5206
2276 6388
5367 4124
2520 3787
9077 9443
4380 4019
6355 6418
1473 9994
9824 596
9333 2015
2133 8561
2640 1024
8109 3663
3996 1066
9490 6479
1816 6268
9700 8490
6982 1584
9612 2976
234 2852
6816 4126
1927 6131
8148 7075
9533 9332
9880 4265
4657 3471
1349 6912
3827 8969
7874 3830
630 5901
1837 6238
9493 8494
5688 1318
2432 5616
8819 2093
6075 8604
8023 3950
8177 592
9703 2169
2290 4462
9482 8663
3034 4649
4736 6598
3441 8860
2785 8327
5680 533
9133 8970
9505 182
8994 7846
2463 8278
9658 4147
8656 5564
6030 809
5551 8890
7729 7581
6040 1475
2203 2644
9373 8641
699 8308
756 6239
3465 5805
2336 4751
2525 889
9337 4158
2042 8456
5850 8291
8720 5414
6922 3928
2317 3221
486 7462
9621 8106
8860 2088
1621 6590
1165 9898
8463 5826
5935 7874
4830 1258
8839 537
9429 8151
9305 9841
1866 4822
6054 5821
2936 8364
7116 2869
8253 5696
9642 6558
5860 2684
7198 3523
6531 877
6153 3374
5468 2127
5067 3022
4454 4653
5699 10000
5507 9291
9620 758
3867 9068
8474 9988
4385 9336
3085 6496
9808 3477
4217 2199
8050 1393
1674 7780
7587 680
3695 693
9119 4520
8081 4981
4429 7314
2578 5061
5752 5635
8825 6036
3539 6395
642 9285
9954 1232
8223 1827
7476 2802
2735 1483
625 466
7819 2122
7519 7317
6902 4851
2294 641
2434 5560
5442 6356
4116 4745
9689 7893
3872 385
6977 2500
3180 4576
2940 3779
6311 61
1149 4069
7289 1861
5849 5184
2358 8534
2671 7294
8752 4798
423 8060
3435 7349
7386 4488
4325 749
6613 7337
6575 9877
7329 2516
7653 5558
5527 4039
9926 5531
5378 8737
7774 1864
7882 6563
7040 1146
2000 7547
7515 2008
3681 1608
8115 8214
3147 6416
1401 5047
6188 6846
8992 8875
6961 200
5338 2229
9657 5348
8979 8604
9575 4051
3999 1683
1011 9826
2811 8488
5098 6749
1576 5315
8394 8525
5828 5599
185 5054
6593 3982
3343 931
8450 2537
8341 1336
8893 4387
6484 8963
7893 1760
206 7363
3521 2340
3164 1444
8654 8992
6958 8475
41 1531
5716 569
6784 8456
8584 8790
2675 7236
5738 899
5084 227
3287 8602
4675 6102
5468 4815
4029 2623
849 4465
9230 6931
7050 5951
6375 9824
7621 1119
2064 9172
3896 5715
9196 7636
5707 7767
1727 5687
1996 7907
6184 7811
8925 2479
5049 9090
7986 1956
4102 8048
4506 7163
5250 7114
1110 2097
4165 5914
4372 9636
969 377
9596 1452
8874 5884
1846 6562
9113 8688
7007 9845
1058 4812
2575 2022
5787 9207
3036 888
7945 3154
9316 9686
1944 3949
5454 4352
2590 7680
2929 392
426 5503
1375 7315
9763 383
476 6354
7149 2992
7316 6651
1906 2046
3799 2783
8485 7272
1139 3643
5153 310
2964 3133
7820 5017
1025 9137
878 1451
2305 494
7463 8869
7648 2563
5062 5664
2430 294
2744 9603
657 8182
641 7522
5727 6857
2799 248
2583 8249
1214 5073
2072 5995
5156 1935
3549 2392
9343 3467
732 9805
27 5953
5555 2644
2345 996
9350 6093
6236 2893
9709 8048
6375 3489
1265 5231
6450 183
961 1650
1037 7869
1260 9371
7378 8319
8055 5522
1700 1846
9821 416
332 5501
3402 7993
4923 6985
4800 3108
1898 5056
154 18
3042 5583
6209 3291
4206 5094
4008 8687
3565 2798
202 768
1068 652
2671 6979
5424 8316
7730 3876
642 5807
9600 8229
4260 676
4380 3696
228 7135
8314 6917
8438 12
4170 9962
5163 7818
9300 3925
3257 789
5570 1536
5661 7717
6678 787
354 491
897 2176
4871 2030
3038 7687
4421 9693
6844 5681
9779 9327
7338 965
3213 6968
5223 5920
5618 1745
8038 6219
6405 7444
4966 7898
977 6787
6370 8917
4092 379
4194 5187
792 128
3157 8057
4197 2046
3649 1189
3418 526
3644 6669
5638 6874
3909 880
8324 9434
2536 7193
301 3558
2909 3301
8818 5417
5853 1819
4300 3656
6546 1077
3148 7621
3443 1331
586 9396
4501 8133
9000 1285
1945 7000
7299 8853
7046 7244
5147 3432
8026 7474
8839 5379
1115 4909
6016 5598
1228 8336
3810 1186
3170 9596
229 1842
7541 5962
2086 5543
3110 1154
7100 2339
6350 6096
364 1380
9890 2540
3789 5226
8508 7563
1754 2316
9123 5821
8713 3035
8742 2274
3836 2750
3738 1524
6695 9
1168 5506
2543 3061
6771 1738
1556 2703
9346 86
2962 4987
1466 7652
5374 4180
9452 7265
4067 6530
5368 8515
7795 1258
7348 9768
9425 2774
244 8443
6103 6146
8883 3260
6124 888
4938 6394
3927 4242
175 3551
462 7521
3675 9098
8565 9527
3512 5970
6768 6327
181 3994
1532 2118
4828 5569
1257 9495
387 6002
338 5788
5621 7731
184 1726
6215 3669
2652 6823
6776 6907
4895 2274
1722 8396
7406 7740
4969 4612
8208 5032
9506 611
6950 4116
8177 8089
4722 6268
6251 4820
2781 2218
724 6879
9562 6301
7756 4331
9326 5069
9321 4608
5447 4619
6764 4719
9356 9625
4563 4532
3011 5048
9030 1324
4931 9606
3413 5773
3766 1752
1901 1782
1152 760
2002 8131
343 5342
358 9495
5991 5285
470 2672
9640 7256
4626 5019
648 1546
1991 670
1438 2366
7603 7080
9988 4306
8295 710
4848 5816
6491 1543
5482 4740
775 8517
4884 296
3085 2171
5371 2920
2254 5374
7800 3624
458 4109
8342 64
9760 1204
796 945
5648 1641
6991 2030
5449 7233
1050 9144
6694 7848
5778 697
7837 4154
749 9457
1137 4982
5914 2023
8524 5862
4750 8520
8014 7355
7637 7501
4905 8811
7005 7955
8189 3014
9444 653
8073 1048
4579 9077
349 6745
9133 3394
1739 4599
8086 6607
6008 910
5399 8447
1581 5526
5281 9460
3817 6243
8640 8992
6141 3117
2306 1738
7578 2928
2137 5449
796 7637
814 568
8047 931
7305 7453
4487 337
8928 7355
665 9819
5115 2987
8810 6065
5607 8006
1550 3803
2937 9008
2587 2805
7813 9873
1390 7909
9628 86
1939 4057
2552 2170
474 1494
7072 9247
2828 9053
7751 6687
2777 5832
1972 6690
9598 5656
3958 9862
658 1156
9647 6634
3191 2770
6531 5384
713 7976
3638 8808
4565 1479
8365 2952
2102 3520
5278 4867
2681 5091
4321 5
9216 4043
2047 6523
5705 9275
3678 3011
6497 7934
8500 473
5528 5611
4149 4718
8811 8227
7017 6506
9767 6076
3020 1443
4239 1380
3833 3644
9228 8268
4475 3063
1079 7843
4026 8555
7452 912
8105 1779
8788 9870
1080 6354
7855 6212
3043 3358
1483 8302
4736 0
9674 5872
8168 5257
1468 5845
1801 6866
9040 965
1226 6366
8805 2897
2692 2654
1614 202
5293 1323
7944 6820
8137 4072
1098 3461
1343 112
8491 7230
4083 1045
4847 2892
5585 8614
4683 9588
4981 2780
9905 1313
4578 7216
7764 1392
3836 8149
541 6625
595 462
6490 1623
5642 2628
2977 4182
8875 609
1130 7176
6093 9179
8359 2107
9071 5140
5883 8004
3121 962
534 1487
5393 3265
7018 5123
5979 4990
273 7724
3139 3079
9215 9550
3602 9655
6743 450
4247 7330
7872 4909
2269 861
418 4842
6133 5531
8235 4433
9983 6852
8030 5686
4225 593
8751 6938
2418 6528
9165 7226
101 5435
9949 5292
5372 5980
6371 8378
2357 979
982 1675
4871 2760
9173 2236
6080 4891
5528 7371
3923 194
26 6054
9062 5257
5070 592
9115 8448
5372 5123
7392 4323
8380 5126
3946 1105
4688 3172
1089 2619
1 9260
9401 8129
8738 9657
3057 7990
6830 9523
1667 1768
9625 2559
9685 2129
6878 5211
320 8055
7947 4967
1553 8130
1522 8739
4864 8702
8606 3706
7250 3122
8279 2163
5242 8582
2676 4269
3653 41
777 2888
7980 3371
3037 9818
1400 9858
6753 3741
9173 2618
2668 8386
9553 1398
4468 1276
3277 5181
2253 1889
8828 4140
6046 4802
1756 9402
7006 4145
6386 2187
9733 2340
1710 2066
3209 6463
2495 774
296 5404
123 7410
5484 5335
7983 1169
2478 9443
6958 6154
9000 4602
7123 82
5173 4700
7549 1455
1483 2757
2445 3966
6460 5946
4814 9278
7209 3897
1642 694
5978 9031
3319 9856
5622 1192
2277 207
6456 3598
4436 7665
3958 7969
2800 578
4449 7514
9811 132
2991 6648
7760 1586
9248 2181
9681 1968
6755 1150
7217 9875
59 8885
3433 9677
6018 1697
4301 5214
7948 4653
2391 4117
8078 4987
3048 3058
370 3561
5407 2685
3706 9353
571 4218
5752 9764
6715 9396
7466 4452
514 7150
4539 9384
2946 671
8228 3083
427 87
208 8774
8302 4196
9759 1657
5938 8539
5114 712
7274 2211
5082 4371
7205 6665
5197 3602
9519 609
3319 2783
4096 5737
3182 6115
5421 2238
5285 8487
459 7382
1867 993
412 1248
4908 953
935 3724
6561 466
7613 324
4433 4999
7313 9121
7264 1817
9962 2248
6808 3403
6763 4568
3328 7846
2114 7986
4897 9141
8315 2904
6097 4081
431 3849
3769 2225
5723 6017
3848 8441
2056 1571
2713 6902
5320 5906
1744 3527
686 8818
3872 8352
8850 4355
996 322
110 8946
1691 7526
9560 3822
489 6610
4196 2713
7161 8263
7214 8881
7066 3959
4827 5115
3958 2244
2891 9400
1588 2601
1404 3369
7079 7751
7532 3597
9975 5052
7189 6944
1121 8501
4924 1187
541 5166
3461 3689
7695 230
399 9528
3671 8885
6236 590
4140 4327
9478 3278
6861 195
9377 5500
1843 2128
6423 589
4774 3099
9916 8557
5426 8072
7636 6685
3004 1897
5180 6940
5232 976
6324 6573
797 3785
8326 2191
5705 3157
5084 4762
19 7892
2941 7236
3506 2792
8485 8153
7456 1407
9268 1253
5542 6420
8113 4712
7617 5587
9674 4092
7312 8713
6433 198
6205 274
4904 797
2066 5994
6959 1325
6600 8188
2611 8154
9843 9909
2774 7162
2927 8822
4571 2029
1595 2202
7487 122
6834 137
8014 4366
1152 4962
5421 5707
7965 6246
2429 453
5072 7495
9229 578
6823 4283
5276 5790
1590 6606
6690 8109
7276 4830
4572 6230
9203 2614
5124 2990
7350 449
327 2306
8759 4919
4584 7758
9355 8027
841 1750
3144 3444
704 6289
3193 6333
3489 9880
3019 3825
3305 6633
1556 9262
2847 423
