placement model: 1slider
width: 10
height: 10
number of points: 1000
7583 4696
7475 335
7525 1665
3925 8632
3678 7610
5859 7793
8567 4016
5502 6854
9757 5362
9252 6319
806 1067
213 407
3793 9287
8581 6394
7999 7453
180 6774
2493 8894
7339 5942
6070 8367
4525 6249
5434 2995
7888 1938
5126 356
9069 3849
168 6491
4495 2628
8392 5457
9842 3665
6392 5960
8001 1475
2816 4492
4020 7758
9714 5788
5372 3800
4910 2306
7221 1398
3898 3384
2553 4453
1835 500
8228 5012
4185 3588
8629 7392
3738 7721
6322 508
1237 422
4271 8893
4744 2630
2713 7667
7902 8904
4249 9198
2311 6360
9650 2940
5830 8174
3463 7635
5879 6565
4185 2552
9986 6577
9912 94
808 1486
4396 6414
1143 422
6903 5391
1924 1752
2464 6572
1324 293
3672 1661
962 2473
5864 4762
1458 9885
6279 2755
4278 4234
9904 6785
6607 9949
1509 3470
7482 8857
9356 1638
5859 3275
4336 728
4218 7559
6071 5055
361 2075
7722 7022
5509 6854
2362 5465
9596 2183
7438 3920
794 6243
7701 780
4591 506
7425 6312
5614 483
6695 243
4146 4246
4166 1925
9155 4198
4610 6327
976 9842
487 3470
1575 1485
5166 8948
8529 8258
5495 5794
2793 5062
3387 5961
6603 1673
5449 5188
6173 2076
2118 662
18 7701
1929 1799
367 5023
1134 706
1966 8073
2046 5966
56 4548
6568 2977
9947 8417
3327 6653
3006 6005
4338 4701
23 6637
7091 7470
5758 7700
9575 3779
1488 9759
2398 7564
2481 8784
8569 6565
3952 1752
9291 9376
8609 9012
7843 7391
3997 5343
2405 3051
181 6327
3400 1441
4194 529
1055 6387
9738 4930
3373 5093
2671 8406
2860 4724
9310 9056
4647 2394
998 6555
2217 4924
6513 8
3742 3631
7554 6299
8458 2988
8460 5535
643 1313
3738 5823
3882 5975
28 2893
3371 9979
5220 8643
2586 2883
8781 7686
2381 3881
3798 4070
499 8960
4718 3312
154 8014
732 4108
7656 6477
4430 8027
8382 6294
8915 8344
4246 7264
5743 8114
5565 515
8383 813
1929 4074
5261 774
1295 2678
134 6325
6937 3144
9270 1702
9146 7740
1953 1497
3440 1330
9989 3852
3346 4548
1516 1684
680 883
7815 9082
1851 9880
9147 1093
4774 6701
1712 9670
8807 476
41 8106
4170 3488
4405 7410
1177 5074
2535 1864
4030 9332
2513 5108
3565 2894
1423 6018
600 8759
6434 2070
2457 996
7602 6844
7309 1306
874 4229
6766 2245
3482 9365
129 2916
7905 3044
3891 1004
3023 7577
5886 3480
4232 2901
6614 4218
8690 8425
7575 6328
8538 633
9064 7837
3845 569
7844 848
9424 920
4068 6529
6523 261
7891 1712
8825 8849
7236 2360
1574 5583
6250 9081
7667 9918
6407 5413
985 2580
9083 2446
346 4488
2308 1241
2664 2559
2764 2202
8084 4037
9969 3166
1366 4808
5208 1764
8494 7831
6482 7391
84 6365
1846 2084
948 4428
3323 6429
2798 5899
8460 1228
1732 5132
9900 9339
6966 2620
7902 6111
980 2317
2326 9776
9507 518
5306 4424
3367 3231
2421 229
5629 7369
1240 1644
1607 2204
5234 746
2723 7875
6351 2133
5032 8119
6637 2189
9994 752
9515 9173
8909 4990
2872 4514
1252 3058
5984 468
7176 9653
8113 2331
3122 1314
6425 3461
6495 2035
2861 4146
2100 1632
3827 9875
7589 7657
1151 2663
1958 1523
1202 7805
1847 4894
9052 3865
180 1079
3770 4494
9932 8389
7194 445
1691 5132
9956 6392
620 4821
5928 1405
860 6725
1686 3265
911 4650
6321 6263
352 3248
6573 6916
6415 1628
3664 6910
8064 7622
8767 2094
788 8938
1238 8449
8769 9940
2434 7237
3301 2803
3066 778
9221 255
3198 8121
8191 5704
5832 3473
1572 2282
3822 1581
7946 6166
229 2751
241 2076
8714 154
6240 3196
4626 5451
9231 4753
513 4689
5744 6723
4260 5839
494 3237
8053 3999
7889 7964
9174 3902
1848 7817
7653 5490
5455 6921
757 2731
5708 9305
1039 7167
3471 7555
3372 6621
7978 9504
7569 525
3043 4040
4456 5363
3429 7397
4683 3508
529 7822
2051 45
1915 1750
5620 5540
8073 6365
7834 4474
6697 8475
2693 6133
5090 8658
5842 1280
4930 7151
136 9704
921 4432
7296 5903
744 8381
3937 3522
7397 5821
3159 5396
6622 9698
652 3568
5537 2952
8882 5182
7184 790
9593 7075
1453 7445
8726 999
1258 4005
9706 1202
1514 5252
7113 4223
4219 9136
6966 6636
1115 6779
852 8087
193 8010
9696 8552
1292 4155
6413 7280
2987 5149
5131 6604
722 4820
5231 2660
2665 9762
8145 5886
3181 2130
8830 8922
6082 2570
848 1939
8076 5121
5183 5100
6144 8151
4947 882
5615 7239
5929 3843
3499 4723
8431 7508
6995 5039
2152 7674
6257 2904
7351 9826
3111 4943
6350 3684
2306 1455
9210 8464
458 9644
7847 729
853 5686
1417 3694
8507 3462
7210 1799
5403 5839
2210 9229
4829 7025
8931 9586
765 2667
5117 6519
5394 9310
9957 1023
1742 7108
4024 6882
9768 8868
1429 2350
3946 785
8610 9984
7809 3056
911 455
1953 2901
3101 2208
8055 5211
8969 4115
5625 7960
2542 4992
5984 7111
865 4732
4180 1075
8277 7294
9625 2398
5464 4776
4154 6166
4420 8097
6122 4019
9651 6568
8428 2949
6049 2593
9968 9855
4769 9579
6259 9329
5681 5874
9772 3217
5329 649
2201 8509
3417 3915
8504 9054
8417 5081
2287 9318
1376 542
1627 806
4876 3852
7731 3214
6437 1185
624 6194
437 7456
8005 9918
7438 3415
3880 9365
4837 8570
8538 3719
3665 5185
3407 1448
2478 6865
6817 7731
2607 8071
5375 845
361 2940
4640 1422
9279 746
5885 5124
7416 330
7221 281
1835 9852
454 4959
7082 7681
4015 541
9900 3247
876 5095
5180 9202
4410 8823
1927 6842
6834 5566
8292 303
8976 2686
4353 7329
6649 9587
1615 5279
6820 3609
4180 8901
8903 6382
8728 3971
7060 9994
1014 8871
6029 4547
4939 9905
71 2250
8281 1414
6249 4817
5508 9003
6432 9712
5560 1710
7712 4568
7817 6864
72 626
4145 8698
8009 732
9022 1439
8833 8332
6197 5148
7865 9884
2043 3715
136 6449
7574 1411
1476 1194
69 5700
7945 9744
4124 2661
7954 7201
4855 8300
8585 4026
6365 1997
4259 7625
4049 6289
7600 2492
3656 4091
4378 6700
1946 8165
2023 5903
2990 2313
7838 1439
31 3051
3330 5915
7257 5338
7734 859
6138 6624
8729 4489
160 5810
7797 2180
7345 4983
7288 4037
6419 354
7350 5436
6033 4532
1299 246
8906 3731
89 4229
8115 2160
9839 7103
8952 7142
6628 9124
81 456
3406 3053
3672 5050
7974 464
661 1355
3760 8984
9939 8960
8153 2678
1154 8037
9184 1712
613 4462
8109 7265
366 3845
9949 1656
1293 8305
4433 9489
1515 7363
85 1593
4169 2955
8716 9790
7589 3242
1657 8715
9922 6861
8481 3840
2907 5789
5994 6166
1028 8874
3226 3379
9072 2741
3544 3849
4797 11
5474 1422
6034 8532
9414 9514
6095 455
4619 1818
9216 4352
1926 1250
3273 495
12 3061
3730 6829
8973 9648
9502 6951
1415 2089
9461 7765
7305 1480
3825 7027
5354 7255
5348 6161
2606 2204
4816 6163
1751 6316
6516 8224
6493 5092
2419 2483
6833 7652
8490 1766
5400 9668
4469 3817
8032 3663
6082 732
6642 697
5807 5998
5004 6232
6403 5510
1525 2412
9610 1230
498 3310
78 7669
8858 9821
9451 8479
3452 4497
2393 5455
2726 151
1523 2798
513 846
279 6847
5768 1849
4559 8401
7711 6908
9851 9770
7556 8725
4482 178
6694 4645
9260 5496
9040 1554
1265 3940
1022 3087
8151 1623
2696 5274
9685 3373
7610 1814
4544 9202
7632 946
5888 732
7931 1338
9083 1235
7320 7332
3759 1525
9034 6751
3275 544
1878 1407
3791 7866
1941 9961
349 6906
5210 2375
7316 3626
6299 6885
8074 6866
5820 9495
837 6082
7347 2546
5043 1160
3046 5663
9744 7431
5546 6946
8211 8389
797 8363
1625 2038
5564 1907
7716 2398
5381 3044
1176 621
3811 8440
9322 9181
2335 7928
1560 6407
8551 3942
7178 4446
6593 7632
3974 8630
3171 9600
1120 6524
4811 6397
9186 5798
1423 2606
8394 591
6529 4474
169 2140
1709 3951
3474 157
2465 2497
3087 5509
2023 1384
1619 1858
5697 2222
7639 1649
1675 6372
2709 8367
8991 6921
3372 7613
4305 5209
6400 4953
4396 3664
659 553
4883 7889
593 9416
9014 6920
2288 2615
5970 1819
3448 453
2899 553
1531 7719
9785 3049
7006 925
8840 4306
643 822
8174 1121
8843 5663
9922 7620
3717 3508
2527 819
7681 6548
3622 9918
9498 7509
9774 5772
2894 7877
5246 5179
4133 7565
5010 5712
1845 2999
1978 9935
9737 608
2341 8038
1978 3194
2547 5707
5178 6103
203 8893
5404 1305
1133 4890
4885 3579
4878 8059
6959 8715
13 1693
4710 3509
1927 949
8382 5106
1493 7064
7374 7277
7034 7538
1144 432
9400 8049
1253 6856
745 8157
8364 9438
3160 5681
9704 3539
5326 8464
5803 6030
7114 7479
9310 2652
3233 3978
5203 4156
8891 2716
9978 6762
8999 255
614 1332
1237 2538
8955 8279
3576 787
5943 838
3638 8135
6214 2073
1742 4298
2830 2490
391 361
785 7858
9717 9406
5148 4574
3251 1669
9497 6600
8964 1355
9503 6937
1957 1656
1814 8353
5946 8023
3416 3773
1184 8140
4191 2178
7243 3948
1949 1079
5224 683
6589 6785
5528 4753
2423 5737
8023 323
3761 7649
2765 473
4293 4313
5108 5782
7987 5520
1231 6716
3952 8895
7688 5649
3724 7006
7178 5662
7142 3688
2144 5096
2986 6071
4746 5760
1125 4901
4989 5662
7470 7534
1638 4052
3976 4672
1003 7814
9726 1065
5157 6793
9552 7104
276 3188
5745 2443
158 733
4487 9111
2923 2980
2610 7766
6073 5887
9307 4802
731 8750
5274 9955
810 7312
2800 6195
9604 3704
2586 3725
6069 4533
4609 4029
2211 884
8427 7717
5965 3809
2713 1429
4859 3344
5068 9624
8095 2422
4710 6641
2277 9004
1331 9030
314 5553
8114 2774
5701 5796
2660 479
7990 9878
9954 8908
3560 8582
5372 8151
3636 4226
8383 2919
7841 2655
6791 8915
5992 3996
7180 6735
91 4319
7733 8356
2090 7468
9815 2394
4392 6536
9639 3895
5295 4485
4715 8001
9210 6163
5427 7683
6462 2859
1926 9394
7808 3086
4215 108
9793 2770
1886 2944
3271 3082
3992 1680
7134 3997
2022 8955
4008 4880
3525 5787
7070 9752
699 7201
8911 3703
3841 9071
2549 1202
7768 5613
2524 9022
6013 4934
1743 4927
2 6357
7984 5154
1414 2782
6856 2067
569 1487
7488 6798
4883 9824
845 2017
9952 982
8867 388
6965 9536
3844 5701
626 8124
8111 685
2254 6875
9760 7367
4951 5153
6203 1384
6576 2701
4786 4754
6166 3866
3521 8011
9988 3055
9504 9576
9752 6178
1733 487
5351 6094
7802 3373
9318 393
5581 2494
2661 3404
5947 570
379 6452
8022 8157
4745 6052
4743 3361
3504 7561
1712 3465
1289 5146
8574 5237
3986 5209
9357 347
2438 1944
6894 5734
5870 3595
6113 5533
7996 7478
5268 782
7970 2757
5359 7091
2823 1066
3965 4751
190 4047
8047 7881
2430 5371
4770 2917
7522 4879
2186 2067
1648 4530
5074 2563
3009 7853
5117 3832
2044 6300
7497 9171
7881 7187
3463 442
2426 1883
2158 6580
9797 2660
9209 1121
2895 5524
6048 6711
8123 2981
4500 261
2221 3771
2506 411
5454 5275
1554 1045
6700 4101
3131 5657
5318 5929
3681 4190
410 8298
1945 2261
6587 6155
4859 5573
1331 2472
163 9803
1645 2908
5806 2225
8443 7342
6687 5772
7731 8172
4660 3181
225 6019
451 8329
2636 8323
