placement model: 1slider
width: 10
height: 10
number of points: 500
1349 1318
5265 5513
8460 9031
9778 7103
1220 6335
9542 1519
2925 9082
270 3979
7957 9125
5916 7910
3186 8838
5239 2192
6174 7637
9562 1562
4361 8415
5972 6258
1694 1622
9070 2277
4345 3337
8916 6966
1878 7250
3059 8639
4532 9405
7369 5273
9167 915
9910 8507
94 9447
2454 5761
7350 3175
5302 9524
2577 7298
250 2276
2245 3804
8717 1006
9749 4722
4773 2930
7396 9067
2405 7980
8383 6639
8818 6624
1896 153
6253 1150
982 9564
3268 4209
7736 5841
5398 3822
8217 6965
5077 7352
4724 2779
4797 4850
2974 9397
4727 6500
5995 5354
8004 9996
3480 9668
3454 50
2298 6969
842 6864
3792 3831
4615 9418
1696 4371
412 7484
16 2322
3069 9071
8550 8560
4963 9421
9694 3958
7704 3123
991 2797
8256 8543
7415 7994
3098 3161
2350 8427
3774 5990
6938 3154
9441 2980
326 1071
6653 3901
5263 9253
3980 4734
8246 4192
4736 4758
6443 7298
3232 2562
1234 1075
2530 3273
1160 1263
3859 7352
5289 4645
2799 6063
858 8656
1761 8806
3228 8915
1491 7238
4816 3444
2408 2489
1857 9122
4672 6750
2601 3596
8915 4647
670 1490
6920 1840
3859 5733
2259 982
5154 2057
6330 7277
9026 8581
7252 1781
2255 3581
2109 8716
6587 6547
3785 2017
6243 5344
4566 5218
8848 420
3714 9512
1622 9432
8539 1342
6019 6879
8126 5730
5245 4108
4491 2356
661 1764
2797 1856
9122 8282
3519 7949
3760 7924
3896 7927
5911 1245
1836 765
5430 2991
9596 5888
2339 9821
7022 9934
4845 6796
3450 3669
6258 3972
5984 7753
2895 5500
6083 2401
2482 5265
1762 4287
4304 9723
5283 1057
384 8967
7991 3504
630 416
4084 1650
8851 3302
8641 9816
3052 8248
2749 2808
836 2344
9731 6303
2131 4415
1283 4337
4518 7008
2767 2780
1982 266
7224 7739
1346 9437
1902 3941
4126 4310
6057 5657
2147 8743
3470 9523
9675 9217
3868 7421
2011 5172
2219 9293
8762 5658
6691 4067
9441 1774
2913 9213
4339 4212
4197 4453
3885 6938
3435 5219
5278 5740
9671 4404
9048 5578
7408 7325
4921 2233
3719 9319
3679 8053
8440 5624
9905 1498
1737 8589
6720 9750
5236 4806
8668 811
1481 9354
7953 7183
3522 7917
8380 4204
9752 3143
5617 0
2083 213
950 8401
9102 9036
9334 6173
8306 6407
7120 9066
2210 6598
7352 6316
1932 4312
8979 883
4356 3711
6151 6735
2808 6996
3442 3291
7178 1337
7864 7965
8210 929
2724 5506
2363 8632
7167 6473
6865 5077
6430 5095
7744 2729
7808 87
447 4641
6611 854
5120 471
9214 8887
3715 9697
4625 7545
7077 2855
3050 4222
4560 7165
4426 515
8590 4637
2556 8631
8369 3535
923 4184
4915 5408
5063 4923
7889 7425
1812 7848
379 5776
2062 9718
2466 6158
3118 9759
1048 5309
4967 1433
1184 1025
7973 6702
9441 1591
1726 6650
5039 9288
4206 7893
8578 7156
3388 250
7603 3810
3829 3119
6420 8854
32 1324
6052 9066
3782 8420
3678 8072
7899 1803
6281 7627
682 3384
9566 5847
3487 6852
288 302
2045 7157
4879 2449
6288 3631
7941 3568
6673 3842
2295 7061
10000 5925
7629 4528
996 8914
99 9751
8442 1473
210 8679
1307 8742
7794 133
5527 6189
9932 2098
2975 8501
5053 7960
3447 5420
2685 8186
7044 5810
8883 5612
9751 6288
2081 3240
7227 6266
4472 1762
7583 5826
6595 2814
1254 636
2030 9427
6837 4384
2804 2931
8807 1859
845 8238
6766 8372
8250 3486
676 5748
7430 4196
215 7301
7202 7981
2198 8168
6733 9095
3343 9413
9224 556
5926 7601
6585 7824
8321 2904
7936 1356
2851 9454
8086 9585
1379 3701
7394 7364
7817 7395
6356 8536
9658 3524
1556 7836
8326 1661
1620 7439
6701 9709
9921 4205
4406 4412
9707 3729
412 1848
3473 9014
7504 1462
8501 4776
5671 251
5664 2933
4188 5371
2352 2847
2732 2653
7834 5650
8562 6392
7104 8013
2489 2359
7678 5522
6284 3917
4457 2166
4514 8890
3331 4867
3831 791
3852 3339
639 2325
4150 4428
4299 6993
6942 2273
9771 6685
1099 9807
7865 9031
1249 5504
2699 6898
2631 4151
9512 4199
3213 4095
2523 8421
4805 3536
3251 9687
7817 843
6152 6437
7553 3848
3500 7347
6208 6404
2202 4695
4667 3614
5824 7086
3123 2532
5894 3277
3439 1740
3388 8737
525 8600
295 782
4463 3402
8669 4737
7484 9919
8602 6583
104 9240
3424 8019
7803 4519
8993 4160
4724 5742
9549 5426
819 2527
430 8030
2250 7532
7455 125
4848 10
4080 3734
9612 9588
6559 5696
6603 7748
7725 834
496 1059
9538 4797
8617 6786
9823 6227
8772 7074
3178 4240
9563 3615
8553 6066
3796 6896
2929 8653
9881 2786
5669 9851
8749 7180
2228 5614
3276 1107
5688 6964
3857 4684
6639 6895
3062 6589
938 2735
1953 2911
9632 2041
36 4251
8953 6612
7623 1232
9977 7975
9507 8856
9330 4461
5678 9501
7839 3623
2325 7665
76 5087
2541 8365
6211 8425
5354 2418
3312 1687
9475 6762
7437 5287
2115 9587
3626 3745
8504 6451
5224 2009
8972 8813
2965 1190
7340 3901
3774 7241
9595 4116
289 8936
5218 6801
7977 9754
9843 7857
3834 9375
3767 6329
8997 4818
3251 3471
842 7677
9600 3572
7531 776
5951 9775
3278 1258
8290 3644
2316 133
8553 9447
8748 6475
3710 2481
786 4082
8237 4197
6819 7272
7134 5409
9122 4209
2374 7382
7294 5617
8284 902
7848 4218
6509 5758
9007 4398
3534 7311
9964 3416
9026 814
4522 1810
9447 7776
8243 924
3135 8817
4636 7932
3469 5472
4802 3113
6490 7228
3686 2385
5765 1458
179 8464
9111 4738
1033 6565
6525 6416
3697 9344
3817 1764
9049 5821
7388 7601
4469 357
7809 4175
7449 3414
295 6429
7713 5393
1517 8298
