				Lat	Long
	Amsterdam	740400	52.370	4.890
	Rotterdam	601600	51.930	4.480
	's-gravenhage	469000	52.080	4.280
	Utrecht		264700	52.100	5.110
	Eindhoven	207800	51.440	5.470
	Tilburg		201800	51.570	5.070
	Groningen	177700	53.230	6.570
	Almere		174300	52.360	5.170
	Breda		166200	51.580	4.770
	Nijmegen	157000	51.840	5.850
	Apeldoorn	156700	52.220	5.960
	Enschede	153000	52.220	6.890
	Haarlem		148000	52.390	4.620
	Arnhem		143100	51.990	5.910
	Zaanstad	140300	52.450	4.820
	Amersfoort	134800	52.160	5.380
	's-hertogenbosch134000	51.700	5.310
	Haarlemmermeer	126100	52.300	4.700
	Maastricht	121900	50.850	5.690
	Dordrecht	120900	51.800	4.670
	Leiden		117100	52.170	4.490
	Zoetermeer	112900	52.070	4.490
	Zwolle		112100	52.520	6.090
	Emmen		110200	52.790	6.900
	Ede		105400	52.040	5.650
	Sittard-geleen	97800	51.010	5.860
	Delft		97700	52.010	4.360
	Heerlen		94000	50.910	6.030
	Alkmaar		93400	52.640	4.750
	Leeuwarden	91700	53.210	5.790
	Venlo		91500	51.380	6.170
	Deventer	87100	52.270	6.160
	Helmond		85800	51.480	5.650
	Hilversum	83600	52.230	5.180
	Hengelo		82000	52.270	6.780
	Roosendaal	79500	51.540	4.460
	Amstelveen	77500	52.320	4.860
	Purmerend	77300	52.520	4.940
	Spijkenisse	77000	51.850	4.320
	Schiedam	76500	51.940	4.370
	Vlaardingen	74300	51.920	4.330
	Leidschendam    74200	52.090	4.390
	Almelo		73800	52.360	6.650
	Gouda		71800	52.020	4.700
	Alphen		71700	52.140	4.660
	Lelystad	70700	52.520	5.450
	Hoorn		68700	52.650	5.050
	Oss		68700	51.760	5.520
	Velsen		68100	52.470	4.630
	Bergen op zoom	66800	51.500	4.290
	Capelle		66100	51.940	4.580
	Assen		62800	53.010	6.560
	Nieuwegein	62600	52.030	5.080
	Veenendaal	62100	52.020	5.550
	Zeist		60200	52.100	5.230
	Den helder	59900	52.960	4.750
	Hardenberg	58000	52.570	6.610
	Smallingerland	54700	53.110	6.090
	Oosterhout	53600	51.650	4.860
	Hoogeveen	53500	52.730	6.490
	Doetinchem	50300	51.970	6.280
	Barneveld	50200	52.140	5.570
	Kerkrade	49900	50.870	6.060
	Weert		49100	51.260	5.700
	Kampen		49000	52.560	5.910
	Heerhugowaard	48600	52.670	4.850
	Rijswijk	48500	52.050	4.360
	Woerden		48200	52.090	4.910
	Middelburg	46600	51.500	3.610
	Noordoostpolder	45900	52.720	5.760
	Ridderkerk	45900	51.870	4.590
	Roermond	45900	51.200	5.990
	Waalwijk	45900	51.700	5.070
	Vlissingen	45500	51.460	3.570
	Soest		45400	52.180	5.290
	Rheden		45200	52.010	6.010
	Heusden		43700	51.690	5.160
	Veldhoven	43100	51.390	5.380
	De bilt		42800	52.120	5.170
	Heerenveen	42800	52.960	5.920
	Bemmel		42500	51.900	5.900
	Huizen		42500	52.300	5.230
	Steenwijk	42500	52.790	6.100
	Katwijk		41900	52.210	4.400
	Tiel		41800	51.910	5.430
	Zwijndrecht	41400	51.820	4.640
	Harderwijk	41200	52.350	5.630
	Uden		40600	51.670	5.610
	Houten		40400	52.040	5.160
	Etten-leur	40000	51.580	4.620
	Hellevoetsluis	40000	51.840	4.130	
	Maarsen		39800	52.150	5.040
	Wijchen		39800	51.820	5.730
	Venray		39700	51.530	5.970
	Dronten		38200	52.540	5.710
	Barendrecht	37700	51.860	4.540
	Nijkerk		37600	52.240	5.480
	Zutphen		37400	52.140	6.200
	Heemskerk	37000	52.500	4.630
	Raalte		37000	52.390	6.270
	Veghel		36900	51.620	5.550
	Goes		36700	51.510	3.890
	Moerdijk	36600	51.650	4.590
	Hellendoorn	36400	52.390	6.440
	Beverwijk	36300	52.490	4.650
	Rijssen		36000	52.320	6.510
	Pijnacker-noot	35700	52.020	4.420
	Castricum	35500	52.560	4.670
	Coevorden	35400	52.670	6.750
	Gorinchem	35000	51.840	4.960
	Schouwen-duiv	35000	51.660	3.920
	De ronde venen	34800	52.200	4.860
	Terneuzen	34700	51.330	3.840
	Wageningen	34600	51.980	5.670
	Stadskanaal	34000	53.000	6.910
	Hoogezand	33900	53.170	6.760
	Sneek		33600	53.040	5.650
	Vriezenveen	33600	52.430	6.610
	Epe		33300	52.360	5.980
	Ijsselstein	33200	52.020	5.040
	Maassluis	33000	51.920	4.260
	Noordenveld	32300	53.140	6.420
	Renkum		32300	51.980	5.740
	Deurne		32200	51.460	5.790
	Tynaarlo	32200	53.100	6.670
	Bergen		32100	52.670	4.710
	Tytsjerksteradi	31700	53.210	5.910
	Oldenzaal	31600	52.320	6.940
	Bussum		31400	52.280	5.170
	Valkenswaard	31200	51.360	5.450
	Papendrecht	30800	51.840	4.670
	Meppel		30600	52.700	6.190
	Brunssum	30000	50.960	5.960
	Halderberge	30000	51.590	4.530
	Boxmeer		29600	51.660	5.940
	Boxtel		29500	51.590	5.310
	Leusden		29500	52.130	5.460
	Krimpen		29400	51.920	4.590	
	Winterswijk	29000	51.980	6.720
	Bernheze	28900	51.730	5.520
	Best		28900	51.500	5.400
	Delfzijl	28900	53.340	6.910
	Naaldwijk	28900	52.000	4.190
	Horst		28600	51.460	6.040
	Geldrop		28500	51.440	5.560
	Edam-volendam	28400	52.510	4.990
	Sint-michielsg	28300	51.640	5.340
	Veendam		28300	53.100	6.860
	Gemert-bakel	27900	51.560	5.700
	Leiderdorp	27400	52.160	4.520
	Culemborg	27100	51.960	5.230
	Waddinxveen	27000	52.600	4.650
	Drimmelen	26800	51.680	4.790
	Duiven		26800	51.960	6.010
	Ermelo		26800	52.310	5.610
	Uithoorn	26800	52.230	4.830
	Borger-odoorn	26700	52.930	6.790
	Werkendam	26700	51.820	4.900
	Nunspeet	26600	52.390	5.790
	Stein		26500	50.970	5.760
	Dalfsen		26300	52.510	6.260
	Denekamp	26300	52.390	6.990
	Zaltbommel	26000	51.800	5.240
	Aa en hunze	25900	53.050	6.700
	Heemstede	25900	52.350	4.610
	Zevenaar	25900	51.940	6.070
	Beuningen	25800	51.870	5.780
	Geldermalsen	25800	51.890	5.300
	Vught		25800	51.660	5.290
	Langedijk	25600	52.660	4.780
	Dongen		25500	51.630	4.940
	Oisterwijk	25500	51.590	5.190
	Wassenaar	25500	52.160	4.390
	Gilze en rijen	25100	51.550	4.940
	Cuijk		24700	51.730	5.920
	Baarn		24400	52.220	5.270
	De wolden	24300	53.270	6.600
	Haaksbergen	24300	52.160	6.730
	Noordwijk	24200	52.250	4.430
	Tholen		24200	51.540	4.210
	Diemen		24100	52.340	4.970
	Voorst		24000	52.180	6.140
	Schijndel	23900	51.620	5.440
	Sliedrecht	23800	51.830	4.750
	Nuenen		23700	51.470	5.540
	Steenbergen	23600	51.590	4.310
	Wierden		23600	52.370	6.590
	Putten		23500	52.270	5.610
	Wijk		23500	51.990	5.350
	Oud-beijerland	23300	51.830	4.420
	Loon op zand	23200	51.630	5.070
	Nieuwekerk aan 	23100	51.980	4.630
	Oldebroek	23100	52.450	5.900
	Aalsmeer	22900	52.270	4.760
	Rucphen		22800	51.530	4.560
	Goirle		22700	51.520	5.060
	Losser		22700	52.270	7.010
	Borsele		22500	51.430	3.730
	Kesteren	22400	51.940	5.570
	Voorschoten	22400	52.140	4.450
	Heiloo		22300	52.600	4.700
	Hendrik-ido-amb	22100	51.850	4.630
	Lisse		22100	52.260	4.560
	Veere		22000	51.550	3.660
	Woensdrecht	22000	51.430	4.300
	Brummen		21700	52.090	6.150
	Elburg		21700	52.450	5.830
	Laarbeek	21700	50.940	5.790
	Oegestgeest	21600	52.180	4.470
	Franekeradeel	21200	53.210	5.530
	Leerdam		21200	51.890	5.090
	Gendringen	21100	51.870	6.380
	Geertruidenberg	20900	51.690	4.910
	Hillegom	20900	52.300	4.570
	Zeewolde	20900	52.370	5.540
	Monster		20500	52.040	4.180
	Zundert		20500	51.470	4.660
	Borne		20400	52.320	6.720
	Cranendonck	20400	51.320	5.590
	Tubbergen	20400	52.420	6.770
	Hulst		20000	51.290	4.050
	Meerssen	20000	50.890	5.750
	Vianen		19900	52.010	5.100
	Bodegraven	19800	52.090	4.740
	Dantumadeel	19700	53.300	6.010
	's-gravenzande	19700	52.010	4.150
	Leek		19700	53.170	6.370
	Lichtenvoorde	19700	51.990	6.560
	Helden		19600	51.330	6.000
	Lochem		19600	52.170	6.410
	Bunschoten	19500	52.240	5.380
	Wisch		19500	51.930	6.310
	Westerveld	19300	52.840	6.360
	Bladel		19200	51.370	5.210
	Echt		19200	51.100	5.890
	Rijnwoude	19100	52.090	4.540
	Aalten		18900	51.940	6.570
	Groesbeek	18900	51.790	5.930
	Haren		18800	53.170	6.600
	Winschoten	18800	53.150	7.030
	Alblasserdam	18600	51.870	4.660
	Someren		18600	51.390	5.710
	Driebergen-rijs	18500	52.050	5.260
	Eersel		18500	51.370	5.310
	West maas en wa	18400	51.790	4.470
	Oostburg	18300	51.340	3.500
	Zuidhorn	18300	53.250	6.460
	Heerde		18200	52.390	6.050
	Bergeijk	18100	51.320	5.360
	Druten		18000	51.890	5.610
	Oirschot	17900	51.520	5.310
	Weesp		17900	52.320	5.020
	Hardinxveld-gie	17800	51.840	4.830
	Rhenen		17800	51.970	5.560
	Valkenburg	17800	50.870	5.830
	Middelharnis	17600	51.760	4.150
	Enkhuizen	17500	52.710	5.290
	Berkel en roden	17400	51.980	4.470
	Eemsmond	17400	53.400	6.610
	Schagen		17400	52.790	4.790
	Bloemendaal	17300	52.400	4.610
	Urk		17300	52.670	5.600
	Zandvoort	17300	52.380	4.530
	Beek		17100	50.940	5.790
	Ommen		17100	52.460	6.510
	Sint-oedenrode	17100	51.570	5.460
	Waterland	17100	52.470	5.030
	Gennep		17000	51.700	5.960
	Naarden		17000	52.300	5.140
	Didam		16900	51.940	6.120
	Vlagtwedde	16900	53.030	7.110
	Eibergen	16800	52.110	6.640
	Wateringen	16600	52.040	4.280
	Waalre		16500	51.390	5.440
	Nuth		16400	50.920	5.880
	Nederweert	16200	51.290	5.750
	Westervoort	16200	51.970	5.960