7966 7955
5853 875
1010 8581
8832 7101
8212 7856
3253 1406
3615 1788
7247 6715
1806 3172
4058 1256
7999 9607
4102 4999
599 5084
8456 8931
5235 2259
2099 8661
6108 5447
4433 9942
8836 1713
6175 5927
6815 3371
541 6705
998 8726
8521 4131
1745 3592
8121 408
2653 5149
1295 4755
9317 7078
4514 3823
3856 7016
3307 4459
3227 7083
8810 4044
7673 445
7453 8814
6234 2853
9302 4584
1621 5963
5690 2711
3526 1390
8866 1975
6782 2431
9612 6352
5652 4767
1705 414
2198 9451
8476 2242
2432 8289
8367 6614
9143 7837
7484 4434
1985 5503
5503 9086
1028 9085
7543 712
3927 4771
4263 2305
5149 8445
1372 8273
2439 4992
1826 2286
3365 7669
8799 3448
2883 8802
1749 1039
4691 7866
8088 9390
8954 2137
110 9557
2492 7533
5407 7653
5725 6250
9097 3365
1597 887
1939 9637
2887 8813
4140 8446
9475 7933
9038 818
2760 4864
8061 5074
8992 728
1407 9184
8162 5648
2532 9660
9144 5258
1983 1658
4705 1155
5352 6552
3899 3269
1386 2961
8273 512
1968 2010
8632 9163
7370 5
85 1153
9005 4471
6396 1957
1676 9801
145 3891
5711 2721
6868 8493
5088 4346
9848 3892
2139 5047
8668 6709
2581 1289
450 3934
8581 2967
7784 8130
5293 9537
8205 5197
4393 5467
9748 3815
3646 7186
6506 6633
2392 1739
7950 9519
7823 5313
3364 6841
3373 5704
4040 6214
2908 2174
9425 402
9480 2893
7885 7812
1953 4050
1988 711
1143 9366
9600 2719
1172 7445
7037 8144
9885 5000
642 9799
2538 9945
3067 1225
6573 1170
6763 2335
9983 5442
2622 4705
9384 6367
5111 341
2610 3709
2020 4268
6099 220
639 6856
7031 2935
8651 6166
2813 1983
2368 9452
8265 6358
3581 3166
9683 360
2 1032
610 3167
7147 9494
1184 8856
705 8671
5625 114
5192 4745
6859 2762
4631 6937
7140 1857
4005 429
5575 1157
3107 3266
2126 8295
8450 1597
2799 4016
1882 4078
963 2514
8920 1424
7549 8812
2416 575
7666 9158
8127 2224
1961 7220
10 1627
437 5360
876 2295
5948 772
8031 779
6326 3470
4265 2775
2644 3967
2342 9308
1211 9738
4340 8727
4049 5902
4786 9804
3661 8092
4731 2231
4629 8507
4371 1213
1039 3483
4641 4134
1334 7565
4730 6471
2122 2928
3005 8213
4790 7292
2629 7854
7343 1455
856 5594
4711 1538
7177 8713
7886 5390
6474 7757
1263 3748
6636 2122
2847 9815
7310 7342
8809 1651
4550 4533
4737 6975
1504 9213
7506 2378
8874 8302
5495 5985
5909 1564
7345 7305
7782 540
3855 895
3346 3339
1625 4157
861 2988
7700 312
8649 493
1839 6177
7071 7759
7960 3576
1108 2299
1273 7177
1396 250
5336 153
555 4597
5671 8064
2915 3261
6869 6132
8717 1620
4384 9699
1698 1807
1906 8382
2556 3369
767 1569
9388 4041
6990 1790
8482 3686
2845 846
9185 2447
2650 4466
2746 6346
9672 3909
3638 1385
4849 128
3014 2971
1030 4052
9542 3676
1791 5768
7377 8284
7620 8765
703 2236
5733 8764
7123 7697
7625 86
2299 6698
4000 4743
8455 4190
7631 6282
4312 6845
9907 3737
3448 9078
3753 1609
4619 7064
3258 4650
1333 9936
3824 9534
6672 1600
8624 6008
6052 3081
6336 8919
9522 3651
6864 3525
3544 1676
5157 164
259 7240
5121 2917
6107 7210
4681 3552
6322 8189
5545 2276
8972 9777
9559 5227
200 9128
3971 3980
6778 4852
4577 781
6083 1507
9442 2792
1042 8747
6632 7877
4664 623
2749 1295
6117 4711
672 5919
6696 4607
2078 7988
6140 7491
7223 2116
5240 4038
560 9403
5867 7807
6977 6928
1070 3715
8168 582
559 9103
9468 8124
711 1428
3256 1832
8146 3860
6516 5238
5481 4374
4390 4113
8169 3478
1725 8436
6424 3309
3797 5231
42 6696
9585 8756
8981 9877
3729 9437
1536 4494
7365 1217
485 8294
1896 8394
3403 325
6421 8928
8950 6378
2524 8636
1178 3578
8859 7740
9476 4833
6358 2647
2226 1515
3884 5884
9932 9645
4674 3442
8912 9389
7449 9951
9508 1849
2594 3652
3455 9829
8749 4648
1106 9634
1927 4888
4103 6681
3554 4423
9503 1796
6240 1935
2627 5001
4866 2846
8897 7937
762 513
6254 8458
7813 1764
9379 8656
8336 8214
8574 4997
6751 9972
2274 7438
3325 4379
7562 4251
9471 874
5785 484
7941 5762
5437 5499
5444 6375
676 1266
4235 3068
366 4545
2713 4418
8833 4137
3478 8828
4200 8224
7152 5699
4459 9899
3534 4455
5401 4361
3712 8312
2121 8948
4401 6180
6804 6481
506 2360
5502 1525
9786 9721
9547 3804
6742 502
2271 855
6311 7295
3370 9783
3337 7079
7074 5038
9998 3502
605 8745
9768 5574
7548 8779
531 1868
8242 1635
887 5525
1332 3135
3485 7964
3894 5421
3480 7986
3167 9180
303 6647
9405 2248
3022 3053
971 8187
532 6428
5695 514
139 5568
7218 615
2619 8794
4919 7798
9635 5744
9129 7629
1716 8723
4183 252
1940 3239
9326 7777
4760 7224
7607 2809
2173 9051
9041 3441
7081 8118
1599 6902
3347 1587
3970 1860
4520 7417
321 5901
1934 6259
1713 1269
6597 1616
6166 9392
5116 2495
2686 4503
9272 7887
8494 5846
23 163
9260 6533
5526 9465
8102 5120
4349 8526
6657 2672
7165 1494
6801 123
6634 7139
3584 4902
6152 7441
3096 3939
6606 608
3056 9998
3052 2538
9770 1347
5727 1768
7142 2178
7149 5581
7381 2948
11 7518
5718 9602
3725 5679
8420 490
2869 2571
9353 3766
2382 3501
8946 5310
3172 7089
1558 3664
3164 1211
8186 1317
1699 6323
8465 4136
9538 6737
9713 5659
9163 7999
6537 9412
9435 2984
2041 4033
3949 525
444 4510
8224 6697
295 210
2701 7231
3381 5211
5905 9013
9299 7258
2415 4308
6304 7351
9989 6249
2784 9970
7816 464
7860 8063
3432 4122
4968 9727
2828 1823
6933 505
3299 960
1690 8824
8043 815
713 8955
2207 289
7299 1236
7935 5137
5325 4558
6768 9001
8425 3797
9494 3444
9701 9141
6533 9066
919 6321
4009 1337
7258 4012
2609 9187
2147 7706
5490 5433
6199 3682
9798 7498
6316 7513
3621 4123
6065 2240
6774 6319
3391 6609
819 3231
9756 5199
9698 378
7086 8248
1432 7004
814 1429
9564 4409
2962 3401
9397 5579
5258 7747
3684 1866
618 6883
7718 8368
1450 2807
1814 5408
320 6813
5458 7849
4868 7909
1894 2710
3245 7853
3888 8324
7432 4692
2543 8173
6660 8151
4673 1231
6232 1401
1774 1167
1819 1683
9229 9280
6292 7915
7826 5944
9250 8079
862 4898
3898 8939
4490 4003
230 7641
9039 2237
7911 3568
4959 7654
8881 4993
3850 5119
2491 253
5636 347
6793 4556
6155 8326
7714 2369
9525 9326
3733 7442
6458 2403
7300 7197
8147 4039
5220 1691
6702 8140
9579 8167
9588 3898
982 1415
1557 944
831 4844
1158 7900
4252 6209
226 4798
9196 130
8906 3197
5984 9853
5532 5098
2127 9897
1097 3678
3774 1986
660 9329
51 5935
8235 6651
9338 2047
355 5065
8798 1686
1691 5330
9244 9149
1571 9349
976 7952
5563 6846
340 5218
8230 7935
1445 5042
5505 8836
8775 3489
2973 9555
4758 4518
9111 3300
739 2277
7756 4380
7920 1838
7803 2746
2948 1911
8882 5834
4387 7660
1328 9982
7099 3497
332 9035
1580 2199
4402 7928
7977 3009
2270 1973
4596 3580
5284 6287
494 3013
9437 197
5422 3160
9074 9629
150 7163
1590 3500
8869 993
7630 1878
7477 9756
6290 4489
5008 3704
2617 702
5261 9983
2636 4303
2558 8158
1708 3131
9747 4602
7096 2192
1258 2390
9098 5680
4824 3725
3973 9728
1474 956
686 9236
1401 2113
6691 6448
8239 6528
3207 2567
2322 3211
2294 5366
5576 877
8253 8046
289 7398
7021 1291
1141 6442
7079 1526
6438 7558
9040 9219
9877 6426
8416 3359
3844 247
26 4511
6005 5285
9351 4882
41 3938
7108 1465
1213 6261
6757 5358
402 7311
5252 9898
9205 7429
6826 171
8648 3024
6538 209
6978 4221
522 8729
388 3252
6558 592
2561 7032
53 5094
7055 996
6028 2427
7862 8145
1709 9587
9182 1215
124 8364
8953 918
1008 3713
7308 5512
9408 8002
3127 4211
8414 8537
8424 5947
3290 603
7835 929
7389 4403
5218 9820
315 6395
8426 5113
2053 4443
5638 5800
5797 5101
8371 5908
3499 6404
565 7586
6299 1452
8327 7861
7211 1689
117 1504
8537 1161
6614 5311
9470 7317
7204 7723
449 5555
728 3182
2979 9690
280 694
215 477
8315 6022
4282 8024
6549 4598
2220 8066
8782 3557
6564 2352
9616 4262
5274 5314
8626 7453
7288 3599
5028 7188
9265 2740
5940 8421
3664 6799
7313 6579
409 8608
5873 3306
3819 5734
5789 9060
7608 231
7540 7185
5466 8606
6372 7720
2507 9752
6238 1765
9359 2825
1218 9638
666 8530
1710 7427
6039 8227
1469 5045
481 857
9421 2102
2143 7337
3552 4991
580 873
3762 9918
7226 9263
8907 9222
2480 4392
6666 9425
1090 5176
7574 5372
2359 6486
9482 9954
737 308
950 9252
1943 5221
6542 9742
1145 1702
3803 9584
5865 132
8613 5224
2284 1386
1701 3641
4214 4454
3757 9313
883 6665
2821 2037
2857 2087
6662 1255
773 5811
7487 5553
7179 798
9011 3491
9863 4162
7694 3959
9944 8937
7228 611
3645 6995
5771 8459
6486 5443
8612 6555
8204 2591
4121 6925
2949 5812
9361 6615
3274 7218
2404 7214
9933 7246
4950 9396
6014 795
5544 7709
4818 8759
1879 517
8111 9391
9915 862
5179 417
9154 2570
3635 9322
5387 4273
669 4948
9057 8318
8109 8360
9657 1557
3990 9081
1274 6509
6264 2406
8739 7825
9955 1363
4839 3518
4878 3255
6312 6396
9457 4761
1871 4855
2737 5549
6548 5776
6713 4181
4111 6101
1150 7472
4551 7330
3028 5519
7720 3920
9456 117
8164 9480
44 7593
7659 7878
8571 424
7003 9463
61 7796
790 4548
7881 7301
4992 4949
2379 2808
1561 9432
403 7921
3633 3809
2249 3784
3486 1058
1404 7308
1657 1443
5874 3340
8584 4730
4159 1789
1375 7476
8199 9698
6434 538
1140 2823
2089 5864
6735 743
3667 5931
758 7737
3842 6086
9628 6535
2466 4177
3215 9514
6867 4247
3124 9331
5433 1277
9652 3310
7154 1968
6929 991
558 146
6528 6446
7479 9132
7290 2553
5203 4171
1743 9
6463 2930
5849 8074
528 3282
6361 7091
4991 15
335 9812
7307 541
5776 4432
8176 8529
9114 2387
6485 3536
2977 446
2516 1781
7903 8876
7194 2607
9350 6931
3783 3259
7639 6952
5136 3146
8740 2886
208 5303
2018 1246
1544 2759
4725 2257
5578 5129
7970 5924
2851 7421
463 7527
6126 4710
2906 1757
2879 7571
4406 5349
6823 5252
7314 851
6775 6217
1038 3055
802 6463
1346 4093
2013 816
690 3207
7710 2394
4500 9558
7483 5619
6093 6326
9664 871
290 2671
4304 7847
50 4411
3188 8569
4323 4148
1997 8786
3945 9119
2768 4893
9711 5351
9536 6052
2914 7228
6569 1841
4506 3076
7095 12
1327 8086
7291 8244
8429 292
4289 5052
5631 7377
5389 9548
1540 3630
5350 520
8002 8031
7470 315
916 9963
9251 2474
3411 2908
1862 7172
1436 5105
6374 7478
8019 4961
9719 3153
6863 7409
2027 8541
3471 723
8549 9324
2809 3335
3376 1554
8170 6693
4889 9064
9934 1235
4589 4228
9491 3694
1670 8420
5550 8816
594 8646
752 4451
7712 1711
7657 3208
4974 3601
1073 813
3514 518
609 9449
4552 6305
3946 3422
9376 7954
2003 5633
2730 8107
5174 41
730 6993
5171 7704
6732 5348
3542 562
1127 7945
3095 1467
8830 6068
2383 3460
7516 4754
935 4799
1126 7894
6477 5021
253 764
4834 2789
7212 5677
4276 5888
9211 5686
3770 9651
3421 7279
4310 7530
783 4469
2002 5336
7328 1358
7222 7592
2079 7728
9368 1113
4188 5957
9533 2203
410 9460
515 9569
6133 367
7899 6766
3892 8880
9201 9903
56 5260
6398 3897
4860 4663
6874 9352
865 6146
4475 3233
4588 9267
2433 8365
687 1082
1979 1499
8434 7428
765 2055
925 1229
2698 2527
1051 8567
4088 8838
1498 1842
4867 2919
2465 9014
9492 8051
6386 510
8422 4955
4569 7454
5572 3476
7614 8387
9715 2585
8988 9419
4734 266
2969 6284
6412 1492
6550 3308
3371 4397
1360 1188
4010 9601
5536 4207
712 8249
147 9907
9293 7979
7585 5244
6394 5204
3591 9023
9248 4512
4532 2066
4808 3902
1963 9956
8531 4653
5861 9401
7507 7242
7334 916
2853 6977
7670 2100
2160 1
4066 7371
3602 7203
468 8466
913 1767
1394 8580
331 471
8533 6613
9007 739
6047 9665
5080 7526
6201 4172
3367 5788
4620 3020
9569 6704
8682 8972
2427 7841
1647 1939
1840 1990
668 6080
9391 2648
8076 5435
5311 4275
5484 8452
8819 7734
8190 3049
8641 6565
6048 4982
7376 7846
5477 1300
3583 3628
3372 9542
9807 9479
3385 9462
3232 5491
8872 7833
5234 9959
8473 770
9037 9833
8516 4135
4712 8775
2795 9872
6875 8414
6603 1095
2665 3304
5673 4625
4338 7589
9718 7123
3511 6078
2191 5602
7942 1666
1231 1582
6504 4614
1053 8591
8233 2525
9286 3638
659 7710
3567 2044
744 3345
1204 4541
4026 1758
1750 8483
9965 2430
3958 1168
5877 5562
8107 1933
8132 5615
5595 4362
2708 2868
4162 1760
4584 6839
4547 5427
4536 1456
2436 3667
7897 3187
9799 304
9787 6622
1992 1854
5046 2407
7016 8683
906 8615
2088 9342
8008 7174
1875 8833
5864 3918
7879 9182
3857 6736
1035 444
6025 7504
1565 5778
9090 9714
6147 6016
5788 1022
2185 3406
1276 1910
9626 8975
5605 6264
5679 7600
674 1026
3731 3503
9208 2779
2983 6701
3119 1205
3159 9937
1215 3958
1226 5992
370 6606
5379 7893
3272 6514
4953 9174
1348 6260
7584 395
5854 2674
4982 7386
4273 5757
6436 4894
5092 1383
9925 9794
1479 6855
5870 3789
14 88
9891 2106
3292 2012
4179 8195
9590 5611
1526 4032
9850 7009
8553 903
1068 2270
7525 1399
2773 5786
918 6554
7044 7158
7186 4713
7623 4978
4170 9960
5924 1179
7374 2196
8498 8896
8857 1953
8081 7462
4586 462
232 77
7612 5589
8971 5676
9374 5747
1883 8450
8277 4667
7482 9836
1341 9386
2214 9055
5288 6117
8525 503
1322 7156
3543 7640
1664 9257
4762 3286
6265 8027
5290 466
8924 3080
2144 1653
8210 2074
9071 6724
4507 6143
6752 8990
2848 1108
6967 3836
327 4377
2911 288
7653 3439
9836 3765
1825 3451
6562 9237
7153 5904
7382 4498
7242 5610
6498 486
5609 300
3077 4879
9169 2461
1421 5891
8453 2064
2481 641
6720 4099
7486 5803
9802 5069
5587 5621
3135 5233
5859 932
4394 1156
612 4261
3687 1954
7368 2380
4 6370
48 6789
7000 7901
7622 7298
3243 5989
7274 4302
2727 9733
6871 5789
7944 6732
7517 5682
8112 4057
7616 1746
7187 3649
6261 3571
1405 2675
3041 21
8341 3862
3404 5718
5356 4738
7849 8267
5630 3507
7602 3722
9142 3659
2764 8904
3163 2182
1009 2429
1016 8961
7448 9978
4903 6267
20 3787
9454 9731
3964 3303
6355 5171
1560 790
2890 5308
9840 7232
5584 4087
9094 58
4856 776
1582 8915
8192 713
7734 6513
1300 8600
598 8996
606 4565
4799 920
3858 438
6701 1923
7840 1016
5857 2324
8290 3969
9006 7003
8693 976
9680 7561
8513 2657
9349 3196
2071 914
7569 4928
9700 8296
8610 8525
7061 7315
9546 4138
8587 4205
3977 8176
5107 7651
3792 7867
4770 9482
5761 7448
8873 8971
6686 9160
2710 4729
9658 9882
1765 5317
5251 5670
9212 5775
4939 4709
134 1991
2651 4225
9793 368
1302 4461
3573 9722
2428 3362
9532 2043
3204 5934
2168 9063
706 2601
3848 6627
6038 353
3034 5378
4153 5288
8777 1002
9407 7834
5276 5172
5760 2266
1364 2485
7302 6687
8234 8979
4955 8911
205 1687
186 2136
591 6897
5452 9874
6982 6312
4117 705
9091 5438
5573 9995
2953 4125
6164 6242
2486 1480
9746 2729
5189 9186
7957 963
8734 5088
3859 8846
2758 551
8303 1995
1864 695
7248 8643
6760 4388
1299 2778
968 6889
9964 912
3588 3700
9104 3646
1083 9379
8628 5206
8871 4699
1964 1072
6738 4167
717 4481
4583 8516
5916 2505
5626 3679
9010 9334
2258 2708
8527 6950
4669 65
3823 3477
1602 3038
4092 8741
3826 5684
9531 677
1045 6653
3112 8386
9067 1319
6142 5506
5665 8639
9687 291
7269 6362
309 2003
5627 1824
9137 8356
488 6006
6832 2007
9959 8618
2658 1761
7244 5402
9860 9380
260 6763
9618 2323
2852 8527
5812 6865
4023 4757
5527 9884
9489 6227
8973 3753
3579 6545
5972 2460
1002 5949
5969 9229
1857 6541
7469 7890
693 8531
6041 8001
5345 4088
8911 9316
6921 5293
2605 8832
1891 313
4059 7679
1052 4720
2986 5407
6559 1899
8905 6608
8281 5707
6368 6383
8698 3430
6917 1949
2748 5911
1388 7363
5939 2826
8350 6169
1532 7402
8861 4215
2796 3889
9226 8576
2266 2788
8672 3029
9223 5078
6980 7376
7303 4940
3235 8579
1102 9735
112 4827
6429 6315
6994 7238
8431 7967
9667 2976
1371 4570
6711 9422
6985 9823
7489 8654
5823 535
9828 4376
3947 4986
6123 4943
3266 9256
7704 5646
2778 5870
2940 9300
1641 6136
3417 778
2235 9765
7410 2425
6119 1073
7446 2072
523 8021
4570 9928
9192 2879
3247 9740
9856 1220
9997 2042
3937 6113
2689 2384
7611 5325
420 9618
5657 3711
9982 6888
4821 1088
3816 576
5049 2705
5120 8271
5534 7481
4125 8229
5487 3119
4417 1484
9938 5643
6069 8191
5892 1696
9723 9795
2593 995
9669 4457
9692 9985
9119 1345
7785 1709
7663 6643
3121 2580
9426 4784
3806 7599
5697 1247
5229 4513
994 2583
423 9268
9342 5617
9377 2840
7697 3056
8829 306
8363 5532
6207 970
7229 4586
428 7531
4458 814
3087 4305
7347 2829
5696 8408
9478 7750
2136 7256
2012 298
9280 2617
7420 5306
6959 9685
323 2695
2371 322
2073 4816
2757 6420
213 4693
4232 8138
7556 3455
8018 8225
2834 5991
3817 5909
8562 9217
4611 4193
6624 999
6952 9188
5184 9288
1066 2004
1981 1646
5105 5091
5552 1163
1846 9979
5269 9965
7373 7919
3723 8447
4891 7283
2386 9102
9654 910
7262 9766
4636 4497
3078 8849
1869 7827
4329 3106
9062 4920
9266 8583
9878 430
8213 726
6664 4329
3099 4315
9273 7772
7912 6935
1499 4576
4566 129
4151 4805
2489 4779
4207 3619
5743 2785
2975 5735
122 7896
312 655
1661 1409
5703 7793
4826 281
7988 1322
796 2744
832 4460
6843 4216
7359 2844
8085 2307
3969 856
8536 1834
8499 946
6494 3567
251 3560
6783 3873
4407 3034
7724 7216
1838 2039
8282 6714
6676 5716
4678 2327
4156 3420
1617 9127
277 4681
4696 6927
8508 3410
979 8039
6034 941
1376 1488
4228 6820
3170 3699
7409 4528
2797 6880
8175 362
5975 8209
9120 3318
9942 3759
314 5484
7919 1475
6993 8534
1687 3398
1771 1508
8625 407
1823 1663
1867 7576
8821 3639
3123 8139
2520 9984
4750 1929
9810 8257
5509 4106
8459 1195
5612 602
1339 1550
104 3414
7891 4747
6365 3206
3832 2181
6397 4108
7106 3901
6029 1024
1856 259
5129 4773
6796 8734
6673 5278
1406 7686
2705 8551
4181 9175
4745 5350
7645 9464
8010 660
8134 2780
2793 9532
3665 5259
9209 3198
1644 7520
5453 2760
585 2866
8150 7968
8066 4046
9087 8348
5904 4778
8256 747
8439 1782
7139 605
5085 5533
7268 1672
1567 8496
3133 824
4840 8266
4644 7568
2865 4006
6588 5626
3007 2794
2019 6970
4388 4320
4657 4796
5677 7486
95 211
3592 3337
6076 8798
7833 4780
4439 85
3444 2663
2542 9304
2239 2202
4828 8197
2007 8123
1748 6564
6150 6775
2711 2197
493 9950
8916 9522
2756 8161
9218 6664
7924 9231
3211 9865
962 1988
2728 411
869 4809
9766 7818
65 7051
1041 8485
8124 977
3304 7247
6613 4246
4423 3946
190 672
778 7200
9551 8499
4582 6400
7278 5154
6997 1160
334 318
9019 2284
8563 1068
9805 8373
4749 2437
4307 2204
4110 7693
8436 1272
3016 6108
7064 5062
1006 6934
9504 1356
1994 3272
3057 1963
1779 4224
8383 4446
5543 5918
6235 5458
3885 1643
7184 7648
7980 3526
2024 3523
2568 7729
6097 2099
6854 8783
224 2945
3110 2685
9689 8574
2916 8081
3457 2913
7175 3298
8296 239
7949 666
6779 4689
9249 4415
9592 1093
9313 5011
4505 2443
6725 7285
3333 3880
9512 4904
2564 3900
7114 5708
7767 7052
5655 3363
7847 332
8900 1439
1821 8882
2511 8644
1756 1952
8986 9509
7527 2053
2666 4318
4698 1342
2420 8865
9065 3840
4427 3400
9060 7235
5232 6421
930 9700
6418 2293
9519 3027
4800 1715
7520 4560
1529 5886
9170 4822
9929 4450
1785 6803
8590 2171
7429 6472
8952 5808
9544 6131
3981 6211
6053 1852
3874 4132
7834 7397
9784 2548
2706 8332
1893 8141
5099 3808
2295 6629
9467 820
4518 9847
4404 7318
6845 8094
3249 9056
8229 7715
6345 2575
2227 1040
62 2549
5447 6640
4413 3127
1921 5487
7568 5692
838 5050
9539 5343
749 2350
5372 196
3809 3482
8529 7835
4414 5596
4019 9787
1353 2049
2897 4425
6350 7550
5137 6675
2150 186
9820 9445
1922 2496
3048 6680
4540 8515
7100 6621
8054 1993
8379 3970
8191 4458
4862 18
3466 701
4924 4182
5057 4189
424 8980
4254 6795
5472 8788
3612 5895
5443 4800
9291 5148
7992 7378
6393 4731
2068 7865
6195 2687
5102 8172
8266 4325
1365 9295
1201 1596
9688 8037
8753 1938
3535 6074
9449 2125
7271 2693
389 948
8122 5323
1847 6913
9740 4355
6879 3462
1005 3293
9321 1262
3908 3193
665 8152
9327 9911
9486 213
4963 5790
1758 4842
8765 491
3063 6107
5390 5139
7701 6097
8051 4092
3054 149
3419 4934
4876 921
5391 9525
5465 6809
7190 2632
7266 9171
3502 9858
9428 476
583 6462
4751 1598
3491 843
3130 1442
223 3538
298 883
3398 2521
9484 3094
2812 2405
5765 2195
2261 5795
1668 8319
5831 1208
3597 241
2965 8270
9290 8895
4571 1813
9581 8543
6095 1290
6858 9613
6944 5752
8818 961
5662 1083
1411 4863
8258 5463
3038 2300
7882 8878
4452 9939
5856 7524
1541 3357
1270 5110
5694 7857
3051 7097
3887 6517
7193 7588
4212 8799
8660 9856
5722 7140
8219 6749
5830 3869
8324 3685
1719 6036
2498 6285
2671 7632
2740 314
9873 9278
6483 7782
5491 3463
4655 6360
8417 1610
4223 4183
6449 5182
2807 4883
7808 8519
6439 8720
8976 9251
8792 7756
3451 8887
5112 31
3399 5703
4027 3600
4399 8922
535 4676
4216 3101
8275 9821
7088 8106
9838 1207
9776 6560
5795 6857
6905 2147
5303 4351
3039 2469
3145 6962
7539 8891
7749 1034
5438 6716
360 9647
6470 5988
1029 7684
5241 3067
3192 2213
2141 9758
2999 4795
2376 6661
8814 1847
4376 7522
5557 1729
6122 5320
2148 9786
9899 5169
6937 2084
6229 6583
8800 3312
2174 80
3717 8050
2625 1918
2385 120
118 7582
8989 8008
1704 7390
5142 3021
4331 6930
3397 3103
9662 9194
7722 4164
373 8055
3563 7307
3390 5756
5851 4874
9656 1063
2310 6922
3193 204
7182 7797
9779 6045
5514 8914
5170 5889
1881 170
3359 6924
8283 4428
781 793
4256 5114
8967 152
6331 6476
9138 9168
8718 3358
1990 8371
174 7262
6469 9026
4961 4654
9018 4631
4245 4766
9638 5852
3255 8797
5462 3032
3836 5826
8171 3162
3036 6306
5561 2513
2781 5871
221 4840
6688 8860
1109 6058
7856 9417
4109 2890
7589 3230
602 3890
2282 7795
6209 859
3745 7435
4618 3989
4525 6468
4928 6134
6109 2382
9414 6437
6057 1402
3494 9988
6615 5023
9348 8049
8620 7575
8196 6860
9440 9151
8356 6031
805 9274
46 7741
2588 554
5963 4383
842 4854
4599 9917
7601 116
4108 3134
3883 727
7466 1732
1050 2574
4060 8651
3118 1043
8509 2228
3453 9834
2037 707
867 1879
7867 1086
9797 8358
4776 7794
6827 9605
6792 1421
7174 6474
4321 30
2059 8384
3903 4636
1484 3772
98 6149
482 9816
3692 4975
9593 262
7253 7138
1873 947
5640 975
6277 1588
8421 2180
700 8053
4957 7071
3780 2314
3758 9297
8927 3654
7915 6588
945 4801
7667 8342
691 4813
5414 7908
17 3017
8004 8945
1280 8080
218 899
7459 7875
2646 6098
4267 3767
196 4049
3315 2458
7259 4835
6838 5483
1342 6586
3031 4386
9176 1391
1952 8952
2225 1681
455 5168
6187 8604
4685 1045
8690 2522
1301 2168
5678 1271
3302 3714
6464 2393
530 4701
7914 979
8323 745
6781 3241
5869 14
2034 689
9128 5942
4780 9934
9846 4639
4676 6717
7898 2041
4335 33
3680 9845
254 6909
5898 5771
6454 832
6898 6887
4689 1411
5748 882
4508 5954
3033 4910
9277 2184
203 3161
8662 6066
6704 9904
6773 7808
5126 8668
4052 9279
2861 3673
6556 8234
2855 2694
5127 9453
3168 6129
663 2104
5393 8749
4995 1606
1680 1116
9099 3364
8854 3426
6417 3421
149 4373
2054 2871
6813 5678
7925 2269
2262 145
4560 9395
7703 2289
5817 42
8759 9745
1566 9732
8585 2610
1381 1274
8773 6951
9958 6689
5378 555
3776 6683
4670 8150
7530 4970
1223 8297
3257 6121
7790 3820
7295 1850
1044 9094
9447 9405
6296 4707
7214 1932
8639 7521
5094 6785
1060 5769
4896 9517
1415 8032
707 1368
5291 4259
1347 797
9605 6843
2669 6604
7991 2907
4068 7475
3074 7663
8185 9887
236 9369
7256 2975
2678 8999
7158 334
4882 5033
4787 1050
5834 3610
6307 2462
8098 326
9580 4060
1419 4124
1116 564
627 9421
4575 2365
5952 7969
9150 2273
7351 4301
7075 8404
8094 8022
2199 9803
3654 468
8638 2027
6433 4647
3043 5913
8138 4690
3484 4354
1399 9458
8593 8203
7104 6844
4572 9113
7531 9410
7546 488
2123 3849
3513 9561
8241 4427
2354 8829
3897 2968
3669 7800
5262 2033
3878 3634
6007 9106
6817 5877
6244 6361
4354 1333
826 5813
9963 5321
3281 3380
2602 3926
6697 6911
4478 339
2761 286
278 1887
2418 3471
8720 7465
3599 5304
6324 1407
5989 5551
2533 124
5195 4331
4080 5552
7852 6024
8395 8613
9463 3117
7519 6788
8674 9958
5082 2506
5763 663
9206 2712
3639 2905
1521 5079
5896 1270
2596 3814
512 7813
7680 8662
8878 8072
6651 1366
4249 3832
1449 4789
4364 1674
959 5964
1813 8174
7063 8544
469 1191
4946 4698
76 1936
7859 6330
2939 9050
2484 4988
2183 9556
8962 692
8915 2763
2591 7939
391 9152
4616 886
2731 4506
5991 1441
8245 37
2356 2727
5213 709
5756 399
6276 5622
3487 9091
9312 7029
4398 1736
5301 2637
1650 2504
6249 6686
808 7912
8606 1379
1573 3137
9844 9142
9017 9129
8358 2262
2330 2551
4237 4716
4257 2275
2550 2929
3860 7257
148 9484
8842 5791
2721 9000
6158 5710
5368 9798
4985 9667
6684 8700
3967 6213
5159 285
2232 8392
7675 3665
7590 7992
2755 3334
7417 3616
6942 8803
9733 1202
4012 549
72 7760
5737 9704
7478 9575
1345 7557
7576 3952
2339 3075
7725 7924
810 2478
3093 1540
3251 1451
9969 3481
401 9358
4739 3948
7877 5328
2891 2488
5651 9908
9269 5869
2102 4571
239 1611
8322 6569
9858 63
1117 8279
8361 8674
9198 4276
5775 1771
8221 5070
4920 4655
4001 8321
6596 6029
8071 3684
6698 8137
5295 8912
7395 8033
9058 9333
4909 4405
6554 8307
4546 8440
8101 6130
7624 6894
9079 3427
2612 8236
4430 156
3868 3585
9900 4226
3932 5603
3472 6910
5091 6147
7045 2747
1139 2418
2313 5185
4942 4054
2340 6380
8125 1361
5357 4662
4243 2060
3688 4456
6847 5624
4204 8156
7542 5161
7822 3510
3601 572
1639 3591
7905 6558
6577 6632
2163 7047
7091 4214
7120 6907
2647 1071
6071 998
7844 8379
5260 627
5980 5962
2458 4915
374 3205
2910 1187
8716 3236
4093 5657
501 8345
383 8433
2819 1549
8501 481
3649 1080
6145 9533
9156 1139
1895 3184
6437 8693
9308 6691
7403 1931
1441 2246
7571 3708
4155 238
9871 7388
2801 7154
6884 2772
35 6861
6870 1166
9568 8925
9527 6830
8298 1172
4189 2798
4537 990
4940 3391
1528 57
3128 6478
6344 3144
3662 7978
6839 9271
5613 1377
9681 5388
8758 6051
6471 2000
1190 3250
9923 5600
6808 3731
7904 2500
8181 6542
5482 2769
5708 5738
3679 1835
3237 4740
8152 6853
9034 4658
2016 2152
8052 4479
411 7227
1993 4179
4255 1766
4378 7066
8964 4051
554 5456
4422 3955
8215 3617
3521 3595
8286 7922
7125 99
7462 8784
2907 7012
513 7929
6064 7727
5319 2483
7030 3374
2279 7873
2668 8560
5794 8970
5134 4196
695 2309
3831 7916
570 6537
5237 865
5312 4101
4302 1458
5036 3509
9059 9619
6687 8465
5767 2537
8732 2507
6739 3648
3909 8611
6426 6338
9636 4891
6031 1431
1912 8593
3930 7146
229 6060
9127 2980
9890 7410
537 3099
7936 3111
5314 9004
7418 2635
3736 2818
6708 4881
8540 7408
339 3257
1196 8331
2112 194
5796 9265
6342 5654
8022 2852
7843 5429
8695 2561
1673 6968
7260 2608
7713 7250
8844 9961
8444 9953
607 8738
6263 7564
7126 7255
133 3036
5964 3894
4516 2997
4142 4263
6617 9440
859 4204
3767 9776
579 8380
1659 2749
8104 1900
7138 3852
7806 5162
6955 7264
1470 9301
9233 8688
7708 1331
2471 2618
516 440
2664 1840
2166 3978
9362 9227
5068 957
9411 9498
6202 2720
7189 7950
2197 7233
7185 7749
8603 6365
3176 4391
2426 4749
8790 9919
8069 1487
8080 9299
2240 4932
8130 5322
9513 9006
1055 4422
6411 4115
5742 3636
1310 9974
4871 165
5508 9792
9948 3249
141 4482
6745 2718
4740 3995
8683 8201
9004 2363
3814 1453
1023 173
7026 4271
5416 8486
4389 1019
4756 9178
941 8857
2560 6722
9365 216
1603 2713
9210 3972
3988 2023
7424 1351
1637 7069
5054 4453
7357 6516
7641 6605
8480 1629
4152 7984
7581 2835
3875 2098
2735 3087
3479 5412
1764 2557
3263 5009
5618 6280
2375 5530
6969 4721
343 8717
7352 3932
5397 6720
1235 7439
4677 6801
2444 6253
3585 9218
7093 2578
153 2696
3154 8212
8781 8687
6910 8366
6002 70
6951 1941
1048 1752
453 6364
4107 2316
8339 7681
2985 4832
185 1479
5044 8906
3576 1791
8293 5635
4366 6780
1908 9987
7232 9442
5944 3839
1863 6200
4065 7851
8742 4295
5897 5104
4772 9365
3716 4547
4291 4719
3703 6311
5746 7201
2998 9290
8461 1403
1269 3914
3915 1522
6762 7732
2922 5130
478 4464
1022 5397
5230 904
9399 9892
1325 5423
3677 1130
9510 271
6303 4250
114 688
7567 9541
9309 8169
7468 7278
8622 1797
7224 4577
1061 1573
6359 4499
688 7670
770 2915
1363 6391
5396 9022
1609 558
1092 8340
8588 8020
9328 3039
3098 8957
2900 8612
3196 6996
3273 6057
6385 7943
4096 1890
4095 2725
893 7082
3288 2643
5155 2582
1531 5632
3672 789
5647 6547
6671 3968
8956 1928
3025 1268
8222 6414
6116 8704
2116 9166
1078 2451
2072 179
430 6436
311 1692
5138 6574
2589 9047
5803 258
538 3122
9666 4995
4948 8263
8743 7845
9514 5174
3225 409
3270 7618
3987 6649
8771 5717
804 6237
7113 2644
8332 8842
5034 7038
6077 2703
951 5821
296 9037
6830 1496
4474 9946
9227 4414
4585 4830
4528 9201
6633 5979
2381 1574
3009 3520
7294 6866
6289 1543
283 3324
593 1821
380 7488
8939 8929
2621 8334
4699 7020
6625 2590
4460 2220
1636 5725
3396 6782
3702 4912
3527 9962
5510 6155
1789 7863
5172 5367
4295 6998
8090 1212
1067 3913
1923 4468
6219 6429
5169 201
6797 528
1189 2773
2584 7018
5548 5384
1643 25
1585 8884
4239 2606
7974 9788
4568 8146
6243 3010
1059 7981
7002 62
6979 2089
4440 5629
7851 223
9750 329
7415 60
5565 9143
7430 6038
1319 1511
1251 1748
371 9782
5995 913
2974 8694
825 3579
8940 7569
2529 2332
2186 5117
725 5540
8246 5418
6156 3720
3714 8807
8865 6012
9978 1981
3928 9943
4247 3623
8172 6947
8733 4323
15 6218
939 7805
2820 8950
524 9867
8796 8834
7435 7357
3345 4794
7166 4924
3024 342
7498 8561
2579 2926
7160 3912
6273 2587
3239 1014
5079 8565
9604 6397
7930 8868
5078 1677
9791 6561
178 6105
5367 1096
5814 6075
3787 361
1380 735
286 7874
9951 9283
9597 6851
8295 8769
824 8434
2180 8542
3267 7463
4663 1282
9369 1223
6006 5300
6410 8549
5392 2909
0 1520
8244 4334
7931 7745
6270 2888
8918 9044
6987 1097
5772 2193
4055 4030
1729 9137
8166 1614
7054 2210
2250 383
6087 9869
7788 4254
6346 2058
2202 7947
2243 2836
4794 6616
6457 6199
6601 1621
3001 3425
7503 2962
3623 4960
6770 7983
2527 5714
101 336
581 9747
8937 9539
212 4083
5175 7624
3828 4299
8726 3150
8892 2715
5933 372
8719 9364
3303 2146
3847 2165
8260 9360
7230 5147
7280 7881
9883 8188
9234 3994
7327 9923
3296 34
1769 3703
5408 8843
325 5959
7439 2867
6323 1102
8731 1851
5686 3935
6441 5477
88 4682
9721 338
4038 1971
7981 2441
8656 8768
2248 2373
3742 3270
1096 3842
6842 2117
7850 7149
8400 3853
328 8354
1224 4336
2846 4591
6092 3100
8378 1853
1148 1814
7372 8595
5518 7037
708 8960
446 6624
3895 2279
2281 5202
4823 836
1844 9650
5242 7000
3134 8298
8643 5587
9663 917
8243 664
1321 6042
1815 6431
9732 9002
8567 1197
4271 951
6618 472
4421 4114
7263 3543
4190 3735
9203 7118
1958 6810
1697 2450
8813 8910
1947 7113
9322 1420
4895 7595
1331 4127
7354 6156
5411 3273
4757 5256
5564 2347
3807 2230
6102 6842
7661 8909
9726 189
6184 7314
1798 489
4158 580
6004 4918
5086 6505
8038 3915
1887 830
545 1539
8091 5971
4535 1585
5863 7381
7693 3998
9341 2417
1144 8598
3076 5007
2798 8228
9990 962
9382 3271
3722 9202
7326 5853
3362 1837
1453 6376
8823 282
1812 3719
7353 6219
4802 8262
667 6350
386 2298
4608 2088
9928 9321
7144 8761
6467 5012
7297 4792
4491 4371
3631 6734
1281 1885
1119 2883
2921 7556
1942 8630
6251 7450
7769 9340
5419 1862
5207 6216
5456 4885
7346 8428
8340 5591
9295 7180
1872 9693
1654 3956
4990 6318
9644 7243
6061 7601
1788 6840
2741 4895
432 5960
7839 4756
5097 4977
6574 3025
393 6964
633 244
4553 5727
3619 6309
2060 2198
3707 6340
4906 127
4437 4398
1446 4632
8611 4866
9298 9040
3086 7744
7732 4557
8704 8336
7318 2957
4554 1125
2327 4484
8077 3280
1854 8190
8382 2768
5654 44
9869 8763
4083 121
68 8323
2652 7936
4850 6963
6999 8247
8092 7596
2794 2921
6862 6236
5083 3637
1254 3827
3577 6669
9835 7730
9526 5184
5382 8603
5245 1470
8049 4790
2070 4089
4581 2340
5270 6158
6954 6733
4051 2357
5591 6527
217 1445
6146 9840
9136 5618
7535 1675
5582 5848
1722 9559
9124 1066
8149 5192
839 3326
3531 1948
6233 6203
1679 7844
5255 7500
7685 6072
7440 4802
8201 974
9443 5198
5528 6466
8179 1795
1488 4649
8561 8230
1492 6123
414 9228
7513 458
3881 3698
9864 351
5489 7326
7397 2625
1733 8521
9395 7738
2038 5015
8228 4679
6948 5663
6682 1301
6582 625
9472 2702
4104 4219
1024 5715
4120 8283
1277 2934
7618 4613
6382 3278
6626 3777
8195 4073
836 5754
7191 5266
9400 7183
937 866
2791 930
5380 1607
2098 5228
5187 2851
9615 4344
6130 7076
9561 3368
7 5056
204 5557
3724 7124
9981 9147
8841 5522
1696 1340
1907 8881
5113 5469
877 5875
8860 8509
3574 4070
942 4146
9284 4474
6841 3202
5634 7075
4838 1227
3375 5191
645 4612
5128 943
8997 3126
4079 4241
8887 5577
727 2368
2300 2563
2412 4838
9245 8806
7707 3164
1413 3461
3727 3129
954 3951
866 4760
9760 3436
776 6783
9709 7007
654 5805
4519 5970
9562 7843
7621 8222
9704 2227
227 7194
1974 6499
7807 8192
7719 3574
2402 4365
5001 7675
3474 601
7759 8540
3966 2249
4116 4160
3468 8556
4853 7017
920 5966
372 248
4801 1533
3549 6515
7227 6929
9555 3963
8470 3254
4812 982
5538 6938
5117 5810
5983 738
8757 5828
10000 3490
7010 573
4715 366
5682 5115
6030 5847
160 839
4742 5998
4351 1964
4327 6103
5424 1563
6515 4732
1868 7280
748 1810
7987 7035
6529 6507
1114 2770
5852 274
7097 5276
7588 5209
8372 9969
8564 9925
803 6032
1034 4203
3415 5746
9003 2170
9614 958
9392 6224
8788 748
5060 1656
491 4985
4761 3428
5848 8927
6021 2128
817 4291
8774 9473
6236 9926
3508 7366
1074 2428
3871 5339
5880 5488
6500 8012
544 8062
6203 5195
6901 9459
5070 8349
7932 9173
5435 7119
3682 4465
4614 7724
8679 47
7515 6492
6154 7579
3668 9291
452 2077
8032 626
7476 3156
9520 6642
6282 6092
589 7419
4146 2859
9548 5984
8463 4378
1387 4596
6913 1230
3775 9863
5999 5082
766 4477
1485 9266
2536 5055
7729 2021
4746 4702
5663 9586
7605 2805
4934 3028
575 5030
8655 7696
3383 9153
9335 5905
3522 4121
9330 365
3129 7687
3101 594
5029 1252
3147 7534
3458 7046
4470 680
8118 4963
6167 6475
6334 387
5050 9133
6491 1731
1841 3705
7684 1410
7330 5641
4161 2612
3312 7662
9207 8410
5327 5856
3593 1989
3117 1013
3559 8563
5982 5742
8785 1228
5025 7112
2553 4563
3431 1871
4451 5785
5600 1310
3986 5018
7997 7762
368 9374
655 2581
2440 4534
4727 9116
729 5041
4857 9981
5751 2733
5521 1134
3751 7944
3268 1107
3079 8875
2517 1605
7923 4554
9445 7379
792 3927
2326 6920
9888 7260
353 6877
6143 6692
5219 2993
3830 9729
6758 1775
9511 8933
1343 7332
8607 4387
4164 1783
4357 934
990 7086
3804 4575
3799 3521
2172 2799
7795 7559
2803 2680
2347 405
692 4812
999 4236
2360 4145
4063 8854
9545 6246
7508 8940
8599 4973
5786 9578
6650 418
9311 1243
3796 812
3518 2837
313 6464
6800 5236
1901 2069
3640 952
7492 3544
1093 1426
4944 8165
2574 7433
9344 1577
8103 2391
294 9172
5191 8577
2899 2860
5902 3004
1546 8649
4854 4686
3515 671
3979 5254
8535 901
3238 4152
682 7774
7394 4491
509 4233
2092 5894
4894 5751
9761 5545
5190 5508
6531 4356
4513 6660
6019 8899
5888 4929
1757 3843
6922 2816
8787 5529
1245 4579
4372 6339
3090 508
9537 4364
993 11
7637 5420
1905 4517
1 890
1408 2887
237 6112
8096 263
1350 3757
864 5526
6941 1592
7475 7852
5932 4972
2355 8548
78 7630
5699 4170
8812 8827
1630 511
2526 3213
5166 6591
399 8122
8995 5080
4455 4502
3194 1464
1043 5294
8189 5614
3575 2422
1164 5723
408 5731
7199 4703
6925 5563
4830 8309
2348 5660
6080 5645
5328 6707
8750 6030
7401 7394
2508 1919
7340 9814
6136 7291
9455 959
636 5489
4229 6220
1889 5561
5929 46
9870 3563
8974 6961
7422 676
9737 7714
8491 5066
7742 9513
2844 5925
9386 1147
780 7705
1761 5478
1652 630
1778 5794
5471 94
9466 9179
4163 2781
8415 6864
1493 2614
7276 7219
1780 8482
2169 7272
9320 2880
9216 9543
3180 3060
1850 1330
8968 5597
9135 3469
7504 5027
9430 8501
8236 4609
1099 1523
6406 6978
1586 8920
8707 1258
1734 7328
9563 9468
4885 9862
6764 7927
7604 6389
300 1311
3230 7103
4218 5307
7825 5653
3409 3887
9574 9226
3081 2057
5425 6054
3068 2123
9643 7094
6035 1357
3148 6493
1361 9657
7286 5085
317 6912
2095 6186
1724 1466
1191 8932
3094 4407
6728 6725
2829 8908
8751 5371
3644 9276
4613 8418
3760 7925
8099 863
4639 158
2497 4220
4258 8426
7532 1434
9027 9273
6641 3621
562 3480
9035 4604
8647 6494
421 4316
4157 8732
8462 5275
8943 1669
9278 3333
8140 5462
3784 3149
9589 1565
2049 8427
7038 9239
853 3499
9515 5364
1239 6348
8142 1106
2841 648
738 5249
5878 4085
6856 6895
9496 7789
2582 2554
9370 9024
7848 8685
932 8181
4645 1162
4305 1438
3418 5566
8764 8344
3114 1099
6258 7181
5059 1209
564 6882
8548 3168
3058 1534
7547 2401
1880 9243
8503 9976
7906 2797
4692 6567
9267 8180
2552 6721
4797 6327
5256 9327
5412 1720
650 9394
4754 7290
6658 6308
5010 1408
9488 1374
6785 785
1827 9579
7776 1397
8708 6812
5894 9407
9259 854
8334 6597
8794 6702
8100 5075
2353 2706
6836 3352
2918 5239
5996 9388
8820 82
1057 8621
1550 2796
6795 7859
8523 2016
2528 6821
5460 9221
6402 2600
8345 1867
4143 7459
5976 8978
9241 8901
5728 4292
6866 4452
7252 3785
2909 9644
9085 1664
3882 2884
1728 9018
3641 9204
3734 7420
1816 5967
1278 9169
7032 3191
5680 6497
6555 9971
3845 3769
1391 9684
9868 821
7528 460
3791 5416
3144 9176
6835 3268
2443 9495
3993 8042
2648 2008
9305 9944
9712 6294
7456 9483
1111 5273
894 3553
7210 3456
794 2865
4722 6939
132 1785
561 2896
4456 3516
5593 8377
3754 7509
2055 1222
5231 7060
6928 8822
6409 2065
6315 8339
2724 6599
604 4244
4773 6932
4864 6432
6663 7202
6996 7362
4443 8967
172 6297
7004 6652
216 7134
7858 6656
6305 6076
8227 1956
3301 8752
6883 1075
6297 3007
3547 7022
9044 7405
1977 8866
552 2160
3560 2624
382 1873
7793 9098
2717 8766
8360 2683
2338 9571
6592 345
6017 7043
6602 4815
1755 310
4194 8550
6873 1927
7842 6313
2066 9770
9966 6178
2343 7145
8863 2455
965 1118
6163 2419
6173 3472
8595 3200
9534 3779
5153 428
1677 4426
4410 9325
9686 4448
6081 9726
519 7864
8451 7372
6363 6222
3275 9092
3914 3147
8546 3696
5720 9354
3226 3871
5003 7057
8087 7748
3319 2533
1973 125
6915 224
2892 9825
5413 2414
5208 9130
601 4400
1562 2143
3231 3487
496 6212
6896 5521
6623 3069
2630 7164
3587 6210
7518 9049
9738 8524
5108 3488
3132 3189
510 7539
9773 2367
1221 1135
793 1304
8271 5340
6060 1886
9089 6630
9172 4666
7239 5628
3948 3437
514 3199
121 7567
6279 162
7077 756
763 7726
2808 6002
8705 7876
9716 3088
5186 4628
4898 2876
273 8664
8504 8310
6522 7634
5780 4718
4250 9435
7461 2404
929 6185
9270 7583
3023 2156
7762 4028
436 1028
8909 8043
5949 4040
7350 357
2373 687
1409 7503
1611 3811
3379 9443
7615 6110
418 8330
4087 5405
5359 3026
9789 8401
2537 5087
8280 5461
9898 5802
8020 295
3050 7570
798 9223
9670 284
517 4045
8936 6529
8680 4151
4827 2803
4411 1784
771 470
8910 7499
9940 5565
2119 2073
9256 3325
182 2838
7731 3052
5313 847
9653 6470
7964 9648
9853 4976
1786 5395
2155 4544
5973 8673
7938 3086
933 1880
4345 6111
2496 7780
8217 2944
5791 5424
3533 159
165 6659
2831 5598
1760 796
342 6093
3503 2517
3213 880
6946 8503
8552 7957
7035 2544
8062 6033
1124 9344
1417 2700
7583 783
2535 1856
4497 9628
9056 2296
2362 7446
3675 1145
4743 1750
7617 4013
143 1552
896 7358
5158 4184
9002 4243
6960 2134
6414 1660
815 7792
1037 1435
7203 6816
7505 1716
3749 5264
4137 4553
6653 1633
6106 5899
6373 1344
5961 6859
8394 1112
1075 4252
9834 5953
4303 9154
8511 1372
6974 449
1832 9319
126 8497
6818 2142
7137 1326
9744 8968
1632 287
2722 8226
1897 6759
9973 8182
7811 5361
6897 6299
9383 5471
397 8845
1454 2782
4557 5216
3863 5428
6482 3031
7870 4856
8515 6005
4099 3435
7284 9864
6228 4393
2548 5166
4621 2791
6714 6546
3833 6255
5440 3822
2455 2939
1186 9697
8193 1946
1773 9011
4266 5513
6532 792
577 9512
586 2051
2777 1259
234 8217
1098 9775
6388 8730
1209 8743
5373 4877
7087 3051
9498 2078
448 4573
7656 450
2422 4147
7595 498
3166 9568
677 6899
5707 51
7510 1332
5268 4617
1522 6983
8299 4956
3366 9658
1770 5470
457 3209
7900 7809
8670 8602
6844 4600
8589 4112
3435 644
4658 4657
4604 2132
852 892
2048 4691
3465 3190
9881 9920
5672 7930
890 6359
6927 1626
9086 3800
8268 3016
8634 805
3349 9203
7845 6257
4707 4580
18 8986
961 6534
1740 5518
376 6241
6924 4495
2863 6967
6807 5759
4805 7507
7361 7289
8428 817
900 1688
6466 6026
7062 8432
3276 835
3141 1634
3961 6291
5790 4735
1458 2748
8136 2766
3060 4971
4875 8232
3501 8100
8914 8826
456 7160
7955 8052
2823 3834
8547 3342
188 3085
1003 7208
4668 8777
6340 7437
1792 5656
8410 2547
2456 8652
3010 584
678 8942
6726 6879
5277 6901
438 2560
6943 9576
8362 7322
5173 9773
1437 8492
4283 5952
5298 6019
2587 7871
7629 422
6809 1673
2046 4619
9528 4296
879 9212
578 8362
6646 1276
3782 4785
4435 5761
8187 8714
173 3078
3849 1544
2551 4884
4796 2584
16 2185
1965 5974
364 4385
6141 7736
7733 3991
5517 5401
4515 81
8128 5164
7979 4066
4342 3438
5806 7148
8541 9043
9323 3850
5409 5092
3996 1826
9620 6531
9345 4535
2947 9045
4908 1763
2475 8325
8347 5590
7737 4327
9509 2978
2555 9800
1031 8653
8930 251
8598 8840
6756 864
2661 8352
4921 8974
2836 5031
5402 8355
5072 7661
5588 2730
34 3511
5659 9323
4382 7960
5706 1468
5741 1076
7928 8645
743 6501
9195 7460
3827 2952
3 5232
2273 8415
9775 6489
1241 7468
1433 2955
8797 8590
7161 717
80 3405
6761 7108
9164 5569
1156 203
6091 4285
3595 2987
333 7054
6674 8780
5919 8791
2628 6034
4887 2767
4638 4265
8898 9124
9621 6585
8951 926
4972 2771
8650 221
8544 9338
6918 1799
7027 3297
5308 9921
7019 6900
2696 504
4765 2510
231 1733
7511 4814
4493 8679
2963 4726
6585 3045
3710 6139
166 7993
1960 7767
4804 2927
4064 3288
8578 6453
6341 6838
9189 4606
9894 989
755 1055
1837 2900
1592 1608
6619 720
4041 3098
198 7133
6354 4605
7818 185
2091 2438
8528 9507
8039 3627
3496 1416
2978 2354
2871 9852
6724 7286
2954 9501
4113 6765
4495 4402
1598 8862
7901 7511
3462 3896
6505 1718
5410 1645
5513 1777
5133 8399
1762 8596
4294 71
2895 7151
4011 9639
4766 6175
4886 3899
6230 4321
9896 6646
2069 7275
4053 7167
7754 379
3666 6161
8631 9916
54 7949
8123 4704
4863 1078
6958 5882
3671 667
4933 9074
7080 1141
6148 6371
164 3151
7753 1286
94 1639
4035 7324
2502 940
7201 9597
8756 1700
9815 3459
5222 3158
2626 316
4350 6003
107 8016
2880 1447
9602 1754
4694 9039
2423 4472
7025 3911
2514 500
6692 6666
8614 435
614 9591
7098 868
4813 1335
6886 7474
348 1221
7339 3577
828 2784
540 3728
5624 1338
8413 8873
267 9764
2726 7034
2331 6179
4901 7786
9214 2271
6699 6443
201 6243
8583 5739
720 9932
6668 7810
7157 2956
6403 3003
3214 4283
2738 1707
2454 6114
3339 8474
5053 3063
9977 5721
4973 850
3318 633
1496 9880
9993 3343
8604 3888
2058 1396
1025 3317
2495 2974
8520 7546
7332 5862
30 6174
2505 6201
4018 3244
587 6487
5035 5170
297 6226
2663 7222
1799 4635
3250 6817
955 6808
7764 7204
89 1742
4297 5948
1807 7184
7775 1819
6939 6532
7342 2092
5747 9447
9880 6329
3269 5302
3201 6685
2684 5054
9043 7191
5876 2338
8961 6300
3495 3277
59 8424
3363 7074
2860 7494
8755 4853
9242 5381
1877 7802
1775 143
851 915
680 3749
835 2932
2474 4905
7968 425
9941 6206
87 7676
7053 9162
4781 3015
8888 556
8329 3110
5461 4311
2253 6852
7173 364
7831 5245
8831 8261
8457 9761
1858 9785
2745 5267
626 1178
1146 4674
5093 547
9402 392
4238 2454
6250 7931
907 1194
2518 2615
1128 1273
7408 6343
5985 5189
336 7487
2366 563
9936 2232
6932 6723
2822 410
1517 431
3483 8259
5500 273
600 4892
8490 9235
415 9216
5783 751
7773 8065
171 9805
8852 369
5965 9549
5968 4490
6890 3424
1763 249
24 8672
3205 4734
3886 5502
9651 9157
8397 5586
5945 9620
9927 2456
503 2717
7059 4672
1490 7606
2175 4015
4373 1846
4969 7360
7896 4669
274 6636
8308 1242
8984 8375
7591 8396
2719 2817
8627 9491
820 2054
3017 640
156 3416
1487 6438
8319 6087
257 8359
8839 2626
8106 5132
603 2381
9474 4118
7910 7244
7635 2556
704 8762
3324 6458
6587 2328
7926 4914
5619 4516
9777 4208
7202 1501
103 436
9759 1003
1384 8631
4574 3243
2976 3848
292 4360
6722 6831
4412 6631
6551 2145
8496 4288
4738 354
7918 93
6586 9508
8978 7612
3550 3246
7998 6990
1026 950
9617 652
4287 741
988 6752
2259 4200
2656 482
6861 1999
9279 9616
4623 7473
9918 6341
8576 1433
9841 5965
9764 4574
1723 8930
1418 4959
4549 8808
9202 9057
4650 6173
9999 6589
4687 3504
8137 5126
7406 4641
6003 6559
2842 8374
9535 2048
9575 4314
715 461
1159 1559
4777 1233
1118 3716
1752 24
6451 8728
2862 9734
6453 3741
8351 8770
9995 8320
3520 1226
3693 8995
2325 2857
1461 1400
7760 7501
9633 2351
1509 6119
4624 9730
9367 6764
7234 8390
6931 7699
5641 5318
6032 126
3146 6881
5309 7635
7669 1446
1929 5986
81 8108
3037 3177
8673 6551
9416 5956
6891 5584
5439 4983
1938 9686
5215 4871
4148 5978
1702 9138
7068 293
5858 2550
7319 9258
3968 7477
7101 1059
3835 4706
3437 1343
9403 6118
2047 7633
9665 3102
8311 3949
551 9317
6162 7259
4890 7903
5872 1833
7170 8116
2031 3375
6860 861
9796 3846
5055 2432
7145 5638
2137 89
7662 3411
2043 4488
5994 8719
8380 2795
1234 7655
3447 4849
1366 6758
3912 4352
1238 8398
6561 3194
3818 7168
1626 4859
6301 4096
1232 8470
3763 8208
1904 6648
8301 3327
8405 3750
4632 7997
2406 134
5488 9070
4979 4933
7129 5548
5130 5400
3042 6778
9008 3321
9347 344
7442 4340
1292 9499
6333 2922
3030 494
9902 6495
7124 4618
3877 3048
9177 8966
2410 876
6829 4433
1448 4922
3242 1904
7752 3745
5990 4968
9935 654
8492 6467
7853 8448
7606 3882
8009 463
2750 1747
2540 3232
8752 8179
2951 1659
9045 9609
6294 9496
4945 3204
6852 6345
9134 5016
4848 2035
3004 465
9677 725
7827 6302
3815 5292
5822 9691
4861 5251
608 1115
9052 1772
6016 4868
5131 732
6736 3792
3384 3396
1951 7349
6968 1081
9720 3629
8484 6154
1746 2970
1027 7122
1739 8889
3412 5175
1122 474
6266 4561
2229 373
2004 3633
2120 8105
7455 1560
1606 6644
2309 844
6078 4539
8223 3512
4512 6258
4374 467
8083 7666
1505 9343
4643 8411
1113 4163
549 683
9153 9159
6380 7375
2889 6194
5446 8494
3069 7039
7799 3775
7386 3354
1308 5977
2611 2649
8471 5159
1515 416
7664 9350
69 6511
5024 9315
6645 1148
2111 172
7698 7470
4469 1127
2437 447
8194 5697
7362 3322
2982 2251
1730 2686
8059 2831
1888 7713
5282 7816
3614 7769
4784 9320
6709 1305
6599 651
8947 8290
6909 6556
4017 2233
2247 7791
4817 3006
2586 5071
7419 4097
3286 1710
3630 5866
3174 8886
447 7678
1497 3693
1475 4222
5781 8617
7559 7763
6519 7215
1581 2736
5342 27
2269 9199
6552 2966
7407 4727
7312 3841
4706 9680
2307 9193
1524 5996
4865 7541
3942 1892
9118 1804
499 3758
4094 906
7472 2546
8343 6949
9100 448
8851 8841
1284 8288
6262 7905
8891 6413
1613 7990
6789 4082
4837 7703
9725 7319
5418 1444
6665 5037
49 561
459 1120
2103 3073
6084 5059
8285 8640
786 8076
5151 3781
3046 5196
2296 321
7335 4098
2090 2040
9366 5492
8437 7469
1265 8202
7916 6104
5221 8676
8582 6906
2045 8473
9921 710
903 5389
2934 432
3469 4542
3344 7799
2217 9896
2521 2854
3328 7987
2868 4357
8313 9590
8640 9859
4732 4640
5825 9779
3343 8938
4561 6550
4180 9246
9105 6796
3891 9339
3698 4947
2510 1491
3821 1316
5838 3829
1747 5455
6043 1586
377 8594
7116 3981
354 4187
4881 111
7534 2096
6610 1198
1290 5753
2035 3886
1440 1077
1423 7334
4454 7320
4788 5693
7787 2310
4661 9298
7240 5299
4380 2519
9827 9846
8095 8898
6669 4324
4075 4440
8772 2523
6468 337
1802 4370
6000 4142
3150 4725
5650 3019
8317 506
3607 6584
3905 1701
4709 1905
9714 3467
8999 6953
7613 7977
1309 1922
2942 8221
3178 7940
8556 4846
631 8160
6134 5702
157 5830
6926 7620
2006 9431
263 303
8507 8149
7598 9230
2743 2636
1552 8695
6972 6847
9818 2183
4814 112
6287 3554
4815 4018
4326 7535
7674 9760
1377 7313
840 3130
8558 9079
146 1146
8575 2356
7650 570
6540 6402
9336 6135
9794 5495
9817 752
6131 7352
4210 2108
8003 3983
1545 328
4483 3558
4771 2666
28 6011
4453 1249
9297 7150
812 700
3813 9552
2349 4408
3772 4195
6571 3328
7085 9493
9506 2157
892 5972
2971 5546
3115 2953
635 4589
8957 7544
2697 1769
3467 7839
9639 1318
1287 6406
6833 6071
7501 5524
1772 8136
9410 7708
111 3657
7188 9848
2301 670
4385 48
5470 2690
9763 6748
7726 3397
8646 3945
6182 6611
6128 2283
1174 9167
1056 9712
4836 1490
2702 8893
7894 3260
6045 6684
4479 2175
7644 7631
7146 8871
7573 1510
2867 1906
5417 346
9261 8057
8921 3082
4397 8462
1329 6548
6074 5868
7421 1528
4603 6451
8376 2115
1208 668
5300 7443
2449 4253
1980 3014
943 2244
7467 3941
4274 9131
474 1306
6638 64
5406 4480
6802 7005
3389 5839
4464 5857
4683 7407
1777 4507
2898 3218
8197 9672
7627 4865
5162 4783
1600 5444
6317 2457
4007 3022
5294 5014
7755 8495
1930 658
8848 3186
5615 6069
5962 6077
7757 2385
2152 480
9055 1251
5656 9791
1183 9455
271 2250
8568 5334
4367 267
4634 1169
629 7221
6627 193
8958 9019
1069 7432
2874 2304
9021 5854
187 2291
1471 4519
4597 8817
3436 3083
1809 5445
8430 7098
2395 5289
8700 9441
7265 2169
3047 4797
754 9261
4074 7806
9096 8512
5836 4153
3259 1089
5494 3465
2827 6144
4395 3498
7526 6279
1206 6190
461 1394
4447 1084
8184 1944
2134 1793
1081 240
3951 6254
7150 6522
2601 2564
9130 1531
2838 4678
1559 268
4275 3495
7322 3376
5987 9562
3925 6163
159 9025
6840 8097
2201 1320
3998 9723
7341 3264
4502 5250
144 9640
8876 1485
6694 8706
7414 1632
9485 8627
2468 5124
3980 2395
4576 261
1954 6009
3975 9573
1393 9521
4798 3341
7287 9841
6194 9255
4958 3314
5150 6445
2825 889
3653 1876
8896 9378
2752 2416
351 2056
7298 1506
4112 4080
5329 9736
5890 8036
9173 2856
643 2238
3452 7516
1192 2786
1655 5486
8304 5612
9281 7430
4733 4363
2509 731
305 9241
7443 9177
1860 5860
6222 7719
1753 9249
9109 7040
4981 5180
9566 3672
2321 6769
9945 7456
7243 6512
5147 6126
3477 9768
1434 4349
9610 2902
5601 6581
7709 4620
873 2154
5635 278
6255 180
5799 1725
3546 1297
2234 9205
5542 9802
4926 2673
7751 6176
753 6945
3426 50
5721 5107
7348 4081
9080 4774
8855 9763
4610 1652
5037 3042
8056 1210
433 5247
5016 5620
1855 5010
8027 3136
2935 7331
2394 1958
5930 4819
2287 1699
361 5515
722 4173
806 6459
3244 1612
9783 2898
5038 1219
8532 8657
9502 8539
8645 6921
2334 2318
379 4396
206 2320
5202 4000
699 6231
2357 2155
2835 1091
5599 9351
9070 1476
9660 3387
8944 6381
7514 1121
6507 1000
2399 8278
7499 1036
7959 3183
4994 9861
5921 6593
9102 4878
6685 587
8825 3295
3741 1884
7888 3669
4647 3529
9906 9707
7610 9850
3393 4367
3279 8015
7985 7551
32 579
6300 7842
3080 7131
8542 6540
653 9224
5254 8429
5910 190
4720 631
7220 5712
6576 6578
8240 7615
9943 8264
9275 734
1916 3366
6947 7384
7047 233
9956 6328
4449 5863
7360 8472
1257 5437
6085 7801
4793 6971
8352 3921
3489 3234
1355 888
9790 6836
1357 9198
1240 6273
4660 6263
807 370
4976 2225
2083 5796
4859 3030
1612 1684
1695 3527
7272 5393
1149 7644
7495 6256
158 6524
3802 1457
8730 2319
2920 2667
4262 245
2776 396
3825 6602
7485 8381
3598 760
1344 1628
3260 2963
3650 5436
1402 9711
3761 6392
2695 2652
2245 7897
3795 9673
6337 3046
6118 404
854 4590
5907 8250
779 7245
9872 7523
4463 5316
440 7953
8344 3855
9092 8413
2613 1090
4081 9813
7369 3132
6072 675
4591 988
6930 7838
9849 2493
2649 4343
5018 3582
1456 3587
3459 96
5758 6322
3953 5153
7740 1015
1776 531
193 7367
3866 4670
9197 3830
180 7095
6413 1640
1898 4599
462 6933
2718 2386
9613 2562
3348 8821
7241 3274
9903 9220
5415 1450
7561 6539
6024 8705
6022 3919
4333 1469
8479 7824
6226 659
4319 8964
8838 7665
3505 133
2896 1912
2318 2144
7399 2465
6616 8737
6594 3761
4993 8231
5670 7941
7130 4130
4504 2669
7110 9084
3425 6674
6404 3747
5566 9789
258 7685
4517 7716
8144 2301
2633 762
8597 1196
4874 215
2882 49
5628 6141
9499 3165
9607 656
3944 1583
6907 8924
2490 1473
9151 1829
2221 7906
9023 4781
1138 2629
8959 9753
1658 9336
3538 5571
9968 5034
4396 7528
3368 6004
9996 3770
7655 4257
5555 4095
5992 8994
1683 8962
1563 6577
9897 4191
4858 869
5244 6784
3561 3670
7895 9254
3440 4642
3369 1808
2930 6981
6113 8285
5732 8078
8534 1644
927 2308
6741 6454
7034 7739
2275 1143
3721 6794
4822 9504
6620 7885
2888 2121
5512 4811
2640 4847
4914 5122
5551 7092
2545 6353
1237 359
6318 9363
3377 3228
6984 3706
5531 8004
385 559
5621 5824
3189 8233
3632 1294
7841 9910
5058 7673
8084 376
3416 7110
7135 7682
6473 5449
7647 9311
2788 4552
5911 9490
4851 2024
2032 5543
6700 6010
1666 2699
8913 2267
255 3973
9247 5063
4025 6317
6407 3338
6575 1459
3685 6819
2028 6208
8411 9017
5197 131
7809 7213
7948 3806
9030 3793
1511 5613
5454 8058
4006 8216
2429 3986
1077 753
4795 7966
6283 5923
2739 9843
7392 3801
6499 4287
7333 4680
1349 6023
3387 8702
7683 9424
3978 3774
9304 2261
6425 7917
4169 3361
9706 9900
1941 97
3374 2342
3100 5652
2566 9135
3865 9118
1500 548
6448 4941
4128 3057
1678 7137
8041 4025
3519 8159
8469 3157
3985 7819
4693 375
4710 3320
7020 8119
6446 1021
8767 2449
3697 9678
7524 7048
989 2954
168 8641
1447 8457
2833 7085
7208 5081
5691 3569
5280 942
9082 1398
128 5089
6970 2986
5846 7241
1828 4930
5322 9170
1577 5025
6780 2620
542 6491
2583 5773
1614 7368
6988 8328
2263 7129
7293 8568
3493 5255
8216 3141
9804 4733
1649 294
5428 3751
8326 6502
1085 9307
2716 9679
4045 330
4728 8601
6172 8760
4943 421
4695 4161
1362 825
5875 9104
6281 768
641 6645
7246 4306
3332 7840
5606 6594
2401 8487
4341 7068
5333 8750
908 7621
5225 6184
8114 2
6748 214
917 352
8746 9531
8442 8879
5701 107
5702 606
7423 5726
885 3092
8348 8678
1272 7126
4197 7725
4008 8069
2010 2348
318 9567
8483 1218
2832 8242
4362 8246
6104 5650
7103 8844
4320 800
2448 2208
4888 4090
3853 3473
1291 454
6487 6484
1596 4896
57 2436
6527 3771
4769 5481
9020 1778
6642 2977
2350 7822
8384 1809
9974 4627
3580 5157
8738 6067
5002 5575
2246 6670
9420 8758
8519 4159
6082 6452
992 1307
6068 4309
1261 7869
1036 8034
6794 574
5879 9305
6476 9888
8163 9362
3743 1035
7744 765
8669 3077
1959 6457
5577 2998
3941 5450
4032 2071
2917 6884
7628 8131
1736 6027
4880 2260
3006 2676
3525 2205
9441 1719
8073 2025
2084 8177
3428 4919
7494 565
7939 154
3890 5493
7599 7731
694 1239
4503 9353
8793 8983
5247 9041
4269 7683
4622 5916
9782 5605
9743 2138
7908 4595
5589 6598
3449 5599
5757 5647
6335 2218
573 103
3739 8796
7962 9028
7250 6028
8506 6699
4763 3479
4375 5353
7600 2903
6298 6779
5062 8329
4124 6862
5862 6162
1214 4107
5570 3885
8518 521
5479 8308
58 6325
9937 8125
1741 4439
6051 2543
9373 2596
6183 8913
2118 6120
747 5896
1422 8993
2618 2173
6912 6418
7741 9596
7945 8305
4231 5616
4913 237
2815 4945
5042 586
3663 6061
7413 1489
2171 3953
5194 4897
8875 6316
194 3307
5320 8517
7200 3778
8312 5326
8867 1023
1000 933
947 8559
5377 6228
9859 3555
4646 7926
4132 4659
6894 5728
8399 9097
5296 8175
6914 8480
5473 7115
3228 8245
6546 2179
2765 5883
8385 1959
1852 7946
4358 1924
4714 3287
70 4105
6096 3786
4524 8754
6493 7153
1987 207
619 4684
2182 3816
4789 427
4752 4410
5835 8991
3997 8204
997 3656
5212 7803
6190 3566
1268 8894
8816 8491
1356 1704
6523 8406
7488 2346
1914 8210
5644 6572
9530 8468
8691 1283
1338 4213
6822 9077
3139 9082
5139 8361
1718 8742
2430 4047
4272 9688
4778 8905
1200 9156
5642 8681
5547 177
1551 3534
9910 5387
9222 4034
5967 5994
5101 8949
9022 8132
4070 4913
3728 1425
4224 6096
4820 7316
4013 118
6825 9069
2153 6050
5370 6745
6138 8460
4004 617
1507 6439
4067 6223
2165 1308
5087 6398
5160 1712
7658 8350
7743 4043
2328 8712
8427 9905
3427 141
9433 6195
7279 3799
7771 8785
5569 1998
9696 275
2215 8467
7221 1858
2996 1591
1137 5214
1833 6957
9867 9264
7791 4862
4105 5152
219 7239
4353 205
1161 9746
2931 5733
7127 2440
8174 4714
5568 5767
6547 7911
4072 6563
6475 530
5714 36
986 9080
4509 2358
8325 7121
8789 7671
1275 7369
8735 4979
7315 5987
8287 5431
202 1875
764 6496
6906 7647
9517 3267
3713 7938
8942 8897
3320 1978
9028 7106
6511 3041
9765 4850
632 2822
4892 3423
7699 7563
5951 3997
5307 5452
2291 9096
8037 3876
745 9048
3336 7393
4036 2849
3097 6549
5558 1642
5752 4298
7122 6440
1866 6662
473 4185
6010 2201
1972 3962
1207 5398
572 8335
7691 3496
490 2234
3571 7611
8013 9225
731 6767
9439 3845
834 9414
5181 6142
4193 3159
6285 8314
6881 3033
5740 2678
536 8017
2506 6673
3740 2306
5590 2086
1414 8077
8993 9560
4675 6815
7014 406
6853 2479
4543 6710
4501 7778
5511 9009
8264 703
924 5844
9816 4722
6050 1613
7592 9527
6693 8178
5922 5937
1986 4964
4605 5280
7721 5474
4334 4063
592 1482
3889 3050
1703 736
801 9145
8665 2731
4119 7525
7452 1969
7890 4954
3755 9625
1714 8804
1369 8680
1007 8619
7273 1617
3338 1947
8355 2870
8827 1314
3822 9635
4003 7976
3551 167
571 4091
248 2742
511 1017
9181 7382
19 6394
3271 2529
2775 7788
1306 4643
1720 5941
1383 9818
9183 524
3726 4938
9573 827
6553 9072
8948 8855
8681 5006
4240 9108
5533 845
5871 6001
1403 9564
8374 1341
8274 8317
2904 4724
3470 1546
2683 2444
5483 3402
2679 9608
8747 3821
3600 3484
791 7771
3922 4622
5074 5661
4628 2877
5674 8154
4322 881
8684 3224
4496 9595
5602 2933
8834 2022
2929 401
2076 5644
4741 9385
4167 784
1370 5246
9217 7062
4450 2158
6536 1830
5143 4133
2660 5554
9558 2473
8154 6773
3460 3494
1874 2804
4511 6387
7688 38
9024 8733
2238 7790
8116 5701
151 6905
6820 566
2363 3393
6211 3726
8550 2076
4626 7230
9847 5507
8858 3950
2692 2129
5842 8918
3358 6388
2742 2645
8877 8830
4471 7061
6379 2641
4729 8089
1835 8239
4989 8391
6964 3513
2787 4839
4014 8614
3353 9286
5348 1553
547 8019
3190 2668
2709 5900
9047 1493
4039 9653
7596 8981
2937 5073
2997 3831
4466 5861
1605 4
872 7657
7952 181
8864 1051
8131 4266
123 8625
3116 5494
8904 363
3341 2569
2164 5681
3950 230
6157 8251
897 4483
1610 7552
106 5873
3422 931
2393 6500
6422 9242
2254 8048
6857 5283
3766 9233
7541 4237
7828 1137
261 4594
2826 6726
5045 4748
3972 4368
8696 8665
9673 4546
4476 6205
1692 6873
5103 4750
9830 2442
769 6719
5676 7642
6784 6083
4587 9020
5583 6455
6408 184
6327 801
8231 3875
1890 749
2864 5706
3175 2819
6786 2243
3989 6483
3321 9161
5522 2756
3278 8776
8391 7502
129 2991
5104 2343
5616 5595
6256 967
324 9606
3475 2982
3769 1327
1911 1604
86 7187
9346 3690
9960 7768
9315 5296
8438 674
775 7707
7716 4010
6110 4526
6367 3590
5585 6708
9 1131
4704 2472
6286 6760
684 3795
5013 3620
1601 3675
9268 6891
9184 3109
6589 2163
5946 3594
3055 6703
7947 6849
7854 1369
6395 8872
6259 7899
9697 2942
8477 3383
5843 2824
505 8522
3706 9529
8310 5836
3752 585
8934 35
7832 7217
3910 3905
921 1665
855 5831
4744 9052
4923 4501
8699 3607
1179 1751
8214 8504
6973 4638
6432 791
1378 7755
4198 1478
4580 7423
45 6903
816 4906
1513 2790
5474 4272
9560 9881
5015 696
9084 5158
394 6188
1549 2402
6479 7584
2167 7672
5239 1774
1193 6618
5828 1812
5622 740
4281 6450
5441 3858
5988 8423
9371 324
1465 7209
7863 2459
624 1926
3500 174
2030 5049
1787 7282
5920 2191
6200 3392
5123 9140
7654 6095
9742 3404
8188 9402
2190 4109
443 4369
9839 1048
113 2052
5774 2515
2267 1375
818 3615
6492 4319
2766 622
6956 2872
3241 8061
3234 1237
2022 236
6855 4284
6992 7883
7411 269
3801 3826
3445 1313
1305 3551
2770 8757
3102 4094
7512 5017
7640 3964
1153 3415
2312 2499
7564 8235
1134 3395
5777 3791
9032 2095
987 5013
1575 2019
2062 1599
8661 9399
2063 9367
3730 6266
6314 9502
5004 2326
1279 2598
8046 9754
8514 5687
1424 8286
8780 2594
6654 6498
6935 6040
9161 1129
5773 9933
5283 3452
3676 973
1307 3971
6771 3666
1514 9623
7197 9993
8294 2697
4810 6573
7215 8067
1537 3054
4916 1697
3105 7594
6560 4294
1876 5032
9758 7189
9887 2534
9078 8500
4236 5755
7471 2728
3240 2292
1955 2659
1020 3389
8960 9114
9801 5798
5620 2757
7117 3596
6114 5851
9645 2842
724 5829
3441 2486
8474 150
6056 9478
6137 59
9409 8620
7255 8090
9895 1460
8554 9762
4883 5737
31 478
5667 7667
7366 1671
9235 7638
2530 3710
2009 5200
9703 5106
7586 4322
1352 6955
904 2858
9122 4836
5257 9592
4308 8070
6132 442
6220 5383
8007 1483
2211 7234
9734 568
784 949
8768 1816
1795 3522
6257 6521
2704 1985
3808 8207
8401 8451
7383 7622
39 1896
7951 8143
1518 3867
5360 3803
4415 1503
7855 4084
5926 4786
8689 2937
8594 8282
948 613
6088 7008
8969 7406
1311 4067
5855 3429
2324 4807
5480 2526
3512 7761
8086 8508
1390 2135
5815 9751
6320 8238
3317 6007
6169 2621
3558 2164
7933 527
3564 599
3541 1714
3233 6893
6734 19
7758 9373
2754 5453
8846 3540
2061 7608
5317 4861
4448 1042
4852 2435
3443 7196
8015 5730
1849 4875
3918 7581
6171 9649
7836 397
1738 600
5617 2599
9339 4260
1079 5394
7134 1324
2124 9817
7163 4536
7167 7689
1629 4475
3759 5601
27 4348
3236 3730
2101 8578
6567 6612
6198 8299
5405 2503
1271 8101
9735 3178
413 6886
22 1165
2316 390
4542 4436
2544 5374
6165 8193
2546 1734
2802 809
6013 5151
3936 9857
4220 2960
4962 3408
7458 6055
8497 8068
8001 9808
5719 1839
8126 9196
9393 2732
6521 6408
4977 1387
3040 5188
905 3907
2314 6189
6777 766
972 7692
938 1581
2682 8488
97 5576
9855 6833
4313 7597
2800 2863
9352 1792
210 7514
2064 7414
1624 552
7118 7466
2336 7451
1735 5181
268 5792
209 5475
7169 8984
6284 8985
7730 1914
1435 6399
6455 733
5077 1667
7634 1848
9225 7985
6488 9500
9360 1915
1177 66
7364 8010
475 3079
2337 3965
3314 264
595 7248
1032 7411
2783 5309
5986 1152
8868 7910
782 2059
5953 7610
5266 2518
7746 6508
3924 426
3169 6410
3811 6354
9125 7973
6275 9851
9337 3626
3629 3992
9031 3734
4960 3453
199 4120
9924 232
8804 4782
1222 8198
1336 3353
9224 9287
1248 199
1842 2103
2967 3179
9914 9190
7686 1907
2623 1164
5404 1203
8760 2914
3617 6580
2854 939
3209 3449
2193 4442
1054 3944
9516 4753
4701 3212
1047 4463
6387 1962
2926 8449
9975 2014
5764 7598
8386 5840
4403 6270
4931 6183
7018 7688
4659 2252
7207 9518
8302 3107
4649 1234
6204 2282
8530 3732
3530 7886
91 9030
1523 2255
9115 7548
1410 5705
426 1117
487 945
2504 3603
1142 698
1219 1869
2161 3064
8259 9717
9015 9189
3020 8376
1810 393
7875 109
5278 2579
1554 7540
8843 3235
3026 6307
5637 8045
3160 6946
9141 6335
7039 6140
5731 5783
809 9250
6903 74
4293 3413
6508 936
9048 9426
8232 860
4122 1176
1848 9611
8388 7130
3907 7480
9088 8609
8449 1940
1266 3289
8925 9150
1318 8133
466 9310
2292 3506
1674 6197
4806 9489
2129 5234
6174 256
3628 3170
1101 898
4441 6868
4531 2411
9523 3112
7387 3508
8057 7067
9481 9511
7405 7345
8835 6303
3187 9197
1886 5223
2451 1638
7277 8692
2265 2899
6309 2337
6210 8698
8710 9121
734 3108
2272 8098
6371 4520
1107 8744
9438 6153
6878 3290
4755 7674
9501 2665
9387 8013
407 8532
8409 2664
3655 6944
7706 9757
6392 7625
3334 9506
1176 7059
7929 8163
5614 9238
5432 8469
5646 2850
9570 6196
8478 786
6191 9523
5993 3128
4785 2359
6630 902
398 2631
6419 9772
1086 9895
4044 9570
6580 3174
5739 2535
8605 7758
6989 7619
9854 4126
3248 7471
189 4926
2390 4055
8723 5497
7802 9718
4932 2068
7325 2658
1249 3093
3931 7444
4166 1477
4139 1025
2981 2508
8042 443
2411 3390
7963 8393
7780 8959
2774 4065
2213 6503
8373 9822
7778 105
7679 7116
5335 2833
3872 4194
3919 8622
7711 2904
6934 3661
2603 8183
1742 1740
3350 7176
6442 2511
5845 9968
6020 6035
4377 3377
2837 6804
2189 3446
4671 7424
9243 4103
3497 350
2391 9632
7954 4420
1455 3985
1672 5414
7109 191
3794 7
8016 7353
6011 7879
4648 9599
4446 593
3000 5417
1197 5685
1803 5825
3837 4661
5273 1175
1033 5419
5540 270
7566 4100
8067 769
3293 2151
9075 3143
4324 1794
222 1965
7937 4019
3388 9612
9728 2806
291 8781
508 1825
1473 533
4211 5253
5019 3418
6378 5485
4522 3895
3049 7084
4106 7087
1480 1780
1805 9914
137 758
2816 8528
5941 8412
5632 1601
9157 195
2944 5700
242 5144
8850 3220
4264 7096
8078 8815
4205 2670
4907 1159
8901 228
5839 1500
5658 9110
3529 5125
1646 7560
9671 1292
8847 4769
7329 691
4747 403
1669 9889
7301 2050
2830 8417
8467 4825
7254 1412
1591 53
6352 6682
9809 9682
9123 3612
563 5538
5579 2777
2244 3330
527 7628
7554 6369
1210 4851
1018 4736
6480 6713
6450 591
5285 4218
8359 6991
1553 2139
4101 225
625 3635
9012 2083
4076 2239
2569 1806
4527 9999
970 6235
1956 537
293 7327
8254 6904
9843 5230
2132 8347
2700 5201
4203 4372
8338 7033
5302 2315
6231 546
7715 5907
6612 3090
3983 6281
6188 7001
3109 8357
697 9538
9464 5344
789 5099
525 5827
7416 2619
3002 1486
2924 5709
8618 6557
6513 8431
6008 8313
1462 719
6986 4803
521 2190
9296 6740
191 8850
2317 6654
7824 4058
9460 7862
2902 5210
3683 4227
3327 8461
9139 3468
5981 9337
3917 7784
8991 3301
9215 5274
2320 455
2620 1104
9193 2531
3658 309
2223 7529
5607 2344
5246 2186
1754 4770
1653 3008
7015 5178
1682 7532
9036 8211
6037 5898
479 2149
7012 100
2378 8715
52 7751
5519 7276
197 9661
1731 3275
422 4359
912 1636
6998 2509
9133 2754
3122 8435
8377 3906
2485 7023
1651 4416
6049 9294
9757 305
7400 3922
6963 1010
5723 4353
964 2355
8741 6401
5180 6301
6621 4350
6268 4217
9324 9027
3955 616
3309 6870
3798 927
5459 4232
8048 2646
1071 3450
6224 5413
9655 6070
9608 1123
3091 6626
7454 1413
2187 1110
7871 5354
5717 8378
2344 5564
2824 4431
5541 6192
6435 619
1154 8566
3622 3942
974 6761
3476 773
9178 5578
6649 507
2657 3005
6772 4508
8412 1537
2283 8026
6090 3859
1976 9696
1476 5926
1260 7006
2289 1770
1820 1818
1442 3225
2380 8610
9603 985
2687 954
272 3240
3221 7848
1203 8028
670 7742
8349 9206
8894 219
7067 3346
4360 7452
40 3066
1250 7107
6129 8338
4030 2397
4419 7114
7956 4668
4134 1140
4819 9554
4984 8484
5434 2188
7723 6667
4425 9470
3473 8963
5332 2698
3507 4102
8117 1545
4127 5369
2993 1360
8965 2737
7705 8628
7865 16
1510 4206
4405 4562
9505 925
2675 2891
2712 3385
2988 1536
3283 8696
6628 6145
2277 6742
7355 7024
7388 4382
1151 4429
3524 7063
750 3116
3254 5906
5211 4245
3153 516
2549 9348
8761 2650
7545 896
1924 8115
349 3263
4716 1404
5043 4793
5914 9860
5007 1449
7678 9547
8279 9687
4662 2453
8676 3597
7363 9109
7779 3344
3647 1974
1256 5379
6744 9406
6 3999
9264 122
3157 9033
4748 6582
640 853
2994 8571
4392 6064
9695 5143
5556 280
3613 581
1228 9767
7878 7073
454 7359
2203 381
163 6994
3386 3660
5515 8
5698 7492
8808 4723
6545 6386
4330 3486
7180 9701
569 3043
5148 6781
8261 9292
8177 5376
7396 95
9524 2330
6112 7536
2106 6456
4927 1987
9913 6124
2624 6568
4031 1418
5318 1831
8082 8514
8445 8623
2040 2761
5594 8589
1539 7994
4042 5004
8826 5760
6805 9664
7107 1329
6791 4447
9601 2704
4682 7490
4951 5496
4246 8505
1236 9526
902 6157
582 3712
310 9089
4791 5146
4768 2981
2473 5749
2135 4441
400 1566
2932 828
7558 953
7306 26
7249 7099
5782 2603
8173 7252
5455 9474
2374 6986
2843 7904
6252 5787
1457 3805
7046 2634
8368 6148
5364 5766
9419 7117
3765 169
2872 9293
6991 8820
9412 161
7677 3642
8510 2377
6566 8607
7371 9185
6349 4900
8481 3937
1790 1378
1501 8287
8522 140
8029 799
9691 1662
4022 6204
192 2229
8489 4238
3136 1661
2065 1133
9930 9819
4534 2972
7994 2093
345 7455
7922 3440
9792 8847
6543 7030
8070 7891
1397 8206
4298 9275
2604 7356
5233 2885
1579 5993
8110 2333
9717 5286
96 7913
3709 4192
7375 9503
6749 279
4091 6694
4215 8883
1783 3776
9707 614
6834 4478
5844 4023
3073 5476
4917 8075
8375 3977
833 2577
7267 1303
9832 2752
4299 6293
6743 1655
2082 1253
5223 4521
9101 2750
8035 5432
2590 5999
2759 729
1289 7198
8133 2576
8089 7401
2873 1571
3456 1261
7292 9429
181 388
3454 6926
953 6187
4089 5103
7792 3893
1572 54
1315 8099
6497 1054
3901 2410
8845 8513
9221 6592
3854 6793
2893 4823
5361 1364
3075 1293
5163 9577
9431 706
5236 2399
3064 657
6329 5160
8238 1098
3184 6215
3982 2222
2525 2285
5081 7753
1100 8422
2431 3493
1913 9477
2278 5257
5883 5279
6073 1185
2691 532
5167 2150
6496 67
7523 7296
5354 7872
4627 8147
270 7746
1103 9139
8305 3993
1878 3519
2877 5464
9238 9708
7065 636
3913 1517
167 1637
9334 6756
9116 4768
7971 7251
5281 3221
637 8303
5125 3181
4185 1551
9889 7836
8389 3311
5066 8456
4578 2810
7727 5922
4726 6170
8922 5404
5457 6885
9842 4909
2839 2034
1180 983
7402 3743
7082 5237
2519 4531
9042 7387
6541 3105
4391 7147
8653 5741
3342 3975
1919 2120
375 2189
1482 3419
5075 1214
1460 226
3311 1843
9800 3861
5051 2079
8155 6747
2304 3104
2729 1579
5559 4937
9423 7373
7434 6
7728 8194
4855 5928
8097 76
136 8403
5604 4588
6530 9054
1313 7261
4978 8562
5168 9624
5124 28
7821 7506
6766 2855
5520 9146
7257 1735
6120 9053
7798 1556
3298 2573
8664 3018
9294 4787
5633 5932
3084 8805
6509 4438
1975 9980
9446 9967
5334 8926
4336 5061
8633 3216
7594 6980
3732 9580
9957 9652
9606 6106
6637 4583
5469 3464
7024 9551
8328 5140
2400 5135
5730 10
2513 1580
127 2281
2884 8402
689 9492
1925 115
5970 3817
6206 9068
3352 6085
2460 1006
5664 3624
5954 6441
5 1872
6489 3313
2571 9071
5661 4984
4666 3169
4911 2559
4278 1827
2938 1619
1623 2592
4172 2085
4929 497
2114 32
8609 1992
7570 1323
2578 1190
7692 8553
8570 8007
6247 9641
7141 4289
6144 7698
5289 4540
3747 5550
9675 4333
4318 137
7642 2828
1199 9244
3021 6774
3896 3091
6517 5608
4259 5345
1830 8722
8289 6351
6848 4925
8145 8837
4434 5173
4672 5764
4314 5240
3689 8035
3012 9683
8488 4166
4251 6347
4481 4969
845 2211
1374 78
3651 8675
269 5559
3976 3348
7084 6150
9892 2724
1468 7436
4028 384
685 1422
3704 1590
2413 8477
2674 1367
4925 1437
3678 7566
9845 6676
3861 1417
3701 7077
2565 1578
73 8464
3764 2290
6776 5338
1400 2681
5109 9123
9179 483
1918 9706
671 3329
8226 147
5248 7391
2806 1381
2753 9572
3963 884
9751 6988
412 5440
6750 6770
2387 4297
4082 108
4486 6488
1892 6018
7978 229
4383 5337
3490 6777
3624 7775
3464 9600
2039 6695
3604 3790
2995 7021
1412 1074
7390 1174
2818 1349
8418 6874
5375 4828
1681 8642
5253 3219
3810 7495
6895 6479
9745 5950
8791 7587
9448 1516
6044 7344
911 7155
498 968
5908 4279
4690 22
8278 1376
4408 8120
5745 2133
3140 8186
4206 787
7219 4110
1932 7515
9053 5186
6811 4072
9772 9741
9401 5872
3053 9355
5027 3640
2631 9058
7984 6954
6579 2861
2268 2482
4971 4677
7777 1901
7649 83
2219 6424
25 9408
740 4834
8840 2376
5403 4532
1737 9759
5463 5874
7398 1392
8113 1199
9231 3547
1999 7169
7537 1085
9962 9029
5485 5086
9318 826
7660 9838
7385 5131
7073 7190
3902 3000
3873 4389
8433 222
7029 1548
2662 4916
5376 3524
5076 457
7774 4280
5759 1041
4085 6368
949 255
1004 1070
9556 8831
5497 6915
1843 3515
233 8095
9171 1105
6447 2468
6656 5690
6319 7294
6208 3802
6953 4776
1104 1976
6680 5415
9684 7350
5891 8082
5793 72
5176 6787
2015 1624
301 3611
1711 2006
1130 6671
1663 5542
4555 1336
2081 4430
4176 7179
4126 1065
8272 2408
3656 151
926 4772
3578 4651
322 5527
1538 2082
5729 9810
3648 9211
9117 6657
2011 3285
4872 8425
3695 6164
9483 5193
1520 3294
8 3281
2577 539
287 4209
664 4818
874 9663
1671 6403
4877 3133
5475 9404
2453 8370
8715 1615
60 7578
7033 5651
6383 6908
5048 2334
1354 6743
8093 101
6816 260
2021 3854
6103 3984
8208 848
9917 759
7846 3974
3938 5035
9631 9643
8517 543
785 2743
9731 8220
2677 3788
2179 8096
9826 6979
3642 5973
1512 9126
6288 3782
3565 8471
6338 4758
6865 5696
3659 7253
2905 3192
5710 673
4607 8648
8559 2949
5960 5177
2369 5194
1243 7365
2478 6089
4480 852
9576 612
5061 4656
5918 4256
9630 4623
6218 3248
9063 9948
8555 40
6695 3012
9550 7027
7597 8997
1781 6718
4615 3284
5705 2235
8333 583
2329 5064
757 7010
8364 8767
5681 9472
6098 2640
3027 5535
304 9725
1021 6047
910 4020
38 8934
1712 1595
4842 4076
244 5145
8807 4603
4498 8304
1957 6575
574 8790
338 704
4910 2011
9629 8987
4428 6014
8366 4886
4494 7271
2952 1779
3331 5955
1533 5637
6611 6239
7672 5784
9507 8269
5448 7626
6321 5356
1132 9281
5750 1708
8330 1359
12 3870
1063 3818
9882 9155
4987 8538
4600 2070
344 5332
1427 9536
3011 6084
5228 8637
9521 4998
7975 1109
3589 2388
1220 8690
985 4696
8880 4496
4114 7343
1618 3124
3768 6525
8505 1100
306 806
2396 61
9469 5468
8072 9627
250 8343
9736 2745
8321 7547
3929 2741
2957 4903
3264 7309
7023 3355
5450 5990
7450 5212
3212 4567
4998 992
431 3570
1648 1960
9970 6741
7076 2325
5498 4002
6215 5425
1516 9059
4115 5026
2859 6965
5337 5208
6557 3316
2224 8546
4098 8104
3289 3738
5141 8748
5900 8439
6459 7613
3923 3407
2472 3227
2194 8128
6105 2604
2676 5490
2639 7072
1706 7109
2452 7464
3911 986
5263 6576
9976 1802
4602 8109
4118 4056
3893 6415
7143 7776
3994 6746
2303 5183
1900 5920
6703 1744
4288 5743
1326 3575
319 5205
9586 4873
1508 2005
9679 9105
2352 9012
2341 9875
369 4117
142 6825
6872 6914
7958 8490
7934 4683
3708 6637
6565 5248
8685 4186
4803 6290
4090 6729
9812 6063
7552 1128
3003 595
3870 2738
8996 6091
356 4234
7544 8951
7738 138
8075 7668
1638 7056
3696 3671
5766 3625
7578 9603
131 9655
8903 5945
2523 3573
4043 3011
3089 2426
1112 4176
3158 175
2115 1436
6353 8921
5210 3372
7902 2372
1212 3417
6151 1930
9493 3549
2450 4974
6798 598
940 1738
4016 9797
4020 6706
472 243
5292 7542
5306 2187
2236 9433
2531 8292
5539 4485
5683 2370
4964 6530
7652 2602
5649 5938
8572 3724
2499 9007
6362 8900
9331 1572
3407 7484
5204 3466
7682 5235
1884 1245
9769 7920
6135 1859
2866 645
8596 4555
8178 5022
9253 2046
9300 7694
2714 4587
7967 2605
1845 2701
8432 1092
2790 3185
135 3933
7404 3689
4332 9368
7438 8686
8729 6617
2086 8536
2125 5921
5749 4202
8207 6356
2389 4688
5110 6972
696 1049
8977 39
358 2951
7261 1355
4077 5539
5935 6109
6484 5329
7236 9302
1633 68
9788 7263
1264 1603
8895 6510
2370 4024
6444 9796
5089 3824
9627 5040
8538 7934
4442 937
2162 922
3420 8903
6902 7165
1089 5910
6100 629
9795 3223
5829 8518
3103 1512
6608 9832
8644 2420
534 9515
3065 7680
1426 2480
8545 2642
6737 3742
7159 1122
2943 4967
9167 3139
6192 8740
9380 4860
1166 5672
2614 4281
1080 2470
8053 8134
9000 4150
761 6628
2158 7229
1121 905
3177 1009
7367 5517
2782 1705
1494 923
6583 8405
1129 4201
533 1541
6115 1365
958 1061
2403 5333
6659 9878
9418 2341
9637 3917
8005 2110
6462 6623
6357 6941
2501 2862
9971 8489
4316 2389
9220 8085
8156 2091
3217 5865
7763 9811
352 3687
1312 1094
75 2613
5073 9781
3864 9566
3991 8626
8923 398
8994 2628
2747 7141
1574 4525
1822 3528
8736 1576
2315 6848
848 2412
7196 4958
2762 662
2950 2655
9767 206
5546 9434
8408 955
8621 2396
9254 2969
3062 8751
651 9674
8565 5116
2025 380
6377 8272
9200 2487
4201 4843
3405 6412
5493 2268
7022 9262
43 1870
3380 29
4024 3940
3072 3606
7800 8638
889 135
7048 5623
9292 9524
179 661
8763 5409
7797 4742
6343 2009
7384 803
9987 6639
5754 4036
2302 6013
6313 3763
7168 9371
9833 9842
3262 6324
6046 5225
4037 8599
9988 1186
5331 5664
675 3475
4753 168
4400 6757
5807 7152
7491 1232
2512 4062
4767 6518
2319 3065
6605 2329
9166 4011
8917 3877
1125 2714
9634 8327
6280 9931
3446 4188
811 649
9825 8475
2145 7065
7868 6943
3424 2528
5006 4810
5811 3382
3984 9716
2539 708
8938 9234
3322 5156
4242 9164
6094 7287
2615 4504
5810 2923
8856 5793
1385 2131
7451 8252
5687 1149
3015 9702
4015 544
8687 1119
1225 8438
9422 9826
1615 9636
9160 7717
5885 9259
5956 8969
8200 3586
1443 8718
6430 8863
5340 2036
1824 1151
841 9890
9785 1680
931 4210
7872 1419
3805 87
6366 3645
3305 5046
2680 5819
2388 5097
7445 8710
4365 4074
1182 9659
3789 3844
8486 2398
1398 1057
3310 412
6242 567
5827 2362
1784 3677
8617 2409
6888 6826
2541 8703
7441 7418
6293 3929
5383 5505
4131 4197
4309 6850
9149 3253
7805 3764
8167 5121
1920 9031
6310 5510
7005 5667
539 7267
7460 2272
4420 1682
981 4223
4983 1038
2358 6182
8065 1181
4344 9809
9879 9530
2792 755
8045 9866
330 2026
8119 9656
9571 3251
8011 5593
1910 7400
6501 1561
7969 7325
4559 6700
8006 2294
6452 7496
417 4493
2434 3812
1568 1889
5977 885
8966 7223
7311 4381
6364 4053
4261 4394
9595 4936
6819 3145
9319 9232
9778 9487
6936 3729
9232 3561
6945 7701
8148 6755
9240 1925
102 7754
2113 1044
7060 965
5381 2148
8539 5426
9333 4086
6524 2215
9852 9839
683 2287
6370 3535
3294 7956
7626 6603
4759 5541
5816 7850
365 2256
860 2936
3149 7416
395 9272
863 3754
1859 4837
8754 2692
9398 8708
3553 4274
195 8892
7426 2597
2955 5448
881 8588
138 5969
4601 8709
4054 415
4301 5912
3652 4395
8671 690
245 2656
2156 2920
1012 5763
3199 9594
5436 371
5820 8575
3088 8168
9554 469
4873 9835
8725 6385
5182 4981
8724 5100
3252 6480
3956 9456
698 9975
1368 1189
2876 5242
7927 1698
5516 6405
4296 9469
9876 3760
9986 7055
9064 4765
4980 1745
5394 2207
3438 721
9228 5324
7281 7821
9112 9703
9049 4890
6678 9134
2970 7088
2414 3457
1594 8478
5598 6283
6740 7895
2104 4335
6325 9574
2459 8809
3029 2200
1011 7898
1317 9855
8635 9654
9961 1238
7907 7889
2688 7831
1152 7637
2936 56
4567 2439
3463 9409
5895 6207
6510 5362
4782 2017
3138 5392
5496 9929
7090 4470
5119 2873
7509 3533
7575 2964
9372 5758
1899 3123
7690 4079
1491 5511
7943 192
6127 377
5668 5134
3920 9144
5164 8337
3869 148
9364 8888
6677 9831
1768 7817
9851 8624
4844 9784
6765 4927
9436 6065
7681 5141
3223 9345
5069 6355
9314 9849
9406 833
4816 2364
7237 3752
3287 1354
1989 3609
4653 6262
3183 4229
9619 5222
5736 5631
1642 4829
2205 4621
1595 2539
2323 1893
5560 1173
9378 2090
2616 3604
1285 4027
3690 3691
154 182
6186 4104
9578 5983
5056 1240
1969 5312
5660 9588
465 5459
7702 7958
9417 8274
6227 9393
6241 4001
7887 5263
822 3866
5279 6274
7209 5090
6205 3203
4774 3740
9567 6728
4573 1589
4100 3291
3378 391
5998 589
3019 5740
5689 8634
8982 499
1984 7002
9465 7907
9495 6062
6729 3688
9014 5720
3790 3215
1202 4644
347 5665
7490 160
93 5036
7745 4629
7178 5797
9068 9790
7837 8870
9599 8281
1865 6829
6181 634
5824 9719
3670 8699
362 4128
661 3331
2987 4156
4424 9992
6189 5843
5768 2774
5299 2258
5420 7019
7603 750
8713 2566
9931 9545
7497 3001
6995 7711
4138 6314
2928 3613
7747 971
5887 9117
2417 110
2972 3370
1247 1623
849 5849
9641 6485
2017 1670
837 4694
6040 7093
5264 8735
721 2415
615 8800
8975 3653
2233 4140
5098 9095
2772 7512
9587 272
2105 1994
3616 7338
3297 8395
9874 349
6431 8558
6788 5514
1995 8697
6790 1414
1428 6447
813 5820
3045 9036
4315 4412
9674 7585
350 6411
3785 1562
1688 597
8722 7892
6570 2490
9451 2827
2131 6152
6976 1474
5052 9973
116 5724
176 2217
7609 1602
7560 697
1298 8633
8023 5219
4165 7573
5675 3265
36 5976
7643 7627
9886 8707
5287 8441
4178 7447
9682 7044
5449 7820
649 1881
709 5028
2094 3868
6920 9306
2856 2311
220 7026
8064 5142
4348 794
4809 1984
4046 1440
9375 6407
492 2297
8811 2841
4530 8127
2093 9986
8779 8481
5899 9824
7231 1641
470 3114
590 7347
2210 6872
3104 1717
7632 8557
4835 1773
9152 6984
3586 2722
6837 5422
1675 4421
7036 456
6971 3614
4227 4652
7496 5411
6721 4989
5451 3356
2598 7031
2441 5750
3200 4029
9901 6601
8468 1177
140 4880
3916 2688
405 3662
3627 9191
5611 6230
5100 6331
5012 8301
214 8660
8337 1753
74 6449
6876 2812
8452 699
7006 819
6075 1248
8949 9485
6149 3674
3904 9008
5065 8003
2597 1695
6027 7195
6272 9101
3171 639
495 5167
3839 5504
518 6053
9107 6000
9093 9528
63 1142
3851 1532
5645 7303
8931 4417
9646 183
8744 560
772 4751
2242 8463
1903 4337
2463 872
1195 7175
9459 8005
5936 621
8292 5368
1717 9062
5685 5295
2570 5373
899 7170
1667 5270
3142 2627
8762 4026
9837 3505
5734 6596
6054 6635
346 113
3532 7288
4905 1690
6420 9876
6900 212
3506 761
8306 1967
5185 9042
9473 5060
3285 2112
4432 6268
4792 7050
8658 9335
6512 7025
4325 6160
6066 7434
2744 4242
2067 8848
7819 9893
1467 5531
5903 1060
2961 1811
7128 2894
4488 4007
4078 2940
9705 6039
787 7962
7861 7403
8180 2558
7633 9949
9103 5850
8659 2787
1948 6244
8526 3647
2585 9935
7830 9210
4635 3721
2305 2882
2763 6806
7225 8093
3934 4048
4363 6269
6640 3856
9549 5118
5347 8658
9168 5133
1459 8935
882 102
8392 385
5958 8479
3162 5229
5979 7346
9404 8409
4168 4143
7766 8083
975 6940
3605 5903
5265 6366
2218 8533
2170 3622
6042 7412
3566 5226
5801 628
3777 6519
416 1877
5339 6286
7563 7888
419 3910
1604 2653
6877 6336
5826 7425
4897 3644
6168 8218
7183 2423
1665 4119
742 7392
1751 8315
9806 9245
9396 283
2811 6712
4317 8253
7344 650
4150 2303
1227 9382
1996 9585
2128 4008
2212 4578
8237 6046
7296 5855
622 2726
1797 938
1588 4944
381 2001
878 7902
4230 2639
6121 6754
1800 878
8257 5695
3556 1934
83 8989
5486 686
895 9471
1110 3755
8666 1815
1252 542
8630 7549
7883 5382
5346 2540
6009 7157
4268 8363
9803 9010
8893 8890
2575 7781
3748 7604
7270 3756
5431 744
4952 9415
8955 3061
4598 3115
4141 9520
4086 2611
7181 3256
7794 2801
3357 610
8346 8038
2599 3113
7198 4014
7473 2126
1323 3542
3610 3928
7007 358
1949 1371
4277 1263
1131 7236
2372 6225
2959 1430
7008 8237
8983 8184
1732 7991
1587 9384
2241 2002
7889 684
3401 7161
7028 5982
484 763
6754 419
9972 7972
4879 3154
2945 3351
3265 8839
3280 9488
2960 1008
9204 2751
3356 9359
4219 7609
3545 3296
5523 7752
6139 8443
5709 2679
3771 2661
6595 5893
8970 8523
716 43
8766 2109
6018 8998
6957 3608
9175 3247
957 1855
3481 9677
4225 3381
3921 9430
6803 3023
3195 9885
6717 9505
8251 5077
2638 6607
7817 5058
7996 1798
5567 2965
7735 4375
2913 6232
2216 1903
2142 838
2673 578
7058 9357
914 8014
6727 8941
7155 9713
8249 9383
9565 4231
6415 4908
5501 5472
6828 4685
8441 7479
6503 3692
7043 1726
3715 6304
3626 4764
2654 4673
8297 8088
1576 3851
2184 2114
6767 5981
2670 4267
3216 5958
8899 522
4764 7467
7676 3593
9257 1346
2817 2015
7995 1908
875 9646
8335 7519
2442 9909
6347 2912
7989 6081
6472 7270
7164 2847
439 1921
9113 5807
4034 9977
2461 3695
480 6634
6391 2815
5135 5473
5374 9938
4337 4269
9121 1861
2077 3454
4048 8792
2050 3171
8443 3125
9025 3305
3880 9341
8115 9668
9188 7226
628 2080
5095 7770
3618 5592
966 665
2110 7266
316 9692
1481 3794
6490 8946
6652 3229
8044 9312
6036 4328
7133 2467
5267 4630
967 4116
4130 4633
4590 1052
9984 335
8247 7081
6707 7100
7316 1518
1801 897
5917 2476
557 4155
3008 9021
4280 8787
8654 8157
4144 1136
1359 8369
8158 5327
5957 5636
2703 804
264 7205
6062 5298
5923 5838
7162 5359
2482 9032
9316 3299
6846 924
1519 7702
6731 5845
6591 2031
8870 1389
8393 8346
4487 2897
9158 8564
77 8205
4084 6798
9808 2216
9190 6600
8276 1180
1181 1328
3694 5043
2685 5939
2051 1913
3779 9183
1966 9260
8105 6127
7750 1649
5571 3813
3113 423
6644 6875
1991 2124
5934 5102
735 8736
7577 3982
5529 9737
1870 6198
9054 2707
3720 2194
6153 9793
977 4549
7474 3658
3450 1909
1444 6595
9009 8025
9668 5272
9950 6814
7050 8907
5925 2764
8728 7485
130 2776
2733 4559
5738 1384
4499 4248
5040 7415
4260 7058
756 7951
5009 5355
4445 1192
1502 9073
3992 3838
6690 1111
3657 6430
84 5213
4285 2520
1782 775
7425 4258
2810 1046
1483 9535
6747 2421
6481 919
3555 7830
9199 8552
8157 5123
5997 4075
441 6278
6302 3979
1570 9870
5022 5666
8390 7562
5554 9769
3206 8965
1946 1497
9356 8476
4918 1201
9953 5482
7786 9003
662 1462
2487 5301
4558 2045
3940 7431
1620 8353
5259 3095
1486 4530
8403 5604
6086 3140
4510 9626
5492 5694
7217 3283
1217 6165
4556 7399
9479 7998
4145 13
960 7274
6590 6989
4640 5385
4533 4077
1766 9749
2734 8018
2933 8311
4526 8091
3202 6590
8033 4005
9453 9720
741 7249
5947 8506
2789 3431
8458 7712
5553 1216
1367 553
284 8944
3161 782
2923 6382
3879 842
7671 139
9081 55
1392 1570
175 8864
3032 6973
6502 7053
434 2973
2805 9332
3295 202
1608 7517
4935 3347
279 246
8980 5806
8129 9883
4192 6099
7378 6807
1542 3954
6563 4282
4196 2609
7049 7787
3793 9902
1721 1182
9904 218
2785 1037
7066 8114
9050 5780
2476 2130
5067 8215
5351 2723
281 6379
2351 5265
1700 459
5850 23
7251 2433
3517 4031
2206 7617
6291 5816
2057 8023
9239 6473
3711 4341
886 4939
2672 1845
5596 6668
2736 1509
9829 8129
7555 7643
6179 8351
3843 2331
1058 73
9303 6768
7665 7483
1555 1678
4355 6171
2052 2494
6893 8818
4565 5396
2946 9806
1556 3857
4564 3739
1162 434
8165 2446
378 3736
7781 2516
2567 5711
2222 7607
8815 9420
7829 6690
8822 9067
588 7691
5712 4808
3361 6461
1466 5377
9831 9748
4719 9873
8890 909
8801 323
6919 4687
9685 5675
9774 7773
5818 2906
13 2545
6655 5044
6584 867
9358 9418
1293 4608
9145 2497
5779 4911
8014 5689
8551 2918
4187 8333
5132 3548
9146 590
4697 5858
1373 3138
4831 6238
4135 9666
2992 1287
7105 3833
8663 5997
652 276
4306 6469
7112 4168
489 8166
2042 1087
3035 5867
5971 8885
4843 8782
5692 2689
9357 588
2632 8110
9552 7457
3523 1805
6213 1288
634 780
5154 307
4029 6677
3434 5386
5326 2501
6461 966
2659 2568
4467 2159
2966 5580
8404 2214
5199 9676
8985 7545
4538 8976
3218 7284
2886 453
4359 2166
288 8670
1320 4304
546 6115
1017 6374
5586 6832
7040 4950
497 4537
5200 4009
3461 8084
3261 5215
4426 9622
4562 7538
1169 9087
2008 577
3165 3631
4884 7080
2720 6444
9424 6890
7522 1448
8398 1529
4253 4467
5639 6731
4847 1724
5227 4872
9301 3070
3137 5772
1262 837
6639 277
797 2739
8419 1472
8601 7971
4173 742
3786 2062
7151 4741
256 8044
8475 1315
8543 2445
4922 2302
9920 9940
9159 2989
6356 8400
108 2802
1420 8029
4154 5915
2894 7690
5530 3058
6730 5019
2231 9088
9230 3957
7070 870
4904 1505
5666 4390
6607 6896
1120 2622
5217 1296
2014 8801
2346 8716
5769 3936
299 1756
458 3562
6806 5876
8485 2589
6961 475
9649 4845
2694 3195
7447 6942
3179 4788
9106 5067
2005 6619
1535 5446
1818 1836
3590 2677
5323 2924
7393 5537
7982 3388
3203 8573
5421 3996
7990 9705
3222 9046
9596 4021
477 1079
9461 1728
4563 3097
2177 7404
5886 3214
2146 1053
2667 9553
6384 2366
1684 6520
1171 2489
404 5885
1543 9744
768 7440
3643 9446
8837 5076
6161 1204
9415 8691
9432 808
9865 20
9821 8669
6670 557
2643 3733
719 6059
1253 5347
9236 9282
9823 1373
8034 7765
1935 1575
1936 9955
956 4278
1316 5451
1160 9476
6245 767
1548 1891
9967 7636
2903 7623
1628 7014
8786 6802
4073 75
4381 2946
9165 2177
7651 4564
1188 4965
5114 8397
2635 8877
4270 9270
7017 802
9332 311
4902 8112
1076 754
5840 6982
2494 3040
5597 3096
8370 5363
7500 6735
5726 6876
3394 333
235 3865
4783 4857
2408 7015
2989 1535
7538 7042
648 4358
5198 9289
657 1997
5238 3474
5423 7722
6376 8200
5928 6122
6176 3323
2230 2339
8884 1895
7880 1005
6170 7614
5031 3002
3852 5573
2176 1730
4191 5523
3085 8819
9540 2481
9487 529
4680 1567
2405 679
3224 8430
3111 7996
9029 187
4779 4601
7796 4804
3603 7482
9954 9780
6221 1264
2333 8293
3071 91
8248 9375
207 9844
184 894
5426 7173
732 4149
3718 4572
777 3378
7993 6332
7812 5835
7580 6252
9979 7321
1088 4339
8714 3176
1945 6460
9095 1254
9584 774
7536 6048
934 7664
5039 2400
6330 4664
4062 9423
3691 8060
7463 3531
7884 1648
3660 3062
3673 1943
4002 1942
1429 5262
2181 7193
9001 7111
8047 7505
1472 1898
8466 1519
3778 106
6882 7125
7057 3717
1715 6871
7205 7918
3957 6393
6622 198
3186 9181
2447 7815
7668 9253
8770 8666
2109 9214
8579 1001
5338 5068
7338 6711
3637 3960
1656 1657
79 1822
2435 5572
1804 5284
9282 3762
6799 9450
9026 3908
90 5980
1971 2630
6125 5640
2878 2119
1340 9314
5021 4966
2925 6655
8182 1979
6405 3360
7765 6898
1431 6553
9690 4996
7428 9115
4679 2375
1416 6433
2252 908
1607 7695
1933 9215
460 5187
4936 523
47 2821
5386 6020
2515 9165
6892 6419
8500 746
6648 6247
7801 5319
4637 1755
1267 4413
5023 2843
4472 6786
5205 5352
673 3961
6938 7591
7921 8388
7331 3545
844 984
5808 6181
623 4212
7078 5365
2580 7652
7391 2985
7349 9994
3933 9947
1726 7965
2298 5406
6055 343
543 2140
105 3148
7789 5722
8608 4059
2600 9034
6812 6334
1115 3618
5209 9997
2195 9083
6495 3916
9780 5639
5321 1945
241 5801
4609 5634
6718 624
5499 7265
1851 7677
8828 5544
8709 841
1569 3847
7553 7132
3181 1265
5106 1325
337 4763
3540 7510
9814 8902
5813 1031
486 3931
4900 7225
9553 6245
6889 9886
9591 1882
9340 7178
8307 9671
3562 9387
6916 2288
2771 7159
9155 1298
8161 4338
4718 1275
302 4255
8933 3643
4368 3302
2715 7310
3482 2374
5841 8535
1049 3074
1967 3399
3492 5501
1525 4942
9762 509
3410 9061
1635 8444
4202 9309
6600 2206
7320 9669
8883 6390
67 1558
9583 8455
2087 8956
8267 9670
3999 3386
359 596
5802 3602
6399 1618
3308 441
2690 4330
8396 8437
8058 2349
9174 4899
2096 8701
7874 7718
1229 6523
8573 6823
6887 1527
6026 9284
9288 2875
4713 7049
9623 9269
308 9099
326 8584
9543 4695
1297 980
9450 6425
9046 5190
2085 3071
5478 519
915 8635
169 7364
7092 3783
6746 4737
7619 6229
4967 7577
7444 1668
9069 638
2786 8795
4343 7743
5804 8300
8600 3924
6079 3864
8686 301
4869 8196
760 8835
7115 5649
7337 5005
8342 7574
2840 69
6067 724
467 1144
3838 9593
9980 5179
5395 1937
2779 8953
3509 8789
8853 1951
9325 4824
3229 4111
5011 3881
7893 8256
9781 9633
4807 4277
4097 6337
3569 858
1464 2274
891 9148
7689 3514
7437 536
5286 7374
4492 382
2297 9957
6111 6310
5809 3379
2693 3517
857 8682
8369 618
8435 9912
2424 6772
4056 6956
8159 569
3954 1405
1619 1721
888 4487
3277 2253
4686 2889
9073 7361
7102 1902
1978 5547
2875 2638
4684 3072
9307 6663
4370 6811
3326 5878
2804 1423
2980 7645
9582 718
2192 2245
9949 6221
8990 4486
7493 6159
8353 1966
8636 7385
7565 234
7380 928
2534 4035
8209 7128
4665 4230
8220 9356
901 84
5906 1693
2464 4593
3636 2990
3746 2874
6850 3819
5014 1625
170 4249
3120 6828
7973 2263
6544 6079
6983 4646
6712 6295
9033 6435
6940 5662
8040 7458
8629 6384
1136 1388
7216 3903
92 6730
6328 9075
4539 9990
9283 7700
4975 2101
1255 4611
4199 2219
1095 3
9624 8520
4465 635
2151 4870
3812 6417
1147 6936
9497 1284
5188 9913
6715 6738
9126 8185
9598 1350
7557 4144
7245 4141
7304 7659
3926 1067
4061 4775
8706 9209
9952 9952
9752 4831
5608 7341
5535 8778
978 6916
4485 257
1330 6544
553 7144
4369 4332
1836 5261
1094 5859
3943 9614
2407 136
5032 5698
4484 2995
9739 9604
1082 1056
1503 7105
8160 8454
8769 7932
33 7199
8000 5281
980 7804
3151 8753
1205 4821
6217 2654
1686 2226
6180 9303
8300 8502
282 4529
1283 9328
3335 9581
7909 9398
2483 1737
6981 1844
99 9906
1185 1916
6058 9416
1793 4858
8784 646
8586 4746
1944 4953
1135 3556
8270 1393
6248 7041
4633 1018
8889 320
29 4876
6101 8148
5868 9397
526 4500
1165 5441
2384 3565
6629 8629
1834 1101
8803 9621
8783 7811
3191 5342
2332 7011
4594 1743
620 5024
658 6490
1660 9828
6520 8947
2445 6482
3306 8170
3173 5719
4579 9347
2547 1498
8702 4037
4845 545
228 6017
5866 1972
3143 3292
4832 6538
2595 7823
9640 2830
9162 479
2814 3210
9108 7537
8141 7045
8316 4610
3083 7733
1593 4569
367 5683
8745 7766
5275 1280
548 3238
8701 3701
8263 7970
9648 5748
8448 8121
952 3589
3609 9991
4930 9631
7305 5282
9076 8087
8737 8030
8926 2424
5442 8825
1286 2241
3735 5841
9462 4935
5430 2413
7636 5217
8262 496
723 9989
2707 9642
6308 5243
1861 2938
275 5606
5224 2941
2361 2651
9252 6750
5581 3445
2557 2075
4379 3492
5214 2127
8406 6167
5753 3258
3185 6762
596 3237
357 4952
9916 4759
5805 3976
240 3810
225 2475
8202 3163
6178 8241
630 4665
8711 4071
7783 3035
1173 104
5353 8510
5937 9247
843 9715
4346 4312
7041 3201
390 8276
6306 8988
8677 8059
7011 3173
3548 9927
8288 5096
8935 1996
7748 9546
5161 2321
3291 8006
2196 9774
3018 9448
2956 9598
7121 8684
2725 1759
2364 5220
483 8275
1439 1352
9693 8142
2293 6049
5915 5609
7119 4310
3935 9240
4523 5375
4846 2895
6525 3433
3106 2221
5030 4762
922 6800
7013 935
2780 8117
5524 3037
4171 3943
5355 4384
2154 1007
4021 7182
4184 6918
5819 3541
827 8582
2228 4064
7946 9475
3219 7832
3439 7602
3952 155
1294 2280
5146 1722
829 7764
2457 3707
3300 9583
2397 8155
5118 1594
7111 5995
4129 2278
4050 2067
1194 9827
1853 1011
9148 9111
9186 8853
7089 1027
7892 5745
1627 6275
6260 4514
238 9038
8250 5454
3939 9100
2117 7380
6023 6191
3634 4901
1001 2684
7976 3727
265 5057
5310 3142
8387 1803
3876 1542
2469 3409
1133 6037
850 6090
3900 1741
2204 3863
8776 2118
2107 6056
5693 6869
1430 2491
266 6992
973 5671
2479 2530
502 2910
1040 1250
1616 5479
9541 1030
429 8103
3510 7013
2881 188
7986 9755
9500 3180
161 3217
8929 8711
8021 6641
3313 7426
7131 604
1589 1348
5755 5814
2858 8255
4416 9771
1062 5588
799 6416
597 5887
1123 8511
3606 5346
4775 92
7264 716
6212 2464
3392 3276
7412 5914
8998 6427
3995 4317
55 45
991 879
8616 4342
5847 6088
6427 5357
1584 3315
8487 6776
3108 3988
1452 7649
7009 7254
1928 715
5427 386
1337 9617
8460 2028
8602 2434
9083 2593
8963 8869
4175 9427
8026 771
3092 5729
2001 2448
341 2353
1168 2542
8512 1685
2912 8772
5889 9582
6225 6265
6539 10000
7521 4401
7869 4347
7001 7293
9051 6797
9110 9400
5144 3680
3756 4543
9191 2097
6267 7580
3316 9871
2885 2212
1019 1302
8012 5674
247 3432
471 6193
445 685
3044 9195
2699 4848
9729 6688
9824 5943
6360 1513
550 5083
6769 5528
5744 4566
1811 5668
1631 2176
6647 8199
4195 7884
9866 2452
2367 807
7436 319
4279 3349
7953 2931
2573 5630
4548 2925
736 1224
8024 7329
9258 1817
7638 5968
4292 6288
8862 6128
9730 9361
8697 6272
3382 7297
120 5946
9632 3702
1796 2901
9650 2254
115 8597
7465 5108
4667 4293
5096 3443
2968 2371
8849 8689
7695 2477
4702 7127
5358 1650
5026 1132
4544 4715
9991 5111
7317 6506
3433 5655
9452 6172
3557 2471
4723 6248
9911 2734
2290 1828
4209 2783
5537 5777
3539 4524
4954 8659
1314 5818
2723 5291
6216 3485
4717 4444
9811 4923
5912 526
6679 978
9862 9709
5384 2336
647 6363
6911 5331
8721 7268
3182 8632
5784 389
3744 1883
64 5136
7770 849
9271 1206
4545 340
6001 5109
9427 5951
9647 1047
884 6465
9893 4867
9919 5688
1358 6878
2335 6791
7051 4158
8806 3825
3750 811
3738 3773
7768 7995
5653 2947
4938 3447
427 4791
4477 5305
788 987
9875 6672
1230 822
3323 8616
3841 2992
1909 997
6534 632
5901 9444
9611 5290
9194 7323
8063 9346
6635 3780
2026 1432
5385 4239
1425 7102
243 9076
6159 5779
1170 5008
100 5287
8055 6073
1335 1894
1808 157
8577 9090
8675 9778
4213 5558
6401 90
1187 7658
2470 4675
4912 7135
5913 2141
8678 7281
1744 1787
9213 9662
4147 6835
8692 1980
9458 2758
6274 8442
3625 2094
6033 5782
847 981
679 2209
8357 4199
4286 5570
1767 5940
9557 7312
9819 7335
4625 1353
9131 1183
567 1150
6831 5002
5592 907
5243 2555
5778 6251
6631 4582
2255 1920
71 4022
162 4154
4656 7192
9939 6923
5715 9901
8817 5585
5927 6477
5398 6277
8592 9724
5468 5466
1296 3121
5574 3530
3800 7036
9912 777
5196 4739
3329 5315
7687 4581
946 2633
2237 8385
7285 4492
4708 2834
2681 2892
4217 5072
4133 7605
2208 1334
9394 9739
4956 5520
870 4473
5366 9964
5343 964
6526 6987
4612 4616
5362 1593
6015 3874
6381 1244
6440 2030
520 571
9699 8407
4829 4069
285 3319
9255 3152
8748 2845
5000 1370
7136 2586
4436 6960
9771 6043
710 7826
5330 5380
9385 8677
733 9376
8941 3668
6348 1865
7917 1267
5193 9615
1917 3650
7940 437
821 1524
1495 8755
5249 9510
3355 5370
4651 7980
3834 6349
7857 7639
1105 6969
1087 2994
2438 6373
2074 7355
3686 5138
3570 1463
8079 6771
6465 1864
2345 7162
3246 5736
4521 4198
307 9285
4284 6966
9946 3744
7083 1514
995 5832
8637 8111
4429 8586
2159 4406
1216 3947
9992 5881
2108 2111
7820 6587
529 4889
2608 4592
5884 8258
8318 6504
8030 4017
8652 6867
702 5691
5183 9318
4311 1495
8805 1382
2398 8071
5942 3723
8198 8867
6443 5975
6572 3872
8566 682
3537 7948
2767 3047
621 4624
4186 6025
425 4240
5388 2167
6456 8858
8036 4435
4473 4004
5716 3367
7132 8041
616 9689
6667 6678
6568 3155
3395 8254
8365 1694
8153 6999
3408 2709
8423 2536
4703 9428
5201 6133
8017 2020
6269 501
4233 5534
2140 7572
6787 9248
4347 7299
3528 3605
746 5627
8225 5556
880 5207
7913 2383
3719 2959
3962 4931
4149 7395
1395 3559
2264 4994
2607 1126
7648 1020
8495 1762
2941 9208
774 1874
2554 3550
3061 8592
8143 2869
983 1897
7171 5269
6593 6422
8050 5509
6124 1004
7176 7104
611 3987
7502 8585
2500 3120
1694 7300
6390 7070
4529 6805
4966 3718
3059 217
1242 254
500 3044
1167 620
7464 2317
4893 1200
8381 7721
1970 4921
2927 4697
8580 2379
3788 4527
9678 227
4177 1950
1259 1138
3773 473
1759 2979
6535 4585
6581 6919
2477 893
5272 8973
9577 2361
8524 4270
5833 4366
6389 9966
9822 4061
8493 8916
4811 7785
8795 6240
1622 142
6880 2814
2419 6858
2097 7171
1640 348
5762 3394
4541 495
3198 969
9477 4962
7838 5567
6351 3059
8727 6202
9753 6125
4182 1749
6661 7422
8591 4869
1233 8389
7427 9675
6295 6827
656 2958
4361 52
5700 6116
1564 297
1915 6562
8932 8011
3594 7211
1831 8874
2377 7142
5882 1970
4438 810
3155 2081
6716 4404
8667 5127
2467 3930
8252 2032
4997 9879
8824 9830
396 1257
5047 7090
152 3904
3013 2735
3400 1321
2285 9694
3442 8725
7864 5241
7052 730
7582 8746
3066 6790
4949 5271
4226 1801
5504 4820
4654 8954
830 7974
2286 4957
9434 6233
7042 642
8060 9743
1015 6041
1091 6985
3516 7961
7815 1706
3488 2392
2990 3403
6965 1471
2023 4174
5629 2061
7481 823
1065 452
1689 4946
4174 3884
2562 5823
9140 98
8642 9436
3126 5410
435 5095
442 4180
155 5112
638 1521
5122 1647
8068 5003
1157 1114
3125 5799
7457 3923
3340 485
1046 1530
5216 492
5090 7028
5177 9112
9147 9454
1950 9372
6223 8243
8309 7855
3423 7868
9077 299
8074 2682
4996 4717
8886 2107
2280 8372
4595 176
4606 8793
1288 2983
6814 6138
6706 331
7323 2565
5713 6357
9694 6342
5271 5560
4592 6296
9710 9915
1477 8322
9755 7508
4244 8982
2642 355
4248 8102
7587 6818
7876 5842
9413 2753
2133 5536
1685 5297
6753 6976
109 5961
4444 647
3413 4313
4057 8774
1155 3746
4736 8650
8979 6082
3840 2848
21 9207
1634 4523
8557 722
1246 7553
4300 9377
5071 8859
1379 2950
5821 653
4965 2572
7289 8280
6278 8958
6514 8917
1817 1547
1072 8277
6604 4307
5580 788
5363 1309
1926 9854
9861 8047
8472 4042
8560 8943
9529 3681
4999 2264
6012 8268
8320 1622
6733 2223
6416 1727
5931 5029
5893 3242
7282 737
6332 1568
6950 4175
2311 2532
3429 6094
6160 8731
2256 5809
4221 5277
3402 2691
8151 7914
3611 6100
5041 6292
9754 9544
6598 9120
8407 3350
9909 5341
9343 5583
7238 5713
252 8555
6923 3835
7309 1339
9609 6958
6899 3188
3620 6151
613 3564
2964 7923
6885 8260
8269 643
6445 9016
7433 4178
6962 5781
4688 6276
4418 1260
1578 8647
5156 840
3152 5582
9857 9497
4290 4951
2276 6739
5305 8419
6253 5391
8569 8545
5145 2524
8703 4462
6904 4777
6578 2943
2849 8811
4700 9438
5178 9930
6237 9413
2000 6917
9276 6333
1303 6824
2200 8153
5938 8977
2559 4169
9722 6892
6478 9330
6705 1454
5005 4399
823 6102
4160 2312
701 7273
4356 2313
3536 1888
4825 2999
7069 302
8440 9589
568 4615
7983 7206
3197 5020
8108 1786
3354 3990
7965 3532
969 3537
2655 9439
4482 8056
1998 7277
4123 5465
1693 4887
9262 2105
3906 8341
177 3798
2493 6044
4033 3175
6070 8040
9187 8992
9066 609
3498 9461
8139 8162
9274 1820
795 5048
9572 5837
8694 8164
9702 7982
1163 972
7804 6168
5017 7882
3360 317
8885 3588
928 693
6239 2153
4457 2463
8502 1362
4721 7333
9016 8498
566 3245
2637 2161
2641 2029
6755 5833
9355 2322
9390 8771
9490 3458
249 7828
1013 9924
6369 451
3974 1427
5950 4752
2308 7814
7739 9467
2751 4980
6689 9381
6193 4509
1382 200
2572 400
3820 6625
1084 6792
8314 5936
3430 8936
617 1064
2901 7383
4833 2595
5250 8383
7572 7603
9263 1654
406 4165
464 9941
4899 7975
3210 3925
5792 911
2769 9922
5798 6620
82 8663
363 9370
858 1029
5324 7302
5371 2765
5648 5439
6196 5929
3674 9107
3582 1380
2462 1279
7480 2832
8619 9122
5735 2345
4462 6948
8615 1124
507 9695
846 7735
6851 6137
5643 8240
9905 4300
1389 714
936 7870
2522 1281
3351 3572
4986 5150
8447 4424
9926 1679
2634 6409
8688 7348
119 6571
1902 7829
996 6377
2209 374
5974 7489
5770 1062
2991 9630
1931 515
1463 6372
6949 7942
8255 2916
7072 6863
5610 9540
944 413
7156 8851
2130 9710
5206 1285
909 8453
392 9894
4630 3332
1244 637
714 17
1707 4637
2984 3226
8879 1977
5476 5399
1530 9093
2919 9457
8291 4538
6719 2839
9237 7449
5506 4568
2178 6610
5115 6974
5140 8126
4241 2716
2080 433
7283 6753
7431 4437
7192 5480
3960 4286
6246 8852
6810 79
9908 6271
5978 8823
5943 4515
504 242
5966 8547
1014 1171
3705 1703
8284 166
5525 9486
7551 4264
2260 6566
7772 5732
3596 5430
37 2616
7195 4700
9287 8265
5341 2800
8657 3412
1282 3539
1727 7136
8902 5774
1489 1631
6710 7959
2446 5930
1547 4550
7356 9516
3220 1395
8206 2878
7972 2466
9625 3373
4339 3279
6908 5457
4069 2811
5704 757
4937 4551
6643 9550
7717 7339
1645 4826
2056 2662
7275 5516
7814 8306
5507 5815
4352 5403
5562 8721
6185 4326
5304 1961
2044 1069
3572 5822
7321 4660
5316 9996
2075 4522
66 8291
3414 7370
3156 8009
7961 9610
7324 7656
9985 5933
7866 550
8354 3683
4841 9136
3959 3089
9994 5053
8120 6021
1534 607
4915 8219
556 7396
6683 2512
9246 4744
329 6234
2157 6658
6966 1461
8908 7212
9389 2162
9642 6638
898 7493
6177 7783
8203 9807
9518 4990
9219 678
5084 4290
9180 4634
5688 2820
5165 2484
9749 9868
576 7963
8987 4345
5344 8861
6518 4806
6849 4476
8211 3584
5787 9565
5349 5128
6197 2498
9061 8223
6400 1184
5464 7779
6271 8572
4409 7554
4328 6822
276 3828
2138 534
3282 2502
5063 2265
4947 7389
9363 5155
584 9125
8446 4987
5020 1863
7696 1555
1937 4728
7148 6434
9429 9481
5369 5163
6609 4505
6460 6837
7172 1012
1527 2623
1506 7646
7233 9065
5955 290
6375 994
8623 394
2421 5658
8802 2492
4468 6997
7579 681
8712 8605
9708 4068
9310 8724
6824 1502
3781 5625
2850 2013
5800 5770
125 5498
3846 1158
1324 1241
8919 5039
7213 3118
1304 9891
3829 1917
7810 356
6428 6650
7379 6015
8778 5669
6423 9296
246 8416
9289 3598
3284 900
1451 7413
6975 3632
7094 4645
9354 7497
5315 2038
5399 9837
8183 2793
4724 6423
3862 6959
5400 7120
9676 4712
5297 8739
2036 9200
3208 1481
5064 1154
183 2755
800 4419
2425 8171
5033 4671
8402 8667
1478 1800
7736 3883
5365 5500
3867 5268
923 5165
9285 5460
211 6679
1962 8316
4941 5642
2592 891
1662 7858
6059 2911
2563 4235
8945 3807
1829 2660
4461 6543
7056 8135
984 7461
4642 8554
4222 1033
3737 7880
1064 5051
2488 2172
2188 1982
5860 2063
8218 4907
5959 4708
3965 2996
8331 3655
7593 7269
5226 178
451 8570
1794 1723
3699 0
868 6854
387 7590
6089 3384
9727 7354
681 7207
6214 8587
7336 5093
3082 8113
646 1193
9884 4626
2033 829
9659 439
1583 4841
9132 9681
9661 6744
2606 1584
4489 5765
5832 9192
2149 4817
476 119
2503 7543
2251 8000
5837 3546
7533 3583
3681 6727
7529 6834
2257 1312
3700 3262
1438 6289
9741 4445
2409 420
5881 2588
7206 3837
2029 296
1198 2864
2288 9750
7761 235
6821 3796
4386 7306
8135 7237
7358 8367
5623 7166
6339 5897
7873 5804
6723 8073
871 5203
2732 6751
2365 7555
384 1955
4870 4449
9594 5892
726 3966
6759 9411
9013 7616
3568 208
751 2552
4431 7336
5445 5917
4617 1278
9947 144
3608 265
644 7143
4136 3697
718 2541
5669 5817
4208 6298
7646 6344
3131 5880
1351 1630
5429 2247
8928 9563
9724 8655
8464 8773
4735 7304
1982 831
3504 7860
5724 6536
3330 5607
4234 1299
4071 7340
5603 327
2958 8054
2576 3768
759 6570
9922 669
9622 5879
4652 834
6675 2881
5152 9466
3070 8923
9813 4139
1885 9015
262 3222
7550 5673
6063 2813
9329 3663
1175 1776
4593 7989
8025 5890
2645 5434
8454 6526
9306 3336
5684 3581
4988 2018
2870 7650
3406 3879
2306 1103
8028 6320
9381 3434
9444 4917
6681 3084
7235 5335
5467 9277
5549 9005
4047 8810
9072 3878
2100 4129